-------------------------------------------------------------------------
TPs satisfied = 174; Total TPs = 211; Percentage Satisfied + 82.5%
-------------------------------------------------------------------------

-------------------------------------------------------------------------

EVs

-------------------------------------------------------------------------
--------------------------------------
EV1
--------------------------------------
Num TPs served = 52
TPs served = 236 249 356 405 1196 1493 1644 2046 2327 3029 3044 3046 3172 3576 3749 3803 3842 3853 3894 4163 4298 4772 4795 5625 6159 6288 8554 8869 9509 9800 10923 19280 19947 19963 22054 23856 25077 25358 26477 27614 32688 35535 39919 40388 40830 41900 43889 44680 45623 45979 46786 49201
Total energy used = 100
--------------------------------------
Schedule:
0 452 915 496 915 496 0 0 100 100 0 452 0
452 452 915 496 915 496 0 1 100 100 236 32 0
452 453 915 496 916 496 1 0 100 99 -236 32 1
453 486 916 496 916 496 0 0 99 99 0 33 0
486 487 916 496 915 496 0 1 99 98 249 32 1
487 488 915 496 915 496 1 1 98 98 0 1 0
488 490 915 496 917 496 1 0 98 96 -249 32 2
490 673 917 496 917 496 0 0 96 96 0 183 0
673 675 917 496 915 496 0 1 96 94 356 32 2
675 681 915 496 920 497 1 0 94 88 -356 32 6
681 742 920 497 920 497 0 0 88 88 0 61 0
742 748 920 497 915 496 0 1 88 82 405 32 6
748 749 915 496 915 497 1 0 82 81 -405 32 1
749 1184 915 497 915 497 0 0 81 81 0 435 0
1184 1185 915 497 915 496 0 1 81 80 35535 32 1
1185 1187 915 496 915 496 1 1 80 80 0 2 0
1187 1187 915 496 915 496 1 0 80 80 -35535 32 0
1187 2085 915 496 915 496 0 0 80 80 0 898 0
2085 2085 915 496 915 496 0 1 80 80 1196 32 0
2085 2086 915 496 915 496 1 1 80 80 0 1 0
2086 2089 915 496 915 499 1 0 80 77 -1196 32 3
2089 2607 915 499 915 499 0 0 77 77 0 518 0
2607 2610 915 499 915 496 0 1 77 74 1493 32 3
2610 2612 915 496 915 496 1 1 74 74 0 2 0
2612 2614 915 496 916 497 1 0 74 72 -1493 32 2
2614 2867 916 497 916 497 0 0 72 72 0 253 0
2867 2869 916 497 915 496 0 1 72 70 1644 32 2
2869 2871 915 496 917 496 1 0 70 68 -1644 32 2
2871 3589 917 496 917 496 0 0 68 68 0 718 0
3589 3591 917 496 915 496 0 1 68 66 2046 32 2
3591 3592 915 496 915 497 1 0 66 65 -2046 32 1
3592 4134 915 497 915 497 0 0 65 65 0 542 0
4134 4135 915 497 915 496 0 1 65 64 2327 32 1
4135 4137 915 496 915 496 1 1 64 64 0 2 0
4137 4137 915 496 915 496 1 0 64 64 -2327 32 0
4137 5437 915 496 915 496 0 0 64 64 0 1300 0
5437 5437 915 496 915 496 0 1 64 64 3044 32 0
5437 5437 915 496 915 496 1 2 64 64 3029 2 0
5437 5438 915 496 915 497 2 1 64 63 -3044 32 1
5438 5439 915 497 915 496 1 2 63 62 3046 32 1
5439 5441 915 496 917 496 2 1 62 60 -3046 32 2
5441 5443 917 496 919 496 1 0 60 58 -3029 0 2
5443 5651 919 496 919 496 0 0 58 58 0 208 0
5651 5655 919 496 915 496 0 1 58 54 3172 32 4
5655 5657 915 496 915 496 1 1 54 54 0 2 0
5657 5661 915 496 917 498 1 0 54 50 -3172 32 4
5661 5823 917 498 917 498 0 0 50 50 0 162 0
5823 5827 917 498 915 496 0 1 50 46 19280 32 4
5827 5828 915 496 915 496 1 1 46 46 0 1 0
5828 5828 915 496 915 496 1 0 46 46 -19280 32 0
5828 6399 915 496 915 496 0 0 46 46 0 571 0
6399 6399 915 496 915 496 0 1 46 46 3576 32 0
6399 6405 915 496 915 496 1 1 46 46 0 6 0
6405 6405 915 496 915 496 1 0 46 46 -3576 32 0
6405 6726 915 496 915 496 0 0 46 46 0 321 0
6726 6726 915 496 915 496 0 1 46 46 3749 32 0
6726 6728 915 496 917 496 1 0 46 44 -3749 32 2
6728 6817 917 496 917 496 0 0 44 44 0 89 0
6817 6819 917 496 915 496 0 1 44 42 3803 32 2
6819 6821 915 496 916 497 1 0 42 40 -3803 32 2
6821 6902 916 497 916 497 0 0 40 40 0 81 0
6902 6904 916 497 915 496 0 1 40 38 3853 32 2
6904 6904 915 496 915 496 1 2 38 38 3842 19 0
6904 6905 915 496 916 496 2 1 38 37 -3853 32 1
6905 6906 916 496 916 497 1 0 37 36 -3842 20 1
6906 6973 916 497 916 497 0 0 36 36 0 67 0
6973 6975 916 497 915 496 0 1 36 34 3894 32 2
6975 6976 915 496 915 496 1 1 34 34 0 1 0
6976 6978 915 496 917 496 1 0 34 32 -3894 32 2
6978 7496 917 496 917 496 0 0 32 32 0 518 0
7496 7498 917 496 915 496 0 1 32 30 4163 32 2
7498 7500 915 496 917 496 1 0 30 28 -4163 32 2
7500 7714 917 496 917 496 0 0 28 28 0 214 0
7714 7716 917 496 915 496 0 1 28 26 4298 32 2
7716 7717 915 496 915 496 1 1 26 26 0 1 0
7717 7724 915 496 916 502 1 0 26 19 -4298 32 7
7724 7870 916 502 916 502 0 0 19 19 0 146 0
7870 7877 916 502 915 496 0 1 19 12 19947 32 7
7877 7878 915 496 915 496 1 1 12 12 0 1 0
7878 7878 915 496 915 496 1 0 12 12 -19947 32 0
7878 7916 915 496 915 496 0 0 12 12 0 38 0
7916 7916 915 496 915 496 0 1 12 12 19963 32 0
7916 7917 915 496 915 496 1 1 12 12 0 1 0
7917 7917 915 496 915 496 1 0 12 12 -19963 32 0
7917 8668 915 496 915 496 0 0 12 12 0 751 0
8668 8668 915 496 915 496 0 1 12 12 4772 32 0
8668 8699 915 496 915 496 1 1 12 12 0 31 0
8699 8699 915 496 915 496 1 2 12 12 4795 32 0
8699 8700 915 496 915 496 2 2 12 12 0 1 0
8700 8700 915 496 915 496 2 1 12 12 -4795 32 0
8700 8703 915 496 918 496 1 0 12 9 -4772 0 3
8703 10265 918 496 918 496 0 0 9 9 0 1562 0
10265 10268 918 496 915 496 0 1 9 6 5625 32 3
10268 10270 915 496 917 496 1 0 6 4 -5625 32 2
10270 11282 917 496 917 496 0 0 4 4 0 1012 0
11282 11284 917 496 915 496 0 1 4 2 6159 32 2
11284 11285 915 496 915 497 1 0 2 1 -6159 32 1
11285 11541 915 497 915 497 0 0 1 1 0 256 0
11541 11542 915 497 915 496 0 1 1 0 6288 32 1
11542 11543 915 496 915 496 1 1 0 0 0 1 0
11543 11543 915 496 915 496 1 0 0 0 -6288 32 0
11543 13161 915 496 915 496 0 0 0 0 0 1618 0
13161 13161 915 496 915 496 0 1 0 0 39919 32 0
13161 13163 915 496 915 496 1 1 0 0 0 2 0
13163 13163 915 496 915 496 1 0 0 0 -39919 32 0
13163 13596 915 496 915 496 0 0 0 0 0 433 0
13596 13596 915 496 915 496 0 1 0 0 22054 32 0
13596 13597 915 496 915 496 1 1 0 0 0 1 0
13597 13597 915 496 915 496 1 0 0 0 -22054 32 0
13597 14438 915 496 915 496 0 0 0 0 0 841 0
14438 14438 915 496 915 496 0 1 0 0 40388 32 0
14438 14439 915 496 915 496 1 1 0 0 0 1 0
14439 14439 915 496 915 496 1 0 0 0 -40388 32 0
14439 15508 915 496 915 496 0 0 0 0 0 1069 0
15508 15508 915 496 915 496 0 1 0 0 40830 32 0
15508 15509 915 496 915 496 1 1 0 0 0 1 0
15509 15509 915 496 915 496 1 0 0 0 -40830 32 0
15509 16513 915 496 915 496 0 0 0 0 0 1004 0
16513 16513 915 496 915 496 0 1 0 0 8554 32 0
16513 16514 915 496 915 496 1 1 0 0 0 1 0
16514 16514 915 496 915 496 1 0 0 0 -8554 32 0
16514 17306 915 496 915 496 0 0 0 0 0 792 0
17306 17306 915 496 915 496 0 1 0 0 8869 32 0
17306 17307 915 496 915 496 1 1 0 0 0 1 0
17307 17307 915 496 915 496 1 0 0 0 -8869 32 0
17307 17894 915 496 915 496 0 0 0 0 0 587 0
17894 17894 915 496 915 496 0 1 0 0 41900 32 0
17894 17895 915 496 915 496 1 1 0 0 0 1 0
17895 17895 915 496 915 496 1 0 0 0 -41900 32 0
17895 17961 915 496 915 496 0 0 0 0 0 66 0
17961 17961 915 496 915 496 0 1 0 0 23856 32 0
17961 17963 915 496 915 496 1 1 0 0 0 2 0
17963 17963 915 496 915 496 1 0 0 0 -23856 32 0
17963 19050 915 496 915 496 0 0 0 0 0 1087 0
19050 19050 915 496 915 496 0 1 0 0 9509 32 0
19050 19051 915 496 915 496 1 1 0 0 0 1 0
19051 19051 915 496 915 496 1 0 0 0 -9509 32 0
19051 19909 915 496 915 496 0 0 0 0 0 858 0
19909 19909 915 496 915 496 0 1 0 0 9800 32 0
19909 19911 915 496 915 496 1 1 0 0 0 2 0
19911 19911 915 496 915 496 1 0 0 0 -9800 32 0
19911 20685 915 496 915 496 0 0 0 0 0 774 0
20685 20685 915 496 915 496 0 1 0 0 25077 32 0
20685 20686 915 496 915 496 1 1 0 0 0 1 0
20686 20686 915 496 915 496 1 0 0 0 -25077 32 0
20686 21295 915 496 915 496 0 0 0 0 0 609 0
21295 21295 915 496 915 496 0 1 0 0 25358 32 0
21295 21296 915 496 915 496 1 1 0 0 0 1 0
21296 21296 915 496 915 496 1 0 0 0 -25358 32 0
21296 21949 915 496 915 496 0 0 0 0 0 653 0
21949 21949 915 496 915 496 0 1 0 0 43889 32 0
21949 21951 915 496 915 496 1 1 0 0 0 2 0
21951 21951 915 496 915 496 1 0 0 0 -43889 32 0
21951 23136 915 496 915 496 0 0 0 0 0 1185 0
23136 23136 915 496 915 496 0 1 0 0 10923 32 0
23136 23138 915 496 915 496 1 1 0 0 0 2 0
23138 23138 915 496 915 496 1 0 0 0 -10923 32 0
23138 23447 915 496 915 496 0 0 0 0 0 309 0
23447 23447 915 496 915 496 0 1 0 0 44680 32 0
23447 23448 915 496 915 496 1 1 0 0 0 1 0
23448 23448 915 496 915 496 1 0 0 0 -44680 32 0
23448 23613 915 496 915 496 0 0 0 0 0 165 0
23613 23613 915 496 915 496 0 1 0 0 26477 32 0
23613 23615 915 496 915 496 1 1 0 0 0 2 0
23615 23615 915 496 915 496 1 0 0 0 -26477 32 0
23615 25113 915 496 915 496 0 0 0 0 0 1498 0
25113 25113 915 496 915 496 0 1 0 0 45623 32 0
25113 25115 915 496 915 496 1 1 0 0 0 2 0
25115 25115 915 496 915 496 1 0 0 0 -45623 32 0
25115 25760 915 496 915 496 0 0 0 0 0 645 0
25760 25760 915 496 915 496 0 1 0 0 45979 32 0
25760 25761 915 496 915 496 1 1 0 0 0 1 0
25761 25761 915 496 915 496 1 0 0 0 -45979 32 0
25761 25788 915 496 915 496 0 0 0 0 0 27 0
25788 25788 915 496 915 496 0 1 0 0 27614 32 0
25788 25790 915 496 915 496 1 1 0 0 0 2 0
25790 25790 915 496 915 496 1 0 0 0 -27614 32 0
25790 27194 915 496 915 496 0 0 0 0 0 1404 0
27194 27194 915 496 915 496 0 1 0 0 46786 32 0
27194 27196 915 496 915 496 1 1 0 0 0 2 0
27196 27196 915 496 915 496 1 0 0 0 -46786 32 0
27196 31348 915 496 915 496 0 0 0 0 0 4152 0
31348 31348 915 496 915 496 0 1 0 0 49201 32 0
31348 31349 915 496 915 496 1 1 0 0 0 1 0
31349 31349 915 496 915 496 1 0 0 0 -49201 32 0
31349 36346 915 496 915 496 0 0 0 0 0 4997 0
36346 36346 915 496 915 496 0 1 0 0 32688 32 0
36346 36347 915 496 915 496 1 1 0 0 0 1 0
36347 36347 915 496 915 496 1 0 0 0 -32688 32 0
36347 43267 915 496 915 496 0 0 0 0 0 6920 0
43267 43267 915 496 915 496 0 0 0 0 1000000000 0 0
--------------------------------------
--------------------------------------
EV2
--------------------------------------
Num TPs served = 13
TPs served = 6943 7072 7537 7805 8200 8244 8502 8721 8734 8822 8883 8993 9894
Total energy used = 100
--------------------------------------
Schedule:
0 12890 915 496 915 496 0 0 100 100 0 12890 0
12890 12890 915 496 915 496 0 1 100 100 6943 32 0
12890 12895 915 496 915 496 1 1 100 100 0 5 0
12895 12900 915 496 915 501 1 0 100 95 -6943 32 5
12900 13153 915 501 915 501 0 0 95 95 0 253 0
13153 13158 915 501 915 496 0 1 95 90 7072 32 5
13158 13160 915 496 917 496 1 0 90 88 -7072 32 2
13160 14183 917 496 917 496 0 0 88 88 0 1023 0
14183 14185 917 496 915 496 0 1 88 86 7537 32 2
14185 14186 915 496 916 496 1 0 86 85 -7537 32 1
14186 14782 916 496 916 496 0 0 85 85 0 596 0
14782 14783 916 496 915 496 0 1 85 84 7805 32 1
14783 14784 915 496 915 496 1 1 84 84 0 1 0
14784 14790 915 496 921 496 1 0 84 78 -7805 32 6
14790 15674 921 496 921 496 0 0 78 78 0 884 0
15674 15680 921 496 915 496 0 1 78 72 8200 32 6
15680 15684 915 496 917 498 1 0 72 68 -8200 32 4
15684 15791 917 498 917 498 0 0 68 68 0 107 0
15791 15795 917 498 915 496 0 1 68 64 8244 32 4
15795 15798 915 496 917 497 1 0 64 61 -8244 32 3
15798 16362 917 497 917 497 0 0 61 61 0 564 0
16362 16365 917 497 915 496 0 1 61 58 8502 32 3
16365 16368 915 496 918 496 1 0 58 55 -8502 32 3
16368 16944 918 496 918 496 0 0 55 55 0 576 0
16944 16947 918 496 915 496 0 1 55 52 8721 32 3
16947 16951 915 496 915 496 1 1 52 52 0 4 0
16951 16958 915 496 922 496 1 0 52 45 -8721 32 7
16958 16981 922 496 922 496 0 0 45 45 0 23 0
16981 16988 922 496 915 496 0 1 45 38 8734 32 7
16988 16992 915 496 919 496 1 0 38 34 -8734 32 4
16992 17177 919 496 919 496 0 0 34 34 0 185 0
17177 17181 919 496 915 496 0 1 34 30 8822 32 4
17181 17182 915 496 915 496 1 1 30 30 0 1 0
17182 17183 915 496 915 497 1 0 30 29 -8822 32 1
17183 17337 915 497 915 497 0 0 29 29 0 154 0
17337 17338 915 497 915 496 0 1 29 28 8883 32 1
17338 17341 915 496 915 496 1 1 28 28 0 3 0
17341 17352 915 496 921 501 1 0 28 17 -8883 32 11
17352 17637 921 501 921 501 0 0 17 17 0 285 0
17637 17648 921 501 915 496 0 1 17 6 8993 32 11
17648 17650 915 496 915 496 1 1 6 6 0 2 0
17650 17652 915 496 916 497 1 0 6 4 -8993 32 2
17652 20107 916 497 916 497 0 0 4 4 0 2455 0
20107 20109 916 497 915 496 0 1 4 2 9894 32 2
20109 20110 915 496 916 496 1 0 2 1 -9894 32 1
20110 43266 916 496 916 496 0 0 1 1 0 23156 0
43266 43267 916 496 915 496 0 0 1 0 1000000000 0 1
--------------------------------------
--------------------------------------
EV3
--------------------------------------
Num TPs served = 18
TPs served = 9048 9341 9450 9530 9563 9666 9856 10645 10702 10881 11000 11709 11795 11865 12129 13029 24268 24383
Total energy used = 100
--------------------------------------
Schedule:
0 17757 915 496 915 496 0 0 100 100 0 17757 0
17757 17757 915 496 915 496 0 1 100 100 9048 32 0
17757 17758 915 496 915 496 1 1 100 100 0 1 0
17758 17760 915 496 915 498 1 0 100 98 -9048 32 2
17760 18590 915 498 915 498 0 0 98 98 0 830 0
18590 18592 915 498 915 496 0 1 98 96 9341 32 2
18592 18593 915 496 915 496 1 1 96 96 0 1 0
18593 18595 915 496 916 497 1 0 96 94 -9341 32 2
18595 18857 916 497 916 497 0 0 94 94 0 262 0
18857 18859 916 497 915 496 0 1 94 92 24268 32 2
18859 18874 915 496 915 496 1 1 92 92 0 15 0
18874 18874 915 496 915 496 1 2 92 92 9450 32 0
18874 18875 915 496 916 496 2 1 92 91 -24268 17 1
18875 18877 916 496 918 496 1 0 91 89 -9450 32 2
18877 19114 918 496 918 496 0 0 89 89 0 237 0
19114 19117 918 496 915 496 0 1 89 86 24383 32 3
19117 19117 915 496 915 496 1 2 86 86 9530 9 0
19117 19119 915 496 917 496 2 1 86 84 -24383 32 2
19119 19129 917 496 927 496 1 0 84 74 -9530 9 10
19129 19190 927 496 927 496 0 0 74 74 0 61 0
19190 19202 927 496 915 496 0 1 74 62 9563 32 12
19202 19206 915 496 915 496 1 1 62 62 0 4 0
19206 19210 915 496 916 499 1 0 62 58 -9563 32 4
19210 19452 916 499 916 499 0 0 58 58 0 242 0
19452 19456 916 499 915 496 0 1 58 54 9666 32 4
19456 19457 915 496 915 496 1 1 54 54 0 1 0
19457 19459 915 496 917 496 1 0 54 52 -9666 32 2
19459 20029 917 496 917 496 0 0 52 52 0 570 0
20029 20031 917 496 915 496 0 1 52 50 9856 32 2
20031 20032 915 496 915 496 1 1 50 50 0 1 0
20032 20034 915 496 916 497 1 0 50 48 -9856 32 2
20034 22234 916 497 916 497 0 0 48 48 0 2200 0
22234 22236 916 497 915 496 0 1 48 46 10645 32 2
22236 22237 915 496 915 496 1 1 46 46 0 1 0
22237 22238 915 496 916 496 1 0 46 45 -10645 32 1
22238 22425 916 496 916 496 0 0 45 45 0 187 0
22425 22426 916 496 915 496 0 1 45 44 10702 32 1
22426 22428 915 496 915 498 1 0 44 42 -10702 32 2
22428 23008 915 498 915 498 0 0 42 42 0 580 0
23008 23010 915 498 915 496 0 1 42 40 10881 32 2
23010 23012 915 496 915 498 1 0 40 38 -10881 32 2
23012 23373 915 498 915 498 0 0 38 38 0 361 0
23373 23375 915 498 915 496 0 1 38 36 11000 32 2
23375 23380 915 496 920 496 1 0 36 31 -11000 32 5
23380 25709 920 496 920 496 0 0 31 31 0 2329 0
25709 25714 920 496 915 496 0 1 31 26 11709 32 5
25714 25716 915 496 917 496 1 0 26 24 -11709 32 2
25716 25997 917 496 917 496 0 0 24 24 0 281 0
25997 25999 917 496 915 496 0 1 24 22 11795 32 2
25999 26002 915 496 915 496 1 1 22 22 0 3 0
26002 26006 915 496 918 497 1 0 22 18 -11795 32 4
26006 26219 918 497 918 497 0 0 18 18 0 213 0
26219 26223 918 497 915 496 0 1 18 14 11865 32 4
26223 26227 915 496 919 496 1 0 14 10 -11865 32 4
26227 27166 919 496 919 496 0 0 10 10 0 939 0
27166 27170 919 496 915 496 0 1 10 6 12129 32 4
27170 27171 915 496 915 496 1 1 6 6 0 1 0
27171 27172 915 496 916 496 1 0 6 5 -12129 32 1
27172 30391 916 496 916 496 0 0 5 5 0 3219 0
30391 30392 916 496 915 496 0 1 5 4 13029 32 1
30392 30394 915 496 916 497 1 0 4 2 -13029 32 2
30394 43265 916 497 916 497 0 0 2 2 0 12871 0
43265 43267 916 497 915 496 0 0 2 0 1000000000 0 2
--------------------------------------
--------------------------------------
EV4
--------------------------------------
Num TPs served = 15
TPs served = 11958 13020 13258 13867 14195 14211 14468 14588 14667 14687 14714 14909 15832 16627 18173
Total energy used = 100
--------------------------------------
Schedule:
0 2358 915 496 915 496 0 0 100 100 0 2358 0
2358 2358 915 496 915 496 0 1 100 100 18173 32 0
2358 2359 915 496 916 496 1 0 100 99 -18173 32 1
2359 26568 916 496 916 496 0 0 99 99 0 24209 0
26568 26569 916 496 915 496 0 1 99 98 11958 32 1
26569 26574 915 496 920 496 1 0 98 93 -11958 32 5
26574 30369 920 496 920 496 0 0 93 93 0 3795 0
30369 30374 920 496 915 496 0 1 93 88 13020 32 5
30374 30375 915 496 915 496 1 1 88 88 0 1 0
30375 30378 915 496 917 497 1 0 88 85 -13020 32 3
30378 31168 917 497 917 497 0 0 85 85 0 790 0
31168 31171 917 497 915 496 0 1 85 82 13258 32 3
31171 31172 915 496 915 496 1 1 82 82 0 1 0
31172 31173 915 496 915 497 1 0 82 81 -13258 32 1
31173 33455 915 497 915 497 0 0 81 81 0 2282 0
33455 33456 915 497 915 496 0 1 81 80 13867 32 1
33456 33458 915 496 915 496 1 1 80 80 0 2 0
33458 33459 915 496 916 496 1 0 80 79 -13867 32 1
33459 34710 916 496 916 496 0 0 79 79 0 1251 0
34710 34711 916 496 915 496 0 1 79 78 14195 32 1
34711 34713 915 496 917 496 1 0 78 76 -14195 32 2
34713 34800 917 496 917 496 0 0 76 76 0 87 0
34800 34802 917 496 915 496 0 1 76 74 14211 32 2
34802 34805 915 496 917 497 1 0 74 71 -14211 32 3
34805 35741 917 497 917 497 0 0 71 71 0 936 0
35741 35744 917 497 915 496 0 1 71 68 14468 32 3
35744 35760 915 496 927 500 1 0 68 52 -14468 32 16
35760 36190 927 500 927 500 0 0 52 52 0 430 0
36190 36206 927 500 915 496 0 1 52 36 14588 32 16
36206 36208 915 496 917 496 1 0 36 34 -14588 32 2
36208 36534 917 496 917 496 0 0 34 34 0 326 0
36534 36536 917 496 915 496 0 1 34 32 14667 32 2
36536 36537 915 496 915 497 1 0 32 31 -14667 32 1
36537 36629 915 497 915 497 0 0 31 31 0 92 0
36629 36630 915 497 915 496 0 1 31 30 14687 32 1
36630 36633 915 496 918 496 1 0 30 27 -14687 32 3
36633 36709 918 496 918 496 0 0 27 27 0 76 0
36709 36712 918 496 915 496 0 1 27 24 14714 32 3
36712 36714 915 496 915 498 1 0 24 22 -14714 32 2
36714 37481 915 498 915 498 0 0 22 22 0 767 0
37481 37483 915 498 915 496 0 1 22 20 14909 32 2
37483 37491 915 496 922 497 1 0 20 12 -14909 32 8
37491 40441 922 497 922 497 0 0 12 12 0 2950 0
40441 40449 922 497 915 496 0 1 12 4 15832 32 8
40449 40450 915 496 915 496 1 1 4 4 0 1 0
40450 40451 915 496 916 496 1 0 4 3 -15832 32 1
40451 41826 916 496 916 496 0 0 3 3 0 1375 0
41826 41827 916 496 915 496 0 1 3 2 16627 32 1
41827 41828 915 496 915 496 1 1 2 2 0 1 0
41828 41829 915 496 915 497 1 0 2 1 -16627 32 1
41829 43266 915 497 915 497 0 0 1 1 0 1437 0
43266 43267 915 497 915 496 0 0 1 0 1000000000 0 1
--------------------------------------
--------------------------------------
EV5
--------------------------------------
Num TPs served = 18
TPs served = 15247 16249 18181 18272 18542 18577 19065 19139 19349 20176 20288 20359 20436 20864 20942 21104 21249 39256
Total energy used = 100
--------------------------------------
Schedule:
0 2381 915 496 915 496 0 0 100 100 0 2381 0
2381 2381 915 496 915 496 0 1 100 100 18181 32 0
2381 2385 915 496 919 496 1 0 100 96 -18181 32 4
2385 2636 919 496 919 496 0 0 96 96 0 251 0
2636 2640 919 496 915 496 0 1 96 92 18272 32 4
2640 2642 915 496 915 498 1 0 92 90 -18272 32 2
2642 3536 915 498 915 498 0 0 90 90 0 894 0
3536 3538 915 498 915 496 0 1 90 88 18542 32 2
3538 3542 915 496 919 496 1 0 88 84 -18542 32 4
3542 3656 919 496 919 496 0 0 84 84 0 114 0
3656 3660 919 496 915 496 0 1 84 80 18577 32 4
3660 3661 915 496 916 496 1 0 80 79 -18577 32 1
3661 5196 916 496 916 496 0 0 79 79 0 1535 0
5196 5197 916 496 915 496 0 1 79 78 19065 32 1
5197 5198 915 496 915 496 1 1 78 78 0 1 0
5198 5202 915 496 918 497 1 0 78 74 -19065 32 4
5202 5439 918 497 918 497 0 0 74 74 0 237 0
5439 5443 918 497 915 496 0 1 74 70 19139 32 4
5443 5444 915 496 916 496 1 0 70 69 -19139 32 1
5444 6034 916 496 916 496 0 0 69 69 0 590 0
6034 6035 916 496 915 496 0 1 69 68 19349 32 1
6035 6037 915 496 915 496 1 1 68 68 0 2 0
6037 6039 915 496 917 496 1 0 68 66 -19349 32 2
6039 8521 917 496 917 496 0 0 66 66 0 2482 0
8521 8523 917 496 915 496 0 1 66 64 20176 32 2
8523 8524 915 496 915 497 1 0 64 63 -20176 32 1
8524 8861 915 497 915 497 0 0 63 63 0 337 0
8861 8862 915 497 915 496 0 1 63 62 20288 32 1
8862 8867 915 496 920 496 1 0 62 57 -20288 32 5
8867 9063 920 496 920 496 0 0 57 57 0 196 0
9063 9068 920 496 915 496 0 1 57 52 20359 32 5
9068 9084 915 496 915 496 1 1 52 52 0 16 0
9084 9085 915 496 915 497 1 0 52 51 -20359 32 1
9085 9258 915 497 915 497 0 0 51 51 0 173 0
9258 9259 915 497 915 496 0 1 51 50 20436 32 1
9259 9261 915 496 915 498 1 0 50 48 -20436 32 2
9261 10422 915 498 915 498 0 0 48 48 0 1161 0
10422 10424 915 498 915 496 0 1 48 46 20864 32 2
10424 10427 915 496 918 496 1 0 46 43 -20864 32 3
10427 10601 918 496 918 496 0 0 43 43 0 174 0
10601 10604 918 496 915 496 0 1 43 40 20942 32 3
10604 10605 915 496 916 496 1 0 40 39 -20942 32 1
10605 11014 916 496 916 496 0 0 39 39 0 409 0
11014 11015 916 496 915 496 0 1 39 38 21104 32 1
11015 11016 915 496 916 496 1 0 38 37 -21104 32 1
11016 11433 916 496 916 496 0 0 37 37 0 417 0
11433 11434 916 496 915 496 0 1 37 36 39256 32 1
11434 11434 915 496 915 496 1 2 36 36 21249 8 0
11434 11436 915 496 917 496 2 1 36 34 -39256 32 2
11436 11439 917 496 919 497 1 0 34 31 -21249 8 3
11439 38762 919 497 919 497 0 0 31 31 0 27323 0
38762 38767 919 497 915 496 0 1 31 26 15247 32 5
38767 38774 915 496 921 497 1 0 26 19 -15247 32 7
38774 41184 921 497 921 497 0 0 19 19 0 2410 0
41184 41191 921 497 915 496 0 1 19 12 16249 32 7
41191 41192 915 496 915 496 1 1 12 12 0 1 0
41192 41198 915 496 916 501 1 0 12 6 -16249 32 6
41198 43261 916 501 916 501 0 0 6 6 0 2063 0
43261 43267 916 501 915 496 0 0 6 0 1000000000 0 6
--------------------------------------
--------------------------------------
EV6
--------------------------------------
Num TPs served = 21
TPs served = 21288 21495 21948 22003 22033 22271 22389 22426 22495 22763 22969 23061 23536 23905 24826 25195 25400 25644 25768 27649 29429
Total energy used = 100
--------------------------------------
Schedule:
0 11524 915 496 915 496 0 0 100 100 0 11524 0
11524 11524 915 496 915 496 0 1 100 100 21288 32 0
11524 11527 915 496 915 496 1 1 100 100 0 3 0
11527 11528 915 496 915 497 1 0 100 99 -21288 32 1
11528 12105 915 497 915 497 0 0 99 99 0 577 0
12105 12106 915 497 915 496 0 1 99 98 21495 32 1
12106 12107 915 496 915 497 1 0 98 97 -21495 32 1
12107 13314 915 497 915 497 0 0 97 97 0 1207 0
13314 13315 915 497 915 496 0 1 97 96 21948 32 1
13315 13316 915 496 915 496 1 1 96 96 0 1 0
13316 13318 915 496 916 497 1 0 96 94 -21948 32 2
13318 13471 916 497 916 497 0 0 94 94 0 153 0
13471 13473 916 497 915 496 0 1 94 92 22003 32 2
13473 13477 915 496 915 496 1 1 92 92 0 4 0
13477 13480 915 496 916 498 1 0 92 89 -22003 32 3
13480 13538 916 498 916 498 0 0 89 89 0 58 0
13538 13541 916 498 915 496 0 1 89 86 22033 32 3
13541 13542 915 496 915 496 1 1 86 86 0 1 0
13542 13543 915 496 916 496 1 0 86 85 -22033 32 1
13543 14147 916 496 916 496 0 0 85 85 0 604 0
14147 14148 916 496 915 496 0 1 85 84 22271 32 1
14148 14149 915 496 915 497 1 0 84 83 -22271 32 1
14149 14457 915 497 915 497 0 0 83 83 0 308 0
14457 14458 915 497 915 496 0 1 83 82 22389 32 1
14458 14459 915 496 915 496 1 1 82 82 0 1 0
14459 14471 915 496 925 498 1 0 82 70 -22389 32 12
14471 14558 925 498 925 498 0 0 70 70 0 87 0
14558 14570 925 498 915 496 0 1 70 58 22426 32 12
14570 14572 915 496 915 496 1 1 58 58 0 2 0
14572 14573 915 496 916 496 1 0 58 57 -22426 32 1
14573 14719 916 496 916 496 0 0 57 57 0 146 0
14719 14720 916 496 915 496 0 1 57 56 22495 32 1
14720 14723 915 496 918 496 1 0 56 53 -22495 32 3
14723 15411 918 496 918 496 0 0 53 53 0 688 0
15411 15414 918 496 915 496 0 1 53 50 22763 32 3
15414 15415 915 496 915 496 1 1 50 50 0 1 0
15415 15417 915 496 916 497 1 0 50 48 -22763 32 2
15417 15891 916 497 916 497 0 0 48 48 0 474 0
15891 15893 916 497 915 496 0 1 48 46 22969 32 2
15893 15895 915 496 917 496 1 0 46 44 -22969 32 2
15895 16116 917 496 917 496 0 0 44 44 0 221 0
16116 16118 917 496 915 496 0 1 44 42 23061 32 2
16118 16120 915 496 917 496 1 0 42 40 -23061 32 2
16120 17249 917 496 917 496 0 0 40 40 0 1129 0
17249 17251 917 496 915 496 0 1 40 38 23536 32 2
17251 17253 915 496 917 496 1 0 38 36 -23536 32 2
17253 18071 917 496 917 496 0 0 36 36 0 818 0
18071 18073 917 496 915 496 0 1 36 34 23905 32 2
18073 18075 915 496 915 498 1 0 34 32 -23905 32 2
18075 20096 915 498 915 498 0 0 32 32 0 2021 0
20096 20098 915 498 915 496 0 1 32 30 24826 32 2
20098 20101 915 496 917 497 1 0 30 27 -24826 32 3
20101 20926 917 497 917 497 0 0 27 27 0 825 0
20926 20929 917 497 915 496 0 1 27 24 25195 32 3
20929 20932 915 496 918 496 1 0 24 21 -25195 32 3
20932 21368 918 496 918 496 0 0 21 21 0 436 0
21368 21371 918 496 915 496 0 1 21 18 25400 32 3
21371 21373 915 496 916 497 1 0 18 16 -25400 32 2
21373 21907 916 497 916 497 0 0 16 16 0 534 0
21907 21909 916 497 915 496 0 1 16 14 25644 32 2
21909 21912 915 496 917 497 1 0 14 11 -25644 32 3
21912 22163 917 497 917 497 0 0 11 11 0 251 0
22163 22166 917 497 915 496 0 1 11 8 25768 32 3
22166 22167 915 496 916 496 1 0 8 7 -25768 32 1
22167 25846 916 496 916 496 0 0 7 7 0 3679 0
25846 25847 916 496 915 496 0 1 7 6 27649 32 1
25847 25849 915 496 916 497 1 0 6 4 -27649 32 2
25849 29373 916 497 916 497 0 0 4 4 0 3524 0
29373 29375 916 497 915 496 0 1 4 2 29429 32 2
29375 29376 915 496 916 496 1 0 2 1 -29429 32 1
29376 43266 916 496 916 496 0 0 1 1 0 13890 0
43266 43267 916 496 915 496 0 0 1 0 1000000000 0 1
--------------------------------------
--------------------------------------
EV7
--------------------------------------
Num TPs served = 16
TPs served = 28723 28875 29445 29459 29573 29609 29613 29726 30085 30426 30460 30778 30855 30882 31272 31357
Total energy used = 100
--------------------------------------
Schedule:
0 27919 915 496 915 496 0 0 100 100 0 27919 0
27919 27919 915 496 915 496 0 1 100 100 28723 32 0
27919 27921 915 496 915 496 1 1 100 100 0 2 0
27921 27923 915 496 916 497 1 0 100 98 -28723 32 2
27923 28209 916 497 916 497 0 0 98 98 0 286 0
28209 28211 916 497 915 496 0 1 98 96 28875 32 2
28211 28212 915 496 915 496 1 1 96 96 0 1 0
28212 28216 915 496 917 498 1 0 96 92 -28875 32 4
28216 29429 917 498 917 498 0 0 92 92 0 1213 0
29429 29433 917 498 915 496 0 1 92 88 29459 32 4
29433 29433 915 496 915 496 1 2 88 88 29445 7 0
29433 29439 915 496 915 496 2 2 88 88 0 6 0
29439 29449 915 496 922 499 2 1 88 78 -29459 32 10
29449 29452 922 499 924 498 1 0 78 75 -29445 7 3
29452 29649 924 498 924 498 0 0 75 75 0 197 0
29649 29660 924 498 915 496 0 1 75 64 29573 32 11
29660 29662 915 496 917 496 1 0 64 62 -29573 32 2
29662 29717 917 496 917 496 0 0 62 62 0 55 0
29717 29719 917 496 915 496 0 1 62 60 29613 32 2
29719 29719 915 496 915 496 1 2 60 60 29609 25 0
29719 29720 915 496 915 497 2 1 60 59 -29613 32 1
29720 29724 915 497 915 501 1 0 59 55 -29609 26 4
29724 29935 915 501 915 501 0 0 55 55 0 211 0
29935 29940 915 501 915 496 0 1 55 50 29726 32 5
29940 29943 915 496 918 496 1 0 50 47 -29726 32 3
29943 30646 918 496 918 496 0 0 47 47 0 703 0
30646 30649 918 496 915 496 0 1 47 44 30085 32 3
30649 30654 915 496 916 500 1 0 44 39 -30085 32 5
30654 31310 916 500 916 500 0 0 39 39 0 656 0
31310 31315 916 500 915 496 0 1 39 34 30426 32 5
31315 31317 915 496 916 497 1 0 34 32 -30426 32 2
31317 31365 916 497 916 497 0 0 32 32 0 48 0
31365 31367 916 497 915 496 0 1 32 30 30460 32 2
31367 31368 915 496 915 496 1 1 30 30 0 1 0
31368 31369 915 496 915 497 1 0 30 29 -30460 32 1
31369 32033 915 497 915 497 0 0 29 29 0 664 0
32033 32034 915 497 915 496 0 1 29 28 30778 32 1
32034 32040 915 496 921 496 1 0 28 22 -30778 32 6
32040 32191 921 496 921 496 0 0 22 22 0 151 0
32191 32197 921 496 915 496 0 1 22 16 30855 32 6
32197 32200 915 496 917 497 1 0 16 13 -30855 32 3
32200 32256 917 497 917 497 0 0 13 13 0 56 0
32256 32259 917 497 915 496 0 1 13 10 30882 32 3
32259 32262 915 496 918 496 1 0 10 7 -30882 32 3
32262 33098 918 496 918 496 0 0 7 7 0 836 0
33098 33101 918 496 915 496 0 1 7 4 31272 32 3
33101 33102 915 496 916 496 1 0 4 3 -31272 32 1
33102 33291 916 496 916 496 0 0 3 3 0 189 0
33291 33292 916 496 915 496 0 1 3 2 31357 32 1
33292 33293 915 496 916 496 1 0 2 1 -31357 32 1
33293 43266 916 496 916 496 0 0 1 1 0 9973 0
43266 43267 916 496 915 496 0 0 1 0 1000000000 0 1
--------------------------------------
--------------------------------------
EV8
--------------------------------------
Num TPs served = 21
TPs served = 31427 31476 31667 31718 32147 32653 32728 33223 33265 33805 33907 34673 34860 34997 35411 35723 35894 36162 36323 36377 37222
Total energy used = 100
--------------------------------------
Schedule:
0 787 915 496 915 496 0 0 100 100 0 787 0
787 787 915 496 915 496 0 1 100 100 35411 32 0
787 789 915 496 915 496 1 1 100 100 0 2 0
789 791 915 496 915 498 1 0 100 98 -35411 32 2
791 1689 915 498 915 498 0 0 98 98 0 898 0
1689 1691 915 498 915 496 0 1 98 96 35723 32 2
1691 1693 915 496 917 496 1 0 96 94 -35723 32 2
1693 2201 917 496 917 496 0 0 94 94 0 508 0
2201 2203 917 496 915 496 0 1 94 92 35894 32 2
2203 2206 915 496 916 498 1 0 92 89 -35894 32 3
2206 2980 916 498 916 498 0 0 89 89 0 774 0
2980 2983 916 498 915 496 0 1 89 86 36162 32 3
2983 2984 915 496 915 496 1 1 86 86 0 1 0
2984 2985 915 496 916 496 1 0 86 85 -36162 32 1
2985 3421 916 496 916 496 0 0 85 85 0 436 0
3421 3422 916 496 915 496 0 1 85 84 36323 32 1
3422 3423 915 496 916 496 1 0 84 83 -36323 32 1
3423 3593 916 496 916 496 0 0 83 83 0 170 0
3593 3594 916 496 915 496 0 1 83 82 36377 32 1
3594 3596 915 496 916 497 1 0 82 80 -36377 32 2
3596 6099 916 497 916 497 0 0 80 80 0 2503 0
6099 6101 916 497 915 496 0 1 80 78 37222 32 2
6101 6103 915 496 917 496 1 0 78 76 -37222 32 2
6103 33442 917 496 917 496 0 0 76 76 0 27339 0
33442 33444 917 496 915 496 0 1 76 74 31427 32 2
33444 33448 915 496 919 496 1 0 74 70 -31427 32 4
33448 33549 919 496 919 496 0 0 70 70 0 101 0
33549 33553 919 496 915 496 0 1 70 66 31476 32 4
33553 33554 915 496 916 496 1 0 66 65 -31476 32 1
33554 33984 916 496 916 496 0 0 65 65 0 430 0
33984 33985 916 496 915 496 0 1 65 64 31667 32 1
33985 33986 915 496 915 496 1 1 64 64 0 1 0
33986 33989 915 496 917 497 1 0 64 61 -31667 32 3
33989 34108 917 497 917 497 0 0 61 61 0 119 0
34108 34111 917 497 915 496 0 1 61 58 31718 32 3
34111 34113 915 496 915 496 1 1 58 58 0 2 0
34113 34114 915 496 915 497 1 0 58 57 -31718 32 1
34114 35072 915 497 915 497 0 0 57 57 0 958 0
35072 35073 915 497 915 496 0 1 57 56 32147 32 1
35073 35074 915 496 916 496 1 0 56 55 -32147 32 1
35074 36277 916 496 916 496 0 0 55 55 0 1203 0
36277 36278 916 496 915 496 0 1 55 54 32653 32 1
36278 36279 915 496 916 496 1 0 54 53 -32653 32 1
36279 36437 916 496 916 496 0 0 53 53 0 158 0
36437 36438 916 496 915 496 0 1 53 52 32728 32 1
36438 36440 915 496 916 497 1 0 52 50 -32728 32 2
36440 37738 916 497 916 497 0 0 50 50 0 1298 0
37738 37740 916 497 915 496 0 1 50 48 33223 32 2
37740 37743 915 496 915 496 1 1 48 48 0 3 0
37743 37748 915 496 919 497 1 0 48 43 -33223 32 5
37748 37822 919 497 919 497 0 0 43 43 0 74 0
37822 37827 919 497 915 496 0 1 43 38 33265 32 5
37827 37831 915 496 919 496 1 0 38 34 -33265 32 4
37831 39296 919 496 919 496 0 0 34 34 0 1465 0
39296 39300 919 496 915 496 0 1 34 30 33805 32 4
39300 39301 915 496 915 496 1 1 30 30 0 1 0
39301 39304 915 496 917 497 1 0 30 27 -33805 32 3
39304 39518 917 497 917 497 0 0 27 27 0 214 0
39518 39521 917 497 915 496 0 1 27 24 33907 32 3
39521 39522 915 496 916 496 1 0 24 23 -33907 32 1
39522 41746 916 496 916 496 0 0 23 23 0 2224 0
41746 41747 916 496 915 496 0 1 23 22 34673 32 1
41747 41749 915 496 917 496 1 0 22 20 -34673 32 2
41749 42315 917 496 917 496 0 0 20 20 0 566 0
42315 42317 917 496 915 496 0 1 20 18 34860 32 2
42317 42325 915 496 923 496 1 0 18 10 -34860 32 8
42325 42737 923 496 923 496 0 0 10 10 0 412 0
42737 42745 923 496 915 496 0 1 10 2 34997 32 8
42745 42747 915 496 915 496 1 1 2 2 0 2 0
42747 42748 915 496 916 496 1 0 2 1 -34997 32 1
42748 43266 916 496 916 496 0 0 1 1 0 518 0
43266 43267 916 496 915 496 0 0 1 0 1000000000 0 1
--------------------------------------

-------------------------------------------------------------------------

TPs

-------------------------------------------------------------------------

----------------------
TP236 allocated to 1
----------------------

----------------------
TP249 allocated to 1
----------------------

----------------------
TP356 allocated to 1
----------------------

----------------------
TP405 allocated to 1
----------------------

----------------------
TP1196 allocated to 1
----------------------

----------------------
TP1493 allocated to 1
----------------------

----------------------
TP1644 allocated to 1
----------------------

----------------------
TP2046 allocated to 1
----------------------

----------------------
TP2327 allocated to 1
----------------------

----------------------
TP3029 allocated to 1
----------------------

----------------------
TP3044 allocated to 1
----------------------

----------------------
TP3046 allocated to 1
----------------------

----------------------
TP3172 allocated to 1
----------------------

----------------------
TP3576 allocated to 1
----------------------

----------------------
TP3749 allocated to 1
----------------------

----------------------
TP3803 allocated to 1
----------------------

----------------------
TP3842 allocated to 1
----------------------

----------------------
TP3853 allocated to 1
----------------------

----------------------
TP3894 allocated to 1
----------------------

----------------------
TP4163 allocated to 1
----------------------

----------------------
TP4298 allocated to 1
----------------------

----------------------
TP4772 allocated to 1
----------------------

----------------------
TP4795 allocated to 1
----------------------

----------------------
TP5625 allocated to 1
----------------------

----------------------
TP6159 allocated to 1
----------------------

----------------------
TP6288 allocated to 1
----------------------

----------------------
TP6943 allocated to 2
----------------------

----------------------
TP7072 allocated to 2
----------------------

----------------------
TP7537 allocated to 2
----------------------

----------------------
TP7805 allocated to 2
----------------------

----------------------
TP8200 allocated to 2
----------------------

----------------------
TP8244 allocated to 2
----------------------

----------------------
TP8502 allocated to 2
----------------------

----------------------
TP8554 allocated to 1
----------------------

----------------------
TP8721 allocated to 2
----------------------

----------------------
TP8734 allocated to 2
----------------------

----------------------
TP8822 allocated to 2
----------------------

----------------------
TP8869 allocated to 1
----------------------

----------------------
TP8883 allocated to 2
----------------------

----------------------
TP8993 allocated to 2
----------------------

----------------------
TP9048 allocated to 3
----------------------

----------------------
TP9341 allocated to 3
----------------------

----------------------
TP9450 allocated to 3
----------------------

----------------------
TP9509 allocated to 1
----------------------

----------------------
TP9530 allocated to 3
----------------------

----------------------
TP9563 allocated to 3
----------------------

----------------------
TP9666 allocated to 3
----------------------

----------------------
TP9800 allocated to 1
----------------------

----------------------
TP9856 allocated to 3
----------------------

----------------------
TP9894 allocated to 2
----------------------

----------------------
TP10645 allocated to 3
----------------------

----------------------
TP10702 allocated to 3
----------------------

----------------------
TP10881 allocated to 3
----------------------

----------------------
TP10923 allocated to 1
----------------------

----------------------
TP11000 allocated to 3
----------------------

----------------------
TP11709 allocated to 3
----------------------

----------------------
TP11795 allocated to 3
----------------------

----------------------
TP11865 allocated to 3
----------------------

----------------------
TP11958 allocated to 4
----------------------

----------------------
TP12129 allocated to 3
----------------------

----------------------
TP13020 allocated to 4
----------------------

----------------------
TP13029 allocated to 3
----------------------

----------------------
TP13258 allocated to 4
----------------------

----------------------
TP13867 allocated to 4
----------------------

----------------------
TP14195 allocated to 4
----------------------

----------------------
TP14211 allocated to 4
----------------------

----------------------
TP14468 allocated to 4
----------------------

----------------------
TP14588 allocated to 4
----------------------

----------------------
TP14667 allocated to 4
----------------------

----------------------
TP14687 allocated to 4
----------------------

----------------------
TP14714 allocated to 4
----------------------

----------------------
TP14909 allocated to 4
----------------------

----------------------
TP15247 allocated to 5
----------------------

----------------------
TP15832 allocated to 4
----------------------

----------------------
TP16249 allocated to 5
----------------------

----------------------
TP16627 allocated to 4
----------------------

----------------------
TP18173 allocated to 4
----------------------

----------------------
TP18181 allocated to 5
----------------------

----------------------
TP18272 allocated to 5
----------------------

----------------------
TP18542 allocated to 5
----------------------

----------------------
TP18577 allocated to 5
----------------------

----------------------
TP19065 allocated to 5
----------------------

----------------------
TP19139 allocated to 5
----------------------

----------------------
TP19280 allocated to 1
----------------------

----------------------
TP19349 allocated to 5
----------------------

----------------------
TP19947 allocated to 1
----------------------

----------------------
TP19963 allocated to 1
----------------------

----------------------
TP20176 allocated to 5
----------------------

----------------------
TP20288 allocated to 5
----------------------

----------------------
TP20359 allocated to 5
----------------------

----------------------
TP20436 allocated to 5
----------------------

----------------------
TP20864 allocated to 5
----------------------

----------------------
TP20942 allocated to 5
----------------------

----------------------
TP21104 allocated to 5
----------------------

----------------------
TP21249 allocated to 5
----------------------

----------------------
TP21288 allocated to 6
----------------------

----------------------
TP21495 allocated to 6
----------------------

----------------------
TP21948 allocated to 6
----------------------

----------------------
TP22003 allocated to 6
----------------------

----------------------
TP22033 allocated to 6
----------------------

----------------------
TP22054 allocated to 1
----------------------

----------------------
TP22271 allocated to 6
----------------------

----------------------
TP22389 allocated to 6
----------------------

----------------------
TP22426 allocated to 6
----------------------

----------------------
TP22495 allocated to 6
----------------------

----------------------
TP22763 allocated to 6
----------------------

----------------------
TP22969 allocated to 6
----------------------

----------------------
TP23061 allocated to 6
----------------------

----------------------
TP23536 allocated to 6
----------------------

----------------------
TP23856 allocated to 1
----------------------

----------------------
TP23905 allocated to 6
----------------------

----------------------
TP24268 allocated to 3
----------------------

----------------------
TP24383 allocated to 3
----------------------

----------------------
TP24826 allocated to 6
----------------------

----------------------
TP25077 allocated to 1
----------------------

----------------------
TP25195 allocated to 6
----------------------

----------------------
TP25358 allocated to 1
----------------------

----------------------
TP25400 allocated to 6
----------------------

----------------------
TP25644 allocated to 6
----------------------

----------------------
TP25768 allocated to 6
----------------------

----------------------
TP26477 allocated to 1
----------------------

----------------------
TP27614 allocated to 1
----------------------

----------------------
TP27649 allocated to 6
----------------------

----------------------
TP28723 allocated to 7
----------------------

----------------------
TP28875 allocated to 7
----------------------

----------------------
TP29429 allocated to 6
----------------------

----------------------
TP29445 allocated to 7
----------------------

----------------------
TP29459 allocated to 7
----------------------

----------------------
TP29573 allocated to 7
----------------------

----------------------
TP29609 allocated to 7
----------------------

----------------------
TP29613 allocated to 7
----------------------

----------------------
TP29726 allocated to 7
----------------------

----------------------
TP30085 allocated to 7
----------------------

----------------------
TP30426 allocated to 7
----------------------

----------------------
TP30460 allocated to 7
----------------------

----------------------
TP30778 allocated to 7
----------------------

----------------------
TP30855 allocated to 7
----------------------

----------------------
TP30882 allocated to 7
----------------------

----------------------
TP31272 allocated to 7
----------------------

----------------------
TP31357 allocated to 7
----------------------

----------------------
TP31427 allocated to 8
----------------------

----------------------
TP31476 allocated to 8
----------------------

----------------------
TP31667 allocated to 8
----------------------

----------------------
TP31718 allocated to 8
----------------------

----------------------
TP32147 allocated to 8
----------------------

----------------------
TP32653 allocated to 8
----------------------

----------------------
TP32688 allocated to 1
----------------------

----------------------
TP32728 allocated to 8
----------------------

----------------------
TP33223 allocated to 8
----------------------

----------------------
TP33265 allocated to 8
----------------------

----------------------
TP33805 allocated to 8
----------------------

----------------------
TP33907 allocated to 8
----------------------

----------------------
TP34673 allocated to 8
----------------------

----------------------
TP34860 allocated to 8
----------------------

----------------------
TP34997 allocated to 8
----------------------

----------------------
TP35411 allocated to 8
----------------------

----------------------
TP35535 allocated to 1
----------------------

----------------------
TP35723 allocated to 8
----------------------

----------------------
TP35894 allocated to 8
----------------------

----------------------
TP36162 allocated to 8
----------------------

----------------------
TP36264 not allocated
----------------------

----------------------
TP36323 allocated to 8
----------------------

----------------------
TP36377 allocated to 8
----------------------

----------------------
TP36883 not allocated
----------------------

----------------------
TP37222 allocated to 8
----------------------

----------------------
TP37396 not allocated
----------------------

----------------------
TP37806 not allocated
----------------------

----------------------
TP37811 not allocated
----------------------

----------------------
TP38384 not allocated
----------------------

----------------------
TP38466 not allocated
----------------------

----------------------
TP38929 not allocated
----------------------

----------------------
TP39256 allocated to 5
----------------------

----------------------
TP39337 not allocated
----------------------

----------------------
TP39740 not allocated
----------------------

----------------------
TP39787 not allocated
----------------------

----------------------
TP39919 allocated to 1
----------------------

----------------------
TP40235 not allocated
----------------------

----------------------
TP40368 not allocated
----------------------

----------------------
TP40388 allocated to 1
----------------------

----------------------
TP40830 allocated to 1
----------------------

----------------------
TP41900 allocated to 1
----------------------

----------------------
TP42010 not allocated
----------------------

----------------------
TP42096 not allocated
----------------------

----------------------
TP43504 not allocated
----------------------

----------------------
TP43757 not allocated
----------------------

----------------------
TP43889 allocated to 1
----------------------

----------------------
TP44503 not allocated
----------------------

----------------------
TP44680 allocated to 1
----------------------

----------------------
TP44777 not allocated
----------------------

----------------------
TP45029 not allocated
----------------------

----------------------
TP45296 not allocated
----------------------

----------------------
TP45623 allocated to 1
----------------------

----------------------
TP45676 not allocated
----------------------

----------------------
TP45787 not allocated
----------------------

----------------------
TP45979 allocated to 1
----------------------

----------------------
TP46072 not allocated
----------------------

----------------------
TP46183 not allocated
----------------------

----------------------
TP46786 allocated to 1
----------------------

----------------------
TP47108 not allocated
----------------------

----------------------
TP47112 not allocated
----------------------

----------------------
TP47516 not allocated
----------------------

----------------------
TP47597 not allocated
----------------------

----------------------
TP48260 not allocated
----------------------

----------------------
TP48460 not allocated
----------------------

----------------------
TP48966 not allocated
----------------------

----------------------
TP49201 allocated to 1
----------------------

----------------------
TP49374 not allocated
----------------------

----------------------
TP49605 not allocated
----------------------

----------------------
TP49774 not allocated
----------------------

----------------------
TP49952 not allocated
----------------------

----------------------
TP49969 not allocated
----------------------

-------------------------------------------------------------------------

Ride-sharing vs Individual Mode - Num Vehicles and Distance Comparisson 

-------------------------------------------------------------------------
Individual Mode = 211 vehicles.
Ride-sharing Mode = 45 vehicles. The 8 ride-sharing vehicles + 37 vehicles of the individuals not served by the ride-sharing service.
-------------------------------------------------------------------------
Individual Mode = 521 distance.
Ride-sharing Mode = 903 distance. 800 from the EV fleet + 103 from the distance of the trips not covered individuals had to do with their own vehicle.
-------------------------------------------------------------------------
