-------------------------------------------------------------------------
TPs satisfied = 107; Total TPs = 174; Percentage Satisfied + 61.5%
-------------------------------------------------------------------------

-------------------------------------------------------------------------

EVs

-------------------------------------------------------------------------
--------------------------------------
EV1
--------------------------------------
Num TPs served = 29
TPs served = 262 457 504 1070 1224 1413 2392 2627 2864 2947 2989 3160 3634 3688 3967 4908 5566 6844 9716 12521 12864 13781 17461 27276 29621 41049 43209 46783 48299
Total energy used = 100
--------------------------------------
Schedule:
0 117 671 248 671 248 0 0 100 100 0 117 0
117 117 671 248 671 248 0 1 100 100 17461 32 0
117 118 671 248 671 248 1 1 100 100 0 1 0
118 118 671 248 671 248 1 0 100 100 -17461 32 0
118 516 671 248 671 248 0 0 100 100 0 398 0
516 516 671 248 671 248 0 1 100 100 262 32 0
516 520 671 248 672 251 1 0 100 96 -262 32 4
520 824 672 251 672 251 0 0 96 96 0 304 0
824 828 672 251 671 248 0 1 96 92 457 32 4
828 829 671 248 671 248 1 1 92 92 0 1 0
829 832 671 248 672 250 1 0 92 89 -457 32 3
832 909 672 250 672 250 0 0 89 89 0 77 0
909 912 672 250 671 248 0 1 89 86 504 32 3
912 915 671 248 671 248 1 1 86 86 0 3 0
915 916 671 248 672 248 1 0 86 85 -504 32 1
916 1871 672 248 672 248 0 0 85 85 0 955 0
1871 1872 672 248 671 248 0 1 85 84 1070 32 1
1872 1877 671 248 674 250 1 0 84 79 -1070 32 5
1877 2126 674 250 674 250 0 0 79 79 0 249 0
2126 2131 674 250 671 248 0 1 79 74 1224 32 5
2131 2133 671 248 673 248 1 0 74 72 -1224 32 2
2133 2460 673 248 673 248 0 0 72 72 0 327 0
2460 2462 673 248 671 248 0 1 72 70 1413 32 2
2462 2463 671 248 671 248 1 1 70 70 0 1 0
2463 2472 671 248 680 248 1 0 70 61 -1413 32 9
2472 4239 680 248 680 248 0 0 61 61 0 1767 0
4239 4248 680 248 671 248 0 1 61 52 2392 32 9
4248 4251 671 248 673 249 1 0 52 49 -2392 32 3
4251 4671 673 249 673 249 0 0 49 49 0 420 0
4671 4674 673 249 671 248 0 1 49 46 2627 32 3
4674 4676 671 248 673 248 1 0 46 44 -2627 32 2
4676 5102 673 248 673 248 0 0 44 44 0 426 0
5102 5104 673 248 671 248 0 1 44 42 2864 32 2
5104 5105 671 248 671 248 1 1 42 42 0 1 0
5105 5105 671 248 671 248 1 0 42 42 -2864 32 0
5105 5259 671 248 671 248 0 0 42 42 0 154 0
5259 5259 671 248 671 248 0 1 42 42 2947 32 0
5259 5260 671 248 672 248 1 0 42 41 -2947 32 1
5260 5330 672 248 672 248 0 0 41 41 0 70 0
5330 5331 672 248 671 248 0 1 41 40 2989 32 1
5331 5332 671 248 671 248 1 1 40 40 0 1 0
5332 5332 671 248 671 248 1 0 40 40 -2989 32 0
5332 5634 671 248 671 248 0 0 40 40 0 302 0
5634 5634 671 248 671 248 0 1 40 40 3160 32 0
5634 5641 671 248 675 251 1 0 40 33 -3160 32 7
5641 6501 675 251 675 251 0 0 33 33 0 860 0
6501 6508 675 251 671 248 0 1 33 26 3634 32 7
6508 6515 671 248 671 248 1 1 26 26 0 7 0
6515 6523 671 248 675 252 1 0 26 18 -3634 32 8
6523 6608 675 252 675 252 0 0 18 18 0 85 0
6608 6616 675 252 671 248 0 1 18 10 3688 32 8
6616 6618 671 248 671 250 1 0 10 8 -3688 32 2
6618 7124 671 250 671 250 0 0 8 8 0 506 0
7124 7126 671 250 671 248 0 1 8 6 3967 32 2
7126 7128 671 248 673 248 1 0 6 4 -3967 32 2
7128 8918 673 248 673 248 0 0 4 4 0 1790 0
8918 8920 673 248 671 248 0 1 4 2 4908 32 2
8920 8921 671 248 671 248 1 1 2 2 0 1 0
8921 8921 671 248 671 248 1 0 2 2 -4908 32 0
8921 10133 671 248 671 248 0 0 2 2 0 1212 0
10133 10133 671 248 671 248 0 1 2 2 5566 32 0
10133 10139 671 248 671 248 1 1 2 2 0 6 0
10139 10140 671 248 672 248 1 0 2 1 -5566 32 1
10140 12668 672 248 672 248 0 0 1 1 0 2528 0
12668 12669 672 248 671 248 0 1 1 0 6844 32 1
12669 12670 671 248 671 248 1 1 0 0 0 1 0
12670 12670 671 248 671 248 1 0 0 0 -6844 32 0
12670 15987 671 248 671 248 0 0 0 0 0 3317 0
15987 15987 671 248 671 248 0 1 0 0 41049 32 0
15987 15989 671 248 671 248 1 1 0 0 0 2 0
15989 15989 671 248 671 248 1 0 0 0 -41049 32 0
15989 19612 671 248 671 248 0 0 0 0 0 3623 0
19612 19612 671 248 671 248 0 1 0 0 9716 32 0
19612 19617 671 248 671 248 1 1 0 0 0 5 0
19617 19617 671 248 671 248 1 0 0 0 -9716 32 0
19617 20621 671 248 671 248 0 0 0 0 0 1004 0
20621 20621 671 248 671 248 0 1 0 0 43209 32 0
20621 20623 671 248 671 248 1 1 0 0 0 2 0
20623 20623 671 248 671 248 1 0 0 0 -43209 32 0
20623 25148 671 248 671 248 0 0 0 0 0 4525 0
25148 25148 671 248 671 248 0 1 0 0 27276 32 0
25148 25149 671 248 671 248 1 1 0 0 0 1 0
25149 25149 671 248 671 248 1 0 0 0 -27276 32 0
25149 27185 671 248 671 248 0 0 0 0 0 2036 0
27185 27185 671 248 671 248 0 1 0 0 46783 32 0
27185 27186 671 248 671 248 1 1 0 0 0 1 0
27186 27186 671 248 671 248 1 0 0 0 -46783 32 0
27186 28528 671 248 671 248 0 0 0 0 0 1342 0
28528 28528 671 248 671 248 0 1 0 0 12521 32 0
28528 28529 671 248 671 248 1 1 0 0 0 1 0
28529 28529 671 248 671 248 1 0 0 0 -12521 32 0
28529 29735 671 248 671 248 0 0 0 0 0 1206 0
29735 29735 671 248 671 248 0 1 0 0 29621 32 0
29735 29737 671 248 671 248 1 1 0 0 0 2 0
29737 29737 671 248 671 248 1 0 0 0 -29621 32 0
29737 29783 671 248 671 248 0 0 0 0 0 46 0
29783 29783 671 248 671 248 0 1 0 0 48299 32 0
29783 29784 671 248 671 248 1 1 0 0 0 1 0
29784 29784 671 248 671 248 1 0 0 0 -48299 32 0
29784 29803 671 248 671 248 0 0 0 0 0 19 0
29803 29803 671 248 671 248 0 1 0 0 12864 32 0
29803 29804 671 248 671 248 1 1 0 0 0 1 0
29804 29804 671 248 671 248 1 0 0 0 -12864 32 0
29804 33136 671 248 671 248 0 0 0 0 0 3332 0
33136 33136 671 248 671 248 0 1 0 0 13781 32 0
33136 33138 671 248 671 248 1 1 0 0 0 2 0
33138 33138 671 248 671 248 1 0 0 0 -13781 32 0
33138 43267 671 248 671 248 0 0 0 0 0 10129 0
43267 43267 671 248 671 248 0 0 0 0 1000000000 0 0
--------------------------------------
--------------------------------------
EV2
--------------------------------------
Num TPs served = 16
TPs served = 4057 4965 5921 6135 6480 6644 7483 7498 7578 7698 7790 7886 8151 8439 8663 8983
Total energy used = 100
--------------------------------------
Schedule:
0 7303 671 248 671 248 0 0 100 100 0 7303 0
7303 7303 671 248 671 248 0 1 100 100 4057 32 0
7303 7304 671 248 671 248 1 1 100 100 0 1 0
7304 7310 671 248 677 248 1 0 100 94 -4057 32 6
7310 9001 677 248 677 248 0 0 94 94 0 1691 0
9001 9007 677 248 671 248 0 1 94 88 4965 32 6
9007 9010 671 248 671 251 1 0 88 85 -4965 32 3
9010 10835 671 251 671 251 0 0 85 85 0 1825 0
10835 10838 671 251 671 248 0 1 85 82 5921 32 3
10838 10839 671 248 671 248 1 1 82 82 0 1 0
10839 10846 671 248 678 248 1 0 82 75 -5921 32 7
10846 11232 678 248 678 248 0 0 75 75 0 386 0
11232 11239 678 248 671 248 0 1 75 68 6135 32 7
11239 11247 671 248 671 248 1 1 68 68 0 8 0
11247 11249 671 248 671 250 1 0 68 66 -6135 32 2
11249 11902 671 250 671 250 0 0 66 66 0 653 0
11902 11904 671 250 671 248 0 1 66 64 6480 32 2
11904 11905 671 248 671 249 1 0 64 63 -6480 32 1
11905 12248 671 249 671 249 0 0 63 63 0 343 0
12248 12249 671 249 671 248 0 1 63 62 6644 32 1
12249 12254 671 248 671 253 1 0 62 57 -6644 32 5
12254 14090 671 253 671 253 0 0 57 57 0 1836 0
14090 14095 671 253 671 248 0 1 57 52 7483 32 5
14095 14124 671 248 671 248 1 1 52 52 0 29 0
14124 14124 671 248 671 248 1 2 52 52 7498 32 0
14124 14127 671 248 673 249 2 1 52 49 -7483 3 3
14127 14131 673 249 675 251 1 0 49 45 -7498 32 4
14131 14257 675 251 675 251 0 0 45 45 0 126 0
14257 14264 675 251 671 248 0 1 45 38 7578 32 7
14264 14265 671 248 672 248 1 0 38 37 -7578 32 1
14265 14538 672 248 672 248 0 0 37 37 0 273 0
14538 14539 672 248 671 248 0 1 37 36 7698 32 1
14539 14540 671 248 671 248 1 1 36 36 0 1 0
14540 14546 671 248 677 248 1 0 36 30 -7698 32 6
14546 14737 677 248 677 248 0 0 30 30 0 191 0
14737 14743 677 248 671 248 0 1 30 24 7790 32 6
14743 14744 671 248 672 248 1 0 24 23 -7790 32 1
14744 14948 672 248 672 248 0 0 23 23 0 204 0
14948 14949 672 248 671 248 0 1 23 22 7886 32 1
14949 14953 671 248 675 248 1 0 22 18 -7886 32 4
14953 15566 675 248 675 248 0 0 18 18 0 613 0
15566 15570 675 248 671 248 0 1 18 14 8151 32 4
15570 15578 671 248 671 248 1 1 14 14 0 8 0
15578 15580 671 248 671 250 1 0 14 12 -8151 32 2
15580 16234 671 250 671 250 0 0 12 12 0 654 0
16234 16236 671 250 671 248 0 1 12 10 8439 32 2
16236 16239 671 248 671 251 1 0 10 7 -8439 32 3
16239 16769 671 251 671 251 0 0 7 7 0 530 0
16769 16772 671 251 671 248 0 1 7 4 8663 32 3
16772 16773 671 248 671 248 1 1 4 4 0 1 0
16773 16774 671 248 671 249 1 0 4 3 -8663 32 1
16774 17608 671 249 671 249 0 0 3 3 0 834 0
17608 17609 671 249 671 248 0 1 3 2 8983 32 1
17609 17610 671 248 671 248 1 1 2 2 0 1 0
17610 17611 671 248 671 249 1 0 2 1 -8983 32 1
17611 43266 671 249 671 249 0 0 1 1 0 25655 0
43266 43267 671 249 671 248 0 0 1 0 1000000000 0 1
--------------------------------------
--------------------------------------
EV3
--------------------------------------
Num TPs served = 21
TPs served = 8540 8955 9062 9074 9434 9710 9939 10256 10566 10700 10951 11041 11589 12303 12346 12471 13064 13112 13538 24251 41733
Total energy used = 100
--------------------------------------
Schedule:
0 16470 671 248 671 248 0 0 100 100 0 16470 0
16470 16470 671 248 671 248 0 1 100 100 8540 32 0
16470 16473 671 248 672 250 1 0 100 97 -8540 32 3
16473 17532 672 250 672 250 0 0 97 97 0 1059 0
17532 17535 672 250 671 248 0 1 97 94 41733 32 3
17535 17544 671 248 671 248 1 1 94 94 0 9 0
17544 17544 671 248 671 248 1 2 94 94 8955 32 0
17544 17545 671 248 671 249 2 1 94 93 -41733 24 1
17545 17547 671 249 671 249 1 1 93 93 0 2 0
17547 17549 671 249 673 249 1 0 93 91 -8955 32 2
17549 17790 673 249 673 249 0 0 91 91 0 241 0
17790 17793 673 249 671 248 0 1 91 88 9062 32 3
17793 17825 671 248 671 248 1 1 88 88 0 32 0
17825 17825 671 248 671 248 1 2 88 88 9074 32 0
17825 17827 671 248 671 248 2 2 88 88 0 2 0
17827 17829 671 248 672 249 2 1 88 86 -9074 32 2
17829 17832 672 249 674 248 1 0 86 83 -9062 0 3
17832 18816 674 248 674 248 0 0 83 83 0 984 0
18816 18819 674 248 671 248 0 1 83 80 24251 32 3
18819 18843 671 248 671 248 1 1 80 80 0 24 0
18843 18843 671 248 671 248 1 2 80 80 9434 32 0
18843 18845 671 248 673 248 2 1 80 78 -24251 8 2
18845 18846 673 248 673 248 1 1 78 78 0 1 0
18846 18850 673 248 677 248 1 0 78 74 -9434 32 4
18850 19579 677 248 677 248 0 0 74 74 0 729 0
19579 19585 677 248 671 248 0 1 74 68 9710 32 6
19585 19586 671 248 671 248 1 1 68 68 0 1 0
19586 19587 671 248 672 248 1 0 68 67 -9710 32 1
19587 20218 672 248 672 248 0 0 67 67 0 631 0
20218 20219 672 248 671 248 0 1 67 66 9939 32 1
20219 20220 671 248 671 248 1 1 66 66 0 1 0
20220 20222 671 248 673 248 1 0 66 64 -9939 32 2
20222 21139 673 248 673 248 0 0 64 64 0 917 0
21139 21141 673 248 671 248 0 1 64 62 10256 32 2
21141 21143 671 248 673 248 1 0 62 60 -10256 32 2
21143 22001 673 248 673 248 0 0 60 60 0 858 0
22001 22003 673 248 671 248 0 1 60 58 10566 32 2
22003 22007 671 248 675 248 1 0 58 54 -10566 32 4
22007 22409 675 248 675 248 0 0 54 54 0 402 0
22409 22413 675 248 671 248 0 1 54 50 10700 32 4
22413 22415 671 248 671 248 1 1 50 50 0 2 0
22415 22418 671 248 672 250 1 0 50 47 -10700 32 3
22418 23224 672 250 672 250 0 0 47 47 0 806 0
23224 23227 672 250 671 248 0 1 47 44 10951 32 3
23227 23228 671 248 672 248 1 0 44 43 -10951 32 1
23228 23484 672 248 672 248 0 0 43 43 0 256 0
23484 23485 672 248 671 248 0 1 43 42 11041 32 1
23485 23487 671 248 673 248 1 0 42 40 -11041 32 2
23487 25313 673 248 673 248 0 0 40 40 0 1826 0
25313 25315 673 248 671 248 0 1 40 38 11589 32 2
25315 25317 671 248 671 250 1 0 38 36 -11589 32 2
25317 27770 671 250 671 250 0 0 36 36 0 2453 0
27770 27772 671 250 671 248 0 1 36 34 12303 32 2
27772 27773 671 248 672 248 1 0 34 33 -12303 32 1
27773 27905 672 248 672 248 0 0 33 33 0 132 0
27905 27906 672 248 671 248 0 1 33 32 12346 32 1
27906 27910 671 248 672 251 1 0 32 28 -12346 32 4
27910 28325 672 251 672 251 0 0 28 28 0 415 0
28325 28329 672 251 671 248 0 1 28 24 12471 32 4
28329 28331 671 248 673 248 1 0 24 22 -12471 32 2
28331 30540 673 248 673 248 0 0 22 22 0 2209 0
30540 30542 673 248 671 248 0 1 22 20 13064 32 2
30542 30543 671 248 671 248 1 1 20 20 0 1 0
30543 30544 671 248 672 248 1 0 20 19 -13064 32 1
30544 30711 672 248 672 248 0 0 19 19 0 167 0
30711 30712 672 248 671 248 0 1 19 18 13112 32 1
30712 30713 671 248 671 248 1 1 18 18 0 1 0
30713 30719 671 248 671 254 1 0 18 12 -13112 32 6
30719 32262 671 254 671 254 0 0 12 12 0 1543 0
32262 32268 671 254 671 248 0 1 12 6 13538 32 6
32268 32269 671 248 671 248 1 1 6 6 0 1 0
32269 32272 671 248 673 249 1 0 6 3 -13538 32 3
32272 43264 673 249 673 249 0 0 3 3 0 10992 0
43264 43267 673 249 671 248 0 0 3 0 1000000000 0 3
--------------------------------------
--------------------------------------
EV4
--------------------------------------
Num TPs served = 21
TPs served = 14333 14773 14846 15031 15193 16415 17046 17281 17791 17826 18179 18317 18415 19319 19335 19503 20139 20149 20150 20151 22845
Total energy used = 100
--------------------------------------
Schedule:
0 1173 671 248 671 248 0 0 100 100 0 1173 0
1173 1173 671 248 671 248 0 1 100 100 17791 32 0
1173 1176 671 248 674 248 1 0 100 97 -17791 32 3
1176 1285 674 248 674 248 0 0 97 97 0 109 0
1285 1288 674 248 671 248 0 1 97 94 17826 32 3
1288 1290 671 248 671 250 1 0 94 92 -17826 32 2
1290 2375 671 250 671 250 0 0 92 92 0 1085 0
2375 2377 671 250 671 248 0 1 92 90 18179 32 2
2377 2379 671 248 671 248 1 1 90 90 0 2 0
2379 2381 671 248 671 250 1 0 90 88 -18179 32 2
2381 2812 671 250 671 250 0 0 88 88 0 431 0
2812 2814 671 250 671 248 0 1 88 86 18317 32 2
2814 2818 671 248 673 250 1 0 86 82 -18317 32 4
2818 3132 673 250 673 250 0 0 82 82 0 314 0
3132 3136 673 250 671 248 0 1 82 78 18415 32 4
3136 3138 671 248 671 248 1 1 78 78 0 2 0
3138 3139 671 248 672 248 1 0 78 77 -18415 32 1
3139 5946 672 248 672 248 0 0 77 77 0 2807 0
5946 5947 672 248 671 248 0 1 77 76 19319 32 1
5947 5949 671 248 671 250 1 0 76 74 -19319 32 2
5949 6001 671 250 671 250 0 0 74 74 0 52 0
6001 6003 671 250 671 248 0 1 74 72 19335 32 2
6003 6005 671 248 673 248 1 0 72 70 -19335 32 2
6005 6557 673 248 673 248 0 0 70 70 0 552 0
6557 6559 673 248 671 248 0 1 70 68 19503 32 2
6559 6560 671 248 672 248 1 0 68 67 -19503 32 1
6560 8461 672 248 672 248 0 0 67 67 0 1901 0
8461 8462 672 248 671 248 0 1 67 66 20151 32 1
8462 8462 671 248 671 248 1 2 66 66 20150 31 0
8462 8462 671 248 671 248 2 3 66 66 20149 29 0
8462 8462 671 248 671 248 3 4 66 66 20139 6 0
8462 8464 671 248 673 248 4 3 66 64 -20150 32 2
8464 8467 673 248 672 250 3 2 64 61 -20151 31 3
8467 8470 672 250 674 249 2 1 61 58 -20149 25 3
8470 8473 674 249 673 251 1 0 58 55 -20139 0 3
8473 15612 673 251 673 251 0 0 55 55 0 7139 0
15612 15617 673 251 671 248 0 1 55 50 22845 32 5
15617 15618 671 248 671 248 1 1 50 50 0 1 0
15618 15619 671 248 672 248 1 0 50 49 -22845 32 1
15619 35239 672 248 672 248 0 0 49 49 0 19620 0
35239 35240 672 248 671 248 0 1 49 48 14333 32 1
35240 35253 671 248 671 248 1 1 48 48 0 13 0
35253 35262 671 248 675 253 1 0 48 39 -14333 32 9
35262 36950 675 253 675 253 0 0 39 39 0 1688 0
36950 36959 675 253 671 248 0 1 39 30 14773 32 9
36959 36960 671 248 671 248 1 1 30 30 0 1 0
36960 36961 671 248 671 249 1 0 30 29 -14773 32 1
36961 37226 671 249 671 249 0 0 29 29 0 265 0
37226 37227 671 249 671 248 0 1 29 28 14846 32 1
37227 37228 671 248 672 248 1 0 28 27 -14846 32 1
37228 37911 672 248 672 248 0 0 27 27 0 683 0
37911 37912 672 248 671 248 0 1 27 26 15031 32 1
37912 37913 671 248 671 248 1 1 26 26 0 1 0
37913 37914 671 248 672 248 1 0 26 25 -15031 32 1
37914 38587 672 248 672 248 0 0 25 25 0 673 0
38587 38588 672 248 671 248 0 1 25 24 15193 32 1
38588 38595 671 248 671 248 1 1 24 24 0 7 0
38595 38598 671 248 671 251 1 0 24 21 -15193 32 3
38598 41459 671 251 671 251 0 0 21 21 0 2861 0
41459 41462 671 251 671 248 0 1 21 18 16415 32 3
41462 41465 671 248 672 250 1 0 18 15 -16415 32 3
41465 42593 672 250 672 250 0 0 15 15 0 1128 0
42593 42596 672 250 671 248 0 1 15 12 17046 32 3
42596 42597 671 248 671 248 1 1 12 12 0 1 0
42597 42602 671 248 671 253 1 0 12 7 -17046 32 5
42602 42971 671 253 671 253 0 0 7 7 0 369 0
42971 42976 671 253 671 248 0 1 7 2 17281 32 5
42976 42977 671 248 671 248 1 1 2 2 0 1 0
42977 42978 671 248 672 248 1 0 2 1 -17281 32 1
42978 43266 672 248 672 248 0 0 1 1 0 288 0
43266 43267 672 248 671 248 0 0 1 0 1000000000 0 1
--------------------------------------
--------------------------------------
EV5
--------------------------------------
Num TPs served = 20
TPs served = 20184 20500 21099 22158 22881 23716 24025 24093 24620 24911 24973 25420 26213 26216 26892 27260 27331 28061 40158 40163
Total energy used = 100
--------------------------------------
Schedule:
0 8551 671 248 671 248 0 0 100 100 0 8551 0
8551 8551 671 248 671 248 0 1 100 100 20184 32 0
8551 8554 671 248 674 248 1 0 100 97 -20184 32 3
8554 9440 674 248 674 248 0 0 97 97 0 886 0
9440 9443 674 248 671 248 0 1 97 94 20500 32 3
9443 9445 671 248 673 248 1 0 94 92 -20500 32 2
9445 10999 673 248 673 248 0 0 92 92 0 1554 0
10999 11001 673 248 671 248 0 1 92 90 21099 32 2
11001 11005 671 248 675 248 1 0 90 86 -21099 32 4
11005 13886 675 248 675 248 0 0 86 86 0 2881 0
13886 13890 675 248 671 248 0 1 86 82 40163 32 4
13890 13890 671 248 671 248 1 2 82 82 40158 20 0
13890 13890 671 248 671 248 2 3 82 82 22158 8 0
13890 13891 671 248 671 248 3 3 82 82 0 1 0
13891 13892 671 248 671 249 3 2 82 81 -40163 32 1
13892 13893 671 249 672 249 2 1 81 80 -40158 19 1
13893 13895 672 249 674 249 1 0 80 78 -22158 8 2
13895 15695 674 249 674 249 0 0 78 78 0 1800 0
15695 15699 674 249 671 248 0 1 78 74 22881 32 4
15699 15701 671 248 671 248 1 1 74 74 0 2 0
15701 15706 671 248 675 249 1 0 74 69 -22881 32 5
15706 17673 675 249 675 249 0 0 69 69 0 1967 0
17673 17678 675 249 671 248 0 1 69 64 23716 32 5
17678 17684 671 248 676 249 1 0 64 58 -23716 32 6
17684 18335 676 249 676 249 0 0 58 58 0 651 0
18335 18341 676 249 671 248 0 1 58 52 24025 32 6
18341 18343 671 248 671 248 1 1 52 52 0 2 0
18343 18345 671 248 671 250 1 0 52 50 -24025 32 2
18345 18494 671 250 671 250 0 0 50 50 0 149 0
18494 18496 671 250 671 248 0 1 50 48 24093 32 2
18496 18497 671 248 671 248 1 1 48 48 0 1 0
18497 18501 671 248 675 248 1 0 48 44 -24093 32 4
18501 19655 675 248 675 248 0 0 44 44 0 1154 0
19655 19659 675 248 671 248 0 1 44 40 24620 32 4
19659 19661 671 248 673 248 1 0 40 38 -24620 32 2
19661 20287 673 248 673 248 0 0 38 38 0 626 0
20287 20289 673 248 671 248 0 1 38 36 24911 32 2
20289 20292 671 248 672 250 1 0 36 33 -24911 32 3
20292 20443 672 250 672 250 0 0 33 33 0 151 0
20443 20446 672 250 671 248 0 1 33 30 24973 32 3
20446 20452 671 248 671 248 1 1 30 30 0 6 0
20452 20455 671 248 674 248 1 0 30 27 -24973 32 3
20455 21401 674 248 674 248 0 0 27 27 0 946 0
21401 21404 674 248 671 248 0 1 27 24 25420 32 3
21404 21405 671 248 671 248 1 1 24 24 0 1 0
21405 21408 671 248 672 250 1 0 24 21 -25420 32 3
21408 23099 672 250 672 250 0 0 21 21 0 1691 0
23099 23102 672 250 671 248 0 1 21 18 26216 32 3
23102 23102 671 248 671 248 1 2 18 18 26213 26 0
23102 23104 671 248 673 248 2 1 18 16 -26216 32 2
23104 23105 673 248 672 248 1 0 16 15 -26213 24 1
23105 24448 672 248 672 248 0 0 15 15 0 1343 0
24448 24449 672 248 671 248 0 1 15 14 26892 32 1
24449 24450 671 248 672 248 1 0 14 13 -26892 32 1
24450 25120 672 248 672 248 0 0 13 13 0 670 0
25120 25121 672 248 671 248 0 1 13 12 27260 32 1
25121 25122 671 248 671 248 1 1 12 12 0 1 0
25122 25123 671 248 671 249 1 0 12 11 -27260 32 1
25123 25255 671 249 671 249 0 0 11 11 0 132 0
25255 25256 671 249 671 248 0 1 11 10 27331 32 1
25256 25258 671 248 671 248 1 1 10 10 0 2 0
25258 25261 671 248 674 248 1 0 10 7 -27331 32 3
25261 26632 674 248 674 248 0 0 7 7 0 1371 0
26632 26635 674 248 671 248 0 1 7 4 28061 32 3
26635 26638 671 248 671 248 1 1 4 4 0 3 0
26638 26640 671 248 673 248 1 0 4 2 -28061 32 2
26640 43265 673 248 673 248 0 0 2 2 0 16625 0
43265 43267 673 248 671 248 0 0 2 0 1000000000 0 2
--------------------------------------

-------------------------------------------------------------------------

TPs

-------------------------------------------------------------------------

----------------------
TP262 allocated to 1
----------------------

----------------------
TP457 allocated to 1
----------------------

----------------------
TP504 allocated to 1
----------------------

----------------------
TP1070 allocated to 1
----------------------

----------------------
TP1224 allocated to 1
----------------------

----------------------
TP1413 allocated to 1
----------------------

----------------------
TP2392 allocated to 1
----------------------

----------------------
TP2627 allocated to 1
----------------------

----------------------
TP2864 allocated to 1
----------------------

----------------------
TP2947 allocated to 1
----------------------

----------------------
TP2989 allocated to 1
----------------------

----------------------
TP3160 allocated to 1
----------------------

----------------------
TP3634 allocated to 1
----------------------

----------------------
TP3688 allocated to 1
----------------------

----------------------
TP3967 allocated to 1
----------------------

----------------------
TP4057 allocated to 2
----------------------

----------------------
TP4908 allocated to 1
----------------------

----------------------
TP4965 allocated to 2
----------------------

----------------------
TP5566 allocated to 1
----------------------

----------------------
TP5921 allocated to 2
----------------------

----------------------
TP6135 allocated to 2
----------------------

----------------------
TP6480 allocated to 2
----------------------

----------------------
TP6644 allocated to 2
----------------------

----------------------
TP6844 allocated to 1
----------------------

----------------------
TP7483 allocated to 2
----------------------

----------------------
TP7498 allocated to 2
----------------------

----------------------
TP7578 allocated to 2
----------------------

----------------------
TP7698 allocated to 2
----------------------

----------------------
TP7790 allocated to 2
----------------------

----------------------
TP7886 allocated to 2
----------------------

----------------------
TP8151 allocated to 2
----------------------

----------------------
TP8439 allocated to 2
----------------------

----------------------
TP8540 allocated to 3
----------------------

----------------------
TP8663 allocated to 2
----------------------

----------------------
TP8955 allocated to 3
----------------------

----------------------
TP8983 allocated to 2
----------------------

----------------------
TP9062 allocated to 3
----------------------

----------------------
TP9074 allocated to 3
----------------------

----------------------
TP9434 allocated to 3
----------------------

----------------------
TP9710 allocated to 3
----------------------

----------------------
TP9716 allocated to 1
----------------------

----------------------
TP9939 allocated to 3
----------------------

----------------------
TP10256 allocated to 3
----------------------

----------------------
TP10566 allocated to 3
----------------------

----------------------
TP10700 allocated to 3
----------------------

----------------------
TP10951 allocated to 3
----------------------

----------------------
TP11041 allocated to 3
----------------------

----------------------
TP11589 allocated to 3
----------------------

----------------------
TP12303 allocated to 3
----------------------

----------------------
TP12346 allocated to 3
----------------------

----------------------
TP12471 allocated to 3
----------------------

----------------------
TP12521 allocated to 1
----------------------

----------------------
TP12864 allocated to 1
----------------------

----------------------
TP13064 allocated to 3
----------------------

----------------------
TP13112 allocated to 3
----------------------

----------------------
TP13538 allocated to 3
----------------------

----------------------
TP13781 allocated to 1
----------------------

----------------------
TP14333 allocated to 4
----------------------

----------------------
TP14773 allocated to 4
----------------------

----------------------
TP14846 allocated to 4
----------------------

----------------------
TP15031 allocated to 4
----------------------

----------------------
TP15193 allocated to 4
----------------------

----------------------
TP16415 allocated to 4
----------------------

----------------------
TP17046 allocated to 4
----------------------

----------------------
TP17281 allocated to 4
----------------------

----------------------
TP17461 allocated to 1
----------------------

----------------------
TP17791 allocated to 4
----------------------

----------------------
TP17826 allocated to 4
----------------------

----------------------
TP18179 allocated to 4
----------------------

----------------------
TP18317 allocated to 4
----------------------

----------------------
TP18415 allocated to 4
----------------------

----------------------
TP19319 allocated to 4
----------------------

----------------------
TP19335 allocated to 4
----------------------

----------------------
TP19503 allocated to 4
----------------------

----------------------
TP20139 allocated to 4
----------------------

----------------------
TP20149 allocated to 4
----------------------

----------------------
TP20150 allocated to 4
----------------------

----------------------
TP20151 allocated to 4
----------------------

----------------------
TP20184 allocated to 5
----------------------

----------------------
TP20500 allocated to 5
----------------------

----------------------
TP21099 allocated to 5
----------------------

----------------------
TP22158 allocated to 5
----------------------

----------------------
TP22845 allocated to 4
----------------------

----------------------
TP22881 allocated to 5
----------------------

----------------------
TP23716 allocated to 5
----------------------

----------------------
TP24025 allocated to 5
----------------------

----------------------
TP24093 allocated to 5
----------------------

----------------------
TP24251 allocated to 3
----------------------

----------------------
TP24620 allocated to 5
----------------------

----------------------
TP24911 allocated to 5
----------------------

----------------------
TP24973 allocated to 5
----------------------

----------------------
TP25420 allocated to 5
----------------------

----------------------
TP26213 allocated to 5
----------------------

----------------------
TP26216 allocated to 5
----------------------

----------------------
TP26892 allocated to 5
----------------------

----------------------
TP27260 allocated to 5
----------------------

----------------------
TP27276 allocated to 1
----------------------

----------------------
TP27331 allocated to 5
----------------------

----------------------
TP28061 allocated to 5
----------------------

----------------------
TP28157 not allocated
----------------------

----------------------
TP28513 not allocated
----------------------

----------------------
TP29134 not allocated
----------------------

----------------------
TP29305 not allocated
----------------------

----------------------
TP29330 not allocated
----------------------

----------------------
TP29621 allocated to 1
----------------------

----------------------
TP29994 not allocated
----------------------

----------------------
TP31265 not allocated
----------------------

----------------------
TP31486 not allocated
----------------------

----------------------
TP31607 not allocated
----------------------

----------------------
TP31868 not allocated
----------------------

----------------------
TP31988 not allocated
----------------------

----------------------
TP32039 not allocated
----------------------

----------------------
TP32677 not allocated
----------------------

----------------------
TP32764 not allocated
----------------------

----------------------
TP32913 not allocated
----------------------

----------------------
TP34353 not allocated
----------------------

----------------------
TP34942 not allocated
----------------------

----------------------
TP35174 not allocated
----------------------

----------------------
TP35201 not allocated
----------------------

----------------------
TP35228 not allocated
----------------------

----------------------
TP35275 not allocated
----------------------

----------------------
TP35745 not allocated
----------------------

----------------------
TP36322 not allocated
----------------------

----------------------
TP36379 not allocated
----------------------

----------------------
TP36986 not allocated
----------------------

----------------------
TP37170 not allocated
----------------------

----------------------
TP37322 not allocated
----------------------

----------------------
TP37666 not allocated
----------------------

----------------------
TP38555 not allocated
----------------------

----------------------
TP38708 not allocated
----------------------

----------------------
TP38711 not allocated
----------------------

----------------------
TP39211 not allocated
----------------------

----------------------
TP39342 not allocated
----------------------

----------------------
TP39709 not allocated
----------------------

----------------------
TP39743 not allocated
----------------------

----------------------
TP40158 allocated to 5
----------------------

----------------------
TP40163 allocated to 5
----------------------

----------------------
TP40330 not allocated
----------------------

----------------------
TP40755 not allocated
----------------------

----------------------
TP41016 not allocated
----------------------

----------------------
TP41049 allocated to 1
----------------------

----------------------
TP41161 not allocated
----------------------

----------------------
TP41488 not allocated
----------------------

----------------------
TP41605 not allocated
----------------------

----------------------
TP41733 allocated to 3
----------------------

----------------------
TP41938 not allocated
----------------------

----------------------
TP42077 not allocated
----------------------

----------------------
TP42093 not allocated
----------------------

----------------------
TP42460 not allocated
----------------------

----------------------
TP42609 not allocated
----------------------

----------------------
TP42981 not allocated
----------------------

----------------------
TP43209 allocated to 1
----------------------

----------------------
TP43336 not allocated
----------------------

----------------------
TP43401 not allocated
----------------------

----------------------
TP44454 not allocated
----------------------

----------------------
TP44468 not allocated
----------------------

----------------------
TP44572 not allocated
----------------------

----------------------
TP44741 not allocated
----------------------

----------------------
TP45125 not allocated
----------------------

----------------------
TP45256 not allocated
----------------------

----------------------
TP45342 not allocated
----------------------

----------------------
TP45753 not allocated
----------------------

----------------------
TP45770 not allocated
----------------------

----------------------
TP46376 not allocated
----------------------

----------------------
TP46434 not allocated
----------------------

----------------------
TP46475 not allocated
----------------------

----------------------
TP46710 not allocated
----------------------

----------------------
TP46783 allocated to 1
----------------------

----------------------
TP46853 not allocated
----------------------

----------------------
TP47476 not allocated
----------------------

----------------------
TP47508 not allocated
----------------------

----------------------
TP48082 not allocated
----------------------

----------------------
TP48299 allocated to 1
----------------------

----------------------
TP48999 not allocated
----------------------

-------------------------------------------------------------------------

Ride-sharing vs Individual Mode - Num Vehicles and Distance Comparisson 

-------------------------------------------------------------------------
Individual Mode = 174 vehicles.
Ride-sharing Mode = 72 vehicles. The 5 ride-sharing vehicles + 67 vehicles of the individuals not served by the ride-sharing service.
-------------------------------------------------------------------------
Individual Mode = 427 distance.
Ride-sharing Mode = 660 distance. 500 from the EV fleet + 160 from the distance of the trips not covered individuals had to do with their own vehicle.
-------------------------------------------------------------------------
