-------------------------------------------------------------------------
TPs satisfied = 73; Total TPs = 197; Percentage Satisfied + 37.1%
-------------------------------------------------------------------------

-------------------------------------------------------------------------

EVs

-------------------------------------------------------------------------
--------------------------------------
EV1
--------------------------------------
Num TPs served = 40
TPs served = 77 149 199 226 232 770 822 829 1096 1110 1535 2164 2272 2301 2382 2451 2549 3150 3290 3558 3582 4175 4792 10271 10286 12157 21036 24017 27917 28377 28815 31617 32214 32938 34092 34870 35728 37420 45383 47528
Total energy used = 100
--------------------------------------
Schedule:
0 164 671 930 671 930 0 0 100 100 0 164 0
164 164 671 930 671 930 0 1 100 100 77 32 0
164 173 671 930 671 930 1 1 100 100 0 9 0
173 179 671 930 676 931 1 0 100 94 -77 32 6
179 282 676 931 676 931 0 0 94 94 0 103 0
282 288 676 931 671 930 0 1 94 88 149 32 6
288 290 671 930 671 930 1 1 88 88 0 2 0
290 292 671 930 673 930 1 0 88 86 -149 32 2
292 386 673 930 673 930 0 0 86 86 0 94 0
386 388 673 930 671 930 0 1 86 84 199 32 2
388 389 671 930 672 930 1 0 84 83 -199 32 1
389 442 672 930 672 930 0 0 83 83 0 53 0
442 443 672 930 671 930 0 1 83 82 232 32 1
443 443 671 930 671 930 1 2 82 82 226 21 0
443 445 671 930 673 930 2 1 82 80 -232 32 2
445 448 673 930 671 931 1 0 80 77 -226 18 3
448 1378 671 931 671 931 0 0 77 77 0 930 0
1378 1379 671 931 671 930 0 1 77 76 770 32 1
1379 1380 671 930 671 930 1 1 76 76 0 1 0
1380 1382 671 930 672 931 1 0 76 74 -770 32 2
1382 1472 672 931 672 931 0 0 74 74 0 90 0
1472 1474 672 931 671 930 0 1 74 72 829 32 2
1474 1474 671 930 671 930 1 2 72 72 822 24 0
1474 1474 671 930 671 930 2 1 72 72 -822 25 0
1474 1476 671 930 672 931 1 0 72 70 -829 32 2
1476 1702 672 931 672 931 0 0 70 70 0 226 0
1702 1704 672 931 671 930 0 1 70 68 35728 32 2
1704 1705 671 930 671 930 1 1 68 68 0 1 0
1705 1705 671 930 671 930 1 0 68 68 -35728 32 0
1705 1942 671 930 671 930 0 0 68 68 0 237 0
1942 1942 671 930 671 930 0 1 68 68 1110 32 0
1942 1942 671 930 671 930 1 2 68 68 1096 11 0
1942 1943 671 930 671 930 2 2 68 68 0 1 0
1943 1949 671 930 672 935 2 1 68 62 -1110 32 6
1949 1957 672 935 676 931 1 0 62 54 -1096 4 8
1957 2666 676 931 676 931 0 0 54 54 0 709 0
2666 2672 676 931 671 930 0 1 54 48 1535 32 6
2672 2675 671 930 674 930 1 0 48 45 -1535 32 3
2675 3820 674 930 674 930 0 0 45 45 0 1145 0
3820 3823 674 930 671 930 0 1 45 42 2164 32 3
3823 3825 671 930 671 930 1 1 42 42 0 2 0
3825 3825 671 930 671 930 1 0 42 42 -2164 32 0
3825 4030 671 930 671 930 0 0 42 42 0 205 0
4030 4030 671 930 671 930 0 1 42 42 2272 32 0
4030 4032 671 930 671 932 1 0 42 40 -2272 32 2
4032 4076 671 932 671 932 0 0 40 40 0 44 0
4076 4078 671 932 671 930 0 1 40 38 2301 32 2
4078 4080 671 930 671 930 1 1 38 38 0 2 0
4080 4082 671 930 672 931 1 0 38 36 -2301 32 2
4082 4227 672 931 672 931 0 0 36 36 0 145 0
4227 4229 672 931 671 930 0 1 36 34 2382 32 2
4229 4231 671 930 671 932 1 0 34 32 -2382 32 2
4231 4359 671 932 671 932 0 0 32 32 0 128 0
4359 4361 671 932 671 930 0 1 32 30 2451 32 2
4361 4362 671 930 671 931 1 0 30 29 -2451 32 1
4362 4524 671 931 671 931 0 0 29 29 0 162 0
4524 4525 671 931 671 930 0 1 29 28 2549 32 1
4525 4527 671 930 673 930 1 0 28 26 -2549 32 2
4527 5615 673 930 673 930 0 0 26 26 0 1088 0
5615 5617 673 930 671 930 0 1 26 24 3150 32 2
5617 5621 671 930 674 931 1 0 24 20 -3150 32 4
5621 5863 674 931 674 931 0 0 20 20 0 242 0
5863 5867 674 931 671 930 0 1 20 16 3290 32 4
5867 5870 671 930 671 930 1 1 16 16 0 3 0
5870 5872 671 930 671 932 1 0 16 14 -3290 32 2
5872 6355 671 932 671 932 0 0 14 14 0 483 0
6355 6357 671 932 671 930 0 1 14 12 3558 32 2
6357 6359 671 930 673 930 1 0 12 10 -3558 32 2
6359 6405 673 930 673 930 0 0 10 10 0 46 0
6405 6407 673 930 671 930 0 1 10 8 3582 32 2
6407 6409 671 930 671 932 1 0 8 6 -3582 32 2
6409 6666 671 932 671 932 0 0 6 6 0 257 0
6666 6668 671 932 671 930 0 1 6 4 37420 32 2
6668 6669 671 930 671 930 1 1 4 4 0 1 0
6669 6669 671 930 671 930 1 0 4 4 -37420 32 0
6669 7518 671 930 671 930 0 0 4 4 0 849 0
7518 7518 671 930 671 930 0 1 4 4 4175 32 0
7518 7519 671 930 671 930 1 1 4 4 0 1 0
7519 7520 671 930 672 930 1 0 4 3 -4175 32 1
7520 8692 672 930 672 930 0 0 3 3 0 1172 0
8692 8693 672 930 671 930 0 1 3 2 4792 32 1
8693 8694 671 930 672 930 1 0 2 1 -4792 32 1
8694 10840 672 930 672 930 0 0 1 1 0 2146 0
10840 10841 672 930 671 930 0 1 1 0 21036 32 1
10841 10842 671 930 671 930 1 1 0 0 0 1 0
10842 10842 671 930 671 930 1 0 0 0 -21036 32 0
10842 18324 671 930 671 930 0 0 0 0 0 7482 0
18324 18324 671 930 671 930 0 1 0 0 24017 32 0
18324 18325 671 930 671 930 1 1 0 0 0 1 0
18325 18325 671 930 671 930 1 0 0 0 -24017 32 0
18325 21187 671 930 671 930 0 0 0 0 0 2862 0
21187 21187 671 930 671 930 0 1 0 0 10271 32 0
21187 21188 671 930 671 930 1 1 0 0 0 1 0
21188 21188 671 930 671 930 1 0 0 0 -10271 32 0
21188 21240 671 930 671 930 0 0 0 0 0 52 0
21240 21240 671 930 671 930 0 1 0 0 10286 32 0
21240 21243 671 930 671 930 1 1 0 0 0 3 0
21243 21243 671 930 671 930 1 0 0 0 -10286 32 0
21243 24703 671 930 671 930 0 0 0 0 0 3460 0
24703 24703 671 930 671 930 0 1 0 0 45383 32 0
24703 24705 671 930 671 930 1 1 0 0 0 2 0
24705 24705 671 930 671 930 1 0 0 0 -45383 32 0
24705 26351 671 930 671 930 0 0 0 0 0 1646 0
26351 26351 671 930 671 930 0 1 0 0 27917 32 0
26351 26352 671 930 671 930 1 1 0 0 0 1 0
26352 26352 671 930 671 930 1 0 0 0 -27917 32 0
26352 27262 671 930 671 930 0 0 0 0 0 910 0
27262 27262 671 930 671 930 0 1 0 0 28377 32 0
27262 27262 671 930 671 930 1 2 0 0 12157 14 0
27262 27262 671 930 671 930 2 1 0 0 -12157 16 0
27262 27263 671 930 671 930 1 1 0 0 0 1 0
27263 27263 671 930 671 930 1 0 0 0 -28377 32 0
27263 28099 671 930 671 930 0 0 0 0 0 836 0
28099 28099 671 930 671 930 0 1 0 0 28815 32 0
28099 28101 671 930 671 930 1 1 0 0 0 2 0
28101 28101 671 930 671 930 1 0 0 0 -28815 32 0
28101 28406 671 930 671 930 0 0 0 0 0 305 0
28406 28406 671 930 671 930 0 1 0 0 47528 32 0
28406 28407 671 930 671 930 1 1 0 0 0 1 0
28407 28407 671 930 671 930 1 0 0 0 -47528 32 0
28407 33862 671 930 671 930 0 0 0 0 0 5455 0
33862 33862 671 930 671 930 0 1 0 0 31617 32 0
33862 33863 671 930 671 930 1 1 0 0 0 1 0
33863 33863 671 930 671 930 1 0 0 0 -31617 32 0
33863 35249 671 930 671 930 0 0 0 0 0 1386 0
35249 35249 671 930 671 930 0 1 0 0 32214 32 0
35249 35252 671 930 671 930 1 1 0 0 0 3 0
35252 35252 671 930 671 930 1 0 0 0 -32214 32 0
35252 37011 671 930 671 930 0 0 0 0 0 1759 0
37011 37011 671 930 671 930 0 1 0 0 32938 32 0
37011 37014 671 930 671 930 1 1 0 0 0 3 0
37014 37014 671 930 671 930 1 0 0 0 -32938 32 0
37014 40050 671 930 671 930 0 0 0 0 0 3036 0
40050 40050 671 930 671 930 0 1 0 0 34092 32 0
40050 40053 671 930 671 930 1 1 0 0 0 3 0
40053 40053 671 930 671 930 1 0 0 0 -34092 32 0
40053 42348 671 930 671 930 0 0 0 0 0 2295 0
42348 42348 671 930 671 930 0 1 0 0 34870 32 0
42348 42351 671 930 671 930 1 1 0 0 0 3 0
42351 42351 671 930 671 930 1 0 0 0 -34870 32 0
42351 43267 671 930 671 930 0 0 0 0 0 916 0
43267 43267 671 930 671 930 0 0 0 0 1000000000 0 0
--------------------------------------
--------------------------------------
EV2
--------------------------------------
Num TPs served = 15
TPs served = 3770 4733 4894 5026 5680 5829 6022 6098 6772 6957 7216 7323 8156 8421 8538
Total energy used = 100
--------------------------------------
Schedule:
0 6762 671 930 671 930 0 0 100 100 0 6762 0
6762 6762 671 930 671 930 0 1 100 100 3770 32 0
6762 6765 671 930 673 931 1 0 100 97 -3770 32 3
6765 8595 673 931 673 931 0 0 97 97 0 1830 0
8595 8598 673 931 671 930 0 1 97 94 4733 32 3
8598 8599 671 930 671 930 1 1 94 94 0 1 0
8599 8601 671 930 671 932 1 0 94 92 -4733 32 2
8601 8891 671 932 671 932 0 0 92 92 0 290 0
8891 8893 671 932 671 930 0 1 92 90 4894 32 2
8893 8898 671 930 671 930 1 1 90 90 0 5 0
8898 8900 671 930 673 930 1 0 90 88 -4894 32 2
8900 9115 673 930 673 930 0 0 88 88 0 215 0
9115 9117 673 930 671 930 0 1 88 86 5026 32 2
9117 9118 671 930 671 930 1 1 86 86 0 1 0
9118 9119 671 930 671 931 1 0 86 85 -5026 32 1
9119 10378 671 931 671 931 0 0 85 85 0 1259 0
10378 10379 671 931 671 930 0 1 85 84 5680 32 1
10379 10380 671 930 671 930 1 1 84 84 0 1 0
10380 10382 671 930 672 931 1 0 84 82 -5680 32 2
10382 10665 672 931 672 931 0 0 82 82 0 283 0
10665 10667 672 931 671 930 0 1 82 80 5829 32 2
10667 10670 671 930 671 930 1 1 80 80 0 3 0
10670 10681 671 930 673 939 1 0 80 69 -5829 32 11
10681 11016 673 939 673 939 0 0 69 69 0 335 0
11016 11027 673 939 671 930 0 1 69 58 6022 32 11
11027 11028 671 930 671 930 1 1 58 58 0 1 0
11028 11030 671 930 673 930 1 0 58 56 -6022 32 2
11030 11165 673 930 673 930 0 0 56 56 0 135 0
11165 11167 673 930 671 930 0 1 56 54 6098 32 2
11167 11171 671 930 675 930 1 0 54 50 -6098 32 4
11171 12511 675 930 675 930 0 0 50 50 0 1340 0
12511 12515 675 930 671 930 0 1 50 46 6772 32 4
12515 12517 671 930 672 931 1 0 46 44 -6772 32 2
12517 12915 672 931 672 931 0 0 44 44 0 398 0
12915 12917 672 931 671 930 0 1 44 42 6957 32 2
12917 12919 671 930 673 930 1 0 42 40 -6957 32 2
12919 13488 673 930 673 930 0 0 40 40 0 569 0
13488 13490 673 930 671 930 0 1 40 38 7216 32 2
13490 13497 671 930 678 930 1 0 38 31 -7216 32 7
13497 13703 678 930 678 930 0 0 31 31 0 206 0
13703 13710 678 930 671 930 0 1 31 24 7323 32 7
13710 13711 671 930 671 930 1 1 24 24 0 1 0
13711 13712 671 930 672 930 1 0 24 23 -7323 32 1
13712 15577 672 930 672 930 0 0 23 23 0 1865 0
15577 15578 672 930 671 930 0 1 23 22 8156 32 1
15578 15585 671 930 672 936 1 0 22 15 -8156 32 7
15585 16186 672 936 672 936 0 0 15 15 0 601 0
16186 16193 672 936 671 930 0 1 15 8 8421 32 7
16193 16195 671 930 671 930 1 1 8 8 0 2 0
16195 16198 671 930 671 933 1 0 8 5 -8421 32 3
16198 16460 671 933 671 933 0 0 5 5 0 262 0
16460 16463 671 933 671 930 0 1 5 2 8538 32 3
16463 16464 671 930 671 931 1 0 2 1 -8538 32 1
16464 43266 671 931 671 931 0 0 1 1 0 26802 0
43266 43267 671 931 671 930 0 0 1 0 1000000000 0 1
--------------------------------------
--------------------------------------
EV3
--------------------------------------
Num TPs served = 18
TPs served = 8703 9553 9554 9603 9755 10440 10630 11479 11565 11918 12128 12651 12889 13201 13593 13651 13754 27952
Total energy used = 100
--------------------------------------
Schedule:
0 16884 671 930 671 930 0 0 100 100 0 16884 0
16884 16884 671 930 671 930 0 1 100 100 8703 32 0
16884 16885 671 930 671 930 1 1 100 100 0 1 0
16885 16896 671 930 682 930 1 0 100 89 -8703 32 11
16896 19154 682 930 682 930 0 0 89 89 0 2258 0
19154 19165 682 930 671 930 0 1 89 78 9554 32 11
19165 19165 671 930 671 930 1 2 78 78 9553 26 0
19165 19166 671 930 671 930 2 2 78 78 0 1 0
19166 19167 671 930 672 930 2 1 78 77 -9554 32 1
19167 19168 672 930 673 930 1 0 77 76 -9553 32 1
19168 19296 673 930 673 930 0 0 76 76 0 128 0
19296 19298 673 930 671 930 0 1 76 74 9603 32 2
19298 19299 671 930 671 931 1 0 74 73 -9603 32 1
19299 19742 671 931 671 931 0 0 73 73 0 443 0
19742 19743 671 931 671 930 0 1 73 72 9755 32 1
19743 19745 671 930 672 931 1 0 72 70 -9755 32 2
19745 21671 672 931 672 931 0 0 70 70 0 1926 0
21671 21673 672 931 671 930 0 1 70 68 10440 32 2
21673 21677 671 930 674 931 1 0 68 64 -10440 32 4
21677 22194 674 931 674 931 0 0 64 64 0 517 0
22194 22198 674 931 671 930 0 1 64 60 10630 32 4
22198 22199 671 930 671 930 1 1 60 60 0 1 0
22199 22200 671 930 672 930 1 0 60 59 -10630 32 1
22200 24931 672 930 672 930 0 0 59 59 0 2731 0
24931 24932 672 930 671 930 0 1 59 58 11479 32 1
24932 24934 671 930 672 931 1 0 58 56 -11479 32 2
24934 25233 672 931 672 931 0 0 56 56 0 299 0
25233 25235 672 931 671 930 0 1 56 54 11565 32 2
25235 25238 671 930 673 931 1 0 54 51 -11565 32 3
25238 26419 673 931 673 931 0 0 51 51 0 1181 0
26419 26422 673 931 671 930 0 1 51 48 27952 32 3
26422 26422 671 930 671 930 1 2 48 48 11918 22 0
26422 26423 671 930 671 930 2 2 48 48 0 1 0
26423 26425 671 930 673 930 2 1 48 46 -27952 32 2
26425 26426 673 930 673 931 1 0 46 45 -11918 22 1
26426 27163 673 931 673 931 0 0 45 45 0 737 0
27163 27166 673 931 671 930 0 1 45 42 12128 32 3
27166 27167 671 930 671 930 1 1 42 42 0 1 0
27167 27169 671 930 672 931 1 0 42 40 -12128 32 2
27169 29006 672 931 672 931 0 0 40 40 0 1837 0
29006 29008 672 931 671 930 0 1 40 38 12651 32 2
29008 29009 671 930 671 931 1 0 38 37 -12651 32 1
29009 29895 671 931 671 931 0 0 37 37 0 886 0
29895 29896 671 931 671 930 0 1 37 36 12889 32 1
29896 29897 671 930 671 931 1 0 36 35 -12889 32 1
29897 30967 671 931 671 931 0 0 35 35 0 1070 0
30967 30968 671 931 671 930 0 1 35 34 13201 32 1
30968 30969 671 930 672 930 1 0 34 33 -13201 32 1
30969 32476 672 930 672 930 0 0 33 33 0 1507 0
32476 32477 672 930 671 930 0 1 33 32 13593 32 1
32477 32478 671 930 671 930 1 1 32 32 0 1 0
32478 32485 671 930 678 930 1 0 32 25 -13593 32 7
32485 32650 678 930 678 930 0 0 25 25 0 165 0
32650 32657 678 930 671 930 0 1 25 18 13651 32 7
32657 32659 671 930 671 930 1 1 18 18 0 2 0
32659 32660 671 930 672 930 1 0 18 17 -13651 32 1
32660 33050 672 930 672 930 0 0 17 17 0 390 0
33050 33051 672 930 671 930 0 1 17 16 13754 32 1
33051 33053 671 930 671 930 1 1 16 16 0 2 0
33053 33061 671 930 672 937 1 0 16 8 -13754 32 8
33061 43259 672 937 672 937 0 0 8 8 0 10198 0
43259 43267 672 937 671 930 0 0 8 0 1000000000 0 8
--------------------------------------

-------------------------------------------------------------------------

TPs

-------------------------------------------------------------------------

----------------------
TP77 allocated to 1
----------------------

----------------------
TP149 allocated to 1
----------------------

----------------------
TP199 allocated to 1
----------------------

----------------------
TP226 allocated to 1
----------------------

----------------------
TP232 allocated to 1
----------------------

----------------------
TP770 allocated to 1
----------------------

----------------------
TP822 allocated to 1
----------------------

----------------------
TP829 allocated to 1
----------------------

----------------------
TP1096 allocated to 1
----------------------

----------------------
TP1110 allocated to 1
----------------------

----------------------
TP1535 allocated to 1
----------------------

----------------------
TP2164 allocated to 1
----------------------

----------------------
TP2272 allocated to 1
----------------------

----------------------
TP2301 allocated to 1
----------------------

----------------------
TP2382 allocated to 1
----------------------

----------------------
TP2451 allocated to 1
----------------------

----------------------
TP2549 allocated to 1
----------------------

----------------------
TP3150 allocated to 1
----------------------

----------------------
TP3290 allocated to 1
----------------------

----------------------
TP3558 allocated to 1
----------------------

----------------------
TP3582 allocated to 1
----------------------

----------------------
TP3770 allocated to 2
----------------------

----------------------
TP4175 allocated to 1
----------------------

----------------------
TP4733 allocated to 2
----------------------

----------------------
TP4792 allocated to 1
----------------------

----------------------
TP4894 allocated to 2
----------------------

----------------------
TP5026 allocated to 2
----------------------

----------------------
TP5680 allocated to 2
----------------------

----------------------
TP5829 allocated to 2
----------------------

----------------------
TP6022 allocated to 2
----------------------

----------------------
TP6098 allocated to 2
----------------------

----------------------
TP6772 allocated to 2
----------------------

----------------------
TP6957 allocated to 2
----------------------

----------------------
TP7216 allocated to 2
----------------------

----------------------
TP7323 allocated to 2
----------------------

----------------------
TP8156 allocated to 2
----------------------

----------------------
TP8421 allocated to 2
----------------------

----------------------
TP8538 allocated to 2
----------------------

----------------------
TP8703 allocated to 3
----------------------

----------------------
TP9553 allocated to 3
----------------------

----------------------
TP9554 allocated to 3
----------------------

----------------------
TP9603 allocated to 3
----------------------

----------------------
TP9755 allocated to 3
----------------------

----------------------
TP10271 allocated to 1
----------------------

----------------------
TP10286 allocated to 1
----------------------

----------------------
TP10440 allocated to 3
----------------------

----------------------
TP10630 allocated to 3
----------------------

----------------------
TP11479 allocated to 3
----------------------

----------------------
TP11565 allocated to 3
----------------------

----------------------
TP11918 allocated to 3
----------------------

----------------------
TP12128 allocated to 3
----------------------

----------------------
TP12157 allocated to 1
----------------------

----------------------
TP12651 allocated to 3
----------------------

----------------------
TP12889 allocated to 3
----------------------

----------------------
TP13201 allocated to 3
----------------------

----------------------
TP13593 allocated to 3
----------------------

----------------------
TP13651 allocated to 3
----------------------

----------------------
TP13754 allocated to 3
----------------------

----------------------
TP14312 not allocated
----------------------

----------------------
TP14568 not allocated
----------------------

----------------------
TP14867 not allocated
----------------------

----------------------
TP14957 not allocated
----------------------

----------------------
TP15186 not allocated
----------------------

----------------------
TP15233 not allocated
----------------------

----------------------
TP15282 not allocated
----------------------

----------------------
TP15654 not allocated
----------------------

----------------------
TP15731 not allocated
----------------------

----------------------
TP15858 not allocated
----------------------

----------------------
TP17163 not allocated
----------------------

----------------------
TP18043 not allocated
----------------------

----------------------
TP18081 not allocated
----------------------

----------------------
TP18082 not allocated
----------------------

----------------------
TP18563 not allocated
----------------------

----------------------
TP18706 not allocated
----------------------

----------------------
TP18988 not allocated
----------------------

----------------------
TP19051 not allocated
----------------------

----------------------
TP20529 not allocated
----------------------

----------------------
TP20608 not allocated
----------------------

----------------------
TP20610 not allocated
----------------------

----------------------
TP20662 not allocated
----------------------

----------------------
TP20729 not allocated
----------------------

----------------------
TP20768 not allocated
----------------------

----------------------
TP21016 not allocated
----------------------

----------------------
TP21036 allocated to 1
----------------------

----------------------
TP21565 not allocated
----------------------

----------------------
TP21967 not allocated
----------------------

----------------------
TP22432 not allocated
----------------------

----------------------
TP23737 not allocated
----------------------

----------------------
TP23767 not allocated
----------------------

----------------------
TP24017 allocated to 1
----------------------

----------------------
TP24027 not allocated
----------------------

----------------------
TP24084 not allocated
----------------------

----------------------
TP24140 not allocated
----------------------

----------------------
TP24225 not allocated
----------------------

----------------------
TP24552 not allocated
----------------------

----------------------
TP24598 not allocated
----------------------

----------------------
TP25050 not allocated
----------------------

----------------------
TP25100 not allocated
----------------------

----------------------
TP25550 not allocated
----------------------

----------------------
TP25826 not allocated
----------------------

----------------------
TP25966 not allocated
----------------------

----------------------
TP26423 not allocated
----------------------

----------------------
TP26720 not allocated
----------------------

----------------------
TP27009 not allocated
----------------------

----------------------
TP27781 not allocated
----------------------

----------------------
TP27917 allocated to 1
----------------------

----------------------
TP27952 allocated to 3
----------------------

----------------------
TP28377 allocated to 1
----------------------

----------------------
TP28687 not allocated
----------------------

----------------------
TP28815 allocated to 1
----------------------

----------------------
TP28986 not allocated
----------------------

----------------------
TP28993 not allocated
----------------------

----------------------
TP28995 not allocated
----------------------

----------------------
TP29242 not allocated
----------------------

----------------------
TP29661 not allocated
----------------------

----------------------
TP29947 not allocated
----------------------

----------------------
TP30428 not allocated
----------------------

----------------------
TP30750 not allocated
----------------------

----------------------
TP31111 not allocated
----------------------

----------------------
TP31199 not allocated
----------------------

----------------------
TP31487 not allocated
----------------------

----------------------
TP31617 allocated to 1
----------------------

----------------------
TP31671 not allocated
----------------------

----------------------
TP31699 not allocated
----------------------

----------------------
TP31800 not allocated
----------------------

----------------------
TP32214 allocated to 1
----------------------

----------------------
TP32463 not allocated
----------------------

----------------------
TP32924 not allocated
----------------------

----------------------
TP32938 allocated to 1
----------------------

----------------------
TP33117 not allocated
----------------------

----------------------
TP33186 not allocated
----------------------

----------------------
TP33489 not allocated
----------------------

----------------------
TP33631 not allocated
----------------------

----------------------
TP33976 not allocated
----------------------

----------------------
TP34076 not allocated
----------------------

----------------------
TP34092 allocated to 1
----------------------

----------------------
TP34160 not allocated
----------------------

----------------------
TP34301 not allocated
----------------------

----------------------
TP34653 not allocated
----------------------

----------------------
TP34870 allocated to 1
----------------------

----------------------
TP35101 not allocated
----------------------

----------------------
TP35462 not allocated
----------------------

----------------------
TP35605 not allocated
----------------------

----------------------
TP35672 not allocated
----------------------

----------------------
TP35728 allocated to 1
----------------------

----------------------
TP35864 not allocated
----------------------

----------------------
TP36143 not allocated
----------------------

----------------------
TP36788 not allocated
----------------------

----------------------
TP37059 not allocated
----------------------

----------------------
TP37105 not allocated
----------------------

----------------------
TP37307 not allocated
----------------------

----------------------
TP37420 allocated to 1
----------------------

----------------------
TP37481 not allocated
----------------------

----------------------
TP37483 not allocated
----------------------

----------------------
TP38120 not allocated
----------------------

----------------------
TP38880 not allocated
----------------------

----------------------
TP38885 not allocated
----------------------

----------------------
TP39004 not allocated
----------------------

----------------------
TP39360 not allocated
----------------------

----------------------
TP39509 not allocated
----------------------

----------------------
TP40012 not allocated
----------------------

----------------------
TP40067 not allocated
----------------------

----------------------
TP41345 not allocated
----------------------

----------------------
TP41422 not allocated
----------------------

----------------------
TP41579 not allocated
----------------------

----------------------
TP41649 not allocated
----------------------

----------------------
TP41824 not allocated
----------------------

----------------------
TP41839 not allocated
----------------------

----------------------
TP41951 not allocated
----------------------

----------------------
TP42413 not allocated
----------------------

----------------------
TP43197 not allocated
----------------------

----------------------
TP43520 not allocated
----------------------

----------------------
TP43842 not allocated
----------------------

----------------------
TP43895 not allocated
----------------------

----------------------
TP44817 not allocated
----------------------

----------------------
TP44837 not allocated
----------------------

----------------------
TP45281 not allocated
----------------------

----------------------
TP45324 not allocated
----------------------

----------------------
TP45383 allocated to 1
----------------------

----------------------
TP45397 not allocated
----------------------

----------------------
TP45467 not allocated
----------------------

----------------------
TP45472 not allocated
----------------------

----------------------
TP45595 not allocated
----------------------

----------------------
TP45677 not allocated
----------------------

----------------------
TP46594 not allocated
----------------------

----------------------
TP46739 not allocated
----------------------

----------------------
TP46774 not allocated
----------------------

----------------------
TP47190 not allocated
----------------------

----------------------
TP47300 not allocated
----------------------

----------------------
TP47528 allocated to 1
----------------------

----------------------
TP47643 not allocated
----------------------

----------------------
TP47887 not allocated
----------------------

----------------------
TP48298 not allocated
----------------------

----------------------
TP48518 not allocated
----------------------

----------------------
TP49677 not allocated
----------------------

----------------------
TP49698 not allocated
----------------------

----------------------
TP49714 not allocated
----------------------

-------------------------------------------------------------------------

Ride-sharing vs Individual Mode - Num Vehicles and Distance Comparisson 

-------------------------------------------------------------------------
Individual Mode = 197 vehicles.
Ride-sharing Mode = 127 vehicles. The 3 ride-sharing vehicles + 124 vehicles of the individuals not served by the ride-sharing service.
-------------------------------------------------------------------------
Individual Mode = 473 distance.
Ride-sharing Mode = 618 distance. 300 from the EV fleet + 318 from the distance of the trips not covered individuals had to do with their own vehicle.
-------------------------------------------------------------------------
