-------------------------------------------------------------------------
TPs satisfied = 126; Total TPs = 178; Percentage Satisfied + 70.8%
-------------------------------------------------------------------------

-------------------------------------------------------------------------

EVs

-------------------------------------------------------------------------
--------------------------------------
EV1
--------------------------------------
Num TPs served = 41
TPs served = 68 98 322 998 1266 1444 1488 1996 2323 2694 2791 3043 3323 3334 3653 3940 4178 4567 4735 4744 5386 5414 6386 6911 8452 10177 20275 21224 24207 25067 25660 27223 30411 30812 36049 37966 41592 41874 42173 43933 49915
Total energy used = 100
--------------------------------------
Schedule:
0 148 0 868 0 868 0 0 100 100 0 148 0
148 148 0 868 0 868 0 1 100 100 68 32 0
148 151 0 868 0 868 1 1 100 100 0 3 0
151 160 0 868 5 872 1 0 100 91 -68 32 9
160 186 5 872 5 872 0 0 91 91 0 26 0
186 195 5 872 0 868 0 1 91 82 98 32 9
195 196 0 868 1 868 1 0 82 81 -98 32 1
196 623 1 868 1 868 0 0 81 81 0 427 0
623 624 1 868 0 868 0 1 81 80 322 32 1
624 625 0 868 1 868 1 0 80 79 -322 32 1
625 1754 1 868 1 868 0 0 79 79 0 1129 0
1754 1755 1 868 0 868 0 1 79 78 998 32 1
1755 1757 0 868 0 870 1 0 78 76 -998 32 2
1757 2207 0 870 0 870 0 0 76 76 0 450 0
2207 2209 0 870 0 868 0 1 76 74 1266 32 2
2209 2210 0 868 0 869 1 0 74 73 -1266 32 1
2210 2517 0 869 0 869 0 0 73 73 0 307 0
2517 2518 0 869 0 868 0 1 73 72 1444 32 1
2518 2521 0 868 3 868 1 0 72 69 -1444 32 3
2521 2623 3 868 3 868 0 0 69 69 0 102 0
2623 2626 3 868 0 868 0 1 69 66 36049 32 3
2626 2626 0 868 0 868 1 2 66 66 1488 6 0
2626 2628 0 868 2 868 2 1 66 64 -36049 32 2
2628 2628 2 868 2 868 1 0 64 64 -1488 6 0
2628 3510 2 868 2 868 0 0 64 64 0 882 0
3510 3512 2 868 0 868 0 1 64 62 1996 32 2
3512 3513 0 868 0 868 1 1 62 62 0 1 0
3513 3515 0 868 2 868 1 0 62 60 -1996 32 2
3515 4116 2 868 2 868 0 0 60 60 0 601 0
4116 4118 2 868 0 868 0 1 60 58 2323 32 2
4118 4120 0 868 2 868 1 0 58 56 -2323 32 2
4120 4786 2 868 2 868 0 0 56 56 0 666 0
4786 4788 2 868 0 868 0 1 56 54 2694 32 2
4788 4789 0 868 0 868 1 1 54 54 0 1 0
4789 4794 0 868 5 868 1 0 54 49 -2694 32 5
4794 4964 5 868 5 868 0 0 49 49 0 170 0
4964 4969 5 868 0 868 0 1 49 44 2791 32 5
4969 4970 0 868 0 868 1 1 44 44 0 1 0
4970 4970 0 868 0 868 1 0 44 44 -2791 32 0
4970 5436 0 868 0 868 0 0 44 44 0 466 0
5436 5436 0 868 0 868 0 1 44 44 3043 32 0
5436 5438 0 868 1 869 1 0 44 42 -3043 32 2
5438 5940 1 869 1 869 0 0 42 42 0 502 0
5940 5942 1 869 0 868 0 1 42 40 3334 32 2
5942 5942 0 868 0 868 1 2 40 40 3323 15 0
5942 5942 0 868 0 868 2 1 40 40 -3323 16 0
5942 5943 0 868 0 868 1 1 40 40 0 1 0
5943 5947 0 868 3 869 1 0 40 36 -3334 32 4
5947 6550 3 869 3 869 0 0 36 36 0 603 0
6550 6554 3 869 0 868 0 1 36 32 3653 32 4
6554 6557 0 868 0 868 1 1 32 32 0 3 0
6557 6558 0 868 1 868 1 0 32 31 -3653 32 1
6558 7072 1 868 1 868 0 0 31 31 0 514 0
7072 7073 1 868 0 868 0 1 31 30 3940 32 1
7073 7075 0 868 1 869 1 0 30 28 -3940 32 2
7075 7523 1 869 1 869 0 0 28 28 0 448 0
7523 7525 1 869 0 868 0 1 28 26 4178 32 2
7525 7527 0 868 0 870 1 0 26 24 -4178 32 2
7527 8154 0 870 0 870 0 0 24 24 0 627 0
8154 8156 0 870 0 868 0 1 24 22 37966 32 2
8156 8157 0 868 0 868 1 1 22 22 0 1 0
8157 8157 0 868 0 868 1 0 22 22 -37966 32 0
8157 8256 0 868 0 868 0 0 22 22 0 99 0
8256 8256 0 868 0 868 0 1 22 22 4567 32 0
8256 8257 0 868 0 868 1 1 22 22 0 1 0
8257 8258 0 868 1 868 1 0 22 21 -4567 32 1
8258 8619 1 868 1 868 0 0 21 21 0 361 0
8619 8620 1 868 0 868 0 1 21 20 4744 32 1
8620 8620 0 868 0 868 1 2 20 20 4735 12 0
8620 8621 0 868 0 869 2 1 20 19 -4744 32 1
8621 8626 0 869 1 873 1 0 19 14 -4735 12 5
8626 8819 1 873 1 873 0 0 14 14 0 193 0
8819 8825 1 873 0 868 0 1 14 8 20275 32 6
8825 8826 0 868 0 868 1 1 8 8 0 1 0
8826 8826 0 868 0 868 1 0 8 8 -20275 32 0
8826 9799 0 868 0 868 0 0 8 8 0 973 0
9799 9799 0 868 0 868 0 1 8 8 5386 32 0
9799 9801 0 868 2 868 1 0 8 6 -5386 32 2
9801 9840 2 868 2 868 0 0 6 6 0 39 0
9840 9842 2 868 0 868 0 1 6 4 5414 32 2
9842 9844 0 868 1 869 1 0 4 2 -5414 32 2
9844 11354 1 869 1 869 0 0 2 2 0 1510 0
11354 11356 1 869 0 868 0 1 2 0 21224 32 2
11356 11357 0 868 0 868 1 1 0 0 0 1 0
11357 11357 0 868 0 868 1 0 0 0 -21224 32 0
11357 11733 0 868 0 868 0 0 0 0 0 376 0
11733 11733 0 868 0 868 0 1 0 0 6386 32 0
11733 11734 0 868 0 868 1 1 0 0 0 1 0
11734 11734 0 868 0 868 1 0 0 0 -6386 32 0
11734 12810 0 868 0 868 0 0 0 0 0 1076 0
12810 12810 0 868 0 868 0 1 0 0 6911 32 0
12810 12816 0 868 0 868 1 1 0 0 0 6 0
12816 12816 0 868 0 868 1 0 0 0 -6911 32 0
12816 16261 0 868 0 868 0 0 0 0 0 3445 0
16261 16261 0 868 0 868 0 1 0 0 8452 32 0
16261 16263 0 868 0 868 1 1 0 0 0 2 0
16263 16263 0 868 0 868 1 0 0 0 -8452 32 0
16263 17229 0 868 0 868 0 0 0 0 0 966 0
17229 17229 0 868 0 868 0 1 0 0 41592 32 0
17229 17231 0 868 0 868 1 1 0 0 0 2 0
17231 17231 0 868 0 868 1 0 0 0 -41592 32 0
17231 17844 0 868 0 868 0 0 0 0 0 613 0
17844 17844 0 868 0 868 0 1 0 0 41874 32 0
17844 17845 0 868 0 868 1 1 0 0 0 1 0
17845 17845 0 868 0 868 1 0 0 0 -41874 32 0
17845 18484 0 868 0 868 0 0 0 0 0 639 0
18484 18484 0 868 0 868 0 1 0 0 42173 32 0
18484 18487 0 868 0 868 1 1 0 0 0 3 0
18487 18487 0 868 0 868 1 0 0 0 -42173 32 0
18487 18730 0 868 0 868 0 0 0 0 0 243 0
18730 18730 0 868 0 868 0 1 0 0 24207 32 0
18730 18732 0 868 0 868 1 1 0 0 0 2 0
18732 18732 0 868 0 868 1 0 0 0 -24207 32 0
18732 20667 0 868 0 868 0 0 0 0 0 1935 0
20667 20667 0 868 0 868 0 1 0 0 25067 32 0
20667 20668 0 868 0 868 1 1 0 0 0 1 0
20668 20668 0 868 0 868 1 0 0 0 -25067 32 0
20668 20903 0 868 0 868 0 0 0 0 0 235 0
20903 20903 0 868 0 868 0 1 0 0 10177 32 0
20903 20905 0 868 0 868 1 1 0 0 0 2 0
20905 20905 0 868 0 868 1 0 0 0 -10177 32 0
20905 21940 0 868 0 868 0 0 0 0 0 1035 0
21940 21940 0 868 0 868 0 1 0 0 25660 32 0
21940 21942 0 868 0 868 1 1 0 0 0 2 0
21942 21942 0 868 0 868 1 0 0 0 -25660 32 0
21942 22048 0 868 0 868 0 0 0 0 0 106 0
22048 22048 0 868 0 868 0 1 0 0 43933 32 0
22048 22050 0 868 0 868 1 1 0 0 0 2 0
22050 22050 0 868 0 868 1 0 0 0 -43933 32 0
22050 25057 0 868 0 868 0 0 0 0 0 3007 0
25057 25057 0 868 0 868 0 1 0 0 27223 32 0
25057 25059 0 868 0 868 1 1 0 0 0 2 0
25059 25059 0 868 0 868 1 0 0 0 -27223 32 0
25059 31286 0 868 0 868 0 0 0 0 0 6227 0
31286 31286 0 868 0 868 0 1 0 0 30411 32 0
31286 31289 0 868 0 868 1 1 0 0 0 3 0
31289 31289 0 868 0 868 1 0 0 0 -30411 32 0
31289 32115 0 868 0 868 0 0 0 0 0 826 0
32115 32115 0 868 0 868 0 1 0 0 30812 32 0
32115 32117 0 868 0 868 1 1 0 0 0 2 0
32117 32117 0 868 0 868 1 0 0 0 -30812 32 0
32117 32608 0 868 0 868 0 0 0 0 0 491 0
32608 32608 0 868 0 868 0 1 0 0 49915 32 0
32608 32609 0 868 0 868 1 1 0 0 0 1 0
32609 32609 0 868 0 868 1 0 0 0 -49915 32 0
32609 43267 0 868 0 868 0 0 0 0 0 10658 0
43267 43267 0 868 0 868 0 0 0 0 1000000000 0 0
--------------------------------------
--------------------------------------
EV2
--------------------------------------
Num TPs served = 17
TPs served = 5151 5820 6792 7749 7841 7898 8164 8203 8681 8682 9626 10128 10648 11262 11757 12185 25814
Total energy used = 100
--------------------------------------
Schedule:
0 9354 0 868 0 868 0 0 100 100 0 9354 0
9354 9354 0 868 0 868 0 1 100 100 5151 32 0
9354 9365 0 868 4 875 1 0 100 89 -5151 32 11
9365 10632 4 875 4 875 0 0 89 89 0 1267 0
10632 10643 4 875 0 868 0 1 89 78 5820 32 11
10643 10647 0 868 4 868 1 0 78 74 -5820 32 4
10647 12550 4 868 4 868 0 0 74 74 0 1903 0
12550 12554 4 868 0 868 0 1 74 70 6792 32 4
12554 12556 0 868 2 868 1 0 70 68 -6792 32 2
12556 14657 2 868 2 868 0 0 68 68 0 2101 0
14657 14659 2 868 0 868 0 1 68 66 7749 32 2
14659 14660 0 868 0 869 1 0 66 65 -7749 32 1
14660 14869 0 869 0 869 0 0 65 65 0 209 0
14869 14870 0 869 0 868 0 1 65 64 7841 32 1
14870 14871 0 868 0 868 1 1 64 64 0 1 0
14871 14872 0 868 0 869 1 0 64 63 -7841 32 1
14872 14973 0 869 0 869 0 0 63 63 0 101 0
14973 14974 0 869 0 868 0 1 63 62 7898 32 1
14974 14975 0 868 0 868 1 1 62 62 0 1 0
14975 14982 0 868 0 875 1 0 62 55 -7898 32 7
14982 15589 0 875 0 875 0 0 55 55 0 607 0
15589 15596 0 875 0 868 0 1 55 48 8164 32 7
15596 15598 0 868 0 868 1 1 48 48 0 2 0
15598 15599 0 868 0 869 1 0 48 47 -8164 32 1
15599 15690 0 869 0 869 0 0 47 47 0 91 0
15690 15691 0 869 0 868 0 1 47 46 8203 32 1
15691 15692 0 868 0 868 1 1 46 46 0 1 0
15692 15693 0 868 0 869 1 0 46 45 -8203 32 1
15693 16832 0 869 0 869 0 0 45 45 0 1139 0
16832 16833 0 869 0 868 0 1 45 44 8682 32 1
16833 16833 0 868 0 868 1 2 44 44 8681 28 0
16833 16841 0 868 7 869 2 1 44 36 -8682 32 8
16841 16845 7 869 4 868 1 0 36 32 -8681 21 4
16845 19345 4 868 4 868 0 0 32 32 0 2500 0
19345 19349 4 868 0 868 0 1 32 28 9626 32 4
19349 19350 0 868 0 868 1 1 28 28 0 1 0
19350 19357 0 868 1 874 1 0 28 21 -9626 32 7
19357 20763 1 874 1 874 0 0 21 21 0 1406 0
20763 20770 1 874 0 868 0 1 21 14 10128 32 7
20770 20771 0 868 1 868 1 0 14 13 -10128 32 1
20771 22259 1 868 1 868 0 0 13 13 0 1488 0
22259 22260 1 868 0 868 0 1 13 12 25814 32 1
22260 22260 0 868 0 868 1 2 12 12 10648 11 0
22260 22261 0 868 0 868 2 2 12 12 0 1 0
22261 22262 0 868 1 868 2 1 12 11 -25814 32 1
22262 22262 1 868 1 868 1 0 11 11 -10648 11 0
22262 24146 1 868 1 868 0 0 11 11 0 1884 0
24146 24147 1 868 0 868 0 1 11 10 11262 32 1
24147 24149 0 868 2 868 1 0 10 8 -11262 32 2
24149 25854 2 868 2 868 0 0 8 8 0 1705 0
25854 25856 2 868 0 868 0 1 8 6 11757 32 2
25856 25860 0 868 0 868 1 1 6 6 0 4 0
25860 25862 0 868 1 869 1 0 6 4 -11757 32 2
25862 27319 1 869 1 869 0 0 4 4 0 1457 0
27319 27321 1 869 0 868 0 1 4 2 12185 32 2
27321 27322 0 868 0 869 1 0 2 1 -12185 32 1
27322 43266 0 869 0 869 0 0 1 1 0 15944 0
43266 43267 0 869 0 868 0 0 1 0 1000000000 0 1
--------------------------------------
--------------------------------------
EV3
--------------------------------------
Num TPs served = 18
TPs served = 9641 12061 13326 13618 13639 14076 14215 14844 14922 14977 15235 15333 15430 15545 15555 32057 33744 46639
Total energy used = 100
--------------------------------------
Schedule:
0 19400 0 868 0 868 0 0 100 100 0 19400 0
19400 19400 0 868 0 868 0 1 100 100 9641 32 0
19400 19409 0 868 8 869 1 0 100 91 -9641 32 9
19409 26955 8 869 8 869 0 0 91 91 0 7546 0
26955 26964 8 869 0 868 0 1 91 82 46639 32 9
26964 26964 0 868 0 868 1 2 82 82 12061 11 0
26964 26965 0 868 1 868 2 1 82 81 -46639 32 1
26965 26967 1 868 1 870 1 0 81 79 -12061 11 2
26967 31396 1 870 1 870 0 0 79 79 0 4429 0
31396 31399 1 870 0 868 0 1 79 76 13326 32 3
31399 31401 0 868 1 869 1 0 76 74 -13326 32 2
31401 32555 1 869 1 869 0 0 74 74 0 1154 0
32555 32557 1 869 0 868 0 1 74 72 13618 32 2
32557 32559 0 868 0 870 1 0 72 70 -13618 32 2
32559 32626 0 870 0 870 0 0 70 70 0 67 0
32626 32628 0 870 0 868 0 1 70 68 13639 32 2
32628 32631 0 868 0 868 1 1 68 68 0 3 0
32631 32632 0 868 1 868 1 0 68 67 -13639 32 1
32632 34274 1 868 1 868 0 0 67 67 0 1642 0
34274 34275 1 868 0 868 0 1 67 66 14076 32 1
34275 34278 0 868 2 869 1 0 66 63 -14076 32 3
34278 34836 2 869 2 869 0 0 63 63 0 558 0
34836 34839 2 869 0 868 0 1 63 60 32057 32 3
34839 34839 0 868 0 868 1 2 60 60 14215 6 0
34839 34840 0 868 1 868 2 1 60 59 -32057 32 1
34840 34841 1 868 2 868 1 0 59 58 -14215 7 1
34841 37219 2 868 2 868 0 0 58 58 0 2378 0
37219 37221 2 868 0 868 0 1 58 56 14844 32 2
37221 37222 0 868 0 868 1 1 56 56 0 1 0
37222 37223 0 868 1 868 1 0 56 55 -14844 32 1
37223 37526 1 868 1 868 0 0 55 55 0 303 0
37526 37527 1 868 0 868 0 1 55 54 14922 32 1
37527 37529 0 868 0 870 1 0 54 52 -14922 32 2
37529 37730 0 870 0 870 0 0 52 52 0 201 0
37730 37732 0 870 0 868 0 1 52 50 14977 32 2
37732 37741 0 868 3 874 1 0 50 41 -14977 32 9
37741 38719 3 874 3 874 0 0 41 41 0 978 0
38719 38728 3 874 0 868 0 1 41 32 15235 32 9
38728 38729 0 868 1 868 1 0 32 31 -15235 32 1
38729 39123 1 868 1 868 0 0 31 31 0 394 0
39123 39124 1 868 0 868 0 1 31 30 33744 32 1
39124 39143 0 868 0 868 1 1 30 30 0 19 0
39143 39143 0 868 0 868 1 2 30 30 15333 32 0
39143 39145 0 868 1 869 2 1 30 28 -33744 14 2
39145 39147 1 869 2 870 1 0 28 26 -15333 32 2
39147 39476 2 870 2 870 0 0 26 26 0 329 0
39476 39480 2 870 0 868 0 1 26 22 15430 32 4
39480 39488 0 868 8 868 1 0 22 14 -15430 32 8
39488 39861 8 868 8 868 0 0 14 14 0 373 0
39861 39869 8 868 0 868 0 1 14 6 15545 32 8
39869 39894 0 868 0 868 1 1 6 6 0 25 0
39894 39894 0 868 0 868 1 2 6 6 15555 32 0
39894 39897 0 868 2 869 2 1 6 3 -15555 32 3
39897 39899 2 869 0 869 1 0 3 1 -15545 4 2
39899 43266 0 869 0 869 0 0 1 1 0 3367 0
43266 43267 0 869 0 868 0 0 1 0 1000000000 0 1
--------------------------------------
--------------------------------------
EV4
--------------------------------------
Num TPs served = 25
TPs served = 15721 15743 16093 16425 16914 17410 18255 18391 19487 19624 19950 20586 20593 20681 20945 21250 21750 22212 22490 22830 22850 23007 23016 25736 40905
Total energy used = 100
--------------------------------------
Schedule:
0 2581 0 868 0 868 0 0 100 100 0 2581 0
2581 2581 0 868 0 868 0 1 100 100 18255 32 0
2581 2583 0 868 0 870 1 0 100 98 -18255 32 2
2583 3054 0 870 0 870 0 0 98 98 0 471 0
3054 3056 0 870 0 868 0 1 98 96 18391 32 2
3056 3061 0 868 0 868 1 1 96 96 0 5 0
3061 3063 0 868 0 870 1 0 96 94 -18391 32 2
3063 6514 0 870 0 870 0 0 94 94 0 3451 0
6514 6516 0 870 0 868 0 1 94 92 19487 32 2
6516 6517 0 868 0 868 1 1 92 92 0 1 0
6517 6518 0 868 1 868 1 0 92 91 -19487 32 1
6518 6937 1 868 1 868 0 0 91 91 0 419 0
6937 6938 1 868 0 868 0 1 91 90 19624 32 1
6938 6944 0 868 0 868 1 1 90 90 0 6 0
6944 6946 0 868 2 868 1 0 90 88 -19624 32 2
6946 7881 2 868 2 868 0 0 88 88 0 935 0
7881 7883 2 868 0 868 0 1 88 86 19950 32 2
7883 7884 0 868 1 868 1 0 86 85 -19950 32 1
7884 9686 1 868 1 868 0 0 85 85 0 1802 0
9686 9687 1 868 0 868 0 1 85 84 20593 32 1
9687 9687 0 868 0 868 1 2 84 84 20586 12 0
9687 9689 0 868 2 868 2 1 84 82 -20593 32 2
9689 9691 2 868 2 870 1 0 82 80 -20586 12 2
9691 9904 2 870 2 870 0 0 80 80 0 213 0
9904 9908 2 870 0 868 0 1 80 76 20681 32 4
9908 9909 0 868 0 868 1 1 76 76 0 1 0
9909 9910 0 868 0 869 1 0 76 75 -20681 32 1
9910 10613 0 869 0 869 0 0 75 75 0 703 0
10613 10614 0 869 0 868 0 1 75 74 20945 32 1
10614 10615 0 868 0 868 1 1 74 74 0 1 0
10615 10618 0 868 0 871 1 0 74 71 -20945 32 3
10618 11411 0 871 0 871 0 0 71 71 0 793 0
11411 11414 0 871 0 868 0 1 71 68 21250 32 3
11414 11415 0 868 1 868 1 0 68 67 -21250 32 1
11415 12817 1 868 1 868 0 0 67 67 0 1402 0
12817 12818 1 868 0 868 0 1 67 66 21750 32 1
12818 12821 0 868 0 868 1 1 66 66 0 3 0
12821 12822 0 868 0 869 1 0 66 65 -21750 32 1
12822 14008 0 869 0 869 0 0 65 65 0 1186 0
14008 14009 0 869 0 868 0 1 65 64 22212 32 1
14009 14011 0 868 1 869 1 0 64 62 -22212 32 2
14011 14709 1 869 1 869 0 0 62 62 0 698 0
14709 14711 1 869 0 868 0 1 62 60 22490 32 2
14711 14712 0 868 0 868 1 1 60 60 0 1 0
14712 14713 0 868 1 868 1 0 60 59 -22490 32 1
14713 15576 1 868 1 868 0 0 59 59 0 863 0
15576 15577 1 868 0 868 0 1 59 58 22830 32 1
15577 15578 0 868 0 868 1 1 58 58 0 1 0
15578 15582 0 868 4 868 1 0 58 54 -22830 32 4
15582 15660 4 868 4 868 0 0 54 54 0 78 0
15660 15664 4 868 0 868 0 1 54 50 40905 32 4
15664 15664 0 868 0 868 1 2 50 50 22850 4 0
15664 15667 0 868 3 868 2 1 50 47 -40905 32 3
15667 15670 3 868 6 868 1 0 47 44 -22850 4 3
15670 16004 6 868 6 868 0 0 44 44 0 334 0
16004 16010 6 868 0 868 0 1 44 38 23016 32 6
16010 16010 0 868 0 868 1 2 38 38 23007 17 0
16010 16011 0 868 1 868 2 1 38 37 -23016 32 1
16011 16015 1 868 5 868 1 0 37 33 -23007 17 4
16015 22106 5 868 5 868 0 0 33 33 0 6091 0
22106 22111 5 868 0 868 0 1 33 28 25736 32 5
22111 22112 0 868 0 869 1 0 28 27 -25736 32 1
22112 40242 0 869 0 869 0 0 27 27 0 18130 0
40242 40243 0 869 0 868 0 1 27 26 15721 32 1
40243 40245 0 868 2 868 1 0 26 24 -15721 32 2
40245 40288 2 868 2 868 0 0 24 24 0 43 0
40288 40290 2 868 0 868 0 1 24 22 15743 32 2
40290 40291 0 868 0 869 1 0 22 21 -15743 32 1
40291 40934 0 869 0 869 0 0 21 21 0 643 0
40934 40935 0 869 0 868 0 1 21 20 16093 32 1
40935 40936 0 868 0 868 1 1 20 20 0 1 0
40936 40939 0 868 2 869 1 0 20 17 -16093 32 3
40939 41480 2 869 2 869 0 0 17 17 0 541 0
41480 41483 2 869 0 868 0 1 17 14 16425 32 3
41483 41485 0 868 0 868 1 1 14 14 0 2 0
41485 41486 0 868 0 869 1 0 14 13 -16425 32 1
41486 42345 0 869 0 869 0 0 13 13 0 859 0
42345 42346 0 869 0 868 0 1 13 12 16914 32 1
42346 42348 0 868 2 868 1 0 12 10 -16914 32 2
42348 43185 2 868 2 868 0 0 10 10 0 837 0
43185 43187 2 868 0 868 0 1 10 8 17410 32 2
43187 43188 0 868 0 868 1 1 8 8 0 1 0
43188 43192 0 868 4 868 1 0 8 4 -17410 32 4
43192 43263 4 868 4 868 0 0 4 4 0 71 0
43263 43267 4 868 0 868 0 0 4 0 1000000000 0 4
--------------------------------------
--------------------------------------
EV5
--------------------------------------
Num TPs served = 25
TPs served = 23576 24756 25363 26056 26149 26372 26381 26660 27015 27282 27385 27412 27432 27789 27955 28638 30657 30658 31016 31115 31167 31171 32330 44668 47119
Total energy used = 100
--------------------------------------
Schedule:
0 17333 0 868 0 868 0 0 100 100 0 17333 0
17333 17333 0 868 0 868 0 1 100 100 23576 32 0
17333 17337 0 868 4 868 1 0 100 96 -23576 32 4
17337 19960 4 868 4 868 0 0 96 96 0 2623 0
19960 19964 4 868 0 868 0 1 96 92 24756 32 4
19964 19966 0 868 0 868 1 1 92 92 0 2 0
19966 19968 0 868 0 870 1 0 92 90 -24756 32 2
19968 21302 0 870 0 870 0 0 90 90 0 1334 0
21302 21304 0 870 0 868 0 1 90 88 25363 32 2
21304 21308 0 868 2 870 1 0 88 84 -25363 32 4
21308 22764 2 870 2 870 0 0 84 84 0 1456 0
22764 22768 2 870 0 868 0 1 84 80 26056 32 4
22768 22769 0 868 1 868 1 0 80 79 -26056 32 1
22769 22946 1 868 1 868 0 0 79 79 0 177 0
22946 22947 1 868 0 868 0 1 79 78 26149 32 1
22947 22954 0 868 0 868 1 1 78 78 0 7 0
22954 22957 0 868 1 870 1 0 78 75 -26149 32 3
22957 23418 1 870 1 870 0 0 75 75 0 461 0
23418 23421 1 870 0 868 0 1 75 72 44668 32 3
23421 23431 0 868 0 868 1 1 72 72 0 10 0
23431 23431 0 868 0 868 1 2 72 72 26381 32 0
23431 23431 0 868 0 868 2 3 72 72 26372 17 0
23431 23433 0 868 1 869 3 2 72 70 -44668 25 2
23433 23434 1 869 1 869 2 2 70 70 0 1 0
23434 23435 1 869 2 869 2 1 70 69 -26381 32 1
23435 23437 2 869 0 869 1 0 69 67 -26372 12 2
23437 23983 0 869 0 869 0 0 67 67 0 546 0
23983 23984 0 869 0 868 0 1 67 66 26660 32 1
23984 23985 0 868 0 868 1 1 66 66 0 1 0
23985 23988 0 868 1 870 1 0 66 63 -26660 32 3
23988 24677 1 870 1 870 0 0 63 63 0 689 0
24677 24680 1 870 0 868 0 1 63 60 27015 32 3
24680 24682 0 868 2 868 1 0 60 58 -27015 32 2
24682 25156 2 868 2 868 0 0 58 58 0 474 0
25156 25158 2 868 0 868 0 1 58 56 27282 32 2
25158 25162 0 868 0 868 1 1 56 56 0 4 0
25162 25165 0 868 3 868 1 0 56 53 -27282 32 3
25165 25355 3 868 3 868 0 0 53 53 0 190 0
25355 25358 3 868 0 868 0 1 53 50 27385 32 3
25358 25360 0 868 2 868 1 0 50 48 -27385 32 2
25360 25406 2 868 2 868 0 0 48 48 0 46 0
25406 25408 2 868 0 868 0 1 48 46 27412 32 2
25408 25409 0 868 0 868 1 1 46 46 0 1 0
25409 25410 0 868 1 868 1 0 46 45 -27412 32 1
25410 25448 1 868 1 868 0 0 45 45 0 38 0
25448 25449 1 868 0 868 0 1 45 44 27432 32 1
25449 25450 0 868 0 868 1 1 44 44 0 1 0
25450 25451 0 868 1 868 1 0 44 43 -27432 32 1
25451 26116 1 868 1 868 0 0 43 43 0 665 0
26116 26117 1 868 0 868 0 1 43 42 27789 32 1
26117 26118 0 868 0 868 1 1 42 42 0 1 0
26118 26127 0 868 9 868 1 0 42 33 -27789 32 9
26127 26416 9 868 9 868 0 0 33 33 0 289 0
26416 26425 9 868 0 868 0 1 33 24 27955 32 9
26425 26426 0 868 1 868 1 0 24 23 -27955 32 1
26426 27763 1 868 1 868 0 0 23 23 0 1337 0
27763 27764 1 868 0 868 0 1 23 22 47119 32 1
27764 27764 0 868 0 868 1 2 22 22 28638 19 0
27764 27765 0 868 1 868 2 1 22 21 -47119 32 1
27765 27766 1 868 2 868 1 0 21 20 -28638 19 1
27766 31763 2 868 2 868 0 0 20 20 0 3997 0
31763 31765 2 868 0 868 0 1 20 18 30658 32 2
31765 31765 0 868 0 868 1 2 18 18 30657 31 0
31765 31766 0 868 0 868 2 2 18 18 0 1 0
31766 31767 0 868 0 869 2 1 18 17 -30658 32 1
31767 31768 0 869 1 869 1 0 17 16 -30657 30 1
31768 32523 1 869 1 869 0 0 16 16 0 755 0
32523 32525 1 869 0 868 0 1 16 14 31016 32 2
32525 32526 0 868 0 868 1 1 14 14 0 1 0
32526 32527 0 868 1 868 1 0 14 13 -31016 32 1
32527 32751 1 868 1 868 0 0 13 13 0 224 0
32751 32752 1 868 0 868 0 1 13 12 31115 32 1
32752 32756 0 868 0 868 1 1 12 12 0 4 0
32756 32757 0 868 0 869 1 0 12 11 -31115 32 1
32757 32858 0 869 0 869 0 0 11 11 0 101 0
32858 32859 0 869 0 868 0 1 11 10 31171 32 1
32859 32859 0 868 0 868 1 2 10 10 31167 25 0
32859 32861 0 868 2 868 2 1 10 8 -31171 32 2
32861 32864 2 868 0 869 1 0 8 5 -31167 22 3
32864 35525 0 869 0 869 0 0 5 5 0 2661 0
35525 35526 0 869 0 868 0 1 5 4 32330 32 1
35526 35528 0 868 2 868 1 0 4 2 -32330 32 2
35528 43265 2 868 2 868 0 0 2 2 0 7737 0
43265 43267 2 868 0 868 0 0 2 0 1000000000 0 2
--------------------------------------

-------------------------------------------------------------------------

TPs

-------------------------------------------------------------------------

----------------------
TP68 allocated to 1
----------------------

----------------------
TP98 allocated to 1
----------------------

----------------------
TP322 allocated to 1
----------------------

----------------------
TP998 allocated to 1
----------------------

----------------------
TP1266 allocated to 1
----------------------

----------------------
TP1444 allocated to 1
----------------------

----------------------
TP1488 allocated to 1
----------------------

----------------------
TP1996 allocated to 1
----------------------

----------------------
TP2323 allocated to 1
----------------------

----------------------
TP2694 allocated to 1
----------------------

----------------------
TP2791 allocated to 1
----------------------

----------------------
TP3043 allocated to 1
----------------------

----------------------
TP3323 allocated to 1
----------------------

----------------------
TP3334 allocated to 1
----------------------

----------------------
TP3653 allocated to 1
----------------------

----------------------
TP3940 allocated to 1
----------------------

----------------------
TP4178 allocated to 1
----------------------

----------------------
TP4567 allocated to 1
----------------------

----------------------
TP4735 allocated to 1
----------------------

----------------------
TP4744 allocated to 1
----------------------

----------------------
TP5151 allocated to 2
----------------------

----------------------
TP5386 allocated to 1
----------------------

----------------------
TP5414 allocated to 1
----------------------

----------------------
TP5820 allocated to 2
----------------------

----------------------
TP6386 allocated to 1
----------------------

----------------------
TP6792 allocated to 2
----------------------

----------------------
TP6911 allocated to 1
----------------------

----------------------
TP7749 allocated to 2
----------------------

----------------------
TP7841 allocated to 2
----------------------

----------------------
TP7898 allocated to 2
----------------------

----------------------
TP8164 allocated to 2
----------------------

----------------------
TP8203 allocated to 2
----------------------

----------------------
TP8452 allocated to 1
----------------------

----------------------
TP8681 allocated to 2
----------------------

----------------------
TP8682 allocated to 2
----------------------

----------------------
TP9626 allocated to 2
----------------------

----------------------
TP9641 allocated to 3
----------------------

----------------------
TP10128 allocated to 2
----------------------

----------------------
TP10177 allocated to 1
----------------------

----------------------
TP10648 allocated to 2
----------------------

----------------------
TP11262 allocated to 2
----------------------

----------------------
TP11757 allocated to 2
----------------------

----------------------
TP12061 allocated to 3
----------------------

----------------------
TP12185 allocated to 2
----------------------

----------------------
TP13326 allocated to 3
----------------------

----------------------
TP13618 allocated to 3
----------------------

----------------------
TP13639 allocated to 3
----------------------

----------------------
TP14076 allocated to 3
----------------------

----------------------
TP14215 allocated to 3
----------------------

----------------------
TP14844 allocated to 3
----------------------

----------------------
TP14922 allocated to 3
----------------------

----------------------
TP14977 allocated to 3
----------------------

----------------------
TP15235 allocated to 3
----------------------

----------------------
TP15333 allocated to 3
----------------------

----------------------
TP15430 allocated to 3
----------------------

----------------------
TP15545 allocated to 3
----------------------

----------------------
TP15555 allocated to 3
----------------------

----------------------
TP15721 allocated to 4
----------------------

----------------------
TP15743 allocated to 4
----------------------

----------------------
TP16093 allocated to 4
----------------------

----------------------
TP16425 allocated to 4
----------------------

----------------------
TP16914 allocated to 4
----------------------

----------------------
TP17410 allocated to 4
----------------------

----------------------
TP18255 allocated to 4
----------------------

----------------------
TP18391 allocated to 4
----------------------

----------------------
TP19487 allocated to 4
----------------------

----------------------
TP19624 allocated to 4
----------------------

----------------------
TP19950 allocated to 4
----------------------

----------------------
TP20275 allocated to 1
----------------------

----------------------
TP20586 allocated to 4
----------------------

----------------------
TP20593 allocated to 4
----------------------

----------------------
TP20681 allocated to 4
----------------------

----------------------
TP20945 allocated to 4
----------------------

----------------------
TP21224 allocated to 1
----------------------

----------------------
TP21250 allocated to 4
----------------------

----------------------
TP21750 allocated to 4
----------------------

----------------------
TP22212 allocated to 4
----------------------

----------------------
TP22490 allocated to 4
----------------------

----------------------
TP22830 allocated to 4
----------------------

----------------------
TP22850 allocated to 4
----------------------

----------------------
TP23007 allocated to 4
----------------------

----------------------
TP23016 allocated to 4
----------------------

----------------------
TP23576 allocated to 5
----------------------

----------------------
TP24207 allocated to 1
----------------------

----------------------
TP24756 allocated to 5
----------------------

----------------------
TP25067 allocated to 1
----------------------

----------------------
TP25363 allocated to 5
----------------------

----------------------
TP25660 allocated to 1
----------------------

----------------------
TP25736 allocated to 4
----------------------

----------------------
TP25814 allocated to 2
----------------------

----------------------
TP26056 allocated to 5
----------------------

----------------------
TP26149 allocated to 5
----------------------

----------------------
TP26372 allocated to 5
----------------------

----------------------
TP26381 allocated to 5
----------------------

----------------------
TP26660 allocated to 5
----------------------

----------------------
TP27015 allocated to 5
----------------------

----------------------
TP27223 allocated to 1
----------------------

----------------------
TP27282 allocated to 5
----------------------

----------------------
TP27385 allocated to 5
----------------------

----------------------
TP27412 allocated to 5
----------------------

----------------------
TP27432 allocated to 5
----------------------

----------------------
TP27789 allocated to 5
----------------------

----------------------
TP27955 allocated to 5
----------------------

----------------------
TP28638 allocated to 5
----------------------

----------------------
TP30411 allocated to 1
----------------------

----------------------
TP30657 allocated to 5
----------------------

----------------------
TP30658 allocated to 5
----------------------

----------------------
TP30812 allocated to 1
----------------------

----------------------
TP31016 allocated to 5
----------------------

----------------------
TP31115 allocated to 5
----------------------

----------------------
TP31167 allocated to 5
----------------------

----------------------
TP31171 allocated to 5
----------------------

----------------------
TP32057 allocated to 3
----------------------

----------------------
TP32087 not allocated
----------------------

----------------------
TP32330 allocated to 5
----------------------

----------------------
TP32967 not allocated
----------------------

----------------------
TP32974 not allocated
----------------------

----------------------
TP33595 not allocated
----------------------

----------------------
TP33744 allocated to 3
----------------------

----------------------
TP34267 not allocated
----------------------

----------------------
TP34771 not allocated
----------------------

----------------------
TP35290 not allocated
----------------------

----------------------
TP35365 not allocated
----------------------

----------------------
TP35650 not allocated
----------------------

----------------------
TP35954 not allocated
----------------------

----------------------
TP36049 allocated to 1
----------------------

----------------------
TP36334 not allocated
----------------------

----------------------
TP36677 not allocated
----------------------

----------------------
TP36763 not allocated
----------------------

----------------------
TP36848 not allocated
----------------------

----------------------
TP37404 not allocated
----------------------

----------------------
TP37879 not allocated
----------------------

----------------------
TP37949 not allocated
----------------------

----------------------
TP37966 allocated to 1
----------------------

----------------------
TP38203 not allocated
----------------------

----------------------
TP38771 not allocated
----------------------

----------------------
TP39318 not allocated
----------------------

----------------------
TP39494 not allocated
----------------------

----------------------
TP39607 not allocated
----------------------

----------------------
TP39708 not allocated
----------------------

----------------------
TP40162 not allocated
----------------------

----------------------
TP40780 not allocated
----------------------

----------------------
TP40905 allocated to 4
----------------------

----------------------
TP41259 not allocated
----------------------

----------------------
TP41592 allocated to 1
----------------------

----------------------
TP41703 not allocated
----------------------

----------------------
TP41719 not allocated
----------------------

----------------------
TP41874 allocated to 1
----------------------

----------------------
TP41897 not allocated
----------------------

----------------------
TP41915 not allocated
----------------------

----------------------
TP42173 allocated to 1
----------------------

----------------------
TP42613 not allocated
----------------------

----------------------
TP42984 not allocated
----------------------

----------------------
TP43151 not allocated
----------------------

----------------------
TP43199 not allocated
----------------------

----------------------
TP43399 not allocated
----------------------

----------------------
TP43864 not allocated
----------------------

----------------------
TP43872 not allocated
----------------------

----------------------
TP43933 allocated to 1
----------------------

----------------------
TP44177 not allocated
----------------------

----------------------
TP44447 not allocated
----------------------

----------------------
TP44668 allocated to 5
----------------------

----------------------
TP44824 not allocated
----------------------

----------------------
TP44829 not allocated
----------------------

----------------------
TP45658 not allocated
----------------------

----------------------
TP45944 not allocated
----------------------

----------------------
TP45986 not allocated
----------------------

----------------------
TP46098 not allocated
----------------------

----------------------
TP46615 not allocated
----------------------

----------------------
TP46639 allocated to 3
----------------------

----------------------
TP46968 not allocated
----------------------

----------------------
TP47119 allocated to 5
----------------------

----------------------
TP47323 not allocated
----------------------

----------------------
TP47652 not allocated
----------------------

----------------------
TP47786 not allocated
----------------------

----------------------
TP48382 not allocated
----------------------

----------------------
TP48658 not allocated
----------------------

----------------------
TP49915 allocated to 1
----------------------

-------------------------------------------------------------------------

Ride-sharing vs Individual Mode - Num Vehicles and Distance Comparisson 

-------------------------------------------------------------------------
Individual Mode = 178 vehicles.
Ride-sharing Mode = 57 vehicles. The 5 ride-sharing vehicles + 52 vehicles of the individuals not served by the ride-sharing service.
-------------------------------------------------------------------------
Individual Mode = 436 distance.
Ride-sharing Mode = 662 distance. 500 from the EV fleet + 162 from the distance of the trips not covered individuals had to do with their own vehicle.
-------------------------------------------------------------------------
