-------------------------------------------------------------------------
TPs satisfied = 70; Total TPs = 173; Percentage Satisfied + 40.5%
-------------------------------------------------------------------------

-------------------------------------------------------------------------

EVs

-------------------------------------------------------------------------
--------------------------------------
EV1
--------------------------------------
Num TPs served = 39
TPs served = 54 391 863 1173 1390 1577 1625 1870 2250 2486 2518 2722 2943 2956 3507 3549 3902 4505 4514 4568 4731 5502 6805 15437 16582 19330 21883 24683 27793 29844 30790 33134 34516 35936 36510 42422 42807 45718 47560
Total energy used = 100
--------------------------------------
Schedule:
0 123 61 434 61 434 0 0 100 100 0 123 0
123 123 61 434 61 434 0 1 100 100 54 32 0
123 127 61 434 63 436 1 0 100 96 -54 32 4
127 724 63 436 63 436 0 0 96 96 0 597 0
724 728 63 436 61 434 0 1 96 92 391 32 4
728 730 61 434 61 436 1 0 92 90 -391 32 2
730 1529 61 436 61 436 0 0 90 90 0 799 0
1529 1531 61 436 61 434 0 1 90 88 863 32 2
1531 1532 61 434 61 434 1 1 88 88 0 1 0
1532 1533 61 434 62 434 1 0 88 87 -863 32 1
1533 2050 62 434 62 434 0 0 87 87 0 517 0
2050 2051 62 434 61 434 0 1 87 86 1173 32 1
2051 2052 61 434 61 434 1 1 86 86 0 1 0
2052 2054 61 434 63 434 1 0 86 84 -1173 32 2
2054 2300 63 434 63 434 0 0 84 84 0 246 0
2300 2302 63 434 61 434 0 1 84 82 35936 32 2
2302 2305 61 434 61 434 1 1 82 82 0 3 0
2305 2305 61 434 61 434 1 0 82 82 -35936 32 0
2305 2431 61 434 61 434 0 0 82 82 0 126 0
2431 2431 61 434 61 434 0 1 82 82 1390 32 0
2431 2432 61 434 62 434 1 0 82 81 -1390 32 1
2432 2741 62 434 62 434 0 0 81 81 0 309 0
2741 2742 62 434 61 434 0 1 81 80 1577 32 1
2742 2743 61 434 61 435 1 0 80 79 -1577 32 1
2743 2841 61 435 61 435 0 0 79 79 0 98 0
2841 2842 61 435 61 434 0 1 79 78 1625 32 1
2842 2843 61 434 62 434 1 0 78 77 -1625 32 1
2843 3282 62 434 62 434 0 0 77 77 0 439 0
3282 3283 62 434 61 434 0 1 77 76 1870 32 1
3283 3286 61 434 61 434 1 1 76 76 0 3 0
3286 3295 61 434 70 434 1 0 76 67 -1870 32 9
3295 3959 70 434 70 434 0 0 67 67 0 664 0
3959 3968 70 434 61 434 0 1 67 58 36510 32 9
3968 3995 61 434 61 434 1 1 58 58 0 27 0
3995 3995 61 434 61 434 1 2 58 58 2250 32 0
3995 3996 61 434 61 435 2 1 58 57 -36510 6 1
3996 3999 61 435 61 435 1 1 57 57 0 3 0
3999 4001 61 435 61 437 1 0 57 55 -2250 32 2
4001 4418 61 437 61 437 0 0 55 55 0 417 0
4418 4421 61 437 61 434 0 1 55 52 2486 32 3
4421 4423 61 434 61 434 1 1 52 52 0 2 0
4423 4424 61 434 62 434 1 0 52 51 -2486 32 1
4424 4468 62 434 62 434 0 0 51 51 0 44 0
4468 4469 62 434 61 434 0 1 51 50 2518 32 1
4469 4470 61 434 61 434 1 1 50 50 0 1 0
4470 4471 61 434 62 434 1 0 50 49 -2518 32 1
4471 4839 62 434 62 434 0 0 49 49 0 368 0
4839 4840 62 434 61 434 0 1 49 48 2722 32 1
4840 4841 61 434 62 434 1 0 48 47 -2722 32 1
4841 5275 62 434 62 434 0 0 47 47 0 434 0
5275 5276 62 434 61 434 0 1 47 46 2956 32 1
5276 5276 61 434 61 434 1 2 46 46 2943 8 0
5276 5278 61 434 61 434 2 2 46 46 0 2 0
5278 5283 61 434 62 438 2 1 46 41 -2956 32 5
5283 5292 62 438 67 434 1 0 41 32 -2943 0 9
5292 5977 67 434 67 434 0 0 32 32 0 685 0
5977 5983 67 434 61 434 0 1 32 26 19330 32 6
5983 5986 61 434 61 434 1 1 26 26 0 3 0
5986 5986 61 434 61 434 1 0 26 26 -19330 32 0
5986 6253 61 434 61 434 0 0 26 26 0 267 0
6253 6253 61 434 61 434 0 1 26 26 3507 32 0
6253 6255 61 434 61 434 1 1 26 26 0 2 0
6255 6255 61 434 61 434 1 0 26 26 -3507 32 0
6255 6345 61 434 61 434 0 0 26 26 0 90 0
6345 6345 61 434 61 434 0 1 26 26 3549 32 0
6345 6347 61 434 63 434 1 0 26 24 -3549 32 2
6347 6985 63 434 63 434 0 0 24 24 0 638 0
6985 6987 63 434 61 434 0 1 24 22 3902 32 2
6987 6988 61 434 62 434 1 0 22 21 -3902 32 1
6988 8142 62 434 62 434 0 0 21 21 0 1154 0
8142 8143 62 434 61 434 0 1 21 20 4514 32 1
8143 8143 61 434 61 434 1 2 20 20 4505 17 0
8143 8150 61 434 66 436 2 1 20 13 -4514 32 7
8150 8155 66 436 63 434 1 0 13 8 -4505 8 5
8155 8258 63 434 63 434 0 0 8 8 0 103 0
8258 8260 63 434 61 434 0 1 8 6 4568 32 2
8260 8261 61 434 62 434 1 0 6 5 -4568 32 1
8261 8593 62 434 62 434 0 0 5 5 0 332 0
8593 8594 62 434 61 434 0 1 5 4 4731 32 1
8594 8595 61 434 61 434 1 1 4 4 0 1 0
8595 8596 61 434 61 435 1 0 4 3 -4731 32 1
8596 9997 61 435 61 435 0 0 3 3 0 1401 0
9997 9998 61 435 61 434 0 1 3 2 5502 32 1
9998 10000 61 434 61 434 1 1 2 2 0 2 0
10000 10000 61 434 61 434 1 0 2 2 -5502 32 0
10000 12580 61 434 61 434 0 0 2 2 0 2580 0
12580 12580 61 434 61 434 0 1 2 2 6805 32 0
12580 12585 61 434 61 434 1 1 2 2 0 5 0
12585 12586 61 434 62 434 1 0 2 1 -6805 32 1
12586 13126 62 434 62 434 0 0 1 1 0 540 0
13126 13127 62 434 61 434 0 1 1 0 21883 32 1
13127 13128 61 434 61 434 1 1 0 0 0 1 0
13128 13128 61 434 61 434 1 0 0 0 -21883 32 0
13128 18977 61 434 61 434 0 0 0 0 0 5849 0
18977 18977 61 434 61 434 0 1 0 0 42422 32 0
18977 18979 61 434 61 434 1 1 0 0 0 2 0
18979 18979 61 434 61 434 1 0 0 0 -42422 32 0
18979 19787 61 434 61 434 0 0 0 0 0 808 0
19787 19787 61 434 61 434 0 1 0 0 24683 32 0
19787 19789 61 434 61 434 1 1 0 0 0 2 0
19789 19789 61 434 61 434 1 0 0 0 -24683 32 0
19789 19838 61 434 61 434 0 0 0 0 0 49 0
19838 19838 61 434 61 434 0 1 0 0 42807 32 0
19838 19840 61 434 61 434 1 1 0 0 0 2 0
19840 19840 61 434 61 434 1 0 0 0 -42807 32 0
19840 25271 61 434 61 434 0 0 0 0 0 5431 0
25271 25271 61 434 61 434 0 1 0 0 45718 32 0
25271 25273 61 434 61 434 1 1 0 0 0 2 0
25273 25273 61 434 61 434 1 0 0 0 -45718 32 0
25273 26125 61 434 61 434 0 0 0 0 0 852 0
26125 26125 61 434 61 434 0 1 0 0 27793 32 0
26125 26127 61 434 61 434 1 1 0 0 0 2 0
26127 26127 61 434 61 434 1 0 0 0 -27793 32 0
26127 28462 61 434 61 434 0 0 0 0 0 2335 0
28462 28462 61 434 61 434 0 1 0 0 47560 32 0
28462 28466 61 434 61 434 1 1 0 0 0 4 0
28466 28466 61 434 61 434 1 0 0 0 -47560 32 0
28466 30179 61 434 61 434 0 0 0 0 0 1713 0
30179 30179 61 434 61 434 0 1 0 0 29844 32 0
30179 30180 61 434 61 434 1 1 0 0 0 1 0
30180 30180 61 434 61 434 1 0 0 0 -29844 32 0
30180 32059 61 434 61 434 0 0 0 0 0 1879 0
32059 32059 61 434 61 434 0 1 0 0 30790 32 0
32059 32065 61 434 61 434 1 1 0 0 0 6 0
32065 32065 61 434 61 434 1 0 0 0 -30790 32 0
32065 37537 61 434 61 434 0 0 0 0 0 5472 0
37537 37537 61 434 61 434 0 1 0 0 33134 32 0
37537 37538 61 434 61 434 1 1 0 0 0 1 0
37538 37538 61 434 61 434 1 0 0 0 -33134 32 0
37538 39504 61 434 61 434 0 0 0 0 0 1966 0
39504 39504 61 434 61 434 0 1 0 0 15437 32 0
39504 39505 61 434 61 434 1 1 0 0 0 1 0
39505 39505 61 434 61 434 1 0 0 0 -15437 32 0
39505 41286 61 434 61 434 0 0 0 0 0 1781 0
41286 41286 61 434 61 434 0 1 0 0 34516 32 0
41286 41287 61 434 61 434 1 1 0 0 0 1 0
41287 41287 61 434 61 434 1 0 0 0 -34516 32 0
41287 41751 61 434 61 434 0 0 0 0 0 464 0
41751 41751 61 434 61 434 0 1 0 0 16582 32 0
41751 41752 61 434 61 434 1 1 0 0 0 1 0
41752 41752 61 434 61 434 1 0 0 0 -16582 32 0
41752 43267 61 434 61 434 0 0 0 0 0 1515 0
43267 43267 61 434 61 434 0 0 0 0 1000000000 0 0
--------------------------------------
--------------------------------------
EV2
--------------------------------------
Num TPs served = 17
TPs served = 5013 5022 5694 6036 6469 6576 7014 7440 7893 7978 8336 8636 8728 9218 9749 10613 38790
Total energy used = 100
--------------------------------------
Schedule:
0 9112 61 434 61 434 0 0 100 100 0 9112 0
9112 9112 61 434 61 434 0 1 100 100 5022 32 0
9112 9112 61 434 61 434 1 2 100 100 5013 15 0
9112 9113 61 434 61 434 2 2 100 100 0 1 0
9113 9116 61 434 61 437 2 1 100 97 -5022 32 3
9116 9120 61 437 63 435 1 0 97 93 -5013 11 4
9120 10387 63 435 63 435 0 0 93 93 0 1267 0
10387 10390 63 435 61 434 0 1 93 90 38790 32 3
10390 10406 61 434 61 434 1 1 90 90 0 16 0
10406 10406 61 434 61 434 1 2 90 90 5694 32 0
10406 10408 61 434 63 434 2 1 90 88 -38790 17 2
10408 10409 63 434 63 434 1 1 88 88 0 1 0
10409 10410 63 434 64 434 1 0 88 87 -5694 32 1
10410 11053 64 434 64 434 0 0 87 87 0 643 0
11053 11056 64 434 61 434 0 1 87 84 6036 32 3
11056 11057 61 434 61 434 1 1 84 84 0 1 0
11057 11062 61 434 64 436 1 0 84 79 -6036 32 5
11062 11876 64 436 64 436 0 0 79 79 0 814 0
11876 11881 64 436 61 434 0 1 79 74 6469 32 5
11881 11886 61 434 65 435 1 0 74 69 -6469 32 5
11886 12093 65 435 65 435 0 0 69 69 0 207 0
12093 12098 65 435 61 434 0 1 69 64 6576 32 5
12098 12101 61 434 64 434 1 0 64 61 -6576 32 3
12101 13034 64 434 64 434 0 0 61 61 0 933 0
13034 13037 64 434 61 434 0 1 61 58 7014 32 3
13037 13038 61 434 61 434 1 1 58 58 0 1 0
13038 13041 61 434 62 436 1 0 58 55 -7014 32 3
13041 13974 62 436 62 436 0 0 55 55 0 933 0
13974 13977 62 436 61 434 0 1 55 52 7440 32 3
13977 13980 61 434 64 434 1 0 52 49 -7440 32 3
13980 14960 64 434 64 434 0 0 49 49 0 980 0
14960 14963 64 434 61 434 0 1 49 46 7893 32 3
14963 14964 61 434 62 434 1 0 46 45 -7893 32 1
14964 15151 62 434 62 434 0 0 45 45 0 187 0
15151 15152 62 434 61 434 0 1 45 44 7978 32 1
15152 15154 61 434 61 436 1 0 44 42 -7978 32 2
15154 16014 61 436 61 436 0 0 42 42 0 860 0
16014 16016 61 436 61 434 0 1 42 40 8336 32 2
16016 16024 61 434 64 439 1 0 40 32 -8336 32 8
16024 16687 64 439 64 439 0 0 32 32 0 663 0
16687 16695 64 439 61 434 0 1 32 24 8636 32 8
16695 16696 61 434 62 434 1 0 24 23 -8636 32 1
16696 16968 62 434 62 434 0 0 23 23 0 272 0
16968 16969 62 434 61 434 0 1 23 22 8728 32 1
16969 16970 61 434 61 434 1 1 22 22 0 1 0
16970 16973 61 434 64 434 1 0 22 19 -8728 32 3
16973 18231 64 434 64 434 0 0 19 19 0 1258 0
18231 18234 64 434 61 434 0 1 19 16 9218 32 3
18234 18241 61 434 61 434 1 1 16 16 0 7 0
18241 18246 61 434 62 438 1 0 16 11 -9218 32 5
18246 19706 62 438 62 438 0 0 11 11 0 1460 0
19706 19711 62 438 61 434 0 1 11 6 9749 32 5
19711 19713 61 434 62 435 1 0 6 4 -9749 32 2
19713 22150 62 435 62 435 0 0 4 4 0 2437 0
22150 22152 62 435 61 434 0 1 4 2 10613 32 2
22152 22153 61 434 62 434 1 0 2 1 -10613 32 1
22153 43266 62 434 62 434 0 0 1 1 0 21113 0
43266 43267 62 434 61 434 0 0 1 0 1000000000 0 1
--------------------------------------
--------------------------------------
EV3
--------------------------------------
Num TPs served = 14
TPs served = 10024 10713 10742 10788 10916 10962 11191 11424 11639 11648 11890 12236 14137 14527
Total energy used = 100
--------------------------------------
Schedule:
0 20487 61 434 61 434 0 0 100 100 0 20487 0
20487 20487 61 434 61 434 0 1 100 100 10024 32 0
20487 20492 61 434 61 434 1 1 100 100 0 5 0
20492 20495 61 434 62 436 1 0 100 97 -10024 32 3
20495 22450 62 436 62 436 0 0 97 97 0 1955 0
22450 22453 62 436 61 434 0 1 97 94 10713 32 3
22453 22459 61 434 63 438 1 0 94 88 -10713 32 6
22459 22536 63 438 63 438 0 0 88 88 0 77 0
22536 22542 63 438 61 434 0 1 88 82 10742 32 6
22542 22545 61 434 64 434 1 0 82 79 -10742 32 3
22545 22690 64 434 64 434 0 0 79 79 0 145 0
22690 22693 64 434 61 434 0 1 79 76 10788 32 3
22693 22699 61 434 62 439 1 0 76 70 -10788 32 6
22699 23110 62 439 62 439 0 0 70 70 0 411 0
23110 23116 62 439 61 434 0 1 70 64 10916 32 6
23116 23117 61 434 61 434 1 1 64 64 0 1 0
23117 23118 61 434 62 434 1 0 64 63 -10916 32 1
23118 23274 62 434 62 434 0 0 63 63 0 156 0
23274 23275 62 434 61 434 0 1 63 62 10962 32 1
23275 23277 61 434 61 436 1 0 62 60 -10962 32 2
23277 23917 61 436 61 436 0 0 60 60 0 640 0
23917 23919 61 436 61 434 0 1 60 58 11191 32 2
23919 23922 61 434 64 434 1 0 58 55 -11191 32 3
23922 24723 64 434 64 434 0 0 55 55 0 801 0
24723 24726 64 434 61 434 0 1 55 52 11424 32 3
24726 24727 61 434 61 435 1 0 52 51 -11424 32 1
24727 25476 61 435 61 435 0 0 51 51 0 749 0
25476 25477 61 435 61 434 0 1 51 50 11639 32 1
25477 25510 61 434 61 434 1 1 50 50 0 33 0
25510 25510 61 434 61 434 1 2 50 50 11648 32 0
25510 25516 61 434 61 440 2 1 50 44 -11639 0 6
25516 25527 61 440 69 437 1 0 44 33 -11648 28 11
25527 26310 69 437 69 437 0 0 33 33 0 783 0
26310 26321 69 437 61 434 0 1 33 22 11890 32 11
26321 26324 61 434 64 434 1 0 22 19 -11890 32 3
26324 27503 64 434 64 434 0 0 19 19 0 1179 0
27503 27506 64 434 61 434 0 1 19 16 12236 32 3
27506 27512 61 434 65 436 1 0 16 10 -12236 32 6
27512 34477 65 436 65 436 0 0 10 10 0 6965 0
34477 34483 65 436 61 434 0 1 10 4 14137 32 6
34483 34484 61 434 62 434 1 0 4 3 -14137 32 1
34484 35959 62 434 62 434 0 0 3 3 0 1475 0
35959 35960 62 434 61 434 0 1 3 2 14527 32 1
35960 35961 61 434 62 434 1 0 2 1 -14527 32 1
35961 43266 62 434 62 434 0 0 1 1 0 7305 0
43266 43267 62 434 61 434 0 0 1 0 1000000000 0 1
--------------------------------------

-------------------------------------------------------------------------

TPs

-------------------------------------------------------------------------

----------------------
TP54 allocated to 1
----------------------

----------------------
TP391 allocated to 1
----------------------

----------------------
TP863 allocated to 1
----------------------

----------------------
TP1173 allocated to 1
----------------------

----------------------
TP1390 allocated to 1
----------------------

----------------------
TP1577 allocated to 1
----------------------

----------------------
TP1625 allocated to 1
----------------------

----------------------
TP1870 allocated to 1
----------------------

----------------------
TP2250 allocated to 1
----------------------

----------------------
TP2486 allocated to 1
----------------------

----------------------
TP2518 allocated to 1
----------------------

----------------------
TP2722 allocated to 1
----------------------

----------------------
TP2943 allocated to 1
----------------------

----------------------
TP2956 allocated to 1
----------------------

----------------------
TP3507 allocated to 1
----------------------

----------------------
TP3549 allocated to 1
----------------------

----------------------
TP3902 allocated to 1
----------------------

----------------------
TP4505 allocated to 1
----------------------

----------------------
TP4514 allocated to 1
----------------------

----------------------
TP4568 allocated to 1
----------------------

----------------------
TP4731 allocated to 1
----------------------

----------------------
TP5013 allocated to 2
----------------------

----------------------
TP5022 allocated to 2
----------------------

----------------------
TP5502 allocated to 1
----------------------

----------------------
TP5694 allocated to 2
----------------------

----------------------
TP6036 allocated to 2
----------------------

----------------------
TP6469 allocated to 2
----------------------

----------------------
TP6576 allocated to 2
----------------------

----------------------
TP6805 allocated to 1
----------------------

----------------------
TP7014 allocated to 2
----------------------

----------------------
TP7440 allocated to 2
----------------------

----------------------
TP7893 allocated to 2
----------------------

----------------------
TP7978 allocated to 2
----------------------

----------------------
TP8336 allocated to 2
----------------------

----------------------
TP8636 allocated to 2
----------------------

----------------------
TP8728 allocated to 2
----------------------

----------------------
TP9218 allocated to 2
----------------------

----------------------
TP9749 allocated to 2
----------------------

----------------------
TP10024 allocated to 3
----------------------

----------------------
TP10613 allocated to 2
----------------------

----------------------
TP10713 allocated to 3
----------------------

----------------------
TP10742 allocated to 3
----------------------

----------------------
TP10788 allocated to 3
----------------------

----------------------
TP10916 allocated to 3
----------------------

----------------------
TP10962 allocated to 3
----------------------

----------------------
TP11191 allocated to 3
----------------------

----------------------
TP11424 allocated to 3
----------------------

----------------------
TP11639 allocated to 3
----------------------

----------------------
TP11648 allocated to 3
----------------------

----------------------
TP11890 allocated to 3
----------------------

----------------------
TP12236 allocated to 3
----------------------

----------------------
TP13300 not allocated
----------------------

----------------------
TP14137 allocated to 3
----------------------

----------------------
TP14527 allocated to 3
----------------------

----------------------
TP15404 not allocated
----------------------

----------------------
TP15437 allocated to 1
----------------------

----------------------
TP15777 not allocated
----------------------

----------------------
TP15969 not allocated
----------------------

----------------------
TP16096 not allocated
----------------------

----------------------
TP16442 not allocated
----------------------

----------------------
TP16582 allocated to 1
----------------------

----------------------
TP16690 not allocated
----------------------

----------------------
TP16789 not allocated
----------------------

----------------------
TP16885 not allocated
----------------------

----------------------
TP17059 not allocated
----------------------

----------------------
TP17448 not allocated
----------------------

----------------------
TP17722 not allocated
----------------------

----------------------
TP18274 not allocated
----------------------

----------------------
TP18281 not allocated
----------------------

----------------------
TP18379 not allocated
----------------------

----------------------
TP18518 not allocated
----------------------

----------------------
TP18955 not allocated
----------------------

----------------------
TP19069 not allocated
----------------------

----------------------
TP19211 not allocated
----------------------

----------------------
TP19296 not allocated
----------------------

----------------------
TP19330 allocated to 1
----------------------

----------------------
TP20171 not allocated
----------------------

----------------------
TP20232 not allocated
----------------------

----------------------
TP20428 not allocated
----------------------

----------------------
TP20967 not allocated
----------------------

----------------------
TP21291 not allocated
----------------------

----------------------
TP21571 not allocated
----------------------

----------------------
TP21756 not allocated
----------------------

----------------------
TP21883 allocated to 1
----------------------

----------------------
TP22070 not allocated
----------------------

----------------------
TP22177 not allocated
----------------------

----------------------
TP22660 not allocated
----------------------

----------------------
TP23635 not allocated
----------------------

----------------------
TP24683 allocated to 1
----------------------

----------------------
TP24960 not allocated
----------------------

----------------------
TP25117 not allocated
----------------------

----------------------
TP25159 not allocated
----------------------

----------------------
TP25174 not allocated
----------------------

----------------------
TP25246 not allocated
----------------------

----------------------
TP25378 not allocated
----------------------

----------------------
TP25428 not allocated
----------------------

----------------------
TP25798 not allocated
----------------------

----------------------
TP25938 not allocated
----------------------

----------------------
TP27067 not allocated
----------------------

----------------------
TP27253 not allocated
----------------------

----------------------
TP27569 not allocated
----------------------

----------------------
TP27793 allocated to 1
----------------------

----------------------
TP27942 not allocated
----------------------

----------------------
TP28239 not allocated
----------------------

----------------------
TP28676 not allocated
----------------------

----------------------
TP28911 not allocated
----------------------

----------------------
TP29844 allocated to 1
----------------------

----------------------
TP29937 not allocated
----------------------

----------------------
TP30416 not allocated
----------------------

----------------------
TP30783 not allocated
----------------------

----------------------
TP30790 allocated to 1
----------------------

----------------------
TP31183 not allocated
----------------------

----------------------
TP32410 not allocated
----------------------

----------------------
TP32579 not allocated
----------------------

----------------------
TP33106 not allocated
----------------------

----------------------
TP33134 allocated to 1
----------------------

----------------------
TP33313 not allocated
----------------------

----------------------
TP34516 allocated to 1
----------------------

----------------------
TP34581 not allocated
----------------------

----------------------
TP35029 not allocated
----------------------

----------------------
TP35083 not allocated
----------------------

----------------------
TP35087 not allocated
----------------------

----------------------
TP35597 not allocated
----------------------

----------------------
TP35936 allocated to 1
----------------------

----------------------
TP36244 not allocated
----------------------

----------------------
TP36309 not allocated
----------------------

----------------------
TP36510 allocated to 1
----------------------

----------------------
TP36892 not allocated
----------------------

----------------------
TP37166 not allocated
----------------------

----------------------
TP37270 not allocated
----------------------

----------------------
TP37349 not allocated
----------------------

----------------------
TP37722 not allocated
----------------------

----------------------
TP37889 not allocated
----------------------

----------------------
TP38316 not allocated
----------------------

----------------------
TP38446 not allocated
----------------------

----------------------
TP38790 allocated to 2
----------------------

----------------------
TP38906 not allocated
----------------------

----------------------
TP38947 not allocated
----------------------

----------------------
TP39254 not allocated
----------------------

----------------------
TP39566 not allocated
----------------------

----------------------
TP40344 not allocated
----------------------

----------------------
TP40493 not allocated
----------------------

----------------------
TP40891 not allocated
----------------------

----------------------
TP41451 not allocated
----------------------

----------------------
TP41502 not allocated
----------------------

----------------------
TP41741 not allocated
----------------------

----------------------
TP42307 not allocated
----------------------

----------------------
TP42422 allocated to 1
----------------------

----------------------
TP42507 not allocated
----------------------

----------------------
TP42807 allocated to 1
----------------------

----------------------
TP42849 not allocated
----------------------

----------------------
TP43390 not allocated
----------------------

----------------------
TP43577 not allocated
----------------------

----------------------
TP44358 not allocated
----------------------

----------------------
TP44382 not allocated
----------------------

----------------------
TP44387 not allocated
----------------------

----------------------
TP44554 not allocated
----------------------

----------------------
TP44995 not allocated
----------------------

----------------------
TP45242 not allocated
----------------------

----------------------
TP45269 not allocated
----------------------

----------------------
TP45718 allocated to 1
----------------------

----------------------
TP45720 not allocated
----------------------

----------------------
TP46700 not allocated
----------------------

----------------------
TP47560 allocated to 1
----------------------

----------------------
TP47640 not allocated
----------------------

----------------------
TP48339 not allocated
----------------------

----------------------
TP48359 not allocated
----------------------

----------------------
TP48419 not allocated
----------------------

----------------------
TP48541 not allocated
----------------------

----------------------
TP48722 not allocated
----------------------

----------------------
TP49251 not allocated
----------------------

----------------------
TP49516 not allocated
----------------------

----------------------
TP49826 not allocated
----------------------

-------------------------------------------------------------------------

Ride-sharing vs Individual Mode - Num Vehicles and Distance Comparisson 

-------------------------------------------------------------------------
Individual Mode = 173 vehicles.
Ride-sharing Mode = 106 vehicles. The 3 ride-sharing vehicles + 103 vehicles of the individuals not served by the ride-sharing service.
-------------------------------------------------------------------------
Individual Mode = 454 distance.
Ride-sharing Mode = 594 distance. 300 from the EV fleet + 294 from the distance of the trips not covered individuals had to do with their own vehicle.
-------------------------------------------------------------------------
