-------------------------------------------------------------------------
TPs satisfied = 204; Total TPs = 204; Percentage Satisfied + 100.0%
-------------------------------------------------------------------------

-------------------------------------------------------------------------

EVs

-------------------------------------------------------------------------
--------------------------------------
EV1
--------------------------------------
Num TPs served = 29
TPs served = 56 988 1026 1214 1664 1666 2229 2239 2684 2724 3174 3339 3432 3860 9568 12924 17462 20398 21110 21628 22208 24333 29896 39816 40802 42210 42938 49323 49600
Total energy used = 100
--------------------------------------
Schedule:
0 119 732 0 732 0 0 0 100 100 0 119 0
119 119 732 0 732 0 0 1 100 100 17462 32 0
119 125 732 0 732 0 1 1 100 100 0 6 0
125 125 732 0 732 0 1 2 100 100 56 32 0
125 126 732 0 733 0 2 1 100 99 -17462 26 1
126 127 733 0 733 0 1 1 99 99 0 1 0
127 128 733 0 734 0 1 0 99 98 -56 32 1
128 1732 734 0 734 0 0 0 98 98 0 1604 0
1732 1734 734 0 732 0 0 1 98 96 988 32 2
1734 1737 732 0 732 0 1 1 96 96 0 3 0
1737 1748 732 0 743 0 1 0 96 85 -988 32 11
1748 1799 743 0 743 0 0 0 85 85 0 51 0
1799 1810 743 0 732 0 0 1 85 74 1026 32 11
1810 1811 732 0 732 0 1 1 74 74 0 1 0
1811 1812 732 0 733 0 1 0 74 73 -1026 32 1
1812 2114 733 0 733 0 0 0 73 73 0 302 0
2114 2115 733 0 732 0 0 1 73 72 1214 32 1
2115 2120 732 0 737 0 1 0 72 67 -1214 32 5
2120 2904 737 0 737 0 0 0 67 67 0 784 0
2904 2909 737 0 732 0 0 1 67 62 1666 32 5
2909 2909 732 0 732 0 1 2 62 62 1664 29 0
2909 2910 732 0 733 0 2 1 62 61 -1666 32 1
2910 2917 733 0 739 1 1 0 61 54 -1664 30 7
2917 3961 739 1 739 1 0 0 54 54 0 1044 0
3961 3969 739 1 732 0 0 1 54 46 2239 32 8
3969 3969 732 0 732 0 1 2 46 46 2229 8 0
3969 3970 732 0 732 1 2 1 46 45 -2239 32 1
3970 3970 732 1 732 1 1 0 45 45 -2229 8 0
3970 4775 732 1 732 1 0 0 45 45 0 805 0
4775 4776 732 1 732 0 0 1 45 44 2684 32 1
4776 4790 732 0 746 0 1 0 44 30 -2684 32 14
4790 4828 746 0 746 0 0 0 30 30 0 38 0
4828 4842 746 0 732 0 0 1 30 16 2724 32 14
4842 4846 732 0 732 4 1 0 16 12 -2724 32 4
4846 5653 732 4 732 4 0 0 12 12 0 807 0
5653 5657 732 4 732 0 0 1 12 8 3174 32 4
5657 5658 732 0 733 0 1 0 8 7 -3174 32 1
5658 5946 733 0 733 0 0 0 7 7 0 288 0
5946 5947 733 0 732 0 0 1 7 6 3339 32 1
5947 5965 732 0 732 0 1 1 6 6 0 18 0
5965 5966 732 0 733 0 1 0 6 5 -3339 32 1
5966 6122 733 0 733 0 0 0 5 5 0 156 0
6122 6123 733 0 732 0 0 1 5 4 3432 32 1
6123 6124 732 0 732 0 1 1 4 4 0 1 0
6124 6125 732 0 733 0 1 0 4 3 -3432 32 1
6125 6915 733 0 733 0 0 0 3 3 0 790 0
6915 6916 733 0 732 0 0 1 3 2 3860 32 1
6916 6917 732 0 733 0 1 0 2 1 -3860 32 1
6917 9163 733 0 733 0 0 0 1 1 0 2246 0
9163 9164 733 0 732 0 0 1 1 0 20398 32 1
9164 9166 732 0 732 0 1 1 0 0 0 2 0
9166 9166 732 0 732 0 1 0 0 0 -20398 32 0
9166 11031 732 0 732 0 0 0 0 0 0 1865 0
11031 11031 732 0 732 0 0 1 0 0 21110 32 0
11031 11033 732 0 732 0 1 1 0 0 0 2 0
11033 11033 732 0 732 0 1 0 0 0 -21110 32 0
11033 12471 732 0 732 0 0 0 0 0 0 1438 0
12471 12471 732 0 732 0 0 1 0 0 21628 32 0
12471 12474 732 0 732 0 1 1 0 0 0 3 0
12474 12474 732 0 732 0 1 0 0 0 -21628 32 0
12474 12897 732 0 732 0 0 0 0 0 0 423 0
12897 12897 732 0 732 0 0 1 0 0 39816 32 0
12897 12898 732 0 732 0 1 1 0 0 0 1 0
12898 12898 732 0 732 0 1 0 0 0 -39816 32 0
12898 13997 732 0 732 0 0 0 0 0 0 1099 0
13997 13997 732 0 732 0 0 1 0 0 22208 32 0
13997 13998 732 0 732 0 1 1 0 0 0 1 0
13998 13998 732 0 732 0 1 0 0 0 -22208 32 0
13998 15446 732 0 732 0 0 0 0 0 0 1448 0
15446 15446 732 0 732 0 0 1 0 0 40802 32 0
15446 15447 732 0 732 0 1 1 0 0 0 1 0
15447 15447 732 0 732 0 1 0 0 0 -40802 32 0
15447 18552 732 0 732 0 0 0 0 0 0 3105 0
18552 18552 732 0 732 0 0 1 0 0 42210 32 0
18552 18554 732 0 732 0 1 1 0 0 0 2 0
18554 18554 732 0 732 0 1 0 0 0 -42210 32 0
18554 19011 732 0 732 0 0 0 0 0 0 457 0
19011 19011 732 0 732 0 0 1 0 0 24333 32 0
19011 19013 732 0 732 0 1 1 0 0 0 2 0
19013 19013 732 0 732 0 1 0 0 0 -24333 32 0
19013 19213 732 0 732 0 0 0 0 0 0 200 0
19213 19213 732 0 732 0 0 1 0 0 9568 32 0
19213 19214 732 0 732 0 1 1 0 0 0 1 0
19214 19214 732 0 732 0 1 0 0 0 -9568 32 0
19214 20111 732 0 732 0 0 0 0 0 0 897 0
20111 20111 732 0 732 0 0 1 0 0 42938 32 0
20111 20114 732 0 732 0 1 1 0 0 0 3 0
20114 20114 732 0 732 0 1 0 0 0 -42938 32 0
20114 29996 732 0 732 0 0 0 0 0 0 9882 0
29996 29996 732 0 732 0 0 1 0 0 12924 32 0
29996 29998 732 0 732 0 1 1 0 0 0 2 0
29998 29998 732 0 732 0 1 0 0 0 -12924 32 0
29998 30271 732 0 732 0 0 0 0 0 0 273 0
30271 30271 732 0 732 0 0 1 0 0 29896 32 0
30271 30272 732 0 732 0 1 1 0 0 0 1 0
30272 30272 732 0 732 0 1 0 0 0 -29896 32 0
30272 31591 732 0 732 0 0 0 0 0 0 1319 0
31591 31591 732 0 732 0 0 1 0 0 49323 32 0
31591 31592 732 0 732 0 1 1 0 0 0 1 0
31592 31592 732 0 732 0 1 0 0 0 -49323 32 0
31592 32065 732 0 732 0 0 0 0 0 0 473 0
32065 32065 732 0 732 0 0 1 0 0 49600 32 0
32065 32066 732 0 732 0 1 1 0 0 0 1 0
32066 32066 732 0 732 0 1 0 0 0 -49600 32 0
32066 43267 732 0 732 0 0 0 0 0 0 11201 0
43267 43267 732 0 732 0 0 0 0 0 1000000000 0 0
--------------------------------------
--------------------------------------
EV2
--------------------------------------
Num TPs served = 17
TPs served = 2790 3648 3719 3847 3955 3978 4024 4292 4347 4964 5058 5262 5476 5506 6037 6042 38321
Total energy used = 100
--------------------------------------
Schedule:
0 4968 732 0 732 0 0 0 100 100 0 4968 0
4968 4968 732 0 732 0 0 1 100 100 2790 32 0
4968 4978 732 0 742 0 1 0 100 90 -2790 32 10
4978 6534 742 0 742 0 0 0 90 90 0 1556 0
6534 6544 742 0 732 0 0 1 90 80 3648 32 10
6544 6549 732 0 736 1 1 0 80 75 -3648 32 5
6549 6665 736 1 736 1 0 0 75 75 0 116 0
6665 6670 736 1 732 0 0 1 75 70 3719 32 5
6670 6674 732 0 736 0 1 0 70 66 -3719 32 4
6674 6893 736 0 736 0 0 0 66 66 0 219 0
6893 6897 736 0 732 0 0 1 66 62 3847 32 4
6897 6901 732 0 733 3 1 0 62 58 -3847 32 4
6901 7094 733 3 733 3 0 0 58 58 0 193 0
7094 7098 733 3 732 0 0 1 58 54 3955 32 4
7098 7102 732 0 732 4 1 0 54 50 -3955 32 4
7102 7153 732 4 732 4 0 0 50 50 0 51 0
7153 7157 732 4 732 0 0 1 50 46 3978 32 4
7157 7161 732 0 732 0 1 1 46 46 0 4 0
7161 7164 732 0 734 1 1 0 46 43 -3978 32 3
7164 7230 734 1 734 1 0 0 43 43 0 66 0
7230 7233 734 1 732 0 0 1 43 40 4024 32 3
7233 7235 732 0 732 0 1 1 40 40 0 2 0
7235 7240 732 0 732 5 1 0 40 35 -4024 32 5
7240 7701 732 5 732 5 0 0 35 35 0 461 0
7701 7706 732 5 732 0 0 1 35 30 4292 32 5
7706 7709 732 0 734 1 1 0 30 27 -4292 32 3
7709 7810 734 1 734 1 0 0 27 27 0 101 0
7810 7813 734 1 732 0 0 1 27 24 4347 32 3
7813 7815 732 0 733 1 1 0 24 22 -4347 32 2
7815 9003 733 1 733 1 0 0 22 22 0 1188 0
9003 9005 733 1 732 0 0 1 22 20 4964 32 2
9005 9008 732 0 735 0 1 0 20 17 -4964 32 3
9008 9158 735 0 735 0 0 0 17 17 0 150 0
9158 9161 735 0 732 0 0 1 17 14 38321 32 3
9161 9169 732 0 732 0 1 1 14 14 0 8 0
9169 9169 732 0 732 0 1 2 14 14 5058 32 0
9169 9170 732 0 733 0 2 1 14 13 -38321 30 1
9170 9170 733 0 733 0 1 0 13 13 -5058 32 0
9170 9564 733 0 733 0 0 0 13 13 0 394 0
9564 9565 733 0 732 0 0 1 13 12 5262 32 1
9565 9566 732 0 733 0 1 0 12 11 -5262 32 1
9566 9958 733 0 733 0 0 0 11 11 0 392 0
9958 9959 733 0 732 0 0 1 11 10 5476 32 1
9959 9961 732 0 733 1 1 0 10 8 -5476 32 2
9961 10006 733 1 733 1 0 0 8 8 0 45 0
10006 10008 733 1 732 0 0 1 8 6 5506 32 2
10008 10009 732 0 732 1 1 0 6 5 -5506 32 1
10009 11070 732 1 732 1 0 0 5 5 0 1061 0
11070 11071 732 1 732 0 0 1 5 4 6042 32 1
11071 11071 732 0 732 0 1 2 4 4 6037 19 0
11071 11074 732 0 732 0 2 2 4 4 0 3 0
11074 11075 732 0 733 0 2 1 4 3 -6042 32 1
11075 11076 733 0 733 1 1 0 3 2 -6037 16 1
11076 43265 733 1 733 1 0 0 2 2 0 32189 0
43265 43267 733 1 732 0 0 0 2 0 1000000000 0 2
--------------------------------------
--------------------------------------
EV3
--------------------------------------
Num TPs served = 17
TPs served = 5574 6096 6496 6836 6978 7062 7150 7426 7563 8003 8057 8100 8407 8487 39444 39832 40694
Total energy used = 100
--------------------------------------
Schedule:
0 10155 732 0 732 0 0 0 100 100 0 10155 0
10155 10155 732 0 732 0 0 1 100 100 5574 32 0
10155 10160 732 0 737 0 1 0 100 95 -5574 32 5
10160 11158 737 0 737 0 0 0 95 95 0 998 0
11158 11163 737 0 732 0 0 1 95 90 6096 32 5
11163 11165 732 0 734 0 1 0 90 88 -6096 32 2
11165 11939 734 0 734 0 0 0 88 88 0 774 0
11939 11941 734 0 732 0 0 1 88 86 39444 32 2
11941 11941 732 0 732 0 1 2 86 86 6496 29 0
11941 11943 732 0 734 0 2 1 86 84 -39444 32 2
11943 11943 734 0 734 0 1 0 84 84 -6496 29 0
11943 12655 734 0 734 0 0 0 84 84 0 712 0
12655 12657 734 0 732 0 0 1 84 82 6836 32 2
12657 12658 732 0 732 0 1 1 82 82 0 1 0
12658 12663 732 0 735 2 1 0 82 77 -6836 32 5
12663 12932 735 2 735 2 0 0 77 77 0 269 0
12932 12937 735 2 732 0 0 1 77 72 39832 32 5
12937 12964 732 0 732 0 1 1 72 72 0 27 0
12964 12964 732 0 732 0 1 2 72 72 6978 32 0
12964 12966 732 0 732 2 2 1 72 70 -39832 10 2
12966 12969 732 2 732 2 1 1 70 70 0 3 0
12969 12971 732 2 734 2 1 0 70 68 -6978 32 2
12971 13135 734 2 734 2 0 0 68 68 0 164 0
13135 13139 734 2 732 0 0 1 68 64 7062 32 4
13139 13141 732 0 734 0 1 0 64 62 -7062 32 2
13141 13343 734 0 734 0 0 0 62 62 0 202 0
13343 13345 734 0 732 0 0 1 62 60 7150 32 2
13345 13346 732 0 732 0 1 1 60 60 0 1 0
13346 13347 732 0 733 0 1 0 60 59 -7150 32 1
13347 13933 733 0 733 0 0 0 59 59 0 586 0
13933 13934 733 0 732 0 0 1 59 58 7426 32 1
13934 13935 732 0 732 0 1 1 58 58 0 1 0
13935 13937 732 0 734 0 1 0 58 56 -7426 32 2
13937 14236 734 0 734 0 0 0 56 56 0 299 0
14236 14238 734 0 732 0 0 1 56 54 7563 32 2
14238 14240 732 0 734 0 1 0 54 52 -7563 32 2
14240 15182 734 0 734 0 0 0 52 52 0 942 0
15182 15184 734 0 732 0 0 1 52 50 40694 32 2
15184 15207 732 0 732 0 1 1 50 50 0 23 0
15207 15207 732 0 732 0 1 2 50 50 8003 32 0
15207 15211 732 0 736 0 2 1 50 46 -40694 9 4
15211 15214 736 0 737 2 1 0 46 43 -8003 32 3
15214 15337 737 2 737 2 0 0 43 43 0 123 0
15337 15344 737 2 732 0 0 1 43 36 8057 32 7
15344 15346 732 0 734 0 1 0 36 34 -8057 32 2
15346 15445 734 0 734 0 0 0 34 34 0 99 0
15445 15447 734 0 732 0 0 1 34 32 8100 32 2
15447 15450 732 0 733 2 1 0 32 29 -8100 32 3
15450 16156 733 2 733 2 0 0 29 29 0 706 0
16156 16159 733 2 732 0 0 1 29 26 8407 32 3
16159 16161 732 0 732 0 1 1 26 26 0 2 0
16161 16170 732 0 735 6 1 0 26 17 -8407 32 9
16170 16316 735 6 735 6 0 0 17 17 0 146 0
16316 16325 735 6 732 0 0 1 17 8 8487 32 9
16325 16329 732 0 735 1 1 0 8 4 -8487 32 4
16329 43263 735 1 735 1 0 0 4 4 0 26934 0
43263 43267 735 1 732 0 0 0 4 0 1000000000 0 4
--------------------------------------
--------------------------------------
EV4
--------------------------------------
Num TPs served = 18
TPs served = 8519 8701 9399 9980 10387 10500 10589 10732 10844 12057 12229 12850 13150 13158 13232 14048 14431 28222
Total energy used = 100
--------------------------------------
Schedule:
0 16405 732 0 732 0 0 0 100 100 0 16405 0
16405 16405 732 0 732 0 0 1 100 100 8519 32 0
16405 16406 732 0 733 0 1 0 100 99 -8519 32 1
16406 16879 733 0 733 0 0 0 99 99 0 473 0
16879 16880 733 0 732 0 0 1 99 98 8701 32 1
16880 16883 732 0 735 0 1 0 98 95 -8701 32 3
16883 18756 735 0 735 0 0 0 95 95 0 1873 0
18756 18759 735 0 732 0 0 1 95 92 9399 32 3
18759 18762 732 0 732 3 1 0 92 89 -9399 32 3
18762 20343 732 3 732 3 0 0 89 89 0 1581 0
20343 20346 732 3 732 0 0 1 89 86 9980 32 3
20346 20347 732 0 732 0 1 1 86 86 0 1 0
20347 20348 732 0 733 0 1 0 86 85 -9980 32 1
20348 21522 733 0 733 0 0 0 85 85 0 1174 0
21522 21523 733 0 732 0 0 1 85 84 10387 32 1
21523 21527 732 0 732 0 1 1 84 84 0 4 0
21527 21531 732 0 734 2 1 0 84 80 -10387 32 4
21531 21833 734 2 734 2 0 0 80 80 0 302 0
21833 21837 734 2 732 0 0 1 80 76 10500 32 4
21837 21839 732 0 734 0 1 0 76 74 -10500 32 2
21839 22068 734 0 734 0 0 0 74 74 0 229 0
22068 22070 734 0 732 0 0 1 74 72 10589 32 2
22070 22071 732 0 733 0 1 0 72 71 -10589 32 1
22071 22514 733 0 733 0 0 0 71 71 0 443 0
22514 22515 733 0 732 0 0 1 71 70 10732 32 1
22515 22519 732 0 736 0 1 0 70 66 -10732 32 4
22519 22878 736 0 736 0 0 0 66 66 0 359 0
22878 22882 736 0 732 0 0 1 66 62 10844 32 4
22882 22885 732 0 732 0 1 1 62 62 0 3 0
22885 22886 732 0 733 0 1 0 62 61 -10844 32 1
22886 26946 733 0 733 0 0 0 61 61 0 4060 0
26946 26947 733 0 732 0 0 1 61 60 28222 32 1
26947 26947 732 0 732 0 1 2 60 60 12057 16 0
26947 26954 732 0 739 0 2 1 60 53 -28222 32 7
26954 26955 739 0 740 0 1 0 53 52 -12057 16 1
26955 27475 740 0 740 0 0 0 52 52 0 520 0
27475 27483 740 0 732 0 0 1 52 44 12229 32 8
27483 27484 732 0 732 0 1 1 44 44 0 1 0
27484 27485 732 0 733 0 1 0 44 43 -12229 32 1
27485 29743 733 0 733 0 0 0 43 43 0 2258 0
29743 29744 733 0 732 0 0 1 43 42 12850 32 1
29744 29746 732 0 734 0 1 0 42 40 -12850 32 2
29746 30849 734 0 734 0 0 0 40 40 0 1103 0
30849 30851 734 0 732 0 0 1 40 38 13158 32 2
30851 30851 732 0 732 0 1 2 38 38 13150 10 0
30851 30852 732 0 732 0 2 2 38 38 0 1 0
30852 30855 732 0 733 2 2 1 38 35 -13158 32 3
30855 30861 733 2 737 0 1 0 35 29 -13150 5 6
30861 31072 737 0 737 0 0 0 29 29 0 211 0
31072 31077 737 0 732 0 0 1 29 24 13232 32 5
31077 31078 732 0 733 0 1 0 24 23 -13232 32 1
31078 34169 733 0 733 0 0 0 23 23 0 3091 0
34169 34170 733 0 732 0 0 1 23 22 14048 32 1
34170 34180 732 0 741 1 1 0 22 12 -14048 32 10
34180 35597 741 1 741 1 0 0 12 12 0 1417 0
35597 35607 741 1 732 0 0 1 12 2 14431 32 10
35607 35608 732 0 733 0 1 0 2 1 -14431 32 1
35608 43266 733 0 733 0 0 0 1 1 0 7658 0
43266 43267 733 0 732 0 0 0 1 0 1000000000 0 1
--------------------------------------
--------------------------------------
EV5
--------------------------------------
Num TPs served = 8
TPs served = 12237 14367 14435 14437 14529 14636 15033 15254
Total energy used = 100
--------------------------------------
Schedule:
0 27508 732 0 732 0 0 0 100 100 0 27508 0
27508 27508 732 0 732 0 0 1 100 100 12237 32 0
27508 27534 732 0 754 4 1 0 100 74 -12237 32 26
27534 35331 754 4 754 4 0 0 74 74 0 7797 0
35331 35357 754 4 732 0 0 1 74 48 14367 32 26
35357 35358 732 0 732 0 1 1 48 48 0 1 0
35358 35360 732 0 733 1 1 0 48 46 -14367 32 2
35360 35631 733 1 733 1 0 0 46 46 0 271 0
35631 35633 733 1 732 0 0 1 46 44 14437 32 2
35633 35633 732 0 732 0 1 2 44 44 14435 29 0
35633 35637 732 0 735 1 2 1 44 40 -14437 32 4
35637 35639 735 1 734 0 1 0 40 38 -14435 28 2
35639 35960 734 0 734 0 0 0 38 38 0 321 0
35960 35962 734 0 732 0 0 1 38 36 14529 32 2
35962 35974 732 0 741 3 1 0 36 24 -14529 32 12
35974 36393 741 3 741 3 0 0 24 24 0 419 0
36393 36405 741 3 732 0 0 1 24 12 14636 32 12
36405 36406 732 0 733 0 1 0 12 11 -14636 32 1
36406 37918 733 0 733 0 0 0 11 11 0 1512 0
37918 37919 733 0 732 0 0 1 11 10 15033 32 1
37919 37923 732 0 735 1 1 0 10 6 -15033 32 4
37923 38785 735 1 735 1 0 0 6 6 0 862 0
38785 38789 735 1 732 0 0 1 6 2 15254 32 4
38789 38790 732 0 733 0 1 0 2 1 -15254 32 1
38790 43266 733 0 733 0 0 0 1 1 0 4476 0
43266 43267 733 0 732 0 0 0 1 0 1000000000 0 1
--------------------------------------
--------------------------------------
EV6
--------------------------------------
Num TPs served = 26
TPs served = 15380 15486 15885 16264 16293 16348 16387 16935 17160 17234 17531 18014 18196 18566 19291 19395 19549 20013 20097 20104 20174 20732 21977 23633 38082 38665
Total energy used = 100
--------------------------------------
Schedule:
0 372 732 0 732 0 0 0 100 100 0 372 0
372 372 732 0 732 0 0 1 100 100 17531 32 0
372 374 732 0 732 0 1 1 100 100 0 2 0
374 376 732 0 732 2 1 0 100 98 -17531 32 2
376 1855 732 2 732 2 0 0 98 98 0 1479 0
1855 1857 732 2 732 0 0 1 98 96 18014 32 2
1857 1858 732 0 732 0 1 1 96 96 0 1 0
1858 1859 732 0 733 0 1 0 96 95 -18014 32 1
1859 2425 733 0 733 0 0 0 95 95 0 566 0
2425 2426 733 0 732 0 0 1 95 94 18196 32 1
2426 2427 732 0 733 0 1 0 94 93 -18196 32 1
2427 3599 733 0 733 0 0 0 93 93 0 1172 0
3599 3600 733 0 732 0 0 1 93 92 18566 32 1
3600 3604 732 0 736 0 1 0 92 88 -18566 32 4
3604 5854 736 0 736 0 0 0 88 88 0 2250 0
5854 5858 736 0 732 0 0 1 88 84 19291 32 4
5858 5860 732 0 732 0 1 1 84 84 0 2 0
5860 5861 732 0 733 0 1 0 84 83 -19291 32 1
5861 6189 733 0 733 0 0 0 83 83 0 328 0
6189 6190 733 0 732 0 0 1 83 82 19395 32 1
6190 6195 732 0 732 0 1 1 82 82 0 5 0
6195 6196 732 0 733 0 1 0 82 81 -19395 32 1
6196 6725 733 0 733 0 0 0 81 81 0 529 0
6725 6726 733 0 732 0 0 1 81 80 19549 32 1
6726 6730 732 0 736 0 1 0 80 76 -19549 32 4
6730 8068 736 0 736 0 0 0 76 76 0 1338 0
8068 8072 736 0 732 0 0 1 76 72 20013 32 4
8072 8074 732 0 734 0 1 0 72 70 -20013 32 2
8074 8318 734 0 734 0 0 0 70 70 0 244 0
8318 8320 734 0 732 0 0 1 70 68 20104 32 2
8320 8320 732 0 732 0 1 2 68 68 20097 14 0
8320 8321 732 0 733 0 2 1 68 67 -20104 32 1
8321 8322 733 0 734 0 1 0 67 66 -20097 15 1
8322 8512 734 0 734 0 0 0 66 66 0 190 0
8512 8514 734 0 732 0 0 1 66 64 38082 32 2
8514 8518 732 0 732 0 1 1 64 64 0 4 0
8518 8518 732 0 732 0 1 2 64 64 20174 32 0
8518 8519 732 0 733 0 2 1 64 63 -38082 28 1
8519 8520 733 0 733 0 1 1 63 63 0 1 0
8520 8523 733 0 736 0 1 0 63 60 -20174 32 3
8523 10072 736 0 736 0 0 0 60 60 0 1549 0
10072 10076 736 0 732 0 0 1 60 56 38665 32 4
10076 10076 732 0 732 0 1 2 56 56 20732 6 0
10076 10078 732 0 732 2 2 1 56 54 -38665 32 2
10078 10078 732 2 732 2 1 0 54 54 -20732 11 0
10078 13405 732 2 732 2 0 0 54 54 0 3327 0
13405 13407 732 2 732 0 0 1 54 52 21977 32 2
13407 13409 732 0 732 0 1 1 52 52 0 2 0
13409 13410 732 0 732 1 1 0 52 51 -21977 32 1
13410 17483 732 1 732 1 0 0 51 51 0 4073 0
17483 17484 732 1 732 0 0 1 51 50 23633 32 1
17484 17485 732 0 733 0 1 0 50 49 -23633 32 1
17485 39282 733 0 733 0 0 0 49 49 0 21797 0
39282 39283 733 0 732 0 0 1 49 48 15380 32 1
39283 39285 732 0 732 0 1 1 48 48 0 2 0
39285 39286 732 0 733 0 1 0 48 47 -15380 32 1
39286 39673 733 0 733 0 0 0 47 47 0 387 0
39673 39674 733 0 732 0 0 1 47 46 15486 32 1
39674 39676 732 0 732 2 1 0 46 44 -15486 32 2
39676 40526 732 2 732 2 0 0 44 44 0 850 0
40526 40528 732 2 732 0 0 1 44 42 15885 32 2
40528 40529 732 0 732 1 1 0 42 41 -15885 32 1
40529 41209 732 1 732 1 0 0 41 41 0 680 0
41209 41210 732 1 732 0 0 1 41 40 16264 32 1
41210 41212 732 0 732 0 1 1 40 40 0 2 0
41212 41215 732 0 735 0 1 0 40 37 -16264 32 3
41215 41251 735 0 735 0 0 0 37 37 0 36 0
41251 41254 735 0 732 0 0 1 37 34 16293 32 3
41254 41256 732 0 733 1 1 0 34 32 -16293 32 2
41256 41345 733 1 733 1 0 0 32 32 0 89 0
41345 41347 733 1 732 0 0 1 32 30 16348 32 2
41347 41355 732 0 739 1 1 0 30 22 -16348 32 8
41355 41406 739 1 739 1 0 0 22 22 0 51 0
41406 41414 739 1 732 0 0 1 22 14 16387 32 8
41414 41415 732 0 732 0 1 1 14 14 0 1 0
41415 41416 732 0 733 0 1 0 14 13 -16387 32 1
41416 42378 733 0 733 0 0 0 13 13 0 962 0
42378 42379 733 0 732 0 0 1 13 12 16935 32 1
42379 42380 732 0 732 0 1 1 12 12 0 1 0
42380 42381 732 0 733 0 1 0 12 11 -16935 32 1
42381 42781 733 0 733 0 0 0 11 11 0 400 0
42781 42782 733 0 732 0 0 1 11 10 17160 32 1
42782 42786 732 0 732 4 1 0 10 6 -17160 32 4
42786 42887 732 4 732 4 0 0 6 6 0 101 0
42887 42891 732 4 732 0 0 1 6 2 17234 32 4
42891 42893 732 0 732 0 1 1 2 2 0 2 0
42893 42894 732 0 733 0 1 0 2 1 -17234 32 1
42894 43266 733 0 733 0 0 0 1 1 0 372 0
43266 43267 733 0 732 0 0 0 1 0 1000000000 0 1
--------------------------------------
--------------------------------------
EV7
--------------------------------------
Num TPs served = 26
TPs served = 22050 22092 22152 22657 23348 23389 23509 24055 24111 24343 24449 24472 24490 24576 24763 24968 25789 26155 26274 26568 26703 27216 28181 40084 44032 44407
Total energy used = 100
--------------------------------------
Schedule:
0 13585 732 0 732 0 0 0 100 100 0 13585 0
13585 13585 732 0 732 0 0 1 100 100 22050 32 0
13585 13587 732 0 734 0 1 0 100 98 -22050 32 2
13587 13688 734 0 734 0 0 0 98 98 0 101 0
13688 13690 734 0 732 0 0 1 98 96 40084 32 2
13690 13702 732 0 732 0 1 1 96 96 0 12 0
13702 13702 732 0 732 0 1 2 96 96 22092 32 0
13702 13703 732 0 733 0 2 1 96 95 -40084 20 1
13703 13704 733 0 734 0 1 0 95 94 -22092 32 1
13704 13848 734 0 734 0 0 0 94 94 0 144 0
13848 13850 734 0 732 0 0 1 94 92 22152 32 2
13850 13855 732 0 732 5 1 0 92 87 -22152 32 5
13855 15135 732 5 732 5 0 0 87 87 0 1280 0
15135 15140 732 5 732 0 0 1 87 82 22657 32 5
15140 15144 732 0 733 3 1 0 82 78 -22657 32 4
15144 16824 733 3 733 3 0 0 78 78 0 1680 0
16824 16828 733 3 732 0 0 1 78 74 23348 32 4
16828 16831 732 0 735 0 1 0 74 71 -23348 32 3
16831 16927 735 0 735 0 0 0 71 71 0 96 0
16927 16930 735 0 732 0 0 1 71 68 23389 32 3
16930 16932 732 0 732 2 1 0 68 66 -23389 32 2
16932 17190 732 2 732 2 0 0 66 66 0 258 0
17190 17192 732 2 732 0 0 1 66 64 23509 32 2
17192 17194 732 0 733 1 1 0 64 62 -23509 32 2
17194 18401 733 1 733 1 0 0 62 62 0 1207 0
18401 18403 733 1 732 0 0 1 62 60 24055 32 2
18403 18407 732 0 736 0 1 0 60 56 -24055 32 4
18407 18522 736 0 736 0 0 0 56 56 0 115 0
18522 18526 736 0 732 0 0 1 56 52 24111 32 4
18526 18528 732 0 732 2 1 0 52 50 -24111 32 2
18528 19030 732 2 732 2 0 0 50 50 0 502 0
19030 19032 732 2 732 0 0 1 50 48 24343 32 2
19032 19033 732 0 732 0 1 1 48 48 0 1 0
19033 19034 732 0 733 0 1 0 48 47 -24343 32 1
19034 19281 733 0 733 0 0 0 47 47 0 247 0
19281 19282 733 0 732 0 0 1 47 46 24449 32 1
19282 19283 732 0 732 0 1 1 46 46 0 1 0
19283 19284 732 0 733 0 1 0 46 45 -24449 32 1
19284 19328 733 0 733 0 0 0 45 45 0 44 0
19328 19329 733 0 732 0 0 1 45 44 24472 32 1
19329 19330 732 0 732 1 1 0 44 43 -24472 32 1
19330 19373 732 1 732 1 0 0 43 43 0 43 0
19373 19374 732 1 732 0 0 1 43 42 24490 32 1
19374 19375 732 0 733 0 1 0 42 41 -24490 32 1
19375 19570 733 0 733 0 0 0 41 41 0 195 0
19570 19571 733 0 732 0 0 1 41 40 24576 32 1
19571 19572 732 0 733 0 1 0 40 39 -24576 32 1
19572 19978 733 0 733 0 0 0 39 39 0 406 0
19978 19979 733 0 732 0 0 1 39 38 24763 32 1
19979 19981 732 0 732 2 1 0 38 36 -24763 32 2
19981 20429 732 2 732 2 0 0 36 36 0 448 0
20429 20431 732 2 732 0 0 1 36 34 24968 32 2
20431 20433 732 0 734 0 1 0 34 32 -24968 32 2
20433 22228 734 0 734 0 0 0 32 32 0 1795 0
22228 22230 734 0 732 0 0 1 32 30 44032 32 2
22230 22230 732 0 732 0 1 2 30 30 25789 20 0
22230 22231 732 0 733 0 2 1 30 29 -44032 32 1
22231 22231 733 0 733 0 1 0 29 29 -25789 20 0
22231 22948 733 0 733 0 0 0 29 29 0 717 0
22948 22949 733 0 732 0 0 1 29 28 44407 32 1
22949 22956 732 0 732 0 1 1 28 28 0 7 0
22956 22956 732 0 732 0 1 2 28 28 26155 32 0
22956 22957 732 0 732 1 2 1 28 27 -44407 25 1
22957 22958 732 1 732 2 1 0 27 26 -26155 32 1
22958 23230 732 2 732 2 0 0 26 26 0 272 0
23230 23232 732 2 732 0 0 1 26 24 26274 32 2
23232 23233 732 0 732 1 1 0 24 23 -26274 32 1
23233 23786 732 1 732 1 0 0 23 23 0 553 0
23786 23787 732 1 732 0 0 1 23 22 26568 32 1
23787 23789 732 0 733 1 1 0 22 20 -26568 32 2
23789 24065 733 1 733 1 0 0 20 20 0 276 0
24065 24067 733 1 732 0 0 1 20 18 26703 32 2
24067 24069 732 0 732 0 1 1 18 18 0 2 0
24069 24070 732 0 733 0 1 0 18 17 -26703 32 1
24070 25044 733 0 733 0 0 0 17 17 0 974 0
25044 25045 733 0 732 0 0 1 17 16 27216 32 1
25045 25046 732 0 732 0 1 1 16 16 0 1 0
25046 25052 732 0 738 0 1 0 16 10 -27216 32 6
25052 26853 738 0 738 0 0 0 10 10 0 1801 0
26853 26859 738 0 732 0 0 1 10 4 28181 32 6
26859 26861 732 0 732 2 1 0 4 2 -28181 32 2
26861 43265 732 2 732 2 0 0 2 2 0 16404 0
43265 43267 732 2 732 0 0 0 2 0 1000000000 0 2
--------------------------------------
--------------------------------------
EV8
--------------------------------------
Num TPs served = 7
TPs served = 25498 26846 28232 28560 29060 29463 29766
Total energy used = 100
--------------------------------------
Schedule:
0 21588 732 0 732 0 0 0 100 100 0 21588 0
21588 21588 732 0 732 0 0 1 100 100 25498 32 0
21588 21604 732 0 747 1 1 0 100 84 -25498 32 16
21604 24328 747 1 747 1 0 0 84 84 0 2724 0
24328 24344 747 1 732 0 0 1 84 68 26846 32 16
24344 24347 732 0 732 0 1 1 68 68 0 3 0
24347 24356 732 0 737 4 1 0 68 59 -26846 32 9
24356 26959 737 4 737 4 0 0 59 59 0 2603 0
26959 26968 737 4 732 0 0 1 59 50 28232 32 9
26968 26969 732 0 732 0 1 1 50 50 0 1 0
26969 26978 732 0 736 5 1 0 50 41 -28232 32 9
26978 27587 736 5 736 5 0 0 41 41 0 609 0
27587 27596 736 5 732 0 0 1 41 32 28560 32 9
27596 27597 732 0 732 0 1 1 32 32 0 1 0
27597 27609 732 0 739 5 1 0 32 20 -28560 32 12
27609 28591 739 5 739 5 0 0 20 20 0 982 0
28591 28603 739 5 732 0 0 1 20 8 29060 32 12
28603 28604 732 0 733 0 1 0 8 7 -29060 32 1
28604 29438 733 0 733 0 0 0 7 7 0 834 0
29438 29439 733 0 732 0 0 1 7 6 29463 32 1
29439 29440 732 0 732 0 1 1 6 6 0 1 0
29440 29442 732 0 732 2 1 0 6 4 -29463 32 2
29442 30025 732 2 732 2 0 0 4 4 0 583 0
30025 30027 732 2 732 0 0 1 4 2 29766 32 2
30027 30029 732 0 732 0 1 1 2 2 0 2 0
30029 30030 732 0 732 1 1 0 2 1 -29766 32 1
30030 43266 732 1 732 1 0 0 1 1 0 13236 0
43266 43267 732 1 732 0 0 0 1 0 1000000000 0 1
--------------------------------------
--------------------------------------
EV9
--------------------------------------
Num TPs served = 17
TPs served = 30228 30281 31131 31228 31415 31946 33098 33692 34336 34340 35045 35716 36441 36552 36888 37163 37860
Total energy used = 100
--------------------------------------
Schedule:
0 1677 732 0 732 0 0 0 100 100 0 1677 0
1677 1677 732 0 732 0 0 1 100 100 35716 32 0
1677 1678 732 0 732 0 1 1 100 100 0 1 0
1678 1680 732 0 734 0 1 0 100 98 -35716 32 2
1680 3775 734 0 734 0 0 0 98 98 0 2095 0
3775 3777 734 0 732 0 0 1 98 96 36441 32 2
3777 3782 732 0 732 5 1 0 96 91 -36441 32 5
3782 4083 732 5 732 5 0 0 91 91 0 301 0
4083 4088 732 5 732 0 0 1 91 86 36552 32 5
4088 4090 732 0 732 0 1 1 86 86 0 2 0
4090 4093 732 0 733 2 1 0 86 83 -36552 32 3
4093 5106 733 2 733 2 0 0 83 83 0 1013 0
5106 5109 733 2 732 0 0 1 83 80 36888 32 3
5109 5111 732 0 734 0 1 0 80 78 -36888 32 2
5111 5928 734 0 734 0 0 0 78 78 0 817 0
5928 5930 734 0 732 0 0 1 78 76 37163 32 2
5930 5932 732 0 734 0 1 0 76 74 -37163 32 2
5932 7885 734 0 734 0 0 0 74 74 0 1953 0
7885 7887 734 0 732 0 0 1 74 72 37860 32 2
7887 7888 732 0 732 0 1 1 72 72 0 1 0
7888 7892 732 0 732 4 1 0 72 68 -37860 32 4
7892 30898 732 4 732 4 0 0 68 68 0 23006 0
30898 30902 732 4 732 0 0 1 68 64 30228 32 4
30902 30903 732 0 732 0 1 1 64 64 0 1 0
30903 30904 732 0 733 0 1 0 64 63 -30228 32 1
30904 31040 733 0 733 0 0 0 63 63 0 136 0
31040 31041 733 0 732 0 0 1 63 62 30281 32 1
31041 31042 732 0 732 0 1 1 62 62 0 1 0
31042 31048 732 0 733 5 1 0 62 56 -30281 32 6
31048 32780 733 5 733 5 0 0 56 56 0 1732 0
32780 32786 733 5 732 0 0 1 56 50 31131 32 6
32786 32788 732 0 734 0 1 0 50 48 -31131 32 2
32788 32995 734 0 734 0 0 0 48 48 0 207 0
32995 32997 734 0 732 0 0 1 48 46 31228 32 2
32997 33000 732 0 734 1 1 0 46 43 -31228 32 3
33000 33415 734 1 734 1 0 0 43 43 0 415 0
33415 33418 734 1 732 0 0 1 43 40 31415 32 3
33418 33420 732 0 732 2 1 0 40 38 -31415 32 2
33420 34574 732 2 732 2 0 0 38 38 0 1154 0
34574 34576 732 2 732 0 0 1 38 36 31946 32 2
34576 34577 732 0 733 0 1 0 36 35 -31946 32 1
34577 37449 733 0 733 0 0 0 35 35 0 2872 0
37449 37450 733 0 732 0 0 1 35 34 33098 32 1
37450 37451 732 0 733 0 1 0 34 33 -33098 32 1
37451 38970 733 0 733 0 0 0 33 33 0 1519 0
38970 38971 733 0 732 0 0 1 33 32 33692 32 1
38971 38973 732 0 732 2 1 0 32 30 -33692 32 2
38973 40742 732 2 732 2 0 0 30 30 0 1769 0
40742 40744 732 2 732 0 0 1 30 28 34340 32 2
40744 40744 732 0 732 0 1 2 28 28 34336 18 0
40744 40749 732 0 736 1 2 1 28 23 -34340 32 5
40749 40752 736 1 733 1 1 0 23 20 -34336 13 3
40752 42873 733 1 733 1 0 0 20 20 0 2121 0
42873 42875 733 1 732 0 0 1 20 18 35045 32 2
42875 42877 732 0 732 0 1 1 18 18 0 2 0
42877 42886 732 0 737 4 1 0 18 9 -35045 32 9
42886 43258 737 4 737 4 0 0 9 9 0 372 0
43258 43267 737 4 732 0 0 0 9 0 1000000000 0 9
--------------------------------------
--------------------------------------
EV10
--------------------------------------
Num TPs served = 23
TPs served = 37676 37749 38194 39544 39675 39850 40041 40058 40069 40226 41098 41180 41814 42021 42285 42442 42667 42777 42838 42962 43463 43831 45585
Total energy used = 100
--------------------------------------
Schedule:
0 7380 732 0 732 0 0 0 100 100 0 7380 0
7380 7380 732 0 732 0 0 1 100 100 37676 32 0
7380 7381 732 0 732 0 1 1 100 100 0 1 0
7381 7387 732 0 736 2 1 0 100 94 -37676 32 6
7387 7575 736 2 736 2 0 0 94 94 0 188 0
7575 7581 736 2 732 0 0 1 94 88 37749 32 6
7581 7584 732 0 732 0 1 1 88 88 0 3 0
7584 7589 732 0 736 1 1 0 88 83 -37749 32 5
7589 8847 736 1 736 1 0 0 83 83 0 1258 0
8847 8852 736 1 732 0 0 1 83 78 38194 32 5
8852 8853 732 0 732 0 1 1 78 78 0 1 0
8853 8854 732 0 732 1 1 0 78 77 -38194 32 1
8854 12206 732 1 732 1 0 0 77 77 0 3352 0
12206 12207 732 1 732 0 0 1 77 76 39544 32 1
12207 12208 732 0 732 0 1 1 76 76 0 1 0
12208 12210 732 0 734 0 1 0 76 74 -39544 32 2
12210 12549 734 0 734 0 0 0 74 74 0 339 0
12549 12551 734 0 732 0 0 1 74 72 39675 32 2
12551 12552 732 0 732 0 1 1 72 72 0 1 0
12552 12553 732 0 733 0 1 0 72 71 -39675 32 1
12553 12989 733 0 733 0 0 0 71 71 0 436 0
12989 12990 733 0 732 0 0 1 71 70 39850 32 1
12990 12991 732 0 732 0 1 1 70 70 0 1 0
12991 12993 732 0 732 2 1 0 70 68 -39850 32 2
12993 13565 732 2 732 2 0 0 68 68 0 572 0
13565 13567 732 2 732 0 0 1 68 66 40041 32 2
13567 13568 732 0 732 1 1 0 66 65 -40041 32 1
13568 13617 732 1 732 1 0 0 65 65 0 49 0
13617 13618 732 1 732 0 0 1 65 64 40058 32 1
13618 13619 732 0 732 1 1 0 64 63 -40058 32 1
13619 13654 732 1 732 1 0 0 63 63 0 35 0
13654 13655 732 1 732 0 0 1 63 62 40069 32 1
13655 13657 732 0 732 0 1 1 62 62 0 2 0
13657 13661 732 0 735 1 1 0 62 58 -40069 32 4
13661 14051 735 1 735 1 0 0 58 58 0 390 0
14051 14055 735 1 732 0 0 1 58 54 40226 32 4
14055 14057 732 0 734 0 1 0 54 52 -40226 32 2
14057 16085 734 0 734 0 0 0 52 52 0 2028 0
16085 16087 734 0 732 0 0 1 52 50 41098 32 2
16087 16089 732 0 734 0 1 0 50 48 -41098 32 2
16089 16265 734 0 734 0 0 0 48 48 0 176 0
16265 16267 734 0 732 0 0 1 48 46 41180 32 2
16267 16269 732 0 733 1 1 0 46 44 -41180 32 2
16269 17698 733 1 733 1 0 0 44 44 0 1429 0
17698 17700 733 1 732 0 0 1 44 42 41814 32 2
17700 17703 732 0 733 2 1 0 42 39 -41814 32 3
17703 18146 733 2 733 2 0 0 39 39 0 443 0
18146 18149 733 2 732 0 0 1 39 36 42021 32 3
18149 18150 732 0 733 0 1 0 36 35 -42021 32 1
18150 18698 733 0 733 0 0 0 35 35 0 548 0
18698 18699 733 0 732 0 0 1 35 34 42285 32 1
18699 18700 732 0 733 0 1 0 34 33 -42285 32 1
18700 19020 733 0 733 0 0 0 33 33 0 320 0
19020 19021 733 0 732 0 0 1 33 32 42442 32 1
19021 19025 732 0 732 4 1 0 32 28 -42442 32 4
19025 19561 732 4 732 4 0 0 28 28 0 536 0
19561 19565 732 4 732 0 0 1 28 24 42667 32 4
19565 19567 732 0 734 0 1 0 24 22 -42667 32 2
19567 19785 734 0 734 0 0 0 22 22 0 218 0
19785 19787 734 0 732 0 0 1 22 20 42777 32 2
19787 19789 732 0 732 0 1 1 20 20 0 2 0
19789 19790 732 0 733 0 1 0 20 19 -42777 32 1
19790 19898 733 0 733 0 0 0 19 19 0 108 0
19898 19899 733 0 732 0 0 1 19 18 42838 32 1
19899 19900 732 0 733 0 1 0 18 17 -42838 32 1
19900 20160 733 0 733 0 0 0 17 17 0 260 0
20160 20161 733 0 732 0 0 1 17 16 42962 32 1
20161 20163 732 0 732 0 1 1 16 16 0 2 0
20163 20164 732 0 733 0 1 0 16 15 -42962 32 1
20164 21134 733 0 733 0 0 0 15 15 0 970 0
21134 21135 733 0 732 0 0 1 15 14 43463 32 1
21135 21138 732 0 732 3 1 0 14 11 -43463 32 3
21138 21836 732 3 732 3 0 0 11 11 0 698 0
21836 21839 732 3 732 0 0 1 11 8 43831 32 3
21839 21842 732 0 732 0 1 1 8 8 0 3 0
21842 21845 732 0 734 1 1 0 8 5 -43831 32 3
21845 25043 734 1 734 1 0 0 5 5 0 3198 0
25043 25046 734 1 732 0 0 1 5 2 45585 32 3
25046 25047 732 0 732 1 1 0 2 1 -45585 32 1
25047 43266 732 1 732 1 0 0 1 1 0 18219 0
43266 43267 732 1 732 0 0 0 1 0 1000000000 0 1
--------------------------------------
--------------------------------------
EV11
--------------------------------------
Num TPs served = 16
TPs served = 43918 45277 45332 45403 45834 45912 46289 46388 46485 47318 47499 47670 47758 49040 49689 49943
Total energy used = 88
--------------------------------------
Schedule:
0 22016 732 0 732 0 0 0 100 100 0 22016 0
22016 22016 732 0 732 0 0 1 100 100 43918 32 0
22016 22017 732 0 732 0 1 1 100 100 0 1 0
22017 22025 732 0 739 1 1 0 100 92 -43918 32 8
22025 24495 739 1 739 1 0 0 92 92 0 2470 0
24495 24503 739 1 732 0 0 1 92 84 45277 32 8
24503 24504 732 0 732 0 1 1 84 84 0 1 0
24504 24507 732 0 732 3 1 0 84 81 -45277 32 3
24507 24600 732 3 732 3 0 0 81 81 0 93 0
24600 24603 732 3 732 0 0 1 81 78 45332 32 3
24603 24605 732 0 734 0 1 0 78 76 -45332 32 2
24605 24733 734 0 734 0 0 0 76 76 0 128 0
24733 24735 734 0 732 0 0 1 76 74 45403 32 2
24735 24736 732 0 732 0 1 1 74 74 0 1 0
24736 24738 732 0 734 0 1 0 74 72 -45403 32 2
24738 25482 734 0 734 0 0 0 72 72 0 744 0
25482 25484 734 0 732 0 0 1 72 70 45834 32 2
25484 25487 732 0 732 0 1 1 70 70 0 3 0
25487 25489 732 0 732 2 1 0 70 68 -45834 32 2
25489 25617 732 2 732 2 0 0 68 68 0 128 0
25617 25619 732 2 732 0 0 1 68 66 45912 32 2
25619 25621 732 0 732 2 1 0 66 64 -45912 32 2
25621 26293 732 2 732 2 0 0 64 64 0 672 0
26293 26295 732 2 732 0 0 1 64 62 46289 32 2
26295 26297 732 0 734 0 1 0 62 60 -46289 32 2
26297 26464 734 0 734 0 0 0 60 60 0 167 0
26464 26466 734 0 732 0 0 1 60 58 46388 32 2
26466 26468 732 0 732 2 1 0 58 56 -46388 32 2
26468 26659 732 2 732 2 0 0 56 56 0 191 0
26659 26661 732 2 732 0 0 1 56 54 46485 32 2
26661 26662 732 0 733 0 1 0 54 53 -46485 32 1
26662 28075 733 0 733 0 0 0 53 53 0 1413 0
28075 28076 733 0 732 0 0 1 53 52 47318 32 1
28076 28079 732 0 732 3 1 0 52 49 -47318 32 3
28079 28358 732 3 732 3 0 0 49 49 0 279 0
28358 28361 732 3 732 0 0 1 49 46 47499 32 3
28361 28362 732 0 732 0 1 1 46 46 0 1 0
28362 28363 732 0 732 1 1 0 46 45 -47499 32 1
28363 28654 732 1 732 1 0 0 45 45 0 291 0
28654 28655 732 1 732 0 0 1 45 44 47670 32 1
28655 28657 732 0 732 0 1 1 44 44 0 2 0
28657 28660 732 0 735 0 1 0 44 41 -47670 32 3
28660 28785 735 0 735 0 0 0 41 41 0 125 0
28785 28788 735 0 732 0 0 1 41 38 47758 32 3
28788 28790 732 0 732 2 1 0 38 36 -47758 32 2
28790 31089 732 2 732 2 0 0 36 36 0 2299 0
31089 31091 732 2 732 0 0 1 36 34 49040 32 2
31091 31095 732 0 732 0 1 1 34 34 0 4 0
31095 31097 732 0 734 0 1 0 34 32 -49040 32 2
31097 32217 734 0 734 0 0 0 32 32 0 1120 0
32217 32219 734 0 732 0 0 1 32 30 49689 32 2
32219 32225 732 0 735 3 1 0 30 24 -49689 32 6
32225 32653 735 3 735 3 0 0 24 24 0 428 0
32653 32659 735 3 732 0 0 1 24 18 49943 32 6
32659 32660 732 0 732 0 1 1 18 18 0 1 0
32660 32663 732 0 734 1 1 0 18 15 -49943 32 3
32663 43264 734 1 734 1 0 0 15 15 0 10601 0
43264 43267 734 1 732 0 0 0 15 12 1000000000 0 3
--------------------------------------

-------------------------------------------------------------------------

TPs

-------------------------------------------------------------------------

----------------------
TP56 allocated to 1
----------------------

----------------------
TP988 allocated to 1
----------------------

----------------------
TP1026 allocated to 1
----------------------

----------------------
TP1214 allocated to 1
----------------------

----------------------
TP1664 allocated to 1
----------------------

----------------------
TP1666 allocated to 1
----------------------

----------------------
TP2229 allocated to 1
----------------------

----------------------
TP2239 allocated to 1
----------------------

----------------------
TP2684 allocated to 1
----------------------

----------------------
TP2724 allocated to 1
----------------------

----------------------
TP2790 allocated to 2
----------------------

----------------------
TP3174 allocated to 1
----------------------

----------------------
TP3339 allocated to 1
----------------------

----------------------
TP3432 allocated to 1
----------------------

----------------------
TP3648 allocated to 2
----------------------

----------------------
TP3719 allocated to 2
----------------------

----------------------
TP3847 allocated to 2
----------------------

----------------------
TP3860 allocated to 1
----------------------

----------------------
TP3955 allocated to 2
----------------------

----------------------
TP3978 allocated to 2
----------------------

----------------------
TP4024 allocated to 2
----------------------

----------------------
TP4292 allocated to 2
----------------------

----------------------
TP4347 allocated to 2
----------------------

----------------------
TP4964 allocated to 2
----------------------

----------------------
TP5058 allocated to 2
----------------------

----------------------
TP5262 allocated to 2
----------------------

----------------------
TP5476 allocated to 2
----------------------

----------------------
TP5506 allocated to 2
----------------------

----------------------
TP5574 allocated to 3
----------------------

----------------------
TP6037 allocated to 2
----------------------

----------------------
TP6042 allocated to 2
----------------------

----------------------
TP6096 allocated to 3
----------------------

----------------------
TP6496 allocated to 3
----------------------

----------------------
TP6836 allocated to 3
----------------------

----------------------
TP6978 allocated to 3
----------------------

----------------------
TP7062 allocated to 3
----------------------

----------------------
TP7150 allocated to 3
----------------------

----------------------
TP7426 allocated to 3
----------------------

----------------------
TP7563 allocated to 3
----------------------

----------------------
TP8003 allocated to 3
----------------------

----------------------
TP8057 allocated to 3
----------------------

----------------------
TP8100 allocated to 3
----------------------

----------------------
TP8407 allocated to 3
----------------------

----------------------
TP8487 allocated to 3
----------------------

----------------------
TP8519 allocated to 4
----------------------

----------------------
TP8701 allocated to 4
----------------------

----------------------
TP9399 allocated to 4
----------------------

----------------------
TP9568 allocated to 1
----------------------

----------------------
TP9980 allocated to 4
----------------------

----------------------
TP10387 allocated to 4
----------------------

----------------------
TP10500 allocated to 4
----------------------

----------------------
TP10589 allocated to 4
----------------------

----------------------
TP10732 allocated to 4
----------------------

----------------------
TP10844 allocated to 4
----------------------

----------------------
TP12057 allocated to 4
----------------------

----------------------
TP12229 allocated to 4
----------------------

----------------------
TP12237 allocated to 5
----------------------

----------------------
TP12850 allocated to 4
----------------------

----------------------
TP12924 allocated to 1
----------------------

----------------------
TP13150 allocated to 4
----------------------

----------------------
TP13158 allocated to 4
----------------------

----------------------
TP13232 allocated to 4
----------------------

----------------------
TP14048 allocated to 4
----------------------

----------------------
TP14367 allocated to 5
----------------------

----------------------
TP14431 allocated to 4
----------------------

----------------------
TP14435 allocated to 5
----------------------

----------------------
TP14437 allocated to 5
----------------------

----------------------
TP14529 allocated to 5
----------------------

----------------------
TP14636 allocated to 5
----------------------

----------------------
TP15033 allocated to 5
----------------------

----------------------
TP15254 allocated to 5
----------------------

----------------------
TP15380 allocated to 6
----------------------

----------------------
TP15486 allocated to 6
----------------------

----------------------
TP15885 allocated to 6
----------------------

----------------------
TP16264 allocated to 6
----------------------

----------------------
TP16293 allocated to 6
----------------------

----------------------
TP16348 allocated to 6
----------------------

----------------------
TP16387 allocated to 6
----------------------

----------------------
TP16935 allocated to 6
----------------------

----------------------
TP17160 allocated to 6
----------------------

----------------------
TP17234 allocated to 6
----------------------

----------------------
TP17462 allocated to 1
----------------------

----------------------
TP17531 allocated to 6
----------------------

----------------------
TP18014 allocated to 6
----------------------

----------------------
TP18196 allocated to 6
----------------------

----------------------
TP18566 allocated to 6
----------------------

----------------------
TP19291 allocated to 6
----------------------

----------------------
TP19395 allocated to 6
----------------------

----------------------
TP19549 allocated to 6
----------------------

----------------------
TP20013 allocated to 6
----------------------

----------------------
TP20097 allocated to 6
----------------------

----------------------
TP20104 allocated to 6
----------------------

----------------------
TP20174 allocated to 6
----------------------

----------------------
TP20398 allocated to 1
----------------------

----------------------
TP20732 allocated to 6
----------------------

----------------------
TP21110 allocated to 1
----------------------

----------------------
TP21628 allocated to 1
----------------------

----------------------
TP21977 allocated to 6
----------------------

----------------------
TP22050 allocated to 7
----------------------

----------------------
TP22092 allocated to 7
----------------------

----------------------
TP22152 allocated to 7
----------------------

----------------------
TP22208 allocated to 1
----------------------

----------------------
TP22657 allocated to 7
----------------------

----------------------
TP23348 allocated to 7
----------------------

----------------------
TP23389 allocated to 7
----------------------

----------------------
TP23509 allocated to 7
----------------------

----------------------
TP23633 allocated to 6
----------------------

----------------------
TP24055 allocated to 7
----------------------

----------------------
TP24111 allocated to 7
----------------------

----------------------
TP24333 allocated to 1
----------------------

----------------------
TP24343 allocated to 7
----------------------

----------------------
TP24449 allocated to 7
----------------------

----------------------
TP24472 allocated to 7
----------------------

----------------------
TP24490 allocated to 7
----------------------

----------------------
TP24576 allocated to 7
----------------------

----------------------
TP24763 allocated to 7
----------------------

----------------------
TP24968 allocated to 7
----------------------

----------------------
TP25498 allocated to 8
----------------------

----------------------
TP25789 allocated to 7
----------------------

----------------------
TP26155 allocated to 7
----------------------

----------------------
TP26274 allocated to 7
----------------------

----------------------
TP26568 allocated to 7
----------------------

----------------------
TP26703 allocated to 7
----------------------

----------------------
TP26846 allocated to 8
----------------------

----------------------
TP27216 allocated to 7
----------------------

----------------------
TP28181 allocated to 7
----------------------

----------------------
TP28222 allocated to 4
----------------------

----------------------
TP28232 allocated to 8
----------------------

----------------------
TP28560 allocated to 8
----------------------

----------------------
TP29060 allocated to 8
----------------------

----------------------
TP29463 allocated to 8
----------------------

----------------------
TP29766 allocated to 8
----------------------

----------------------
TP29896 allocated to 1
----------------------

----------------------
TP30228 allocated to 9
----------------------

----------------------
TP30281 allocated to 9
----------------------

----------------------
TP31131 allocated to 9
----------------------

----------------------
TP31228 allocated to 9
----------------------

----------------------
TP31415 allocated to 9
----------------------

----------------------
TP31946 allocated to 9
----------------------

----------------------
TP33098 allocated to 9
----------------------

----------------------
TP33692 allocated to 9
----------------------

----------------------
TP34336 allocated to 9
----------------------

----------------------
TP34340 allocated to 9
----------------------

----------------------
TP35045 allocated to 9
----------------------

----------------------
TP35716 allocated to 9
----------------------

----------------------
TP36441 allocated to 9
----------------------

----------------------
TP36552 allocated to 9
----------------------

----------------------
TP36888 allocated to 9
----------------------

----------------------
TP37163 allocated to 9
----------------------

----------------------
TP37676 allocated to 10
----------------------

----------------------
TP37749 allocated to 10
----------------------

----------------------
TP37860 allocated to 9
----------------------

----------------------
TP38082 allocated to 6
----------------------

----------------------
TP38194 allocated to 10
----------------------

----------------------
TP38321 allocated to 2
----------------------

----------------------
TP38665 allocated to 6
----------------------

----------------------
TP39444 allocated to 3
----------------------

----------------------
TP39544 allocated to 10
----------------------

----------------------
TP39675 allocated to 10
----------------------

----------------------
TP39816 allocated to 1
----------------------

----------------------
TP39832 allocated to 3
----------------------

----------------------
TP39850 allocated to 10
----------------------

----------------------
TP40041 allocated to 10
----------------------

----------------------
TP40058 allocated to 10
----------------------

----------------------
TP40069 allocated to 10
----------------------

----------------------
TP40084 allocated to 7
----------------------

----------------------
TP40226 allocated to 10
----------------------

----------------------
TP40694 allocated to 3
----------------------

----------------------
TP40802 allocated to 1
----------------------

----------------------
TP41098 allocated to 10
----------------------

----------------------
TP41180 allocated to 10
----------------------

----------------------
TP41814 allocated to 10
----------------------

----------------------
TP42021 allocated to 10
----------------------

----------------------
TP42210 allocated to 1
----------------------

----------------------
TP42285 allocated to 10
----------------------

----------------------
TP42442 allocated to 10
----------------------

----------------------
TP42667 allocated to 10
----------------------

----------------------
TP42777 allocated to 10
----------------------

----------------------
TP42838 allocated to 10
----------------------

----------------------
TP42938 allocated to 1
----------------------

----------------------
TP42962 allocated to 10
----------------------

----------------------
TP43463 allocated to 10
----------------------

----------------------
TP43831 allocated to 10
----------------------

----------------------
TP43918 allocated to 11
----------------------

----------------------
TP44032 allocated to 7
----------------------

----------------------
TP44407 allocated to 7
----------------------

----------------------
TP45277 allocated to 11
----------------------

----------------------
TP45332 allocated to 11
----------------------

----------------------
TP45403 allocated to 11
----------------------

----------------------
TP45585 allocated to 10
----------------------

----------------------
TP45834 allocated to 11
----------------------

----------------------
TP45912 allocated to 11
----------------------

----------------------
TP46289 allocated to 11
----------------------

----------------------
TP46388 allocated to 11
----------------------

----------------------
TP46485 allocated to 11
----------------------

----------------------
TP47318 allocated to 11
----------------------

----------------------
TP47499 allocated to 11
----------------------

----------------------
TP47670 allocated to 11
----------------------

----------------------
TP47758 allocated to 11
----------------------

----------------------
TP49040 allocated to 11
----------------------

----------------------
TP49323 allocated to 1
----------------------

----------------------
TP49600 allocated to 1
----------------------

----------------------
TP49689 allocated to 11
----------------------

----------------------
TP49943 allocated to 11
----------------------

-------------------------------------------------------------------------

Ride-sharing vs Individual Mode - Num Vehicles and Distance Comparisson 

-------------------------------------------------------------------------
Individual Mode = 204 vehicles.
Ride-sharing Mode = 11 vehicles. The 11 ride-sharing vehicles + 0 vehicles of the individuals not served by the ride-sharing service.
-------------------------------------------------------------------------
Individual Mode = 576 distance.
Ride-sharing Mode = 1088 distance. 1088 from the EV fleet + 0 from the distance of the trips not covered individuals had to do with their own vehicle.
-------------------------------------------------------------------------
