-------------------------------------------------------------------------
TPs satisfied = 160; Total TPs = 202; Percentage Satisfied + 79.2%
-------------------------------------------------------------------------

-------------------------------------------------------------------------

EVs

-------------------------------------------------------------------------
--------------------------------------
EV1
--------------------------------------
Num TPs served = 45
TPs served = 263 685 702 1080 1426 1732 2553 2617 2618 2807 2826 2827 2845 3279 3416 3556 3568 3665 4086 5095 5275 5401 5556 5954 5996 6144 6247 12261 13522 17026 19777 20455 22636 23165 28881 31290 35309 39047 39587 41466 41680 42395 44215 45961 46354
Total energy used = 100
--------------------------------------
Schedule:
0 510 549 0 549 0 0 0 100 100 0 510 0
510 510 549 0 549 0 0 1 100 100 35309 32 0
510 518 549 0 549 0 1 1 100 100 0 8 0
518 518 549 0 549 0 1 2 100 100 263 32 0
518 519 549 0 550 0 2 1 100 99 -35309 27 1
519 521 550 0 552 0 1 0 99 97 -263 32 2
521 1252 552 0 552 0 0 0 97 97 0 731 0
1252 1255 552 0 549 0 0 1 97 94 702 32 3
1255 1255 549 0 549 0 1 2 94 94 685 4 0
1255 1257 549 0 551 0 2 1 94 92 -685 5 2
1257 1261 551 0 549 2 1 0 92 88 -702 30 4
1261 1890 549 2 549 2 0 0 88 88 0 629 0
1890 1892 549 2 549 0 0 1 88 86 1080 32 2
1892 1894 549 0 551 0 1 0 86 84 -1080 32 2
1894 2485 551 0 551 0 0 0 84 84 0 591 0
2485 2487 551 0 549 0 0 1 84 82 1426 32 2
2487 2490 549 0 549 0 1 1 82 82 0 3 0
2490 2494 549 0 550 3 1 0 82 78 -1426 32 4
2494 3021 550 3 550 3 0 0 78 78 0 527 0
3021 3025 550 3 549 0 0 1 78 74 1732 32 4
3025 3028 549 0 551 1 1 0 74 71 -1732 32 3
3028 4528 551 1 551 1 0 0 71 71 0 1500 0
4528 4531 551 1 549 0 0 1 71 68 2553 32 3
4531 4533 549 0 551 0 1 0 68 66 -2553 32 2
4533 4654 551 0 551 0 0 0 66 66 0 121 0
4654 4656 551 0 549 0 0 1 66 64 2618 32 2
4656 4656 549 0 549 0 1 2 64 64 2617 31 0
4656 4659 549 0 552 0 2 1 64 61 -2618 32 3
4659 4660 552 0 551 0 1 0 61 60 -2617 30 1
4660 4999 551 0 551 0 0 0 60 60 0 339 0
4999 5001 551 0 549 0 0 1 60 58 2807 32 2
5001 5002 549 0 549 0 1 1 58 58 0 1 0
5002 5003 549 0 550 0 1 0 58 57 -2807 32 1
5003 5073 550 0 550 0 0 0 57 57 0 70 0
5073 5074 550 0 549 0 0 1 57 56 2845 32 1
5074 5074 549 0 549 0 1 2 56 56 2827 4 0
5074 5074 549 0 549 0 2 3 56 56 2826 3 0
5074 5075 549 0 549 0 3 3 56 56 0 1 0
5075 5075 549 0 549 0 3 2 56 56 -2845 32 0
5075 5076 549 0 549 1 2 1 56 55 -2827 4 1
5076 5077 549 1 549 2 1 0 55 54 -2826 4 1
5077 5847 549 2 549 2 0 0 54 54 0 770 0
5847 5849 549 2 549 0 0 1 54 52 3279 32 2
5849 5850 549 0 549 0 1 1 52 52 0 1 0
5850 5850 549 0 549 0 1 0 52 52 -3279 32 0
5850 6082 549 0 549 0 0 0 52 52 0 232 0
6082 6082 549 0 549 0 0 1 52 52 3416 32 0
6082 6083 549 0 549 1 1 0 52 51 -3416 32 1
6083 6380 549 1 549 1 0 0 51 51 0 297 0
6380 6381 549 1 549 0 0 1 51 50 3568 32 1
6381 6381 549 0 549 0 1 2 50 50 3556 3 0
6381 6381 549 0 549 0 2 1 50 50 -3556 4 0
6381 6382 549 0 549 0 1 1 50 50 0 1 0
6382 6384 549 0 551 0 1 0 50 48 -3568 32 2
6384 6567 551 0 551 0 0 0 48 48 0 183 0
6567 6569 551 0 549 0 0 1 48 46 3665 32 2
6569 6570 549 0 550 0 1 0 46 45 -3665 32 1
6570 7332 550 0 550 0 0 0 45 45 0 762 0
7332 7333 550 0 549 0 0 1 45 44 19777 32 1
7333 7355 549 0 549 0 1 1 44 44 0 22 0
7355 7355 549 0 549 0 1 2 44 44 4086 32 0
7355 7356 549 0 550 0 2 1 44 43 -19777 10 1
7356 7364 550 0 550 8 1 0 43 35 -4086 32 8
7364 9233 550 8 550 8 0 0 35 35 0 1869 0
9233 9242 550 8 549 0 0 1 35 26 5095 32 9
9242 9245 549 0 552 0 1 0 26 23 -5095 32 3
9245 9317 552 0 552 0 0 0 23 23 0 72 0
9317 9320 552 0 549 0 0 1 23 20 20455 32 3
9320 9322 549 0 549 0 1 1 20 20 0 2 0
9322 9322 549 0 549 0 1 0 20 20 -20455 32 0
9322 9586 549 0 549 0 0 0 20 20 0 264 0
9586 9586 549 0 549 0 0 1 20 20 5275 32 0
9586 9587 549 0 549 1 1 0 20 19 -5275 32 1
9587 9820 549 1 549 1 0 0 19 19 0 233 0
9820 9821 549 1 549 0 0 1 19 18 5401 32 1
9821 9822 549 0 549 1 1 0 18 17 -5401 32 1
9822 10118 549 1 549 1 0 0 17 17 0 296 0
10118 10119 549 1 549 0 0 1 17 16 5556 32 1
10119 10121 549 0 550 1 1 0 16 14 -5556 32 2
10121 10893 550 1 550 1 0 0 14 14 0 772 0
10893 10895 550 1 549 0 0 1 14 12 5954 32 2
10895 10898 549 0 552 0 1 0 12 9 -5954 32 3
10898 10956 552 0 552 0 0 0 9 9 0 58 0
10956 10959 552 0 549 0 0 1 9 6 39047 32 3
10959 10981 549 0 549 0 1 1 6 6 0 22 0
10981 10981 549 0 549 0 1 2 6 6 5996 32 0
10981 10982 549 0 550 0 2 1 6 5 -39047 10 1
10982 10982 550 0 550 0 1 0 5 5 -5996 32 0
10982 11254 550 0 550 0 0 0 5 5 0 272 0
11254 11255 550 0 549 0 0 1 5 4 6144 32 1
11255 11256 549 0 550 0 1 0 4 3 -6144 32 1
11256 11459 550 0 550 0 0 0 3 3 0 203 0
11459 11460 550 0 549 0 0 1 3 2 6247 32 1
11460 11461 549 0 550 0 1 0 2 1 -6247 32 1
11461 12328 550 0 550 0 0 0 1 1 0 867 0
12328 12329 550 0 549 0 0 1 1 0 39587 32 1
12329 12330 549 0 549 0 1 1 0 0 0 1 0
12330 12330 549 0 549 0 1 0 0 0 -39587 32 0
12330 15085 549 0 549 0 0 0 0 0 0 2755 0
15085 15085 549 0 549 0 0 1 0 0 22636 32 0
15085 15086 549 0 549 0 1 1 0 0 0 1 0
15086 15086 549 0 549 0 1 0 0 0 -22636 32 0
15086 16396 549 0 549 0 0 0 0 0 0 1310 0
16396 16396 549 0 549 0 0 1 0 0 23165 32 0
16396 16399 549 0 549 0 1 1 0 0 0 3 0
16399 16399 549 0 549 0 1 0 0 0 -23165 32 0
16399 16936 549 0 549 0 0 0 0 0 0 537 0
16936 16936 549 0 549 0 0 1 0 0 41466 32 0
16936 16938 549 0 549 0 1 1 0 0 0 2 0
16938 16938 549 0 549 0 1 0 0 0 -41466 32 0
16938 17431 549 0 549 0 0 0 0 0 0 493 0
17431 17431 549 0 549 0 0 1 0 0 41680 32 0
17431 17432 549 0 549 0 1 1 0 0 0 1 0
17432 17432 549 0 549 0 1 0 0 0 -41680 32 0
17432 18920 549 0 549 0 0 0 0 0 0 1488 0
18920 18920 549 0 549 0 0 1 0 0 42395 32 0
18920 18922 549 0 549 0 1 1 0 0 0 2 0
18922 18922 549 0 549 0 1 0 0 0 -42395 32 0
18922 22580 549 0 549 0 0 0 0 0 0 3658 0
22580 22580 549 0 549 0 0 1 0 0 44215 32 0
22580 22582 549 0 549 0 1 1 0 0 0 2 0
22582 22582 549 0 549 0 1 0 0 0 -44215 32 0
22582 25724 549 0 549 0 0 0 0 0 0 3142 0
25724 25724 549 0 549 0 0 1 0 0 45961 32 0
25724 25725 549 0 549 0 1 1 0 0 0 1 0
25725 25725 549 0 549 0 1 0 0 0 -45961 32 0
25725 26401 549 0 549 0 0 0 0 0 0 676 0
26401 26401 549 0 549 0 0 1 0 0 46354 32 0
26401 26402 549 0 549 0 1 1 0 0 0 1 0
26402 26402 549 0 549 0 1 0 0 0 -46354 32 0
26402 27613 549 0 549 0 0 0 0 0 0 1211 0
27613 27613 549 0 549 0 0 1 0 0 12261 32 0
27613 27616 549 0 549 0 1 1 0 0 0 3 0
27616 27616 549 0 549 0 1 0 0 0 -12261 32 0
27616 28223 549 0 549 0 0 0 0 0 0 607 0
28223 28223 549 0 549 0 0 1 0 0 28881 32 0
28223 28224 549 0 549 0 1 1 0 0 0 1 0
28224 28224 549 0 549 0 1 0 0 0 -28881 32 0
28224 32205 549 0 549 0 0 0 0 0 0 3981 0
32205 32205 549 0 549 0 0 1 0 0 13522 32 0
32205 32206 549 0 549 0 1 1 0 0 0 1 0
32206 32206 549 0 549 0 1 0 0 0 -13522 32 0
32206 33144 549 0 549 0 0 0 0 0 0 938 0
33144 33144 549 0 549 0 0 1 0 0 31290 32 0
33144 33145 549 0 549 0 1 1 0 0 0 1 0
33145 33145 549 0 549 0 1 0 0 0 -31290 32 0
33145 42557 549 0 549 0 0 0 0 0 0 9412 0
42557 42557 549 0 549 0 0 1 0 0 17026 32 0
42557 42558 549 0 549 0 1 1 0 0 0 1 0
42558 42558 549 0 549 0 1 0 0 0 -17026 32 0
42558 43267 549 0 549 0 0 0 0 0 0 709 0
43267 43267 549 0 549 0 0 0 0 0 1000000000 0 0
--------------------------------------
--------------------------------------
EV2
--------------------------------------
Num TPs served = 26
TPs served = 7618 7727 7821 8657 9135 9280 9327 10288 10290 10385 10410 10557 10623 10817 10884 11338 11955 12414 12581 12586 12613 13065 13496 14497 45220 47815
Total energy used = 100
--------------------------------------
Schedule:
0 14362 549 0 549 0 0 0 100 100 0 14362 0
14362 14362 549 0 549 0 0 1 100 100 7618 32 0
14362 14364 549 0 551 0 1 0 100 98 -7618 32 2
14364 14600 551 0 551 0 0 0 98 98 0 236 0
14600 14602 551 0 549 0 0 1 98 96 7727 32 2
14602 14605 549 0 552 0 1 0 96 93 -7727 32 3
14605 14809 552 0 552 0 0 0 93 93 0 204 0
14809 14812 552 0 549 0 0 1 93 90 7821 32 3
14812 14815 549 0 552 0 1 0 90 87 -7821 32 3
14815 16746 552 0 552 0 0 0 87 87 0 1931 0
16746 16749 552 0 549 0 0 1 87 84 8657 32 3
16749 16753 549 0 552 1 1 0 84 80 -8657 32 4
16753 17968 552 1 552 1 0 0 80 80 0 1215 0
17968 17972 552 1 549 0 0 1 80 76 9135 32 4
17972 17974 549 0 549 0 1 1 76 76 0 2 0
17974 17975 549 0 550 0 1 0 76 75 -9135 32 1
17975 18438 550 0 550 0 0 0 75 75 0 463 0
18438 18439 550 0 549 0 0 1 75 74 9280 32 1
18439 18440 549 0 549 0 1 1 74 74 0 1 0
18440 18441 549 0 550 0 1 0 74 73 -9280 32 1
18441 18563 550 0 550 0 0 0 73 73 0 122 0
18563 18564 550 0 549 0 0 1 73 72 9327 32 1
18564 18565 549 0 549 0 1 1 72 72 0 1 0
18565 18569 549 0 553 0 1 0 72 68 -9327 32 4
18569 21249 553 0 553 0 0 0 68 68 0 2680 0
21249 21253 553 0 549 0 0 1 68 64 10290 32 4
21253 21253 549 0 549 0 1 2 64 64 10288 28 0
21253 21256 549 0 549 0 2 2 64 64 0 3 0
21256 21261 549 0 554 0 2 1 64 59 -10290 32 5
21261 21265 554 0 551 1 1 0 59 55 -10288 19 4
21265 21512 551 1 551 1 0 0 55 55 0 247 0
21512 21515 551 1 549 0 0 1 55 52 10385 32 3
21515 21517 549 0 550 1 1 0 52 50 -10385 32 2
21517 21581 550 1 550 1 0 0 50 50 0 64 0
21581 21583 550 1 549 0 0 1 50 48 10410 32 2
21583 21584 549 0 550 0 1 0 48 47 -10410 32 1
21584 21963 550 0 550 0 0 0 47 47 0 379 0
21963 21964 550 0 549 0 0 1 47 46 10557 32 1
21964 21966 549 0 551 0 1 0 46 44 -10557 32 2
21966 22170 551 0 551 0 0 0 44 44 0 204 0
22170 22172 551 0 549 0 0 1 44 42 10623 32 2
22172 22174 549 0 551 0 1 0 42 40 -10623 32 2
22174 22794 551 0 551 0 0 0 40 40 0 620 0
22794 22796 551 0 549 0 0 1 40 38 10817 32 2
22796 22799 549 0 549 0 1 1 38 38 0 3 0
22799 22800 549 0 549 1 1 0 38 37 -10817 32 1
22800 23013 549 1 549 1 0 0 37 37 0 213 0
23013 23014 549 1 549 0 0 1 37 36 10884 32 1
23014 23015 549 0 549 1 1 0 36 35 -10884 32 1
23015 24404 549 1 549 1 0 0 35 35 0 1389 0
24404 24405 549 1 549 0 0 1 35 34 45220 32 1
24405 24405 549 0 549 0 1 2 34 34 11338 4 0
24405 24406 549 0 549 0 2 2 34 34 0 1 0
24406 24407 549 0 550 0 2 1 34 33 -45220 32 1
24407 24407 550 0 550 0 1 0 33 33 -11338 3 0
24407 26558 550 0 550 0 0 0 33 33 0 2151 0
26558 26559 550 0 549 0 0 1 33 32 11955 32 1
26559 26564 549 0 554 0 1 0 32 27 -11955 32 5
26564 28114 554 0 554 0 0 0 27 27 0 1550 0
28114 28119 554 0 549 0 0 1 27 22 12414 32 5
28119 28120 549 0 549 1 1 0 22 21 -12414 32 1
28120 28758 549 1 549 1 0 0 21 21 0 638 0
28758 28759 549 1 549 0 0 1 21 20 12586 32 1
28759 28759 549 0 549 0 1 2 20 20 12581 14 0
28759 28761 549 0 549 0 2 2 20 20 0 2 0
28761 28763 549 0 551 0 2 1 20 18 -12586 32 2
28763 28765 551 0 550 1 1 0 18 16 -12581 10 2
28765 28894 550 1 550 1 0 0 16 16 0 129 0
28894 28896 550 1 549 0 0 1 16 14 47815 32 2
28896 28896 549 0 549 0 1 2 14 14 12613 14 0
28896 28897 549 0 550 0 2 1 14 13 -47815 32 1
28897 28897 550 0 550 0 1 0 13 13 -12613 14 0
28897 30543 550 0 550 0 0 0 13 13 0 1646 0
30543 30544 550 0 549 0 0 1 13 12 13065 32 1
30544 30547 549 0 549 0 1 1 12 12 0 3 0
30547 30549 549 0 550 1 1 0 12 10 -13065 32 2
30549 32097 550 1 550 1 0 0 10 10 0 1548 0
32097 32099 550 1 549 0 0 1 10 8 13496 32 2
32099 32101 549 0 551 0 1 0 8 6 -13496 32 2
32101 35831 551 0 551 0 0 0 6 6 0 3730 0
35831 35833 551 0 549 0 0 1 6 4 14497 32 2
35833 35835 549 0 549 0 1 1 4 4 0 2 0
35835 35837 549 0 551 0 1 0 4 2 -14497 32 2
35837 43265 551 0 551 0 0 0 2 2 0 7428 0
43265 43267 551 0 549 0 0 0 2 0 1000000000 0 2
--------------------------------------
--------------------------------------
EV3
--------------------------------------
Num TPs served = 7
TPs served = 13328 13606 13964 14257 14358 14511 16441
Total energy used = 100
--------------------------------------
Schedule:
0 31404 549 0 549 0 0 0 100 100 0 31404 0
31404 31404 549 0 549 0 0 1 100 100 13328 32 0
31404 31422 549 0 567 0 1 0 100 82 -13328 32 18
31422 32516 567 0 567 0 0 0 82 82 0 1094 0
32516 32534 567 0 549 0 0 1 82 64 13606 32 18
32534 32550 549 0 565 0 1 0 64 48 -13606 32 16
32550 33825 565 0 565 0 0 0 48 48 0 1275 0
33825 33841 565 0 549 0 0 1 48 32 13964 32 16
33841 33842 549 0 549 0 1 1 32 32 0 1 0
33842 33846 549 0 549 4 1 0 32 28 -13964 32 4
33846 34929 549 4 549 4 0 0 28 28 0 1083 0
34929 34933 549 4 549 0 0 1 28 24 14257 32 4
34933 34938 549 0 554 0 1 0 24 19 -14257 32 5
34938 35309 554 0 554 0 0 0 19 19 0 371 0
35309 35314 554 0 549 0 0 1 19 14 14358 32 5
35314 35317 549 0 549 3 1 0 14 11 -14358 32 3
35317 35897 549 3 549 3 0 0 11 11 0 580 0
35897 35900 549 3 549 0 0 1 11 8 14511 32 3
35900 35903 549 0 552 0 1 0 8 5 -14511 32 3
35903 41499 552 0 552 0 0 0 5 5 0 5596 0
41499 41502 552 0 549 0 0 1 5 2 16441 32 3
41502 41503 549 0 549 0 1 1 2 2 0 1 0
41503 41504 549 0 550 0 1 0 2 1 -16441 32 1
41504 43266 550 0 550 0 0 0 1 1 0 1762 0
43266 43267 550 0 549 0 0 0 1 0 1000000000 0 1
--------------------------------------
--------------------------------------
EV4
--------------------------------------
Num TPs served = 20
TPs served = 14989 16248 16707 17085 17495 17517 17716 17725 17868 18163 18406 18447 19072 19179 19332 19444 19564 20015 20308 20550
Total energy used = 100
--------------------------------------
Schedule:
0 233 549 0 549 0 0 0 100 100 0 233 0
233 233 549 0 549 0 0 1 100 100 17495 32 0
233 237 549 0 553 0 1 0 100 96 -17495 32 4
237 321 553 0 553 0 0 0 96 96 0 84 0
321 325 553 0 549 0 0 1 96 92 17517 32 4
325 327 549 0 551 0 1 0 92 90 -17517 32 2
327 951 551 0 551 0 0 0 90 90 0 624 0
951 953 551 0 549 0 0 1 90 88 17725 32 2
953 953 549 0 549 0 1 2 88 88 17716 3 0
953 954 549 0 550 0 2 1 88 87 -17716 3 1
954 955 550 0 550 0 1 1 87 87 0 1 0
955 958 550 0 552 1 1 0 87 84 -17725 32 3
958 1443 552 1 552 1 0 0 84 84 0 485 0
1443 1447 552 1 549 0 0 1 84 80 17868 32 4
1447 1448 549 0 549 0 1 1 80 80 0 1 0
1448 1450 549 0 551 0 1 0 80 78 -17868 32 2
1450 2330 551 0 551 0 0 0 78 78 0 880 0
2330 2332 551 0 549 0 0 1 78 76 18163 32 2
2332 2333 549 0 549 0 1 1 76 76 0 1 0
2333 2336 549 0 550 2 1 0 76 73 -18163 32 3
2336 3099 550 2 550 2 0 0 73 73 0 763 0
3099 3102 550 2 549 0 0 1 73 70 18406 32 3
3102 3103 549 0 549 1 1 0 70 69 -18406 32 1
3103 3218 549 1 549 1 0 0 69 69 0 115 0
3218 3219 549 1 549 0 0 1 69 68 18447 32 1
3219 3222 549 0 552 0 1 0 68 65 -18447 32 3
3222 5208 552 0 552 0 0 0 65 65 0 1986 0
5208 5211 552 0 549 0 0 1 65 62 19072 32 3
5211 5212 549 0 549 0 1 1 62 62 0 1 0
5212 5217 549 0 551 3 1 0 62 57 -19072 32 5
5217 5537 551 3 551 3 0 0 57 57 0 320 0
5537 5542 551 3 549 0 0 1 57 52 19179 32 5
5542 5543 549 0 550 0 1 0 52 51 -19179 32 1
5543 5998 550 0 550 0 0 0 51 51 0 455 0
5998 5999 550 0 549 0 0 1 51 50 19332 32 1
5999 6003 549 0 552 1 1 0 50 46 -19332 32 4
6003 6378 552 1 552 1 0 0 46 46 0 375 0
6378 6382 552 1 549 0 0 1 46 42 19444 32 4
6382 6383 549 0 549 0 1 1 42 42 0 1 0
6383 6386 549 0 549 3 1 0 42 39 -19444 32 3
6386 6764 549 3 549 3 0 0 39 39 0 378 0
6764 6767 549 3 549 0 0 1 39 36 19564 32 3
6767 6768 549 0 550 0 1 0 36 35 -19564 32 1
6768 8073 550 0 550 0 0 0 35 35 0 1305 0
8073 8074 550 0 549 0 0 1 35 34 20015 32 1
8074 8076 549 0 550 1 1 0 34 32 -20015 32 2
8076 8904 550 1 550 1 0 0 32 32 0 828 0
8904 8906 550 1 549 0 0 1 32 30 20308 32 2
8906 8907 549 0 549 0 1 1 30 30 0 1 0
8907 8909 549 0 551 0 1 0 30 28 -20308 32 2
8909 9583 551 0 551 0 0 0 28 28 0 674 0
9583 9585 551 0 549 0 0 1 28 26 20550 32 2
9585 9586 549 0 550 0 1 0 26 25 -20550 32 1
9586 37783 550 0 550 0 0 0 25 25 0 28197 0
37783 37784 550 0 549 0 0 1 25 24 14989 32 1
37784 37789 549 0 554 0 1 0 24 19 -14989 32 5
37789 41184 554 0 554 0 0 0 19 19 0 3395 0
41184 41189 554 0 549 0 0 1 19 14 16248 32 5
41189 41191 549 0 551 0 1 0 14 12 -16248 32 2
41191 41971 551 0 551 0 0 0 12 12 0 780 0
41971 41973 551 0 549 0 0 1 12 10 16707 32 2
41973 41977 549 0 553 0 1 0 10 6 -16707 32 4
41977 42661 553 0 553 0 0 0 6 6 0 684 0
42661 42665 553 0 549 0 0 1 6 2 17085 32 4
42665 42666 549 0 549 1 1 0 2 1 -17085 32 1
42666 43266 549 1 549 1 0 0 1 1 0 600 0
43266 43267 549 1 549 0 0 0 1 0 1000000000 0 1
--------------------------------------
--------------------------------------
EV5
--------------------------------------
Num TPs served = 26
TPs served = 20678 20896 20960 20963 21025 21611 21647 22023 22376 22435 22445 22617 22714 23378 23850 24297 24475 24690 24903 25028 25473 25574 25643 25694 26130 27335
Total energy used = 100
--------------------------------------
Schedule:
0 9903 549 0 549 0 0 0 100 100 0 9903 0
9903 9903 549 0 549 0 0 1 100 100 20678 32 0
9903 9904 549 0 549 0 1 1 100 100 0 1 0
9904 9905 549 0 549 1 1 0 100 99 -20678 32 1
9905 10488 549 1 549 1 0 0 99 99 0 583 0
10488 10489 549 1 549 0 0 1 99 98 20896 32 1
10489 10491 549 0 549 2 1 0 98 96 -20896 32 2
10491 10657 549 2 549 2 0 0 96 96 0 166 0
10657 10659 549 2 549 0 0 1 96 94 20963 32 2
10659 10659 549 0 549 0 1 2 94 94 20960 25 0
10659 10661 549 0 549 0 2 2 94 94 0 2 0
10661 10665 549 0 553 0 2 1 94 90 -20963 32 4
10665 10670 553 0 549 1 1 0 90 85 -20960 15 5
10670 10799 549 1 549 1 0 0 85 85 0 129 0
10799 10800 549 1 549 0 0 1 85 84 21025 32 1
10800 10801 549 0 549 0 1 1 84 84 0 1 0
10801 10803 549 0 551 0 1 0 84 82 -21025 32 2
10803 12411 551 0 551 0 0 0 82 82 0 1608 0
12411 12413 551 0 549 0 0 1 82 80 21611 32 2
12413 12416 549 0 552 0 1 0 80 77 -21611 32 3
12416 12511 552 0 552 0 0 0 77 77 0 95 0
12511 12514 552 0 549 0 0 1 77 74 21647 32 3
12514 12515 549 0 549 0 1 1 74 74 0 1 0
12515 12517 549 0 551 0 1 0 74 72 -21647 32 2
12517 13521 551 0 551 0 0 0 72 72 0 1004 0
13521 13523 551 0 549 0 0 1 72 70 22023 32 2
13523 13525 549 0 551 0 1 0 70 68 -22023 32 2
13525 14421 551 0 551 0 0 0 68 68 0 896 0
14421 14423 551 0 549 0 0 1 68 66 22376 32 2
14423 14427 549 0 553 0 1 0 66 62 -22376 32 4
14427 14604 553 0 553 0 0 0 62 62 0 177 0
14604 14608 553 0 549 0 0 1 62 58 22445 32 4
14608 14608 549 0 549 0 1 2 58 58 22435 12 0
14608 14611 549 0 549 3 2 1 58 55 -22445 32 3
14611 14618 549 3 553 0 1 0 55 48 -22435 6 7
14618 15038 553 0 553 0 0 0 48 48 0 420 0
15038 15042 553 0 549 0 0 1 48 44 22617 32 4
15042 15044 549 0 549 2 1 0 44 42 -22617 32 2
15044 15287 549 2 549 2 0 0 42 42 0 243 0
15287 15289 549 2 549 0 0 1 42 40 22714 32 2
15289 15290 549 0 549 1 1 0 40 39 -22714 32 1
15290 16904 549 1 549 1 0 0 39 39 0 1614 0
16904 16905 549 1 549 0 0 1 39 38 23378 32 1
16905 16906 549 0 550 0 1 0 38 37 -23378 32 1
16906 17943 550 0 550 0 0 0 37 37 0 1037 0
17943 17944 550 0 549 0 0 1 37 36 23850 32 1
17944 17945 549 0 549 0 1 1 36 36 0 1 0
17945 17946 549 0 549 1 1 0 36 35 -23850 32 1
17946 18936 549 1 549 1 0 0 35 35 0 990 0
18936 18937 549 1 549 0 0 1 35 34 24297 32 1
18937 18938 549 0 549 0 1 1 34 34 0 1 0
18938 18939 549 0 550 0 1 0 34 33 -24297 32 1
18939 19336 550 0 550 0 0 0 33 33 0 397 0
19336 19337 550 0 549 0 0 1 33 32 24475 32 1
19337 19339 549 0 550 1 1 0 32 30 -24475 32 2
19339 19797 550 1 550 1 0 0 30 30 0 458 0
19797 19799 550 1 549 0 0 1 30 28 24690 32 2
19799 19800 549 0 550 0 1 0 28 27 -24690 32 1
19800 20264 550 0 550 0 0 0 27 27 0 464 0
20264 20265 550 0 549 0 0 1 27 26 24903 32 1
20265 20267 549 0 550 1 1 0 26 24 -24903 32 2
20267 20579 550 1 550 1 0 0 24 24 0 312 0
20579 20581 550 1 549 0 0 1 24 22 25028 32 2
20581 20582 549 0 550 0 1 0 22 21 -25028 32 1
20582 21537 550 0 550 0 0 0 21 21 0 955 0
21537 21538 550 0 549 0 0 1 21 20 25473 32 1
21538 21540 549 0 551 0 1 0 20 18 -25473 32 2
21540 21746 551 0 551 0 0 0 18 18 0 206 0
21746 21748 551 0 549 0 0 1 18 16 25574 32 2
21748 21750 549 0 549 0 1 1 16 16 0 2 0
21750 21751 549 0 549 1 1 0 16 15 -25574 32 1
21751 21907 549 1 549 1 0 0 15 15 0 156 0
21907 21908 549 1 549 0 0 1 15 14 25643 32 1
21908 21909 549 0 549 0 1 1 14 14 0 1 0
21909 21910 549 0 549 1 1 0 14 13 -25643 32 1
21910 22010 549 1 549 1 0 0 13 13 0 100 0
22010 22011 549 1 549 0 0 1 13 12 25694 32 1
22011 22013 549 0 550 1 1 0 12 10 -25694 32 2
22013 22912 550 1 550 1 0 0 10 10 0 899 0
22912 22914 550 1 549 0 0 1 10 8 26130 32 2
22914 22915 549 0 549 0 1 1 8 8 0 1 0
22915 22917 549 0 551 0 1 0 8 6 -26130 32 2
22917 25260 551 0 551 0 0 0 6 6 0 2343 0
25260 25262 551 0 549 0 0 1 6 4 27335 32 2
25262 25264 549 0 549 2 1 0 4 2 -27335 32 2
25264 43265 549 2 549 2 0 0 2 2 0 18001 0
43265 43267 549 2 549 0 0 0 2 0 1000000000 0 2
--------------------------------------
--------------------------------------
EV6
--------------------------------------
Num TPs served = 19
TPs served = 26848 27456 27606 28093 28510 29163 29265 29608 29816 30249 30933 31348 31485 31492 32328 32378 32418 33525 48247
Total energy used = 100
--------------------------------------
Schedule:
0 24347 549 0 549 0 0 0 100 100 0 24347 0
24347 24347 549 0 549 0 0 1 100 100 26848 32 0
24347 24348 549 0 549 0 1 1 100 100 0 1 0
24348 24356 549 0 553 4 1 0 100 92 -26848 32 8
24356 25481 553 4 553 4 0 0 92 92 0 1125 0
25481 25489 553 4 549 0 0 1 92 84 27456 32 8
25489 25490 549 0 549 1 1 0 84 83 -27456 32 1
25490 25767 549 1 549 1 0 0 83 83 0 277 0
25767 25768 549 1 549 0 0 1 83 82 27606 32 1
25768 25769 549 0 549 0 1 1 82 82 0 1 0
25769 25770 549 0 550 0 1 0 82 81 -27606 32 1
25770 26700 550 0 550 0 0 0 81 81 0 930 0
26700 26701 550 0 549 0 0 1 81 80 28093 32 1
26701 26705 549 0 549 4 1 0 80 76 -28093 32 4
26705 27503 549 4 549 4 0 0 76 76 0 798 0
27503 27507 549 4 549 0 0 1 76 72 28510 32 4
27507 27509 549 0 550 1 1 0 72 70 -28510 32 2
27509 28807 550 1 550 1 0 0 70 70 0 1298 0
28807 28809 550 1 549 0 0 1 70 68 29163 32 2
28809 28811 549 0 551 0 1 0 68 66 -29163 32 2
28811 29029 551 0 551 0 0 0 66 66 0 218 0
29029 29031 551 0 549 0 0 1 66 64 29265 32 2
29031 29033 549 0 549 2 1 0 64 62 -29265 32 2
29033 29693 549 2 549 2 0 0 62 62 0 660 0
29693 29695 549 2 549 0 0 1 62 60 48247 32 2
29695 29711 549 0 549 0 1 1 60 60 0 16 0
29711 29711 549 0 549 0 1 2 60 60 29608 32 0
29711 29712 549 0 549 1 2 1 60 59 -48247 17 1
29712 29712 549 1 549 1 1 0 59 59 -29608 32 0
29712 30128 549 1 549 1 0 0 59 59 0 416 0
30128 30129 549 1 549 0 0 1 59 58 29816 32 1
30129 30133 549 0 552 1 1 0 58 54 -29816 32 4
30133 30952 552 1 552 1 0 0 54 54 0 819 0
30952 30956 552 1 549 0 0 1 54 50 30249 32 4
30956 30957 549 0 549 0 1 1 50 50 0 1 0
30957 30959 549 0 551 0 1 0 50 48 -30249 32 2
30959 32366 551 0 551 0 0 0 48 48 0 1407 0
32366 32368 551 0 549 0 0 1 48 46 30933 32 2
32368 32369 549 0 549 0 1 1 46 46 0 1 0
32369 32373 549 0 553 0 1 0 46 42 -30933 32 4
32373 33268 553 0 553 0 0 0 42 42 0 895 0
33268 33272 553 0 549 0 0 1 42 38 31348 32 4
33272 33273 549 0 549 0 1 1 38 38 0 1 0
33273 33276 549 0 551 1 1 0 38 35 -31348 32 3
33276 33583 551 1 551 1 0 0 35 35 0 307 0
33583 33586 551 1 549 0 0 1 35 32 31492 32 3
33586 33586 549 0 549 0 1 2 32 32 31485 18 0
33586 33588 549 0 551 0 2 1 32 30 -31492 32 2
33588 33591 551 0 552 2 1 0 30 27 -31485 18 3
33591 35518 552 2 552 2 0 0 27 27 0 1927 0
35518 35523 552 2 549 0 0 1 27 22 32328 32 5
35523 35524 549 0 549 0 1 1 22 22 0 1 0
35524 35525 549 0 549 1 1 0 22 21 -32328 32 1
35525 35639 549 1 549 1 0 0 21 21 0 114 0
35639 35640 549 1 549 0 0 1 21 20 32378 32 1
35640 35641 549 0 549 0 1 1 20 20 0 1 0
35641 35643 549 0 551 0 1 0 20 18 -32378 32 2
35643 35732 551 0 551 0 0 0 18 18 0 89 0
35732 35734 551 0 549 0 0 1 18 16 32418 32 2
35734 35735 549 0 549 0 1 1 16 16 0 1 0
35735 35742 549 0 549 7 1 0 16 9 -32418 32 7
35742 38496 549 7 549 7 0 0 9 9 0 2754 0
38496 38503 549 7 549 0 0 1 9 2 33525 32 7
38503 38504 549 0 549 1 1 0 2 1 -33525 32 1
38504 43266 549 1 549 1 0 0 1 1 0 4762 0
43266 43267 549 1 549 0 0 0 1 0 1000000000 0 1
--------------------------------------
--------------------------------------
EV7
--------------------------------------
Num TPs served = 17
TPs served = 33471 33551 34622 34703 35451 35712 36384 36649 36755 36845 36985 37084 37134 37294 37953 38278 38707
Total energy used = 100
--------------------------------------
Schedule:
0 894 549 0 549 0 0 0 100 100 0 894 0
894 894 549 0 549 0 0 1 100 100 35451 32 0
894 895 549 0 549 0 1 1 100 100 0 1 0
895 901 549 0 554 1 1 0 100 94 -35451 32 6
901 1657 554 1 554 1 0 0 94 94 0 756 0
1657 1663 554 1 549 0 0 1 94 88 35712 32 6
1663 1665 549 0 551 0 1 0 88 86 -35712 32 2
1665 3610 551 0 551 0 0 0 86 86 0 1945 0
3610 3612 551 0 549 0 0 1 86 84 36384 32 2
3612 3614 549 0 549 0 1 1 84 84 0 2 0
3614 3619 549 0 554 0 1 0 84 79 -36384 32 5
3619 4418 554 0 554 0 0 0 79 79 0 799 0
4418 4423 554 0 549 0 0 1 79 74 36649 32 5
4423 4425 549 0 551 0 1 0 74 72 -36649 32 2
4425 4746 551 0 551 0 0 0 72 72 0 321 0
4746 4748 551 0 549 0 0 1 72 70 36755 32 2
4748 4751 549 0 552 0 1 0 70 67 -36755 32 3
4751 4994 552 0 552 0 0 0 67 67 0 243 0
4994 4997 552 0 549 0 0 1 67 64 36845 32 3
4997 4999 549 0 551 0 1 0 64 62 -36845 32 2
4999 5396 551 0 551 0 0 0 62 62 0 397 0
5396 5398 551 0 549 0 0 1 62 60 36985 32 2
5398 5399 549 0 549 1 1 0 60 59 -36985 32 1
5399 5676 549 1 549 1 0 0 59 59 0 277 0
5676 5677 549 1 549 0 0 1 59 58 37084 32 1
5677 5678 549 0 549 1 1 0 58 57 -37084 32 1
5678 5835 549 1 549 1 0 0 57 57 0 157 0
5835 5836 549 1 549 0 0 1 57 56 37134 32 1
5836 5838 549 0 550 1 1 0 56 54 -37134 32 2
5838 6304 550 1 550 1 0 0 54 54 0 466 0
6304 6306 550 1 549 0 0 1 54 52 37294 32 2
6306 6308 549 0 550 1 1 0 52 50 -37294 32 2
6308 8121 550 1 550 1 0 0 50 50 0 1813 0
8121 8123 550 1 549 0 0 1 50 48 37953 32 2
8123 8124 549 0 550 0 1 0 48 47 -37953 32 1
8124 9060 550 0 550 0 0 0 47 47 0 936 0
9060 9061 550 0 549 0 0 1 47 46 38278 32 1
9061 9073 549 0 559 2 1 0 46 34 -38278 32 12
9073 10169 559 2 559 2 0 0 34 34 0 1096 0
10169 10181 559 2 549 0 0 1 34 22 38707 32 12
10181 10182 549 0 550 0 1 0 22 21 -38707 32 1
10182 38337 550 0 550 0 0 0 21 21 0 28155 0
38337 38338 550 0 549 0 0 1 21 20 33471 32 1
38338 38340 549 0 549 2 1 0 20 18 -33471 32 2
38340 38566 549 2 549 2 0 0 18 18 0 226 0
38566 38568 549 2 549 0 0 1 18 16 33551 32 2
38568 38569 549 0 549 0 1 1 16 16 0 1 0
38569 38572 549 0 549 3 1 0 16 13 -33551 32 3
38572 41598 549 3 549 3 0 0 13 13 0 3026 0
41598 41601 549 3 549 0 0 1 13 10 34622 32 3
41601 41604 549 0 550 2 1 0 10 7 -34622 32 3
41604 41847 550 2 550 2 0 0 7 7 0 243 0
41847 41850 550 2 549 0 0 1 7 4 34703 32 3
41850 41852 549 0 550 1 1 0 4 2 -34703 32 2
41852 43265 550 1 550 1 0 0 2 2 0 1413 0
43265 43267 550 1 549 0 0 0 2 0 1000000000 0 2
--------------------------------------

-------------------------------------------------------------------------

TPs

-------------------------------------------------------------------------

----------------------
TP263 allocated to 1
----------------------

----------------------
TP685 allocated to 1
----------------------

----------------------
TP702 allocated to 1
----------------------

----------------------
TP1080 allocated to 1
----------------------

----------------------
TP1426 allocated to 1
----------------------

----------------------
TP1732 allocated to 1
----------------------

----------------------
TP2553 allocated to 1
----------------------

----------------------
TP2617 allocated to 1
----------------------

----------------------
TP2618 allocated to 1
----------------------

----------------------
TP2807 allocated to 1
----------------------

----------------------
TP2826 allocated to 1
----------------------

----------------------
TP2827 allocated to 1
----------------------

----------------------
TP2845 allocated to 1
----------------------

----------------------
TP3279 allocated to 1
----------------------

----------------------
TP3416 allocated to 1
----------------------

----------------------
TP3556 allocated to 1
----------------------

----------------------
TP3568 allocated to 1
----------------------

----------------------
TP3665 allocated to 1
----------------------

----------------------
TP4086 allocated to 1
----------------------

----------------------
TP5095 allocated to 1
----------------------

----------------------
TP5275 allocated to 1
----------------------

----------------------
TP5401 allocated to 1
----------------------

----------------------
TP5556 allocated to 1
----------------------

----------------------
TP5954 allocated to 1
----------------------

----------------------
TP5996 allocated to 1
----------------------

----------------------
TP6144 allocated to 1
----------------------

----------------------
TP6247 allocated to 1
----------------------

----------------------
TP7618 allocated to 2
----------------------

----------------------
TP7727 allocated to 2
----------------------

----------------------
TP7821 allocated to 2
----------------------

----------------------
TP8657 allocated to 2
----------------------

----------------------
TP9135 allocated to 2
----------------------

----------------------
TP9280 allocated to 2
----------------------

----------------------
TP9327 allocated to 2
----------------------

----------------------
TP10288 allocated to 2
----------------------

----------------------
TP10290 allocated to 2
----------------------

----------------------
TP10385 allocated to 2
----------------------

----------------------
TP10410 allocated to 2
----------------------

----------------------
TP10557 allocated to 2
----------------------

----------------------
TP10623 allocated to 2
----------------------

----------------------
TP10817 allocated to 2
----------------------

----------------------
TP10884 allocated to 2
----------------------

----------------------
TP11338 allocated to 2
----------------------

----------------------
TP11955 allocated to 2
----------------------

----------------------
TP12261 allocated to 1
----------------------

----------------------
TP12414 allocated to 2
----------------------

----------------------
TP12581 allocated to 2
----------------------

----------------------
TP12586 allocated to 2
----------------------

----------------------
TP12613 allocated to 2
----------------------

----------------------
TP13065 allocated to 2
----------------------

----------------------
TP13328 allocated to 3
----------------------

----------------------
TP13496 allocated to 2
----------------------

----------------------
TP13522 allocated to 1
----------------------

----------------------
TP13606 allocated to 3
----------------------

----------------------
TP13964 allocated to 3
----------------------

----------------------
TP14257 allocated to 3
----------------------

----------------------
TP14358 allocated to 3
----------------------

----------------------
TP14497 allocated to 2
----------------------

----------------------
TP14511 allocated to 3
----------------------

----------------------
TP14989 allocated to 4
----------------------

----------------------
TP16248 allocated to 4
----------------------

----------------------
TP16441 allocated to 3
----------------------

----------------------
TP16707 allocated to 4
----------------------

----------------------
TP17026 allocated to 1
----------------------

----------------------
TP17085 allocated to 4
----------------------

----------------------
TP17495 allocated to 4
----------------------

----------------------
TP17517 allocated to 4
----------------------

----------------------
TP17716 allocated to 4
----------------------

----------------------
TP17725 allocated to 4
----------------------

----------------------
TP17868 allocated to 4
----------------------

----------------------
TP18163 allocated to 4
----------------------

----------------------
TP18406 allocated to 4
----------------------

----------------------
TP18447 allocated to 4
----------------------

----------------------
TP19072 allocated to 4
----------------------

----------------------
TP19179 allocated to 4
----------------------

----------------------
TP19332 allocated to 4
----------------------

----------------------
TP19444 allocated to 4
----------------------

----------------------
TP19564 allocated to 4
----------------------

----------------------
TP19777 allocated to 1
----------------------

----------------------
TP20015 allocated to 4
----------------------

----------------------
TP20308 allocated to 4
----------------------

----------------------
TP20455 allocated to 1
----------------------

----------------------
TP20550 allocated to 4
----------------------

----------------------
TP20678 allocated to 5
----------------------

----------------------
TP20896 allocated to 5
----------------------

----------------------
TP20960 allocated to 5
----------------------

----------------------
TP20963 allocated to 5
----------------------

----------------------
TP21025 allocated to 5
----------------------

----------------------
TP21611 allocated to 5
----------------------

----------------------
TP21647 allocated to 5
----------------------

----------------------
TP22023 allocated to 5
----------------------

----------------------
TP22376 allocated to 5
----------------------

----------------------
TP22435 allocated to 5
----------------------

----------------------
TP22445 allocated to 5
----------------------

----------------------
TP22617 allocated to 5
----------------------

----------------------
TP22636 allocated to 1
----------------------

----------------------
TP22714 allocated to 5
----------------------

----------------------
TP23165 allocated to 1
----------------------

----------------------
TP23378 allocated to 5
----------------------

----------------------
TP23850 allocated to 5
----------------------

----------------------
TP24297 allocated to 5
----------------------

----------------------
TP24475 allocated to 5
----------------------

----------------------
TP24690 allocated to 5
----------------------

----------------------
TP24903 allocated to 5
----------------------

----------------------
TP25028 allocated to 5
----------------------

----------------------
TP25473 allocated to 5
----------------------

----------------------
TP25574 allocated to 5
----------------------

----------------------
TP25643 allocated to 5
----------------------

----------------------
TP25694 allocated to 5
----------------------

----------------------
TP26130 allocated to 5
----------------------

----------------------
TP26848 allocated to 6
----------------------

----------------------
TP27335 allocated to 5
----------------------

----------------------
TP27456 allocated to 6
----------------------

----------------------
TP27606 allocated to 6
----------------------

----------------------
TP28093 allocated to 6
----------------------

----------------------
TP28510 allocated to 6
----------------------

----------------------
TP28881 allocated to 1
----------------------

----------------------
TP29163 allocated to 6
----------------------

----------------------
TP29265 allocated to 6
----------------------

----------------------
TP29608 allocated to 6
----------------------

----------------------
TP29816 allocated to 6
----------------------

----------------------
TP30249 allocated to 6
----------------------

----------------------
TP30933 allocated to 6
----------------------

----------------------
TP31290 allocated to 1
----------------------

----------------------
TP31348 allocated to 6
----------------------

----------------------
TP31485 allocated to 6
----------------------

----------------------
TP31492 allocated to 6
----------------------

----------------------
TP32328 allocated to 6
----------------------

----------------------
TP32378 allocated to 6
----------------------

----------------------
TP32418 allocated to 6
----------------------

----------------------
TP33471 allocated to 7
----------------------

----------------------
TP33525 allocated to 6
----------------------

----------------------
TP33551 allocated to 7
----------------------

----------------------
TP34622 allocated to 7
----------------------

----------------------
TP34703 allocated to 7
----------------------

----------------------
TP35309 allocated to 1
----------------------

----------------------
TP35451 allocated to 7
----------------------

----------------------
TP35712 allocated to 7
----------------------

----------------------
TP36384 allocated to 7
----------------------

----------------------
TP36649 allocated to 7
----------------------

----------------------
TP36755 allocated to 7
----------------------

----------------------
TP36845 allocated to 7
----------------------

----------------------
TP36985 allocated to 7
----------------------

----------------------
TP37084 allocated to 7
----------------------

----------------------
TP37134 allocated to 7
----------------------

----------------------
TP37294 allocated to 7
----------------------

----------------------
TP37953 allocated to 7
----------------------

----------------------
TP38278 allocated to 7
----------------------

----------------------
TP38386 not allocated
----------------------

----------------------
TP38476 not allocated
----------------------

----------------------
TP38707 allocated to 7
----------------------

----------------------
TP39047 allocated to 1
----------------------

----------------------
TP39299 not allocated
----------------------

----------------------
TP39553 not allocated
----------------------

----------------------
TP39587 allocated to 1
----------------------

----------------------
TP40469 not allocated
----------------------

----------------------
TP40945 not allocated
----------------------

----------------------
TP40989 not allocated
----------------------

----------------------
TP41126 not allocated
----------------------

----------------------
TP41133 not allocated
----------------------

----------------------
TP41152 not allocated
----------------------

----------------------
TP41466 allocated to 1
----------------------

----------------------
TP41680 allocated to 1
----------------------

----------------------
TP42189 not allocated
----------------------

----------------------
TP42244 not allocated
----------------------

----------------------
TP42349 not allocated
----------------------

----------------------
TP42395 allocated to 1
----------------------

----------------------
TP42859 not allocated
----------------------

----------------------
TP43686 not allocated
----------------------

----------------------
TP43743 not allocated
----------------------

----------------------
TP43974 not allocated
----------------------

----------------------
TP44071 not allocated
----------------------

----------------------
TP44093 not allocated
----------------------

----------------------
TP44215 allocated to 1
----------------------

----------------------
TP44647 not allocated
----------------------

----------------------
TP44874 not allocated
----------------------

----------------------
TP45220 allocated to 2
----------------------

----------------------
TP45301 not allocated
----------------------

----------------------
TP45739 not allocated
----------------------

----------------------
TP45759 not allocated
----------------------

----------------------
TP45961 allocated to 1
----------------------

----------------------
TP46000 not allocated
----------------------

----------------------
TP46090 not allocated
----------------------

----------------------
TP46223 not allocated
----------------------

----------------------
TP46243 not allocated
----------------------

----------------------
TP46354 allocated to 1
----------------------

----------------------
TP46463 not allocated
----------------------

----------------------
TP46644 not allocated
----------------------

----------------------
TP46831 not allocated
----------------------

----------------------
TP47090 not allocated
----------------------

----------------------
TP47250 not allocated
----------------------

----------------------
TP47316 not allocated
----------------------

----------------------
TP47588 not allocated
----------------------

----------------------
TP47815 allocated to 2
----------------------

----------------------
TP47843 not allocated
----------------------

----------------------
TP48201 not allocated
----------------------

----------------------
TP48247 allocated to 6
----------------------

----------------------
TP48578 not allocated
----------------------

----------------------
TP49313 not allocated
----------------------

----------------------
TP49324 not allocated
----------------------

----------------------
TP49368 not allocated
----------------------

----------------------
TP49660 not allocated
----------------------

-------------------------------------------------------------------------

Ride-sharing vs Individual Mode - Num Vehicles and Distance Comparisson 

-------------------------------------------------------------------------
Individual Mode = 202 vehicles.
Ride-sharing Mode = 49 vehicles. The 7 ride-sharing vehicles + 42 vehicles of the individuals not served by the ride-sharing service.
-------------------------------------------------------------------------
Individual Mode = 475 distance.
Ride-sharing Mode = 810 distance. 700 from the EV fleet + 110 from the distance of the trips not covered individuals had to do with their own vehicle.
-------------------------------------------------------------------------
