-------------------------------------------------------------------------
TPs satisfied = 152; Total TPs = 205; Percentage Satisfied + 74.1%
-------------------------------------------------------------------------

-------------------------------------------------------------------------

EVs

-------------------------------------------------------------------------
--------------------------------------
EV1
--------------------------------------
Num TPs served = 52
TPs served = 115 290 749 753 1031 1565 1852 2204 2431 2467 2479 2737 3330 3348 3496 3605 3760 4027 4067 4500 4785 5379 5857 6779 7807 10190 15440 19472 20050 20981 21342 22620 23763 24321 24722 25860 27911 30126 30646 32506 32651 33838 35926 36227 36389 37885 39399 40203 43614 44463 46776 46949
Total energy used = 100
--------------------------------------
Schedule:
0 225 183 558 183 558 0 0 100 100 0 225 0
225 225 183 558 183 558 0 1 100 100 115 32 0
225 226 183 558 184 558 1 0 100 99 -115 32 1
226 567 184 558 184 558 0 0 99 99 0 341 0
567 568 184 558 183 558 0 1 99 98 290 32 1
568 569 183 558 183 558 1 1 98 98 0 1 0
569 570 183 558 184 558 1 0 98 97 -290 32 1
570 1351 184 558 184 558 0 0 97 97 0 781 0
1351 1352 184 558 183 558 0 1 97 96 753 32 1
1352 1352 183 558 183 558 1 2 96 96 749 28 0
1352 1353 183 558 183 559 2 1 96 95 -753 32 1
1353 1355 183 559 184 558 1 0 95 93 -749 27 2
1355 1817 184 558 184 558 0 0 93 93 0 462 0
1817 1818 184 558 183 558 0 1 93 92 1031 32 1
1818 1823 183 558 183 558 1 1 92 92 0 5 0
1823 1825 183 558 185 558 1 0 92 90 -1031 32 2
1825 2265 185 558 185 558 0 0 90 90 0 440 0
2265 2267 185 558 183 558 0 1 90 88 35926 32 2
2267 2269 183 558 183 558 1 1 88 88 0 2 0
2269 2269 183 558 183 558 1 0 88 88 -35926 32 0
2269 2720 183 558 183 558 0 0 88 88 0 451 0
2720 2720 183 558 183 558 0 1 88 88 1565 32 0
2720 2721 183 558 183 558 1 1 88 88 0 1 0
2721 2724 183 558 185 559 1 0 88 85 -1565 32 3
2724 3150 185 559 185 559 0 0 85 85 0 426 0
3150 3153 185 559 183 558 0 1 85 82 36227 32 3
3153 3154 183 558 183 558 1 1 82 82 0 1 0
3154 3154 183 558 183 558 1 0 82 82 -36227 32 0
3154 3241 183 558 183 558 0 0 82 82 0 87 0
3241 3241 183 558 183 558 0 1 82 82 1852 32 0
3241 3242 183 558 184 558 1 0 82 81 -1852 32 1
3242 3623 184 558 184 558 0 0 81 81 0 381 0
3623 3624 184 558 183 558 0 1 81 80 36389 32 1
3624 3625 183 558 183 558 1 1 80 80 0 1 0
3625 3625 183 558 183 558 1 0 80 80 -36389 32 0
3625 3896 183 558 183 558 0 0 80 80 0 271 0
3896 3896 183 558 183 558 0 1 80 80 2204 32 0
3896 3897 183 558 183 559 1 0 80 79 -2204 32 1
3897 4319 183 559 183 559 0 0 79 79 0 422 0
4319 4320 183 559 183 558 0 1 79 78 2431 32 1
4320 4321 183 558 183 558 1 1 78 78 0 1 0
4321 4322 183 558 183 559 1 0 78 77 -2431 32 1
4322 4409 183 559 183 559 0 0 77 77 0 87 0
4409 4410 183 559 183 558 0 1 77 76 2479 32 1
4410 4410 183 558 183 558 1 2 76 76 2467 17 0
4410 4411 183 558 184 558 2 1 76 75 -2479 32 1
4411 4412 184 558 185 558 1 0 75 74 -2467 17 1
4412 4872 185 558 185 558 0 0 74 74 0 460 0
4872 4874 185 558 183 558 0 1 74 72 2737 32 2
4874 4875 183 558 184 558 1 0 72 71 -2737 32 1
4875 5959 184 558 184 558 0 0 71 71 0 1084 0
5959 5960 184 558 183 558 0 1 71 70 3348 32 1
5960 5960 183 558 183 558 1 2 70 70 3330 10 0
5960 5962 183 558 183 558 2 2 70 70 0 2 0
5962 5963 183 558 183 559 2 1 70 69 -3348 32 1
5963 5970 183 559 189 558 1 0 69 62 -3330 10 7
5970 6228 189 558 189 558 0 0 62 62 0 258 0
6228 6234 189 558 183 558 0 1 62 56 3496 32 6
6234 6235 183 558 183 558 1 1 56 56 0 1 0
6235 6236 183 558 184 558 1 0 56 55 -3496 32 1
6236 6479 184 558 184 558 0 0 55 55 0 243 0
6479 6480 184 558 183 558 0 1 55 54 19472 32 1
6480 6480 183 558 183 558 1 2 54 54 3605 6 0
6480 6482 183 558 185 558 2 1 54 52 -19472 32 2
6482 6493 185 558 196 558 1 0 52 41 -3605 7 11
6493 6732 196 558 196 558 0 0 41 41 0 239 0
6732 6745 196 558 183 558 0 1 41 28 3760 32 13
6745 6746 183 558 183 558 1 1 28 28 0 1 0
6746 6747 183 558 184 558 1 0 28 27 -3760 32 1
6747 7238 184 558 184 558 0 0 27 27 0 491 0
7238 7239 184 558 183 558 0 1 27 26 4027 32 1
7239 7241 183 558 183 558 1 1 26 26 0 2 0
7241 7241 183 558 183 558 1 0 26 26 -4027 32 0
7241 7318 183 558 183 558 0 0 26 26 0 77 0
7318 7318 183 558 183 558 0 1 26 26 4067 32 0
7318 7319 183 558 184 558 1 0 26 25 -4067 32 1
7319 7961 184 558 184 558 0 0 25 25 0 642 0
7961 7962 184 558 183 558 0 1 25 24 37885 32 1
7962 7963 183 558 183 558 1 1 24 24 0 1 0
7963 7963 183 558 183 558 1 0 24 24 -37885 32 0
7963 8117 183 558 183 558 0 0 24 24 0 154 0
8117 8117 183 558 183 558 0 1 24 24 4500 32 0
8117 8118 183 558 184 558 1 0 24 23 -4500 32 1
8118 8168 184 558 184 558 0 0 23 23 0 50 0
8168 8169 184 558 183 558 0 1 23 22 20050 32 1
8169 8170 183 558 183 558 1 1 22 22 0 1 0
8170 8170 183 558 183 558 1 0 22 22 -20050 32 0
8170 8685 183 558 183 558 0 0 22 22 0 515 0
8685 8685 183 558 183 558 0 1 22 22 4785 32 0
8685 8688 183 558 185 559 1 0 22 19 -4785 32 3
8688 9784 185 559 185 559 0 0 19 19 0 1096 0
9784 9787 185 559 183 558 0 1 19 16 5379 32 3
9787 9790 183 558 186 558 1 0 16 13 -5379 32 3
9790 10699 186 558 186 558 0 0 13 13 0 909 0
10699 10702 186 558 183 558 0 1 13 10 20981 32 3
10702 10714 183 558 183 558 1 1 10 10 0 12 0
10714 10714 183 558 183 558 1 2 10 10 5857 32 0
10714 10716 183 558 183 560 2 1 10 8 -20981 20 2
10716 10717 183 560 183 561 1 0 8 7 -5857 32 1
10717 11669 183 561 183 561 0 0 7 7 0 952 0
11669 11672 183 561 183 558 0 1 7 4 21342 32 3
11672 11674 183 558 183 558 1 1 4 4 0 2 0
11674 11674 183 558 183 558 1 0 4 4 -21342 32 0
11674 11826 183 558 183 558 0 0 4 4 0 152 0
11826 11826 183 558 183 558 0 1 4 4 39399 32 0
11826 11828 183 558 183 558 1 1 4 4 0 2 0
11828 11828 183 558 183 558 1 0 4 4 -39399 32 0
11828 12530 183 558 183 558 0 0 4 4 0 702 0
12530 12530 183 558 183 558 0 1 4 4 6779 32 0
12530 12532 183 558 183 558 1 1 4 4 0 2 0
12532 12532 183 558 183 558 1 0 4 4 -6779 32 0
12532 13994 183 558 183 558 0 0 4 4 0 1462 0
13994 13994 183 558 183 558 0 1 4 4 40203 32 0
13994 13995 183 558 183 558 1 1 4 4 0 1 0
13995 13995 183 558 183 558 1 0 4 4 -40203 32 0
13995 14785 183 558 183 558 0 0 4 4 0 790 0
14785 14785 183 558 183 558 0 1 4 4 7807 32 0
14785 14786 183 558 184 558 1 0 4 3 -7807 32 1
14786 15051 184 558 184 558 0 0 3 3 0 265 0
15051 15052 184 558 183 558 0 1 3 2 22620 32 1
15052 15053 183 558 183 558 1 1 2 2 0 1 0
15053 15053 183 558 183 558 1 0 2 2 -22620 32 0
15053 17774 183 558 183 558 0 0 2 2 0 2721 0
17774 17774 183 558 183 558 0 1 2 2 23763 32 0
17774 17776 183 558 183 558 1 1 2 2 0 2 0
17776 17776 183 558 183 558 1 0 2 2 -23763 32 0
17776 18990 183 558 183 558 0 0 2 2 0 1214 0
18990 18990 183 558 183 558 0 1 2 2 24321 32 0
18990 18993 183 558 183 558 1 1 2 2 0 3 0
18993 18993 183 558 183 558 1 0 2 2 -24321 32 0
18993 19877 183 558 183 558 0 0 2 2 0 884 0
19877 19877 183 558 183 558 0 1 2 2 24722 32 0
19877 19878 183 558 183 558 1 1 2 2 0 1 0
19878 19878 183 558 183 558 1 0 2 2 -24722 32 0
19878 20939 183 558 183 558 0 0 2 2 0 1061 0
20939 20939 183 558 183 558 0 1 2 2 10190 32 0
20939 20940 183 558 183 558 1 1 2 2 0 1 0
20940 20941 183 558 184 558 1 0 2 1 -10190 32 1
20941 21432 184 558 184 558 0 0 1 1 0 491 0
21432 21433 184 558 183 558 0 1 1 0 43614 32 1
21433 21434 183 558 183 558 1 1 0 0 0 1 0
21434 21434 183 558 183 558 1 0 0 0 -43614 32 0
21434 22352 183 558 183 558 0 0 0 0 0 918 0
22352 22352 183 558 183 558 0 1 0 0 25860 32 0
22352 22355 183 558 183 558 1 1 0 0 0 3 0
22355 22355 183 558 183 558 1 0 0 0 -25860 32 0
22355 23042 183 558 183 558 0 0 0 0 0 687 0
23042 23042 183 558 183 558 0 1 0 0 44463 32 0
23042 23043 183 558 183 558 1 1 0 0 0 1 0
23043 23043 183 558 183 558 1 0 0 0 -44463 32 0
23043 26340 183 558 183 558 0 0 0 0 0 3297 0
26340 26340 183 558 183 558 0 1 0 0 27911 32 0
26340 26341 183 558 183 558 1 1 0 0 0 1 0
26341 26341 183 558 183 558 1 0 0 0 -27911 32 0
26341 27175 183 558 183 558 0 0 0 0 0 834 0
27175 27175 183 558 183 558 0 1 0 0 46776 32 0
27175 27177 183 558 183 558 1 1 0 0 0 2 0
27177 27177 183 558 183 558 1 0 0 0 -46776 32 0
27177 27465 183 558 183 558 0 0 0 0 0 288 0
27465 27465 183 558 183 558 0 1 0 0 46949 32 0
27465 27467 183 558 183 558 1 1 0 0 0 2 0
27467 27467 183 558 183 558 1 0 0 0 -46949 32 0
27467 30721 183 558 183 558 0 0 0 0 0 3254 0
30721 30721 183 558 183 558 0 1 0 0 30126 32 0
30721 30729 183 558 183 558 1 1 0 0 0 8 0
30729 30729 183 558 183 558 1 0 0 0 -30126 32 0
30729 31750 183 558 183 558 0 0 0 0 0 1021 0
31750 31750 183 558 183 558 0 1 0 0 30646 32 0
31750 31751 183 558 183 558 1 1 0 0 0 1 0
31751 31751 183 558 183 558 1 0 0 0 -30646 32 0
31751 35927 183 558 183 558 0 0 0 0 0 4176 0
35927 35927 183 558 183 558 0 1 0 0 32506 32 0
35927 35928 183 558 183 558 1 1 0 0 0 1 0
35928 35928 183 558 183 558 1 0 0 0 -32506 32 0
35928 36276 183 558 183 558 0 0 0 0 0 348 0
36276 36276 183 558 183 558 0 1 0 0 32651 32 0
36276 36277 183 558 183 558 1 1 0 0 0 1 0
36277 36277 183 558 183 558 1 0 0 0 -32651 32 0
36277 39378 183 558 183 558 0 0 0 0 0 3101 0
39378 39378 183 558 183 558 0 1 0 0 33838 32 0
39378 39380 183 558 183 558 1 1 0 0 0 2 0
39380 39380 183 558 183 558 1 0 0 0 -33838 32 0
39380 39516 183 558 183 558 0 0 0 0 0 136 0
39516 39516 183 558 183 558 0 1 0 0 15440 32 0
39516 39517 183 558 183 558 1 1 0 0 0 1 0
39517 39517 183 558 183 558 1 0 0 0 -15440 32 0
39517 43267 183 558 183 558 0 0 0 0 0 3750 0
43267 43267 183 558 183 558 0 0 0 0 1000000000 0 0
--------------------------------------
--------------------------------------
EV2
--------------------------------------
Num TPs served = 10
TPs served = 5352 6400 7263 7857 9479 9686 9839 10484 10522 10712
Total energy used = 100
--------------------------------------
Schedule:
0 9730 183 558 183 558 0 0 100 100 0 9730 0
9730 9730 183 558 183 558 0 1 100 100 5352 32 0
9730 9741 183 558 194 558 1 0 100 89 -5352 32 11
9741 11746 194 558 194 558 0 0 89 89 0 2005 0
11746 11757 194 558 183 558 0 1 89 78 6400 32 11
11757 11760 183 558 186 558 1 0 78 75 -6400 32 3
11760 13603 186 558 186 558 0 0 75 75 0 1843 0
13603 13606 186 558 183 558 0 1 75 72 7263 32 3
13606 13610 183 558 186 559 1 0 72 68 -7263 32 4
13610 14894 186 559 186 559 0 0 68 68 0 1284 0
14894 14898 186 559 183 558 0 1 68 64 7857 32 4
14898 14903 183 558 183 558 1 1 64 64 0 5 0
14903 14906 183 558 184 560 1 0 64 61 -7857 32 3
14906 18968 184 560 184 560 0 0 61 61 0 4062 0
18968 18971 184 560 183 558 0 1 61 58 9479 32 3
18971 18974 183 558 183 558 1 1 58 58 0 3 0
18974 18976 183 558 184 559 1 0 58 56 -9479 32 2
18976 19518 184 559 184 559 0 0 56 56 0 542 0
19518 19520 184 559 183 558 0 1 56 54 9686 32 2
19520 19523 183 558 186 558 1 0 54 51 -9686 32 3
19523 19998 186 558 186 558 0 0 51 51 0 475 0
19998 20001 186 558 183 558 0 1 51 48 9839 32 3
20001 20004 183 558 186 558 1 0 48 45 -9839 32 3
20004 21789 186 558 186 558 0 0 45 45 0 1785 0
21789 21792 186 558 183 558 0 1 45 42 10484 32 3
21792 21793 183 558 183 558 1 1 42 42 0 1 0
21793 21794 183 558 183 559 1 0 42 41 -10484 32 1
21794 21887 183 559 183 559 0 0 41 41 0 93 0
21887 21888 183 559 183 558 0 1 41 40 10522 32 1
21888 21890 183 558 185 558 1 0 40 38 -10522 32 2
21890 22449 185 558 185 558 0 0 38 38 0 559 0
22449 22451 185 558 183 558 0 1 38 36 10712 32 2
22451 22452 183 558 183 558 1 1 36 36 0 1 0
22452 22470 183 558 184 575 1 0 36 18 -10712 32 18
22470 43249 184 575 184 575 0 0 18 18 0 20779 0
43249 43267 184 575 183 558 0 0 18 0 1000000000 0 18
--------------------------------------
--------------------------------------
EV3
--------------------------------------
Num TPs served = 20
TPs served = 10987 11232 11599 11689 11837 12032 12449 12639 13275 14098 14286 15323 15452 15503 15581 16012 16032 16041 16950 27542
Total energy used = 100
--------------------------------------
Schedule:
0 23339 183 558 183 558 0 0 100 100 0 23339 0
23339 23339 183 558 183 558 0 1 100 100 10987 32 0
23339 23340 183 558 183 558 1 1 100 100 0 1 0
23340 23341 183 558 184 558 1 0 100 99 -10987 32 1
23341 24034 184 558 184 558 0 0 99 99 0 693 0
24034 24035 184 558 183 558 0 1 99 98 11232 32 1
24035 24037 183 558 185 558 1 0 98 96 -11232 32 2
24037 25351 185 558 185 558 0 0 96 96 0 1314 0
25351 25353 185 558 183 558 0 1 96 94 11599 32 2
25353 25355 183 558 185 558 1 0 94 92 -11599 32 2
25355 25641 185 558 185 558 0 0 92 92 0 286 0
25641 25643 185 558 183 558 0 1 92 90 27542 32 2
25643 25644 183 558 183 558 1 1 90 90 0 1 0
25644 25644 183 558 183 558 1 2 90 90 11689 32 0
25644 25646 183 558 185 558 2 1 90 88 -27542 31 2
25646 25648 185 558 185 558 1 1 88 88 0 2 0
25648 25659 185 558 192 562 1 0 88 77 -11689 32 11
25659 26122 192 562 192 562 0 0 77 77 0 463 0
26122 26135 192 562 183 558 0 1 77 64 11837 32 13
26135 26140 183 558 187 559 1 0 64 59 -11837 32 5
26140 26842 187 559 187 559 0 0 59 59 0 702 0
26842 26847 187 559 183 558 0 1 59 54 12032 32 5
26847 26849 183 558 183 558 1 1 54 54 0 2 0
26849 26852 183 558 186 558 1 0 54 51 -12032 32 3
26852 28265 186 558 186 558 0 0 51 51 0 1413 0
28265 28268 186 558 183 558 0 1 51 48 12449 32 3
28268 28270 183 558 185 558 1 0 48 46 -12449 32 2
28270 28956 185 558 185 558 0 0 46 46 0 686 0
28956 28958 185 558 183 558 0 1 46 44 12639 32 2
28958 28959 183 558 184 558 1 0 44 43 -12639 32 1
28959 31223 184 558 184 558 0 0 43 43 0 2264 0
31223 31224 184 558 183 558 0 1 43 42 13275 32 1
31224 31225 183 558 184 558 1 0 42 41 -13275 32 1
31225 34350 184 558 184 558 0 0 41 41 0 3125 0
34350 34351 184 558 183 558 0 1 41 40 14098 32 1
34351 34354 183 558 185 559 1 0 40 37 -14098 32 3
34354 35038 185 559 185 559 0 0 37 37 0 684 0
35038 35041 185 559 183 558 0 1 37 34 14286 32 3
35041 35043 183 558 183 558 1 1 34 34 0 2 0
35043 35046 183 558 185 559 1 0 34 31 -14286 32 3
35046 39102 185 559 185 559 0 0 31 31 0 4056 0
39102 39105 185 559 183 558 0 1 31 28 15323 32 3
39105 39106 183 558 184 558 1 0 28 27 -15323 32 1
39106 39544 184 558 184 558 0 0 27 27 0 438 0
39544 39545 184 558 183 558 0 1 27 26 15452 32 1
39545 39548 183 558 183 558 1 1 26 26 0 3 0
39548 39550 183 558 183 560 1 0 26 24 -15452 32 2
39550 39737 183 560 183 560 0 0 24 24 0 187 0
39737 39739 183 560 183 558 0 1 24 22 15503 32 2
39739 39740 183 558 183 559 1 0 22 21 -15503 32 1
39740 39958 183 559 183 559 0 0 21 21 0 218 0
39958 39959 183 559 183 558 0 1 21 20 15581 32 1
39959 39962 183 558 183 561 1 0 20 17 -15581 32 3
39962 40756 183 561 183 561 0 0 17 17 0 794 0
40756 40759 183 561 183 558 0 1 17 14 16012 32 3
40759 40760 183 558 183 558 1 1 14 14 0 1 0
40760 40762 183 558 185 558 1 0 14 12 -16012 32 2
40762 40816 185 558 185 558 0 0 12 12 0 54 0
40816 40818 185 558 183 558 0 1 12 10 16041 32 2
40818 40818 183 558 183 558 1 2 10 10 16032 20 0
40818 40820 183 558 183 560 2 1 10 8 -16041 32 2
40820 40821 183 560 184 560 1 0 8 7 -16032 25 1
40821 42407 184 560 184 560 0 0 7 7 0 1586 0
42407 42410 184 560 183 558 0 1 7 4 16950 32 3
42410 42411 183 558 183 558 1 1 4 4 0 1 0
42411 42413 183 558 184 559 1 0 4 2 -16950 32 2
42413 43265 184 559 184 559 0 0 2 2 0 852 0
43265 43267 184 559 183 558 0 0 2 0 1000000000 0 2
--------------------------------------
--------------------------------------
EV4
--------------------------------------
Num TPs served = 25
TPs served = 16386 17151 17587 17601 17986 18037 18289 18707 18871 18900 19074 19848 20134 20912 20913 21047 21203 21927 21947 22250 22336 22339 22518 35808 36545
Total energy used = 100
--------------------------------------
Schedule:
0 546 183 558 183 558 0 0 100 100 0 546 0
546 546 183 558 183 558 0 1 100 100 17587 32 0
546 548 183 558 183 558 1 1 100 100 0 2 0
548 553 183 558 187 559 1 0 100 95 -17587 32 5
553 590 187 559 187 559 0 0 95 95 0 37 0
590 595 187 559 183 558 0 1 95 90 17601 32 5
595 597 183 558 183 558 1 1 90 90 0 2 0
597 598 183 558 183 559 1 0 90 89 -17601 32 1
598 1771 183 559 183 559 0 0 89 89 0 1173 0
1771 1772 183 559 183 558 0 1 89 88 17986 32 1
1772 1773 183 558 183 559 1 0 88 87 -17986 32 1
1773 1897 183 559 183 559 0 0 87 87 0 124 0
1897 1898 183 559 183 558 0 1 87 86 35808 32 1
1898 1926 183 558 183 558 1 1 86 86 0 28 0
1926 1926 183 558 183 558 1 2 86 86 18037 32 0
1926 1927 183 558 184 558 2 1 86 85 -35808 4 1
1927 1929 184 558 184 558 1 1 85 85 0 2 0
1929 1929 184 558 184 558 1 0 85 85 -18037 32 0
1929 2717 184 558 184 558 0 0 85 85 0 788 0
2717 2718 184 558 183 558 0 1 85 84 18289 32 1
2718 2721 183 558 183 561 1 0 84 81 -18289 32 3
2721 4060 183 561 183 561 0 0 81 81 0 1339 0
4060 4063 183 561 183 558 0 1 81 78 36545 32 3
4063 4063 183 558 183 558 1 2 78 78 18707 29 0
4063 4064 183 558 184 558 2 1 78 77 -36545 32 1
4064 4067 184 558 186 559 1 0 77 74 -18707 29 3
4067 4574 186 559 186 559 0 0 74 74 0 507 0
4574 4578 186 559 183 558 0 1 74 70 18871 32 4
4578 4579 183 558 183 558 1 1 70 70 0 1 0
4579 4583 183 558 185 560 1 0 70 66 -18871 32 4
4583 4679 185 560 185 560 0 0 66 66 0 96 0
4679 4683 185 560 183 558 0 1 66 62 18900 32 4
4683 4684 183 558 184 558 1 0 62 61 -18900 32 1
4684 5216 184 558 184 558 0 0 61 61 0 532 0
5216 5217 184 558 183 558 0 1 61 60 19074 32 1
5217 5219 183 558 183 560 1 0 60 58 -19074 32 2
5219 7565 183 560 183 560 0 0 58 58 0 2346 0
7565 7567 183 560 183 558 0 1 58 56 19848 32 2
7567 7568 183 558 183 558 1 1 56 56 0 1 0
7568 7569 183 558 184 558 1 0 56 55 -19848 32 1
7569 8416 184 558 184 558 0 0 55 55 0 847 0
8416 8417 184 558 183 558 0 1 55 54 20134 32 1
8417 8419 183 558 185 558 1 0 54 52 -20134 32 2
8419 10530 185 558 185 558 0 0 52 52 0 2111 0
10530 10532 185 558 183 558 0 1 52 50 20913 32 2
10532 10532 183 558 183 558 1 2 50 50 20912 31 0
10532 10535 183 558 183 558 2 2 50 50 0 3 0
10535 10539 183 558 187 558 2 1 50 46 -20913 32 4
10539 10541 187 558 185 558 1 0 46 44 -20912 24 2
10541 10870 185 558 185 558 0 0 44 44 0 329 0
10870 10872 185 558 183 558 0 1 44 42 21047 32 2
10872 10873 183 558 183 558 1 1 42 42 0 1 0
10873 10874 183 558 184 558 1 0 42 41 -21047 32 1
10874 11303 184 558 184 558 0 0 41 41 0 429 0
11303 11304 184 558 183 558 0 1 41 40 21203 32 1
11304 11307 183 558 185 559 1 0 40 37 -21203 32 3
11307 13249 185 559 185 559 0 0 37 37 0 1942 0
13249 13252 185 559 183 558 0 1 37 34 21927 32 3
13252 13256 183 558 186 559 1 0 34 30 -21927 32 4
13256 13309 186 559 186 559 0 0 30 30 0 53 0
13309 13313 186 559 183 558 0 1 30 26 21947 32 4
13313 13315 183 558 183 558 1 1 26 26 0 2 0
13315 13317 183 558 183 560 1 0 26 24 -21947 32 2
13317 14097 183 560 183 560 0 0 24 24 0 780 0
14097 14099 183 560 183 558 0 1 24 22 22250 32 2
14099 14100 183 558 184 558 1 0 22 21 -22250 32 1
14100 14323 184 558 184 558 0 0 21 21 0 223 0
14323 14324 184 558 183 558 0 1 21 20 22339 32 1
14324 14324 183 558 183 558 1 2 20 20 22336 25 0
14324 14325 183 558 183 559 2 1 20 19 -22339 32 1
14325 14325 183 559 183 559 1 0 19 19 -22336 25 0
14325 14777 183 559 183 559 0 0 19 19 0 452 0
14777 14778 183 559 183 558 0 1 19 18 22518 32 1
14778 14779 183 558 183 559 1 0 18 17 -22518 32 1
14779 41412 183 559 183 559 0 0 17 17 0 26633 0
41412 41413 183 559 183 558 0 1 17 16 16386 32 1
41413 41420 183 558 189 559 1 0 16 9 -16386 32 7
41420 42763 189 559 189 559 0 0 9 9 0 1343 0
42763 42770 189 559 183 558 0 1 9 2 17151 32 7
42770 42771 183 558 183 558 1 1 2 2 0 1 0
42771 42772 183 558 184 558 1 0 2 1 -17151 32 1
42772 43266 184 558 184 558 0 0 1 1 0 494 0
43266 43267 184 558 183 558 0 0 1 0 1000000000 0 1
--------------------------------------
--------------------------------------
EV5
--------------------------------------
Num TPs served = 31
TPs served = 22475 22551 22999 23019 23325 23706 23760 24402 24536 24728 25103 25985 26567 27621 27840 27841 28140 28530 28547 28548 28574 28692 28709 28982 30074 31005 31168 31854 31989 32954 33611
Total energy used = 100
--------------------------------------
Schedule:
0 14687 183 558 183 558 0 0 100 100 0 14687 0
14687 14687 183 558 183 558 0 1 100 100 22475 32 0
14687 14689 183 558 185 558 1 0 100 98 -22475 32 2
14689 14847 185 558 185 558 0 0 98 98 0 158 0
14847 14849 185 558 183 558 0 1 98 96 22551 32 2
14849 14851 183 558 185 558 1 0 96 94 -22551 32 2
14851 15977 185 558 185 558 0 0 94 94 0 1126 0
15977 15979 185 558 183 558 0 1 94 92 22999 32 2
15979 15980 183 558 184 558 1 0 92 91 -22999 32 1
15980 16015 184 558 184 558 0 0 91 91 0 35 0
16015 16016 184 558 183 558 0 1 91 90 23019 32 1
16016 16018 183 558 183 558 1 1 90 90 0 2 0
16018 16020 183 558 185 558 1 0 90 88 -23019 32 2
16020 16775 185 558 185 558 0 0 88 88 0 755 0
16775 16777 185 558 183 558 0 1 88 86 23325 32 2
16777 16780 183 558 183 558 1 1 86 86 0 3 0
16780 16782 183 558 185 558 1 0 86 84 -23325 32 2
16782 17645 185 558 185 558 0 0 84 84 0 863 0
17645 17647 185 558 183 558 0 1 84 82 23706 32 2
17647 17648 183 558 184 558 1 0 82 81 -23706 32 1
17648 17765 184 558 184 558 0 0 81 81 0 117 0
17765 17766 184 558 183 558 0 1 81 80 23760 32 1
17766 17767 183 558 183 559 1 0 80 79 -23760 32 1
17767 19172 183 559 183 559 0 0 79 79 0 1405 0
19172 19173 183 559 183 558 0 1 79 78 24402 32 1
19173 19174 183 558 183 558 1 1 78 78 0 1 0
19174 19175 183 558 183 559 1 0 78 77 -24402 32 1
19175 19483 183 559 183 559 0 0 77 77 0 308 0
19483 19484 183 559 183 558 0 1 77 76 24536 32 1
19484 19485 183 558 184 558 1 0 76 75 -24536 32 1
19485 19898 184 558 184 558 0 0 75 75 0 413 0
19898 19899 184 558 183 558 0 1 75 74 24728 32 1
19899 19902 183 558 183 558 1 1 74 74 0 3 0
19902 19905 183 558 183 561 1 0 74 71 -24728 32 3
19905 20733 183 561 183 561 0 0 71 71 0 828 0
20733 20736 183 561 183 558 0 1 71 68 25103 32 3
20736 20738 183 558 185 558 1 0 68 66 -25103 32 2
20738 22623 185 558 185 558 0 0 66 66 0 1885 0
22623 22625 185 558 183 558 0 1 66 64 25985 32 2
22625 22626 183 558 184 558 1 0 64 63 -25985 32 1
22626 23783 184 558 184 558 0 0 63 63 0 1157 0
23783 23784 184 558 183 558 0 1 63 62 26567 32 1
23784 23785 183 558 183 558 1 1 62 62 0 1 0
23785 23787 183 558 184 559 1 0 62 60 -26567 32 2
23787 25794 184 559 184 559 0 0 60 60 0 2007 0
25794 25796 184 559 183 558 0 1 60 58 27621 32 2
25796 25799 183 558 186 558 1 0 58 55 -27621 32 3
25799 26199 186 558 186 558 0 0 55 55 0 400 0
26199 26202 186 558 183 558 0 1 55 52 27841 32 3
26202 26202 183 558 183 558 1 2 52 52 27840 28 0
26202 26203 183 558 183 559 2 1 52 51 -27841 32 1
26203 26203 183 559 183 559 1 0 51 51 -27840 28 0
26203 26788 183 559 183 559 0 0 51 51 0 585 0
26788 26789 183 559 183 558 0 1 51 50 28140 32 1
26789 26797 183 558 191 558 1 0 50 42 -28140 32 8
26797 27538 191 558 191 558 0 0 42 42 0 741 0
27538 27546 191 558 183 558 0 1 42 34 28530 32 8
27546 27577 183 558 183 558 1 1 34 34 0 31 0
27577 27577 183 558 183 558 1 2 34 34 28548 32 0
27577 27577 183 558 183 558 2 3 34 34 28547 31 0
27577 27579 183 558 185 558 3 2 34 32 -28530 1 2
27579 27582 185 558 183 559 2 1 32 29 -28548 28 3
27582 27583 183 559 184 559 1 0 29 28 -28547 28 1
27583 27624 184 559 184 559 0 0 28 28 0 41 0
27624 27626 184 559 183 558 0 1 28 26 28574 32 2
27626 27628 183 558 183 558 1 1 26 26 0 2 0
27628 27630 183 558 185 558 1 0 26 24 -28574 32 2
27630 27854 185 558 185 558 0 0 24 24 0 224 0
27854 27856 185 558 183 558 0 1 24 22 28692 32 2
27856 27857 183 558 183 559 1 0 22 21 -28692 32 1
27857 27892 183 559 183 559 0 0 21 21 0 35 0
27892 27893 183 559 183 558 0 1 21 20 28709 32 1
27893 27894 183 558 183 558 1 1 20 20 0 1 0
27894 27896 183 558 185 558 1 0 20 18 -28709 32 2
27896 28442 185 558 185 558 0 0 18 18 0 546 0
28442 28444 185 558 183 558 0 1 18 16 28982 32 2
28444 28446 183 558 183 558 1 1 16 16 0 2 0
28446 28447 183 558 184 558 1 0 16 15 -28982 32 1
28447 30612 184 558 184 558 0 0 15 15 0 2165 0
30612 30613 184 558 183 558 0 1 15 14 30074 32 1
30613 30614 183 558 184 558 1 0 14 13 -30074 32 1
30614 32502 184 558 184 558 0 0 13 13 0 1888 0
32502 32503 184 558 183 558 0 1 13 12 31005 32 1
32503 32504 183 558 184 558 1 0 12 11 -31005 32 1
32504 32852 184 558 184 558 0 0 11 11 0 348 0
32852 32853 184 558 183 558 0 1 11 10 31168 32 1
32853 32854 183 558 183 558 1 1 10 10 0 1 0
32854 32855 183 558 184 558 1 0 10 9 -31168 32 1
32855 34391 184 558 184 558 0 0 9 9 0 1536 0
34391 34392 184 558 183 558 0 1 9 8 31854 32 1
34392 34393 183 558 183 558 1 1 8 8 0 1 0
34393 34394 183 558 184 558 1 0 8 7 -31854 32 1
34394 34668 184 558 184 558 0 0 7 7 0 274 0
34668 34669 184 558 183 558 0 1 7 6 31989 32 1
34669 34670 183 558 183 558 1 1 6 6 0 1 0
34670 34671 183 558 183 559 1 0 6 5 -31989 32 1
34671 37058 183 559 183 559 0 0 5 5 0 2387 0
37058 37059 183 559 183 558 0 1 5 4 32954 32 1
37059 37060 183 558 184 558 1 0 4 3 -32954 32 1
37060 38731 184 558 184 558 0 0 3 3 0 1671 0
38731 38732 184 558 183 558 0 1 3 2 33611 32 1
38732 38734 183 558 183 558 1 1 2 2 0 2 0
38734 38735 183 558 183 559 1 0 2 1 -33611 32 1
38735 43266 183 559 183 559 0 0 1 1 0 4531 0
43266 43267 183 559 183 558 0 0 1 0 1000000000 0 1
--------------------------------------
--------------------------------------
EV6
--------------------------------------
Num TPs served = 14
TPs served = 29635 32120 32708 33366 33491 33709 33783 34165 34966 35016 35021 35410 36209 48285
Total energy used = 100
--------------------------------------
Schedule:
0 786 183 558 183 558 0 0 100 100 0 786 0
786 786 183 558 183 558 0 1 100 100 35410 32 0
786 792 183 558 183 558 1 1 100 100 0 6 0
792 793 183 558 184 558 1 0 100 99 -35410 32 1
793 3107 184 558 184 558 0 0 99 99 0 2314 0
3107 3108 184 558 183 558 0 1 99 98 36209 32 1
3108 3110 183 558 185 558 1 0 98 96 -36209 32 2
3110 29755 185 558 185 558 0 0 96 96 0 26645 0
29755 29757 185 558 183 558 0 1 96 94 48285 32 2
29757 29764 183 558 183 558 1 1 94 94 0 7 0
29764 29764 183 558 183 558 1 2 94 94 29635 32 0
29764 29769 183 558 188 558 2 1 94 89 -48285 25 5
29769 29775 188 558 194 558 1 0 89 83 -29635 32 6
29775 34975 194 558 194 558 0 0 83 83 0 5200 0
34975 34986 194 558 183 558 0 1 83 72 32120 32 11
34986 34988 183 558 183 558 1 1 72 72 0 2 0
34988 34999 183 558 188 564 1 0 72 61 -32120 32 11
34999 36385 188 564 188 564 0 0 61 61 0 1386 0
36385 36396 188 564 183 558 0 1 61 50 32708 32 11
36396 36397 183 558 183 558 1 1 50 50 0 1 0
36397 36400 183 558 186 558 1 0 50 47 -32708 32 3
36400 38086 186 558 186 558 0 0 47 47 0 1686 0
38086 38089 186 558 183 558 0 1 47 44 33366 32 3
38089 38093 183 558 186 559 1 0 44 40 -33366 32 4
38093 38377 186 559 186 559 0 0 40 40 0 284 0
38377 38381 186 559 183 558 0 1 40 36 33491 32 4
38381 38382 183 558 183 558 1 1 36 36 0 1 0
38382 38387 183 558 183 563 1 0 36 31 -33491 32 5
38387 39026 183 563 183 563 0 0 31 31 0 639 0
39026 39031 183 563 183 558 0 1 31 26 33709 32 5
39031 39032 183 558 183 559 1 0 26 25 -33709 32 1
39032 39225 183 559 183 559 0 0 25 25 0 193 0
39225 39226 183 559 183 558 0 1 25 24 33783 32 1
39226 39228 183 558 184 559 1 0 24 22 -33783 32 2
39228 40254 184 559 184 559 0 0 22 22 0 1026 0
40254 40256 184 559 183 558 0 1 22 20 34165 32 2
40256 40260 183 558 184 561 1 0 20 16 -34165 32 4
40260 42684 184 561 184 561 0 0 16 16 0 2424 0
42684 42688 184 561 183 558 0 1 16 12 34966 32 4
42688 42689 183 558 184 558 1 0 12 11 -34966 32 1
42689 42815 184 558 184 558 0 0 11 11 0 126 0
42815 42816 184 558 183 558 0 1 11 10 35021 32 1
42816 42816 183 558 183 558 1 2 10 10 35016 16 0
42816 42817 183 558 183 558 2 2 10 10 0 1 0
42817 42822 183 558 184 562 2 1 10 5 -35021 32 5
42822 42823 184 562 184 561 1 0 5 4 -35016 13 1
42823 43263 184 561 184 561 0 0 4 4 0 440 0
43263 43267 184 561 183 558 0 0 4 0 1000000000 0 4
--------------------------------------

-------------------------------------------------------------------------

TPs

-------------------------------------------------------------------------

----------------------
TP115 allocated to 1
----------------------

----------------------
TP290 allocated to 1
----------------------

----------------------
TP749 allocated to 1
----------------------

----------------------
TP753 allocated to 1
----------------------

----------------------
TP1031 allocated to 1
----------------------

----------------------
TP1565 allocated to 1
----------------------

----------------------
TP1852 allocated to 1
----------------------

----------------------
TP2204 allocated to 1
----------------------

----------------------
TP2431 allocated to 1
----------------------

----------------------
TP2467 allocated to 1
----------------------

----------------------
TP2479 allocated to 1
----------------------

----------------------
TP2737 allocated to 1
----------------------

----------------------
TP3330 allocated to 1
----------------------

----------------------
TP3348 allocated to 1
----------------------

----------------------
TP3496 allocated to 1
----------------------

----------------------
TP3605 allocated to 1
----------------------

----------------------
TP3760 allocated to 1
----------------------

----------------------
TP4027 allocated to 1
----------------------

----------------------
TP4067 allocated to 1
----------------------

----------------------
TP4500 allocated to 1
----------------------

----------------------
TP4785 allocated to 1
----------------------

----------------------
TP5352 allocated to 2
----------------------

----------------------
TP5379 allocated to 1
----------------------

----------------------
TP5857 allocated to 1
----------------------

----------------------
TP6400 allocated to 2
----------------------

----------------------
TP6779 allocated to 1
----------------------

----------------------
TP7263 allocated to 2
----------------------

----------------------
TP7807 allocated to 1
----------------------

----------------------
TP7857 allocated to 2
----------------------

----------------------
TP9479 allocated to 2
----------------------

----------------------
TP9686 allocated to 2
----------------------

----------------------
TP9839 allocated to 2
----------------------

----------------------
TP10190 allocated to 1
----------------------

----------------------
TP10484 allocated to 2
----------------------

----------------------
TP10522 allocated to 2
----------------------

----------------------
TP10712 allocated to 2
----------------------

----------------------
TP10987 allocated to 3
----------------------

----------------------
TP11232 allocated to 3
----------------------

----------------------
TP11599 allocated to 3
----------------------

----------------------
TP11689 allocated to 3
----------------------

----------------------
TP11837 allocated to 3
----------------------

----------------------
TP12032 allocated to 3
----------------------

----------------------
TP12449 allocated to 3
----------------------

----------------------
TP12639 allocated to 3
----------------------

----------------------
TP13275 allocated to 3
----------------------

----------------------
TP14098 allocated to 3
----------------------

----------------------
TP14286 allocated to 3
----------------------

----------------------
TP15323 allocated to 3
----------------------

----------------------
TP15440 allocated to 1
----------------------

----------------------
TP15452 allocated to 3
----------------------

----------------------
TP15503 allocated to 3
----------------------

----------------------
TP15581 allocated to 3
----------------------

----------------------
TP16012 allocated to 3
----------------------

----------------------
TP16032 allocated to 3
----------------------

----------------------
TP16041 allocated to 3
----------------------

----------------------
TP16386 allocated to 4
----------------------

----------------------
TP16950 allocated to 3
----------------------

----------------------
TP17151 allocated to 4
----------------------

----------------------
TP17587 allocated to 4
----------------------

----------------------
TP17601 allocated to 4
----------------------

----------------------
TP17986 allocated to 4
----------------------

----------------------
TP18037 allocated to 4
----------------------

----------------------
TP18289 allocated to 4
----------------------

----------------------
TP18707 allocated to 4
----------------------

----------------------
TP18871 allocated to 4
----------------------

----------------------
TP18900 allocated to 4
----------------------

----------------------
TP19074 allocated to 4
----------------------

----------------------
TP19472 allocated to 1
----------------------

----------------------
TP19848 allocated to 4
----------------------

----------------------
TP20050 allocated to 1
----------------------

----------------------
TP20134 allocated to 4
----------------------

----------------------
TP20912 allocated to 4
----------------------

----------------------
TP20913 allocated to 4
----------------------

----------------------
TP20981 allocated to 1
----------------------

----------------------
TP21047 allocated to 4
----------------------

----------------------
TP21203 allocated to 4
----------------------

----------------------
TP21342 allocated to 1
----------------------

----------------------
TP21927 allocated to 4
----------------------

----------------------
TP21947 allocated to 4
----------------------

----------------------
TP22250 allocated to 4
----------------------

----------------------
TP22336 allocated to 4
----------------------

----------------------
TP22339 allocated to 4
----------------------

----------------------
TP22475 allocated to 5
----------------------

----------------------
TP22518 allocated to 4
----------------------

----------------------
TP22551 allocated to 5
----------------------

----------------------
TP22620 allocated to 1
----------------------

----------------------
TP22999 allocated to 5
----------------------

----------------------
TP23019 allocated to 5
----------------------

----------------------
TP23325 allocated to 5
----------------------

----------------------
TP23706 allocated to 5
----------------------

----------------------
TP23760 allocated to 5
----------------------

----------------------
TP23763 allocated to 1
----------------------

----------------------
TP24321 allocated to 1
----------------------

----------------------
TP24402 allocated to 5
----------------------

----------------------
TP24536 allocated to 5
----------------------

----------------------
TP24722 allocated to 1
----------------------

----------------------
TP24728 allocated to 5
----------------------

----------------------
TP25103 allocated to 5
----------------------

----------------------
TP25860 allocated to 1
----------------------

----------------------
TP25985 allocated to 5
----------------------

----------------------
TP26567 allocated to 5
----------------------

----------------------
TP27542 allocated to 3
----------------------

----------------------
TP27621 allocated to 5
----------------------

----------------------
TP27840 allocated to 5
----------------------

----------------------
TP27841 allocated to 5
----------------------

----------------------
TP27911 allocated to 1
----------------------

----------------------
TP28140 allocated to 5
----------------------

----------------------
TP28530 allocated to 5
----------------------

----------------------
TP28547 allocated to 5
----------------------

----------------------
TP28548 allocated to 5
----------------------

----------------------
TP28574 allocated to 5
----------------------

----------------------
TP28692 allocated to 5
----------------------

----------------------
TP28709 allocated to 5
----------------------

----------------------
TP28982 allocated to 5
----------------------

----------------------
TP29635 allocated to 6
----------------------

----------------------
TP30074 allocated to 5
----------------------

----------------------
TP30126 allocated to 1
----------------------

----------------------
TP30646 allocated to 1
----------------------

----------------------
TP31005 allocated to 5
----------------------

----------------------
TP31168 allocated to 5
----------------------

----------------------
TP31854 allocated to 5
----------------------

----------------------
TP31989 allocated to 5
----------------------

----------------------
TP32120 allocated to 6
----------------------

----------------------
TP32506 allocated to 1
----------------------

----------------------
TP32651 allocated to 1
----------------------

----------------------
TP32708 allocated to 6
----------------------

----------------------
TP32954 allocated to 5
----------------------

----------------------
TP33366 allocated to 6
----------------------

----------------------
TP33491 allocated to 6
----------------------

----------------------
TP33611 allocated to 5
----------------------

----------------------
TP33709 allocated to 6
----------------------

----------------------
TP33783 allocated to 6
----------------------

----------------------
TP33838 allocated to 1
----------------------

----------------------
TP34165 allocated to 6
----------------------

----------------------
TP34966 allocated to 6
----------------------

----------------------
TP35016 allocated to 6
----------------------

----------------------
TP35021 allocated to 6
----------------------

----------------------
TP35410 allocated to 6
----------------------

----------------------
TP35808 allocated to 4
----------------------

----------------------
TP35926 allocated to 1
----------------------

----------------------
TP36209 allocated to 6
----------------------

----------------------
TP36227 allocated to 1
----------------------

----------------------
TP36302 not allocated
----------------------

----------------------
TP36389 allocated to 1
----------------------

----------------------
TP36545 allocated to 4
----------------------

----------------------
TP36691 not allocated
----------------------

----------------------
TP36952 not allocated
----------------------

----------------------
TP37050 not allocated
----------------------

----------------------
TP37689 not allocated
----------------------

----------------------
TP37885 allocated to 1
----------------------

----------------------
TP38015 not allocated
----------------------

----------------------
TP38695 not allocated
----------------------

----------------------
TP38831 not allocated
----------------------

----------------------
TP39399 allocated to 1
----------------------

----------------------
TP39555 not allocated
----------------------

----------------------
TP39643 not allocated
----------------------

----------------------
TP39716 not allocated
----------------------

----------------------
TP39858 not allocated
----------------------

----------------------
TP39979 not allocated
----------------------

----------------------
TP40203 allocated to 1
----------------------

----------------------
TP40205 not allocated
----------------------

----------------------
TP40236 not allocated
----------------------

----------------------
TP40347 not allocated
----------------------

----------------------
TP40350 not allocated
----------------------

----------------------
TP40437 not allocated
----------------------

----------------------
TP40776 not allocated
----------------------

----------------------
TP41576 not allocated
----------------------

----------------------
TP41731 not allocated
----------------------

----------------------
TP41884 not allocated
----------------------

----------------------
TP41922 not allocated
----------------------

----------------------
TP42167 not allocated
----------------------

----------------------
TP42534 not allocated
----------------------

----------------------
TP42558 not allocated
----------------------

----------------------
TP42584 not allocated
----------------------

----------------------
TP42726 not allocated
----------------------

----------------------
TP43045 not allocated
----------------------

----------------------
TP43090 not allocated
----------------------

----------------------
TP43221 not allocated
----------------------

----------------------
TP43614 allocated to 1
----------------------

----------------------
TP43783 not allocated
----------------------

----------------------
TP44098 not allocated
----------------------

----------------------
TP44242 not allocated
----------------------

----------------------
TP44463 allocated to 1
----------------------

----------------------
TP44470 not allocated
----------------------

----------------------
TP44726 not allocated
----------------------

----------------------
TP44839 not allocated
----------------------

----------------------
TP44976 not allocated
----------------------

----------------------
TP45030 not allocated
----------------------

----------------------
TP45215 not allocated
----------------------

----------------------
TP46125 not allocated
----------------------

----------------------
TP46664 not allocated
----------------------

----------------------
TP46776 allocated to 1
----------------------

----------------------
TP46840 not allocated
----------------------

----------------------
TP46845 not allocated
----------------------

----------------------
TP46949 allocated to 1
----------------------

----------------------
TP46956 not allocated
----------------------

----------------------
TP47240 not allocated
----------------------

----------------------
TP47381 not allocated
----------------------

----------------------
TP47760 not allocated
----------------------

----------------------
TP48285 allocated to 6
----------------------

----------------------
TP48331 not allocated
----------------------

----------------------
TP48544 not allocated
----------------------

----------------------
TP48597 not allocated
----------------------

----------------------
TP48725 not allocated
----------------------

----------------------
TP48991 not allocated
----------------------

-------------------------------------------------------------------------

Ride-sharing vs Individual Mode - Num Vehicles and Distance Comparisson 

-------------------------------------------------------------------------
Individual Mode = 205 vehicles.
Ride-sharing Mode = 59 vehicles. The 6 ride-sharing vehicles + 53 vehicles of the individuals not served by the ride-sharing service.
-------------------------------------------------------------------------
Individual Mode = 488 distance.
Ride-sharing Mode = 763 distance. 600 from the EV fleet + 163 from the distance of the trips not covered individuals had to do with their own vehicle.
-------------------------------------------------------------------------
