-------------------------------------------------------------------------
TPs satisfied = 82; Total TPs = 205; Percentage Satisfied + 40.0%
-------------------------------------------------------------------------

-------------------------------------------------------------------------

EVs

-------------------------------------------------------------------------
--------------------------------------
EV1
--------------------------------------
Num TPs served = 52
TPs served = 115 290 749 753 1031 1565 1852 2204 2431 2467 2479 2737 3330 3348 3496 3605 3760 4027 4067 4500 4785 5379 5857 6779 7807 10190 15440 19472 20050 20981 21342 22620 23763 24321 24722 25860 27911 30126 30646 32506 32651 33838 35926 36227 36389 37885 39399 40203 43614 44463 46776 46949
Total energy used = 100
--------------------------------------
Schedule:
0 225 183 558 183 558 0 0 100 100 0 225 0
225 225 183 558 183 558 0 1 100 100 115 32 0
225 226 183 558 184 558 1 0 100 99 -115 32 1
226 567 184 558 184 558 0 0 99 99 0 341 0
567 568 184 558 183 558 0 1 99 98 290 32 1
568 569 183 558 183 558 1 1 98 98 0 1 0
569 570 183 558 184 558 1 0 98 97 -290 32 1
570 1351 184 558 184 558 0 0 97 97 0 781 0
1351 1352 184 558 183 558 0 1 97 96 753 32 1
1352 1352 183 558 183 558 1 2 96 96 749 28 0
1352 1353 183 558 183 559 2 1 96 95 -753 32 1
1353 1355 183 559 184 558 1 0 95 93 -749 27 2
1355 1817 184 558 184 558 0 0 93 93 0 462 0
1817 1818 184 558 183 558 0 1 93 92 1031 32 1
1818 1823 183 558 183 558 1 1 92 92 0 5 0
1823 1825 183 558 185 558 1 0 92 90 -1031 32 2
1825 2265 185 558 185 558 0 0 90 90 0 440 0
2265 2267 185 558 183 558 0 1 90 88 35926 32 2
2267 2269 183 558 183 558 1 1 88 88 0 2 0
2269 2269 183 558 183 558 1 0 88 88 -35926 32 0
2269 2720 183 558 183 558 0 0 88 88 0 451 0
2720 2720 183 558 183 558 0 1 88 88 1565 32 0
2720 2721 183 558 183 558 1 1 88 88 0 1 0
2721 2724 183 558 185 559 1 0 88 85 -1565 32 3
2724 3150 185 559 185 559 0 0 85 85 0 426 0
3150 3153 185 559 183 558 0 1 85 82 36227 32 3
3153 3154 183 558 183 558 1 1 82 82 0 1 0
3154 3154 183 558 183 558 1 0 82 82 -36227 32 0
3154 3241 183 558 183 558 0 0 82 82 0 87 0
3241 3241 183 558 183 558 0 1 82 82 1852 32 0
3241 3242 183 558 184 558 1 0 82 81 -1852 32 1
3242 3623 184 558 184 558 0 0 81 81 0 381 0
3623 3624 184 558 183 558 0 1 81 80 36389 32 1
3624 3625 183 558 183 558 1 1 80 80 0 1 0
3625 3625 183 558 183 558 1 0 80 80 -36389 32 0
3625 3896 183 558 183 558 0 0 80 80 0 271 0
3896 3896 183 558 183 558 0 1 80 80 2204 32 0
3896 3897 183 558 183 559 1 0 80 79 -2204 32 1
3897 4319 183 559 183 559 0 0 79 79 0 422 0
4319 4320 183 559 183 558 0 1 79 78 2431 32 1
4320 4321 183 558 183 558 1 1 78 78 0 1 0
4321 4322 183 558 183 559 1 0 78 77 -2431 32 1
4322 4409 183 559 183 559 0 0 77 77 0 87 0
4409 4410 183 559 183 558 0 1 77 76 2479 32 1
4410 4410 183 558 183 558 1 2 76 76 2467 17 0
4410 4411 183 558 184 558 2 1 76 75 -2479 32 1
4411 4412 184 558 185 558 1 0 75 74 -2467 17 1
4412 4872 185 558 185 558 0 0 74 74 0 460 0
4872 4874 185 558 183 558 0 1 74 72 2737 32 2
4874 4875 183 558 184 558 1 0 72 71 -2737 32 1
4875 5959 184 558 184 558 0 0 71 71 0 1084 0
5959 5960 184 558 183 558 0 1 71 70 3348 32 1
5960 5960 183 558 183 558 1 2 70 70 3330 10 0
5960 5962 183 558 183 558 2 2 70 70 0 2 0
5962 5963 183 558 183 559 2 1 70 69 -3348 32 1
5963 5970 183 559 189 558 1 0 69 62 -3330 10 7
5970 6228 189 558 189 558 0 0 62 62 0 258 0
6228 6234 189 558 183 558 0 1 62 56 3496 32 6
6234 6235 183 558 183 558 1 1 56 56 0 1 0
6235 6236 183 558 184 558 1 0 56 55 -3496 32 1
6236 6479 184 558 184 558 0 0 55 55 0 243 0
6479 6480 184 558 183 558 0 1 55 54 19472 32 1
6480 6480 183 558 183 558 1 2 54 54 3605 6 0
6480 6482 183 558 185 558 2 1 54 52 -19472 32 2
6482 6493 185 558 196 558 1 0 52 41 -3605 7 11
6493 6732 196 558 196 558 0 0 41 41 0 239 0
6732 6745 196 558 183 558 0 1 41 28 3760 32 13
6745 6746 183 558 183 558 1 1 28 28 0 1 0
6746 6747 183 558 184 558 1 0 28 27 -3760 32 1
6747 7238 184 558 184 558 0 0 27 27 0 491 0
7238 7239 184 558 183 558 0 1 27 26 4027 32 1
7239 7241 183 558 183 558 1 1 26 26 0 2 0
7241 7241 183 558 183 558 1 0 26 26 -4027 32 0
7241 7318 183 558 183 558 0 0 26 26 0 77 0
7318 7318 183 558 183 558 0 1 26 26 4067 32 0
7318 7319 183 558 184 558 1 0 26 25 -4067 32 1
7319 7961 184 558 184 558 0 0 25 25 0 642 0
7961 7962 184 558 183 558 0 1 25 24 37885 32 1
7962 7963 183 558 183 558 1 1 24 24 0 1 0
7963 7963 183 558 183 558 1 0 24 24 -37885 32 0
7963 8117 183 558 183 558 0 0 24 24 0 154 0
8117 8117 183 558 183 558 0 1 24 24 4500 32 0
8117 8118 183 558 184 558 1 0 24 23 -4500 32 1
8118 8168 184 558 184 558 0 0 23 23 0 50 0
8168 8169 184 558 183 558 0 1 23 22 20050 32 1
8169 8170 183 558 183 558 1 1 22 22 0 1 0
8170 8170 183 558 183 558 1 0 22 22 -20050 32 0
8170 8685 183 558 183 558 0 0 22 22 0 515 0
8685 8685 183 558 183 558 0 1 22 22 4785 32 0
8685 8688 183 558 185 559 1 0 22 19 -4785 32 3
8688 9784 185 559 185 559 0 0 19 19 0 1096 0
9784 9787 185 559 183 558 0 1 19 16 5379 32 3
9787 9790 183 558 186 558 1 0 16 13 -5379 32 3
9790 10699 186 558 186 558 0 0 13 13 0 909 0
10699 10702 186 558 183 558 0 1 13 10 20981 32 3
10702 10714 183 558 183 558 1 1 10 10 0 12 0
10714 10714 183 558 183 558 1 2 10 10 5857 32 0
10714 10716 183 558 183 560 2 1 10 8 -20981 20 2
10716 10717 183 560 183 561 1 0 8 7 -5857 32 1
10717 11669 183 561 183 561 0 0 7 7 0 952 0
11669 11672 183 561 183 558 0 1 7 4 21342 32 3
11672 11674 183 558 183 558 1 1 4 4 0 2 0
11674 11674 183 558 183 558 1 0 4 4 -21342 32 0
11674 11826 183 558 183 558 0 0 4 4 0 152 0
11826 11826 183 558 183 558 0 1 4 4 39399 32 0
11826 11828 183 558 183 558 1 1 4 4 0 2 0
11828 11828 183 558 183 558 1 0 4 4 -39399 32 0
11828 12530 183 558 183 558 0 0 4 4 0 702 0
12530 12530 183 558 183 558 0 1 4 4 6779 32 0
12530 12532 183 558 183 558 1 1 4 4 0 2 0
12532 12532 183 558 183 558 1 0 4 4 -6779 32 0
12532 13994 183 558 183 558 0 0 4 4 0 1462 0
13994 13994 183 558 183 558 0 1 4 4 40203 32 0
13994 13995 183 558 183 558 1 1 4 4 0 1 0
13995 13995 183 558 183 558 1 0 4 4 -40203 32 0
13995 14785 183 558 183 558 0 0 4 4 0 790 0
14785 14785 183 558 183 558 0 1 4 4 7807 32 0
14785 14786 183 558 184 558 1 0 4 3 -7807 32 1
14786 15051 184 558 184 558 0 0 3 3 0 265 0
15051 15052 184 558 183 558 0 1 3 2 22620 32 1
15052 15053 183 558 183 558 1 1 2 2 0 1 0
15053 15053 183 558 183 558 1 0 2 2 -22620 32 0
15053 17774 183 558 183 558 0 0 2 2 0 2721 0
17774 17774 183 558 183 558 0 1 2 2 23763 32 0
17774 17776 183 558 183 558 1 1 2 2 0 2 0
17776 17776 183 558 183 558 1 0 2 2 -23763 32 0
17776 18990 183 558 183 558 0 0 2 2 0 1214 0
18990 18990 183 558 183 558 0 1 2 2 24321 32 0
18990 18993 183 558 183 558 1 1 2 2 0 3 0
18993 18993 183 558 183 558 1 0 2 2 -24321 32 0
18993 19877 183 558 183 558 0 0 2 2 0 884 0
19877 19877 183 558 183 558 0 1 2 2 24722 32 0
19877 19878 183 558 183 558 1 1 2 2 0 1 0
19878 19878 183 558 183 558 1 0 2 2 -24722 32 0
19878 20939 183 558 183 558 0 0 2 2 0 1061 0
20939 20939 183 558 183 558 0 1 2 2 10190 32 0
20939 20940 183 558 183 558 1 1 2 2 0 1 0
20940 20941 183 558 184 558 1 0 2 1 -10190 32 1
20941 21432 184 558 184 558 0 0 1 1 0 491 0
21432 21433 184 558 183 558 0 1 1 0 43614 32 1
21433 21434 183 558 183 558 1 1 0 0 0 1 0
21434 21434 183 558 183 558 1 0 0 0 -43614 32 0
21434 22352 183 558 183 558 0 0 0 0 0 918 0
22352 22352 183 558 183 558 0 1 0 0 25860 32 0
22352 22355 183 558 183 558 1 1 0 0 0 3 0
22355 22355 183 558 183 558 1 0 0 0 -25860 32 0
22355 23042 183 558 183 558 0 0 0 0 0 687 0
23042 23042 183 558 183 558 0 1 0 0 44463 32 0
23042 23043 183 558 183 558 1 1 0 0 0 1 0
23043 23043 183 558 183 558 1 0 0 0 -44463 32 0
23043 26340 183 558 183 558 0 0 0 0 0 3297 0
26340 26340 183 558 183 558 0 1 0 0 27911 32 0
26340 26341 183 558 183 558 1 1 0 0 0 1 0
26341 26341 183 558 183 558 1 0 0 0 -27911 32 0
26341 27175 183 558 183 558 0 0 0 0 0 834 0
27175 27175 183 558 183 558 0 1 0 0 46776 32 0
27175 27177 183 558 183 558 1 1 0 0 0 2 0
27177 27177 183 558 183 558 1 0 0 0 -46776 32 0
27177 27465 183 558 183 558 0 0 0 0 0 288 0
27465 27465 183 558 183 558 0 1 0 0 46949 32 0
27465 27467 183 558 183 558 1 1 0 0 0 2 0
27467 27467 183 558 183 558 1 0 0 0 -46949 32 0
27467 30721 183 558 183 558 0 0 0 0 0 3254 0
30721 30721 183 558 183 558 0 1 0 0 30126 32 0
30721 30729 183 558 183 558 1 1 0 0 0 8 0
30729 30729 183 558 183 558 1 0 0 0 -30126 32 0
30729 31750 183 558 183 558 0 0 0 0 0 1021 0
31750 31750 183 558 183 558 0 1 0 0 30646 32 0
31750 31751 183 558 183 558 1 1 0 0 0 1 0
31751 31751 183 558 183 558 1 0 0 0 -30646 32 0
31751 35927 183 558 183 558 0 0 0 0 0 4176 0
35927 35927 183 558 183 558 0 1 0 0 32506 32 0
35927 35928 183 558 183 558 1 1 0 0 0 1 0
35928 35928 183 558 183 558 1 0 0 0 -32506 32 0
35928 36276 183 558 183 558 0 0 0 0 0 348 0
36276 36276 183 558 183 558 0 1 0 0 32651 32 0
36276 36277 183 558 183 558 1 1 0 0 0 1 0
36277 36277 183 558 183 558 1 0 0 0 -32651 32 0
36277 39378 183 558 183 558 0 0 0 0 0 3101 0
39378 39378 183 558 183 558 0 1 0 0 33838 32 0
39378 39380 183 558 183 558 1 1 0 0 0 2 0
39380 39380 183 558 183 558 1 0 0 0 -33838 32 0
39380 39516 183 558 183 558 0 0 0 0 0 136 0
39516 39516 183 558 183 558 0 1 0 0 15440 32 0
39516 39517 183 558 183 558 1 1 0 0 0 1 0
39517 39517 183 558 183 558 1 0 0 0 -15440 32 0
39517 43267 183 558 183 558 0 0 0 0 0 3750 0
43267 43267 183 558 183 558 0 0 0 0 1000000000 0 0
--------------------------------------
--------------------------------------
EV2
--------------------------------------
Num TPs served = 10
TPs served = 5352 6400 7263 7857 9479 9686 9839 10484 10522 10712
Total energy used = 100
--------------------------------------
Schedule:
0 9730 183 558 183 558 0 0 100 100 0 9730 0
9730 9730 183 558 183 558 0 1 100 100 5352 32 0
9730 9741 183 558 194 558 1 0 100 89 -5352 32 11
9741 11746 194 558 194 558 0 0 89 89 0 2005 0
11746 11757 194 558 183 558 0 1 89 78 6400 32 11
11757 11760 183 558 186 558 1 0 78 75 -6400 32 3
11760 13603 186 558 186 558 0 0 75 75 0 1843 0
13603 13606 186 558 183 558 0 1 75 72 7263 32 3
13606 13610 183 558 186 559 1 0 72 68 -7263 32 4
13610 14894 186 559 186 559 0 0 68 68 0 1284 0
14894 14898 186 559 183 558 0 1 68 64 7857 32 4
14898 14903 183 558 183 558 1 1 64 64 0 5 0
14903 14906 183 558 184 560 1 0 64 61 -7857 32 3
14906 18968 184 560 184 560 0 0 61 61 0 4062 0
18968 18971 184 560 183 558 0 1 61 58 9479 32 3
18971 18974 183 558 183 558 1 1 58 58 0 3 0
18974 18976 183 558 184 559 1 0 58 56 -9479 32 2
18976 19518 184 559 184 559 0 0 56 56 0 542 0
19518 19520 184 559 183 558 0 1 56 54 9686 32 2
19520 19523 183 558 186 558 1 0 54 51 -9686 32 3
19523 19998 186 558 186 558 0 0 51 51 0 475 0
19998 20001 186 558 183 558 0 1 51 48 9839 32 3
20001 20004 183 558 186 558 1 0 48 45 -9839 32 3
20004 21789 186 558 186 558 0 0 45 45 0 1785 0
21789 21792 186 558 183 558 0 1 45 42 10484 32 3
21792 21793 183 558 183 558 1 1 42 42 0 1 0
21793 21794 183 558 183 559 1 0 42 41 -10484 32 1
21794 21887 183 559 183 559 0 0 41 41 0 93 0
21887 21888 183 559 183 558 0 1 41 40 10522 32 1
21888 21890 183 558 185 558 1 0 40 38 -10522 32 2
21890 22449 185 558 185 558 0 0 38 38 0 559 0
22449 22451 185 558 183 558 0 1 38 36 10712 32 2
22451 22452 183 558 183 558 1 1 36 36 0 1 0
22452 22470 183 558 184 575 1 0 36 18 -10712 32 18
22470 43249 184 575 184 575 0 0 18 18 0 20779 0
43249 43267 184 575 183 558 0 0 18 0 1000000000 0 18
--------------------------------------
--------------------------------------
EV3
--------------------------------------
Num TPs served = 20
TPs served = 10987 11232 11599 11689 11837 12032 12449 12639 13275 14098 14286 15323 15452 15503 15581 16012 16032 16041 16950 27542
Total energy used = 100
--------------------------------------
Schedule:
0 23339 183 558 183 558 0 0 100 100 0 23339 0
23339 23339 183 558 183 558 0 1 100 100 10987 32 0
23339 23340 183 558 183 558 1 1 100 100 0 1 0
23340 23341 183 558 184 558 1 0 100 99 -10987 32 1
23341 24034 184 558 184 558 0 0 99 99 0 693 0
24034 24035 184 558 183 558 0 1 99 98 11232 32 1
24035 24037 183 558 185 558 1 0 98 96 -11232 32 2
24037 25351 185 558 185 558 0 0 96 96 0 1314 0
25351 25353 185 558 183 558 0 1 96 94 11599 32 2
25353 25355 183 558 185 558 1 0 94 92 -11599 32 2
25355 25641 185 558 185 558 0 0 92 92 0 286 0
25641 25643 185 558 183 558 0 1 92 90 27542 32 2
25643 25644 183 558 183 558 1 1 90 90 0 1 0
25644 25644 183 558 183 558 1 2 90 90 11689 32 0
25644 25646 183 558 185 558 2 1 90 88 -27542 31 2
25646 25648 185 558 185 558 1 1 88 88 0 2 0
25648 25659 185 558 192 562 1 0 88 77 -11689 32 11
25659 26122 192 562 192 562 0 0 77 77 0 463 0
26122 26135 192 562 183 558 0 1 77 64 11837 32 13
26135 26140 183 558 187 559 1 0 64 59 -11837 32 5
26140 26842 187 559 187 559 0 0 59 59 0 702 0
26842 26847 187 559 183 558 0 1 59 54 12032 32 5
26847 26849 183 558 183 558 1 1 54 54 0 2 0
26849 26852 183 558 186 558 1 0 54 51 -12032 32 3
26852 28265 186 558 186 558 0 0 51 51 0 1413 0
28265 28268 186 558 183 558 0 1 51 48 12449 32 3
28268 28270 183 558 185 558 1 0 48 46 -12449 32 2
28270 28956 185 558 185 558 0 0 46 46 0 686 0
28956 28958 185 558 183 558 0 1 46 44 12639 32 2
28958 28959 183 558 184 558 1 0 44 43 -12639 32 1
28959 31223 184 558 184 558 0 0 43 43 0 2264 0
31223 31224 184 558 183 558 0 1 43 42 13275 32 1
31224 31225 183 558 184 558 1 0 42 41 -13275 32 1
31225 34350 184 558 184 558 0 0 41 41 0 3125 0
34350 34351 184 558 183 558 0 1 41 40 14098 32 1
34351 34354 183 558 185 559 1 0 40 37 -14098 32 3
34354 35038 185 559 185 559 0 0 37 37 0 684 0
35038 35041 185 559 183 558 0 1 37 34 14286 32 3
35041 35043 183 558 183 558 1 1 34 34 0 2 0
35043 35046 183 558 185 559 1 0 34 31 -14286 32 3
35046 39102 185 559 185 559 0 0 31 31 0 4056 0
39102 39105 185 559 183 558 0 1 31 28 15323 32 3
39105 39106 183 558 184 558 1 0 28 27 -15323 32 1
39106 39544 184 558 184 558 0 0 27 27 0 438 0
39544 39545 184 558 183 558 0 1 27 26 15452 32 1
39545 39548 183 558 183 558 1 1 26 26 0 3 0
39548 39550 183 558 183 560 1 0 26 24 -15452 32 2
39550 39737 183 560 183 560 0 0 24 24 0 187 0
39737 39739 183 560 183 558 0 1 24 22 15503 32 2
39739 39740 183 558 183 559 1 0 22 21 -15503 32 1
39740 39958 183 559 183 559 0 0 21 21 0 218 0
39958 39959 183 559 183 558 0 1 21 20 15581 32 1
39959 39962 183 558 183 561 1 0 20 17 -15581 32 3
39962 40756 183 561 183 561 0 0 17 17 0 794 0
40756 40759 183 561 183 558 0 1 17 14 16012 32 3
40759 40760 183 558 183 558 1 1 14 14 0 1 0
40760 40762 183 558 185 558 1 0 14 12 -16012 32 2
40762 40816 185 558 185 558 0 0 12 12 0 54 0
40816 40818 185 558 183 558 0 1 12 10 16041 32 2
40818 40818 183 558 183 558 1 2 10 10 16032 20 0
40818 40820 183 558 183 560 2 1 10 8 -16041 32 2
40820 40821 183 560 184 560 1 0 8 7 -16032 25 1
40821 42407 184 560 184 560 0 0 7 7 0 1586 0
42407 42410 184 560 183 558 0 1 7 4 16950 32 3
42410 42411 183 558 183 558 1 1 4 4 0 1 0
42411 42413 183 558 184 559 1 0 4 2 -16950 32 2
42413 43265 184 559 184 559 0 0 2 2 0 852 0
43265 43267 184 559 183 558 0 0 2 0 1000000000 0 2
--------------------------------------

-------------------------------------------------------------------------

TPs

-------------------------------------------------------------------------

----------------------
TP115 allocated to 1
----------------------

----------------------
TP290 allocated to 1
----------------------

----------------------
TP749 allocated to 1
----------------------

----------------------
TP753 allocated to 1
----------------------

----------------------
TP1031 allocated to 1
----------------------

----------------------
TP1565 allocated to 1
----------------------

----------------------
TP1852 allocated to 1
----------------------

----------------------
TP2204 allocated to 1
----------------------

----------------------
TP2431 allocated to 1
----------------------

----------------------
TP2467 allocated to 1
----------------------

----------------------
TP2479 allocated to 1
----------------------

----------------------
TP2737 allocated to 1
----------------------

----------------------
TP3330 allocated to 1
----------------------

----------------------
TP3348 allocated to 1
----------------------

----------------------
TP3496 allocated to 1
----------------------

----------------------
TP3605 allocated to 1
----------------------

----------------------
TP3760 allocated to 1
----------------------

----------------------
TP4027 allocated to 1
----------------------

----------------------
TP4067 allocated to 1
----------------------

----------------------
TP4500 allocated to 1
----------------------

----------------------
TP4785 allocated to 1
----------------------

----------------------
TP5352 allocated to 2
----------------------

----------------------
TP5379 allocated to 1
----------------------

----------------------
TP5857 allocated to 1
----------------------

----------------------
TP6400 allocated to 2
----------------------

----------------------
TP6779 allocated to 1
----------------------

----------------------
TP7263 allocated to 2
----------------------

----------------------
TP7807 allocated to 1
----------------------

----------------------
TP7857 allocated to 2
----------------------

----------------------
TP9479 allocated to 2
----------------------

----------------------
TP9686 allocated to 2
----------------------

----------------------
TP9839 allocated to 2
----------------------

----------------------
TP10190 allocated to 1
----------------------

----------------------
TP10484 allocated to 2
----------------------

----------------------
TP10522 allocated to 2
----------------------

----------------------
TP10712 allocated to 2
----------------------

----------------------
TP10987 allocated to 3
----------------------

----------------------
TP11232 allocated to 3
----------------------

----------------------
TP11599 allocated to 3
----------------------

----------------------
TP11689 allocated to 3
----------------------

----------------------
TP11837 allocated to 3
----------------------

----------------------
TP12032 allocated to 3
----------------------

----------------------
TP12449 allocated to 3
----------------------

----------------------
TP12639 allocated to 3
----------------------

----------------------
TP13275 allocated to 3
----------------------

----------------------
TP14098 allocated to 3
----------------------

----------------------
TP14286 allocated to 3
----------------------

----------------------
TP15323 allocated to 3
----------------------

----------------------
TP15440 allocated to 1
----------------------

----------------------
TP15452 allocated to 3
----------------------

----------------------
TP15503 allocated to 3
----------------------

----------------------
TP15581 allocated to 3
----------------------

----------------------
TP16012 allocated to 3
----------------------

----------------------
TP16032 allocated to 3
----------------------

----------------------
TP16041 allocated to 3
----------------------

----------------------
TP16386 not allocated
----------------------

----------------------
TP16950 allocated to 3
----------------------

----------------------
TP17151 not allocated
----------------------

----------------------
TP17587 not allocated
----------------------

----------------------
TP17601 not allocated
----------------------

----------------------
TP17986 not allocated
----------------------

----------------------
TP18037 not allocated
----------------------

----------------------
TP18289 not allocated
----------------------

----------------------
TP18707 not allocated
----------------------

----------------------
TP18871 not allocated
----------------------

----------------------
TP18900 not allocated
----------------------

----------------------
TP19074 not allocated
----------------------

----------------------
TP19472 allocated to 1
----------------------

----------------------
TP19848 not allocated
----------------------

----------------------
TP20050 allocated to 1
----------------------

----------------------
TP20134 not allocated
----------------------

----------------------
TP20912 not allocated
----------------------

----------------------
TP20913 not allocated
----------------------

----------------------
TP20981 allocated to 1
----------------------

----------------------
TP21047 not allocated
----------------------

----------------------
TP21203 not allocated
----------------------

----------------------
TP21342 allocated to 1
----------------------

----------------------
TP21927 not allocated
----------------------

----------------------
TP21947 not allocated
----------------------

----------------------
TP22250 not allocated
----------------------

----------------------
TP22336 not allocated
----------------------

----------------------
TP22339 not allocated
----------------------

----------------------
TP22475 not allocated
----------------------

----------------------
TP22518 not allocated
----------------------

----------------------
TP22551 not allocated
----------------------

----------------------
TP22620 allocated to 1
----------------------

----------------------
TP22999 not allocated
----------------------

----------------------
TP23019 not allocated
----------------------

----------------------
TP23325 not allocated
----------------------

----------------------
TP23706 not allocated
----------------------

----------------------
TP23760 not allocated
----------------------

----------------------
TP23763 allocated to 1
----------------------

----------------------
TP24321 allocated to 1
----------------------

----------------------
TP24402 not allocated
----------------------

----------------------
TP24536 not allocated
----------------------

----------------------
TP24722 allocated to 1
----------------------

----------------------
TP24728 not allocated
----------------------

----------------------
TP25103 not allocated
----------------------

----------------------
TP25860 allocated to 1
----------------------

----------------------
TP25985 not allocated
----------------------

----------------------
TP26567 not allocated
----------------------

----------------------
TP27542 allocated to 3
----------------------

----------------------
TP27621 not allocated
----------------------

----------------------
TP27840 not allocated
----------------------

----------------------
TP27841 not allocated
----------------------

----------------------
TP27911 allocated to 1
----------------------

----------------------
TP28140 not allocated
----------------------

----------------------
TP28530 not allocated
----------------------

----------------------
TP28547 not allocated
----------------------

----------------------
TP28548 not allocated
----------------------

----------------------
TP28574 not allocated
----------------------

----------------------
TP28692 not allocated
----------------------

----------------------
TP28709 not allocated
----------------------

----------------------
TP28982 not allocated
----------------------

----------------------
TP29635 not allocated
----------------------

----------------------
TP30074 not allocated
----------------------

----------------------
TP30126 allocated to 1
----------------------

----------------------
TP30646 allocated to 1
----------------------

----------------------
TP31005 not allocated
----------------------

----------------------
TP31168 not allocated
----------------------

----------------------
TP31854 not allocated
----------------------

----------------------
TP31989 not allocated
----------------------

----------------------
TP32120 not allocated
----------------------

----------------------
TP32506 allocated to 1
----------------------

----------------------
TP32651 allocated to 1
----------------------

----------------------
TP32708 not allocated
----------------------

----------------------
TP32954 not allocated
----------------------

----------------------
TP33366 not allocated
----------------------

----------------------
TP33491 not allocated
----------------------

----------------------
TP33611 not allocated
----------------------

----------------------
TP33709 not allocated
----------------------

----------------------
TP33783 not allocated
----------------------

----------------------
TP33838 allocated to 1
----------------------

----------------------
TP34165 not allocated
----------------------

----------------------
TP34966 not allocated
----------------------

----------------------
TP35016 not allocated
----------------------

----------------------
TP35021 not allocated
----------------------

----------------------
TP35410 not allocated
----------------------

----------------------
TP35808 not allocated
----------------------

----------------------
TP35926 allocated to 1
----------------------

----------------------
TP36209 not allocated
----------------------

----------------------
TP36227 allocated to 1
----------------------

----------------------
TP36302 not allocated
----------------------

----------------------
TP36389 allocated to 1
----------------------

----------------------
TP36545 not allocated
----------------------

----------------------
TP36691 not allocated
----------------------

----------------------
TP36952 not allocated
----------------------

----------------------
TP37050 not allocated
----------------------

----------------------
TP37689 not allocated
----------------------

----------------------
TP37885 allocated to 1
----------------------

----------------------
TP38015 not allocated
----------------------

----------------------
TP38695 not allocated
----------------------

----------------------
TP38831 not allocated
----------------------

----------------------
TP39399 allocated to 1
----------------------

----------------------
TP39555 not allocated
----------------------

----------------------
TP39643 not allocated
----------------------

----------------------
TP39716 not allocated
----------------------

----------------------
TP39858 not allocated
----------------------

----------------------
TP39979 not allocated
----------------------

----------------------
TP40203 allocated to 1
----------------------

----------------------
TP40205 not allocated
----------------------

----------------------
TP40236 not allocated
----------------------

----------------------
TP40347 not allocated
----------------------

----------------------
TP40350 not allocated
----------------------

----------------------
TP40437 not allocated
----------------------

----------------------
TP40776 not allocated
----------------------

----------------------
TP41576 not allocated
----------------------

----------------------
TP41731 not allocated
----------------------

----------------------
TP41884 not allocated
----------------------

----------------------
TP41922 not allocated
----------------------

----------------------
TP42167 not allocated
----------------------

----------------------
TP42534 not allocated
----------------------

----------------------
TP42558 not allocated
----------------------

----------------------
TP42584 not allocated
----------------------

----------------------
TP42726 not allocated
----------------------

----------------------
TP43045 not allocated
----------------------

----------------------
TP43090 not allocated
----------------------

----------------------
TP43221 not allocated
----------------------

----------------------
TP43614 allocated to 1
----------------------

----------------------
TP43783 not allocated
----------------------

----------------------
TP44098 not allocated
----------------------

----------------------
TP44242 not allocated
----------------------

----------------------
TP44463 allocated to 1
----------------------

----------------------
TP44470 not allocated
----------------------

----------------------
TP44726 not allocated
----------------------

----------------------
TP44839 not allocated
----------------------

----------------------
TP44976 not allocated
----------------------

----------------------
TP45030 not allocated
----------------------

----------------------
TP45215 not allocated
----------------------

----------------------
TP46125 not allocated
----------------------

----------------------
TP46664 not allocated
----------------------

----------------------
TP46776 allocated to 1
----------------------

----------------------
TP46840 not allocated
----------------------

----------------------
TP46845 not allocated
----------------------

----------------------
TP46949 allocated to 1
----------------------

----------------------
TP46956 not allocated
----------------------

----------------------
TP47240 not allocated
----------------------

----------------------
TP47381 not allocated
----------------------

----------------------
TP47760 not allocated
----------------------

----------------------
TP48285 not allocated
----------------------

----------------------
TP48331 not allocated
----------------------

----------------------
TP48544 not allocated
----------------------

----------------------
TP48597 not allocated
----------------------

----------------------
TP48725 not allocated
----------------------

----------------------
TP48991 not allocated
----------------------

-------------------------------------------------------------------------

Ride-sharing vs Individual Mode - Num Vehicles and Distance Comparisson 

-------------------------------------------------------------------------
Individual Mode = 205 vehicles.
Ride-sharing Mode = 126 vehicles. The 3 ride-sharing vehicles + 123 vehicles of the individuals not served by the ride-sharing service.
-------------------------------------------------------------------------
Individual Mode = 488 distance.
Ride-sharing Mode = 629 distance. 300 from the EV fleet + 329 from the distance of the trips not covered individuals had to do with their own vehicle.
-------------------------------------------------------------------------
