-------------------------------------------------------------------------
TPs satisfied = 56; Total TPs = 184; Percentage Satisfied + 30.4%
-------------------------------------------------------------------------

-------------------------------------------------------------------------

EVs

-------------------------------------------------------------------------
--------------------------------------
EV1
--------------------------------------
Num TPs served = 41
TPs served = 278 366 570 614 680 1414 1507 1528 1559 2101 2269 2295 2325 2914 3951 4407 4640 5729 5777 9372 10558 15058 15658 16268 18292 19155 24230 26645 28227 29489 30469 32568 36341 36421 36529 36680 36751 38373 39061 43119 48635
Total energy used = 100
--------------------------------------
Schedule:
0 548 732 744 732 744 0 0 100 100 0 548 0
548 548 732 744 732 744 0 1 100 100 278 32 0
548 561 732 744 740 749 1 0 100 87 -278 32 13
561 681 740 749 740 749 0 0 87 87 0 120 0
681 694 740 749 732 744 0 1 87 74 366 32 13
694 696 732 744 734 744 1 0 74 72 -366 32 2
696 1023 734 744 734 744 0 0 72 72 0 327 0
1023 1025 734 744 732 744 0 1 72 70 570 32 2
1025 1026 732 744 732 744 1 1 70 70 0 1 0
1026 1027 732 744 732 745 1 0 70 69 -570 32 1
1027 1102 732 745 732 745 0 0 69 69 0 75 0
1102 1103 732 745 732 744 0 1 69 68 614 32 1
1103 1106 732 744 732 744 1 1 68 68 0 3 0
1106 1108 732 744 734 744 1 0 68 66 -614 32 2
1108 1217 734 744 734 744 0 0 66 66 0 109 0
1217 1219 734 744 732 744 0 1 66 64 680 32 2
1219 1220 732 744 732 744 1 1 64 64 0 1 0
1220 1221 732 744 733 744 1 0 64 63 -680 32 1
1221 2463 733 744 733 744 0 0 63 63 0 1242 0
2463 2464 733 744 732 744 0 1 63 62 1414 32 1
2464 2467 732 744 732 744 1 1 62 62 0 3 0
2467 2467 732 744 732 744 1 0 62 62 -1414 32 0
2467 2660 732 744 732 744 0 0 62 62 0 193 0
2660 2660 732 744 732 744 0 1 62 62 1528 32 0
2660 2660 732 744 732 744 1 2 62 62 1507 5 0
2660 2661 732 744 732 745 2 1 62 61 -1528 32 1
2661 2664 732 745 734 744 1 0 61 58 -1507 3 3
2664 2724 734 744 734 744 0 0 58 58 0 60 0
2724 2726 734 744 732 744 0 1 58 56 18292 32 2
2726 2726 732 744 732 744 1 2 56 56 1559 16 0
2726 2728 732 744 732 744 2 2 56 56 0 2 0
2728 2729 732 744 733 744 2 1 56 55 -18292 32 1
2729 2731 733 744 734 745 1 0 55 53 -1559 14 2
2731 3482 734 745 734 745 0 0 53 53 0 751 0
3482 3485 734 745 732 744 0 1 53 50 36341 32 3
3485 3487 732 744 732 744 1 1 50 50 0 2 0
3487 3487 732 744 732 744 1 0 50 50 -36341 32 0
3487 3692 732 744 732 744 0 0 50 50 0 205 0
3692 3692 732 744 732 744 0 1 50 50 2101 32 0
3692 3726 732 744 732 744 1 1 50 50 0 34 0
3726 3726 732 744 732 744 1 2 50 50 36421 32 0
3726 3727 732 744 733 744 2 1 50 49 -2101 0 1
3727 3728 733 744 733 744 1 1 49 49 0 1 0
3728 3728 733 744 733 744 1 0 49 49 -36421 32 0
3728 4013 733 744 733 744 0 0 49 49 0 285 0
4013 4014 733 744 732 744 0 1 49 48 36529 32 1
4014 4025 732 744 732 744 1 1 48 48 0 11 0
4025 4025 732 744 732 744 1 2 48 48 2269 32 0
4025 4026 732 744 733 744 2 1 48 47 -36529 21 1
4026 4027 733 744 734 744 1 0 47 46 -2269 32 1
4027 4066 734 744 734 744 0 0 46 46 0 39 0
4066 4068 734 744 732 744 0 1 46 44 2295 32 2
4068 4080 732 744 742 746 1 0 44 32 -2295 32 12
4080 4119 742 746 742 746 0 0 32 32 0 39 0
4119 4131 742 746 732 744 0 1 32 20 2325 32 12
4131 4133 732 744 734 744 1 0 20 18 -2325 32 2
4133 4525 734 744 734 744 0 0 18 18 0 392 0
4525 4527 734 744 732 744 0 1 18 16 36680 32 2
4527 4528 732 744 732 744 1 1 16 16 0 1 0
4528 4528 732 744 732 744 1 0 16 16 -36680 32 0
4528 4725 732 744 732 744 0 0 16 16 0 197 0
4725 4725 732 744 732 744 0 1 16 16 36751 32 0
4725 4726 732 744 732 744 1 1 16 16 0 1 0
4726 4726 732 744 732 744 1 0 16 16 -36751 32 0
4726 5190 732 744 732 744 0 0 16 16 0 464 0
5190 5190 732 744 732 744 0 1 16 16 2914 32 0
5190 5192 732 744 732 744 1 1 16 16 0 2 0
5192 5194 732 744 734 744 1 0 16 14 -2914 32 2
5194 5479 734 744 734 744 0 0 14 14 0 285 0
5479 5481 734 744 732 744 0 1 14 12 19155 32 2
5481 5482 732 744 732 744 1 1 12 12 0 1 0
5482 5482 732 744 732 744 1 0 12 12 -19155 32 0
5482 7092 732 744 732 744 0 0 12 12 0 1610 0
7092 7092 732 744 732 744 0 1 12 12 3951 32 0
7092 7096 732 744 735 745 1 0 12 8 -3951 32 4
7096 7929 735 745 735 745 0 0 8 8 0 833 0
7929 7933 735 745 732 744 0 1 8 4 4407 32 4
7933 7934 732 744 732 745 1 0 4 3 -4407 32 1
7934 8390 732 745 732 745 0 0 3 3 0 456 0
8390 8391 732 745 732 744 0 1 3 2 4640 32 1
8391 8392 732 744 732 744 1 1 2 2 0 1 0
8392 8392 732 744 732 744 1 0 2 2 -4640 32 0
8392 9287 732 744 732 744 0 0 2 2 0 895 0
9287 9287 732 744 732 744 0 1 2 2 38373 32 0
9287 9290 732 744 732 744 1 1 2 2 0 3 0
9290 9290 732 744 732 744 1 0 2 2 -38373 32 0
9290 10475 732 744 732 744 0 0 2 2 0 1185 0
10475 10475 732 744 732 744 0 1 2 2 5729 32 0
10475 10476 732 744 732 744 1 1 2 2 0 1 0
10476 10476 732 744 732 744 1 0 2 2 -5729 32 0
10476 10569 732 744 732 744 0 0 2 2 0 93 0
10569 10569 732 744 732 744 0 1 2 2 5777 32 0
10569 10570 732 744 732 744 1 1 2 2 0 1 0
10570 10571 732 744 733 744 1 0 2 1 -5777 32 1
10571 10989 733 744 733 744 0 0 1 1 0 418 0
10989 10990 733 744 732 744 0 1 1 0 39061 32 1
10990 10992 732 744 732 744 1 1 0 0 0 2 0
10992 10992 732 744 732 744 1 0 0 0 -39061 32 0
10992 18677 732 744 732 744 0 0 0 0 0 7685 0
18677 18677 732 744 732 744 0 1 0 0 9372 32 0
18677 18684 732 744 732 744 1 1 0 0 0 7 0
18684 18684 732 744 732 744 1 0 0 0 -9372 32 0
18684 18775 732 744 732 744 0 0 0 0 0 91 0
18775 18775 732 744 732 744 0 1 0 0 24230 32 0
18775 18777 732 744 732 744 1 1 0 0 0 2 0
18777 18777 732 744 732 744 1 0 0 0 -24230 32 0
18777 20448 732 744 732 744 0 0 0 0 0 1671 0
20448 20448 732 744 732 744 0 1 0 0 43119 32 0
20448 20451 732 744 732 744 1 1 0 0 0 3 0
20451 20451 732 744 732 744 1 0 0 0 -43119 32 0
20451 21966 732 744 732 744 0 0 0 0 0 1515 0
21966 21966 732 744 732 744 0 1 0 0 10558 32 0
21966 21968 732 744 732 744 1 1 0 0 0 2 0
21968 21968 732 744 732 744 1 0 0 0 -10558 32 0
21968 23951 732 744 732 744 0 0 0 0 0 1983 0
23951 23951 732 744 732 744 0 1 0 0 26645 32 0
23951 23953 732 744 732 744 1 1 0 0 0 2 0
23953 23953 732 744 732 744 1 0 0 0 -26645 32 0
23953 26959 732 744 732 744 0 0 0 0 0 3006 0
26959 26959 732 744 732 744 0 1 0 0 28227 32 0
26959 26960 732 744 732 744 1 1 0 0 0 1 0
26960 26960 732 744 732 744 1 0 0 0 -28227 32 0
26960 29498 732 744 732 744 0 0 0 0 0 2538 0
29498 29498 732 744 732 744 0 1 0 0 29489 32 0
29498 29499 732 744 732 744 1 1 0 0 0 1 0
29499 29499 732 744 732 744 1 0 0 0 -29489 32 0
29499 30371 732 744 732 744 0 0 0 0 0 872 0
30371 30371 732 744 732 744 0 1 0 0 48635 32 0
30371 30376 732 744 732 744 1 1 0 0 0 5 0
30376 30376 732 744 732 744 1 0 0 0 -48635 32 0
30376 31378 732 744 732 744 0 0 0 0 0 1002 0
31378 31378 732 744 732 744 0 1 0 0 30469 32 0
31378 31380 732 744 732 744 1 1 0 0 0 2 0
31380 31380 732 744 732 744 1 0 0 0 -30469 32 0
31380 36078 732 744 732 744 0 0 0 0 0 4698 0
36078 36078 732 744 732 744 0 1 0 0 32568 32 0
36078 36080 732 744 732 744 1 1 0 0 0 2 0
36080 36080 732 744 732 744 1 0 0 0 -32568 32 0
36080 38002 732 744 732 744 0 0 0 0 0 1922 0
38002 38002 732 744 732 744 0 1 0 0 15058 32 0
38002 38004 732 744 732 744 1 1 0 0 0 2 0
38004 38004 732 744 732 744 1 0 0 0 -15058 32 0
38004 40134 732 744 732 744 0 0 0 0 0 2130 0
40134 40134 732 744 732 744 0 1 0 0 15658 32 0
40134 40138 732 744 732 744 1 1 0 0 0 4 0
40138 40138 732 744 732 744 1 0 0 0 -15658 32 0
40138 41215 732 744 732 744 0 0 0 0 0 1077 0
41215 41215 732 744 732 744 0 1 0 0 16268 32 0
41215 41216 732 744 732 744 1 1 0 0 0 1 0
41216 41216 732 744 732 744 1 0 0 0 -16268 32 0
41216 43267 732 744 732 744 0 0 0 0 0 2051 0
43267 43267 732 744 732 744 0 0 0 0 1000000000 0 0
--------------------------------------
--------------------------------------
EV2
--------------------------------------
Num TPs served = 15
TPs served = 4805 6059 6456 7148 7849 7900 8108 8402 8577 8611 8886 9027 9452 9502 24354
Total energy used = 100
--------------------------------------
Schedule:
0 8716 732 744 732 744 0 0 100 100 0 8716 0
8716 8716 732 744 732 744 0 1 100 100 4805 32 0
8716 8718 732 744 732 746 1 0 100 98 -4805 32 2
8718 11098 732 746 732 746 0 0 98 98 0 2380 0
11098 11100 732 746 732 744 0 1 98 96 6059 32 2
11100 11101 732 744 733 744 1 0 96 95 -6059 32 1
11101 11845 733 744 733 744 0 0 95 95 0 744 0
11845 11846 733 744 732 744 0 1 95 94 6456 32 1
11846 11850 732 744 732 744 1 1 94 94 0 4 0
11850 11853 732 744 733 746 1 0 94 91 -6456 32 3
11853 13339 733 746 733 746 0 0 91 91 0 1486 0
13339 13342 733 746 732 744 0 1 91 88 7148 32 3
13342 13343 732 744 732 744 1 1 88 88 0 1 0
13343 13349 732 744 733 749 1 0 88 82 -7148 32 6
13349 14879 733 749 733 749 0 0 82 82 0 1530 0
14879 14885 733 749 732 744 0 1 82 76 7849 32 6
14885 14887 732 744 734 744 1 0 76 74 -7849 32 2
14887 14980 734 744 734 744 0 0 74 74 0 93 0
14980 14982 734 744 732 744 0 1 74 72 7900 32 2
14982 14984 732 744 732 744 1 1 72 72 0 2 0
14984 14992 732 744 737 747 1 0 72 64 -7900 32 8
14992 15467 737 747 737 747 0 0 64 64 0 475 0
15467 15475 737 747 732 744 0 1 64 56 8108 32 8
15475 15478 732 744 735 744 1 0 56 53 -8108 32 3
15478 16147 735 744 735 744 0 0 53 53 0 669 0
16147 16150 735 744 732 744 0 1 53 50 8402 32 3
16150 16152 732 744 733 745 1 0 50 48 -8402 32 2
16152 16556 733 745 733 745 0 0 48 48 0 404 0
16556 16558 733 745 732 744 0 1 48 46 8577 32 2
16558 16560 732 744 733 745 1 0 46 44 -8577 32 2
16560 16647 733 745 733 745 0 0 44 44 0 87 0
16647 16649 733 745 732 744 0 1 44 42 8611 32 2
16649 16652 732 744 732 744 1 1 42 42 0 3 0
16652 16655 732 744 734 745 1 0 42 39 -8611 32 3
16655 17348 734 745 734 745 0 0 39 39 0 693 0
17348 17351 734 745 732 744 0 1 39 36 8886 32 3
17351 17353 732 744 732 744 1 1 36 36 0 2 0
17353 17356 732 744 734 745 1 0 36 33 -8886 32 3
17356 17702 734 745 734 745 0 0 33 33 0 346 0
17702 17705 734 745 732 744 0 1 33 30 9027 32 3
17705 17706 732 744 732 744 1 1 30 30 0 1 0
17706 17709 732 744 734 745 1 0 30 27 -9027 32 3
17709 18882 734 745 734 745 0 0 27 27 0 1173 0
18882 18885 734 745 732 744 0 1 27 24 9452 32 3
18885 18894 732 744 741 744 1 0 24 15 -9452 32 9
18894 19021 741 744 741 744 0 0 15 15 0 127 0
19021 19030 741 744 732 744 0 1 15 6 9502 32 9
19030 19059 732 744 732 744 1 1 6 6 0 29 0
19059 19059 732 744 732 744 1 2 6 6 24354 32 0
19059 19060 732 744 733 744 2 1 6 5 -24354 32 1
19060 19062 733 744 735 744 1 0 5 3 -9502 3 2
19062 43264 735 744 735 744 0 0 3 3 0 24202 0
43264 43267 735 744 732 744 0 0 3 0 1000000000 0 3
--------------------------------------

-------------------------------------------------------------------------

TPs

-------------------------------------------------------------------------

----------------------
TP278 allocated to 1
----------------------

----------------------
TP366 allocated to 1
----------------------

----------------------
TP570 allocated to 1
----------------------

----------------------
TP614 allocated to 1
----------------------

----------------------
TP680 allocated to 1
----------------------

----------------------
TP1414 allocated to 1
----------------------

----------------------
TP1507 allocated to 1
----------------------

----------------------
TP1528 allocated to 1
----------------------

----------------------
TP1559 allocated to 1
----------------------

----------------------
TP2101 allocated to 1
----------------------

----------------------
TP2269 allocated to 1
----------------------

----------------------
TP2295 allocated to 1
----------------------

----------------------
TP2325 allocated to 1
----------------------

----------------------
TP2914 allocated to 1
----------------------

----------------------
TP3951 allocated to 1
----------------------

----------------------
TP4407 allocated to 1
----------------------

----------------------
TP4640 allocated to 1
----------------------

----------------------
TP4805 allocated to 2
----------------------

----------------------
TP5729 allocated to 1
----------------------

----------------------
TP5777 allocated to 1
----------------------

----------------------
TP6059 allocated to 2
----------------------

----------------------
TP6456 allocated to 2
----------------------

----------------------
TP7148 allocated to 2
----------------------

----------------------
TP7849 allocated to 2
----------------------

----------------------
TP7900 allocated to 2
----------------------

----------------------
TP8108 allocated to 2
----------------------

----------------------
TP8402 allocated to 2
----------------------

----------------------
TP8577 allocated to 2
----------------------

----------------------
TP8611 allocated to 2
----------------------

----------------------
TP8886 allocated to 2
----------------------

----------------------
TP9027 allocated to 2
----------------------

----------------------
TP9372 allocated to 1
----------------------

----------------------
TP9452 allocated to 2
----------------------

----------------------
TP9502 allocated to 2
----------------------

----------------------
TP9706 not allocated
----------------------

----------------------
TP10558 allocated to 1
----------------------

----------------------
TP10561 not allocated
----------------------

----------------------
TP10942 not allocated
----------------------

----------------------
TP10960 not allocated
----------------------

----------------------
TP11305 not allocated
----------------------

----------------------
TP12250 not allocated
----------------------

----------------------
TP12320 not allocated
----------------------

----------------------
TP12376 not allocated
----------------------

----------------------
TP12441 not allocated
----------------------

----------------------
TP12549 not allocated
----------------------

----------------------
TP12551 not allocated
----------------------

----------------------
TP13722 not allocated
----------------------

----------------------
TP13852 not allocated
----------------------

----------------------
TP14198 not allocated
----------------------

----------------------
TP14464 not allocated
----------------------

----------------------
TP14478 not allocated
----------------------

----------------------
TP14571 not allocated
----------------------

----------------------
TP14822 not allocated
----------------------

----------------------
TP15058 allocated to 1
----------------------

----------------------
TP15132 not allocated
----------------------

----------------------
TP15658 allocated to 1
----------------------

----------------------
TP15850 not allocated
----------------------

----------------------
TP15959 not allocated
----------------------

----------------------
TP16120 not allocated
----------------------

----------------------
TP16268 allocated to 1
----------------------

----------------------
TP16300 not allocated
----------------------

----------------------
TP16517 not allocated
----------------------

----------------------
TP16608 not allocated
----------------------

----------------------
TP16774 not allocated
----------------------

----------------------
TP16905 not allocated
----------------------

----------------------
TP17510 not allocated
----------------------

----------------------
TP18164 not allocated
----------------------

----------------------
TP18292 allocated to 1
----------------------

----------------------
TP18569 not allocated
----------------------

----------------------
TP18571 not allocated
----------------------

----------------------
TP19155 allocated to 1
----------------------

----------------------
TP19237 not allocated
----------------------

----------------------
TP19338 not allocated
----------------------

----------------------
TP19481 not allocated
----------------------

----------------------
TP19494 not allocated
----------------------

----------------------
TP19614 not allocated
----------------------

----------------------
TP19622 not allocated
----------------------

----------------------
TP19802 not allocated
----------------------

----------------------
TP19976 not allocated
----------------------

----------------------
TP20450 not allocated
----------------------

----------------------
TP20939 not allocated
----------------------

----------------------
TP21383 not allocated
----------------------

----------------------
TP21553 not allocated
----------------------

----------------------
TP21675 not allocated
----------------------

----------------------
TP22270 not allocated
----------------------

----------------------
TP22331 not allocated
----------------------

----------------------
TP22340 not allocated
----------------------

----------------------
TP22951 not allocated
----------------------

----------------------
TP23327 not allocated
----------------------

----------------------
TP23404 not allocated
----------------------

----------------------
TP23702 not allocated
----------------------

----------------------
TP23879 not allocated
----------------------

----------------------
TP24143 not allocated
----------------------

----------------------
TP24220 not allocated
----------------------

----------------------
TP24230 allocated to 1
----------------------

----------------------
TP24354 allocated to 2
----------------------

----------------------
TP25064 not allocated
----------------------

----------------------
TP25432 not allocated
----------------------

----------------------
TP26227 not allocated
----------------------

----------------------
TP26532 not allocated
----------------------

----------------------
TP26645 allocated to 1
----------------------

----------------------
TP27237 not allocated
----------------------

----------------------
TP27980 not allocated
----------------------

----------------------
TP28227 allocated to 1
----------------------

----------------------
TP28287 not allocated
----------------------

----------------------
TP28295 not allocated
----------------------

----------------------
TP28519 not allocated
----------------------

----------------------
TP28763 not allocated
----------------------

----------------------
TP28882 not allocated
----------------------

----------------------
TP29001 not allocated
----------------------

----------------------
TP29358 not allocated
----------------------

----------------------
TP29472 not allocated
----------------------

----------------------
TP29489 allocated to 1
----------------------

----------------------
TP29517 not allocated
----------------------

----------------------
TP30469 allocated to 1
----------------------

----------------------
TP30559 not allocated
----------------------

----------------------
TP30791 not allocated
----------------------

----------------------
TP30981 not allocated
----------------------

----------------------
TP30996 not allocated
----------------------

----------------------
TP31542 not allocated
----------------------

----------------------
TP31866 not allocated
----------------------

----------------------
TP31875 not allocated
----------------------

----------------------
TP32139 not allocated
----------------------

----------------------
TP32280 not allocated
----------------------

----------------------
TP32568 allocated to 1
----------------------

----------------------
TP32697 not allocated
----------------------

----------------------
TP32794 not allocated
----------------------

----------------------
TP32939 not allocated
----------------------

----------------------
TP33368 not allocated
----------------------

----------------------
TP33514 not allocated
----------------------

----------------------
TP33533 not allocated
----------------------

----------------------
TP33751 not allocated
----------------------

----------------------
TP33785 not allocated
----------------------

----------------------
TP33867 not allocated
----------------------

----------------------
TP34269 not allocated
----------------------

----------------------
TP34739 not allocated
----------------------

----------------------
TP35221 not allocated
----------------------

----------------------
TP36341 allocated to 1
----------------------

----------------------
TP36421 allocated to 1
----------------------

----------------------
TP36529 allocated to 1
----------------------

----------------------
TP36680 allocated to 1
----------------------

----------------------
TP36751 allocated to 1
----------------------

----------------------
TP36958 not allocated
----------------------

----------------------
TP37205 not allocated
----------------------

----------------------
TP37884 not allocated
----------------------

----------------------
TP38284 not allocated
----------------------

----------------------
TP38373 allocated to 1
----------------------

----------------------
TP38388 not allocated
----------------------

----------------------
TP39061 allocated to 1
----------------------

----------------------
TP39131 not allocated
----------------------

----------------------
TP39206 not allocated
----------------------

----------------------
TP39413 not allocated
----------------------

----------------------
TP39541 not allocated
----------------------

----------------------
TP39935 not allocated
----------------------

----------------------
TP40599 not allocated
----------------------

----------------------
TP41791 not allocated
----------------------

----------------------
TP42724 not allocated
----------------------

----------------------
TP42786 not allocated
----------------------

----------------------
TP42888 not allocated
----------------------

----------------------
TP43119 allocated to 1
----------------------

----------------------
TP43124 not allocated
----------------------

----------------------
TP43226 not allocated
----------------------

----------------------
TP43543 not allocated
----------------------

----------------------
TP43942 not allocated
----------------------

----------------------
TP44348 not allocated
----------------------

----------------------
TP44667 not allocated
----------------------

----------------------
TP44865 not allocated
----------------------

----------------------
TP44981 not allocated
----------------------

----------------------
TP45237 not allocated
----------------------

----------------------
TP45349 not allocated
----------------------

----------------------
TP45683 not allocated
----------------------

----------------------
TP45941 not allocated
----------------------

----------------------
TP47010 not allocated
----------------------

----------------------
TP47695 not allocated
----------------------

----------------------
TP48068 not allocated
----------------------

----------------------
TP48144 not allocated
----------------------

----------------------
TP48635 allocated to 1
----------------------

----------------------
TP48673 not allocated
----------------------

----------------------
TP48716 not allocated
----------------------

----------------------
TP48911 not allocated
----------------------

----------------------
TP49021 not allocated
----------------------

----------------------
TP49138 not allocated
----------------------

----------------------
TP49294 not allocated
----------------------

----------------------
TP49648 not allocated
----------------------

-------------------------------------------------------------------------

Ride-sharing vs Individual Mode - Num Vehicles and Distance Comparisson 

-------------------------------------------------------------------------
Individual Mode = 184 vehicles.
Ride-sharing Mode = 130 vehicles. The 2 ride-sharing vehicles + 128 vehicles of the individuals not served by the ride-sharing service.
-------------------------------------------------------------------------
Individual Mode = 500 distance.
Ride-sharing Mode = 596 distance. 200 from the EV fleet + 396 from the distance of the trips not covered individuals had to do with their own vehicle.
-------------------------------------------------------------------------
