-------------------------------------------------------------------------
TPs satisfied = 192; Total TPs = 192; Percentage Satisfied + 100.0%
-------------------------------------------------------------------------

-------------------------------------------------------------------------

EVs

-------------------------------------------------------------------------
--------------------------------------
EV1
--------------------------------------
Num TPs served = 37
TPs served = 70 72 756 1077 1133 1357 1495 1568 1849 2209 2345 2936 3128 3518 4003 5858 9246 10166 11396 12293 13107 15390 17565 18608 20907 27029 29356 29597 32170 32529 33957 37991 39183 41976 42519 46402 49562
Total energy used = 100
--------------------------------------
Schedule:
0 155 732 62 732 62 0 0 100 100 0 155 0
155 155 732 62 732 62 0 1 100 100 72 32 0
155 155 732 62 732 62 1 2 100 100 70 29 0
155 157 732 62 732 62 2 2 100 100 0 2 0
157 158 732 62 732 63 2 1 100 99 -72 32 1
158 160 732 63 733 62 1 0 99 97 -70 25 2
160 474 733 62 733 62 0 0 97 97 0 314 0
474 475 733 62 732 62 0 1 97 96 17565 32 1
475 476 732 62 732 62 1 1 96 96 0 1 0
476 476 732 62 732 62 1 0 96 96 -17565 32 0
476 1356 732 62 732 62 0 0 96 96 0 880 0
1356 1356 732 62 732 62 0 1 96 96 756 32 0
1356 1360 732 62 732 62 1 1 96 96 0 4 0
1360 1361 732 62 733 62 1 0 96 95 -756 32 1
1361 1884 733 62 733 62 0 0 95 95 0 523 0
1884 1885 733 62 732 62 0 1 95 94 1077 32 1
1885 1889 732 62 736 62 1 0 94 90 -1077 32 4
1889 1973 736 62 736 62 0 0 90 90 0 84 0
1973 1977 736 62 732 62 0 1 90 86 1133 32 4
1977 1978 732 62 732 62 1 1 86 86 0 1 0
1978 1980 732 62 734 62 1 0 86 84 -1133 32 2
1980 2379 734 62 734 62 0 0 84 84 0 399 0
2379 2381 734 62 732 62 0 1 84 82 1357 32 2
2381 2388 732 62 732 62 1 1 82 82 0 7 0
2388 2405 732 62 740 71 1 0 82 65 -1357 32 17
2405 2597 740 71 740 71 0 0 65 65 0 192 0
2597 2614 740 71 732 62 0 1 65 48 1495 32 17
2614 2622 732 62 740 62 1 0 48 40 -1495 32 8
2622 2715 740 62 740 62 0 0 40 40 0 93 0
2715 2723 740 62 732 62 0 1 40 32 1568 32 8
2723 2724 732 62 732 62 1 1 32 32 0 1 0
2724 2724 732 62 732 62 1 0 32 32 -1568 32 0
2724 3237 732 62 732 62 0 0 32 32 0 513 0
3237 3237 732 62 732 62 0 1 32 32 1849 32 0
3237 3239 732 62 732 62 1 1 32 32 0 2 0
3239 3245 732 62 734 66 1 0 32 26 -1849 32 6
3245 3727 734 66 734 66 0 0 26 26 0 482 0
3727 3733 734 66 732 62 0 1 26 20 18608 32 6
3733 3735 732 62 732 62 1 1 20 20 0 2 0
3735 3735 732 62 732 62 1 0 20 20 -18608 32 0
3735 3906 732 62 732 62 0 0 20 20 0 171 0
3906 3906 732 62 732 62 0 1 20 20 2209 32 0
3906 3907 732 62 733 62 1 0 20 19 -2209 32 1
3907 4160 733 62 733 62 0 0 19 19 0 253 0
4160 4161 733 62 732 62 0 1 19 18 2345 32 1
4161 4162 732 62 732 62 1 1 18 18 0 1 0
4162 4163 732 62 733 62 1 0 18 17 -2345 32 1
4163 5237 733 62 733 62 0 0 17 17 0 1074 0
5237 5238 733 62 732 62 0 1 17 16 2936 32 1
5238 5240 732 62 734 62 1 0 16 14 -2936 32 2
5240 5569 734 62 734 62 0 0 14 14 0 329 0
5569 5571 734 62 732 62 0 1 14 12 3128 32 2
5571 5574 732 62 732 65 1 0 12 9 -3128 32 3
5574 6277 732 65 732 65 0 0 9 9 0 703 0
6277 6280 732 65 732 62 0 1 9 6 3518 32 3
6280 6281 732 62 732 62 1 1 6 6 0 1 0
6281 6283 732 62 733 63 1 0 6 4 -3518 32 2
6283 7203 733 63 733 63 0 0 4 4 0 920 0
7203 7205 733 63 732 62 0 1 4 2 4003 32 2
7205 7206 732 62 732 62 1 1 2 2 0 1 0
7206 7207 732 62 733 62 1 0 2 1 -4003 32 1
7207 8228 733 62 733 62 0 0 1 1 0 1021 0
8228 8229 733 62 732 62 0 1 1 0 37991 32 1
8229 8230 732 62 732 62 1 1 0 0 0 1 0
8230 8230 732 62 732 62 1 0 0 0 -37991 32 0
8230 10520 732 62 732 62 0 0 0 0 0 2290 0
10520 10520 732 62 732 62 0 1 0 0 20907 32 0
10520 10522 732 62 732 62 1 1 0 0 0 2 0
10522 10522 732 62 732 62 1 0 0 0 -20907 32 0
10522 10716 732 62 732 62 0 0 0 0 0 194 0
10716 10716 732 62 732 62 0 1 0 0 5858 32 0
10716 10718 732 62 732 62 1 1 0 0 0 2 0
10718 10718 732 62 732 62 1 0 0 0 -5858 32 0
10718 11269 732 62 732 62 0 0 0 0 0 551 0
11269 11269 732 62 732 62 0 1 0 0 39183 32 0
11269 11270 732 62 732 62 1 1 0 0 0 1 0
11270 11270 732 62 732 62 1 0 0 0 -39183 32 0
11270 18062 732 62 732 62 0 0 0 0 0 6792 0
18062 18062 732 62 732 62 0 1 0 0 41976 32 0
18062 18063 732 62 732 62 1 1 0 0 0 1 0
18063 18063 732 62 732 62 1 0 0 0 -41976 32 0
18063 18326 732 62 732 62 0 0 0 0 0 263 0
18326 18326 732 62 732 62 0 1 0 0 9246 32 0
18326 18328 732 62 732 62 1 1 0 0 0 2 0
18328 18328 732 62 732 62 1 0 0 0 -9246 32 0
18328 19218 732 62 732 62 0 0 0 0 0 890 0
19218 19218 732 62 732 62 0 1 0 0 42519 32 0
19218 19219 732 62 732 62 1 1 0 0 0 1 0
19219 19219 732 62 732 62 1 0 0 0 -42519 32 0
19219 20870 732 62 732 62 0 0 0 0 0 1651 0
20870 20870 732 62 732 62 0 1 0 0 10166 32 0
20870 20871 732 62 732 62 1 1 0 0 0 1 0
20871 20871 732 62 732 62 1 0 0 0 -10166 32 0
20871 24637 732 62 732 62 0 0 0 0 0 3766 0
24637 24637 732 62 732 62 0 1 0 0 11396 32 0
24637 24638 732 62 732 62 1 1 0 0 0 1 0
24638 24638 732 62 732 62 1 0 0 0 -11396 32 0
24638 24706 732 62 732 62 0 0 0 0 0 68 0
24706 24706 732 62 732 62 0 1 0 0 27029 32 0
24706 24707 732 62 732 62 1 1 0 0 0 1 0
24707 24707 732 62 732 62 1 0 0 0 -27029 32 0
24707 26495 732 62 732 62 0 0 0 0 0 1788 0
26495 26495 732 62 732 62 0 1 0 0 46402 32 0
26495 26499 732 62 732 62 1 1 0 0 0 4 0
26499 26499 732 62 732 62 1 0 0 0 -46402 32 0
26499 27740 732 62 732 62 0 0 0 0 0 1241 0
27740 27740 732 62 732 62 0 1 0 0 12293 32 0
27740 27741 732 62 732 62 1 1 0 0 0 1 0
27741 27741 732 62 732 62 1 0 0 0 -12293 32 0
27741 29221 732 62 732 62 0 0 0 0 0 1480 0
29221 29221 732 62 732 62 0 1 0 0 29356 32 0
29221 29222 732 62 732 62 1 1 0 0 0 1 0
29222 29222 732 62 732 62 1 0 0 0 -29356 32 0
29222 29698 732 62 732 62 0 0 0 0 0 476 0
29698 29698 732 62 732 62 0 1 0 0 29597 32 0
29698 29699 732 62 732 62 1 1 0 0 0 1 0
29699 29699 732 62 732 62 1 0 0 0 -29597 32 0
29699 30702 732 62 732 62 0 0 0 0 0 1003 0
30702 30702 732 62 732 62 0 1 0 0 13107 32 0
30702 30704 732 62 732 62 1 1 0 0 0 2 0
30704 30704 732 62 732 62 1 0 0 0 -13107 32 0
30704 32000 732 62 732 62 0 0 0 0 0 1296 0
32000 32000 732 62 732 62 0 1 0 0 49562 32 0
32000 32003 732 62 732 62 1 1 0 0 0 3 0
32003 32003 732 62 732 62 1 0 0 0 -49562 32 0
32003 35127 732 62 732 62 0 0 0 0 0 3124 0
35127 35127 732 62 732 62 0 1 0 0 32170 32 0
35127 35128 732 62 732 62 1 1 0 0 0 1 0
35128 35128 732 62 732 62 1 0 0 0 -32170 32 0
35128 35989 732 62 732 62 0 0 0 0 0 861 0
35989 35989 732 62 732 62 0 1 0 0 32529 32 0
35989 35991 732 62 732 62 1 1 0 0 0 2 0
35991 35991 732 62 732 62 1 0 0 0 -32529 32 0
35991 39326 732 62 732 62 0 0 0 0 0 3335 0
39326 39326 732 62 732 62 0 1 0 0 15390 32 0
39326 39331 732 62 732 62 1 1 0 0 0 5 0
39331 39331 732 62 732 62 1 0 0 0 -15390 32 0
39331 39640 732 62 732 62 0 0 0 0 0 309 0
39640 39640 732 62 732 62 0 1 0 0 33957 32 0
39640 39641 732 62 732 62 1 1 0 0 0 1 0
39641 39641 732 62 732 62 1 0 0 0 -33957 32 0
39641 43267 732 62 732 62 0 0 0 0 0 3626 0
43267 43267 732 62 732 62 0 0 0 0 1000000000 0 0
--------------------------------------
--------------------------------------
EV2
--------------------------------------
Num TPs served = 19
TPs served = 3942 3986 4130 4319 4410 4630 4864 5039 5208 5427 6076 6293 6340 6506 6710 6780 7131 7232 9064
Total energy used = 100
--------------------------------------
Schedule:
0 7077 732 62 732 62 0 0 100 100 0 7077 0
7077 7077 732 62 732 62 0 1 100 100 3942 32 0
7077 7080 732 62 732 62 1 1 100 100 0 3 0
7080 7082 732 62 733 63 1 0 100 98 -3942 32 2
7082 7171 733 63 733 63 0 0 98 98 0 89 0
7171 7173 733 63 732 62 0 1 98 96 3986 32 2
7173 7180 732 62 732 62 1 1 96 96 0 7 0
7180 7182 732 62 734 62 1 0 96 94 -3986 32 2
7182 7426 734 62 734 62 0 0 94 94 0 244 0
7426 7428 734 62 732 62 0 1 94 92 4130 32 2
7428 7432 732 62 732 62 1 1 92 92 0 4 0
7432 7435 732 62 734 63 1 0 92 89 -4130 32 3
7435 7753 734 63 734 63 0 0 89 89 0 318 0
7753 7756 734 63 732 62 0 1 89 86 4319 32 3
7756 7759 732 62 732 62 1 1 86 86 0 3 0
7759 7762 732 62 735 62 1 0 86 83 -4319 32 3
7762 7934 735 62 735 62 0 0 83 83 0 172 0
7934 7937 735 62 732 62 0 1 83 80 4410 32 3
7937 7938 732 62 733 62 1 0 80 79 -4410 32 1
7938 8371 733 62 733 62 0 0 79 79 0 433 0
8371 8372 733 62 732 62 0 1 79 78 4630 32 1
8372 8377 732 62 737 62 1 0 78 73 -4630 32 5
8377 8834 737 62 737 62 0 0 73 73 0 457 0
8834 8839 737 62 732 62 0 1 73 68 4864 32 5
8839 8841 732 62 732 62 1 1 68 68 0 2 0
8841 8844 732 62 732 65 1 0 68 65 -4864 32 3
8844 9131 732 65 732 65 0 0 65 65 0 287 0
9131 9134 732 65 732 62 0 1 65 62 5039 32 3
9134 9135 732 62 732 62 1 1 62 62 0 1 0
9135 9137 732 62 733 63 1 0 62 60 -5039 32 2
9137 9452 733 63 733 63 0 0 60 60 0 315 0
9452 9454 733 63 732 62 0 1 60 58 5208 32 2
9454 9456 732 62 732 62 1 1 58 58 0 2 0
9456 9458 732 62 732 64 1 0 58 56 -5208 32 2
9458 9859 732 64 732 64 0 0 56 56 0 401 0
9859 9861 732 64 732 62 0 1 56 54 5427 32 2
9861 9866 732 62 737 62 1 0 54 49 -5427 32 5
9866 11122 737 62 737 62 0 0 49 49 0 1256 0
11122 11127 737 62 732 62 0 1 49 44 6076 32 5
11127 11128 732 62 733 62 1 0 44 43 -6076 32 1
11128 11552 733 62 733 62 0 0 43 43 0 424 0
11552 11553 733 62 732 62 0 1 43 42 6293 32 1
11553 11558 732 62 732 62 1 1 42 42 0 5 0
11558 11559 732 62 733 62 1 0 42 41 -6293 32 1
11559 11630 733 62 733 62 0 0 41 41 0 71 0
11630 11631 733 62 732 62 0 1 41 40 6340 32 1
11631 11633 732 62 732 64 1 0 40 38 -6340 32 2
11633 11957 732 64 732 64 0 0 38 38 0 324 0
11957 11959 732 64 732 62 0 1 38 36 6506 32 2
11959 11960 732 62 732 62 1 1 36 36 0 1 0
11960 11961 732 62 733 62 1 0 36 35 -6506 32 1
11961 12377 733 62 733 62 0 0 35 35 0 416 0
12377 12378 733 62 732 62 0 1 35 34 6710 32 1
12378 12379 732 62 732 62 1 1 34 34 0 1 0
12379 12388 732 62 735 68 1 0 34 25 -6710 32 9
12388 12523 735 68 735 68 0 0 25 25 0 135 0
12523 12532 735 68 732 62 0 1 25 16 6780 32 9
12532 12534 732 62 732 62 1 1 16 16 0 2 0
12534 12537 732 62 734 63 1 0 16 13 -6780 32 3
12537 13296 734 63 734 63 0 0 13 13 0 759 0
13296 13299 734 63 732 62 0 1 13 10 7131 32 3
13299 13300 732 62 732 62 1 1 10 10 0 1 0
13300 13302 732 62 734 62 1 0 10 8 -7131 32 2
13302 13535 734 62 734 62 0 0 8 8 0 233 0
13535 13537 734 62 732 62 0 1 8 6 7232 32 2
13537 13539 732 62 732 64 1 0 6 4 -7232 32 2
13539 17801 732 64 732 64 0 0 4 4 0 4262 0
17801 17803 732 64 732 62 0 1 4 2 9064 32 2
17803 17804 732 62 732 62 1 1 2 2 0 1 0
17804 17805 732 62 733 62 1 0 2 1 -9064 32 1
17805 43266 733 62 733 62 0 0 1 1 0 25461 0
43266 43267 733 62 732 62 0 0 1 0 1000000000 0 1
--------------------------------------
--------------------------------------
EV3
--------------------------------------
Num TPs served = 21
TPs served = 7809 8726 8856 8887 9656 10232 10867 10961 11483 11560 11600 11603 11807 12391 12508 12643 13170 13290 13446 14057 14182
Total energy used = 100
--------------------------------------
Schedule:
0 14792 732 62 732 62 0 0 100 100 0 14792 0
14792 14792 732 62 732 62 0 1 100 100 7809 32 0
14792 14795 732 62 735 62 1 0 100 97 -7809 32 3
14795 16962 735 62 735 62 0 0 97 97 0 2167 0
16962 16965 735 62 732 62 0 1 97 94 8726 32 3
16965 16966 732 62 732 62 1 1 94 94 0 1 0
16966 16969 732 62 735 62 1 0 94 91 -8726 32 3
16969 17269 735 62 735 62 0 0 91 91 0 300 0
17269 17272 735 62 732 62 0 1 91 88 8856 32 3
17272 17274 732 62 734 62 1 0 88 86 -8856 32 2
17274 17351 734 62 734 62 0 0 86 86 0 77 0
17351 17353 734 62 732 62 0 1 86 84 8887 32 2
17353 17355 732 62 732 64 1 0 84 82 -8887 32 2
17355 19429 732 64 732 64 0 0 82 82 0 2074 0
19429 19431 732 64 732 62 0 1 82 80 9656 32 2
19431 19432 732 62 732 62 1 1 80 80 0 1 0
19432 19433 732 62 732 63 1 0 80 79 -9656 32 1
19433 21066 732 63 732 63 0 0 79 79 0 1633 0
21066 21067 732 63 732 62 0 1 79 78 10232 32 1
21067 21069 732 62 733 63 1 0 78 76 -10232 32 2
21069 22954 733 63 733 63 0 0 76 76 0 1885 0
22954 22956 733 63 732 62 0 1 76 74 10867 32 2
22956 22957 732 62 732 62 1 1 74 74 0 1 0
22957 22960 732 62 734 63 1 0 74 71 -10867 32 3
22960 23271 734 63 734 63 0 0 71 71 0 311 0
23271 23274 734 63 732 62 0 1 71 68 10961 32 3
23274 23275 732 62 732 62 1 1 68 68 0 1 0
23275 23276 732 62 732 63 1 0 68 67 -10961 32 1
23276 24942 732 63 732 63 0 0 67 67 0 1666 0
24942 24943 732 63 732 62 0 1 67 66 11483 32 1
24943 24944 732 62 732 63 1 0 66 65 -11483 32 1
24944 25207 732 63 732 63 0 0 65 65 0 263 0
25207 25208 732 63 732 62 0 1 65 64 11560 32 1
25208 25209 732 62 732 62 1 1 64 64 0 1 0
25209 25210 732 62 733 62 1 0 64 63 -11560 32 1
25210 25363 733 62 733 62 0 0 63 63 0 153 0
25363 25364 733 62 732 62 0 1 63 62 11603 32 1
25364 25364 732 62 732 62 1 2 62 62 11600 26 0
25364 25365 732 62 732 63 2 1 62 61 -11603 32 1
25365 25367 732 63 734 63 1 0 61 59 -11600 27 2
25367 26033 734 63 734 63 0 0 59 59 0 666 0
26033 26036 734 63 732 62 0 1 59 56 11807 32 3
26036 26039 732 62 735 62 1 0 56 53 -11807 32 3
26039 28044 735 62 735 62 0 0 53 53 0 2005 0
28044 28047 735 62 732 62 0 1 53 50 12391 32 3
28047 28048 732 62 732 62 1 1 50 50 0 1 0
28048 28049 732 62 733 62 1 0 50 49 -12391 32 1
28049 28464 733 62 733 62 0 0 49 49 0 415 0
28464 28465 733 62 732 62 0 1 49 48 12508 32 1
28465 28469 732 62 732 62 1 1 48 48 0 4 0
28469 28482 732 62 741 66 1 0 48 35 -12508 32 13
28482 28955 741 66 741 66 0 0 35 35 0 473 0
28955 28968 741 66 732 62 0 1 35 22 12643 32 13
28968 28971 732 62 735 62 1 0 22 19 -12643 32 3
28971 30898 735 62 735 62 0 0 19 19 0 1927 0
30898 30901 735 62 732 62 0 1 19 16 13170 32 3
30901 30903 732 62 734 62 1 0 16 14 -13170 32 2
30903 31286 734 62 734 62 0 0 14 14 0 383 0
31286 31288 734 62 732 62 0 1 14 12 13290 32 2
31288 31289 732 62 732 62 1 1 12 12 0 1 0
31289 31290 732 62 732 63 1 0 12 11 -13290 32 1
31290 31904 732 63 732 63 0 0 11 11 0 614 0
31904 31905 732 63 732 62 0 1 11 10 13446 32 1
31905 31908 732 62 734 63 1 0 10 7 -13446 32 3
31908 34217 734 63 734 63 0 0 7 7 0 2309 0
34217 34220 734 63 732 62 0 1 7 4 14057 32 3
34220 34221 732 62 732 63 1 0 4 3 -14057 32 1
34221 34669 732 63 732 63 0 0 3 3 0 448 0
34669 34670 732 63 732 62 0 1 3 2 14182 32 1
34670 34671 732 62 732 63 1 0 2 1 -14182 32 1
34671 43266 732 63 732 63 0 0 1 1 0 8595 0
43266 43267 732 63 732 62 0 0 1 0 1000000000 0 1
--------------------------------------
--------------------------------------
EV4
--------------------------------------
Num TPs served = 17
TPs served = 14010 14097 14267 14603 14641 15042 15585 15715 16921 17418 17619 17754 18277 18316 19098 19770 37636
Total energy used = 100
--------------------------------------
Schedule:
0 649 732 62 732 62 0 0 100 100 0 649 0
649 649 732 62 732 62 0 1 100 100 17619 32 0
649 650 732 62 732 62 1 1 100 100 0 1 0
650 651 732 62 733 62 1 0 100 99 -17619 32 1
651 1026 733 62 733 62 0 0 99 99 0 375 0
1026 1027 733 62 732 62 0 1 99 98 17754 32 1
1027 1030 732 62 732 62 1 1 98 98 0 3 0
1030 1032 732 62 734 62 1 0 98 96 -17754 32 2
1032 2660 734 62 734 62 0 0 96 96 0 1628 0
2660 2662 734 62 732 62 0 1 96 94 18277 32 2
2662 2663 732 62 733 62 1 0 94 93 -18277 32 1
2663 2810 733 62 733 62 0 0 93 93 0 147 0
2810 2811 733 62 732 62 0 1 93 92 18316 32 1
2811 2812 732 62 732 62 1 1 92 92 0 1 0
2812 2814 732 62 732 64 1 0 92 90 -18316 32 2
2814 5294 732 64 732 64 0 0 90 90 0 2480 0
5294 5296 732 64 732 62 0 1 90 88 19098 32 2
5296 5298 732 62 733 63 1 0 88 86 -19098 32 2
5298 7285 733 63 733 63 0 0 86 86 0 1987 0
7285 7287 733 63 732 62 0 1 86 84 37636 32 2
7287 7317 732 62 732 62 1 1 84 84 0 30 0
7317 7317 732 62 732 62 1 2 84 84 19770 32 0
7317 7319 732 62 734 62 2 1 84 82 -37636 3 2
7319 7320 734 62 734 62 1 1 82 82 0 1 0
7320 7320 734 62 734 62 1 0 82 82 -19770 32 0
7320 34002 734 62 734 62 0 0 82 82 0 26682 0
34002 34004 734 62 732 62 0 1 82 80 14010 32 2
34004 34005 732 62 732 62 1 1 80 80 0 1 0
34005 34010 732 62 735 64 1 0 80 75 -14010 32 5
34010 34345 735 64 735 64 0 0 75 75 0 335 0
34345 34350 735 64 732 62 0 1 75 70 14097 32 5
34350 34357 732 62 739 62 1 0 70 63 -14097 32 7
34357 34969 739 62 739 62 0 0 63 63 0 612 0
34969 34976 739 62 732 62 0 1 63 56 14267 32 7
34976 34977 732 62 732 62 1 1 56 56 0 1 0
34977 34978 732 62 733 62 1 0 56 55 -14267 32 1
34978 36255 733 62 733 62 0 0 55 55 0 1277 0
36255 36256 733 62 732 62 0 1 55 54 14603 32 1
36256 36257 732 62 732 62 1 1 54 54 0 1 0
36257 36263 732 62 736 64 1 0 54 48 -14603 32 6
36263 36415 736 64 736 64 0 0 48 48 0 152 0
36415 36421 736 64 732 62 0 1 48 42 14641 32 6
36421 36422 732 62 732 62 1 1 42 42 0 1 0
36422 36425 732 62 735 62 1 0 42 39 -14641 32 3
36425 37943 735 62 735 62 0 0 39 39 0 1518 0
37943 37946 735 62 732 62 0 1 39 36 15042 32 3
37946 37948 732 62 732 62 1 1 36 36 0 2 0
37948 37950 732 62 734 62 1 0 36 34 -15042 32 2
37950 39975 734 62 734 62 0 0 34 34 0 2025 0
39975 39977 734 62 732 62 0 1 34 32 15585 32 2
39977 39979 732 62 732 64 1 0 32 30 -15585 32 2
39979 40231 732 64 732 64 0 0 30 30 0 252 0
40231 40233 732 64 732 62 0 1 30 28 15715 32 2
40233 40235 732 62 733 63 1 0 28 26 -15715 32 2
40235 42356 733 63 733 63 0 0 26 26 0 2121 0
42356 42358 733 63 732 62 0 1 26 24 16921 32 2
42358 42361 732 62 735 62 1 0 24 21 -16921 32 3
42361 43195 735 62 735 62 0 0 21 21 0 834 0
43195 43198 735 62 732 62 0 1 21 18 17418 32 3
43198 43207 732 62 735 68 1 0 18 9 -17418 32 9
43207 43258 735 68 735 68 0 0 9 9 0 51 0
43258 43267 735 68 732 62 0 0 9 0 1000000000 0 9
--------------------------------------
--------------------------------------
EV5
--------------------------------------
Num TPs served = 27
TPs served = 20055 20805 20883 20961 20999 21227 21804 22040 22135 22903 23087 23287 23694 24050 24399 24740 25310 25447 25508 25823 25913 26078 26187 26285 26481 26899 42504
Total energy used = 100
--------------------------------------
Schedule:
0 8189 732 62 732 62 0 0 100 100 0 8189 0
8189 8189 732 62 732 62 0 1 100 100 20055 32 0
8189 8191 732 62 733 63 1 0 100 98 -20055 32 2
8191 10250 733 63 733 63 0 0 98 98 0 2059 0
10250 10252 733 63 732 62 0 1 98 96 20805 32 2
10252 10253 732 62 732 62 1 1 96 96 0 1 0
10253 10254 732 62 733 62 1 0 96 95 -20805 32 1
10254 10464 733 62 733 62 0 0 95 95 0 210 0
10464 10465 733 62 732 62 0 1 95 94 20883 32 1
10465 10468 732 62 732 62 1 1 94 94 0 3 0
10468 10469 732 62 732 63 1 0 94 93 -20883 32 1
10469 10655 732 63 732 63 0 0 93 93 0 186 0
10655 10656 732 63 732 62 0 1 93 92 20961 32 1
10656 10659 732 62 734 63 1 0 92 89 -20961 32 3
10659 10731 734 63 734 63 0 0 89 89 0 72 0
10731 10734 734 63 732 62 0 1 89 86 20999 32 3
10734 10736 732 62 732 64 1 0 86 84 -20999 32 2
10736 11359 732 64 732 64 0 0 84 84 0 623 0
11359 11361 732 64 732 62 0 1 84 82 21227 32 2
11361 11362 732 62 732 62 1 1 82 82 0 1 0
11362 11363 732 62 733 62 1 0 82 81 -21227 32 1
11363 12950 733 62 733 62 0 0 81 81 0 1587 0
12950 12951 733 62 732 62 0 1 81 80 21804 32 1
12951 12953 732 62 732 64 1 0 80 78 -21804 32 2
12953 13566 732 64 732 64 0 0 78 78 0 613 0
13566 13568 732 64 732 62 0 1 78 76 22040 32 2
13568 13569 732 62 733 62 1 0 76 75 -22040 32 1
13569 13817 733 62 733 62 0 0 75 75 0 248 0
13817 13818 733 62 732 62 0 1 75 74 22135 32 1
13818 13819 732 62 733 62 1 0 74 73 -22135 32 1
13819 15731 733 62 733 62 0 0 73 73 0 1912 0
15731 15732 733 62 732 62 0 1 73 72 22903 32 1
15732 15734 732 62 734 62 1 0 72 70 -22903 32 2
15734 16181 734 62 734 62 0 0 70 70 0 447 0
16181 16183 734 62 732 62 0 1 70 68 23087 32 2
16183 16185 732 62 734 62 1 0 68 66 -23087 32 2
16185 16679 734 62 734 62 0 0 66 66 0 494 0
16679 16681 734 62 732 62 0 1 66 64 23287 32 2
16681 16682 732 62 732 62 1 1 64 64 0 1 0
16682 16683 732 62 733 62 1 0 64 63 -23287 32 1
16683 17628 733 62 733 62 0 0 63 63 0 945 0
17628 17629 733 62 732 62 0 1 63 62 23694 32 1
17629 17630 732 62 732 63 1 0 62 61 -23694 32 1
17630 18391 732 63 732 63 0 0 61 61 0 761 0
18391 18392 732 63 732 62 0 1 61 60 24050 32 1
18392 18394 732 62 733 63 1 0 60 58 -24050 32 2
18394 19174 733 63 733 63 0 0 58 58 0 780 0
19174 19176 733 63 732 62 0 1 58 56 42504 32 2
19176 19176 732 62 732 62 1 2 56 56 24399 25 0
19176 19177 732 62 732 62 2 2 56 56 0 1 0
19177 19181 732 62 736 62 2 1 56 52 -42504 32 4
19181 19181 736 62 736 62 1 0 52 52 -24399 24 0
19181 19922 736 62 736 62 0 0 52 52 0 741 0
19922 19926 736 62 732 62 0 1 52 48 24740 32 4
19926 19928 732 62 734 62 1 0 48 46 -24740 32 2
19928 21165 734 62 734 62 0 0 46 46 0 1237 0
21165 21167 734 62 732 62 0 1 46 44 25310 32 2
21167 21168 732 62 732 62 1 1 44 44 0 1 0
21168 21171 732 62 732 65 1 0 44 41 -25310 32 3
21171 21459 732 65 732 65 0 0 41 41 0 288 0
21459 21462 732 65 732 62 0 1 41 38 25447 32 3
21462 21464 732 62 733 63 1 0 38 36 -25447 32 2
21464 21607 733 63 733 63 0 0 36 36 0 143 0
21607 21609 733 63 732 62 0 1 36 34 25508 32 2
21609 21614 732 62 733 66 1 0 34 29 -25508 32 5
21614 22269 733 66 733 66 0 0 29 29 0 655 0
22269 22274 733 66 732 62 0 1 29 24 25823 32 5
22274 22276 732 62 734 62 1 0 24 22 -25823 32 2
22276 22470 734 62 734 62 0 0 22 22 0 194 0
22470 22472 734 62 732 62 0 1 22 20 25913 32 2
22472 22473 732 62 732 63 1 0 20 19 -25913 32 1
22473 22808 732 63 732 63 0 0 19 19 0 335 0
22808 22809 732 63 732 62 0 1 19 18 26078 32 1
22809 22811 732 62 733 63 1 0 18 16 -26078 32 2
22811 23029 733 63 733 63 0 0 16 16 0 218 0
23029 23031 733 63 732 62 0 1 16 14 26187 32 2
23031 23032 732 62 733 62 1 0 14 13 -26187 32 1
23032 23245 733 62 733 62 0 0 13 13 0 213 0
23245 23246 733 62 732 62 0 1 13 12 26285 32 1
23246 23249 732 62 733 64 1 0 12 9 -26285 32 3
23249 23619 733 64 733 64 0 0 9 9 0 370 0
23619 23622 733 64 732 62 0 1 9 6 26481 32 3
23622 23624 732 62 734 62 1 0 6 4 -26481 32 2
23624 24457 734 62 734 62 0 0 4 4 0 833 0
24457 24459 734 62 732 62 0 1 4 2 26899 32 2
24459 24466 732 62 732 62 1 1 2 2 0 7 0
24466 24467 732 62 733 62 1 0 2 1 -26899 32 1
24467 43266 733 62 733 62 0 0 1 1 0 18799 0
43266 43267 733 62 732 62 0 0 1 0 1000000000 0 1
--------------------------------------
--------------------------------------
EV6
--------------------------------------
Num TPs served = 22
TPs served = 26517 26610 26839 26930 27460 28539 28631 28834 28975 29437 29806 29852 30448 30693 30835 30868 31292 31435 31495 32367 45297 47541
Total energy used = 100
--------------------------------------
Schedule:
0 23673 732 62 732 62 0 0 100 100 0 23673 0
23673 23673 732 62 732 62 0 1 100 100 26517 32 0
23673 23677 732 62 734 64 1 0 100 96 -26517 32 4
23677 23870 734 64 734 64 0 0 96 96 0 193 0
23870 23874 734 64 732 62 0 1 96 92 26610 32 4
23874 23876 732 62 734 62 1 0 92 90 -26610 32 2
23876 24321 734 62 734 62 0 0 90 90 0 445 0
24321 24323 734 62 732 62 0 1 90 88 26839 32 2
24323 24326 732 62 735 62 1 0 88 85 -26839 32 3
24326 24534 735 62 735 62 0 0 85 85 0 208 0
24534 24537 735 62 732 62 0 1 85 82 45297 32 3
24537 24537 732 62 732 62 1 2 82 82 26930 9 0
24537 24538 732 62 732 62 2 2 82 82 0 1 0
24538 24539 732 62 732 63 2 1 82 81 -45297 32 1
24539 24540 732 63 732 64 1 0 81 80 -26930 8 1
24540 25494 732 64 732 64 0 0 80 80 0 954 0
25494 25496 732 64 732 62 0 1 80 78 27460 32 2
25496 25502 732 62 733 67 1 0 78 72 -27460 32 6
25502 27556 733 67 733 67 0 0 72 72 0 2054 0
27556 27562 733 67 732 62 0 1 72 66 28539 32 6
27562 27563 732 62 732 63 1 0 66 65 -28539 32 1
27563 27735 732 63 732 63 0 0 65 65 0 172 0
27735 27736 732 63 732 62 0 1 65 64 28631 32 1
27736 27737 732 62 732 63 1 0 64 63 -28631 32 1
27737 28125 732 63 732 63 0 0 63 63 0 388 0
28125 28126 732 63 732 62 0 1 63 62 28834 32 1
28126 28132 732 62 736 64 1 0 62 56 -28834 32 6
28132 28420 736 64 736 64 0 0 56 56 0 288 0
28420 28426 736 64 732 62 0 1 56 50 47541 32 6
28426 28426 732 62 732 62 1 2 50 50 28975 28 0
28426 28427 732 62 733 62 2 1 50 49 -47541 32 1
28427 28428 733 62 734 62 1 0 49 48 -28975 28 1
28428 29389 734 62 734 62 0 0 48 48 0 961 0
29389 29391 734 62 732 62 0 1 48 46 29437 32 2
29391 29394 732 62 733 64 1 0 46 43 -29437 32 3
29394 30103 733 64 733 64 0 0 43 43 0 709 0
30103 30106 733 64 732 62 0 1 43 40 29806 32 3
30106 30108 732 62 734 62 1 0 40 38 -29806 32 2
30108 30190 734 62 734 62 0 0 38 38 0 82 0
30190 30192 734 62 732 62 0 1 38 36 29852 32 2
30192 30193 732 62 732 63 1 0 36 35 -29852 32 1
30193 31345 732 63 732 63 0 0 35 35 0 1152 0
31345 31346 732 63 732 62 0 1 35 34 30448 32 1
31346 31348 732 62 734 62 1 0 34 32 -30448 32 2
31348 31847 734 62 734 62 0 0 32 32 0 499 0
31847 31849 734 62 732 62 0 1 32 30 30693 32 2
31849 31850 732 62 732 62 1 1 30 30 0 1 0
31850 31851 732 62 732 63 1 0 30 29 -30693 32 1
31851 32166 732 63 732 63 0 0 29 29 0 315 0
32166 32167 732 63 732 62 0 1 29 28 30835 32 1
32167 32169 732 62 734 62 1 0 28 26 -30835 32 2
32169 32225 734 62 734 62 0 0 26 26 0 56 0
32225 32227 734 62 732 62 0 1 26 24 30868 32 2
32227 32230 732 62 735 62 1 0 24 21 -30868 32 3
32230 33144 735 62 735 62 0 0 21 21 0 914 0
33144 33147 735 62 732 62 0 1 21 18 31292 32 3
33147 33149 732 62 733 63 1 0 18 16 -31292 32 2
33149 33454 733 63 733 63 0 0 16 16 0 305 0
33454 33456 733 63 732 62 0 1 16 14 31435 32 2
33456 33457 732 62 732 62 1 1 14 14 0 1 0
33457 33460 732 62 734 63 1 0 14 11 -31435 32 3
33460 33590 734 63 734 63 0 0 11 11 0 130 0
33590 33593 734 63 732 62 0 1 11 8 31495 32 3
33593 33594 732 62 732 62 1 1 8 8 0 1 0
33594 33597 732 62 732 65 1 0 8 5 -31495 32 3
33597 35597 732 65 732 65 0 0 5 5 0 2000 0
35597 35600 732 65 732 62 0 1 5 2 32367 32 3
35600 35601 732 62 732 62 1 1 2 2 0 1 0
35601 35602 732 62 732 63 1 0 2 1 -32367 32 1
35602 43266 732 63 732 63 0 0 1 1 0 7664 0
43266 43267 732 63 732 62 0 0 1 0 1000000000 0 1
--------------------------------------
--------------------------------------
EV7
--------------------------------------
Num TPs served = 17
TPs served = 31956 32607 32686 32719 32752 32790 33038 33189 33358 33596 34554 34969 35162 35377 36843 38869 40920
Total energy used = 100
--------------------------------------
Schedule:
0 66 732 62 732 62 0 0 100 100 0 66 0
66 66 732 62 732 62 0 1 100 100 35162 32 0
66 67 732 62 732 62 1 1 100 100 0 1 0
67 72 732 62 733 66 1 0 100 95 -35162 32 5
72 687 733 66 733 66 0 0 95 95 0 615 0
687 692 733 66 732 62 0 1 95 90 35377 32 5
692 693 732 62 733 62 1 0 90 89 -35377 32 1
693 4993 733 62 733 62 0 0 89 89 0 4300 0
4993 4994 733 62 732 62 0 1 89 88 36843 32 1
4994 4995 732 62 733 62 1 0 88 87 -36843 32 1
4995 10581 733 62 733 62 0 0 87 87 0 5586 0
10581 10582 733 62 732 62 0 1 87 86 38869 32 1
10582 10583 732 62 733 62 1 0 86 85 -38869 32 1
10583 15692 733 62 733 62 0 0 85 85 0 5109 0
15692 15693 733 62 732 62 0 1 85 84 40920 32 1
15693 15694 732 62 733 62 1 0 84 83 -40920 32 1
15694 34596 733 62 733 62 0 0 83 83 0 18902 0
34596 34597 733 62 732 62 0 1 83 82 31956 32 1
34597 34598 732 62 732 62 1 1 82 82 0 1 0
34598 34606 732 62 737 65 1 0 82 74 -31956 32 8
34606 36159 737 65 737 65 0 0 74 74 0 1553 0
36159 36167 737 65 732 62 0 1 74 66 32607 32 8
36167 36169 732 62 732 62 1 1 66 66 0 2 0
36169 36171 732 62 733 63 1 0 66 64 -32607 32 2
36171 36339 733 63 733 63 0 0 64 64 0 168 0
36339 36341 733 63 732 62 0 1 64 62 32686 32 2
36341 36342 732 62 732 62 1 1 62 62 0 1 0
36342 36343 732 62 732 63 1 0 62 61 -32686 32 1
36343 36413 732 63 732 63 0 0 61 61 0 70 0
36413 36414 732 63 732 62 0 1 61 60 32719 32 1
36414 36425 732 62 743 62 1 0 60 49 -32719 32 11
36425 36484 743 62 743 62 0 0 49 49 0 59 0
36484 36495 743 62 732 62 0 1 49 38 32752 32 11
36495 36501 732 62 732 62 1 1 38 38 0 6 0
36501 36502 732 62 732 63 1 0 38 37 -32752 32 1
36502 36606 732 63 732 63 0 0 37 37 0 104 0
36606 36607 732 63 732 62 0 1 37 36 32790 32 1
36607 36608 732 62 732 63 1 0 36 35 -32790 32 1
36608 37285 732 63 732 63 0 0 35 35 0 677 0
37285 37286 732 63 732 62 0 1 35 34 33038 32 1
37286 37287 732 62 733 62 1 0 34 33 -33038 32 1
37287 37650 733 62 733 62 0 0 33 33 0 363 0
37650 37651 733 62 732 62 0 1 33 32 33189 32 1
37651 37656 732 62 735 64 1 0 32 27 -33189 32 5
37656 38064 735 64 735 64 0 0 27 27 0 408 0
38064 38069 735 64 732 62 0 1 27 22 33358 32 5
38069 38079 732 62 732 62 1 1 22 22 0 10 0
38079 38085 732 62 734 66 1 0 22 16 -33358 32 6
38085 38685 734 66 734 66 0 0 16 16 0 600 0
38685 38691 734 66 732 62 0 1 16 10 33596 32 6
38691 38692 732 62 733 62 1 0 10 9 -33596 32 1
38692 41389 733 62 733 62 0 0 9 9 0 2697 0
41389 41390 733 62 732 62 0 1 9 8 34554 32 1
41390 41391 732 62 732 63 1 0 8 7 -34554 32 1
41391 42691 732 63 732 63 0 0 7 7 0 1300 0
42691 42692 732 63 732 62 0 1 7 6 34969 32 1
42692 42695 732 62 734 63 1 0 6 3 -34969 32 3
42695 43264 734 63 734 63 0 0 3 3 0 569 0
43264 43267 734 63 732 62 0 0 3 0 1000000000 0 3
--------------------------------------
--------------------------------------
EV8
--------------------------------------
Num TPs served = 11
TPs served = 35310 37638 38327 38928 39164 39174 40152 40266 41120 42112 42627
Total energy used = 100
--------------------------------------
Schedule:
0 515 732 62 732 62 0 0 100 100 0 515 0
515 515 732 62 732 62 0 1 100 100 35310 32 0
515 527 732 62 732 62 1 1 100 100 0 12 0
527 545 732 62 742 70 1 0 100 82 -35310 32 18
545 7275 742 70 742 70 0 0 82 82 0 6730 0
7275 7293 742 70 732 62 0 1 82 64 37638 32 18
7293 7297 732 62 732 62 1 1 64 64 0 4 0
7297 7300 732 62 734 63 1 0 64 61 -37638 32 3
7300 9171 734 63 734 63 0 0 61 61 0 1871 0
9171 9174 734 63 732 62 0 1 61 58 38327 32 3
9174 9177 732 62 735 62 1 0 58 55 -38327 32 3
9177 10706 735 62 735 62 0 0 55 55 0 1529 0
10706 10709 735 62 732 62 0 1 55 52 38928 32 3
10709 10710 732 62 732 62 1 1 52 52 0 1 0
10710 10717 732 62 737 64 1 0 52 45 -38928 32 7
10717 11245 737 64 737 64 0 0 45 45 0 528 0
11245 11252 737 64 732 62 0 1 45 38 39174 32 7
11252 11252 732 62 732 62 1 2 38 38 39164 12 0
11252 11254 732 62 733 63 2 1 38 36 -39174 32 2
11254 11254 733 63 733 63 1 0 36 36 -39164 12 0
11254 13866 733 63 733 63 0 0 36 36 0 2612 0
13866 13868 733 63 732 62 0 1 36 34 40152 32 2
13868 13880 732 62 744 62 1 0 34 22 -40152 32 12
13880 14143 744 62 744 62 0 0 22 22 0 263 0
14143 14155 744 62 732 62 0 1 22 10 40266 32 12
14155 14157 732 62 734 62 1 0 10 8 -40266 32 2
14157 16130 734 62 734 62 0 0 8 8 0 1973 0
16130 16132 734 62 732 62 0 1 8 6 41120 32 2
16132 16133 732 62 732 62 1 1 6 6 0 1 0
16133 16134 732 62 733 62 1 0 6 5 -41120 32 1
16134 18349 733 62 733 62 0 0 5 5 0 2215 0
18349 18350 733 62 732 62 0 1 5 4 42112 32 1
18350 18351 732 62 732 63 1 0 4 3 -42112 32 1
18351 19492 732 63 732 63 0 0 3 3 0 1141 0
19492 19493 732 63 732 62 0 1 3 2 42627 32 1
19493 19494 732 62 732 63 1 0 2 1 -42627 32 1
19494 43266 732 63 732 63 0 0 1 1 0 23772 0
43266 43267 732 63 732 62 0 0 1 0 1000000000 0 1
--------------------------------------
--------------------------------------
EV9
--------------------------------------
Num TPs served = 18
TPs served = 41281 42193 44122 44779 44993 45261 45703 46229 46554 46606 46632 46974 47467 47614 47726 48346 48383 48869
Total energy used = 98
--------------------------------------
Schedule:
0 16515 732 62 732 62 0 0 100 100 0 16515 0
16515 16515 732 62 732 62 0 1 100 100 41281 32 0
16515 16518 732 62 733 64 1 0 100 97 -41281 32 3
16518 18520 733 64 733 64 0 0 97 97 0 2002 0
18520 18523 733 64 732 62 0 1 97 94 42193 32 3
18523 18538 732 62 732 62 1 1 94 94 0 15 0
18538 18543 732 62 736 63 1 0 94 89 -42193 32 5
18543 22403 736 63 736 63 0 0 89 89 0 3860 0
22403 22408 736 63 732 62 0 1 89 84 44122 32 5
22408 22409 732 62 733 62 1 0 84 83 -44122 32 1
22409 23626 733 62 733 62 0 0 83 83 0 1217 0
23626 23627 733 62 732 62 0 1 83 82 44779 32 1
23627 23628 732 62 732 62 1 1 82 82 0 1 0
23628 23634 732 62 738 62 1 0 82 76 -44779 32 6
23634 24003 738 62 738 62 0 0 76 76 0 369 0
24003 24009 738 62 732 62 0 1 76 70 44993 32 6
24009 24011 732 62 733 63 1 0 70 68 -44993 32 2
24011 24476 733 63 733 63 0 0 68 68 0 465 0
24476 24478 733 63 732 62 0 1 68 66 45261 32 2
24478 24480 732 62 734 62 1 0 66 64 -45261 32 2
24480 25243 734 62 734 62 0 0 64 64 0 763 0
25243 25245 734 62 732 62 0 1 64 62 45703 32 2
25245 25246 732 62 732 62 1 1 62 62 0 1 0
25246 25247 732 62 733 62 1 0 62 61 -45703 32 1
25247 26194 733 62 733 62 0 0 61 61 0 947 0
26194 26195 733 62 732 62 0 1 61 60 46229 32 1
26195 26197 732 62 732 64 1 0 60 58 -46229 32 2
26197 26801 732 64 732 64 0 0 58 58 0 604 0
26801 26803 732 64 732 62 0 1 58 56 46554 32 2
26803 26806 732 62 734 63 1 0 56 53 -46554 32 3
26806 26895 734 63 734 63 0 0 53 53 0 89 0
26895 26898 734 63 732 62 0 1 53 50 46606 32 3
26898 26900 732 62 732 62 1 1 50 50 0 2 0
26900 26902 732 62 733 63 1 0 50 48 -46606 32 2
26902 26948 733 63 733 63 0 0 48 48 0 46 0
26948 26950 733 63 732 62 0 1 48 46 46632 32 2
26950 26954 732 62 732 62 1 1 46 46 0 4 0
26954 26956 732 62 732 64 1 0 46 44 -46632 32 2
26956 27511 732 64 732 64 0 0 44 44 0 555 0
27511 27513 732 64 732 62 0 1 44 42 46974 32 2
27513 27514 732 62 732 63 1 0 42 41 -46974 32 1
27514 28315 732 63 732 63 0 0 41 41 0 801 0
28315 28316 732 63 732 62 0 1 41 40 47467 32 1
28316 28321 732 62 732 62 1 1 40 40 0 5 0
28321 28322 732 62 733 62 1 0 40 39 -47467 32 1
28322 28557 733 62 733 62 0 0 39 39 0 235 0
28557 28558 733 62 732 62 0 1 39 38 47614 32 1
28558 28560 732 62 732 62 1 1 38 38 0 2 0
28560 28562 732 62 732 64 1 0 38 36 -47614 32 2
28562 28739 732 64 732 64 0 0 36 36 0 177 0
28739 28741 732 64 732 62 0 1 36 34 47726 32 2
28741 28742 732 62 732 62 1 1 34 34 0 1 0
28742 28745 732 62 734 63 1 0 34 31 -47726 32 3
28745 29866 734 63 734 63 0 0 31 31 0 1121 0
29866 29869 734 63 732 62 0 1 31 28 48346 32 3
29869 29870 732 62 732 62 1 1 28 28 0 1 0
29870 29871 732 62 732 63 1 0 28 27 -48346 32 1
29871 29928 732 63 732 63 0 0 27 27 0 57 0
29928 29929 732 63 732 62 0 1 27 26 48383 32 1
29929 29934 732 62 736 63 1 0 26 21 -48383 32 5
29934 30788 736 63 736 63 0 0 21 21 0 854 0
30788 30793 736 63 732 62 0 1 21 16 48869 32 5
30793 30800 732 62 739 62 1 0 16 9 -48869 32 7
30800 43260 739 62 739 62 0 0 9 9 0 12460 0
43260 43267 739 62 732 62 0 0 9 2 1000000000 0 7
--------------------------------------
--------------------------------------
EV10
--------------------------------------
Num TPs served = 3
TPs served = 49174 49241 49561
Total energy used = 22
--------------------------------------
Schedule:
0 31305 732 62 732 62 0 0 100 100 0 31305 0
31305 31305 732 62 732 62 0 1 100 100 49174 32 0
31305 31307 732 62 734 62 1 0 100 98 -49174 32 2
31307 31419 734 62 734 62 0 0 98 98 0 112 0
31419 31421 734 62 732 62 0 1 98 96 49241 32 2
31421 31424 732 62 732 62 1 1 96 96 0 3 0
31424 31429 732 62 733 66 1 0 96 91 -49241 32 5
31429 31994 733 66 733 66 0 0 91 91 0 565 0
31994 31999 733 66 732 62 0 1 91 86 49561 32 5
31999 32003 732 62 735 63 1 0 86 82 -49561 32 4
32003 43263 735 63 735 63 0 0 82 82 0 11260 0
43263 43267 735 63 732 62 0 0 82 78 1000000000 0 4
--------------------------------------
--------------------------------------
EV11
--------------------------------------
Num TPs served = 0
TPs served = 
Total energy used = 0
--------------------------------------
Schedule:
0 43265 732 62 732 62 0 0 100 100 0 43265 0
43265 43266 732 62 732 62 0 0 100 100 0 0 0
43266 43267 732 62 732 62 0 0 100 100 0 0 0
--------------------------------------

-------------------------------------------------------------------------

TPs

-------------------------------------------------------------------------

----------------------
TP70 allocated to 1
----------------------

----------------------
TP72 allocated to 1
----------------------

----------------------
TP756 allocated to 1
----------------------

----------------------
TP1077 allocated to 1
----------------------

----------------------
TP1133 allocated to 1
----------------------

----------------------
TP1357 allocated to 1
----------------------

----------------------
TP1495 allocated to 1
----------------------

----------------------
TP1568 allocated to 1
----------------------

----------------------
TP1849 allocated to 1
----------------------

----------------------
TP2209 allocated to 1
----------------------

----------------------
TP2345 allocated to 1
----------------------

----------------------
TP2936 allocated to 1
----------------------

----------------------
TP3128 allocated to 1
----------------------

----------------------
TP3518 allocated to 1
----------------------

----------------------
TP3942 allocated to 2
----------------------

----------------------
TP3986 allocated to 2
----------------------

----------------------
TP4003 allocated to 1
----------------------

----------------------
TP4130 allocated to 2
----------------------

----------------------
TP4319 allocated to 2
----------------------

----------------------
TP4410 allocated to 2
----------------------

----------------------
TP4630 allocated to 2
----------------------

----------------------
TP4864 allocated to 2
----------------------

----------------------
TP5039 allocated to 2
----------------------

----------------------
TP5208 allocated to 2
----------------------

----------------------
TP5427 allocated to 2
----------------------

----------------------
TP5858 allocated to 1
----------------------

----------------------
TP6076 allocated to 2
----------------------

----------------------
TP6293 allocated to 2
----------------------

----------------------
TP6340 allocated to 2
----------------------

----------------------
TP6506 allocated to 2
----------------------

----------------------
TP6710 allocated to 2
----------------------

----------------------
TP6780 allocated to 2
----------------------

----------------------
TP7131 allocated to 2
----------------------

----------------------
TP7232 allocated to 2
----------------------

----------------------
TP7809 allocated to 3
----------------------

----------------------
TP8726 allocated to 3
----------------------

----------------------
TP8856 allocated to 3
----------------------

----------------------
TP8887 allocated to 3
----------------------

----------------------
TP9064 allocated to 2
----------------------

----------------------
TP9246 allocated to 1
----------------------

----------------------
TP9656 allocated to 3
----------------------

----------------------
TP10166 allocated to 1
----------------------

----------------------
TP10232 allocated to 3
----------------------

----------------------
TP10867 allocated to 3
----------------------

----------------------
TP10961 allocated to 3
----------------------

----------------------
TP11396 allocated to 1
----------------------

----------------------
TP11483 allocated to 3
----------------------

----------------------
TP11560 allocated to 3
----------------------

----------------------
TP11600 allocated to 3
----------------------

----------------------
TP11603 allocated to 3
----------------------

----------------------
TP11807 allocated to 3
----------------------

----------------------
TP12293 allocated to 1
----------------------

----------------------
TP12391 allocated to 3
----------------------

----------------------
TP12508 allocated to 3
----------------------

----------------------
TP12643 allocated to 3
----------------------

----------------------
TP13107 allocated to 1
----------------------

----------------------
TP13170 allocated to 3
----------------------

----------------------
TP13290 allocated to 3
----------------------

----------------------
TP13446 allocated to 3
----------------------

----------------------
TP14010 allocated to 4
----------------------

----------------------
TP14057 allocated to 3
----------------------

----------------------
TP14097 allocated to 4
----------------------

----------------------
TP14182 allocated to 3
----------------------

----------------------
TP14267 allocated to 4
----------------------

----------------------
TP14603 allocated to 4
----------------------

----------------------
TP14641 allocated to 4
----------------------

----------------------
TP15042 allocated to 4
----------------------

----------------------
TP15390 allocated to 1
----------------------

----------------------
TP15585 allocated to 4
----------------------

----------------------
TP15715 allocated to 4
----------------------

----------------------
TP16921 allocated to 4
----------------------

----------------------
TP17418 allocated to 4
----------------------

----------------------
TP17565 allocated to 1
----------------------

----------------------
TP17619 allocated to 4
----------------------

----------------------
TP17754 allocated to 4
----------------------

----------------------
TP18277 allocated to 4
----------------------

----------------------
TP18316 allocated to 4
----------------------

----------------------
TP18608 allocated to 1
----------------------

----------------------
TP19098 allocated to 4
----------------------

----------------------
TP19770 allocated to 4
----------------------

----------------------
TP20055 allocated to 5
----------------------

----------------------
TP20805 allocated to 5
----------------------

----------------------
TP20883 allocated to 5
----------------------

----------------------
TP20907 allocated to 1
----------------------

----------------------
TP20961 allocated to 5
----------------------

----------------------
TP20999 allocated to 5
----------------------

----------------------
TP21227 allocated to 5
----------------------

----------------------
TP21804 allocated to 5
----------------------

----------------------
TP22040 allocated to 5
----------------------

----------------------
TP22135 allocated to 5
----------------------

----------------------
TP22903 allocated to 5
----------------------

----------------------
TP23087 allocated to 5
----------------------

----------------------
TP23287 allocated to 5
----------------------

----------------------
TP23694 allocated to 5
----------------------

----------------------
TP24050 allocated to 5
----------------------

----------------------
TP24399 allocated to 5
----------------------

----------------------
TP24740 allocated to 5
----------------------

----------------------
TP25310 allocated to 5
----------------------

----------------------
TP25447 allocated to 5
----------------------

----------------------
TP25508 allocated to 5
----------------------

----------------------
TP25823 allocated to 5
----------------------

----------------------
TP25913 allocated to 5
----------------------

----------------------
TP26078 allocated to 5
----------------------

----------------------
TP26187 allocated to 5
----------------------

----------------------
TP26285 allocated to 5
----------------------

----------------------
TP26481 allocated to 5
----------------------

----------------------
TP26517 allocated to 6
----------------------

----------------------
TP26610 allocated to 6
----------------------

----------------------
TP26839 allocated to 6
----------------------

----------------------
TP26899 allocated to 5
----------------------

----------------------
TP26930 allocated to 6
----------------------

----------------------
TP27029 allocated to 1
----------------------

----------------------
TP27460 allocated to 6
----------------------

----------------------
TP28539 allocated to 6
----------------------

----------------------
TP28631 allocated to 6
----------------------

----------------------
TP28834 allocated to 6
----------------------

----------------------
TP28975 allocated to 6
----------------------

----------------------
TP29356 allocated to 1
----------------------

----------------------
TP29437 allocated to 6
----------------------

----------------------
TP29597 allocated to 1
----------------------

----------------------
TP29806 allocated to 6
----------------------

----------------------
TP29852 allocated to 6
----------------------

----------------------
TP30448 allocated to 6
----------------------

----------------------
TP30693 allocated to 6
----------------------

----------------------
TP30835 allocated to 6
----------------------

----------------------
TP30868 allocated to 6
----------------------

----------------------
TP31292 allocated to 6
----------------------

----------------------
TP31435 allocated to 6
----------------------

----------------------
TP31495 allocated to 6
----------------------

----------------------
TP31956 allocated to 7
----------------------

----------------------
TP32170 allocated to 1
----------------------

----------------------
TP32367 allocated to 6
----------------------

----------------------
TP32529 allocated to 1
----------------------

----------------------
TP32607 allocated to 7
----------------------

----------------------
TP32686 allocated to 7
----------------------

----------------------
TP32719 allocated to 7
----------------------

----------------------
TP32752 allocated to 7
----------------------

----------------------
TP32790 allocated to 7
----------------------

----------------------
TP33038 allocated to 7
----------------------

----------------------
TP33189 allocated to 7
----------------------

----------------------
TP33358 allocated to 7
----------------------

----------------------
TP33596 allocated to 7
----------------------

----------------------
TP33957 allocated to 1
----------------------

----------------------
TP34554 allocated to 7
----------------------

----------------------
TP34969 allocated to 7
----------------------

----------------------
TP35162 allocated to 7
----------------------

----------------------
TP35310 allocated to 8
----------------------

----------------------
TP35377 allocated to 7
----------------------

----------------------
TP36843 allocated to 7
----------------------

----------------------
TP37636 allocated to 4
----------------------

----------------------
TP37638 allocated to 8
----------------------

----------------------
TP37991 allocated to 1
----------------------

----------------------
TP38327 allocated to 8
----------------------

----------------------
TP38869 allocated to 7
----------------------

----------------------
TP38928 allocated to 8
----------------------

----------------------
TP39164 allocated to 8
----------------------

----------------------
TP39174 allocated to 8
----------------------

----------------------
TP39183 allocated to 1
----------------------

----------------------
TP40152 allocated to 8
----------------------

----------------------
TP40266 allocated to 8
----------------------

----------------------
TP40920 allocated to 7
----------------------

----------------------
TP41120 allocated to 8
----------------------

----------------------
TP41281 allocated to 9
----------------------

----------------------
TP41976 allocated to 1
----------------------

----------------------
TP42112 allocated to 8
----------------------

----------------------
TP42193 allocated to 9
----------------------

----------------------
TP42504 allocated to 5
----------------------

----------------------
TP42519 allocated to 1
----------------------

----------------------
TP42627 allocated to 8
----------------------

----------------------
TP44122 allocated to 9
----------------------

----------------------
TP44779 allocated to 9
----------------------

----------------------
TP44993 allocated to 9
----------------------

----------------------
TP45261 allocated to 9
----------------------

----------------------
TP45297 allocated to 6
----------------------

----------------------
TP45703 allocated to 9
----------------------

----------------------
TP46229 allocated to 9
----------------------

----------------------
TP46402 allocated to 1
----------------------

----------------------
TP46554 allocated to 9
----------------------

----------------------
TP46606 allocated to 9
----------------------

----------------------
TP46632 allocated to 9
----------------------

----------------------
TP46974 allocated to 9
----------------------

----------------------
TP47467 allocated to 9
----------------------

----------------------
TP47541 allocated to 6
----------------------

----------------------
TP47614 allocated to 9
----------------------

----------------------
TP47726 allocated to 9
----------------------

----------------------
TP48346 allocated to 9
----------------------

----------------------
TP48383 allocated to 9
----------------------

----------------------
TP48869 allocated to 9
----------------------

----------------------
TP49174 allocated to 10
----------------------

----------------------
TP49241 allocated to 10
----------------------

----------------------
TP49561 allocated to 10
----------------------

----------------------
TP49562 allocated to 1
----------------------

-------------------------------------------------------------------------

Ride-sharing vs Individual Mode - Num Vehicles and Distance Comparisson 

-------------------------------------------------------------------------
Individual Mode = 192 vehicles.
Ride-sharing Mode = 11 vehicles. The 11 ride-sharing vehicles + 0 vehicles of the individuals not served by the ride-sharing service.
-------------------------------------------------------------------------
Individual Mode = 471 distance.
Ride-sharing Mode = 920 distance. 920 from the EV fleet + 0 from the distance of the trips not covered individuals had to do with their own vehicle.
-------------------------------------------------------------------------
