-------------------------------------------------------------------------
TPs satisfied = 95; Total TPs = 188; Percentage Satisfied + 50.5%
-------------------------------------------------------------------------

-------------------------------------------------------------------------

EVs

-------------------------------------------------------------------------
--------------------------------------
EV1
--------------------------------------
Num TPs served = 35
TPs served = 20 143 192 682 688 734 1102 1429 1635 1642 1830 2128 2348 2360 2533 2535 2669 2686 2981 2987 3257 3729 4608 4997 5839 18837 20538 21132 23500 27035 32896 33413 36956 47769 48195
Total energy used = 100
--------------------------------------
Schedule:
0 62 488 868 488 868 0 0 100 100 0 62 0
62 62 488 868 488 868 0 1 100 100 20 32 0
62 64 488 868 488 870 1 0 100 98 -20 32 2
64 277 488 870 488 870 0 0 98 98 0 213 0
277 279 488 870 488 868 0 1 98 96 143 32 2
279 280 488 868 488 868 1 1 96 96 0 1 0
280 282 488 868 490 868 1 0 96 94 -143 32 2
282 370 490 868 490 868 0 0 94 94 0 88 0
370 372 490 868 488 868 0 1 94 92 192 32 2
372 375 488 868 491 868 1 0 92 89 -192 32 3
375 1230 491 868 491 868 0 0 89 89 0 855 0
1230 1233 491 868 488 868 0 1 89 86 688 32 3
1233 1233 488 868 488 868 1 2 86 86 682 21 0
1233 1237 488 868 488 868 2 2 86 86 0 4 0
1237 1238 488 868 489 868 2 1 86 85 -688 32 1
1238 1240 489 868 488 869 1 0 85 83 -682 15 2
1240 1315 488 869 488 869 0 0 83 83 0 75 0
1315 1316 488 869 488 868 0 1 83 82 734 32 1
1316 1318 488 868 490 868 1 0 82 80 -734 32 2
1318 1929 490 868 490 868 0 0 80 80 0 611 0
1929 1931 490 868 488 868 0 1 80 78 1102 32 2
1931 1932 488 868 488 868 1 1 78 78 0 1 0
1932 1932 488 868 488 868 1 0 78 78 -1102 32 0
1932 2494 488 868 488 868 0 0 78 78 0 562 0
2494 2494 488 868 488 868 0 1 78 78 1429 32 0
2494 2496 488 868 488 868 1 1 78 78 0 2 0
2496 2500 488 868 492 868 1 0 78 74 -1429 32 4
2500 2863 492 868 492 868 0 0 74 74 0 363 0
2863 2867 492 868 488 868 0 1 74 70 1642 32 4
2867 2867 488 868 488 868 1 2 70 70 1635 22 0
2867 2871 488 868 491 869 2 1 70 66 -1642 32 4
2871 2873 491 869 490 868 1 0 66 64 -1635 21 2
2873 3196 490 868 490 868 0 0 64 64 0 323 0
3196 3198 490 868 488 868 0 1 64 62 1830 32 2
3198 3200 488 868 489 869 1 0 62 60 -1830 32 2
3200 3744 489 869 489 869 0 0 60 60 0 544 0
3744 3746 489 869 488 868 0 1 60 58 2128 32 2
3746 3748 488 868 489 869 1 0 58 56 -2128 32 2
3748 4191 489 869 489 869 0 0 56 56 0 443 0
4191 4193 489 869 488 868 0 1 56 54 2360 32 2
4193 4193 488 868 488 868 1 2 54 54 2348 11 0
4193 4194 488 868 488 868 2 2 54 54 0 1 0
4194 4197 488 868 489 870 2 1 54 51 -2360 32 3
4197 4202 489 870 492 868 1 0 51 46 -2348 7 5
4202 4485 492 868 492 868 0 0 46 46 0 283 0
4485 4489 492 868 488 868 0 1 46 42 18837 32 4
4489 4490 488 868 488 868 1 1 42 42 0 1 0
4490 4490 488 868 488 868 1 0 42 42 -18837 32 0
4490 4503 488 868 488 868 0 0 42 42 0 13 0
4503 4503 488 868 488 868 0 1 42 42 2535 32 0
4503 4503 488 868 488 868 1 2 42 42 2533 26 0
4503 4504 488 868 488 868 2 2 42 42 0 1 0
4504 4505 488 868 488 869 2 1 42 41 -2535 32 1
4505 4507 488 869 489 868 1 0 41 39 -2533 24 2
4507 4778 489 868 489 868 0 0 39 39 0 271 0
4778 4779 489 868 488 868 0 1 39 38 2686 32 1
4779 4779 488 868 488 868 1 2 38 38 2669 8 0
4779 4783 488 868 491 869 2 1 38 34 -2669 8 4
4783 4790 491 869 497 868 1 0 34 27 -2686 31 7
4790 5299 497 868 497 868 0 0 27 27 0 509 0
5299 5308 497 868 488 868 0 1 27 18 36956 32 9
5308 5309 488 868 488 868 1 1 18 18 0 1 0
5309 5309 488 868 488 868 1 0 18 18 -36956 32 0
5309 5327 488 868 488 868 0 0 18 18 0 18 0
5327 5327 488 868 488 868 0 1 18 18 2987 32 0
5327 5327 488 868 488 868 1 2 18 18 2981 26 0
5327 5329 488 868 489 869 2 1 18 16 -2987 32 2
5329 5330 489 869 489 868 1 0 16 15 -2981 26 1
5330 5798 489 868 489 868 0 0 15 15 0 468 0
5798 5799 489 868 488 868 0 1 15 14 3257 32 1
5799 5800 488 868 488 868 1 1 14 14 0 1 0
5800 5801 488 868 488 869 1 0 14 13 -3257 32 1
5801 6694 488 869 488 869 0 0 13 13 0 893 0
6694 6695 488 869 488 868 0 1 13 12 3729 32 1
6695 6696 488 868 488 869 1 0 12 11 -3729 32 1
6696 8327 488 869 488 869 0 0 11 11 0 1631 0
8327 8328 488 869 488 868 0 1 11 10 4608 32 1
8328 8329 488 868 489 868 1 0 10 9 -4608 32 1
8329 9069 489 868 489 868 0 0 9 9 0 740 0
9069 9070 489 868 488 868 0 1 9 8 4997 32 1
9070 9074 488 868 491 869 1 0 8 4 -4997 32 4
9074 9539 491 869 491 869 0 0 4 4 0 465 0
9539 9543 491 869 488 868 0 1 4 0 20538 32 4
9543 9545 488 868 488 868 1 1 0 0 0 2 0
9545 9545 488 868 488 868 1 0 0 0 -20538 32 0
9545 10684 488 868 488 868 0 0 0 0 0 1139 0
10684 10684 488 868 488 868 0 1 0 0 5839 32 0
10684 10687 488 868 488 868 1 1 0 0 0 3 0
10687 10687 488 868 488 868 1 0 0 0 -5839 32 0
10687 11091 488 868 488 868 0 0 0 0 0 404 0
11091 11091 488 868 488 868 0 1 0 0 21132 32 0
11091 11095 488 868 488 868 1 1 0 0 0 4 0
11095 11095 488 868 488 868 1 0 0 0 -21132 32 0
11095 17169 488 868 488 868 0 0 0 0 0 6074 0
17169 17169 488 868 488 868 0 1 0 0 23500 32 0
17169 17170 488 868 488 868 1 1 0 0 0 1 0
17170 17170 488 868 488 868 1 0 0 0 -23500 32 0
17170 24716 488 868 488 868 0 0 0 0 0 7546 0
24716 24716 488 868 488 868 0 1 0 0 27035 32 0
24716 24717 488 868 488 868 1 1 0 0 0 1 0
24717 24717 488 868 488 868 1 0 0 0 -27035 32 0
24717 28819 488 868 488 868 0 0 0 0 0 4102 0
28819 28819 488 868 488 868 0 1 0 0 47769 32 0
28819 28820 488 868 488 868 1 1 0 0 0 1 0
28820 28820 488 868 488 868 1 0 0 0 -47769 32 0
28820 29589 488 868 488 868 0 0 0 0 0 769 0
29589 29589 488 868 488 868 0 1 0 0 48195 32 0
29589 29590 488 868 488 868 1 1 0 0 0 1 0
29590 29590 488 868 488 868 1 0 0 0 -48195 32 0
29590 36888 488 868 488 868 0 0 0 0 0 7298 0
36888 36888 488 868 488 868 0 1 0 0 32896 32 0
36888 36890 488 868 488 868 1 1 0 0 0 2 0
36890 36890 488 868 488 868 1 0 0 0 -32896 32 0
36890 38193 488 868 488 868 0 0 0 0 0 1303 0
38193 38193 488 868 488 868 0 1 0 0 33413 32 0
38193 38195 488 868 488 868 1 1 0 0 0 2 0
38195 38195 488 868 488 868 1 0 0 0 -33413 32 0
38195 43267 488 868 488 868 0 0 0 0 0 5072 0
43267 43267 488 868 488 868 0 0 0 0 1000000000 0 0
--------------------------------------
--------------------------------------
EV2
--------------------------------------
Num TPs served = 13
TPs served = 5153 5267 5394 5647 6044 6330 6614 6838 6912 8107 21518 21743 38581
Total energy used = 100
--------------------------------------
Schedule:
0 9357 488 868 488 868 0 0 100 100 0 9357 0
9357 9357 488 868 488 868 0 1 100 100 5153 32 0
9357 9361 488 868 492 868 1 0 100 96 -5153 32 4
9361 9567 492 868 492 868 0 0 96 96 0 206 0
9567 9571 492 868 488 868 0 1 96 92 5267 32 4
9571 9572 488 868 488 868 1 1 92 92 0 1 0
9572 9584 488 868 491 877 1 0 92 80 -5267 32 12
9584 9800 491 877 491 877 0 0 80 80 0 216 0
9800 9812 491 877 488 868 0 1 80 68 5394 32 12
9812 9842 488 868 488 868 1 1 68 68 0 30 0
9842 9842 488 868 488 868 1 2 68 68 38581 32 0
9842 9843 488 868 489 868 2 1 68 67 -38581 32 1
9843 9851 489 868 497 868 1 0 67 59 -5394 2 8
9851 10315 497 868 497 868 0 0 59 59 0 464 0
10315 10324 497 868 488 868 0 1 59 50 5647 32 9
10324 10326 488 868 488 868 1 1 50 50 0 2 0
10326 10329 488 868 488 871 1 0 50 47 -5647 32 3
10329 11071 488 871 488 871 0 0 47 47 0 742 0
11071 11074 488 871 488 868 0 1 47 44 6044 32 3
11074 11078 488 868 488 868 1 1 44 44 0 4 0
11078 11080 488 868 488 870 1 0 44 42 -6044 32 2
11080 11612 488 870 488 870 0 0 42 42 0 532 0
11612 11614 488 870 488 868 0 1 42 40 6330 32 2
11614 11626 488 868 500 868 1 0 40 28 -6330 32 12
11626 12148 500 868 500 868 0 0 28 28 0 522 0
12148 12160 500 868 488 868 0 1 28 16 21518 32 12
12160 12185 488 868 488 868 1 1 16 16 0 25 0
12185 12185 488 868 488 868 1 2 16 16 6614 32 0
12185 12186 488 868 489 868 2 1 16 15 -21518 7 1
12186 12192 489 868 489 868 1 1 15 15 0 6 0
12192 12193 489 868 489 869 1 0 15 14 -6614 32 1
12193 12658 489 869 489 869 0 0 14 14 0 465 0
12658 12660 489 869 488 868 0 1 14 12 6838 32 2
12660 12665 488 868 488 868 1 1 12 12 0 5 0
12665 12666 488 868 488 869 1 0 12 11 -6838 32 1
12666 12796 488 869 488 869 0 0 11 11 0 130 0
12796 12797 488 869 488 868 0 1 11 10 21743 32 1
12797 12811 488 868 488 868 1 1 10 10 0 14 0
12811 12811 488 868 488 868 1 2 10 10 6912 32 0
12811 12812 488 868 488 869 2 1 10 9 -21743 18 1
12812 12815 488 869 491 869 1 0 9 6 -6912 32 3
12815 15469 491 869 491 869 0 0 6 6 0 2654 0
15469 15473 491 869 488 868 0 1 6 2 8107 32 4
15473 15474 488 868 489 868 1 0 2 1 -8107 32 1
15474 43266 489 868 489 868 0 0 1 1 0 27792 0
43266 43267 489 868 488 868 0 0 1 0 1000000000 0 1
--------------------------------------
--------------------------------------
EV3
--------------------------------------
Num TPs served = 9
TPs served = 7964 8183 8658 8763 9187 9269 9567 9668 9851
Total energy used = 100
--------------------------------------
Schedule:
0 15119 488 868 488 868 0 0 100 100 0 15119 0
15119 15119 488 868 488 868 0 1 100 100 7964 32 0
15119 15120 488 868 488 868 1 1 100 100 0 1 0
15120 15123 488 868 491 868 1 0 100 97 -7964 32 3
15123 15634 491 868 491 868 0 0 97 97 0 511 0
15634 15637 491 868 488 868 0 1 97 94 8183 32 3
15637 15645 488 868 496 868 1 0 94 86 -8183 32 8
15645 16746 496 868 496 868 0 0 86 86 0 1101 0
16746 16754 496 868 488 868 0 1 86 78 8658 32 8
16754 16755 488 868 488 868 1 1 78 78 0 1 0
16755 16758 488 868 490 869 1 0 78 75 -8658 32 3
16758 17048 490 869 490 869 0 0 75 75 0 290 0
17048 17051 490 869 488 868 0 1 75 72 8763 32 3
17051 17052 488 868 488 869 1 0 72 71 -8763 32 1
17052 18134 488 869 488 869 0 0 71 71 0 1082 0
18134 18135 488 869 488 868 0 1 71 70 9187 32 1
18135 18137 488 868 490 868 1 0 70 68 -9187 32 2
18137 18397 490 868 490 868 0 0 68 68 0 260 0
18397 18399 490 868 488 868 0 1 68 66 9269 32 2
18399 18415 488 868 490 882 1 0 66 50 -9269 32 16
18415 19196 490 882 490 882 0 0 50 50 0 781 0
19196 19212 490 882 488 868 0 1 50 34 9567 32 16
19212 19216 488 868 491 869 1 0 34 30 -9567 32 4
19216 19455 491 869 491 869 0 0 30 30 0 239 0
19455 19459 491 869 488 868 0 1 30 26 9668 32 4
19459 19460 488 868 489 868 1 0 26 25 -9668 32 1
19460 20025 489 868 489 868 0 0 25 25 0 565 0
20025 20026 489 868 488 868 0 1 25 24 9851 32 1
20026 20038 488 868 500 868 1 0 24 12 -9851 32 12
20038 43255 500 868 500 868 0 0 12 12 0 23217 0
43255 43267 500 868 488 868 0 0 12 0 1000000000 0 12
--------------------------------------
--------------------------------------
EV4
--------------------------------------
Num TPs served = 21
TPs served = 9874 10057 10198 10362 10421 10754 11818 11925 11936 12147 12272 12388 12985 13553 13601 13880 13994 14351 15635 25225 47066
Total energy used = 100
--------------------------------------
Schedule:
0 20069 488 868 488 868 0 0 100 100 0 20069 0
20069 20069 488 868 488 868 0 1 100 100 9874 32 0
20069 20070 488 868 488 868 1 1 100 100 0 1 0
20070 20071 488 868 489 868 1 0 100 99 -9874 32 1
20071 20566 489 868 489 868 0 0 99 99 0 495 0
20566 20567 489 868 488 868 0 1 99 98 10057 32 1
20567 20568 488 868 488 869 1 0 98 97 -10057 32 1
20568 20987 488 869 488 869 0 0 97 97 0 419 0
20987 20988 488 869 488 868 0 1 97 96 25225 32 1
20988 20988 488 868 488 868 1 2 96 96 10198 12 0
20988 20989 488 868 489 868 2 1 96 95 -25225 32 1
20989 20991 489 868 490 869 1 0 95 93 -10198 12 2
20991 21453 490 869 490 869 0 0 93 93 0 462 0
21453 21456 490 869 488 868 0 1 93 90 10362 32 3
21456 21457 488 868 488 868 1 1 90 90 0 1 0
21457 21460 488 868 489 870 1 0 90 87 -10362 32 3
21460 21611 489 870 489 870 0 0 87 87 0 151 0
21611 21614 489 870 488 868 0 1 87 84 10421 32 3
21614 21618 488 868 492 868 1 0 84 80 -10421 32 4
21618 22577 492 868 492 868 0 0 80 80 0 959 0
22577 22581 492 868 488 868 0 1 80 76 10754 32 4
22581 22582 488 868 489 868 1 0 76 75 -10754 32 1
22582 26071 489 868 489 868 0 0 75 75 0 3489 0
26071 26072 489 868 488 868 0 1 75 74 11818 32 1
26072 26074 488 868 488 868 1 1 74 74 0 2 0
26074 26076 488 868 490 868 1 0 74 72 -11818 32 2
26076 26437 490 868 490 868 0 0 72 72 0 361 0
26437 26439 490 868 488 868 0 1 72 70 11925 32 2
26439 26440 488 868 488 868 1 1 70 70 0 1 0
26440 26445 488 868 492 869 1 0 70 65 -11925 32 5
26445 26474 492 869 492 869 0 0 65 65 0 29 0
26474 26479 492 869 488 868 0 1 65 60 11936 32 5
26479 26484 488 868 489 872 1 0 60 55 -11936 32 5
26484 27211 489 872 489 872 0 0 55 55 0 727 0
27211 27216 489 872 488 868 0 1 55 50 12147 32 5
27216 27217 488 868 488 868 1 1 50 50 0 1 0
27217 27222 488 868 493 868 1 0 50 45 -12147 32 5
27222 27660 493 868 493 868 0 0 45 45 0 438 0
27660 27665 493 868 488 868 0 1 45 40 47066 32 5
27665 27665 488 868 488 868 1 2 40 40 12272 28 0
27665 27666 488 868 488 868 2 2 40 40 0 1 0
27666 27668 488 868 490 868 2 1 40 38 -47066 32 2
27668 27668 490 868 490 868 1 0 38 38 -12272 29 0
27668 28036 490 868 490 868 0 0 38 38 0 368 0
28036 28038 490 868 488 868 0 1 38 36 12388 32 2
28038 28039 488 868 488 868 1 1 36 36 0 1 0
28039 28040 488 868 488 869 1 0 36 35 -12388 32 1
28040 30230 488 869 488 869 0 0 35 35 0 2190 0
30230 30231 488 869 488 868 0 1 35 34 12985 32 1
30231 30235 488 868 491 869 1 0 34 30 -12985 32 4
30235 32312 491 869 491 869 0 0 30 30 0 2077 0
32312 32316 491 869 488 868 0 1 30 26 13553 32 4
32316 32318 488 868 490 868 1 0 26 24 -13553 32 2
32318 32509 490 868 490 868 0 0 24 24 0 191 0
32509 32511 490 868 488 868 0 1 24 22 13601 32 2
32511 32512 488 868 488 869 1 0 22 21 -13601 32 1
32512 33506 488 869 488 869 0 0 21 21 0 994 0
33506 33507 488 869 488 868 0 1 21 20 13880 32 1
33507 33510 488 868 490 869 1 0 20 17 -13880 32 3
33510 33951 490 869 490 869 0 0 17 17 0 441 0
33951 33954 490 869 488 868 0 1 17 14 13994 32 3
33954 33959 488 868 493 868 1 0 14 9 -13994 32 5
33959 35298 493 868 493 868 0 0 9 9 0 1339 0
35298 35303 493 868 488 868 0 1 9 4 14351 32 5
35303 35304 488 868 489 868 1 0 4 3 -14351 32 1
35304 40082 489 868 489 868 0 0 3 3 0 4778 0
40082 40083 489 868 488 868 0 1 3 2 15635 32 1
40083 40084 488 868 489 868 1 0 2 1 -15635 32 1
40084 43266 489 868 489 868 0 0 1 1 0 3182 0
43266 43267 489 868 488 868 0 0 1 0 1000000000 0 1
--------------------------------------
--------------------------------------
EV5
--------------------------------------
Num TPs served = 17
TPs served = 14808 15070 15284 15820 15986 16151 16677 16794 16851 16984 17015 17322 17407 17440 17475 17782 17912
Total energy used = 100
--------------------------------------
Schedule:
0 167 488 868 488 868 0 0 100 100 0 167 0
167 167 488 868 488 868 0 1 100 100 17475 32 0
167 168 488 868 489 868 1 0 100 99 -17475 32 1
168 1138 489 868 489 868 0 0 99 99 0 970 0
1138 1139 489 868 488 868 0 1 99 98 17782 32 1
1139 1140 488 868 489 868 1 0 98 97 -17782 32 1
1140 1555 489 868 489 868 0 0 97 97 0 415 0
1555 1556 489 868 488 868 0 1 97 96 17912 32 1
1556 1559 488 868 491 868 1 0 96 93 -17912 32 3
1559 37068 491 868 491 868 0 0 93 93 0 35509 0
37068 37071 491 868 488 868 0 1 93 90 14808 32 3
37071 37075 488 868 492 868 1 0 90 86 -14808 32 4
37075 38040 492 868 492 868 0 0 86 86 0 965 0
38040 38044 492 868 488 868 0 1 86 82 15070 32 4
38044 38055 488 868 492 875 1 0 82 71 -15070 32 11
38055 38897 492 875 492 875 0 0 71 71 0 842 0
38897 38908 492 875 488 868 0 1 71 60 15284 32 11
38908 38910 488 868 488 870 1 0 60 58 -15284 32 2
38910 40419 488 870 488 870 0 0 58 58 0 1509 0
40419 40421 488 870 488 868 0 1 58 56 15820 32 2
40421 40422 488 868 488 868 1 1 56 56 0 1 0
40422 40425 488 868 490 869 1 0 56 53 -15820 32 3
40425 40711 490 869 490 869 0 0 53 53 0 286 0
40711 40714 490 869 488 868 0 1 53 50 15986 32 3
40714 40716 488 868 489 869 1 0 50 48 -15986 32 2
40716 41037 489 869 489 869 0 0 48 48 0 321 0
41037 41039 489 869 488 868 0 1 48 46 16151 32 2
41039 41040 488 868 488 868 1 1 46 46 0 1 0
41040 41045 488 868 491 870 1 0 46 41 -16151 32 5
41045 41906 491 870 491 870 0 0 41 41 0 861 0
41906 41911 491 870 488 868 0 1 41 36 16677 32 5
41911 41914 488 868 491 868 1 0 36 33 -16677 32 3
41914 42119 491 868 491 868 0 0 33 33 0 205 0
42119 42122 491 868 488 868 0 1 33 30 16794 32 3
42122 42123 488 868 489 868 1 0 30 29 -16794 32 1
42123 42226 489 868 489 868 0 0 29 29 0 103 0
42226 42227 489 868 488 868 0 1 29 28 16851 32 1
42227 42228 488 868 489 868 1 0 28 27 -16851 32 1
42228 42470 489 868 489 868 0 0 27 27 0 242 0
42470 42471 489 868 488 868 0 1 27 26 16984 32 1
42471 42474 488 868 488 868 1 1 26 26 0 3 0
42474 42475 488 868 488 869 1 0 26 25 -16984 32 1
42475 42536 488 869 488 869 0 0 25 25 0 61 0
42536 42537 488 869 488 868 0 1 25 24 17015 32 1
42537 42540 488 868 488 868 1 1 24 24 0 3 0
42540 42541 488 868 488 869 1 0 24 23 -17015 32 1
42541 43039 488 869 488 869 0 0 23 23 0 498 0
43039 43040 488 869 488 868 0 1 23 22 17322 32 1
43040 43041 488 868 488 868 1 1 22 22 0 1 0
43041 43042 488 868 489 868 1 0 22 21 -17322 32 1
43042 43180 489 868 489 868 0 0 21 21 0 138 0
43180 43181 489 868 488 868 0 1 21 20 17407 32 1
43181 43189 488 868 496 868 1 0 20 12 -17407 32 8
43189 43223 496 868 496 868 0 0 12 12 0 34 0
43223 43231 496 868 488 868 0 1 12 4 17440 32 8
43231 43232 488 868 488 868 1 1 4 4 0 1 0
43232 43234 488 868 489 869 1 0 4 2 -17440 32 2
43234 43265 489 869 489 869 0 0 2 2 0 31 0
43265 43267 489 869 488 868 0 0 2 0 1000000000 0 2
--------------------------------------

-------------------------------------------------------------------------

TPs

-------------------------------------------------------------------------

----------------------
TP20 allocated to 1
----------------------

----------------------
TP143 allocated to 1
----------------------

----------------------
TP192 allocated to 1
----------------------

----------------------
TP682 allocated to 1
----------------------

----------------------
TP688 allocated to 1
----------------------

----------------------
TP734 allocated to 1
----------------------

----------------------
TP1102 allocated to 1
----------------------

----------------------
TP1429 allocated to 1
----------------------

----------------------
TP1635 allocated to 1
----------------------

----------------------
TP1642 allocated to 1
----------------------

----------------------
TP1830 allocated to 1
----------------------

----------------------
TP2128 allocated to 1
----------------------

----------------------
TP2348 allocated to 1
----------------------

----------------------
TP2360 allocated to 1
----------------------

----------------------
TP2533 allocated to 1
----------------------

----------------------
TP2535 allocated to 1
----------------------

----------------------
TP2669 allocated to 1
----------------------

----------------------
TP2686 allocated to 1
----------------------

----------------------
TP2981 allocated to 1
----------------------

----------------------
TP2987 allocated to 1
----------------------

----------------------
TP3257 allocated to 1
----------------------

----------------------
TP3729 allocated to 1
----------------------

----------------------
TP4608 allocated to 1
----------------------

----------------------
TP4997 allocated to 1
----------------------

----------------------
TP5153 allocated to 2
----------------------

----------------------
TP5267 allocated to 2
----------------------

----------------------
TP5394 allocated to 2
----------------------

----------------------
TP5647 allocated to 2
----------------------

----------------------
TP5839 allocated to 1
----------------------

----------------------
TP6044 allocated to 2
----------------------

----------------------
TP6330 allocated to 2
----------------------

----------------------
TP6614 allocated to 2
----------------------

----------------------
TP6838 allocated to 2
----------------------

----------------------
TP6912 allocated to 2
----------------------

----------------------
TP7964 allocated to 3
----------------------

----------------------
TP8107 allocated to 2
----------------------

----------------------
TP8183 allocated to 3
----------------------

----------------------
TP8658 allocated to 3
----------------------

----------------------
TP8763 allocated to 3
----------------------

----------------------
TP9187 allocated to 3
----------------------

----------------------
TP9269 allocated to 3
----------------------

----------------------
TP9567 allocated to 3
----------------------

----------------------
TP9668 allocated to 3
----------------------

----------------------
TP9851 allocated to 3
----------------------

----------------------
TP9874 allocated to 4
----------------------

----------------------
TP10057 allocated to 4
----------------------

----------------------
TP10198 allocated to 4
----------------------

----------------------
TP10362 allocated to 4
----------------------

----------------------
TP10421 allocated to 4
----------------------

----------------------
TP10754 allocated to 4
----------------------

----------------------
TP11818 allocated to 4
----------------------

----------------------
TP11925 allocated to 4
----------------------

----------------------
TP11936 allocated to 4
----------------------

----------------------
TP12147 allocated to 4
----------------------

----------------------
TP12272 allocated to 4
----------------------

----------------------
TP12388 allocated to 4
----------------------

----------------------
TP12985 allocated to 4
----------------------

----------------------
TP13553 allocated to 4
----------------------

----------------------
TP13601 allocated to 4
----------------------

----------------------
TP13880 allocated to 4
----------------------

----------------------
TP13994 allocated to 4
----------------------

----------------------
TP14351 allocated to 4
----------------------

----------------------
TP14808 allocated to 5
----------------------

----------------------
TP15070 allocated to 5
----------------------

----------------------
TP15284 allocated to 5
----------------------

----------------------
TP15635 allocated to 4
----------------------

----------------------
TP15820 allocated to 5
----------------------

----------------------
TP15986 allocated to 5
----------------------

----------------------
TP16151 allocated to 5
----------------------

----------------------
TP16677 allocated to 5
----------------------

----------------------
TP16794 allocated to 5
----------------------

----------------------
TP16851 allocated to 5
----------------------

----------------------
TP16984 allocated to 5
----------------------

----------------------
TP17015 allocated to 5
----------------------

----------------------
TP17322 allocated to 5
----------------------

----------------------
TP17407 allocated to 5
----------------------

----------------------
TP17440 allocated to 5
----------------------

----------------------
TP17475 allocated to 5
----------------------

----------------------
TP17782 allocated to 5
----------------------

----------------------
TP17912 allocated to 5
----------------------

----------------------
TP18058 not allocated
----------------------

----------------------
TP18358 not allocated
----------------------

----------------------
TP18410 not allocated
----------------------

----------------------
TP18717 not allocated
----------------------

----------------------
TP18837 allocated to 1
----------------------

----------------------
TP19355 not allocated
----------------------

----------------------
TP19437 not allocated
----------------------

----------------------
TP20074 not allocated
----------------------

----------------------
TP20454 not allocated
----------------------

----------------------
TP20538 allocated to 1
----------------------

----------------------
TP21132 allocated to 1
----------------------

----------------------
TP21518 allocated to 2
----------------------

----------------------
TP21581 not allocated
----------------------

----------------------
TP21723 not allocated
----------------------

----------------------
TP21743 allocated to 2
----------------------

----------------------
TP22169 not allocated
----------------------

----------------------
TP22178 not allocated
----------------------

----------------------
TP22420 not allocated
----------------------

----------------------
TP22746 not allocated
----------------------

----------------------
TP22760 not allocated
----------------------

----------------------
TP23500 allocated to 1
----------------------

----------------------
TP23538 not allocated
----------------------

----------------------
TP23601 not allocated
----------------------

----------------------
TP23886 not allocated
----------------------

----------------------
TP24913 not allocated
----------------------

----------------------
TP25225 allocated to 4
----------------------

----------------------
TP25297 not allocated
----------------------

----------------------
TP25657 not allocated
----------------------

----------------------
TP25745 not allocated
----------------------

----------------------
TP25862 not allocated
----------------------

----------------------
TP26256 not allocated
----------------------

----------------------
TP26338 not allocated
----------------------

----------------------
TP26785 not allocated
----------------------

----------------------
TP26989 not allocated
----------------------

----------------------
TP27035 allocated to 1
----------------------

----------------------
TP27566 not allocated
----------------------

----------------------
TP27591 not allocated
----------------------

----------------------
TP28156 not allocated
----------------------

----------------------
TP28501 not allocated
----------------------

----------------------
TP29650 not allocated
----------------------

----------------------
TP29675 not allocated
----------------------

----------------------
TP29772 not allocated
----------------------

----------------------
TP29787 not allocated
----------------------

----------------------
TP29959 not allocated
----------------------

----------------------
TP30104 not allocated
----------------------

----------------------
TP30574 not allocated
----------------------

----------------------
TP30597 not allocated
----------------------

----------------------
TP31152 not allocated
----------------------

----------------------
TP31197 not allocated
----------------------

----------------------
TP31469 not allocated
----------------------

----------------------
TP31899 not allocated
----------------------

----------------------
TP31922 not allocated
----------------------

----------------------
TP32334 not allocated
----------------------

----------------------
TP32497 not allocated
----------------------

----------------------
TP32600 not allocated
----------------------

----------------------
TP32603 not allocated
----------------------

----------------------
TP32725 not allocated
----------------------

----------------------
TP32746 not allocated
----------------------

----------------------
TP32896 allocated to 1
----------------------

----------------------
TP33289 not allocated
----------------------

----------------------
TP33328 not allocated
----------------------

----------------------
TP33413 allocated to 1
----------------------

----------------------
TP33686 not allocated
----------------------

----------------------
TP34081 not allocated
----------------------

----------------------
TP34179 not allocated
----------------------

----------------------
TP34649 not allocated
----------------------

----------------------
TP34855 not allocated
----------------------

----------------------
TP35445 not allocated
----------------------

----------------------
TP35503 not allocated
----------------------

----------------------
TP35713 not allocated
----------------------

----------------------
TP36041 not allocated
----------------------

----------------------
TP36956 allocated to 1
----------------------

----------------------
TP37361 not allocated
----------------------

----------------------
TP37817 not allocated
----------------------

----------------------
TP37857 not allocated
----------------------

----------------------
TP38096 not allocated
----------------------

----------------------
TP38581 allocated to 2
----------------------

----------------------
TP38643 not allocated
----------------------

----------------------
TP38647 not allocated
----------------------

----------------------
TP39287 not allocated
----------------------

----------------------
TP39642 not allocated
----------------------

----------------------
TP39656 not allocated
----------------------

----------------------
TP39686 not allocated
----------------------

----------------------
TP40188 not allocated
----------------------

----------------------
TP40204 not allocated
----------------------

----------------------
TP40402 not allocated
----------------------

----------------------
TP40446 not allocated
----------------------

----------------------
TP40629 not allocated
----------------------

----------------------
TP41398 not allocated
----------------------

----------------------
TP42370 not allocated
----------------------

----------------------
TP42376 not allocated
----------------------

----------------------
TP42605 not allocated
----------------------

----------------------
TP43098 not allocated
----------------------

----------------------
TP44180 not allocated
----------------------

----------------------
TP44628 not allocated
----------------------

----------------------
TP44669 not allocated
----------------------

----------------------
TP45861 not allocated
----------------------

----------------------
TP46066 not allocated
----------------------

----------------------
TP46472 not allocated
----------------------

----------------------
TP46569 not allocated
----------------------

----------------------
TP46983 not allocated
----------------------

----------------------
TP47066 allocated to 4
----------------------

----------------------
TP47769 allocated to 1
----------------------

----------------------
TP48195 allocated to 1
----------------------

----------------------
TP48507 not allocated
----------------------

----------------------
TP49608 not allocated
----------------------

----------------------
TP49784 not allocated
----------------------

----------------------
TP49831 not allocated
----------------------

-------------------------------------------------------------------------

Ride-sharing vs Individual Mode - Num Vehicles and Distance Comparisson 

-------------------------------------------------------------------------
Individual Mode = 188 vehicles.
Ride-sharing Mode = 98 vehicles. The 5 ride-sharing vehicles + 93 vehicles of the individuals not served by the ride-sharing service.
-------------------------------------------------------------------------
Individual Mode = 508 distance.
Ride-sharing Mode = 745 distance. 500 from the EV fleet + 245 from the distance of the trips not covered individuals had to do with their own vehicle.
-------------------------------------------------------------------------
