-------------------------------------------------------------------------
TPs satisfied = 88; Total TPs = 192; Percentage Satisfied + 45.800000000000004%
-------------------------------------------------------------------------

-------------------------------------------------------------------------

EVs

-------------------------------------------------------------------------
--------------------------------------
EV1
--------------------------------------
Num TPs served = 49
TPs served = 127 132 369 434 460 755 1186 1369 1810 2397 2735 3101 3262 3497 3525 3903 3994 4423 4984 5483 5624 5883 5946 5964 7295 8144 9138 14566 16832 19311 20622 27238 29347 29674 31261 32712 32999 34421 35379 38621 38685 39950 41242 42920 43283 43651 45572 46758 46992
Total energy used = 100
--------------------------------------
Schedule:
0 257 427 124 427 124 0 0 100 100 0 257 0
257 257 427 124 427 124 0 1 100 100 132 32 0
257 257 427 124 427 124 1 2 100 100 127 20 0
257 258 427 124 427 124 2 2 100 100 0 1 0
258 259 427 124 428 124 2 1 100 99 -132 32 1
259 266 428 124 427 130 1 0 99 92 -127 19 7
266 691 427 130 427 130 0 0 92 92 0 425 0
691 697 427 130 427 124 0 1 92 86 35379 32 6
697 697 427 124 427 124 1 2 86 86 369 32 0
697 698 427 124 427 124 2 2 86 86 0 1 0
698 698 427 124 427 124 2 1 86 86 -35379 32 0
698 699 427 124 428 124 1 0 86 85 -369 31 1
699 790 428 124 428 124 0 0 85 85 0 91 0
790 791 428 124 427 124 0 1 85 84 434 32 1
791 792 427 124 427 124 1 1 84 84 0 1 0
792 793 427 124 428 124 1 0 84 83 -434 32 1
793 830 428 124 428 124 0 0 83 83 0 37 0
830 831 428 124 427 124 0 1 83 82 460 32 1
831 833 427 124 427 124 1 1 82 82 0 2 0
833 833 427 124 427 124 1 0 82 82 -460 32 0
833 1355 427 124 427 124 0 0 82 82 0 522 0
1355 1355 427 124 427 124 0 1 82 82 755 32 0
1355 1357 427 124 428 125 1 0 82 80 -755 32 2
1357 2067 428 125 428 125 0 0 80 80 0 710 0
2067 2069 428 125 427 124 0 1 80 78 1186 32 2
2069 2070 427 124 427 125 1 0 78 77 -1186 32 1
2070 2397 427 125 427 125 0 0 77 77 0 327 0
2397 2398 427 125 427 124 0 1 77 76 1369 32 1
2398 2399 427 124 427 124 1 1 76 76 0 1 0
2399 2404 427 124 430 126 1 0 76 71 -1369 32 5
2404 3156 430 126 430 126 0 0 71 71 0 752 0
3156 3161 430 126 427 124 0 1 71 66 1810 32 5
3161 3162 427 124 427 124 1 1 66 66 0 1 0
3162 3162 427 124 427 124 1 0 66 66 -1810 32 0
3162 4258 427 124 427 124 0 0 66 66 0 1096 0
4258 4258 427 124 427 124 0 1 66 66 2397 32 0
4258 4260 427 124 428 125 1 0 66 64 -2397 32 2
4260 4869 428 125 428 125 0 0 64 64 0 609 0
4869 4871 428 125 427 124 0 1 64 62 2735 32 2
4871 4878 427 124 430 128 1 0 62 55 -2735 32 7
4878 5518 430 128 430 128 0 0 55 55 0 640 0
5518 5525 430 128 427 124 0 1 55 48 3101 32 7
5525 5526 427 124 427 124 1 1 48 48 0 1 0
5526 5527 427 124 427 125 1 0 48 47 -3101 32 1
5527 5814 427 125 427 125 0 0 47 47 0 287 0
5814 5815 427 125 427 124 0 1 47 46 3262 32 1
5815 5816 427 124 428 124 1 0 46 45 -3262 32 1
5816 5919 428 124 428 124 0 0 45 45 0 103 0
5919 5920 428 124 427 124 0 1 45 44 19311 32 1
5920 5922 427 124 427 124 1 1 44 44 0 2 0
5922 5922 427 124 427 124 1 0 44 44 -19311 32 0
5922 6237 427 124 427 124 0 0 44 44 0 315 0
6237 6237 427 124 427 124 0 1 44 44 3497 32 0
6237 6238 427 124 427 124 1 1 44 44 0 1 0
6238 6238 427 124 427 124 1 0 44 44 -3497 32 0
6238 6298 427 124 427 124 0 0 44 44 0 60 0
6298 6298 427 124 427 124 0 1 44 44 3525 32 0
6298 6299 427 124 427 124 1 1 44 44 0 1 0
6299 6299 427 124 427 124 1 0 44 44 -3525 32 0
6299 6989 427 124 427 124 0 0 44 44 0 690 0
6989 6989 427 124 427 124 0 1 44 44 3903 32 0
6989 6990 427 124 428 124 1 0 44 43 -3903 32 1
6990 7186 428 124 428 124 0 0 43 43 0 196 0
7186 7187 428 124 427 124 0 1 43 42 3994 32 1
7187 7188 427 124 427 125 1 0 42 41 -3994 32 1
7188 7958 427 125 427 125 0 0 41 41 0 770 0
7958 7959 427 125 427 124 0 1 41 40 4423 32 1
7959 7964 427 124 430 126 1 0 40 35 -4423 32 5
7964 9037 430 126 430 126 0 0 35 35 0 1073 0
9037 9042 430 126 427 124 0 1 35 30 4984 32 5
9042 9043 427 124 427 125 1 0 30 29 -4984 32 1
9043 9760 427 125 427 125 0 0 29 29 0 717 0
9760 9761 427 125 427 124 0 1 29 28 20622 32 1
9761 9762 427 124 427 124 1 1 28 28 0 1 0
9762 9762 427 124 427 124 1 0 28 28 -20622 32 0
9762 9946 427 124 427 124 0 0 28 28 0 184 0
9946 9946 427 124 427 124 0 1 28 28 38621 32 0
9946 9967 427 124 427 124 1 1 28 28 0 21 0
9967 9967 427 124 427 124 1 2 28 28 5483 32 0
9967 9968 427 124 428 124 2 1 28 27 -38621 11 1
9968 9969 428 124 429 124 1 0 27 26 -5483 32 1
9969 10125 429 124 429 124 0 0 26 26 0 156 0
10125 10127 429 124 427 124 0 1 26 24 38685 32 2
10127 10128 427 124 427 124 1 1 24 24 0 1 0
10128 10128 427 124 427 124 1 0 24 24 -38685 32 0
10128 10265 427 124 427 124 0 0 24 24 0 137 0
10265 10265 427 124 427 124 0 1 24 24 5624 32 0
10265 10267 427 124 428 125 1 0 24 22 -5624 32 2
10267 10761 428 125 428 125 0 0 22 22 0 494 0
10761 10763 428 125 427 124 0 1 22 20 5883 32 2
10763 10764 427 124 427 124 1 1 20 20 0 1 0
10764 10768 427 124 431 124 1 0 20 16 -5883 32 4
10768 10876 431 124 431 124 0 0 16 16 0 108 0
10876 10880 431 124 427 124 0 1 16 12 5946 32 4
10880 10883 427 124 429 125 1 0 12 9 -5946 32 3
10883 10918 429 125 429 125 0 0 9 9 0 35 0
10918 10921 429 125 427 124 0 1 9 6 5964 32 3
10921 10924 427 124 427 124 1 1 6 6 0 3 0
10924 10924 427 124 427 124 1 0 6 6 -5964 32 0
10924 13272 427 124 427 124 0 0 6 6 0 2348 0
13272 13272 427 124 427 124 0 1 6 6 39950 32 0
13272 13273 427 124 427 124 1 1 6 6 0 1 0
13273 13273 427 124 427 124 1 0 6 6 -39950 32 0
13273 13665 427 124 427 124 0 0 6 6 0 392 0
13665 13665 427 124 427 124 0 1 6 6 7295 32 0
13665 13667 427 124 427 124 1 1 6 6 0 2 0
13667 13667 427 124 427 124 1 0 6 6 -7295 32 0
13667 15555 427 124 427 124 0 0 6 6 0 1888 0
15555 15555 427 124 427 124 0 1 6 6 8144 32 0
15555 15556 427 124 427 125 1 0 6 5 -8144 32 1
15556 16397 427 125 427 125 0 0 5 5 0 841 0
16397 16398 427 125 427 124 0 1 5 4 41242 32 1
16398 16399 427 124 427 124 1 1 4 4 0 1 0
16399 16399 427 124 427 124 1 0 4 4 -41242 32 0
16399 17989 427 124 427 124 0 0 4 4 0 1590 0
17989 17989 427 124 427 124 0 1 4 4 9138 32 0
17989 17991 427 124 429 124 1 0 4 2 -9138 32 2
17991 20069 429 124 429 124 0 0 2 2 0 2078 0
20069 20071 429 124 427 124 0 1 2 0 42920 32 2
20071 20074 427 124 427 124 1 1 0 0 0 3 0
20074 20074 427 124 427 124 1 0 0 0 -42920 32 0
20074 20757 427 124 427 124 0 0 0 0 0 683 0
20757 20757 427 124 427 124 0 1 0 0 43283 32 0
20757 20758 427 124 427 124 1 1 0 0 0 1 0
20758 20758 427 124 427 124 1 0 0 0 -43283 32 0
20758 21496 427 124 427 124 0 0 0 0 0 738 0
21496 21496 427 124 427 124 0 1 0 0 43651 32 0
21496 21497 427 124 427 124 1 1 0 0 0 1 0
21497 21497 427 124 427 124 1 0 0 0 -43651 32 0
21497 25014 427 124 427 124 0 0 0 0 0 3517 0
25014 25014 427 124 427 124 0 1 0 0 45572 32 0
25014 25016 427 124 427 124 1 1 0 0 0 2 0
25016 25016 427 124 427 124 1 0 0 0 -45572 32 0
25016 25085 427 124 427 124 0 0 0 0 0 69 0
25085 25085 427 124 427 124 0 1 0 0 27238 32 0
25085 25086 427 124 427 124 1 1 0 0 0 1 0
25086 25086 427 124 427 124 1 0 0 0 -27238 32 0
25086 27149 427 124 427 124 0 0 0 0 0 2063 0
27149 27149 427 124 427 124 0 1 0 0 46758 32 0
27149 27150 427 124 427 124 1 1 0 0 0 1 0
27150 27150 427 124 427 124 1 0 0 0 -46758 32 0
27150 27537 427 124 427 124 0 0 0 0 0 387 0
27537 27537 427 124 427 124 0 1 0 0 46992 32 0
27537 27539 427 124 427 124 1 1 0 0 0 2 0
27539 27539 427 124 427 124 1 0 0 0 -46992 32 0
27539 29202 427 124 427 124 0 0 0 0 0 1663 0
29202 29202 427 124 427 124 0 1 0 0 29347 32 0
29202 29203 427 124 427 124 1 1 0 0 0 1 0
29203 29203 427 124 427 124 1 0 0 0 -29347 32 0
29203 29837 427 124 427 124 0 0 0 0 0 634 0
29837 29837 427 124 427 124 0 1 0 0 29674 32 0
29837 29838 427 124 427 124 1 1 0 0 0 1 0
29838 29838 427 124 427 124 1 0 0 0 -29674 32 0
29838 33074 427 124 427 124 0 0 0 0 0 3236 0
33074 33074 427 124 427 124 0 1 0 0 31261 32 0
33074 33075 427 124 427 124 1 1 0 0 0 1 0
33075 33075 427 124 427 124 1 0 0 0 -31261 32 0
33075 36116 427 124 427 124 0 0 0 0 0 3041 0
36116 36116 427 124 427 124 0 1 0 0 14566 32 0
36116 36118 427 124 427 124 1 1 0 0 0 2 0
36118 36118 427 124 427 124 1 0 0 0 -14566 32 0
36118 36405 427 124 427 124 0 0 0 0 0 287 0
36405 36405 427 124 427 124 0 1 0 0 32712 32 0
36405 36407 427 124 427 124 1 1 0 0 0 2 0
36407 36407 427 124 427 124 1 0 0 0 -32712 32 0
36407 37186 427 124 427 124 0 0 0 0 0 779 0
37186 37186 427 124 427 124 0 1 0 0 32999 32 0
37186 37187 427 124 427 124 1 1 0 0 0 1 0
37187 37187 427 124 427 124 1 0 0 0 -32999 32 0
37187 41012 427 124 427 124 0 0 0 0 0 3825 0
41012 41012 427 124 427 124 0 1 0 0 34421 32 0
41012 41015 427 124 427 124 1 1 0 0 0 3 0
41015 41015 427 124 427 124 1 0 0 0 -34421 32 0
41015 42191 427 124 427 124 0 0 0 0 0 1176 0
42191 42191 427 124 427 124 0 1 0 0 16832 32 0
42191 42198 427 124 427 124 1 1 0 0 0 7 0
42198 42198 427 124 427 124 1 0 0 0 -16832 32 0
42198 43267 427 124 427 124 0 0 0 0 0 1069 0
43267 43267 427 124 427 124 0 0 0 0 1000000000 0 0
--------------------------------------
--------------------------------------
EV2
--------------------------------------
Num TPs served = 12
TPs served = 6458 8149 8416 9361 9363 9691 10038 10091 10151 10307 11174 11199
Total energy used = 100
--------------------------------------
Schedule:
0 11851 427 124 427 124 0 0 100 100 0 11851 0
11851 11851 427 124 427 124 0 1 100 100 6458 32 0
11851 11852 427 124 427 124 1 1 100 100 0 1 0
11852 11869 427 124 444 124 1 0 100 83 -6458 32 17
11869 15550 444 124 444 124 0 0 83 83 0 3681 0
15550 15567 444 124 427 124 0 1 83 66 8149 32 17
15567 15571 427 124 430 125 1 0 66 62 -8149 32 4
15571 16180 430 125 430 125 0 0 62 62 0 609 0
16180 16184 430 125 427 124 0 1 62 58 8416 32 4
16184 16188 427 124 430 125 1 0 58 54 -8416 32 4
16188 18648 430 125 430 125 0 0 54 54 0 2460 0
18648 18652 430 125 427 124 0 1 54 50 9363 32 4
18652 18652 427 124 427 124 1 2 50 50 9361 28 0
18652 18653 427 124 428 124 2 1 50 49 -9363 32 1
18653 18655 428 124 430 124 1 0 49 47 -9361 28 2
18655 19526 430 124 430 124 0 0 47 47 0 871 0
19526 19529 430 124 427 124 0 1 47 44 9691 32 3
19529 19531 427 124 429 124 1 0 44 42 -9691 32 2
19531 20530 429 124 429 124 0 0 42 42 0 999 0
20530 20532 429 124 427 124 0 1 42 40 10038 32 2
20532 20533 427 124 427 124 1 1 40 40 0 1 0
20533 20534 427 124 427 125 1 0 40 39 -10038 32 1
20534 20675 427 125 427 125 0 0 39 39 0 141 0
20675 20676 427 125 427 124 0 1 39 38 10091 32 1
20676 20677 427 124 427 124 1 1 38 38 0 1 0
20677 20679 427 124 429 124 1 0 38 36 -10091 32 2
20679 20815 429 124 429 124 0 0 36 36 0 136 0
20815 20817 429 124 427 124 0 1 36 34 10151 32 2
20817 20821 427 124 427 124 1 1 34 34 0 4 0
20821 20831 427 124 431 130 1 0 34 24 -10151 32 10
20831 21287 431 130 431 130 0 0 24 24 0 456 0
21287 21297 431 130 427 124 0 1 24 14 10307 32 10
21297 21298 427 124 427 125 1 0 14 13 -10307 32 1
21298 23884 427 125 427 125 0 0 13 13 0 2586 0
23884 23885 427 125 427 124 0 1 13 12 11174 32 1
23885 23888 427 124 427 127 1 0 12 9 -11174 32 3
23888 23940 427 127 427 127 0 0 9 9 0 52 0
23940 23943 427 127 427 124 0 1 9 6 11199 32 3
23943 23946 427 124 430 124 1 0 6 3 -11199 32 3
23946 43264 430 124 430 124 0 0 3 3 0 19318 0
43264 43267 430 124 427 124 0 0 3 0 1000000000 0 3
--------------------------------------
--------------------------------------
EV3
--------------------------------------
Num TPs served = 15
TPs served = 10644 12488 12750 13009 13027 13585 14159 14285 14863 15229 15800 16576 16786 17262 29942
Total energy used = 100
--------------------------------------
Schedule:
0 22234 427 124 427 124 0 0 100 100 0 22234 0
22234 22234 427 124 427 124 0 1 100 100 10644 32 0
22234 22238 427 124 427 124 1 1 100 100 0 4 0
22238 22259 427 124 432 140 1 0 100 79 -10644 32 21
22259 28378 432 140 432 140 0 0 79 79 0 6119 0
28378 28399 432 140 427 124 0 1 79 58 12488 32 21
28399 28400 427 124 428 124 1 0 58 57 -12488 32 1
28400 29373 428 124 428 124 0 0 57 57 0 973 0
29373 29374 428 124 427 124 0 1 57 56 12750 32 1
29374 29375 427 124 427 125 1 0 56 55 -12750 32 1
29375 30319 427 125 427 125 0 0 55 55 0 944 0
30319 30320 427 125 427 124 0 1 55 54 13009 32 1
30320 30322 427 124 427 124 1 1 54 54 0 2 0
30322 30327 427 124 432 124 1 0 54 49 -13009 32 5
30327 30358 432 124 432 124 0 0 49 49 0 31 0
30358 30363 432 124 427 124 0 1 49 44 29942 32 5
30363 30389 427 124 427 124 1 1 44 44 0 26 0
30389 30389 427 124 427 124 1 2 44 44 13027 32 0
30389 30391 427 124 428 125 2 1 44 42 -29942 6 2
30391 30391 428 125 428 125 1 0 42 42 -13027 32 0
30391 32450 428 125 428 125 0 0 42 42 0 2059 0
32450 32452 428 125 427 124 0 1 42 40 13585 32 2
32452 32453 427 124 427 124 1 1 40 40 0 1 0
32453 32456 427 124 429 125 1 0 40 37 -13585 32 3
32456 34594 429 125 429 125 0 0 37 37 0 2138 0
34594 34597 429 125 427 124 0 1 37 34 14159 32 3
34597 34599 427 124 427 124 1 1 34 34 0 2 0
34599 34601 427 124 428 125 1 0 34 32 -14159 32 2
34601 35027 428 125 428 125 0 0 32 32 0 426 0
35027 35029 428 125 427 124 0 1 32 30 14285 32 2
35029 35031 427 124 429 124 1 0 30 28 -14285 32 2
35031 37295 429 124 429 124 0 0 28 28 0 2264 0
37295 37297 429 124 427 124 0 1 28 26 14863 32 2
37297 37299 427 124 427 124 1 1 26 26 0 2 0
37299 37304 427 124 431 125 1 0 26 21 -14863 32 5
37304 38703 431 125 431 125 0 0 21 21 0 1399 0
38703 38708 431 125 427 124 0 1 21 16 15229 32 5
38708 38709 427 124 428 124 1 0 16 15 -15229 32 1
38709 40390 428 124 428 124 0 0 15 15 0 1681 0
40390 40391 428 124 427 124 0 1 15 14 15800 32 1
40391 40392 427 124 428 124 1 0 14 13 -15800 32 1
40392 41743 428 124 428 124 0 0 13 13 0 1351 0
41743 41744 428 124 427 124 0 1 13 12 16576 32 1
41744 41747 427 124 430 124 1 0 12 9 -16576 32 3
41747 42100 430 124 430 124 0 0 9 9 0 353 0
42100 42103 430 124 427 124 0 1 9 6 16786 32 3
42103 42105 427 124 428 125 1 0 6 4 -16786 32 2
42105 42942 428 125 428 125 0 0 4 4 0 837 0
42942 42944 428 125 427 124 0 1 4 2 17262 32 2
42944 42945 427 124 428 124 1 0 2 1 -17262 32 1
42945 43266 428 124 428 124 0 0 1 1 0 321 0
43266 43267 428 124 427 124 0 0 1 0 1000000000 0 1
--------------------------------------
--------------------------------------
EV4
--------------------------------------
Num TPs served = 12
TPs served = 15410 17308 17689 17950 18111 18384 18574 18596 19509 19776 19957 20324
Total energy used = 100
--------------------------------------
Schedule:
0 839 427 124 427 124 0 0 100 100 0 839 0
839 839 427 124 427 124 0 1 100 100 17689 32 0
839 840 427 124 428 124 1 0 100 99 -17689 32 1
840 1644 428 124 428 124 0 0 99 99 0 804 0
1644 1645 428 124 427 124 0 1 99 98 17950 32 1
1645 1647 427 124 429 124 1 0 98 96 -17950 32 2
1647 2154 429 124 429 124 0 0 96 96 0 507 0
2154 2156 429 124 427 124 0 1 96 94 18111 32 2
2156 2157 427 124 428 124 1 0 94 93 -18111 32 1
2157 3037 428 124 428 124 0 0 93 93 0 880 0
3037 3038 428 124 427 124 0 1 93 92 18384 32 1
3038 3041 427 124 427 127 1 0 92 89 -18384 32 3
3041 3626 427 127 427 127 0 0 89 89 0 585 0
3626 3629 427 127 427 124 0 1 89 86 18574 32 3
3629 3638 427 124 435 125 1 0 86 77 -18574 32 9
3638 3699 435 125 435 125 0 0 77 77 0 61 0
3699 3708 435 125 427 124 0 1 77 68 18596 32 9
3708 3715 427 124 427 124 1 1 68 68 0 7 0
3715 3720 427 124 427 129 1 0 68 63 -18596 32 5
3720 6578 427 129 427 129 0 0 63 63 0 2858 0
6578 6583 427 129 427 124 0 1 63 58 19509 32 5
6583 6584 427 124 428 124 1 0 58 57 -19509 32 1
6584 7325 428 124 428 124 0 0 57 57 0 741 0
7325 7326 428 124 427 124 0 1 57 56 19776 32 1
7326 7327 427 124 427 124 1 1 56 56 0 1 0
7327 7335 427 124 430 129 1 0 56 48 -19776 32 8
7335 7891 430 129 430 129 0 0 48 48 0 556 0
7891 7899 430 129 427 124 0 1 48 40 19957 32 8
7899 7900 427 124 428 124 1 0 40 39 -19957 32 1
7900 8950 428 124 428 124 0 0 39 39 0 1050 0
8950 8951 428 124 427 124 0 1 39 38 20324 32 1
8951 8952 427 124 427 124 1 1 38 38 0 1 0
8952 8954 427 124 429 124 1 0 38 36 -20324 32 2
8954 39398 429 124 429 124 0 0 36 36 0 30444 0
39398 39400 429 124 427 124 0 1 36 34 15410 32 2
39400 39416 427 124 443 124 1 0 34 18 -15410 32 16
39416 43001 443 124 443 124 0 0 18 18 0 3585 0
43001 43017 443 124 427 124 0 1 18 2 17308 32 16
43017 43018 427 124 428 124 1 0 2 1 -17308 32 1
43018 43266 428 124 428 124 0 0 1 1 0 248 0
43266 43267 428 124 427 124 0 0 1 0 1000000000 0 1
--------------------------------------

-------------------------------------------------------------------------

TPs

-------------------------------------------------------------------------

----------------------
TP127 allocated to 1
----------------------

----------------------
TP132 allocated to 1
----------------------

----------------------
TP369 allocated to 1
----------------------

----------------------
TP434 allocated to 1
----------------------

----------------------
TP460 allocated to 1
----------------------

----------------------
TP755 allocated to 1
----------------------

----------------------
TP1186 allocated to 1
----------------------

----------------------
TP1369 allocated to 1
----------------------

----------------------
TP1810 allocated to 1
----------------------

----------------------
TP2397 allocated to 1
----------------------

----------------------
TP2735 allocated to 1
----------------------

----------------------
TP3101 allocated to 1
----------------------

----------------------
TP3262 allocated to 1
----------------------

----------------------
TP3497 allocated to 1
----------------------

----------------------
TP3525 allocated to 1
----------------------

----------------------
TP3903 allocated to 1
----------------------

----------------------
TP3994 allocated to 1
----------------------

----------------------
TP4423 allocated to 1
----------------------

----------------------
TP4984 allocated to 1
----------------------

----------------------
TP5483 allocated to 1
----------------------

----------------------
TP5624 allocated to 1
----------------------

----------------------
TP5883 allocated to 1
----------------------

----------------------
TP5946 allocated to 1
----------------------

----------------------
TP5964 allocated to 1
----------------------

----------------------
TP6458 allocated to 2
----------------------

----------------------
TP7295 allocated to 1
----------------------

----------------------
TP8144 allocated to 1
----------------------

----------------------
TP8149 allocated to 2
----------------------

----------------------
TP8416 allocated to 2
----------------------

----------------------
TP9138 allocated to 1
----------------------

----------------------
TP9361 allocated to 2
----------------------

----------------------
TP9363 allocated to 2
----------------------

----------------------
TP9691 allocated to 2
----------------------

----------------------
TP10038 allocated to 2
----------------------

----------------------
TP10091 allocated to 2
----------------------

----------------------
TP10151 allocated to 2
----------------------

----------------------
TP10307 allocated to 2
----------------------

----------------------
TP10644 allocated to 3
----------------------

----------------------
TP11174 allocated to 2
----------------------

----------------------
TP11199 allocated to 2
----------------------

----------------------
TP12488 allocated to 3
----------------------

----------------------
TP12750 allocated to 3
----------------------

----------------------
TP13009 allocated to 3
----------------------

----------------------
TP13027 allocated to 3
----------------------

----------------------
TP13585 allocated to 3
----------------------

----------------------
TP14159 allocated to 3
----------------------

----------------------
TP14285 allocated to 3
----------------------

----------------------
TP14566 allocated to 1
----------------------

----------------------
TP14863 allocated to 3
----------------------

----------------------
TP15229 allocated to 3
----------------------

----------------------
TP15410 allocated to 4
----------------------

----------------------
TP15800 allocated to 3
----------------------

----------------------
TP16576 allocated to 3
----------------------

----------------------
TP16786 allocated to 3
----------------------

----------------------
TP16832 allocated to 1
----------------------

----------------------
TP17262 allocated to 3
----------------------

----------------------
TP17308 allocated to 4
----------------------

----------------------
TP17689 allocated to 4
----------------------

----------------------
TP17950 allocated to 4
----------------------

----------------------
TP18111 allocated to 4
----------------------

----------------------
TP18384 allocated to 4
----------------------

----------------------
TP18574 allocated to 4
----------------------

----------------------
TP18596 allocated to 4
----------------------

----------------------
TP19311 allocated to 1
----------------------

----------------------
TP19509 allocated to 4
----------------------

----------------------
TP19776 allocated to 4
----------------------

----------------------
TP19824 not allocated
----------------------

----------------------
TP19935 not allocated
----------------------

----------------------
TP19957 allocated to 4
----------------------

----------------------
TP20324 allocated to 4
----------------------

----------------------
TP20573 not allocated
----------------------

----------------------
TP20622 allocated to 1
----------------------

----------------------
TP20737 not allocated
----------------------

----------------------
TP21167 not allocated
----------------------

----------------------
TP21286 not allocated
----------------------

----------------------
TP22809 not allocated
----------------------

----------------------
TP22884 not allocated
----------------------

----------------------
TP23331 not allocated
----------------------

----------------------
TP23407 not allocated
----------------------

----------------------
TP23466 not allocated
----------------------

----------------------
TP23541 not allocated
----------------------

----------------------
TP24238 not allocated
----------------------

----------------------
TP24254 not allocated
----------------------

----------------------
TP24750 not allocated
----------------------

----------------------
TP26772 not allocated
----------------------

----------------------
TP26791 not allocated
----------------------

----------------------
TP27238 allocated to 1
----------------------

----------------------
TP27275 not allocated
----------------------

----------------------
TP27310 not allocated
----------------------

----------------------
TP27386 not allocated
----------------------

----------------------
TP27593 not allocated
----------------------

----------------------
TP27950 not allocated
----------------------

----------------------
TP28016 not allocated
----------------------

----------------------
TP28342 not allocated
----------------------

----------------------
TP29331 not allocated
----------------------

----------------------
TP29347 allocated to 1
----------------------

----------------------
TP29400 not allocated
----------------------

----------------------
TP29530 not allocated
----------------------

----------------------
TP29674 allocated to 1
----------------------

----------------------
TP29698 not allocated
----------------------

----------------------
TP29715 not allocated
----------------------

----------------------
TP29771 not allocated
----------------------

----------------------
TP29942 allocated to 3
----------------------

----------------------
TP30805 not allocated
----------------------

----------------------
TP31084 not allocated
----------------------

----------------------
TP31095 not allocated
----------------------

----------------------
TP31261 allocated to 1
----------------------

----------------------
TP31378 not allocated
----------------------

----------------------
TP31458 not allocated
----------------------

----------------------
TP31578 not allocated
----------------------

----------------------
TP31599 not allocated
----------------------

----------------------
TP31904 not allocated
----------------------

----------------------
TP32016 not allocated
----------------------

----------------------
TP32079 not allocated
----------------------

----------------------
TP32253 not allocated
----------------------

----------------------
TP32450 not allocated
----------------------

----------------------
TP32660 not allocated
----------------------

----------------------
TP32712 allocated to 1
----------------------

----------------------
TP32802 not allocated
----------------------

----------------------
TP32999 allocated to 1
----------------------

----------------------
TP33003 not allocated
----------------------

----------------------
TP33082 not allocated
----------------------

----------------------
TP33178 not allocated
----------------------

----------------------
TP33267 not allocated
----------------------

----------------------
TP33445 not allocated
----------------------

----------------------
TP33659 not allocated
----------------------

----------------------
TP34085 not allocated
----------------------

----------------------
TP34265 not allocated
----------------------

----------------------
TP34394 not allocated
----------------------

----------------------
TP34421 allocated to 1
----------------------

----------------------
TP34531 not allocated
----------------------

----------------------
TP34633 not allocated
----------------------

----------------------
TP34738 not allocated
----------------------

----------------------
TP34882 not allocated
----------------------

----------------------
TP35379 allocated to 1
----------------------

----------------------
TP35573 not allocated
----------------------

----------------------
TP35632 not allocated
----------------------

----------------------
TP35819 not allocated
----------------------

----------------------
TP36727 not allocated
----------------------

----------------------
TP36820 not allocated
----------------------

----------------------
TP37083 not allocated
----------------------

----------------------
TP37392 not allocated
----------------------

----------------------
TP37792 not allocated
----------------------

----------------------
TP37796 not allocated
----------------------

----------------------
TP37821 not allocated
----------------------

----------------------
TP38170 not allocated
----------------------

----------------------
TP38582 not allocated
----------------------

----------------------
TP38621 allocated to 1
----------------------

----------------------
TP38629 not allocated
----------------------

----------------------
TP38685 allocated to 1
----------------------

----------------------
TP38917 not allocated
----------------------

----------------------
TP39758 not allocated
----------------------

----------------------
TP39950 allocated to 1
----------------------

----------------------
TP40661 not allocated
----------------------

----------------------
TP40734 not allocated
----------------------

----------------------
TP40805 not allocated
----------------------

----------------------
TP40948 not allocated
----------------------

----------------------
TP41242 allocated to 1
----------------------

----------------------
TP41508 not allocated
----------------------

----------------------
TP42299 not allocated
----------------------

----------------------
TP42458 not allocated
----------------------

----------------------
TP42920 allocated to 1
----------------------

----------------------
TP43068 not allocated
----------------------

----------------------
TP43266 not allocated
----------------------

----------------------
TP43283 allocated to 1
----------------------

----------------------
TP43351 not allocated
----------------------

----------------------
TP43595 not allocated
----------------------

----------------------
TP43651 allocated to 1
----------------------

----------------------
TP43862 not allocated
----------------------

----------------------
TP44626 not allocated
----------------------

----------------------
TP45001 not allocated
----------------------

----------------------
TP45564 not allocated
----------------------

----------------------
TP45572 allocated to 1
----------------------

----------------------
TP45578 not allocated
----------------------

----------------------
TP45835 not allocated
----------------------

----------------------
TP45847 not allocated
----------------------

----------------------
TP45854 not allocated
----------------------

----------------------
TP45929 not allocated
----------------------

----------------------
TP46548 not allocated
----------------------

----------------------
TP46758 allocated to 1
----------------------

----------------------
TP46795 not allocated
----------------------

----------------------
TP46945 not allocated
----------------------

----------------------
TP46970 not allocated
----------------------

----------------------
TP46992 allocated to 1
----------------------

----------------------
TP47065 not allocated
----------------------

----------------------
TP47153 not allocated
----------------------

----------------------
TP47413 not allocated
----------------------

----------------------
TP47567 not allocated
----------------------

----------------------
TP48873 not allocated
----------------------

----------------------
TP49011 not allocated
----------------------

----------------------
TP49049 not allocated
----------------------

----------------------
TP49121 not allocated
----------------------

-------------------------------------------------------------------------

Ride-sharing vs Individual Mode - Num Vehicles and Distance Comparisson 

-------------------------------------------------------------------------
Individual Mode = 192 vehicles.
Ride-sharing Mode = 108 vehicles. The 4 ride-sharing vehicles + 104 vehicles of the individuals not served by the ride-sharing service.
-------------------------------------------------------------------------
Individual Mode = 493 distance.
Ride-sharing Mode = 689 distance. 400 from the EV fleet + 289 from the distance of the trips not covered individuals had to do with their own vehicle.
-------------------------------------------------------------------------
