-------------------------------------------------------------------------
TPs satisfied = 165; Total TPs = 203; Percentage Satisfied + 81.3%
-------------------------------------------------------------------------

-------------------------------------------------------------------------

EVs

-------------------------------------------------------------------------
--------------------------------------
EV1
--------------------------------------
Num TPs served = 42
TPs served = 167 1409 1471 1677 1696 1864 2081 2803 2996 3236 3269 3826 4526 4734 4931 4958 5322 5412 5631 6160 7373 10955 15377 16805 17589 19561 21360 21622 21741 22750 23490 28345 28368 35473 37728 43648 44181 45633 47175 47995 48241 49223
Total energy used = 100
--------------------------------------
Schedule:
0 318 488 806 488 806 0 0 100 100 0 318 0
318 318 488 806 488 806 0 1 100 100 167 32 0
318 321 488 806 489 808 1 0 100 97 -167 32 3
321 545 489 808 489 808 0 0 97 97 0 224 0
545 548 489 808 488 806 0 1 97 94 17589 32 3
548 549 488 806 488 806 1 1 94 94 0 1 0
549 549 488 806 488 806 1 0 94 94 -17589 32 0
549 952 488 806 488 806 0 0 94 94 0 403 0
952 952 488 806 488 806 0 1 94 94 35473 32 0
952 953 488 806 488 806 1 1 94 94 0 1 0
953 953 488 806 488 806 1 0 94 94 -35473 32 0
953 2457 488 806 488 806 0 0 94 94 0 1504 0
2457 2457 488 806 488 806 0 1 94 94 1409 32 0
2457 2460 488 806 491 806 1 0 94 91 -1409 32 3
2460 2563 491 806 491 806 0 0 91 91 0 103 0
2563 2566 491 806 488 806 0 1 91 88 1471 32 3
2566 2569 488 806 491 806 1 0 88 85 -1471 32 3
2569 2927 491 806 491 806 0 0 85 85 0 358 0
2927 2930 491 806 488 806 0 1 85 82 1677 32 3
2930 2932 488 806 490 806 1 0 82 80 -1677 32 2
2932 2961 490 806 490 806 0 0 80 80 0 29 0
2961 2963 490 806 488 806 0 1 80 78 1696 32 2
2963 2964 488 806 488 806 1 1 78 78 0 1 0
2964 2965 488 806 489 806 1 0 78 77 -1696 32 1
2965 3274 489 806 489 806 0 0 77 77 0 309 0
3274 3275 489 806 488 806 0 1 77 76 1864 32 1
3275 3278 488 806 491 806 1 0 76 73 -1864 32 3
3278 3652 491 806 491 806 0 0 73 73 0 374 0
3652 3655 491 806 488 806 0 1 73 70 2081 32 3
3655 3657 488 806 488 806 1 1 70 70 0 2 0
3657 3659 488 806 490 806 1 0 70 68 -2081 32 2
3659 4992 490 806 490 806 0 0 68 68 0 1333 0
4992 4994 490 806 488 806 0 1 68 66 2803 32 2
4994 4995 488 806 488 806 1 1 66 66 0 1 0
4995 4997 488 806 488 808 1 0 66 64 -2803 32 2
4997 5345 488 808 488 808 0 0 64 64 0 348 0
5345 5347 488 808 488 806 0 1 64 62 2996 32 2
5347 5348 488 806 488 806 1 1 62 62 0 1 0
5348 5350 488 806 490 806 1 0 62 60 -2996 32 2
5350 5761 490 806 490 806 0 0 60 60 0 411 0
5761 5763 490 806 488 806 0 1 60 58 3236 32 2
5763 5764 488 806 488 806 1 1 58 58 0 1 0
5764 5765 488 806 488 807 1 0 58 57 -3236 32 1
5765 5827 488 807 488 807 0 0 57 57 0 62 0
5827 5828 488 807 488 806 0 1 57 56 3269 32 1
5828 5833 488 806 493 806 1 0 56 51 -3269 32 5
5833 6756 493 806 493 806 0 0 51 51 0 923 0
6756 6761 493 806 488 806 0 1 51 46 19561 32 5
6761 6763 488 806 488 806 1 1 46 46 0 2 0
6763 6763 488 806 488 806 1 0 46 46 -19561 32 0
6763 6862 488 806 488 806 0 0 46 46 0 99 0
6862 6862 488 806 488 806 0 1 46 46 3826 32 0
6862 6863 488 806 488 807 1 0 46 45 -3826 32 1
6863 7534 488 807 488 807 0 0 45 45 0 671 0
7534 7535 488 807 488 806 0 1 45 44 37728 32 1
7535 7536 488 806 488 806 1 1 44 44 0 1 0
7536 7536 488 806 488 806 1 0 44 44 -37728 32 0
7536 8162 488 806 488 806 0 0 44 44 0 626 0
8162 8162 488 806 488 806 0 1 44 44 4526 32 0
8162 8171 488 806 497 806 1 0 44 35 -4526 32 9
8171 8590 497 806 497 806 0 0 35 35 0 419 0
8590 8599 497 806 488 806 0 1 35 26 4734 32 9
8599 8601 488 806 488 806 1 1 26 26 0 2 0
8601 8606 488 806 493 806 1 0 26 21 -4734 32 5
8606 8950 493 806 493 806 0 0 21 21 0 344 0
8950 8955 493 806 488 806 0 1 21 16 4931 32 5
8955 8956 488 806 488 806 1 1 16 16 0 1 0
8956 8957 488 806 488 807 1 0 16 15 -4931 32 1
8957 8995 488 807 488 807 0 0 15 15 0 38 0
8995 8996 488 807 488 806 0 1 15 14 4958 32 1
8996 8999 488 806 490 807 1 0 14 11 -4958 32 3
8999 9686 490 807 490 807 0 0 11 11 0 687 0
9686 9689 490 807 488 806 0 1 11 8 5322 32 3
9689 9690 488 806 488 806 1 1 8 8 0 1 0
9690 9690 488 806 488 806 1 0 8 8 -5322 32 0
9690 9840 488 806 488 806 0 0 8 8 0 150 0
9840 9840 488 806 488 806 0 1 8 8 5412 32 0
9840 9841 488 806 488 806 1 1 8 8 0 1 0
9841 9842 488 806 489 806 1 0 8 7 -5412 32 1
9842 10285 489 806 489 806 0 0 7 7 0 443 0
10285 10286 489 806 488 806 0 1 7 6 5631 32 1
10286 10287 488 806 489 806 1 0 6 5 -5631 32 1
10287 11288 489 806 489 806 0 0 5 5 0 1001 0
11288 11289 489 806 488 806 0 1 5 4 6160 32 1
11289 11296 488 806 488 806 1 1 4 4 0 7 0
11296 11298 488 806 489 807 1 0 4 2 -6160 32 2
11298 11731 489 807 489 807 0 0 2 2 0 433 0
11731 11733 489 807 488 806 0 1 2 0 21360 32 2
11733 11736 488 806 488 806 1 1 0 0 0 3 0
11736 11736 488 806 488 806 1 0 0 0 -21360 32 0
11736 12440 488 806 488 806 0 0 0 0 0 704 0
12440 12440 488 806 488 806 0 1 0 0 21622 32 0
12440 12442 488 806 488 806 1 1 0 0 0 2 0
12442 12442 488 806 488 806 1 0 0 0 -21622 32 0
12442 12789 488 806 488 806 0 0 0 0 0 347 0
12789 12789 488 806 488 806 0 1 0 0 21741 32 0
12789 12790 488 806 488 806 1 1 0 0 0 1 0
12790 12790 488 806 488 806 1 0 0 0 -21741 32 0
12790 13821 488 806 488 806 0 0 0 0 0 1031 0
13821 13821 488 806 488 806 0 1 0 0 7373 32 0
13821 13822 488 806 488 806 1 1 0 0 0 1 0
13822 13822 488 806 488 806 1 0 0 0 -7373 32 0
13822 15376 488 806 488 806 0 0 0 0 0 1554 0
15376 15376 488 806 488 806 0 1 0 0 22750 32 0
15376 15377 488 806 488 806 1 1 0 0 0 1 0
15377 15377 488 806 488 806 1 0 0 0 -22750 32 0
15377 17153 488 806 488 806 0 0 0 0 0 1776 0
17153 17153 488 806 488 806 0 1 0 0 23490 32 0
17153 17154 488 806 488 806 1 1 0 0 0 1 0
17154 17154 488 806 488 806 1 0 0 0 -23490 32 0
17154 21491 488 806 488 806 0 0 0 0 0 4337 0
21491 21491 488 806 488 806 0 1 0 0 43648 32 0
21491 21493 488 806 488 806 1 1 0 0 0 2 0
21493 21493 488 806 488 806 1 0 0 0 -43648 32 0
21493 22532 488 806 488 806 0 0 0 0 0 1039 0
22532 22532 488 806 488 806 0 1 0 0 44181 32 0
22532 22534 488 806 488 806 1 1 0 0 0 2 0
22534 22534 488 806 488 806 1 0 0 0 -44181 32 0
22534 23249 488 806 488 806 0 0 0 0 0 715 0
23249 23249 488 806 488 806 0 1 0 0 10955 32 0
23249 23251 488 806 488 806 1 1 0 0 0 2 0
23251 23251 488 806 488 806 1 0 0 0 -10955 32 0
23251 25125 488 806 488 806 0 0 0 0 0 1874 0
25125 25125 488 806 488 806 0 1 0 0 45633 32 0
25125 25126 488 806 488 806 1 1 0 0 0 1 0
25126 25126 488 806 488 806 1 0 0 0 -45633 32 0
25126 27197 488 806 488 806 0 0 0 0 0 2071 0
27197 27197 488 806 488 806 0 1 0 0 28345 32 0
27197 27200 488 806 488 806 1 1 0 0 0 3 0
27200 27200 488 806 488 806 1 0 0 0 -28345 32 0
27200 27249 488 806 488 806 0 0 0 0 0 49 0
27249 27249 488 806 488 806 0 1 0 0 28368 32 0
27249 27251 488 806 488 806 1 1 0 0 0 2 0
27251 27251 488 806 488 806 1 0 0 0 -28368 32 0
27251 27861 488 806 488 806 0 0 0 0 0 610 0
27861 27861 488 806 488 806 0 1 0 0 47175 32 0
27861 27862 488 806 488 806 1 1 0 0 0 1 0
27862 27862 488 806 488 806 1 0 0 0 -47175 32 0
27862 29203 488 806 488 806 0 0 0 0 0 1341 0
29203 29203 488 806 488 806 0 1 0 0 47995 32 0
29203 29204 488 806 488 806 1 1 0 0 0 1 0
29204 29204 488 806 488 806 1 0 0 0 -47995 32 0
29204 29683 488 806 488 806 0 0 0 0 0 479 0
29683 29683 488 806 488 806 0 1 0 0 48241 32 0
29683 29684 488 806 488 806 1 1 0 0 0 1 0
29684 29684 488 806 488 806 1 0 0 0 -48241 32 0
29684 31389 488 806 488 806 0 0 0 0 0 1705 0
31389 31389 488 806 488 806 0 1 0 0 49223 32 0
31389 31391 488 806 488 806 1 1 0 0 0 2 0
31391 31391 488 806 488 806 1 0 0 0 -49223 32 0
31391 39274 488 806 488 806 0 0 0 0 0 7883 0
39274 39274 488 806 488 806 0 1 0 0 15377 32 0
39274 39278 488 806 488 806 1 1 0 0 0 4 0
39278 39278 488 806 488 806 1 0 0 0 -15377 32 0
39278 42135 488 806 488 806 0 0 0 0 0 2857 0
42135 42135 488 806 488 806 0 1 0 0 16805 32 0
42135 42136 488 806 488 806 1 1 0 0 0 1 0
42136 42136 488 806 488 806 1 0 0 0 -16805 32 0
42136 43267 488 806 488 806 0 0 0 0 0 1131 0
43267 43267 488 806 488 806 0 0 0 0 1000000000 0 0
--------------------------------------
--------------------------------------
EV2
--------------------------------------
Num TPs served = 20
TPs served = 5075 5704 6413 6803 6956 7143 7186 7627 7780 7896 8014 8182 8196 8222 8224 8260 8628 10119 10346 38798
Total energy used = 100
--------------------------------------
Schedule:
0 9195 488 806 488 806 0 0 100 100 0 9195 0
9195 9195 488 806 488 806 0 1 100 100 5075 32 0
9195 9198 488 806 488 806 1 1 100 100 0 3 0
9198 9203 488 806 493 806 1 0 100 95 -5075 32 5
9203 10408 493 806 493 806 0 0 95 95 0 1205 0
10408 10413 493 806 488 806 0 1 95 90 38798 32 5
10413 10424 488 806 488 806 1 1 90 90 0 11 0
10424 10424 488 806 488 806 1 2 90 90 5704 32 0
10424 10427 488 806 489 808 2 1 90 87 -38798 23 3
10427 10429 489 808 490 809 1 0 87 85 -5704 32 2
10429 11774 490 809 490 809 0 0 85 85 0 1345 0
11774 11779 490 809 488 806 0 1 85 80 6413 32 5
11779 11780 488 806 488 806 1 1 80 80 0 1 0
11780 11782 488 806 490 806 1 0 80 78 -6413 32 2
11782 12574 490 806 490 806 0 0 78 78 0 792 0
12574 12576 490 806 488 806 0 1 78 76 6803 32 2
12576 12577 488 806 488 806 1 1 76 76 0 1 0
12577 12578 488 806 489 806 1 0 76 75 -6803 32 1
12578 12914 489 806 489 806 0 0 75 75 0 336 0
12914 12915 489 806 488 806 0 1 75 74 6956 32 1
12915 12917 488 806 488 808 1 0 74 72 -6956 32 2
12917 13320 488 808 488 808 0 0 72 72 0 403 0
13320 13322 488 808 488 806 0 1 72 70 7143 32 2
13322 13326 488 806 491 807 1 0 70 66 -7143 32 4
13326 13421 491 807 491 807 0 0 66 66 0 95 0
13421 13425 491 807 488 806 0 1 66 62 7186 32 4
13425 13429 488 806 488 810 1 0 62 58 -7186 32 4
13429 14377 488 810 488 810 0 0 58 58 0 948 0
14377 14381 488 810 488 806 0 1 58 54 7627 32 4
14381 14384 488 806 489 808 1 0 54 51 -7627 32 3
14384 14721 489 808 489 808 0 0 51 51 0 337 0
14721 14724 489 808 488 806 0 1 51 48 7780 32 3
14724 14728 488 806 492 806 1 0 48 44 -7780 32 4
14728 14966 492 806 492 806 0 0 44 44 0 238 0
14966 14970 492 806 488 806 0 1 44 40 7896 32 4
14970 14971 488 806 488 806 1 1 40 40 0 1 0
14971 14973 488 806 488 808 1 0 40 38 -7896 32 2
14973 15227 488 808 488 808 0 0 38 38 0 254 0
15227 15229 488 808 488 806 0 1 38 36 8014 32 2
15229 15230 488 806 489 806 1 0 36 35 -8014 32 1
15230 15634 489 806 489 806 0 0 35 35 0 404 0
15634 15635 489 806 488 806 0 1 35 34 8182 32 1
15635 15637 488 806 490 806 1 0 34 32 -8182 32 2
15637 15672 490 806 490 806 0 0 32 32 0 35 0
15672 15674 490 806 488 806 0 1 32 30 8196 32 2
15674 15677 488 806 491 806 1 0 30 27 -8196 32 3
15677 15738 491 806 491 806 0 0 27 27 0 61 0
15738 15741 491 806 488 806 0 1 27 24 8224 32 3
15741 15741 488 806 488 806 1 2 24 24 8222 29 0
15741 15743 488 806 490 806 2 1 24 22 -8224 32 2
15743 15745 490 806 492 806 1 0 22 20 -8222 29 2
15745 15844 492 806 492 806 0 0 20 20 0 99 0
15844 15848 492 806 488 806 0 1 20 16 8260 32 4
15848 15850 488 806 488 806 1 1 16 16 0 2 0
15850 15851 488 806 489 806 1 0 16 15 -8260 32 1
15851 16679 489 806 489 806 0 0 15 15 0 828 0
16679 16680 489 806 488 806 0 1 15 14 8628 32 1
16680 16682 488 806 490 806 1 0 14 12 -8628 32 2
16682 20748 490 806 490 806 0 0 12 12 0 4066 0
20748 20750 490 806 488 806 0 1 12 10 10119 32 2
20750 20751 488 806 488 806 1 1 10 10 0 1 0
20751 20753 488 806 488 808 1 0 10 8 -10119 32 2
20753 21408 488 808 488 808 0 0 8 8 0 655 0
21408 21410 488 808 488 806 0 1 8 6 10346 32 2
21410 21413 488 806 491 806 1 0 6 3 -10346 32 3
21413 43264 491 806 491 806 0 0 3 3 0 21851 0
43264 43267 491 806 488 806 0 0 3 0 1000000000 0 3
--------------------------------------
--------------------------------------
EV3
--------------------------------------
Num TPs served = 17
TPs served = 10582 11352 11555 11693 12145 12535 13248 13541 13637 13681 13776 13952 13987 14191 14763 14865 49976
Total energy used = 100
--------------------------------------
Schedule:
0 22048 488 806 488 806 0 0 100 100 0 22048 0
22048 22048 488 806 488 806 0 1 100 100 10582 32 0
22048 22063 488 806 488 806 1 1 100 100 0 15 0
22063 22064 488 806 488 807 1 0 100 99 -10582 32 1
22064 24436 488 807 488 807 0 0 99 99 0 2372 0
24436 24437 488 807 488 806 0 1 99 98 11352 32 1
24437 24438 488 806 488 806 1 1 98 98 0 1 0
24438 24439 488 806 488 807 1 0 98 97 -11352 32 1
24439 25188 488 807 488 807 0 0 97 97 0 749 0
25188 25189 488 807 488 806 0 1 97 96 11555 32 1
25189 25190 488 806 488 806 1 1 96 96 0 1 0
25190 25191 488 806 489 806 1 0 96 95 -11555 32 1
25191 25672 489 806 489 806 0 0 95 95 0 481 0
25672 25673 489 806 488 806 0 1 95 94 11693 32 1
25673 25676 488 806 491 806 1 0 94 91 -11693 32 3
25676 27207 491 806 491 806 0 0 91 91 0 1531 0
27207 27210 491 806 488 806 0 1 91 88 12145 32 3
27210 27212 488 806 488 806 1 1 88 88 0 2 0
27212 27214 488 806 490 806 1 0 88 86 -12145 32 2
27214 28563 490 806 490 806 0 0 86 86 0 1349 0
28563 28565 490 806 488 806 0 1 86 84 12535 32 2
28565 28567 488 806 488 806 1 1 84 84 0 2 0
28567 28570 488 806 490 807 1 0 84 81 -12535 32 3
28570 31136 490 807 490 807 0 0 81 81 0 2566 0
31136 31139 490 807 488 806 0 1 81 78 13248 32 3
31139 31140 488 806 488 806 1 1 78 78 0 1 0
31140 31144 488 806 492 806 1 0 78 74 -13248 32 4
31144 32270 492 806 492 806 0 0 74 74 0 1126 0
32270 32274 492 806 488 806 0 1 74 70 13541 32 4
32274 32276 488 806 490 806 1 0 70 68 -13541 32 2
32276 32617 490 806 490 806 0 0 68 68 0 341 0
32617 32619 490 806 488 806 0 1 68 66 13637 32 2
32619 32620 488 806 488 806 1 1 66 66 0 1 0
32620 32621 488 806 489 806 1 0 66 65 -13637 32 1
32621 32717 489 806 489 806 0 0 65 65 0 96 0
32717 32718 489 806 488 806 0 1 65 64 49976 32 1
32718 32741 488 806 488 806 1 1 64 64 0 23 0
32741 32741 488 806 488 806 1 2 64 64 13681 32 0
32741 32742 488 806 489 806 2 1 64 63 -49976 11 1
32742 32743 489 806 489 807 1 0 63 62 -13681 32 1
32743 33117 489 807 489 807 0 0 62 62 0 374 0
33117 33119 489 807 488 806 0 1 62 60 13776 32 2
33119 33122 488 806 488 806 1 1 60 60 0 3 0
33122 33131 488 806 496 807 1 0 60 51 -13776 32 9
33131 33776 496 807 496 807 0 0 51 51 0 645 0
33776 33785 496 807 488 806 0 1 51 42 13952 32 9
33785 33786 488 806 488 806 1 1 42 42 0 1 0
33786 33789 488 806 491 806 1 0 42 39 -13952 32 3
33789 33930 491 806 491 806 0 0 39 39 0 141 0
33930 33933 491 806 488 806 0 1 39 36 13987 32 3
33933 33935 488 806 490 806 1 0 36 34 -13987 32 2
33935 34691 490 806 490 806 0 0 34 34 0 756 0
34691 34693 490 806 488 806 0 1 34 32 14191 32 2
34693 34706 488 806 488 806 1 1 32 32 0 13 0
34706 34709 488 806 491 806 1 0 32 29 -14191 32 3
34709 36923 491 806 491 806 0 0 29 29 0 2214 0
36923 36926 491 806 488 806 0 1 29 26 14763 32 3
36926 36927 488 806 489 806 1 0 26 25 -14763 32 1
36927 37298 489 806 489 806 0 0 25 25 0 371 0
37298 37299 489 806 488 806 0 1 25 24 14865 32 1
37299 37300 488 806 488 806 1 1 24 24 0 1 0
37300 37312 488 806 500 806 1 0 24 12 -14865 32 12
37312 43255 500 806 500 806 0 0 12 12 0 5943 0
43255 43267 500 806 488 806 0 0 12 0 1000000000 0 12
--------------------------------------
--------------------------------------
EV4
--------------------------------------
Num TPs served = 24
TPs served = 15099 15167 15465 15549 15793 16033 16551 16681 16838 16979 17197 17615 17787 17973 18089 18152 18897 19130 19160 19571 19687 20617 20882 38527
Total energy used = 100
--------------------------------------
Schedule:
0 640 488 806 488 806 0 0 100 100 0 640 0
640 640 488 806 488 806 0 1 100 100 17615 32 0
640 642 488 806 489 807 1 0 100 98 -17615 32 2
642 1155 489 807 489 807 0 0 98 98 0 513 0
1155 1157 489 807 488 806 0 1 98 96 17787 32 2
1157 1158 488 806 488 806 1 1 96 96 0 1 0
1158 1159 488 806 488 807 1 0 96 95 -17787 32 1
1159 1711 488 807 488 807 0 0 95 95 0 552 0
1711 1712 488 807 488 806 0 1 95 94 17973 32 1
1712 1713 488 806 488 806 1 1 94 94 0 1 0
1713 1714 488 806 488 807 1 0 94 93 -17973 32 1
1714 2081 488 807 488 807 0 0 93 93 0 367 0
2081 2082 488 807 488 806 0 1 93 92 18089 32 1
2082 2085 488 806 490 807 1 0 92 89 -18089 32 3
2085 2288 490 807 490 807 0 0 89 89 0 203 0
2288 2291 490 807 488 806 0 1 89 86 18152 32 3
2291 2292 488 806 489 806 1 0 86 85 -18152 32 1
2292 4675 489 806 489 806 0 0 85 85 0 2383 0
4675 4676 489 806 488 806 0 1 85 84 18897 32 1
4676 4678 488 806 490 806 1 0 84 82 -18897 32 2
4678 5404 490 806 490 806 0 0 82 82 0 726 0
5404 5406 490 806 488 806 0 1 82 80 19130 32 2
5406 5408 488 806 489 807 1 0 80 78 -19130 32 2
5408 5493 489 807 489 807 0 0 78 78 0 85 0
5493 5495 489 807 488 806 0 1 78 76 19160 32 2
5495 5497 488 806 489 807 1 0 76 74 -19160 32 2
5497 6787 489 807 489 807 0 0 74 74 0 1290 0
6787 6789 489 807 488 806 0 1 74 72 19571 32 2
6789 6790 488 806 488 806 1 1 72 72 0 1 0
6790 6792 488 806 490 806 1 0 72 70 -19571 32 2
6792 7134 490 806 490 806 0 0 70 70 0 342 0
7134 7136 490 806 488 806 0 1 70 68 19687 32 2
7136 7139 488 806 488 806 1 1 68 68 0 3 0
7139 7140 488 806 488 807 1 0 68 67 -19687 32 1
7140 9718 488 807 488 807 0 0 67 67 0 2578 0
9718 9719 488 807 488 806 0 1 67 66 38527 32 1
9719 9743 488 806 488 806 1 1 66 66 0 24 0
9743 9743 488 806 488 806 1 2 66 66 20617 32 0
9743 9744 488 806 489 806 2 1 66 65 -38527 10 1
9744 9745 489 806 489 806 1 1 65 65 0 1 0
9745 9747 489 806 491 806 1 0 65 63 -20617 32 2
9747 10459 491 806 491 806 0 0 63 63 0 712 0
10459 10462 491 806 488 806 0 1 63 60 20882 32 3
10462 10464 488 806 489 807 1 0 60 58 -20882 32 2
10464 38184 489 807 489 807 0 0 58 58 0 27720 0
38184 38186 489 807 488 806 0 1 58 56 15099 32 2
38186 38187 488 806 488 806 1 1 56 56 0 1 0
38187 38189 488 806 490 806 1 0 56 54 -15099 32 2
38189 38493 490 806 490 806 0 0 54 54 0 304 0
38493 38495 490 806 488 806 0 1 54 52 15167 32 2
38495 38497 488 806 488 806 1 1 52 52 0 2 0
38497 38498 488 806 488 807 1 0 52 51 -15167 32 1
38498 39600 488 807 488 807 0 0 51 51 0 1102 0
39600 39601 488 807 488 806 0 1 51 50 15465 32 1
39601 39603 488 806 488 808 1 0 50 48 -15465 32 2
39603 39876 488 808 488 808 0 0 48 48 0 273 0
39876 39878 488 808 488 806 0 1 48 46 15549 32 2
39878 39880 488 806 488 806 1 1 46 46 0 2 0
39880 39881 488 806 488 807 1 0 46 45 -15549 32 1
39881 40379 488 807 488 807 0 0 45 45 0 498 0
40379 40380 488 807 488 806 0 1 45 44 15793 32 1
40380 40381 488 806 488 806 1 1 44 44 0 1 0
40381 40382 488 806 488 807 1 0 44 43 -15793 32 1
40382 40806 488 807 488 807 0 0 43 43 0 424 0
40806 40807 488 807 488 806 0 1 43 42 16033 32 1
40807 40808 488 806 488 806 1 1 42 42 0 1 0
40808 40811 488 806 490 807 1 0 42 39 -16033 32 3
40811 41686 490 807 490 807 0 0 39 39 0 875 0
41686 41689 490 807 488 806 0 1 39 36 16551 32 3
41689 41690 488 806 488 806 1 1 36 36 0 1 0
41690 41698 488 806 496 806 1 0 36 28 -16551 32 8
41698 41908 496 806 496 806 0 0 28 28 0 210 0
41908 41916 496 806 488 806 0 1 28 20 16681 32 8
41916 41918 488 806 488 806 1 1 20 20 0 2 0
41918 41920 488 806 490 806 1 0 20 18 -16681 32 2
41920 42200 490 806 490 806 0 0 18 18 0 280 0
42200 42202 490 806 488 806 0 1 18 16 16838 32 2
42202 42203 488 806 488 806 1 1 16 16 0 1 0
42203 42206 488 806 491 806 1 0 16 13 -16838 32 3
42206 42461 491 806 491 806 0 0 13 13 0 255 0
42461 42464 491 806 488 806 0 1 13 10 16979 32 3
42464 42467 488 806 488 809 1 0 10 7 -16979 32 3
42467 42834 488 809 488 809 0 0 7 7 0 367 0
42834 42837 488 809 488 806 0 1 7 4 17197 32 3
42837 42839 488 806 489 807 1 0 4 2 -17197 32 2
42839 43265 489 807 489 807 0 0 2 2 0 426 0
43265 43267 489 807 488 806 0 0 2 0 1000000000 0 2
--------------------------------------
--------------------------------------
EV5
--------------------------------------
Num TPs served = 24
TPs served = 21050 21181 21213 21279 21742 21829 21859 21909 22098 23039 23098 23125 23127 23629 23791 24196 24778 25265 25268 25537 26183 26492 41707 41856
Total energy used = 100
--------------------------------------
Schedule:
0 10881 488 806 488 806 0 0 100 100 0 10881 0
10881 10881 488 806 488 806 0 1 100 100 21050 32 0
10881 10882 488 806 488 806 1 1 100 100 0 1 0
10882 10885 488 806 490 807 1 0 100 97 -21050 32 3
10885 11250 490 807 490 807 0 0 97 97 0 365 0
11250 11253 490 807 488 806 0 1 97 94 21181 32 3
11253 11255 488 806 489 807 1 0 94 92 -21181 32 2
11255 11323 489 807 489 807 0 0 92 92 0 68 0
11323 11325 489 807 488 806 0 1 92 90 21213 32 2
11325 11333 488 806 491 811 1 0 90 82 -21213 32 8
11333 11499 491 811 491 811 0 0 82 82 0 166 0
11499 11507 491 811 488 806 0 1 82 74 21279 32 8
11507 11508 488 806 488 806 1 1 74 74 0 1 0
11508 11511 488 806 491 806 1 0 74 71 -21279 32 3
11511 12789 491 806 491 806 0 0 71 71 0 1278 0
12789 12792 491 806 488 806 0 1 71 68 21742 32 3
12792 12795 488 806 490 807 1 0 68 65 -21742 32 3
12795 13009 490 807 490 807 0 0 65 65 0 214 0
13009 13012 490 807 488 806 0 1 65 62 21829 32 3
13012 13016 488 806 491 807 1 0 62 58 -21829 32 4
13016 13071 491 807 491 807 0 0 58 58 0 55 0
13071 13075 491 807 488 806 0 1 58 54 21859 32 4
13075 13076 488 806 489 806 1 0 54 53 -21859 32 1
13076 13199 489 806 489 806 0 0 53 53 0 123 0
13199 13200 489 806 488 806 0 1 53 52 21909 32 1
13200 13201 488 806 489 806 1 0 52 51 -21909 32 1
13201 13716 489 806 489 806 0 0 51 51 0 515 0
13716 13717 489 806 488 806 0 1 51 50 22098 32 1
13717 13719 488 806 488 806 1 1 50 50 0 2 0
13719 13720 488 806 488 807 1 0 50 49 -22098 32 1
13720 16074 488 807 488 807 0 0 49 49 0 2354 0
16074 16075 488 807 488 806 0 1 49 48 23039 32 1
16075 16077 488 806 489 807 1 0 48 46 -23039 32 2
16077 16224 489 807 489 807 0 0 46 46 0 147 0
16224 16226 489 807 488 806 0 1 46 44 23098 32 2
16226 16230 488 806 492 806 1 0 44 40 -23098 32 4
16230 16300 492 806 492 806 0 0 40 40 0 70 0
16300 16304 492 806 488 806 0 1 40 36 23127 32 4
16304 16304 488 806 488 806 1 2 36 36 23125 23 0
16304 16306 488 806 488 806 2 2 36 36 0 2 0
16306 16307 488 806 488 807 2 1 36 35 -23127 32 1
16307 16307 488 807 488 807 1 0 35 35 -23125 21 0
16307 17484 488 807 488 807 0 0 35 35 0 1177 0
17484 17485 488 807 488 806 0 1 35 34 41707 32 1
17485 17485 488 806 488 806 1 2 34 34 23629 24 0
17485 17486 488 806 488 806 2 2 34 34 0 1 0
17486 17487 488 806 489 806 2 1 34 33 -41707 32 1
17487 17491 489 806 493 806 1 0 33 29 -23629 23 4
17491 17792 493 806 493 806 0 0 29 29 0 301 0
17792 17797 493 806 488 806 0 1 29 24 41856 32 5
17797 17822 488 806 488 806 1 1 24 24 0 25 0
17822 17822 488 806 488 806 1 2 24 24 23791 32 0
17822 17824 488 806 490 806 2 1 24 22 -41856 7 2
17824 17824 490 806 490 806 1 0 22 22 -23791 32 0
17824 18708 490 806 490 806 0 0 22 22 0 884 0
18708 18710 490 806 488 806 0 1 22 20 24196 32 2
18710 18715 488 806 488 806 1 1 20 20 0 5 0
18715 18716 488 806 489 806 1 0 20 19 -24196 32 1
18716 20003 489 806 489 806 0 0 19 19 0 1287 0
20003 20004 489 806 488 806 0 1 19 18 24778 32 1
20004 20006 488 806 489 807 1 0 18 16 -24778 32 2
20006 21079 489 807 489 807 0 0 16 16 0 1073 0
21079 21081 489 807 488 806 0 1 16 14 25268 32 2
21081 21081 488 806 488 806 1 2 14 14 25265 26 0
21081 21082 488 806 488 806 2 2 14 14 0 1 0
21082 21084 488 806 488 808 2 1 14 12 -25268 32 2
21084 21087 488 808 489 806 1 0 12 9 -25265 25 3
21087 21670 489 806 489 806 0 0 9 9 0 583 0
21670 21671 489 806 488 806 0 1 9 8 25537 32 1
21671 21673 488 806 490 806 1 0 8 6 -25537 32 2
21673 23013 490 806 490 806 0 0 6 6 0 1340 0
23013 23015 490 806 488 806 0 1 6 4 26183 32 2
23015 23016 488 806 488 807 1 0 4 3 -26183 32 1
23016 23635 488 807 488 807 0 0 3 3 0 619 0
23635 23636 488 807 488 806 0 1 3 2 26492 32 1
23636 23637 488 806 489 806 1 0 2 1 -26492 32 1
23637 43266 489 806 489 806 0 0 1 1 0 19629 0
43266 43267 489 806 488 806 0 0 1 0 1000000000 0 1
--------------------------------------
--------------------------------------
EV6
--------------------------------------
Num TPs served = 19
TPs served = 26281 27171 27650 28076 28413 28542 28925 30401 30661 31054 31070 31720 32175 32365 32983 33168 33204 33879 34611
Total energy used = 100
--------------------------------------
Schedule:
0 23242 488 806 488 806 0 0 100 100 0 23242 0
23242 23242 488 806 488 806 0 1 100 100 26281 32 0
23242 23247 488 806 488 806 1 1 100 100 0 5 0
23247 23249 488 806 489 807 1 0 100 98 -26281 32 2
23249 24960 489 807 489 807 0 0 98 98 0 1711 0
24960 24962 489 807 488 806 0 1 98 96 27171 32 2
24962 24964 488 806 489 807 1 0 96 94 -27171 32 2
24964 25847 489 807 489 807 0 0 94 94 0 883 0
25847 25849 489 807 488 806 0 1 94 92 27650 32 2
25849 25852 488 806 490 807 1 0 92 89 -27650 32 3
25852 26667 490 807 490 807 0 0 89 89 0 815 0
26667 26670 490 807 488 806 0 1 89 86 28076 32 3
26670 26675 488 806 492 807 1 0 86 81 -28076 32 5
26675 27311 492 807 492 807 0 0 81 81 0 636 0
27311 27316 492 807 488 806 0 1 81 76 28413 32 5
27316 27317 488 806 488 807 1 0 76 75 -28413 32 1
27317 27566 488 807 488 807 0 0 75 75 0 249 0
27566 27567 488 807 488 806 0 1 75 74 28542 32 1
27567 27569 488 806 489 807 1 0 74 72 -28542 32 2
27569 28320 489 807 489 807 0 0 72 72 0 751 0
28320 28322 489 807 488 806 0 1 72 70 28925 32 2
28322 28326 488 806 492 806 1 0 70 66 -28925 32 4
28326 31266 492 806 492 806 0 0 66 66 0 2940 0
31266 31270 492 806 488 806 0 1 66 62 30401 32 4
31270 31274 488 806 489 809 1 0 62 58 -30401 32 4
31274 31765 489 809 489 809 0 0 58 58 0 491 0
31765 31769 489 809 488 806 0 1 58 54 30661 32 4
31769 31772 488 806 488 806 1 1 54 54 0 3 0
31772 31773 488 806 488 807 1 0 54 53 -30661 32 1
31773 32643 488 807 488 807 0 0 53 53 0 870 0
32643 32644 488 807 488 806 0 1 53 52 31070 32 1
32644 32644 488 806 488 806 1 2 52 52 31054 2 0
32644 32648 488 806 492 806 2 1 52 48 -31054 2 4
32648 32652 492 806 489 807 1 0 48 44 -31070 27 4
32652 34113 489 807 489 807 0 0 44 44 0 1461 0
34113 34115 489 807 488 806 0 1 44 42 31720 32 2
34115 34119 488 806 492 806 1 0 42 38 -31720 32 4
34119 35131 492 806 492 806 0 0 38 38 0 1012 0
35131 35135 492 806 488 806 0 1 38 34 32175 32 4
35135 35137 488 806 488 806 1 1 34 34 0 2 0
35137 35138 488 806 488 807 1 0 34 33 -32175 32 1
35138 35595 488 807 488 807 0 0 33 33 0 457 0
35595 35596 488 807 488 806 0 1 33 32 32365 32 1
35596 35601 488 806 488 806 1 1 32 32 0 5 0
35601 35603 488 806 489 807 1 0 32 30 -32365 32 2
35603 37148 489 807 489 807 0 0 30 30 0 1545 0
37148 37150 489 807 488 806 0 1 30 28 32983 32 2
37150 37154 488 806 491 807 1 0 28 24 -32983 32 4
37154 37601 491 807 491 807 0 0 24 24 0 447 0
37601 37605 491 807 488 806 0 1 24 20 33168 32 4
37605 37610 488 806 493 806 1 0 20 15 -33168 32 5
37610 37681 493 806 493 806 0 0 15 15 0 71 0
37681 37686 493 806 488 806 0 1 15 10 33204 32 5
37686 37689 488 806 491 806 1 0 10 7 -33204 32 3
37689 39457 491 806 491 806 0 0 7 7 0 1768 0
39457 39460 491 806 488 806 0 1 7 4 33879 32 3
39460 39461 488 806 488 806 1 1 4 4 0 1 0
39461 39462 488 806 488 807 1 0 4 3 -33879 32 1
39462 41562 488 807 488 807 0 0 3 3 0 2100 0
41562 41563 488 807 488 806 0 1 3 2 34611 32 1
41563 41564 488 806 488 806 1 1 2 2 0 1 0
41564 41565 488 806 489 806 1 0 2 1 -34611 32 1
41565 43266 489 806 489 806 0 0 1 1 0 1701 0
43266 43267 489 806 488 806 0 0 1 0 1000000000 0 1
--------------------------------------
--------------------------------------
EV7
--------------------------------------
Num TPs served = 19
TPs served = 33247 34567 34670 34764 35000 35273 35453 35459 35847 36858 37571 38128 38877 39144 39954 40377 40504 40550 40556
Total energy used = 100
--------------------------------------
Schedule:
0 399 488 806 488 806 0 0 100 100 0 399 0
399 399 488 806 488 806 0 1 100 100 35273 32 0
399 400 488 806 488 807 1 0 100 99 -35273 32 1
400 910 488 807 488 807 0 0 99 99 0 510 0
910 911 488 807 488 806 0 1 99 98 35459 32 1
911 911 488 806 488 806 1 2 98 98 35453 24 0
911 912 488 806 489 806 2 1 98 97 -35459 32 1
912 915 489 806 488 808 1 0 97 94 -35453 22 3
915 2012 488 808 488 808 0 0 94 94 0 1097 0
2012 2014 488 808 488 806 0 1 94 92 35847 32 2
2014 2016 488 806 489 807 1 0 92 90 -35847 32 2
2016 5029 489 807 489 807 0 0 90 90 0 3013 0
5029 5031 489 807 488 806 0 1 90 88 36858 32 2
5031 5032 488 806 488 806 1 1 88 88 0 1 0
5032 5034 488 806 489 807 1 0 88 86 -36858 32 2
5034 7103 489 807 489 807 0 0 86 86 0 2069 0
7103 7105 489 807 488 806 0 1 86 84 37571 32 2
7105 7106 488 806 488 806 1 1 84 84 0 1 0
7106 7107 488 806 489 806 1 0 84 83 -37571 32 1
7107 8659 489 806 489 806 0 0 83 83 0 1552 0
8659 8660 489 806 488 806 0 1 83 82 38128 32 1
8660 8663 488 806 490 807 1 0 82 79 -38128 32 3
8663 10594 490 807 490 807 0 0 79 79 0 1931 0
10594 10597 490 807 488 806 0 1 79 76 38877 32 3
10597 10601 488 806 488 806 1 1 76 76 0 4 0
10601 10605 488 806 489 809 1 0 76 72 -38877 32 4
10605 11177 489 809 489 809 0 0 72 72 0 572 0
11177 11181 489 809 488 806 0 1 72 68 39144 32 4
11181 11182 488 806 489 806 1 0 68 67 -39144 32 1
11182 13285 489 806 489 806 0 0 67 67 0 2103 0
13285 13286 489 806 488 806 0 1 67 66 39954 32 1
13286 13297 488 806 499 806 1 0 66 55 -39954 32 11
13297 14401 499 806 499 806 0 0 55 55 0 1104 0
14401 14412 499 806 488 806 0 1 55 44 40377 32 11
14412 14415 488 806 491 806 1 0 44 41 -40377 32 3
14415 14718 491 806 491 806 0 0 41 41 0 303 0
14718 14721 491 806 488 806 0 1 41 38 40504 32 3
14721 14722 488 806 488 806 1 1 38 38 0 1 0
14722 14724 488 806 488 808 1 0 38 36 -40504 32 2
14724 14821 488 808 488 808 0 0 36 36 0 97 0
14821 14823 488 808 488 806 0 1 36 34 40556 32 2
14823 14823 488 806 488 806 1 2 34 34 40550 23 0
14823 14824 488 806 488 806 2 2 34 34 0 1 0
14824 14829 488 806 493 806 2 1 34 29 -40556 32 5
14829 14833 493 806 490 807 1 0 29 25 -40550 17 4
14833 37782 490 807 490 807 0 0 25 25 0 22949 0
37782 37785 490 807 488 806 0 1 25 22 33247 32 3
37785 37789 488 806 491 807 1 0 22 18 -33247 32 4
37789 41426 491 807 491 807 0 0 18 18 0 3637 0
41426 41430 491 807 488 806 0 1 18 14 34567 32 4
41430 41431 488 806 488 806 1 1 14 14 0 1 0
41431 41433 488 806 489 807 1 0 14 12 -34567 32 2
41433 41738 489 807 489 807 0 0 12 12 0 305 0
41738 41740 489 807 488 806 0 1 12 10 34670 32 2
41740 41741 488 806 488 806 1 1 10 10 0 1 0
41741 41742 488 806 489 806 1 0 10 9 -34670 32 1
41742 42015 489 806 489 806 0 0 9 9 0 273 0
42015 42016 489 806 488 806 0 1 9 8 34764 32 1
42016 42017 488 806 489 806 1 0 8 7 -34764 32 1
42017 42755 489 806 489 806 0 0 7 7 0 738 0
42755 42756 489 806 488 806 0 1 7 6 35000 32 1
42756 42757 488 806 488 806 1 1 6 6 0 1 0
42757 42760 488 806 491 806 1 0 6 3 -35000 32 3
42760 43264 491 806 491 806 0 0 3 3 0 504 0
43264 43267 491 806 488 806 0 0 3 0 1000000000 0 3
--------------------------------------

-------------------------------------------------------------------------

TPs

-------------------------------------------------------------------------

----------------------
TP167 allocated to 1
----------------------

----------------------
TP1409 allocated to 1
----------------------

----------------------
TP1471 allocated to 1
----------------------

----------------------
TP1677 allocated to 1
----------------------

----------------------
TP1696 allocated to 1
----------------------

----------------------
TP1864 allocated to 1
----------------------

----------------------
TP2081 allocated to 1
----------------------

----------------------
TP2803 allocated to 1
----------------------

----------------------
TP2996 allocated to 1
----------------------

----------------------
TP3236 allocated to 1
----------------------

----------------------
TP3269 allocated to 1
----------------------

----------------------
TP3826 allocated to 1
----------------------

----------------------
TP4526 allocated to 1
----------------------

----------------------
TP4734 allocated to 1
----------------------

----------------------
TP4931 allocated to 1
----------------------

----------------------
TP4958 allocated to 1
----------------------

----------------------
TP5075 allocated to 2
----------------------

----------------------
TP5322 allocated to 1
----------------------

----------------------
TP5412 allocated to 1
----------------------

----------------------
TP5631 allocated to 1
----------------------

----------------------
TP5704 allocated to 2
----------------------

----------------------
TP6160 allocated to 1
----------------------

----------------------
TP6413 allocated to 2
----------------------

----------------------
TP6803 allocated to 2
----------------------

----------------------
TP6956 allocated to 2
----------------------

----------------------
TP7143 allocated to 2
----------------------

----------------------
TP7186 allocated to 2
----------------------

----------------------
TP7373 allocated to 1
----------------------

----------------------
TP7627 allocated to 2
----------------------

----------------------
TP7780 allocated to 2
----------------------

----------------------
TP7896 allocated to 2
----------------------

----------------------
TP8014 allocated to 2
----------------------

----------------------
TP8182 allocated to 2
----------------------

----------------------
TP8196 allocated to 2
----------------------

----------------------
TP8222 allocated to 2
----------------------

----------------------
TP8224 allocated to 2
----------------------

----------------------
TP8260 allocated to 2
----------------------

----------------------
TP8628 allocated to 2
----------------------

----------------------
TP10119 allocated to 2
----------------------

----------------------
TP10346 allocated to 2
----------------------

----------------------
TP10582 allocated to 3
----------------------

----------------------
TP10955 allocated to 1
----------------------

----------------------
TP11352 allocated to 3
----------------------

----------------------
TP11555 allocated to 3
----------------------

----------------------
TP11693 allocated to 3
----------------------

----------------------
TP12145 allocated to 3
----------------------

----------------------
TP12535 allocated to 3
----------------------

----------------------
TP13248 allocated to 3
----------------------

----------------------
TP13541 allocated to 3
----------------------

----------------------
TP13637 allocated to 3
----------------------

----------------------
TP13681 allocated to 3
----------------------

----------------------
TP13776 allocated to 3
----------------------

----------------------
TP13952 allocated to 3
----------------------

----------------------
TP13987 allocated to 3
----------------------

----------------------
TP14191 allocated to 3
----------------------

----------------------
TP14763 allocated to 3
----------------------

----------------------
TP14865 allocated to 3
----------------------

----------------------
TP15099 allocated to 4
----------------------

----------------------
TP15167 allocated to 4
----------------------

----------------------
TP15377 allocated to 1
----------------------

----------------------
TP15465 allocated to 4
----------------------

----------------------
TP15549 allocated to 4
----------------------

----------------------
TP15793 allocated to 4
----------------------

----------------------
TP16033 allocated to 4
----------------------

----------------------
TP16551 allocated to 4
----------------------

----------------------
TP16681 allocated to 4
----------------------

----------------------
TP16805 allocated to 1
----------------------

----------------------
TP16838 allocated to 4
----------------------

----------------------
TP16979 allocated to 4
----------------------

----------------------
TP17197 allocated to 4
----------------------

----------------------
TP17589 allocated to 1
----------------------

----------------------
TP17615 allocated to 4
----------------------

----------------------
TP17787 allocated to 4
----------------------

----------------------
TP17973 allocated to 4
----------------------

----------------------
TP18089 allocated to 4
----------------------

----------------------
TP18152 allocated to 4
----------------------

----------------------
TP18897 allocated to 4
----------------------

----------------------
TP19130 allocated to 4
----------------------

----------------------
TP19160 allocated to 4
----------------------

----------------------
TP19561 allocated to 1
----------------------

----------------------
TP19571 allocated to 4
----------------------

----------------------
TP19687 allocated to 4
----------------------

----------------------
TP20617 allocated to 4
----------------------

----------------------
TP20882 allocated to 4
----------------------

----------------------
TP21050 allocated to 5
----------------------

----------------------
TP21181 allocated to 5
----------------------

----------------------
TP21213 allocated to 5
----------------------

----------------------
TP21279 allocated to 5
----------------------

----------------------
TP21360 allocated to 1
----------------------

----------------------
TP21622 allocated to 1
----------------------

----------------------
TP21741 allocated to 1
----------------------

----------------------
TP21742 allocated to 5
----------------------

----------------------
TP21829 allocated to 5
----------------------

----------------------
TP21859 allocated to 5
----------------------

----------------------
TP21909 allocated to 5
----------------------

----------------------
TP22098 allocated to 5
----------------------

----------------------
TP22750 allocated to 1
----------------------

----------------------
TP23039 allocated to 5
----------------------

----------------------
TP23098 allocated to 5
----------------------

----------------------
TP23125 allocated to 5
----------------------

----------------------
TP23127 allocated to 5
----------------------

----------------------
TP23490 allocated to 1
----------------------

----------------------
TP23629 allocated to 5
----------------------

----------------------
TP23791 allocated to 5
----------------------

----------------------
TP24196 allocated to 5
----------------------

----------------------
TP24778 allocated to 5
----------------------

----------------------
TP25265 allocated to 5
----------------------

----------------------
TP25268 allocated to 5
----------------------

----------------------
TP25537 allocated to 5
----------------------

----------------------
TP26183 allocated to 5
----------------------

----------------------
TP26281 allocated to 6
----------------------

----------------------
TP26492 allocated to 5
----------------------

----------------------
TP27171 allocated to 6
----------------------

----------------------
TP27650 allocated to 6
----------------------

----------------------
TP28076 allocated to 6
----------------------

----------------------
TP28345 allocated to 1
----------------------

----------------------
TP28368 allocated to 1
----------------------

----------------------
TP28413 allocated to 6
----------------------

----------------------
TP28542 allocated to 6
----------------------

----------------------
TP28925 allocated to 6
----------------------

----------------------
TP30401 allocated to 6
----------------------

----------------------
TP30661 allocated to 6
----------------------

----------------------
TP31054 allocated to 6
----------------------

----------------------
TP31070 allocated to 6
----------------------

----------------------
TP31720 allocated to 6
----------------------

----------------------
TP32175 allocated to 6
----------------------

----------------------
TP32365 allocated to 6
----------------------

----------------------
TP32983 allocated to 6
----------------------

----------------------
TP33168 allocated to 6
----------------------

----------------------
TP33204 allocated to 6
----------------------

----------------------
TP33247 allocated to 7
----------------------

----------------------
TP33879 allocated to 6
----------------------

----------------------
TP34567 allocated to 7
----------------------

----------------------
TP34611 allocated to 6
----------------------

----------------------
TP34670 allocated to 7
----------------------

----------------------
TP34764 allocated to 7
----------------------

----------------------
TP35000 allocated to 7
----------------------

----------------------
TP35273 allocated to 7
----------------------

----------------------
TP35453 allocated to 7
----------------------

----------------------
TP35459 allocated to 7
----------------------

----------------------
TP35473 allocated to 1
----------------------

----------------------
TP35847 allocated to 7
----------------------

----------------------
TP36858 allocated to 7
----------------------

----------------------
TP37571 allocated to 7
----------------------

----------------------
TP37728 allocated to 1
----------------------

----------------------
TP38128 allocated to 7
----------------------

----------------------
TP38527 allocated to 4
----------------------

----------------------
TP38798 allocated to 2
----------------------

----------------------
TP38877 allocated to 7
----------------------

----------------------
TP39144 allocated to 7
----------------------

----------------------
TP39954 allocated to 7
----------------------

----------------------
TP40377 allocated to 7
----------------------

----------------------
TP40504 allocated to 7
----------------------

----------------------
TP40550 allocated to 7
----------------------

----------------------
TP40556 allocated to 7
----------------------

----------------------
TP41009 not allocated
----------------------

----------------------
TP41051 not allocated
----------------------

----------------------
TP41117 not allocated
----------------------

----------------------
TP41226 not allocated
----------------------

----------------------
TP41665 not allocated
----------------------

----------------------
TP41707 allocated to 5
----------------------

----------------------
TP41856 allocated to 5
----------------------

----------------------
TP41952 not allocated
----------------------

----------------------
TP42149 not allocated
----------------------

----------------------
TP42389 not allocated
----------------------

----------------------
TP42860 not allocated
----------------------

----------------------
TP42993 not allocated
----------------------

----------------------
TP43200 not allocated
----------------------

----------------------
TP43248 not allocated
----------------------

----------------------
TP43282 not allocated
----------------------

----------------------
TP43421 not allocated
----------------------

----------------------
TP43423 not allocated
----------------------

----------------------
TP43545 not allocated
----------------------

----------------------
TP43648 allocated to 1
----------------------

----------------------
TP43721 not allocated
----------------------

----------------------
TP43835 not allocated
----------------------

----------------------
TP43981 not allocated
----------------------

----------------------
TP44057 not allocated
----------------------

----------------------
TP44181 allocated to 1
----------------------

----------------------
TP44304 not allocated
----------------------

----------------------
TP45456 not allocated
----------------------

----------------------
TP45633 allocated to 1
----------------------

----------------------
TP45991 not allocated
----------------------

----------------------
TP46177 not allocated
----------------------

----------------------
TP46215 not allocated
----------------------

----------------------
TP46436 not allocated
----------------------

----------------------
TP46444 not allocated
----------------------

----------------------
TP46572 not allocated
----------------------

----------------------
TP47175 allocated to 1
----------------------

----------------------
TP47198 not allocated
----------------------

----------------------
TP47200 not allocated
----------------------

----------------------
TP47378 not allocated
----------------------

----------------------
TP47995 allocated to 1
----------------------

----------------------
TP47997 not allocated
----------------------

----------------------
TP48208 not allocated
----------------------

----------------------
TP48241 allocated to 1
----------------------

----------------------
TP48451 not allocated
----------------------

----------------------
TP48577 not allocated
----------------------

----------------------
TP49223 allocated to 1
----------------------

----------------------
TP49301 not allocated
----------------------

----------------------
TP49355 not allocated
----------------------

----------------------
TP49540 not allocated
----------------------

----------------------
TP49976 allocated to 3
----------------------

-------------------------------------------------------------------------

Ride-sharing vs Individual Mode - Num Vehicles and Distance Comparisson 

-------------------------------------------------------------------------
Individual Mode = 203 vehicles.
Ride-sharing Mode = 45 vehicles. The 7 ride-sharing vehicles + 38 vehicles of the individuals not served by the ride-sharing service.
-------------------------------------------------------------------------
Individual Mode = 462 distance.
Ride-sharing Mode = 798 distance. 700 from the EV fleet + 98 from the distance of the trips not covered individuals had to do with their own vehicle.
-------------------------------------------------------------------------
