-------------------------------------------------------------------------
TPs satisfied = 99; Total TPs = 192; Percentage Satisfied + 51.6%
-------------------------------------------------------------------------

-------------------------------------------------------------------------

EVs

-------------------------------------------------------------------------
--------------------------------------
EV1
--------------------------------------
Num TPs served = 1
TPs served = 123
Total energy used = 0
--------------------------------------
Schedule:
0 240 671 620 671 620 0 0 100 100 0 240 0
240 240 671 620 671 620 0 1 100 100 123 32 0
240 241 671 620 671 620 1 1 100 100 0 1 0
241 241 671 620 671 620 1 0 100 100 -123 32 0
241 43267 671 620 671 620 0 0 100 100 1000000000 43026 0
--------------------------------------
--------------------------------------
EV2
--------------------------------------
Num TPs served = 43
TPs served = 191 248 268 288 418 606 626 813 893 1152 1262 1600 1615 1780 1866 1926 2032 2045 2294 2930 5299 6901 10086 13502 16701 16816 16996 18842 22364 23216 26246 26871 27615 28491 29536 30394 31445 37684 42653 44042 44135 45017 45614
Total energy used = 100
--------------------------------------
Schedule:
0 369 671 620 671 620 0 0 100 100 0 369 0
369 369 671 620 671 620 0 1 100 100 191 32 0
369 371 671 620 671 620 1 1 100 100 0 2 0
371 382 671 620 680 622 1 0 100 89 -191 32 11
382 473 680 622 680 622 0 0 89 89 0 91 0
473 484 680 622 671 620 0 1 89 78 248 32 11
484 487 671 620 674 620 1 0 78 75 -248 32 3
487 525 674 620 674 620 0 0 75 75 0 38 0
525 528 674 620 671 620 0 1 75 72 268 32 3
528 529 671 620 671 621 1 0 72 71 -268 32 1
529 564 671 621 671 621 0 0 71 71 0 35 0
564 565 671 621 671 620 0 1 71 70 288 32 1
565 567 671 620 672 621 1 0 70 68 -288 32 2
567 764 672 621 672 621 0 0 68 68 0 197 0
764 766 672 621 671 620 0 1 68 66 418 32 2
766 768 671 620 673 620 1 0 66 64 -418 32 2
768 1087 673 620 673 620 0 0 64 64 0 319 0
1087 1089 673 620 671 620 0 1 64 62 606 32 2
1089 1091 671 620 673 620 1 0 62 60 -606 32 2
1091 1122 673 620 673 620 0 0 60 60 0 31 0
1122 1124 673 620 671 620 0 1 60 58 626 32 2
1124 1125 671 620 671 621 1 0 58 57 -626 32 1
1125 1450 671 621 671 621 0 0 57 57 0 325 0
1450 1451 671 621 671 620 0 1 57 56 813 32 1
1451 1455 671 620 671 620 1 1 56 56 0 4 0
1455 1458 671 620 671 623 1 0 56 53 -813 32 3
1458 1574 671 623 671 623 0 0 53 53 0 116 0
1574 1577 671 623 671 620 0 1 53 50 893 32 3
1577 1579 671 620 671 620 1 1 50 50 0 2 0
1579 1579 671 620 671 620 1 0 50 50 -893 32 0
1579 2016 671 620 671 620 0 0 50 50 0 437 0
2016 2016 671 620 671 620 0 1 50 50 1152 32 0
2016 2018 671 620 671 622 1 0 50 48 -1152 32 2
2018 2202 671 622 671 622 0 0 48 48 0 184 0
2202 2204 671 622 671 620 0 1 48 46 1262 32 2
2204 2207 671 620 671 623 1 0 46 43 -1262 32 3
2207 2783 671 623 671 623 0 0 43 43 0 576 0
2783 2786 671 623 671 620 0 1 43 40 1600 32 3
2786 2790 671 620 675 620 1 0 40 36 -1600 32 4
2790 2820 675 620 675 620 0 0 36 36 0 30 0
2820 2824 675 620 671 620 0 1 36 32 1615 32 4
2824 2825 671 620 672 620 1 0 32 31 -1615 32 1
2825 3114 672 620 672 620 0 0 31 31 0 289 0
3114 3115 672 620 671 620 0 1 31 30 1780 32 1
3115 3116 671 620 672 620 1 0 30 29 -1780 32 1
3116 3276 672 620 672 620 0 0 29 29 0 160 0
3276 3277 672 620 671 620 0 1 29 28 1866 32 1
3277 3278 671 620 671 620 1 1 28 28 0 1 0
3278 3280 671 620 671 622 1 0 28 26 -1866 32 2
3280 3384 671 622 671 622 0 0 26 26 0 104 0
3384 3386 671 622 671 620 0 1 26 24 1926 32 2
3386 3388 671 620 671 622 1 0 24 22 -1926 32 2
3388 3587 671 622 671 622 0 0 22 22 0 199 0
3587 3589 671 622 671 620 0 1 22 20 2045 32 2
3589 3589 671 620 671 620 1 2 20 20 2032 13 0
3589 3590 671 620 671 620 2 2 20 20 0 1 0
3590 3591 671 620 671 621 2 1 20 19 -2045 32 1
3591 3598 671 621 678 621 1 0 19 12 -2032 12 7
3598 4059 678 621 678 621 0 0 12 12 0 461 0
4059 4067 678 621 671 620 0 1 12 4 2294 32 8
4067 4068 671 620 671 620 1 1 4 4 0 1 0
4068 4069 671 620 671 621 1 0 4 3 -2294 32 1
4069 4506 671 621 671 621 0 0 3 3 0 437 0
4506 4507 671 621 671 620 0 1 3 2 18842 32 1
4507 4510 671 620 671 620 1 1 2 2 0 3 0
4510 4510 671 620 671 620 1 0 2 2 -18842 32 0
4510 5225 671 620 671 620 0 0 2 2 0 715 0
5225 5225 671 620 671 620 0 1 2 2 2930 32 0
5225 5226 671 620 671 620 1 1 2 2 0 1 0
5226 5227 671 620 672 620 1 0 2 1 -2930 32 1
5227 7403 672 620 672 620 0 0 1 1 0 2176 0
7403 7404 672 620 671 620 0 1 1 0 37684 32 1
7404 7405 671 620 671 620 1 1 0 0 0 1 0
7405 7405 671 620 671 620 1 0 0 0 -37684 32 0
7405 9644 671 620 671 620 0 0 0 0 0 2239 0
9644 9644 671 620 671 620 0 1 0 0 5299 32 0
9644 9645 671 620 671 620 1 1 0 0 0 1 0
9645 9645 671 620 671 620 1 0 0 0 -5299 32 0
9645 12787 671 620 671 620 0 0 0 0 0 3142 0
12787 12787 671 620 671 620 0 1 0 0 6901 32 0
12787 12788 671 620 671 620 1 1 0 0 0 1 0
12788 12788 671 620 671 620 1 0 0 0 -6901 32 0
12788 14400 671 620 671 620 0 0 0 0 0 1612 0
14400 14400 671 620 671 620 0 1 0 0 22364 32 0
14400 14402 671 620 671 620 1 1 0 0 0 2 0
14402 14402 671 620 671 620 1 0 0 0 -22364 32 0
14402 16499 671 620 671 620 0 0 0 0 0 2097 0
16499 16499 671 620 671 620 0 1 0 0 23216 32 0
16499 16501 671 620 671 620 1 1 0 0 0 2 0
16501 16501 671 620 671 620 1 0 0 0 -23216 32 0
16501 19537 671 620 671 620 0 0 0 0 0 3036 0
19537 19537 671 620 671 620 0 1 0 0 42653 32 0
19537 19538 671 620 671 620 1 1 0 0 0 1 0
19538 19538 671 620 671 620 1 0 0 0 -42653 32 0
19538 20657 671 620 671 620 0 0 0 0 0 1119 0
20657 20657 671 620 671 620 0 1 0 0 10086 32 0
20657 20658 671 620 671 620 1 1 0 0 0 1 0
20658 20658 671 620 671 620 1 0 0 0 -10086 32 0
20658 22249 671 620 671 620 0 0 0 0 0 1591 0
22249 22249 671 620 671 620 0 1 0 0 44042 32 0
22249 22251 671 620 671 620 1 1 0 0 0 2 0
22251 22251 671 620 671 620 1 0 0 0 -44042 32 0
22251 22436 671 620 671 620 0 0 0 0 0 185 0
22436 22436 671 620 671 620 0 1 0 0 44135 32 0
22436 22437 671 620 671 620 1 1 0 0 0 1 0
22437 22437 671 620 671 620 1 0 0 0 -44135 32 0
22437 23165 671 620 671 620 0 0 0 0 0 728 0
23165 23165 671 620 671 620 0 1 0 0 26246 32 0
23165 23166 671 620 671 620 1 1 0 0 0 1 0
23166 23166 671 620 671 620 1 0 0 0 -26246 32 0
23166 24049 671 620 671 620 0 0 0 0 0 883 0
24049 24049 671 620 671 620 0 1 0 0 45017 32 0
24049 24053 671 620 671 620 1 1 0 0 0 4 0
24053 24053 671 620 671 620 1 0 0 0 -45017 32 0
24053 24398 671 620 671 620 0 0 0 0 0 345 0
24398 24398 671 620 671 620 0 1 0 0 26871 32 0
24398 24399 671 620 671 620 1 1 0 0 0 1 0
24399 24399 671 620 671 620 1 0 0 0 -26871 32 0
24399 25103 671 620 671 620 0 0 0 0 0 704 0
25103 25103 671 620 671 620 0 1 0 0 45614 32 0
25103 25104 671 620 671 620 1 1 0 0 0 1 0
25104 25104 671 620 671 620 1 0 0 0 -45614 32 0
25104 25789 671 620 671 620 0 0 0 0 0 685 0
25789 25789 671 620 671 620 0 1 0 0 27615 32 0
25789 25791 671 620 671 620 1 1 0 0 0 2 0
25791 25791 671 620 671 620 1 0 0 0 -27615 32 0
25791 27475 671 620 671 620 0 0 0 0 0 1684 0
27475 27475 671 620 671 620 0 1 0 0 28491 32 0
27475 27478 671 620 671 620 1 1 0 0 0 3 0
27478 27478 671 620 671 620 1 0 0 0 -28491 32 0
27478 29590 671 620 671 620 0 0 0 0 0 2112 0
29590 29590 671 620 671 620 0 1 0 0 29536 32 0
29590 29592 671 620 671 620 1 1 0 0 0 2 0
29592 29592 671 620 671 620 1 0 0 0 -29536 32 0
29592 31259 671 620 671 620 0 0 0 0 0 1667 0
31259 31259 671 620 671 620 0 1 0 0 30394 32 0
31259 31260 671 620 671 620 1 1 0 0 0 1 0
31260 31260 671 620 671 620 1 0 0 0 -30394 32 0
31260 32112 671 620 671 620 0 0 0 0 0 852 0
32112 32112 671 620 671 620 0 1 0 0 13502 32 0
32112 32116 671 620 671 620 1 1 0 0 0 4 0
32116 32116 671 620 671 620 1 0 0 0 -13502 32 0
32116 33479 671 620 671 620 0 0 0 0 0 1363 0
33479 33479 671 620 671 620 0 1 0 0 31445 32 0
33479 33480 671 620 671 620 1 1 0 0 0 1 0
33480 33480 671 620 671 620 1 0 0 0 -31445 32 0
33480 41960 671 620 671 620 0 0 0 0 0 8480 0
41960 41960 671 620 671 620 0 1 0 0 16701 32 0
41960 41962 671 620 671 620 1 1 0 0 0 2 0
41962 41962 671 620 671 620 1 0 0 0 -16701 32 0
41962 42156 671 620 671 620 0 0 0 0 0 194 0
42156 42156 671 620 671 620 0 1 0 0 16816 32 0
42156 42157 671 620 671 620 1 1 0 0 0 1 0
42157 42157 671 620 671 620 1 0 0 0 -16816 32 0
42157 42493 671 620 671 620 0 0 0 0 0 336 0
42493 42493 671 620 671 620 0 1 0 0 16996 32 0
42493 42497 671 620 671 620 1 1 0 0 0 4 0
42497 42497 671 620 671 620 1 0 0 0 -16996 32 0
42497 43267 671 620 671 620 0 0 0 0 0 770 0
43267 43267 671 620 671 620 0 0 0 0 1000000000 0 0
--------------------------------------
--------------------------------------
EV3
--------------------------------------
Num TPs served = 16
TPs served = 2380 2832 2881 3639 4080 4728 5428 5518 5774 5887 5933 6408 6428 6864 7997 19041
Total energy used = 100
--------------------------------------
Schedule:
0 4225 671 620 671 620 0 0 100 100 0 4225 0
4225 4225 671 620 671 620 0 1 100 100 2380 32 0
4225 4226 671 620 671 620 1 1 100 100 0 1 0
4226 4232 671 620 677 620 1 0 100 94 -2380 32 6
4232 5048 677 620 677 620 0 0 94 94 0 816 0
5048 5054 677 620 671 620 0 1 94 88 2832 32 6
5054 5057 671 620 674 620 1 0 88 85 -2832 32 3
5057 5126 674 620 674 620 0 0 85 85 0 69 0
5126 5129 674 620 671 620 0 1 85 82 19041 32 3
5129 5139 671 620 671 620 1 1 82 82 0 10 0
5139 5139 671 620 671 620 1 2 82 82 2881 32 0
5139 5142 671 620 674 620 2 1 82 79 -19041 22 3
5142 5144 674 620 674 620 1 1 79 79 0 2 0
5144 5149 674 620 679 620 1 0 79 74 -2881 32 5
5149 6514 679 620 679 620 0 0 74 74 0 1365 0
6514 6522 679 620 671 620 0 1 74 66 3639 32 8
6522 6523 671 620 671 620 1 1 66 66 0 1 0
6523 6532 671 620 676 624 1 0 66 57 -3639 32 9
6532 7337 676 624 676 624 0 0 57 57 0 805 0
7337 7346 676 624 671 620 0 1 57 48 4080 32 9
7346 7348 671 620 671 620 1 1 48 48 0 2 0
7348 7350 671 620 671 622 1 0 48 46 -4080 32 2
7350 8587 671 622 671 622 0 0 46 46 0 1237 0
8587 8589 671 622 671 620 0 1 46 44 4728 32 2
8589 8591 671 620 671 620 1 1 44 44 0 2 0
8591 8594 671 620 671 623 1 0 44 41 -4728 32 3
8594 9860 671 623 671 623 0 0 41 41 0 1266 0
9860 9863 671 623 671 620 0 1 41 38 5428 32 3
9863 9865 671 620 671 620 1 1 38 38 0 2 0
9865 9867 671 620 673 620 1 0 38 36 -5428 32 2
9867 10023 673 620 673 620 0 0 36 36 0 156 0
10023 10025 673 620 671 620 0 1 36 34 5518 32 2
10025 10026 671 620 671 620 1 1 34 34 0 1 0
10026 10031 671 620 673 623 1 0 34 29 -5518 32 5
10031 10559 673 623 673 623 0 0 29 29 0 528 0
10559 10564 673 623 671 620 0 1 29 24 5774 32 5
10564 10568 671 620 671 620 1 1 24 24 0 4 0
10568 10569 671 620 671 621 1 0 24 23 -5774 32 1
10569 10771 671 621 671 621 0 0 23 23 0 202 0
10771 10772 671 621 671 620 0 1 23 22 5887 32 1
10772 10773 671 620 671 620 1 1 22 22 0 1 0
10773 10775 671 620 673 620 1 0 22 20 -5887 32 2
10775 10855 673 620 673 620 0 0 20 20 0 80 0
10855 10857 673 620 671 620 0 1 20 18 5933 32 2
10857 10858 671 620 671 621 1 0 18 17 -5933 32 1
10858 11802 671 621 671 621 0 0 17 17 0 944 0
11802 11803 671 621 671 620 0 1 17 16 6428 32 1
11803 11803 671 620 671 620 1 2 16 16 6408 1 0
11803 11806 671 620 672 622 2 1 16 13 -6408 1 3
11806 11808 672 622 673 621 1 0 13 11 -6428 31 2
11808 12697 673 621 673 621 0 0 11 11 0 889 0
12697 12700 673 621 671 620 0 1 11 8 6864 32 3
12700 12703 671 620 672 622 1 0 8 5 -6864 32 3
12703 15193 672 622 672 622 0 0 5 5 0 2490 0
15193 15196 672 622 671 620 0 1 5 2 7997 32 3
15196 15197 671 620 671 621 1 0 2 1 -7997 32 1
15197 43266 671 621 671 621 0 0 1 1 0 28069 0
43266 43267 671 621 671 620 0 0 1 0 1000000000 0 1
--------------------------------------
--------------------------------------
EV4
--------------------------------------
Num TPs served = 23
TPs served = 6885 8121 8429 8781 8964 9008 9302 9332 9556 10109 10339 11099 11226 11296 11566 11715 12355 12577 13393 13557 13977 14337 45955
Total energy used = 100
--------------------------------------
Schedule:
0 12749 671 620 671 620 0 0 100 100 0 12749 0
12749 12749 671 620 671 620 0 1 100 100 6885 32 0
12749 12750 671 620 671 620 1 1 100 100 0 1 0
12750 12752 671 620 671 622 1 0 100 98 -6885 32 2
12752 15499 671 622 671 622 0 0 98 98 0 2747 0
15499 15501 671 622 671 620 0 1 98 96 8121 32 2
15501 15502 671 620 672 620 1 0 96 95 -8121 32 1
15502 16215 672 620 672 620 0 0 95 95 0 713 0
16215 16216 672 620 671 620 0 1 95 94 8429 32 1
16216 16217 671 620 672 620 1 0 94 93 -8429 32 1
16217 17090 672 620 672 620 0 0 93 93 0 873 0
17090 17091 672 620 671 620 0 1 93 92 8781 32 1
17091 17092 671 620 672 620 1 0 92 91 -8781 32 1
17092 17565 672 620 672 620 0 0 91 91 0 473 0
17565 17566 672 620 671 620 0 1 91 90 8964 32 1
17566 17567 671 620 671 621 1 0 90 89 -8964 32 1
17567 17672 671 621 671 621 0 0 89 89 0 105 0
17672 17673 671 621 671 620 0 1 89 88 9008 32 1
17673 17674 671 620 671 621 1 0 88 87 -9008 32 1
17674 18491 671 621 671 621 0 0 87 87 0 817 0
18491 18492 671 621 671 620 0 1 87 86 9302 32 1
18492 18493 671 620 671 620 1 1 86 86 0 1 0
18493 18494 671 620 671 621 1 0 86 85 -9302 32 1
18494 18571 671 621 671 621 0 0 85 85 0 77 0
18571 18572 671 621 671 620 0 1 85 84 9332 32 1
18572 18574 671 620 673 620 1 0 84 82 -9332 32 2
18574 19168 673 620 673 620 0 0 82 82 0 594 0
19168 19170 673 620 671 620 0 1 82 80 9556 32 2
19170 19172 671 620 673 620 1 0 80 78 -9556 32 2
19172 20721 673 620 673 620 0 0 78 78 0 1549 0
20721 20723 673 620 671 620 0 1 78 76 10109 32 2
20723 20724 671 620 672 620 1 0 76 75 -10109 32 1
20724 21383 672 620 672 620 0 0 75 75 0 659 0
21383 21384 672 620 671 620 0 1 75 74 10339 32 1
21384 21385 671 620 671 620 1 1 74 74 0 1 0
21385 21386 671 620 671 621 1 0 74 73 -10339 32 1
21386 23685 671 621 671 621 0 0 73 73 0 2299 0
23685 23686 671 621 671 620 0 1 73 72 11099 32 1
23686 23687 671 620 671 620 1 1 72 72 0 1 0
23687 23688 671 620 671 621 1 0 72 71 -11099 32 1
23688 24022 671 621 671 621 0 0 71 71 0 334 0
24022 24023 671 621 671 620 0 1 71 70 11226 32 1
24023 24026 671 620 674 620 1 0 70 67 -11226 32 3
24026 24245 674 620 674 620 0 0 67 67 0 219 0
24245 24248 674 620 671 620 0 1 67 64 11296 32 3
24248 24250 671 620 673 620 1 0 64 62 -11296 32 2
24250 25236 673 620 673 620 0 0 62 62 0 986 0
25236 25238 673 620 671 620 0 1 62 60 11566 32 2
25238 25240 671 620 673 620 1 0 60 58 -11566 32 2
25240 25712 673 620 673 620 0 0 58 58 0 472 0
25712 25714 673 620 671 620 0 1 58 56 45955 32 2
25714 25745 671 620 671 620 1 1 56 56 0 31 0
25745 25745 671 620 671 620 1 2 56 56 11715 32 0
25745 25747 671 620 672 621 2 1 56 54 -45955 1 2
25747 25747 672 621 672 621 1 0 54 54 -11715 32 0
25747 27940 672 621 672 621 0 0 54 54 0 2193 0
27940 27942 672 621 671 620 0 1 54 52 12355 32 2
27942 27945 671 620 674 620 1 0 52 49 -12355 32 3
27945 28731 674 620 674 620 0 0 49 49 0 786 0
28731 28734 674 620 671 620 0 1 49 46 12577 32 3
28734 28736 671 620 671 620 1 1 46 46 0 2 0
28736 28749 671 620 673 631 1 0 46 33 -12577 32 13
28749 31665 673 631 673 631 0 0 33 33 0 2916 0
31665 31678 673 631 671 620 0 1 33 20 13393 32 13
31678 31679 671 620 671 620 1 1 20 20 0 1 0
31679 31685 671 620 677 620 1 0 20 14 -13393 32 6
31685 32324 677 620 677 620 0 0 14 14 0 639 0
32324 32330 677 620 671 620 0 1 14 8 13557 32 6
32330 32331 671 620 671 620 1 1 8 8 0 1 0
32331 32332 671 620 672 620 1 0 8 7 -13557 32 1
32332 33888 672 620 672 620 0 0 7 7 0 1556 0
33888 33889 672 620 671 620 0 1 7 6 13977 32 1
33889 33890 671 620 671 621 1 0 6 5 -13977 32 1
33890 35252 671 621 671 621 0 0 5 5 0 1362 0
35252 35253 671 621 671 620 0 1 5 4 14337 32 1
35253 35255 671 620 671 622 1 0 4 2 -14337 32 2
35255 43265 671 622 671 622 0 0 2 2 0 8010 0
43265 43267 671 622 671 620 0 0 2 0 1000000000 0 2
--------------------------------------
--------------------------------------
EV5
--------------------------------------
Num TPs served = 16
TPs served = 14064 14616 14843 15256 15690 15808 16100 16200 16755 18168 18297 18931 19259 20543 21507 39530
Total energy used = 100
--------------------------------------
Schedule:
0 2345 671 620 671 620 0 0 100 100 0 2345 0
2345 2345 671 620 671 620 0 1 100 100 18168 32 0
2345 2346 671 620 671 620 1 1 100 100 0 1 0
2346 2347 671 620 672 620 1 0 100 99 -18168 32 1
2347 2741 672 620 672 620 0 0 99 99 0 394 0
2741 2742 672 620 671 620 0 1 99 98 18297 32 1
2742 2743 671 620 671 620 1 1 98 98 0 1 0
2743 2744 671 620 671 621 1 0 98 97 -18297 32 1
2744 4781 671 621 671 621 0 0 97 97 0 2037 0
4781 4782 671 621 671 620 0 1 97 96 18931 32 1
4782 4783 671 620 671 620 1 1 96 96 0 1 0
4783 4787 671 620 675 620 1 0 96 92 -18931 32 4
4787 5765 675 620 675 620 0 0 92 92 0 978 0
5765 5769 675 620 671 620 0 1 92 88 19259 32 4
5769 5778 671 620 671 620 1 1 88 88 0 9 0
5778 5787 671 620 673 627 1 0 88 79 -19259 32 9
5787 9549 673 627 673 627 0 0 79 79 0 3762 0
9549 9558 673 627 671 620 0 1 79 70 20543 32 9
9558 9559 671 620 671 621 1 0 70 69 -20543 32 1
9559 12137 671 621 671 621 0 0 69 69 0 2578 0
12137 12138 671 621 671 620 0 1 69 68 21507 32 1
12138 12172 671 620 671 620 1 1 68 68 0 34 0
12172 12172 671 620 671 620 1 2 68 68 39530 32 0
12172 12173 671 620 671 621 2 1 68 67 -39530 32 1
12173 12174 671 621 671 622 1 0 67 66 -21507 2 1
12174 34237 671 622 671 622 0 0 66 66 0 22063 0
34237 34239 671 622 671 620 0 1 66 64 14064 32 2
34239 34249 671 620 680 621 1 0 64 54 -14064 32 10
34249 36289 680 621 680 621 0 0 54 54 0 2040 0
36289 36299 680 621 671 620 0 1 54 44 14616 32 10
36299 36300 671 620 671 620 1 1 44 44 0 1 0
36300 36304 671 620 671 624 1 0 44 40 -14616 32 4
36304 37214 671 624 671 624 0 0 40 40 0 910 0
37214 37218 671 624 671 620 0 1 40 36 14843 32 4
37218 37219 671 620 671 620 1 1 36 36 0 1 0
37219 37221 671 620 673 620 1 0 36 34 -14843 32 2
37221 38789 673 620 673 620 0 0 34 34 0 1568 0
38789 38791 673 620 671 620 0 1 34 32 15256 32 2
38791 38794 671 620 674 620 1 0 32 29 -15256 32 3
38794 40191 674 620 674 620 0 0 29 29 0 1397 0
40191 40194 674 620 671 620 0 1 29 26 15690 32 3
40194 40195 671 620 671 620 1 1 26 26 0 1 0
40195 40196 671 620 671 621 1 0 26 25 -15690 32 1
40196 40404 671 621 671 621 0 0 25 25 0 208 0
40404 40405 671 621 671 620 0 1 25 24 15808 32 1
40405 40408 671 620 671 620 1 1 24 24 0 3 0
40408 40411 671 620 673 621 1 0 24 21 -15808 32 3
40411 40945 673 621 673 621 0 0 21 21 0 534 0
40945 40948 673 621 671 620 0 1 21 18 16100 32 3
40948 40950 671 620 671 620 1 1 18 18 0 2 0
40950 40955 671 620 674 622 1 0 18 13 -16100 32 5
40955 41111 674 622 674 622 0 0 13 13 0 156 0
41111 41116 674 622 671 620 0 1 13 8 16200 32 5
41116 41119 671 620 671 623 1 0 8 5 -16200 32 3
41119 42050 671 623 671 623 0 0 5 5 0 931 0
42050 42053 671 623 671 620 0 1 5 2 16755 32 3
42053 42054 671 620 671 620 1 1 2 2 0 1 0
42054 42055 671 620 672 620 1 0 2 1 -16755 32 1
42055 43266 672 620 672 620 0 0 1 1 0 1211 0
43266 43267 672 620 671 620 0 0 1 0 1000000000 0 1
--------------------------------------

-------------------------------------------------------------------------

TPs

-------------------------------------------------------------------------

----------------------
TP123 allocated to 1
----------------------

----------------------
TP191 allocated to 2
----------------------

----------------------
TP248 allocated to 2
----------------------

----------------------
TP268 allocated to 2
----------------------

----------------------
TP288 allocated to 2
----------------------

----------------------
TP418 allocated to 2
----------------------

----------------------
TP606 allocated to 2
----------------------

----------------------
TP626 allocated to 2
----------------------

----------------------
TP813 allocated to 2
----------------------

----------------------
TP893 allocated to 2
----------------------

----------------------
TP1152 allocated to 2
----------------------

----------------------
TP1262 allocated to 2
----------------------

----------------------
TP1600 allocated to 2
----------------------

----------------------
TP1615 allocated to 2
----------------------

----------------------
TP1780 allocated to 2
----------------------

----------------------
TP1866 allocated to 2
----------------------

----------------------
TP1926 allocated to 2
----------------------

----------------------
TP2032 allocated to 2
----------------------

----------------------
TP2045 allocated to 2
----------------------

----------------------
TP2294 allocated to 2
----------------------

----------------------
TP2380 allocated to 3
----------------------

----------------------
TP2832 allocated to 3
----------------------

----------------------
TP2881 allocated to 3
----------------------

----------------------
TP2930 allocated to 2
----------------------

----------------------
TP3639 allocated to 3
----------------------

----------------------
TP4080 allocated to 3
----------------------

----------------------
TP4728 allocated to 3
----------------------

----------------------
TP5299 allocated to 2
----------------------

----------------------
TP5428 allocated to 3
----------------------

----------------------
TP5518 allocated to 3
----------------------

----------------------
TP5774 allocated to 3
----------------------

----------------------
TP5887 allocated to 3
----------------------

----------------------
TP5933 allocated to 3
----------------------

----------------------
TP6408 allocated to 3
----------------------

----------------------
TP6428 allocated to 3
----------------------

----------------------
TP6864 allocated to 3
----------------------

----------------------
TP6885 allocated to 4
----------------------

----------------------
TP6901 allocated to 2
----------------------

----------------------
TP7997 allocated to 3
----------------------

----------------------
TP8121 allocated to 4
----------------------

----------------------
TP8429 allocated to 4
----------------------

----------------------
TP8781 allocated to 4
----------------------

----------------------
TP8964 allocated to 4
----------------------

----------------------
TP9008 allocated to 4
----------------------

----------------------
TP9302 allocated to 4
----------------------

----------------------
TP9332 allocated to 4
----------------------

----------------------
TP9556 allocated to 4
----------------------

----------------------
TP10086 allocated to 2
----------------------

----------------------
TP10109 allocated to 4
----------------------

----------------------
TP10339 allocated to 4
----------------------

----------------------
TP11099 allocated to 4
----------------------

----------------------
TP11226 allocated to 4
----------------------

----------------------
TP11296 allocated to 4
----------------------

----------------------
TP11566 allocated to 4
----------------------

----------------------
TP11715 allocated to 4
----------------------

----------------------
TP12355 allocated to 4
----------------------

----------------------
TP12577 allocated to 4
----------------------

----------------------
TP13393 allocated to 4
----------------------

----------------------
TP13502 allocated to 2
----------------------

----------------------
TP13557 allocated to 4
----------------------

----------------------
TP13977 allocated to 4
----------------------

----------------------
TP14064 allocated to 5
----------------------

----------------------
TP14337 allocated to 4
----------------------

----------------------
TP14616 allocated to 5
----------------------

----------------------
TP14843 allocated to 5
----------------------

----------------------
TP15256 allocated to 5
----------------------

----------------------
TP15690 allocated to 5
----------------------

----------------------
TP15808 allocated to 5
----------------------

----------------------
TP16100 allocated to 5
----------------------

----------------------
TP16200 allocated to 5
----------------------

----------------------
TP16701 allocated to 2
----------------------

----------------------
TP16755 allocated to 5
----------------------

----------------------
TP16816 allocated to 2
----------------------

----------------------
TP16996 allocated to 2
----------------------

----------------------
TP18168 allocated to 5
----------------------

----------------------
TP18297 allocated to 5
----------------------

----------------------
TP18842 allocated to 2
----------------------

----------------------
TP18931 allocated to 5
----------------------

----------------------
TP19041 allocated to 3
----------------------

----------------------
TP19259 allocated to 5
----------------------

----------------------
TP19867 not allocated
----------------------

----------------------
TP20543 allocated to 5
----------------------

----------------------
TP21507 allocated to 5
----------------------

----------------------
TP22061 not allocated
----------------------

----------------------
TP22094 not allocated
----------------------

----------------------
TP22304 not allocated
----------------------

----------------------
TP22364 allocated to 2
----------------------

----------------------
TP22501 not allocated
----------------------

----------------------
TP22723 not allocated
----------------------

----------------------
TP22792 not allocated
----------------------

----------------------
TP22812 not allocated
----------------------

----------------------
TP22835 not allocated
----------------------

----------------------
TP22889 not allocated
----------------------

----------------------
TP22996 not allocated
----------------------

----------------------
TP23216 allocated to 2
----------------------

----------------------
TP23270 not allocated
----------------------

----------------------
TP23364 not allocated
----------------------

----------------------
TP24112 not allocated
----------------------

----------------------
TP24525 not allocated
----------------------

----------------------
TP25135 not allocated
----------------------

----------------------
TP25287 not allocated
----------------------

----------------------
TP25592 not allocated
----------------------

----------------------
TP26007 not allocated
----------------------

----------------------
TP26246 allocated to 2
----------------------

----------------------
TP26404 not allocated
----------------------

----------------------
TP26730 not allocated
----------------------

----------------------
TP26860 not allocated
----------------------

----------------------
TP26871 allocated to 2
----------------------

----------------------
TP27108 not allocated
----------------------

----------------------
TP27200 not allocated
----------------------

----------------------
TP27413 not allocated
----------------------

----------------------
TP27615 allocated to 2
----------------------

----------------------
TP27628 not allocated
----------------------

----------------------
TP27668 not allocated
----------------------

----------------------
TP28173 not allocated
----------------------

----------------------
TP28261 not allocated
----------------------

----------------------
TP28273 not allocated
----------------------

----------------------
TP28491 allocated to 2
----------------------

----------------------
TP28587 not allocated
----------------------

----------------------
TP28816 not allocated
----------------------

----------------------
TP28912 not allocated
----------------------

----------------------
TP29014 not allocated
----------------------

----------------------
TP29536 allocated to 2
----------------------

----------------------
TP29646 not allocated
----------------------

----------------------
TP29688 not allocated
----------------------

----------------------
TP29690 not allocated
----------------------

----------------------
TP30001 not allocated
----------------------

----------------------
TP30244 not allocated
----------------------

----------------------
TP30394 allocated to 2
----------------------

----------------------
TP31154 not allocated
----------------------

----------------------
TP31394 not allocated
----------------------

----------------------
TP31445 allocated to 2
----------------------

----------------------
TP31669 not allocated
----------------------

----------------------
TP32314 not allocated
----------------------

----------------------
TP32898 not allocated
----------------------

----------------------
TP33197 not allocated
----------------------

----------------------
TP33952 not allocated
----------------------

----------------------
TP33997 not allocated
----------------------

----------------------
TP34278 not allocated
----------------------

----------------------
TP34378 not allocated
----------------------

----------------------
TP34637 not allocated
----------------------

----------------------
TP34679 not allocated
----------------------

----------------------
TP34682 not allocated
----------------------

----------------------
TP34906 not allocated
----------------------

----------------------
TP35498 not allocated
----------------------

----------------------
TP35648 not allocated
----------------------

----------------------
TP35724 not allocated
----------------------

----------------------
TP35802 not allocated
----------------------

----------------------
TP35914 not allocated
----------------------

----------------------
TP36393 not allocated
----------------------

----------------------
TP36585 not allocated
----------------------

----------------------
TP37313 not allocated
----------------------

----------------------
TP37566 not allocated
----------------------

----------------------
TP37684 allocated to 2
----------------------

----------------------
TP37823 not allocated
----------------------

----------------------
TP37987 not allocated
----------------------

----------------------
TP38077 not allocated
----------------------

----------------------
TP38874 not allocated
----------------------

----------------------
TP38920 not allocated
----------------------

----------------------
TP39245 not allocated
----------------------

----------------------
TP39530 allocated to 5
----------------------

----------------------
TP40374 not allocated
----------------------

----------------------
TP40742 not allocated
----------------------

----------------------
TP40782 not allocated
----------------------

----------------------
TP41694 not allocated
----------------------

----------------------
TP42653 allocated to 2
----------------------

----------------------
TP42679 not allocated
----------------------

----------------------
TP42778 not allocated
----------------------

----------------------
TP43203 not allocated
----------------------

----------------------
TP44042 allocated to 2
----------------------

----------------------
TP44135 allocated to 2
----------------------

----------------------
TP44245 not allocated
----------------------

----------------------
TP44340 not allocated
----------------------

----------------------
TP44496 not allocated
----------------------

----------------------
TP44788 not allocated
----------------------

----------------------
TP45017 allocated to 2
----------------------

----------------------
TP45175 not allocated
----------------------

----------------------
TP45614 allocated to 2
----------------------

----------------------
TP45719 not allocated
----------------------

----------------------
TP45955 allocated to 4
----------------------

----------------------
TP46254 not allocated
----------------------

----------------------
TP46257 not allocated
----------------------

----------------------
TP47280 not allocated
----------------------

----------------------
TP47679 not allocated
----------------------

----------------------
TP47812 not allocated
----------------------

----------------------
TP48061 not allocated
----------------------

----------------------
TP48569 not allocated
----------------------

----------------------
TP48878 not allocated
----------------------

----------------------
TP49052 not allocated
----------------------

----------------------
TP49367 not allocated
----------------------

----------------------
TP49549 not allocated
----------------------

----------------------
TP49792 not allocated
----------------------

-------------------------------------------------------------------------

Ride-sharing vs Individual Mode - Num Vehicles and Distance Comparisson 

-------------------------------------------------------------------------
Individual Mode = 192 vehicles.
Ride-sharing Mode = 98 vehicles. The 5 ride-sharing vehicles + 93 vehicles of the individuals not served by the ride-sharing service.
-------------------------------------------------------------------------
Individual Mode = 464 distance.
Ride-sharing Mode = 655 distance. 400 from the EV fleet + 255 from the distance of the trips not covered individuals had to do with their own vehicle.
-------------------------------------------------------------------------
