-------------------------------------------------------------------------
TPs satisfied = 56; Total TPs = 191; Percentage Satisfied + 29.299999999999997%
-------------------------------------------------------------------------

-------------------------------------------------------------------------

EVs

-------------------------------------------------------------------------
--------------------------------------
EV1
--------------------------------------
Num TPs served = 42
TPs served = 244 390 398 558 670 924 1061 1396 1522 1550 1602 1616 1944 2146 2330 2374 2439 5510 5886 8857 11381 13086 13485 15765 16018 16322 16607 23621 23768 26229 28161 28258 28806 33728 33778 34592 35485 35541 38469 40476 42686 44486
Total energy used = 100
--------------------------------------
Schedule:
0 473 0 620 0 620 0 0 100 100 0 473 0
473 473 0 620 0 620 0 1 100 100 244 32 0
473 477 0 620 0 620 1 1 100 100 0 4 0
477 481 0 620 1 623 1 0 100 96 -244 32 4
481 733 1 623 1 623 0 0 96 96 0 252 0
733 737 1 623 0 620 0 1 96 92 398 32 4
737 737 0 620 0 620 1 2 92 92 390 21 0
737 741 0 620 2 622 2 1 92 88 -398 32 4
741 744 2 622 0 623 1 0 88 85 -390 17 3
744 1003 0 623 0 623 0 0 85 85 0 259 0
1003 1006 0 623 0 620 0 1 85 82 35485 32 3
1006 1006 0 620 0 620 1 2 82 82 558 30 0
1006 1008 0 620 2 620 2 1 82 80 -35485 32 2
1008 1012 2 620 4 622 1 0 80 76 -558 30 4
1012 1197 4 622 4 622 0 0 76 76 0 185 0
1197 1203 4 622 0 620 0 1 76 70 35541 32 6
1203 1203 0 620 0 620 1 2 70 70 670 30 0
1203 1207 0 620 0 620 2 2 70 70 0 4 0
1207 1208 0 620 0 621 2 1 70 69 -35541 32 1
1208 1209 0 621 0 622 1 0 69 68 -670 27 1
1209 1628 0 622 0 622 0 0 68 68 0 419 0
1628 1630 0 622 0 620 0 1 68 66 924 32 2
1630 1631 0 620 1 620 1 0 66 65 -924 32 1
1631 1858 1 620 1 620 0 0 65 65 0 227 0
1858 1859 1 620 0 620 0 1 65 64 1061 32 1
1859 1862 0 620 0 620 1 1 64 64 0 3 0
1862 1872 0 620 7 623 1 0 64 54 -1061 32 10
1872 2428 7 623 7 623 0 0 54 54 0 556 0
2428 2438 7 623 0 620 0 1 54 44 1396 32 10
2438 2444 0 620 6 620 1 0 44 38 -1396 32 6
2444 2645 6 620 6 620 0 0 38 38 0 201 0
2645 2651 6 620 0 620 0 1 38 32 1522 32 6
2651 2652 0 620 0 620 1 1 32 32 0 1 0
2652 2653 0 620 1 620 1 0 32 31 -1522 32 1
2653 2691 1 620 1 620 0 0 31 31 0 38 0
2691 2692 1 620 0 620 0 1 31 30 1550 32 1
2692 2694 0 620 1 621 1 0 30 28 -1550 32 2
2694 2788 1 621 1 621 0 0 28 28 0 94 0
2788 2790 1 621 0 620 0 1 28 26 1602 32 2
2790 2791 0 620 0 620 1 1 26 26 0 1 0
2791 2793 0 620 2 620 1 0 26 24 -1602 32 2
2793 2824 2 620 2 620 0 0 24 24 0 31 0
2824 2826 2 620 0 620 0 1 24 22 1616 32 2
2826 2828 0 620 2 620 1 0 22 20 -1616 32 2
2828 3418 2 620 2 620 0 0 20 20 0 590 0
3418 3420 2 620 0 620 0 1 20 18 1944 32 2
3420 3422 0 620 2 620 1 0 18 16 -1944 32 2
3422 3786 2 620 2 620 0 0 16 16 0 364 0
3786 3788 2 620 0 620 0 1 16 14 2146 32 2
3788 3791 0 620 0 620 1 1 14 14 0 3 0
3791 3791 0 620 0 620 1 0 14 14 -2146 32 0
3791 4140 0 620 0 620 0 0 14 14 0 349 0
4140 4140 0 620 0 620 0 1 14 14 2330 32 0
4140 4145 0 620 5 620 1 0 14 9 -2330 32 5
4145 4209 5 620 5 620 0 0 9 9 0 64 0
4209 4214 5 620 0 620 0 1 9 4 2374 32 5
4214 4215 0 620 1 620 1 0 4 3 -2374 32 1
4215 4329 1 620 1 620 0 0 3 3 0 114 0
4329 4330 1 620 0 620 0 1 3 2 2439 32 1
4330 4331 0 620 1 620 1 0 2 1 -2439 32 1
4331 9553 1 620 1 620 0 0 1 1 0 5222 0
9553 9554 1 620 0 620 0 1 1 0 38469 32 1
9554 9557 0 620 0 620 1 1 0 0 0 3 0
9557 9557 0 620 0 620 1 0 0 0 -38469 32 0
9557 10012 0 620 0 620 0 0 0 0 0 455 0
10012 10012 0 620 0 620 0 1 0 0 5510 32 0
10012 10015 0 620 0 620 1 1 0 0 0 3 0
10015 10015 0 620 0 620 1 0 0 0 -5510 32 0
10015 10769 0 620 0 620 0 0 0 0 0 754 0
10769 10769 0 620 0 620 0 1 0 0 5886 32 0
10769 10770 0 620 0 620 1 1 0 0 0 1 0
10770 10770 0 620 0 620 1 0 0 0 -5886 32 0
10770 14661 0 620 0 620 0 0 0 0 0 3891 0
14661 14661 0 620 0 620 0 1 0 0 40476 32 0
14661 14663 0 620 0 620 1 1 0 0 0 2 0
14663 14663 0 620 0 620 1 0 0 0 -40476 32 0
14663 17277 0 620 0 620 0 0 0 0 0 2614 0
17277 17277 0 620 0 620 0 1 0 0 8857 32 0
17277 17279 0 620 0 620 1 1 0 0 0 2 0
17279 17279 0 620 0 620 1 0 0 0 -8857 32 0
17279 17456 0 620 0 620 0 0 0 0 0 177 0
17456 17456 0 620 0 620 0 1 0 0 23621 32 0
17456 17457 0 620 0 620 1 1 0 0 0 1 0
17457 17457 0 620 0 620 1 0 0 0 -23621 32 0
17457 17784 0 620 0 620 0 0 0 0 0 327 0
17784 17784 0 620 0 620 0 1 0 0 23768 32 0
17784 17786 0 620 0 620 1 1 0 0 0 2 0
17786 17786 0 620 0 620 1 0 0 0 -23768 32 0
17786 19603 0 620 0 620 0 0 0 0 0 1817 0
19603 19603 0 620 0 620 0 1 0 0 42686 32 0
19603 19605 0 620 0 620 1 1 0 0 0 2 0
19605 19605 0 620 0 620 1 0 0 0 -42686 32 0
19605 23089 0 620 0 620 0 0 0 0 0 3484 0
23089 23089 0 620 0 620 0 1 0 0 44486 32 0
23089 23090 0 620 0 620 1 1 0 0 0 1 0
23090 23090 0 620 0 620 1 0 0 0 -44486 32 0
23090 23129 0 620 0 620 0 0 0 0 0 39 0
23129 23129 0 620 0 620 0 1 0 0 26229 32 0
23129 23131 0 620 0 620 1 1 0 0 0 2 0
23131 23131 0 620 0 620 1 0 0 0 -26229 32 0
23131 24582 0 620 0 620 0 0 0 0 0 1451 0
24582 24582 0 620 0 620 0 1 0 0 11381 32 0
24582 24584 0 620 0 620 1 1 0 0 0 2 0
24584 24584 0 620 0 620 1 0 0 0 -11381 32 0
24584 26832 0 620 0 620 0 0 0 0 0 2248 0
26832 26832 0 620 0 620 0 1 0 0 28161 32 0
26832 26833 0 620 0 620 1 1 0 0 0 1 0
26833 26833 0 620 0 620 1 0 0 0 -28161 32 0
26833 27027 0 620 0 620 0 0 0 0 0 194 0
27027 27027 0 620 0 620 0 1 0 0 28258 32 0
27027 27028 0 620 0 620 1 1 0 0 0 1 0
27028 27028 0 620 0 620 1 0 0 0 -28258 32 0
27028 28082 0 620 0 620 0 0 0 0 0 1054 0
28082 28082 0 620 0 620 0 1 0 0 28806 32 0
28082 28084 0 620 0 620 1 1 0 0 0 2 0
28084 28084 0 620 0 620 1 0 0 0 -28806 32 0
28084 30620 0 620 0 620 0 0 0 0 0 2536 0
30620 30620 0 620 0 620 0 1 0 0 13086 32 0
30620 30622 0 620 0 620 1 1 0 0 0 2 0
30622 30622 0 620 0 620 1 0 0 0 -13086 32 0
30622 32073 0 620 0 620 0 0 0 0 0 1451 0
32073 32073 0 620 0 620 0 1 0 0 13485 32 0
32073 32074 0 620 0 620 1 1 0 0 0 1 0
32074 32074 0 620 0 620 1 0 0 0 -13485 32 0
32074 39084 0 620 0 620 0 0 0 0 0 7010 0
39084 39084 0 620 0 620 0 1 0 0 33728 32 0
39084 39086 0 620 0 620 1 1 0 0 0 2 0
39086 39086 0 620 0 620 1 0 0 0 -33728 32 0
39086 39203 0 620 0 620 0 0 0 0 0 117 0
39203 39203 0 620 0 620 0 1 0 0 33778 32 0
39203 39204 0 620 0 620 1 1 0 0 0 1 0
39204 39204 0 620 0 620 1 0 0 0 -33778 32 0
39204 40337 0 620 0 620 0 0 0 0 0 1133 0
40337 40337 0 620 0 620 0 1 0 0 15765 32 0
40337 40338 0 620 0 620 1 1 0 0 0 1 0
40338 40338 0 620 0 620 1 0 0 0 -15765 32 0
40338 40770 0 620 0 620 0 0 0 0 0 432 0
40770 40770 0 620 0 620 0 1 0 0 16018 32 0
40770 40772 0 620 0 620 1 1 0 0 0 2 0
40772 40772 0 620 0 620 1 0 0 0 -16018 32 0
40772 41303 0 620 0 620 0 0 0 0 0 531 0
41303 41303 0 620 0 620 0 1 0 0 16322 32 0
41303 41306 0 620 0 620 1 1 0 0 0 3 0
41306 41306 0 620 0 620 1 0 0 0 -16322 32 0
41306 41502 0 620 0 620 0 0 0 0 0 196 0
41502 41502 0 620 0 620 0 1 0 0 34592 32 0
41502 41503 0 620 0 620 1 1 0 0 0 1 0
41503 41503 0 620 0 620 1 0 0 0 -34592 32 0
41503 41792 0 620 0 620 0 0 0 0 0 289 0
41792 41792 0 620 0 620 0 1 0 0 16607 32 0
41792 41797 0 620 0 620 1 1 0 0 0 5 0
41797 41797 0 620 0 620 1 0 0 0 -16607 32 0
41797 43267 0 620 0 620 0 0 0 0 0 1470 0
43267 43267 0 620 0 620 0 0 0 0 1000000000 0 0
--------------------------------------
--------------------------------------
EV2
--------------------------------------
Num TPs served = 14
TPs served = 2521 3199 3381 3608 3823 4100 4301 4622 5107 5700 5818 5913 6242 6923
Total energy used = 100
--------------------------------------
Schedule:
0 4476 0 620 0 620 0 0 100 100 0 4476 0
4476 4476 0 620 0 620 0 1 100 100 2521 32 0
4476 4478 0 620 2 620 1 0 100 98 -2521 32 2
4478 5706 2 620 2 620 0 0 98 98 0 1228 0
5706 5708 2 620 0 620 0 1 98 96 3199 32 2
5708 5711 0 620 1 622 1 0 96 93 -3199 32 3
5711 6015 1 622 1 622 0 0 93 93 0 304 0
6015 6018 1 622 0 620 0 1 93 90 3381 32 3
6018 6020 0 620 2 620 1 0 90 88 -3381 32 2
6020 6459 2 620 2 620 0 0 88 88 0 439 0
6459 6461 2 620 0 620 0 1 88 86 3608 32 2
6461 6464 0 620 3 620 1 0 86 83 -3608 32 3
6464 6855 3 620 3 620 0 0 83 83 0 391 0
6855 6858 3 620 0 620 0 1 83 80 3823 32 3
6858 6861 0 620 3 620 1 0 80 77 -3823 32 3
6861 7377 3 620 3 620 0 0 77 77 0 516 0
7377 7380 3 620 0 620 0 1 77 74 4100 32 3
7380 7382 0 620 2 620 1 0 74 72 -4100 32 2
7382 7721 2 620 2 620 0 0 72 72 0 339 0
7721 7723 2 620 0 620 0 1 72 70 4301 32 2
7723 7724 0 620 0 620 1 1 70 70 0 1 0
7724 7727 0 620 3 620 1 0 70 67 -4301 32 3
7727 8356 3 620 3 620 0 0 67 67 0 629 0
8356 8359 3 620 0 620 0 1 67 64 4622 32 3
8359 8360 0 620 0 620 1 1 64 64 0 1 0
8360 8363 0 620 3 620 1 0 64 61 -4622 32 3
8363 9268 3 620 3 620 0 0 61 61 0 905 0
9268 9271 3 620 0 620 0 1 61 58 5107 32 3
9271 9272 0 620 0 621 1 0 58 57 -5107 32 1
9272 10419 0 621 0 621 0 0 57 57 0 1147 0
10419 10420 0 621 0 620 0 1 57 56 5700 32 1
10420 10429 0 620 2 627 1 0 56 47 -5700 32 9
10429 10631 2 627 2 627 0 0 47 47 0 202 0
10631 10640 2 627 0 620 0 1 47 38 5818 32 9
10640 10656 0 620 13 623 1 0 38 22 -5818 32 16
10656 10804 13 623 13 623 0 0 22 22 0 148 0
10804 10820 13 623 0 620 0 1 22 6 5913 32 16
10820 10821 0 620 1 620 1 0 6 5 -5913 32 1
10821 11453 1 620 1 620 0 0 5 5 0 632 0
11453 11454 1 620 0 620 0 1 5 4 6242 32 1
11454 11455 0 620 1 620 1 0 4 3 -6242 32 1
11455 12830 1 620 1 620 0 0 3 3 0 1375 0
12830 12831 1 620 0 620 0 1 3 2 6923 32 1
12831 12832 0 620 0 620 1 1 2 2 0 1 0
12832 12833 0 620 1 620 1 0 2 1 -6923 32 1
12833 43266 1 620 1 620 0 0 1 1 0 30433 0
43266 43267 1 620 0 620 0 0 1 0 1000000000 0 1
--------------------------------------

-------------------------------------------------------------------------

TPs

-------------------------------------------------------------------------

----------------------
TP244 allocated to 1
----------------------

----------------------
TP390 allocated to 1
----------------------

----------------------
TP398 allocated to 1
----------------------

----------------------
TP558 allocated to 1
----------------------

----------------------
TP670 allocated to 1
----------------------

----------------------
TP924 allocated to 1
----------------------

----------------------
TP1061 allocated to 1
----------------------

----------------------
TP1396 allocated to 1
----------------------

----------------------
TP1522 allocated to 1
----------------------

----------------------
TP1550 allocated to 1
----------------------

----------------------
TP1602 allocated to 1
----------------------

----------------------
TP1616 allocated to 1
----------------------

----------------------
TP1944 allocated to 1
----------------------

----------------------
TP2146 allocated to 1
----------------------

----------------------
TP2330 allocated to 1
----------------------

----------------------
TP2374 allocated to 1
----------------------

----------------------
TP2439 allocated to 1
----------------------

----------------------
TP2521 allocated to 2
----------------------

----------------------
TP3199 allocated to 2
----------------------

----------------------
TP3381 allocated to 2
----------------------

----------------------
TP3608 allocated to 2
----------------------

----------------------
TP3823 allocated to 2
----------------------

----------------------
TP4100 allocated to 2
----------------------

----------------------
TP4301 allocated to 2
----------------------

----------------------
TP4622 allocated to 2
----------------------

----------------------
TP5107 allocated to 2
----------------------

----------------------
TP5510 allocated to 1
----------------------

----------------------
TP5700 allocated to 2
----------------------

----------------------
TP5818 allocated to 2
----------------------

----------------------
TP5886 allocated to 1
----------------------

----------------------
TP5913 allocated to 2
----------------------

----------------------
TP6074 not allocated
----------------------

----------------------
TP6242 allocated to 2
----------------------

----------------------
TP6522 not allocated
----------------------

----------------------
TP6896 not allocated
----------------------

----------------------
TP6923 allocated to 2
----------------------

----------------------
TP7157 not allocated
----------------------

----------------------
TP7595 not allocated
----------------------

----------------------
TP7739 not allocated
----------------------

----------------------
TP7839 not allocated
----------------------

----------------------
TP8396 not allocated
----------------------

----------------------
TP8857 allocated to 1
----------------------

----------------------
TP8989 not allocated
----------------------

----------------------
TP9114 not allocated
----------------------

----------------------
TP9284 not allocated
----------------------

----------------------
TP9291 not allocated
----------------------

----------------------
TP9460 not allocated
----------------------

----------------------
TP9595 not allocated
----------------------

----------------------
TP10422 not allocated
----------------------

----------------------
TP10834 not allocated
----------------------

----------------------
TP11011 not allocated
----------------------

----------------------
TP11381 allocated to 1
----------------------

----------------------
TP11754 not allocated
----------------------

----------------------
TP11763 not allocated
----------------------

----------------------
TP12048 not allocated
----------------------

----------------------
TP12502 not allocated
----------------------

----------------------
TP12729 not allocated
----------------------

----------------------
TP12748 not allocated
----------------------

----------------------
TP13086 allocated to 1
----------------------

----------------------
TP13485 allocated to 1
----------------------

----------------------
TP13649 not allocated
----------------------

----------------------
TP13870 not allocated
----------------------

----------------------
TP13989 not allocated
----------------------

----------------------
TP14183 not allocated
----------------------

----------------------
TP14964 not allocated
----------------------

----------------------
TP15407 not allocated
----------------------

----------------------
TP15722 not allocated
----------------------

----------------------
TP15765 allocated to 1
----------------------

----------------------
TP16018 allocated to 1
----------------------

----------------------
TP16322 allocated to 1
----------------------

----------------------
TP16607 allocated to 1
----------------------

----------------------
TP16695 not allocated
----------------------

----------------------
TP17070 not allocated
----------------------

----------------------
TP17187 not allocated
----------------------

----------------------
TP17208 not allocated
----------------------

----------------------
TP17579 not allocated
----------------------

----------------------
TP17998 not allocated
----------------------

----------------------
TP19142 not allocated
----------------------

----------------------
TP19161 not allocated
----------------------

----------------------
TP19162 not allocated
----------------------

----------------------
TP19416 not allocated
----------------------

----------------------
TP19586 not allocated
----------------------

----------------------
TP19815 not allocated
----------------------

----------------------
TP19977 not allocated
----------------------

----------------------
TP20072 not allocated
----------------------

----------------------
TP20083 not allocated
----------------------

----------------------
TP20162 not allocated
----------------------

----------------------
TP20400 not allocated
----------------------

----------------------
TP20532 not allocated
----------------------

----------------------
TP20779 not allocated
----------------------

----------------------
TP20932 not allocated
----------------------

----------------------
TP20982 not allocated
----------------------

----------------------
TP21950 not allocated
----------------------

----------------------
TP22411 not allocated
----------------------

----------------------
TP23011 not allocated
----------------------

----------------------
TP23621 allocated to 1
----------------------

----------------------
TP23712 not allocated
----------------------

----------------------
TP23768 allocated to 1
----------------------

----------------------
TP24089 not allocated
----------------------

----------------------
TP24155 not allocated
----------------------

----------------------
TP24194 not allocated
----------------------

----------------------
TP24210 not allocated
----------------------

----------------------
TP24311 not allocated
----------------------

----------------------
TP25532 not allocated
----------------------

----------------------
TP25845 not allocated
----------------------

----------------------
TP26229 allocated to 1
----------------------

----------------------
TP26808 not allocated
----------------------

----------------------
TP26917 not allocated
----------------------

----------------------
TP27354 not allocated
----------------------

----------------------
TP27739 not allocated
----------------------

----------------------
TP28143 not allocated
----------------------

----------------------
TP28161 allocated to 1
----------------------

----------------------
TP28258 allocated to 1
----------------------

----------------------
TP28524 not allocated
----------------------

----------------------
TP28674 not allocated
----------------------

----------------------
TP28705 not allocated
----------------------

----------------------
TP28806 allocated to 1
----------------------

----------------------
TP28926 not allocated
----------------------

----------------------
TP28950 not allocated
----------------------

----------------------
TP29441 not allocated
----------------------

----------------------
TP29725 not allocated
----------------------

----------------------
TP29825 not allocated
----------------------

----------------------
TP30076 not allocated
----------------------

----------------------
TP30476 not allocated
----------------------

----------------------
TP31529 not allocated
----------------------

----------------------
TP32107 not allocated
----------------------

----------------------
TP32251 not allocated
----------------------

----------------------
TP32263 not allocated
----------------------

----------------------
TP32975 not allocated
----------------------

----------------------
TP33728 allocated to 1
----------------------

----------------------
TP33778 allocated to 1
----------------------

----------------------
TP34245 not allocated
----------------------

----------------------
TP34592 allocated to 1
----------------------

----------------------
TP35002 not allocated
----------------------

----------------------
TP35161 not allocated
----------------------

----------------------
TP35485 allocated to 1
----------------------

----------------------
TP35541 allocated to 1
----------------------

----------------------
TP35840 not allocated
----------------------

----------------------
TP36016 not allocated
----------------------

----------------------
TP36298 not allocated
----------------------

----------------------
TP36351 not allocated
----------------------

----------------------
TP37212 not allocated
----------------------

----------------------
TP38397 not allocated
----------------------

----------------------
TP38469 allocated to 1
----------------------

----------------------
TP38580 not allocated
----------------------

----------------------
TP38852 not allocated
----------------------

----------------------
TP39072 not allocated
----------------------

----------------------
TP39116 not allocated
----------------------

----------------------
TP39311 not allocated
----------------------

----------------------
TP39419 not allocated
----------------------

----------------------
TP39500 not allocated
----------------------

----------------------
TP40090 not allocated
----------------------

----------------------
TP40366 not allocated
----------------------

----------------------
TP40404 not allocated
----------------------

----------------------
TP40474 not allocated
----------------------

----------------------
TP40476 allocated to 1
----------------------

----------------------
TP41204 not allocated
----------------------

----------------------
TP41582 not allocated
----------------------

----------------------
TP41629 not allocated
----------------------

----------------------
TP41770 not allocated
----------------------

----------------------
TP42265 not allocated
----------------------

----------------------
TP42686 allocated to 1
----------------------

----------------------
TP42784 not allocated
----------------------

----------------------
TP42950 not allocated
----------------------

----------------------
TP43061 not allocated
----------------------

----------------------
TP44236 not allocated
----------------------

----------------------
TP44453 not allocated
----------------------

----------------------
TP44486 allocated to 1
----------------------

----------------------
TP44823 not allocated
----------------------

----------------------
TP45176 not allocated
----------------------

----------------------
TP45343 not allocated
----------------------

----------------------
TP45371 not allocated
----------------------

----------------------
TP46308 not allocated
----------------------

----------------------
TP46453 not allocated
----------------------

----------------------
TP46592 not allocated
----------------------

----------------------
TP46614 not allocated
----------------------

----------------------
TP47011 not allocated
----------------------

----------------------
TP47263 not allocated
----------------------

----------------------
TP47376 not allocated
----------------------

----------------------
TP47446 not allocated
----------------------

----------------------
TP47629 not allocated
----------------------

----------------------
TP47818 not allocated
----------------------

----------------------
TP48499 not allocated
----------------------

----------------------
TP48736 not allocated
----------------------

----------------------
TP48761 not allocated
----------------------

----------------------
TP48958 not allocated
----------------------

----------------------
TP48962 not allocated
----------------------

----------------------
TP49422 not allocated
----------------------

----------------------
TP49664 not allocated
----------------------

----------------------
TP49780 not allocated
----------------------

----------------------
TP49942 not allocated
----------------------

-------------------------------------------------------------------------

Ride-sharing vs Individual Mode - Num Vehicles and Distance Comparisson 

-------------------------------------------------------------------------
Individual Mode = 191 vehicles.
Ride-sharing Mode = 137 vehicles. The 2 ride-sharing vehicles + 135 vehicles of the individuals not served by the ride-sharing service.
-------------------------------------------------------------------------
Individual Mode = 463 distance.
Ride-sharing Mode = 558 distance. 200 from the EV fleet + 358 from the distance of the trips not covered individuals had to do with their own vehicle.
-------------------------------------------------------------------------
