-------------------------------------------------------------------------
TPs satisfied = 72; Total TPs = 217; Percentage Satisfied + 33.2%
-------------------------------------------------------------------------

-------------------------------------------------------------------------

EVs

-------------------------------------------------------------------------
--------------------------------------
EV1
--------------------------------------
Num TPs served = 35
TPs served = 89 256 508 653 741 824 916 1161 1282 1366 1504 1523 1787 1813 1964 2904 2911 5534 5611 5736 6736 8165 12739 12970 17580 22609 24109 24367 25373 29482 39869 41253 43973 45880 46213
Total energy used = 100
--------------------------------------
Schedule:
0 181 366 620 366 620 0 0 100 100 0 181 0
181 181 366 620 366 620 0 1 100 100 89 32 0
181 183 366 620 368 620 1 0 100 98 -89 32 2
183 510 368 620 368 620 0 0 98 98 0 327 0
510 512 368 620 366 620 0 1 98 96 17580 32 2
512 512 366 620 366 620 1 2 96 96 256 27 0
512 513 366 620 366 620 2 2 96 96 0 1 0
513 514 366 620 367 620 2 1 96 95 -17580 32 1
514 515 367 620 368 620 1 0 95 94 -256 26 1
515 917 368 620 368 620 0 0 94 94 0 402 0
917 919 368 620 366 620 0 1 94 92 508 32 2
919 922 366 620 366 623 1 0 92 89 -508 32 3
922 1162 366 623 366 623 0 0 89 89 0 240 0
1162 1165 366 623 366 620 0 1 89 86 653 32 3
1165 1168 366 620 366 623 1 0 86 83 -653 32 3
1168 1328 366 623 366 623 0 0 83 83 0 160 0
1328 1331 366 623 366 620 0 1 83 80 741 32 3
1331 1334 366 620 367 622 1 0 80 77 -741 32 3
1334 1465 367 622 367 622 0 0 77 77 0 131 0
1465 1468 367 622 366 620 0 1 77 74 824 32 3
1468 1470 366 620 367 621 1 0 74 72 -824 32 2
1470 1617 367 621 367 621 0 0 72 72 0 147 0
1617 1619 367 621 366 620 0 1 72 70 916 32 2
1619 1626 366 620 366 620 1 1 70 70 0 7 0
1626 1631 366 620 368 623 1 0 70 65 -916 32 5
1631 2029 368 623 368 623 0 0 65 65 0 398 0
2029 2034 368 623 366 620 0 1 65 60 1161 32 5
2034 2035 366 620 366 620 1 1 60 60 0 1 0
2035 2035 366 620 366 620 1 0 60 60 -1161 32 0
2035 2246 366 620 366 620 0 0 60 60 0 211 0
2246 2246 366 620 366 620 0 1 60 60 1282 32 0
2246 2247 366 620 366 620 1 1 60 60 0 1 0
2247 2261 366 620 377 623 1 0 60 46 -1282 32 14
2261 2381 377 623 377 623 0 0 46 46 0 120 0
2381 2395 377 623 366 620 0 1 46 32 1366 32 14
2395 2397 366 620 367 621 1 0 32 30 -1366 32 2
2397 2650 367 621 367 621 0 0 30 30 0 253 0
2650 2652 367 621 366 620 0 1 30 28 1523 32 2
2652 2652 366 620 366 620 1 2 28 28 1504 10 0
2652 2653 366 620 366 620 2 2 28 28 0 1 0
2653 2659 366 620 371 621 2 1 28 22 -1523 32 6
2659 2661 371 621 370 620 1 0 22 20 -1504 5 2
2661 3119 370 620 370 620 0 0 20 20 0 458 0
3119 3123 370 620 366 620 0 1 20 16 1787 32 4
3123 3126 366 620 366 620 1 1 16 16 0 3 0
3126 3128 366 620 366 622 1 0 16 14 -1787 32 2
3128 3163 366 622 366 622 0 0 14 14 0 35 0
3163 3165 366 622 366 620 0 1 14 12 1813 32 2
3165 3167 366 620 366 622 1 0 12 10 -1813 32 2
3167 3454 366 622 366 622 0 0 10 10 0 287 0
3454 3456 366 622 366 620 0 1 10 8 1964 32 2
3456 3458 366 620 366 620 1 1 8 8 0 2 0
3458 3460 366 620 366 622 1 0 8 6 -1964 32 2
3460 5184 366 622 366 622 0 0 6 6 0 1724 0
5184 5186 366 622 366 620 0 1 6 4 2911 32 2
5186 5186 366 620 366 620 1 2 4 4 2904 23 0
5186 5188 366 620 366 620 2 2 4 4 0 2 0
5188 5189 366 620 366 621 2 1 4 3 -2911 32 1
5189 5190 366 621 366 622 1 0 3 2 -2904 21 1
5190 10064 366 622 366 622 0 0 2 2 0 4874 0
10064 10066 366 622 366 620 0 1 2 0 5534 32 2
10066 10067 366 620 366 620 1 1 0 0 0 1 0
10067 10067 366 620 366 620 1 0 0 0 -5534 32 0
10067 10237 366 620 366 620 0 0 0 0 0 170 0
10237 10237 366 620 366 620 0 1 0 0 5611 32 0
10237 10238 366 620 366 620 1 1 0 0 0 1 0
10238 10238 366 620 366 620 1 0 0 0 -5611 32 0
10238 10485 366 620 366 620 0 0 0 0 0 247 0
10485 10485 366 620 366 620 0 1 0 0 5736 32 0
10485 10486 366 620 366 620 1 1 0 0 0 1 0
10486 10486 366 620 366 620 1 0 0 0 -5736 32 0
10486 12419 366 620 366 620 0 0 0 0 0 1933 0
12419 12419 366 620 366 620 0 1 0 0 6736 32 0
12419 12422 366 620 366 620 1 1 0 0 0 3 0
12422 12422 366 620 366 620 1 0 0 0 -6736 32 0
12422 13036 366 620 366 620 0 0 0 0 0 614 0
13036 13036 366 620 366 620 0 1 0 0 39869 32 0
13036 13037 366 620 366 620 1 1 0 0 0 1 0
13037 13037 366 620 366 620 1 0 0 0 -39869 32 0
13037 15019 366 620 366 620 0 0 0 0 0 1982 0
15019 15019 366 620 366 620 0 1 0 0 22609 32 0
15019 15021 366 620 366 620 1 1 0 0 0 2 0
15021 15021 366 620 366 620 1 0 0 0 -22609 32 0
15021 15598 366 620 366 620 0 0 0 0 0 577 0
15598 15598 366 620 366 620 0 1 0 0 8165 32 0
15598 15602 366 620 366 620 1 1 0 0 0 4 0
15602 15602 366 620 366 620 1 0 0 0 -8165 32 0
15602 16429 366 620 366 620 0 0 0 0 0 827 0
16429 16429 366 620 366 620 0 1 0 0 41253 32 0
16429 16430 366 620 366 620 1 1 0 0 0 1 0
16430 16430 366 620 366 620 1 0 0 0 -41253 32 0
16430 18523 366 620 366 620 0 0 0 0 0 2093 0
18523 18523 366 620 366 620 0 1 0 0 24109 32 0
18523 18524 366 620 366 620 1 1 0 0 0 1 0
18524 18524 366 620 366 620 1 0 0 0 -24109 32 0
18524 19084 366 620 366 620 0 0 0 0 0 560 0
19084 19084 366 620 366 620 0 1 0 0 24367 32 0
19084 19085 366 620 366 620 1 1 0 0 0 1 0
19085 19085 366 620 366 620 1 0 0 0 -24367 32 0
19085 21320 366 620 366 620 0 0 0 0 0 2235 0
21320 21320 366 620 366 620 0 1 0 0 25373 32 0
21320 21322 366 620 366 620 1 1 0 0 0 2 0
21322 21322 366 620 366 620 1 0 0 0 -25373 32 0
21322 22112 366 620 366 620 0 0 0 0 0 790 0
22112 22112 366 620 366 620 0 1 0 0 43973 32 0
22112 22114 366 620 366 620 1 1 0 0 0 2 0
22114 22114 366 620 366 620 1 0 0 0 -43973 32 0
22114 25562 366 620 366 620 0 0 0 0 0 3448 0
25562 25562 366 620 366 620 0 1 0 0 45880 32 0
25562 25563 366 620 366 620 1 1 0 0 0 1 0
25563 25563 366 620 366 620 1 0 0 0 -45880 32 0
25563 26170 366 620 366 620 0 0 0 0 0 607 0
26170 26170 366 620 366 620 0 1 0 0 46213 32 0
26170 26171 366 620 366 620 1 1 0 0 0 1 0
26171 26171 366 620 366 620 1 0 0 0 -46213 32 0
26171 29342 366 620 366 620 0 0 0 0 0 3171 0
29342 29342 366 620 366 620 0 1 0 0 12739 32 0
29342 29348 366 620 366 620 1 1 0 0 0 6 0
29348 29348 366 620 366 620 1 0 0 0 -12739 32 0
29348 29484 366 620 366 620 0 0 0 0 0 136 0
29484 29484 366 620 366 620 0 1 0 0 29482 32 0
29484 29485 366 620 366 620 1 1 0 0 0 1 0
29485 29485 366 620 366 620 1 0 0 0 -29482 32 0
29485 30185 366 620 366 620 0 0 0 0 0 700 0
30185 30185 366 620 366 620 0 1 0 0 12970 32 0
30185 30186 366 620 366 620 1 1 0 0 0 1 0
30186 30186 366 620 366 620 1 0 0 0 -12970 32 0
30186 43267 366 620 366 620 0 0 0 0 0 13081 0
43267 43267 366 620 366 620 0 0 0 0 1000000000 0 0
--------------------------------------
--------------------------------------
EV2
--------------------------------------
Num TPs served = 21
TPs served = 2106 2190 2583 2670 2848 2970 3092 3123 3297 3390 3926 4026 4189 4317 4656 4841 4861 6188 7097 18655 18864
Total energy used = 100
--------------------------------------
Schedule:
0 3702 366 620 366 620 0 0 100 100 0 3702 0
3702 3702 366 620 366 620 0 1 100 100 2106 32 0
3702 3703 366 620 366 620 1 1 100 100 0 1 0
3703 3706 366 620 367 622 1 0 100 97 -2106 32 3
3706 3867 367 622 367 622 0 0 97 97 0 161 0
3867 3870 367 622 366 620 0 1 97 94 18655 32 3
3870 3870 366 620 366 620 1 2 94 94 2190 28 0
3870 3872 366 620 368 620 2 1 94 92 -18655 32 2
3872 3874 368 620 370 620 1 0 92 90 -2190 28 2
3874 4555 370 620 370 620 0 0 90 90 0 681 0
4555 4559 370 620 366 620 0 1 90 86 18864 32 4
4559 4589 366 620 366 620 1 1 86 86 0 30 0
4589 4589 366 620 366 620 1 2 86 86 2583 32 0
4589 4590 366 620 366 621 2 1 86 85 -18864 2 1
4590 4598 366 621 366 621 1 1 85 85 0 8 0
4598 4601 366 621 368 622 1 0 85 82 -2583 32 3
4601 4753 368 622 368 622 0 0 82 82 0 152 0
4753 4757 368 622 366 620 0 1 82 78 2670 32 4
4757 4758 366 620 366 620 1 1 78 78 0 1 0
4758 4765 366 620 372 621 1 0 78 71 -2670 32 7
4765 5071 372 621 372 621 0 0 71 71 0 306 0
5071 5078 372 621 366 620 0 1 71 64 2848 32 7
5078 5079 366 620 366 620 1 1 64 64 0 1 0
5079 5084 366 620 370 621 1 0 64 59 -2848 32 5
5084 5297 370 621 370 621 0 0 59 59 0 213 0
5297 5302 370 621 366 620 0 1 59 54 2970 32 5
5302 5303 366 620 366 620 1 1 54 54 0 1 0
5303 5305 366 620 367 621 1 0 54 52 -2970 32 2
5305 5508 367 621 367 621 0 0 52 52 0 203 0
5508 5510 367 621 366 620 0 1 52 50 3092 32 2
5510 5513 366 620 366 620 1 1 50 50 0 3 0
5513 5514 366 620 367 620 1 0 50 49 -3092 32 1
5514 5564 367 620 367 620 0 0 49 49 0 50 0
5564 5565 367 620 366 620 0 1 49 48 3123 32 1
5565 5566 366 620 366 620 1 1 48 48 0 1 0
5566 5567 366 620 367 620 1 0 48 47 -3123 32 1
5567 5877 367 620 367 620 0 0 47 47 0 310 0
5877 5878 367 620 366 620 0 1 47 46 3297 32 1
5878 5882 366 620 370 620 1 0 46 42 -3297 32 4
5882 6027 370 620 370 620 0 0 42 42 0 145 0
6027 6031 370 620 366 620 0 1 42 38 3390 32 4
6031 6033 366 620 368 620 1 0 38 36 -3390 32 2
6033 7042 368 620 368 620 0 0 36 36 0 1009 0
7042 7044 368 620 366 620 0 1 36 34 3926 32 2
7044 7046 366 620 367 621 1 0 34 32 -3926 32 2
7046 7234 367 621 367 621 0 0 32 32 0 188 0
7234 7236 367 621 366 620 0 1 32 30 4026 32 2
7236 7238 366 620 367 621 1 0 30 28 -4026 32 2
7238 7539 367 621 367 621 0 0 28 28 0 301 0
7539 7541 367 621 366 620 0 1 28 26 4189 32 2
7541 7543 366 620 368 620 1 0 26 24 -4189 32 2
7543 7749 368 620 368 620 0 0 24 24 0 206 0
7749 7751 368 620 366 620 0 1 24 22 4317 32 2
7751 7752 366 620 366 620 1 1 22 22 0 1 0
7752 7756 366 620 370 620 1 0 22 18 -4317 32 4
7756 8420 370 620 370 620 0 0 18 18 0 664 0
8420 8424 370 620 366 620 0 1 18 14 4656 32 4
8424 8425 366 620 366 621 1 0 14 13 -4656 32 1
8425 8783 366 621 366 621 0 0 13 13 0 358 0
8783 8784 366 621 366 620 0 1 13 12 4841 32 1
8784 8787 366 620 366 620 1 1 12 12 0 3 0
8787 8789 366 620 368 620 1 0 12 10 -4841 32 2
8789 8827 368 620 368 620 0 0 10 10 0 38 0
8827 8829 368 620 366 620 0 1 10 8 4861 32 2
8829 8830 366 620 366 620 1 1 8 8 0 1 0
8830 8831 366 620 366 621 1 0 8 7 -4861 32 1
8831 11348 366 621 366 621 0 0 7 7 0 2517 0
11348 11349 366 621 366 620 0 1 7 6 6188 32 1
11349 11350 366 620 367 620 1 0 6 5 -6188 32 1
11350 13224 367 620 367 620 0 0 5 5 0 1874 0
13224 13225 367 620 366 620 0 1 5 4 7097 32 1
13225 13227 366 620 368 620 1 0 4 2 -7097 32 2
13227 43265 368 620 368 620 0 0 2 2 0 30038 0
43265 43267 368 620 366 620 0 0 2 0 1000000000 0 2
--------------------------------------
--------------------------------------
EV3
--------------------------------------
Num TPs served = 16
TPs served = 6529 6685 7298 7342 8651 8917 8949 9779 10544 10679 10682 10945 11025 11034 11161 12215
Total energy used = 100
--------------------------------------
Schedule:
0 12002 366 620 366 620 0 0 100 100 0 12002 0
12002 12002 366 620 366 620 0 1 100 100 6529 32 0
12002 12007 366 620 371 620 1 0 100 95 -6529 32 5
12007 12333 371 620 371 620 0 0 95 95 0 326 0
12333 12338 371 620 366 620 0 1 95 90 6685 32 5
12338 12346 366 620 368 626 1 0 90 82 -6685 32 8
12346 13661 368 626 368 626 0 0 82 82 0 1315 0
13661 13669 368 626 366 620 0 1 82 74 7298 32 8
13669 13672 366 620 368 621 1 0 74 71 -7298 32 3
13672 13745 368 621 368 621 0 0 71 71 0 73 0
13745 13748 368 621 366 620 0 1 71 68 7342 32 3
13748 13749 366 620 367 620 1 0 68 67 -7342 32 1
13749 16734 367 620 367 620 0 0 67 67 0 2985 0
16734 16735 367 620 366 620 0 1 67 66 8651 32 1
16735 16736 366 620 366 621 1 0 66 65 -8651 32 1
16736 17437 366 621 366 621 0 0 65 65 0 701 0
17437 17438 366 621 366 620 0 1 65 64 8917 32 1
17438 17440 366 620 367 621 1 0 64 62 -8917 32 2
17440 17515 367 621 367 621 0 0 62 62 0 75 0
17515 17517 367 621 366 620 0 1 62 60 8949 32 2
17517 17523 366 620 367 625 1 0 60 54 -8949 32 6
17523 19828 367 625 367 625 0 0 54 54 0 2305 0
19828 19834 367 625 366 620 0 1 54 48 9779 32 6
19834 19838 366 620 367 623 1 0 48 44 -9779 32 4
19838 21930 367 623 367 623 0 0 44 44 0 2092 0
21930 21934 367 623 366 620 0 1 44 40 10544 32 4
21934 21936 366 620 366 620 1 1 40 40 0 2 0
21936 21943 366 620 367 626 1 0 40 33 -10544 32 7
21943 22329 367 626 367 626 0 0 33 33 0 386 0
22329 22336 367 626 366 620 0 1 33 26 10682 32 7
22336 22336 366 620 366 620 1 2 26 26 10679 25 0
22336 22339 366 620 367 622 2 1 26 23 -10682 32 3
22339 22341 367 622 366 621 1 0 23 21 -10679 21 2
22341 23204 366 621 366 621 0 0 21 21 0 863 0
23204 23205 366 621 366 620 0 1 21 20 10945 32 1
23205 23207 366 620 367 621 1 0 20 18 -10945 32 2
23207 23461 367 621 367 621 0 0 18 18 0 254 0
23461 23463 367 621 366 620 0 1 18 16 11034 32 2
23463 23463 366 620 366 620 1 2 16 16 11025 9 0
23463 23466 366 620 369 620 2 1 16 13 -11034 32 3
23466 23470 369 620 367 622 1 0 13 9 -11025 5 4
23470 23838 367 622 367 622 0 0 9 9 0 368 0
23838 23841 367 622 366 620 0 1 9 6 11161 32 3
23841 23843 366 620 368 620 1 0 6 4 -11161 32 2
23843 27424 368 620 368 620 0 0 4 4 0 3581 0
27424 27426 368 620 366 620 0 1 4 2 12215 32 2
27426 27427 366 620 367 620 1 0 2 1 -12215 32 1
27427 43266 367 620 367 620 0 0 1 1 0 15839 0
43266 43267 367 620 366 620 0 0 1 0 1000000000 0 1
--------------------------------------

-------------------------------------------------------------------------

TPs

-------------------------------------------------------------------------

----------------------
TP89 allocated to 1
----------------------

----------------------
TP256 allocated to 1
----------------------

----------------------
TP508 allocated to 1
----------------------

----------------------
TP653 allocated to 1
----------------------

----------------------
TP741 allocated to 1
----------------------

----------------------
TP824 allocated to 1
----------------------

----------------------
TP916 allocated to 1
----------------------

----------------------
TP1161 allocated to 1
----------------------

----------------------
TP1282 allocated to 1
----------------------

----------------------
TP1366 allocated to 1
----------------------

----------------------
TP1504 allocated to 1
----------------------

----------------------
TP1523 allocated to 1
----------------------

----------------------
TP1787 allocated to 1
----------------------

----------------------
TP1813 allocated to 1
----------------------

----------------------
TP1964 allocated to 1
----------------------

----------------------
TP2106 allocated to 2
----------------------

----------------------
TP2190 allocated to 2
----------------------

----------------------
TP2583 allocated to 2
----------------------

----------------------
TP2670 allocated to 2
----------------------

----------------------
TP2848 allocated to 2
----------------------

----------------------
TP2904 allocated to 1
----------------------

----------------------
TP2911 allocated to 1
----------------------

----------------------
TP2970 allocated to 2
----------------------

----------------------
TP3092 allocated to 2
----------------------

----------------------
TP3123 allocated to 2
----------------------

----------------------
TP3297 allocated to 2
----------------------

----------------------
TP3390 allocated to 2
----------------------

----------------------
TP3926 allocated to 2
----------------------

----------------------
TP4026 allocated to 2
----------------------

----------------------
TP4189 allocated to 2
----------------------

----------------------
TP4317 allocated to 2
----------------------

----------------------
TP4656 allocated to 2
----------------------

----------------------
TP4841 allocated to 2
----------------------

----------------------
TP4861 allocated to 2
----------------------

----------------------
TP5534 allocated to 1
----------------------

----------------------
TP5611 allocated to 1
----------------------

----------------------
TP5736 allocated to 1
----------------------

----------------------
TP6188 allocated to 2
----------------------

----------------------
TP6529 allocated to 3
----------------------

----------------------
TP6685 allocated to 3
----------------------

----------------------
TP6736 allocated to 1
----------------------

----------------------
TP7097 allocated to 2
----------------------

----------------------
TP7298 allocated to 3
----------------------

----------------------
TP7342 allocated to 3
----------------------

----------------------
TP8165 allocated to 1
----------------------

----------------------
TP8651 allocated to 3
----------------------

----------------------
TP8917 allocated to 3
----------------------

----------------------
TP8949 allocated to 3
----------------------

----------------------
TP9779 allocated to 3
----------------------

----------------------
TP10544 allocated to 3
----------------------

----------------------
TP10679 allocated to 3
----------------------

----------------------
TP10682 allocated to 3
----------------------

----------------------
TP10945 allocated to 3
----------------------

----------------------
TP11025 allocated to 3
----------------------

----------------------
TP11034 allocated to 3
----------------------

----------------------
TP11161 allocated to 3
----------------------

----------------------
TP11257 not allocated
----------------------

----------------------
TP11321 not allocated
----------------------

----------------------
TP11629 not allocated
----------------------

----------------------
TP11808 not allocated
----------------------

----------------------
TP12215 allocated to 3
----------------------

----------------------
TP12530 not allocated
----------------------

----------------------
TP12553 not allocated
----------------------

----------------------
TP12695 not allocated
----------------------

----------------------
TP12739 allocated to 1
----------------------

----------------------
TP12886 not allocated
----------------------

----------------------
TP12970 allocated to 1
----------------------

----------------------
TP13283 not allocated
----------------------

----------------------
TP14348 not allocated
----------------------

----------------------
TP14426 not allocated
----------------------

----------------------
TP14984 not allocated
----------------------

----------------------
TP15224 not allocated
----------------------

----------------------
TP15726 not allocated
----------------------

----------------------
TP15757 not allocated
----------------------

----------------------
TP15960 not allocated
----------------------

----------------------
TP16108 not allocated
----------------------

----------------------
TP16269 not allocated
----------------------

----------------------
TP16482 not allocated
----------------------

----------------------
TP16604 not allocated
----------------------

----------------------
TP16966 not allocated
----------------------

----------------------
TP17068 not allocated
----------------------

----------------------
TP17265 not allocated
----------------------

----------------------
TP17317 not allocated
----------------------

----------------------
TP17511 not allocated
----------------------

----------------------
TP17580 allocated to 1
----------------------

----------------------
TP18205 not allocated
----------------------

----------------------
TP18399 not allocated
----------------------

----------------------
TP18508 not allocated
----------------------

----------------------
TP18655 allocated to 2
----------------------

----------------------
TP18864 allocated to 2
----------------------

----------------------
TP19442 not allocated
----------------------

----------------------
TP19750 not allocated
----------------------

----------------------
TP19757 not allocated
----------------------

----------------------
TP19820 not allocated
----------------------

----------------------
TP20221 not allocated
----------------------

----------------------
TP20522 not allocated
----------------------

----------------------
TP20541 not allocated
----------------------

----------------------
TP20613 not allocated
----------------------

----------------------
TP20650 not allocated
----------------------

----------------------
TP20749 not allocated
----------------------

----------------------
TP20782 not allocated
----------------------

----------------------
TP20881 not allocated
----------------------

----------------------
TP21238 not allocated
----------------------

----------------------
TP21375 not allocated
----------------------

----------------------
TP21379 not allocated
----------------------

----------------------
TP21968 not allocated
----------------------

----------------------
TP21982 not allocated
----------------------

----------------------
TP22266 not allocated
----------------------

----------------------
TP22609 allocated to 1
----------------------

----------------------
TP22730 not allocated
----------------------

----------------------
TP22813 not allocated
----------------------

----------------------
TP23518 not allocated
----------------------

----------------------
TP23624 not allocated
----------------------

----------------------
TP23997 not allocated
----------------------

----------------------
TP24109 allocated to 1
----------------------

----------------------
TP24214 not allocated
----------------------

----------------------
TP24243 not allocated
----------------------

----------------------
TP24250 not allocated
----------------------

----------------------
TP24367 allocated to 1
----------------------

----------------------
TP24476 not allocated
----------------------

----------------------
TP24610 not allocated
----------------------

----------------------
TP24779 not allocated
----------------------

----------------------
TP24842 not allocated
----------------------

----------------------
TP25373 allocated to 1
----------------------

----------------------
TP25391 not allocated
----------------------

----------------------
TP25683 not allocated
----------------------

----------------------
TP25812 not allocated
----------------------

----------------------
TP25822 not allocated
----------------------

----------------------
TP26439 not allocated
----------------------

----------------------
TP26717 not allocated
----------------------

----------------------
TP26907 not allocated
----------------------

----------------------
TP27023 not allocated
----------------------

----------------------
TP27134 not allocated
----------------------

----------------------
TP27175 not allocated
----------------------

----------------------
TP27543 not allocated
----------------------

----------------------
TP28154 not allocated
----------------------

----------------------
TP28282 not allocated
----------------------

----------------------
TP29482 allocated to 1
----------------------

----------------------
TP29713 not allocated
----------------------

----------------------
TP29790 not allocated
----------------------

----------------------
TP29933 not allocated
----------------------

----------------------
TP30088 not allocated
----------------------

----------------------
TP30438 not allocated
----------------------

----------------------
TP30887 not allocated
----------------------

----------------------
TP30898 not allocated
----------------------

----------------------
TP30903 not allocated
----------------------

----------------------
TP31626 not allocated
----------------------

----------------------
TP31636 not allocated
----------------------

----------------------
TP32007 not allocated
----------------------

----------------------
TP32114 not allocated
----------------------

----------------------
TP32235 not allocated
----------------------

----------------------
TP32309 not allocated
----------------------

----------------------
TP32966 not allocated
----------------------

----------------------
TP33035 not allocated
----------------------

----------------------
TP33222 not allocated
----------------------

----------------------
TP33684 not allocated
----------------------

----------------------
TP33849 not allocated
----------------------

----------------------
TP35480 not allocated
----------------------

----------------------
TP35511 not allocated
----------------------

----------------------
TP35554 not allocated
----------------------

----------------------
TP36144 not allocated
----------------------

----------------------
TP36614 not allocated
----------------------

----------------------
TP36729 not allocated
----------------------

----------------------
TP36734 not allocated
----------------------

----------------------
TP37248 not allocated
----------------------

----------------------
TP37382 not allocated
----------------------

----------------------
TP37759 not allocated
----------------------

----------------------
TP38252 not allocated
----------------------

----------------------
TP38440 not allocated
----------------------

----------------------
TP39420 not allocated
----------------------

----------------------
TP39644 not allocated
----------------------

----------------------
TP39869 allocated to 1
----------------------

----------------------
TP40114 not allocated
----------------------

----------------------
TP40451 not allocated
----------------------

----------------------
TP40635 not allocated
----------------------

----------------------
TP40738 not allocated
----------------------

----------------------
TP40794 not allocated
----------------------

----------------------
TP40815 not allocated
----------------------

----------------------
TP40835 not allocated
----------------------

----------------------
TP40908 not allocated
----------------------

----------------------
TP41113 not allocated
----------------------

----------------------
TP41253 allocated to 1
----------------------

----------------------
TP41373 not allocated
----------------------

----------------------
TP41414 not allocated
----------------------

----------------------
TP41642 not allocated
----------------------

----------------------
TP42588 not allocated
----------------------

----------------------
TP42656 not allocated
----------------------

----------------------
TP42963 not allocated
----------------------

----------------------
TP43016 not allocated
----------------------

----------------------
TP43179 not allocated
----------------------

----------------------
TP43806 not allocated
----------------------

----------------------
TP43973 allocated to 1
----------------------

----------------------
TP44207 not allocated
----------------------

----------------------
TP45082 not allocated
----------------------

----------------------
TP45196 not allocated
----------------------

----------------------
TP45229 not allocated
----------------------

----------------------
TP45394 not allocated
----------------------

----------------------
TP45395 not allocated
----------------------

----------------------
TP45880 allocated to 1
----------------------

----------------------
TP46006 not allocated
----------------------

----------------------
TP46213 allocated to 1
----------------------

----------------------
TP46825 not allocated
----------------------

----------------------
TP47042 not allocated
----------------------

----------------------
TP47169 not allocated
----------------------

----------------------
TP47266 not allocated
----------------------

----------------------
TP47454 not allocated
----------------------

----------------------
TP47892 not allocated
----------------------

----------------------
TP47970 not allocated
----------------------

----------------------
TP47982 not allocated
----------------------

----------------------
TP48188 not allocated
----------------------

----------------------
TP48576 not allocated
----------------------

----------------------
TP48768 not allocated
----------------------

----------------------
TP49072 not allocated
----------------------

----------------------
TP49130 not allocated
----------------------

----------------------
TP49153 not allocated
----------------------

----------------------
TP49291 not allocated
----------------------

----------------------
TP49317 not allocated
----------------------

-------------------------------------------------------------------------

Ride-sharing vs Individual Mode - Num Vehicles and Distance Comparisson 

-------------------------------------------------------------------------
Individual Mode = 217 vehicles.
Ride-sharing Mode = 148 vehicles. The 3 ride-sharing vehicles + 145 vehicles of the individuals not served by the ride-sharing service.
-------------------------------------------------------------------------
Individual Mode = 556 distance.
Ride-sharing Mode = 695 distance. 300 from the EV fleet + 395 from the distance of the trips not covered individuals had to do with their own vehicle.
-------------------------------------------------------------------------
