-------------------------------------------------------------------------
TPs satisfied = 99; Total TPs = 190; Percentage Satisfied + 52.1%
-------------------------------------------------------------------------

-------------------------------------------------------------------------

EVs

-------------------------------------------------------------------------
--------------------------------------
EV1
--------------------------------------
Num TPs served = 41
TPs served = 271 440 780 797 1062 2039 2257 2261 2326 2329 2610 2971 3055 3308 3696 3859 4309 4352 4395 4839 5493 5594 5604 5744 6192 6320 12614 18956 21308 24232 25295 28551 29981 30447 36938 37805 40812 41274 41636 41971 42721
Total energy used = 100
--------------------------------------
Schedule:
0 537 915 310 915 310 0 0 100 100 0 537 0
537 537 915 310 915 310 0 1 100 100 271 32 0
537 539 915 310 917 310 1 0 100 98 -271 32 2
539 802 917 310 917 310 0 0 98 98 0 263 0
802 804 917 310 915 310 0 1 98 96 440 32 2
804 806 915 310 917 310 1 0 96 94 -440 32 2
806 1421 917 310 917 310 0 0 94 94 0 615 0
1421 1423 917 310 915 310 0 1 94 92 797 32 2
1423 1423 915 310 915 310 1 2 92 92 780 11 0
1423 1425 915 310 915 310 2 2 92 92 0 2 0
1425 1425 915 310 915 310 2 1 92 92 -797 32 0
1425 1427 915 310 915 312 1 0 92 90 -780 9 2
1427 1858 915 312 915 312 0 0 90 90 0 431 0
1858 1860 915 312 915 310 0 1 90 88 1062 32 2
1860 1865 915 310 919 311 1 0 88 83 -1062 32 5
1865 3575 919 311 919 311 0 0 83 83 0 1710 0
3575 3580 919 311 915 310 0 1 83 78 2039 32 5
3580 3587 915 310 915 310 1 1 78 78 0 7 0
3587 3591 915 310 915 314 1 0 78 74 -2039 32 4
3591 4009 915 314 915 314 0 0 74 74 0 418 0
4009 4013 915 314 915 310 0 1 74 70 2261 32 4
4013 4013 915 310 915 310 1 2 70 70 2257 27 0
4013 4015 915 310 916 311 2 1 70 68 -2261 32 2
4015 4019 916 311 919 310 1 0 68 64 -2257 25 4
4019 4134 919 310 919 310 0 0 64 64 0 115 0
4134 4138 919 310 915 310 0 1 64 60 2329 32 4
4138 4138 915 310 915 310 1 2 60 60 2326 27 0
4138 4139 915 310 915 311 2 1 60 59 -2329 32 1
4139 4143 915 311 918 310 1 0 59 55 -2326 25 4
4143 4638 918 310 918 310 0 0 55 55 0 495 0
4638 4641 918 310 915 310 0 1 55 52 2610 32 3
4641 4642 915 310 915 310 1 1 52 52 0 1 0
4642 4643 915 310 916 310 1 0 52 51 -2610 32 1
4643 4857 916 310 916 310 0 0 51 51 0 214 0
4857 4858 916 310 915 310 0 1 51 50 18956 32 1
4858 4862 915 310 915 310 1 1 50 50 0 4 0
4862 4862 915 310 915 310 1 0 50 50 -18956 32 0
4862 5263 915 310 915 310 0 0 50 50 0 401 0
5263 5263 915 310 915 310 0 1 50 50 36938 32 0
5263 5264 915 310 915 310 1 1 50 50 0 1 0
5264 5264 915 310 915 310 1 0 50 50 -36938 32 0
5264 5303 915 310 915 310 0 0 50 50 0 39 0
5303 5303 915 310 915 310 0 1 50 50 2971 32 0
5303 5310 915 310 915 310 1 1 50 50 0 7 0
5310 5311 915 310 915 311 1 0 50 49 -2971 32 1
5311 5452 915 311 915 311 0 0 49 49 0 141 0
5452 5453 915 311 915 310 0 1 49 48 3055 32 1
5453 5456 915 310 917 311 1 0 48 45 -3055 32 3
5456 5896 917 311 917 311 0 0 45 45 0 440 0
5896 5899 917 311 915 310 0 1 45 42 3308 32 3
5899 5900 915 310 916 310 1 0 42 41 -3308 32 1
5900 6634 916 310 916 310 0 0 41 41 0 734 0
6634 6635 916 310 915 310 0 1 41 40 3696 32 1
6635 6637 915 310 915 310 1 1 40 40 0 2 0
6637 6637 915 310 915 310 1 0 40 40 -3696 32 0
6637 6915 915 310 915 310 0 0 40 40 0 278 0
6915 6915 915 310 915 310 0 1 40 40 3859 32 0
6915 6916 915 310 915 310 1 1 40 40 0 1 0
6916 6918 915 310 916 311 1 0 40 38 -3859 32 2
6918 7746 916 311 916 311 0 0 38 38 0 828 0
7746 7748 916 311 915 310 0 1 38 36 37805 32 2
7748 7748 915 310 915 310 1 2 36 36 4309 26 0
7748 7750 915 310 915 310 2 2 36 36 0 2 0
7750 7750 915 310 915 310 2 1 36 36 -37805 32 0
7750 7752 915 310 917 310 1 0 36 34 -4309 26 2
7752 7822 917 310 917 310 0 0 34 34 0 70 0
7822 7824 917 310 915 310 0 1 34 32 4352 32 2
7824 7825 915 310 915 310 1 1 32 32 0 1 0
7825 7828 915 310 916 312 1 0 32 29 -4352 32 3
7828 7898 916 312 916 312 0 0 29 29 0 70 0
7898 7901 916 312 915 310 0 1 29 26 4395 32 3
7901 7902 915 310 915 311 1 0 26 25 -4395 32 1
7902 8781 915 311 915 311 0 0 25 25 0 879 0
8781 8782 915 311 915 310 0 1 25 24 4839 32 1
8782 8784 915 310 915 310 1 1 24 24 0 2 0
8784 8789 915 310 919 311 1 0 24 19 -4839 32 5
8789 9979 919 311 919 311 0 0 19 19 0 1190 0
9979 9984 919 311 915 310 0 1 19 14 5493 32 5
9984 9985 915 310 915 310 1 1 14 14 0 1 0
9985 9986 915 310 915 311 1 0 14 13 -5493 32 1
9986 10215 915 311 915 311 0 0 13 13 0 229 0
10215 10216 915 311 915 310 0 1 13 12 5604 32 1
10216 10216 915 310 915 310 1 2 12 12 5594 8 0
10216 10217 915 310 915 310 2 2 12 12 0 1 0
10217 10217 915 310 915 310 2 1 12 12 -5604 32 0
10217 10218 915 310 916 310 1 0 12 11 -5594 9 1
10218 10517 916 310 916 310 0 0 11 11 0 299 0
10517 10518 916 310 915 310 0 1 11 10 5744 32 1
10518 10519 915 310 915 310 1 1 10 10 0 1 0
10519 10520 915 310 915 311 1 0 10 9 -5744 32 1
10520 11354 915 311 915 311 0 0 9 9 0 834 0
11354 11355 915 311 915 310 0 1 9 8 6192 32 1
11355 11357 915 310 915 310 1 1 8 8 0 2 0
11357 11357 915 310 915 310 1 0 8 8 -6192 32 0
11357 11575 915 310 915 310 0 0 8 8 0 218 0
11575 11575 915 310 915 310 0 1 8 8 21308 32 0
11575 11598 915 310 915 310 1 1 8 8 0 23 0
11598 11598 915 310 915 310 1 2 8 8 6320 32 0
11598 11600 915 310 917 310 2 1 8 6 -21308 9 2
11600 11602 917 310 917 312 1 0 6 4 -6320 32 2
11602 15461 917 312 917 312 0 0 4 4 0 3859 0
15461 15465 917 312 915 310 0 1 4 0 40812 32 4
15465 15467 915 310 915 310 1 1 0 0 0 2 0
15467 15467 915 310 915 310 1 0 0 0 -40812 32 0
15467 16495 915 310 915 310 0 0 0 0 0 1028 0
16495 16495 915 310 915 310 0 1 0 0 41274 32 0
16495 16497 915 310 915 310 1 1 0 0 0 2 0
16497 16497 915 310 915 310 1 0 0 0 -41274 32 0
16497 17339 915 310 915 310 0 0 0 0 0 842 0
17339 17339 915 310 915 310 0 1 0 0 41636 32 0
17339 17341 915 310 915 310 1 1 0 0 0 2 0
17341 17341 915 310 915 310 1 0 0 0 -41636 32 0
17341 18048 915 310 915 310 0 0 0 0 0 707 0
18048 18048 915 310 915 310 0 1 0 0 41971 32 0
18048 18049 915 310 915 310 1 1 0 0 0 1 0
18049 18049 915 310 915 310 1 0 0 0 -41971 32 0
18049 18780 915 310 915 310 0 0 0 0 0 731 0
18780 18780 915 310 915 310 0 1 0 0 24232 32 0
18780 18782 915 310 915 310 1 1 0 0 0 2 0
18782 18782 915 310 915 310 1 0 0 0 -24232 32 0
18782 19677 915 310 915 310 0 0 0 0 0 895 0
19677 19677 915 310 915 310 0 1 0 0 42721 32 0
19677 19678 915 310 915 310 1 1 0 0 0 1 0
19678 19678 915 310 915 310 1 0 0 0 -42721 32 0
19678 21141 915 310 915 310 0 0 0 0 0 1463 0
21141 21141 915 310 915 310 0 1 0 0 25295 32 0
21141 21142 915 310 915 310 1 1 0 0 0 1 0
21142 21142 915 310 915 310 1 0 0 0 -25295 32 0
21142 27582 915 310 915 310 0 0 0 0 0 6440 0
27582 27582 915 310 915 310 0 1 0 0 28551 32 0
27582 27583 915 310 915 310 1 1 0 0 0 1 0
27583 27583 915 310 915 310 1 0 0 0 -28551 32 0
27583 28880 915 310 915 310 0 0 0 0 0 1297 0
28880 28880 915 310 915 310 0 1 0 0 12614 32 0
28880 28883 915 310 915 310 1 1 0 0 0 3 0
28883 28883 915 310 915 310 1 0 0 0 -12614 32 0
28883 30439 915 310 915 310 0 0 0 0 0 1556 0
30439 30439 915 310 915 310 0 1 0 0 29981 32 0
30439 30440 915 310 915 310 1 1 0 0 0 1 0
30440 30440 915 310 915 310 1 0 0 0 -29981 32 0
30440 31345 915 310 915 310 0 0 0 0 0 905 0
31345 31345 915 310 915 310 0 1 0 0 30447 32 0
31345 31346 915 310 915 310 1 1 0 0 0 1 0
31346 31346 915 310 915 310 1 0 0 0 -30447 32 0
31346 43267 915 310 915 310 0 0 0 0 0 11921 0
43267 43267 915 310 915 310 0 0 0 0 1000000000 0 0
--------------------------------------
--------------------------------------
EV2
--------------------------------------
Num TPs served = 12
TPs served = 6566 6642 7021 7033 7060 7160 7732 8051 8174 8788 9234 10785
Total energy used = 100
--------------------------------------
Schedule:
0 12084 915 310 915 310 0 0 100 100 0 12084 0
12084 12084 915 310 915 310 0 1 100 100 6566 32 0
12084 12086 915 310 915 310 1 1 100 100 0 2 0
12086 12087 915 310 916 310 1 0 100 99 -6566 32 1
12087 12245 916 310 916 310 0 0 99 99 0 158 0
12245 12246 916 310 915 310 0 1 99 98 6642 32 1
12246 12249 915 310 915 310 1 1 98 98 0 3 0
12249 12250 915 310 916 310 1 0 98 97 -6642 32 1
12250 13063 916 310 916 310 0 0 97 97 0 813 0
13063 13064 916 310 915 310 0 1 97 96 7033 32 1
13064 13064 915 310 915 310 1 2 96 96 7021 13 0
13064 13070 915 310 917 314 2 1 96 90 -7033 32 6
13070 13072 917 314 916 313 1 0 90 88 -7021 9 2
13072 13129 916 313 916 313 0 0 88 88 0 57 0
13129 13133 916 313 915 310 0 1 88 84 7060 32 4
13133 13135 915 310 915 310 1 1 84 84 0 2 0
13135 13137 915 310 917 310 1 0 84 82 -7060 32 2
13137 13366 917 310 917 310 0 0 82 82 0 229 0
13366 13368 917 310 915 310 0 1 82 80 7160 32 2
13368 13370 915 310 915 310 1 1 80 80 0 2 0
13370 13374 915 310 917 312 1 0 80 76 -7160 32 4
13374 14612 917 312 917 312 0 0 76 76 0 1238 0
14612 14616 917 312 915 310 0 1 76 72 7732 32 4
14616 14620 915 310 919 310 1 0 72 68 -7732 32 4
14620 15326 919 310 919 310 0 0 68 68 0 706 0
15326 15330 919 310 915 310 0 1 68 64 8051 32 4
15330 15332 915 310 917 310 1 0 64 62 -8051 32 2
15332 15618 917 310 917 310 0 0 62 62 0 286 0
15618 15620 917 310 915 310 0 1 62 60 8174 32 2
15620 15621 915 310 915 310 1 1 60 60 0 1 0
15621 15626 915 310 920 310 1 0 60 55 -8174 32 5
15626 17101 920 310 920 310 0 0 55 55 0 1475 0
17101 17106 920 310 915 310 0 1 55 50 8788 32 5
17106 17112 915 310 915 310 1 1 50 50 0 6 0
17112 17134 915 310 925 322 1 0 50 28 -8788 32 22
17134 18270 925 322 925 322 0 0 28 28 0 1136 0
18270 18292 925 322 915 310 0 1 28 6 9234 32 22
18292 18293 915 310 915 310 1 1 6 6 0 1 0
18293 18294 915 310 916 310 1 0 6 5 -9234 32 1
18294 22679 916 310 916 310 0 0 5 5 0 4385 0
22679 22680 916 310 915 310 0 1 5 4 10785 32 1
22680 22682 915 310 917 310 1 0 4 2 -10785 32 2
22682 43265 917 310 917 310 0 0 2 2 0 20583 0
43265 43267 917 310 915 310 0 0 2 0 1000000000 0 2
--------------------------------------
--------------------------------------
EV3
--------------------------------------
Num TPs served = 14
TPs served = 9110 10771 11449 11452 11587 11647 11777 12332 12399 12611 12992 13510 14534 23816
Total energy used = 100
--------------------------------------
Schedule:
0 17885 915 310 915 310 0 0 100 100 0 17885 0
17885 17885 915 310 915 310 0 1 100 100 23816 32 0
17885 17917 915 310 915 310 1 1 100 100 0 32 0
17917 17917 915 310 915 310 1 2 100 100 9110 32 0
17917 17919 915 310 916 311 2 1 100 98 -23816 1 2
17919 17922 916 311 916 314 1 0 98 95 -9110 32 3
17922 22639 916 314 916 314 0 0 95 95 0 4717 0
22639 22644 916 314 915 310 0 1 95 90 10771 32 5
22644 22648 915 310 915 310 1 1 90 90 0 4 0
22648 22659 915 310 926 310 1 0 90 79 -10771 32 11
22659 24826 926 310 926 310 0 0 79 79 0 2167 0
24826 24837 926 310 915 310 0 1 79 68 11452 32 11
24837 24837 915 310 915 310 1 2 68 68 11449 26 0
24837 24839 915 310 917 310 2 1 68 66 -11452 32 2
24839 24843 917 310 916 313 1 0 66 62 -11449 25 4
24843 25308 916 313 916 313 0 0 62 62 0 465 0
25308 25312 916 313 915 310 0 1 62 58 11587 32 4
25312 25313 915 310 916 310 1 0 58 57 -11587 32 1
25313 25504 916 310 916 310 0 0 57 57 0 191 0
25504 25505 916 310 915 310 0 1 57 56 11647 32 1
25505 25506 915 310 915 310 1 1 56 56 0 1 0
25506 25507 915 310 916 310 1 0 56 55 -11647 32 1
25507 25940 916 310 916 310 0 0 55 55 0 433 0
25940 25941 916 310 915 310 0 1 55 54 11777 32 1
25941 25948 915 310 916 316 1 0 54 47 -11777 32 7
25948 27856 916 316 916 316 0 0 47 47 0 1908 0
27856 27863 916 316 915 310 0 1 47 40 12332 32 7
27863 27864 915 310 916 310 1 0 40 39 -12332 32 1
27864 28068 916 310 916 310 0 0 39 39 0 204 0
28068 28069 916 310 915 310 0 1 39 38 12399 32 1
28069 28070 915 310 915 310 1 1 38 38 0 1 0
28070 28078 915 310 919 314 1 0 38 30 -12399 32 8
28078 28865 919 314 919 314 0 0 30 30 0 787 0
28865 28873 919 314 915 310 0 1 30 22 12611 32 8
28873 28877 915 310 915 310 1 1 22 22 0 4 0
28877 28881 915 310 918 311 1 0 22 18 -12611 32 4
28881 30257 918 311 918 311 0 0 18 18 0 1376 0
30257 30261 918 311 915 310 0 1 18 14 12992 32 4
30261 30265 915 310 919 310 1 0 14 10 -12992 32 4
30265 32142 919 310 919 310 0 0 10 10 0 1877 0
32142 32146 919 310 915 310 0 1 10 6 13510 32 4
32146 32147 915 310 915 310 1 1 6 6 0 1 0
32147 32148 915 310 915 311 1 0 6 5 -13510 32 1
32148 35991 915 311 915 311 0 0 5 5 0 3843 0
35991 35992 915 311 915 310 0 1 5 4 14534 32 1
35992 35994 915 310 916 311 1 0 4 2 -14534 32 2
35994 43265 916 311 916 311 0 0 2 2 0 7271 0
43265 43267 916 311 915 310 0 0 2 0 1000000000 0 2
--------------------------------------
--------------------------------------
EV4
--------------------------------------
Num TPs served = 15
TPs served = 13599 13818 14160 14756 15188 15816 16722 17107 17357 17567 17598 17651 17746 18166 18360
Total energy used = 100
--------------------------------------
Schedule:
0 478 915 310 915 310 0 0 100 100 0 478 0
478 478 915 310 915 310 0 1 100 100 17567 32 0
478 480 915 310 917 310 1 0 100 98 -17567 32 2
480 573 917 310 917 310 0 0 98 98 0 93 0
573 575 917 310 915 310 0 1 98 96 17598 32 2
575 578 915 310 918 310 1 0 96 93 -17598 32 3
578 737 918 310 918 310 0 0 93 93 0 159 0
737 740 918 310 915 310 0 1 93 90 17651 32 3
740 741 915 310 915 310 1 1 90 90 0 1 0
741 742 915 310 916 310 1 0 90 89 -17651 32 1
742 1008 916 310 916 310 0 0 89 89 0 266 0
1008 1009 916 310 915 310 0 1 89 88 17746 32 1
1009 1011 915 310 915 312 1 0 88 86 -17746 32 2
1011 2339 915 312 915 312 0 0 86 86 0 1328 0
2339 2341 915 312 915 310 0 1 86 84 18166 32 2
2341 2344 915 310 915 310 1 1 84 84 0 3 0
2344 2346 915 310 916 311 1 0 84 82 -18166 32 2
2346 2965 916 311 916 311 0 0 82 82 0 619 0
2965 2967 916 311 915 310 0 1 82 80 18360 32 2
2967 2969 915 310 917 310 1 0 80 78 -18360 32 2
2969 32500 917 310 917 310 0 0 78 78 0 29531 0
32500 32502 917 310 915 310 0 1 78 76 13599 32 2
32502 32503 915 310 915 310 1 1 76 76 0 1 0
32503 32506 915 310 918 310 1 0 76 73 -13599 32 3
32506 33266 918 310 918 310 0 0 73 73 0 760 0
33266 33269 918 310 915 310 0 1 73 70 13818 32 3
33269 33275 915 310 921 310 1 0 70 64 -13818 32 6
33275 34592 921 310 921 310 0 0 64 64 0 1317 0
34592 34598 921 310 915 310 0 1 64 58 14160 32 6
34598 34607 915 310 922 312 1 0 58 49 -14160 32 9
34607 36887 922 312 922 312 0 0 49 49 0 2280 0
36887 36896 922 312 915 310 0 1 49 40 14756 32 9
36896 36905 915 310 920 314 1 0 40 31 -14756 32 9
36905 38559 920 314 920 314 0 0 31 31 0 1654 0
38559 38568 920 314 915 310 0 1 31 22 15188 32 9
38568 38572 915 310 917 312 1 0 22 18 -15188 32 4
38572 40413 917 312 917 312 0 0 18 18 0 1841 0
40413 40417 917 312 915 310 0 1 18 14 15816 32 4
40417 40419 915 310 915 310 1 1 14 14 0 2 0
40419 40420 915 310 915 311 1 0 14 13 -15816 32 1
40420 42000 915 311 915 311 0 0 13 13 0 1580 0
42000 42001 915 311 915 310 0 1 13 12 16722 32 1
42001 42005 915 310 919 310 1 0 12 8 -16722 32 4
42005 42701 919 310 919 310 0 0 8 8 0 696 0
42701 42705 919 310 915 310 0 1 8 4 17107 32 4
42705 42706 915 310 916 310 1 0 4 3 -17107 32 1
42706 43101 916 310 916 310 0 0 3 3 0 395 0
43101 43102 916 310 915 310 0 1 3 2 17357 32 1
43102 43103 915 310 916 310 1 0 2 1 -17357 32 1
43103 43266 916 310 916 310 0 0 1 1 0 163 0
43266 43267 916 310 915 310 0 0 1 0 1000000000 0 1
--------------------------------------
--------------------------------------
EV5
--------------------------------------
Num TPs served = 17
TPs served = 18110 18400 18598 19186 19295 19478 19530 19538 19671 20032 20047 20154 20801 21443 21779 22021 22400
Total energy used = 100
--------------------------------------
Schedule:
0 2154 915 310 915 310 0 0 100 100 0 2154 0
2154 2154 915 310 915 310 0 1 100 100 18110 32 0
2154 2160 915 310 921 310 1 0 100 94 -18110 32 6
2160 3078 921 310 921 310 0 0 94 94 0 918 0
3078 3084 921 310 915 310 0 1 94 88 18400 32 6
3084 3090 915 310 921 310 1 0 88 82 -18400 32 6
3090 3705 921 310 921 310 0 0 82 82 0 615 0
3705 3711 921 310 915 310 0 1 82 76 18598 32 6
3711 3718 915 310 922 310 1 0 76 69 -18598 32 7
3718 5560 922 310 922 310 0 0 69 69 0 1842 0
5560 5567 922 310 915 310 0 1 69 62 19186 32 7
5567 5568 915 310 915 310 1 1 62 62 0 1 0
5568 5569 915 310 915 311 1 0 62 61 -19186 32 1
5569 5869 915 311 915 311 0 0 61 61 0 300 0
5869 5870 915 311 915 310 0 1 61 60 19295 32 1
5870 5871 915 310 915 310 1 1 60 60 0 1 0
5871 5873 915 310 916 311 1 0 60 58 -19295 32 2
5873 6487 916 311 916 311 0 0 58 58 0 614 0
6487 6489 916 311 915 310 0 1 58 56 19478 32 2
6489 6490 915 310 915 310 1 1 56 56 0 1 0
6490 6493 915 310 918 310 1 0 56 53 -19478 32 3
6493 6678 918 310 918 310 0 0 53 53 0 185 0
6678 6681 918 310 915 310 0 1 53 50 19538 32 3
6681 6681 915 310 915 310 1 2 50 50 19530 21 0
6681 6682 915 310 916 310 2 1 50 49 -19538 32 1
6682 6682 916 310 916 310 1 0 49 49 -19530 21 0
6682 7085 916 310 916 310 0 0 49 49 0 403 0
7085 7086 916 310 915 310 0 1 49 48 19671 32 1
7086 7091 915 310 918 312 1 0 48 43 -19671 32 5
7091 8111 918 312 918 312 0 0 43 43 0 1020 0
8111 8116 918 312 915 310 0 1 43 38 20032 32 5
8116 8123 915 310 916 316 1 0 38 31 -20032 32 7
8123 8152 916 316 916 316 0 0 31 31 0 29 0
8152 8159 916 316 915 310 0 1 31 24 20047 32 7
8159 8161 915 310 915 312 1 0 24 22 -20047 32 2
8161 8469 915 312 915 312 0 0 22 22 0 308 0
8469 8471 915 312 915 310 0 1 22 20 20154 32 2
8471 8473 915 310 916 311 1 0 20 18 -20154 32 2
8473 10239 916 311 916 311 0 0 18 18 0 1766 0
10239 10241 916 311 915 310 0 1 18 16 20801 32 2
10241 10243 915 310 917 310 1 0 16 14 -20801 32 2
10243 11935 917 310 917 310 0 0 14 14 0 1692 0
11935 11937 917 310 915 310 0 1 14 12 21443 32 2
11937 11938 915 310 916 310 1 0 12 11 -21443 32 1
11938 12892 916 310 916 310 0 0 11 11 0 954 0
12892 12893 916 310 915 310 0 1 11 10 21779 32 1
12893 12894 915 310 915 311 1 0 10 9 -21779 32 1
12894 13518 915 311 915 311 0 0 9 9 0 624 0
13518 13519 915 311 915 310 0 1 9 8 22021 32 1
13519 13522 915 310 918 310 1 0 8 5 -22021 32 3
13522 14490 918 310 918 310 0 0 5 5 0 968 0
14490 14493 918 310 915 310 0 1 5 2 22400 32 3
14493 14494 915 310 916 310 1 0 2 1 -22400 32 1
14494 43266 916 310 916 310 0 0 1 1 0 28772 0
43266 43267 916 310 915 310 0 0 1 0 1000000000 0 1
--------------------------------------

-------------------------------------------------------------------------

TPs

-------------------------------------------------------------------------

----------------------
TP271 allocated to 1
----------------------

----------------------
TP440 allocated to 1
----------------------

----------------------
TP780 allocated to 1
----------------------

----------------------
TP797 allocated to 1
----------------------

----------------------
TP1062 allocated to 1
----------------------

----------------------
TP2039 allocated to 1
----------------------

----------------------
TP2257 allocated to 1
----------------------

----------------------
TP2261 allocated to 1
----------------------

----------------------
TP2326 allocated to 1
----------------------

----------------------
TP2329 allocated to 1
----------------------

----------------------
TP2610 allocated to 1
----------------------

----------------------
TP2971 allocated to 1
----------------------

----------------------
TP3055 allocated to 1
----------------------

----------------------
TP3308 allocated to 1
----------------------

----------------------
TP3696 allocated to 1
----------------------

----------------------
TP3859 allocated to 1
----------------------

----------------------
TP4309 allocated to 1
----------------------

----------------------
TP4352 allocated to 1
----------------------

----------------------
TP4395 allocated to 1
----------------------

----------------------
TP4839 allocated to 1
----------------------

----------------------
TP5493 allocated to 1
----------------------

----------------------
TP5594 allocated to 1
----------------------

----------------------
TP5604 allocated to 1
----------------------

----------------------
TP5744 allocated to 1
----------------------

----------------------
TP6192 allocated to 1
----------------------

----------------------
TP6320 allocated to 1
----------------------

----------------------
TP6566 allocated to 2
----------------------

----------------------
TP6642 allocated to 2
----------------------

----------------------
TP7021 allocated to 2
----------------------

----------------------
TP7033 allocated to 2
----------------------

----------------------
TP7060 allocated to 2
----------------------

----------------------
TP7160 allocated to 2
----------------------

----------------------
TP7732 allocated to 2
----------------------

----------------------
TP8051 allocated to 2
----------------------

----------------------
TP8174 allocated to 2
----------------------

----------------------
TP8788 allocated to 2
----------------------

----------------------
TP9110 allocated to 3
----------------------

----------------------
TP9234 allocated to 2
----------------------

----------------------
TP10771 allocated to 3
----------------------

----------------------
TP10785 allocated to 2
----------------------

----------------------
TP11449 allocated to 3
----------------------

----------------------
TP11452 allocated to 3
----------------------

----------------------
TP11587 allocated to 3
----------------------

----------------------
TP11647 allocated to 3
----------------------

----------------------
TP11777 allocated to 3
----------------------

----------------------
TP12332 allocated to 3
----------------------

----------------------
TP12399 allocated to 3
----------------------

----------------------
TP12611 allocated to 3
----------------------

----------------------
TP12614 allocated to 1
----------------------

----------------------
TP12992 allocated to 3
----------------------

----------------------
TP13510 allocated to 3
----------------------

----------------------
TP13599 allocated to 4
----------------------

----------------------
TP13818 allocated to 4
----------------------

----------------------
TP14160 allocated to 4
----------------------

----------------------
TP14534 allocated to 3
----------------------

----------------------
TP14756 allocated to 4
----------------------

----------------------
TP15188 allocated to 4
----------------------

----------------------
TP15816 allocated to 4
----------------------

----------------------
TP16722 allocated to 4
----------------------

----------------------
TP17107 allocated to 4
----------------------

----------------------
TP17357 allocated to 4
----------------------

----------------------
TP17567 allocated to 4
----------------------

----------------------
TP17598 allocated to 4
----------------------

----------------------
TP17651 allocated to 4
----------------------

----------------------
TP17746 allocated to 4
----------------------

----------------------
TP18110 allocated to 5
----------------------

----------------------
TP18166 allocated to 4
----------------------

----------------------
TP18360 allocated to 4
----------------------

----------------------
TP18400 allocated to 5
----------------------

----------------------
TP18598 allocated to 5
----------------------

----------------------
TP18956 allocated to 1
----------------------

----------------------
TP19186 allocated to 5
----------------------

----------------------
TP19295 allocated to 5
----------------------

----------------------
TP19478 allocated to 5
----------------------

----------------------
TP19530 allocated to 5
----------------------

----------------------
TP19538 allocated to 5
----------------------

----------------------
TP19671 allocated to 5
----------------------

----------------------
TP20032 allocated to 5
----------------------

----------------------
TP20047 allocated to 5
----------------------

----------------------
TP20154 allocated to 5
----------------------

----------------------
TP20801 allocated to 5
----------------------

----------------------
TP21308 allocated to 1
----------------------

----------------------
TP21443 allocated to 5
----------------------

----------------------
TP21779 allocated to 5
----------------------

----------------------
TP22021 allocated to 5
----------------------

----------------------
TP22400 allocated to 5
----------------------

----------------------
TP22949 not allocated
----------------------

----------------------
TP22953 not allocated
----------------------

----------------------
TP23166 not allocated
----------------------

----------------------
TP23492 not allocated
----------------------

----------------------
TP23816 allocated to 3
----------------------

----------------------
TP24232 allocated to 1
----------------------

----------------------
TP24365 not allocated
----------------------

----------------------
TP24754 not allocated
----------------------

----------------------
TP25295 allocated to 1
----------------------

----------------------
TP25330 not allocated
----------------------

----------------------
TP25923 not allocated
----------------------

----------------------
TP25975 not allocated
----------------------

----------------------
TP26430 not allocated
----------------------

----------------------
TP26666 not allocated
----------------------

----------------------
TP26863 not allocated
----------------------

----------------------
TP27420 not allocated
----------------------

----------------------
TP27548 not allocated
----------------------

----------------------
TP27874 not allocated
----------------------

----------------------
TP28026 not allocated
----------------------

----------------------
TP28150 not allocated
----------------------

----------------------
TP28551 allocated to 1
----------------------

----------------------
TP28629 not allocated
----------------------

----------------------
TP28633 not allocated
----------------------

----------------------
TP28648 not allocated
----------------------

----------------------
TP29374 not allocated
----------------------

----------------------
TP29981 allocated to 1
----------------------

----------------------
TP30447 allocated to 1
----------------------

----------------------
TP30689 not allocated
----------------------

----------------------
TP31014 not allocated
----------------------

----------------------
TP31358 not allocated
----------------------

----------------------
TP32707 not allocated
----------------------

----------------------
TP33285 not allocated
----------------------

----------------------
TP33614 not allocated
----------------------

----------------------
TP33996 not allocated
----------------------

----------------------
TP34095 not allocated
----------------------

----------------------
TP34490 not allocated
----------------------

----------------------
TP34652 not allocated
----------------------

----------------------
TP34820 not allocated
----------------------

----------------------
TP34963 not allocated
----------------------

----------------------
TP35285 not allocated
----------------------

----------------------
TP36145 not allocated
----------------------

----------------------
TP36431 not allocated
----------------------

----------------------
TP36762 not allocated
----------------------

----------------------
TP36938 allocated to 1
----------------------

----------------------
TP37111 not allocated
----------------------

----------------------
TP37286 not allocated
----------------------

----------------------
TP37308 not allocated
----------------------

----------------------
TP37347 not allocated
----------------------

----------------------
TP37805 allocated to 1
----------------------

----------------------
TP37810 not allocated
----------------------

----------------------
TP37920 not allocated
----------------------

----------------------
TP38048 not allocated
----------------------

----------------------
TP38333 not allocated
----------------------

----------------------
TP38472 not allocated
----------------------

----------------------
TP38516 not allocated
----------------------

----------------------
TP38849 not allocated
----------------------

----------------------
TP38895 not allocated
----------------------

----------------------
TP38998 not allocated
----------------------

----------------------
TP39142 not allocated
----------------------

----------------------
TP39198 not allocated
----------------------

----------------------
TP39525 not allocated
----------------------

----------------------
TP40068 not allocated
----------------------

----------------------
TP40076 not allocated
----------------------

----------------------
TP40120 not allocated
----------------------

----------------------
TP40178 not allocated
----------------------

----------------------
TP40181 not allocated
----------------------

----------------------
TP40506 not allocated
----------------------

----------------------
TP40692 not allocated
----------------------

----------------------
TP40812 allocated to 1
----------------------

----------------------
TP41265 not allocated
----------------------

----------------------
TP41274 allocated to 1
----------------------

----------------------
TP41473 not allocated
----------------------

----------------------
TP41636 allocated to 1
----------------------

----------------------
TP41971 allocated to 1
----------------------

----------------------
TP42175 not allocated
----------------------

----------------------
TP42351 not allocated
----------------------

----------------------
TP42522 not allocated
----------------------

----------------------
TP42680 not allocated
----------------------

----------------------
TP42713 not allocated
----------------------

----------------------
TP42721 allocated to 1
----------------------

----------------------
TP43252 not allocated
----------------------

----------------------
TP43620 not allocated
----------------------

----------------------
TP43800 not allocated
----------------------

----------------------
TP43963 not allocated
----------------------

----------------------
TP43986 not allocated
----------------------

----------------------
TP44559 not allocated
----------------------

----------------------
TP45080 not allocated
----------------------

----------------------
TP45372 not allocated
----------------------

----------------------
TP45748 not allocated
----------------------

----------------------
TP45769 not allocated
----------------------

----------------------
TP46049 not allocated
----------------------

----------------------
TP46561 not allocated
----------------------

----------------------
TP46593 not allocated
----------------------

----------------------
TP47123 not allocated
----------------------

----------------------
TP47188 not allocated
----------------------

----------------------
TP47271 not allocated
----------------------

----------------------
TP47552 not allocated
----------------------

----------------------
TP47653 not allocated
----------------------

----------------------
TP48140 not allocated
----------------------

----------------------
TP48492 not allocated
----------------------

----------------------
TP49120 not allocated
----------------------

----------------------
TP49414 not allocated
----------------------

----------------------
TP49521 not allocated
----------------------

----------------------
TP49745 not allocated
----------------------

-------------------------------------------------------------------------

Ride-sharing vs Individual Mode - Num Vehicles and Distance Comparisson 

-------------------------------------------------------------------------
Individual Mode = 190 vehicles.
Ride-sharing Mode = 96 vehicles. The 5 ride-sharing vehicles + 91 vehicles of the individuals not served by the ride-sharing service.
-------------------------------------------------------------------------
Individual Mode = 570 distance.
Ride-sharing Mode = 809 distance. 500 from the EV fleet + 309 from the distance of the trips not covered individuals had to do with their own vehicle.
-------------------------------------------------------------------------
