-------------------------------------------------------------------------
TPs satisfied = 58; Total TPs = 179; Percentage Satisfied + 32.4%
-------------------------------------------------------------------------

-------------------------------------------------------------------------

EVs

-------------------------------------------------------------------------
--------------------------------------
EV1
--------------------------------------
Num TPs served = 44
TPs served = 233 377 859 872 1039 1973 2271 2304 2763 3177 3261 3677 4139 4153 4460 5053 5707 5881 5985 6051 6222 6444 6753 6875 6985 7162 7257 7372 7647 9637 13669 17434 18213 19960 19989 23574 31122 34213 38256 39611 39904 40917 42829 43836
Total energy used = 100
--------------------------------------
Schedule:
0 444 915 124 915 124 0 0 100 100 0 444 0
444 444 915 124 915 124 0 1 100 100 233 32 0
444 445 915 124 916 124 1 0 100 99 -233 32 1
445 709 916 124 916 124 0 0 99 99 0 264 0
709 710 916 124 915 124 0 1 99 98 377 32 1
710 713 915 124 915 124 1 1 98 98 0 3 0
713 714 915 124 916 124 1 0 98 97 -377 32 1
714 1540 916 124 916 124 0 0 97 97 0 826 0
1540 1541 916 124 915 124 0 1 97 96 872 32 1
1541 1541 915 124 915 124 1 2 96 96 859 16 0
1541 1542 915 124 915 125 2 1 96 95 -872 32 1
1542 1542 915 125 915 125 1 0 95 95 -859 17 0
1542 1827 915 125 915 125 0 0 95 95 0 285 0
1827 1828 915 125 915 124 0 1 95 94 1039 32 1
1828 1832 915 124 919 124 1 0 94 90 -1039 32 4
1832 2466 919 124 919 124 0 0 90 90 0 634 0
2466 2470 919 124 915 124 0 1 90 86 18213 32 4
2470 2471 915 124 915 124 1 1 86 86 0 1 0
2471 2471 915 124 915 124 1 0 86 86 -18213 32 0
2471 3472 915 124 915 124 0 0 86 86 0 1001 0
3472 3472 915 124 915 124 0 1 86 86 1973 32 0
3472 3473 915 124 915 125 1 0 86 85 -1973 32 1
3473 4028 915 125 915 125 0 0 85 85 0 555 0
4028 4029 915 125 915 124 0 1 85 84 2271 32 1
4029 4032 915 124 915 124 1 1 84 84 0 3 0
4032 4033 915 124 916 124 1 0 84 83 -2271 32 1
4033 4084 916 124 916 124 0 0 83 83 0 51 0
4084 4085 916 124 915 124 0 1 83 82 2304 32 1
4085 4087 915 124 915 124 1 1 82 82 0 2 0
4087 4088 915 124 916 124 1 0 82 81 -2304 32 1
4088 4929 916 124 916 124 0 0 81 81 0 841 0
4929 4930 916 124 915 124 0 1 81 80 2763 32 1
4930 4931 915 124 916 124 1 0 80 79 -2763 32 1
4931 5664 916 124 916 124 0 0 79 79 0 733 0
5664 5665 916 124 915 124 0 1 79 78 3177 32 1
5665 5666 915 124 916 124 1 0 78 77 -3177 32 1
5666 5810 916 124 916 124 0 0 77 77 0 144 0
5810 5811 916 124 915 124 0 1 77 76 3261 32 1
5811 5812 915 124 915 124 1 1 76 76 0 1 0
5812 5813 915 124 916 124 1 0 76 75 -3261 32 1
5813 6596 916 124 916 124 0 0 75 75 0 783 0
6596 6597 916 124 915 124 0 1 75 74 3677 32 1
6597 6598 915 124 915 124 1 1 74 74 0 1 0
6598 6601 915 124 918 124 1 0 74 71 -3677 32 3
6601 7440 918 124 918 124 0 0 71 71 0 839 0
7440 7443 918 124 915 124 0 1 71 68 4139 32 3
7443 7476 915 124 915 124 1 1 68 68 0 33 0
7476 7476 915 124 915 124 1 2 68 68 4153 32 0
7476 7477 915 124 915 124 2 2 68 68 0 1 0
7477 7478 915 124 916 124 2 1 68 67 -4153 32 1
7478 7480 916 124 917 125 1 0 67 65 -4139 0 2
7480 7902 917 125 917 125 0 0 65 65 0 422 0
7902 7905 917 125 915 124 0 1 65 62 19960 32 3
7905 7907 915 124 915 124 1 1 62 62 0 2 0
7907 7907 915 124 915 124 1 0 62 62 -19960 32 0
7907 8012 915 124 915 124 0 0 62 62 0 105 0
8012 8012 915 124 915 124 0 1 62 62 19989 32 0
8012 8014 915 124 915 124 1 1 62 62 0 2 0
8014 8014 915 124 915 124 1 0 62 62 -19989 32 0
8014 8040 915 124 915 124 0 0 62 62 0 26 0
8040 8040 915 124 915 124 0 1 62 62 4460 32 0
8040 8046 915 124 915 124 1 1 62 62 0 6 0
8046 8047 915 124 916 124 1 0 62 61 -4460 32 1
8047 8988 916 124 916 124 0 0 61 61 0 941 0
8988 8989 916 124 915 124 0 1 61 60 38256 32 1
8989 8990 915 124 915 124 1 1 60 60 0 1 0
8990 8990 915 124 915 124 1 0 60 60 -38256 32 0
8990 9164 915 124 915 124 0 0 60 60 0 174 0
9164 9164 915 124 915 124 0 1 60 60 5053 32 0
9164 9167 915 124 915 124 1 1 60 60 0 3 0
9167 9167 915 124 915 124 1 0 60 60 -5053 32 0
9167 10428 915 124 915 124 0 0 60 60 0 1261 0
10428 10428 915 124 915 124 0 1 60 60 5707 32 0
10428 10433 915 124 920 124 1 0 60 55 -5707 32 5
10433 10755 920 124 920 124 0 0 55 55 0 322 0
10755 10760 920 124 915 124 0 1 55 50 5881 32 5
10760 10766 915 124 920 125 1 0 50 44 -5881 32 6
10766 10956 920 125 920 125 0 0 44 44 0 190 0
10956 10962 920 125 915 124 0 1 44 38 5985 32 6
10962 10963 915 124 915 124 1 1 38 38 0 1 0
10963 10964 915 124 915 125 1 0 38 37 -5985 32 1
10964 11084 915 125 915 125 0 0 37 37 0 120 0
11084 11085 915 125 915 124 0 1 37 36 6051 32 1
11085 11086 915 124 915 124 1 1 36 36 0 1 0
11086 11087 915 124 916 124 1 0 36 35 -6051 32 1
11087 11413 916 124 916 124 0 0 35 35 0 326 0
11413 11414 916 124 915 124 0 1 35 34 6222 32 1
11414 11417 915 124 918 124 1 0 34 31 -6222 32 3
11417 11824 918 124 918 124 0 0 31 31 0 407 0
11824 11827 918 124 915 124 0 1 31 28 6444 32 3
11827 11829 915 124 917 124 1 0 28 26 -6444 32 2
11829 12391 917 124 917 124 0 0 26 26 0 562 0
12391 12393 917 124 915 124 0 1 26 24 39611 32 2
12393 12394 915 124 915 124 1 1 24 24 0 1 0
12394 12394 915 124 915 124 1 0 24 24 -39611 32 0
12394 12469 915 124 915 124 0 0 24 24 0 75 0
12469 12469 915 124 915 124 0 1 24 24 6753 32 0
12469 12471 915 124 915 126 1 0 24 22 -6753 32 2
12471 12721 915 126 915 126 0 0 22 22 0 250 0
12721 12723 915 126 915 124 0 1 22 20 6875 32 2
12723 12727 915 124 919 124 1 0 20 16 -6875 32 4
12727 12980 919 124 919 124 0 0 16 16 0 253 0
12980 12984 919 124 915 124 0 1 16 12 6985 32 4
12984 12985 915 124 915 124 1 1 12 12 0 1 0
12985 12986 915 124 915 125 1 0 12 11 -6985 32 1
12986 13128 915 125 915 125 0 0 11 11 0 142 0
13128 13129 915 125 915 124 0 1 11 10 39904 32 1
13129 13130 915 124 915 124 1 1 10 10 0 1 0
13130 13130 915 124 915 124 1 0 10 10 -39904 32 0
13130 13372 915 124 915 124 0 0 10 10 0 242 0
13372 13372 915 124 915 124 0 1 10 10 7162 32 0
13372 13375 915 124 915 124 1 1 10 10 0 3 0
13375 13375 915 124 915 124 1 0 10 10 -7162 32 0
13375 13596 915 124 915 124 0 0 10 10 0 221 0
13596 13596 915 124 915 124 0 1 10 10 7257 32 0
13596 13597 915 124 915 124 1 1 10 10 0 1 0
13597 13597 915 124 915 124 1 0 10 10 -7257 32 0
13597 13820 915 124 915 124 0 0 10 10 0 223 0
13820 13820 915 124 915 124 0 1 10 10 7372 32 0
13820 13822 915 124 915 124 1 1 10 10 0 2 0
13822 13822 915 124 915 124 1 0 10 10 -7372 32 0
13822 14425 915 124 915 124 0 0 10 10 0 603 0
14425 14425 915 124 915 124 0 1 10 10 7647 32 0
14425 14428 915 124 915 124 1 1 10 10 0 3 0
14428 14433 915 124 918 126 1 0 10 5 -7647 32 5
14433 15679 918 126 918 126 0 0 5 5 0 1246 0
15679 15684 918 126 915 124 0 1 5 0 40917 32 5
15684 15685 915 124 915 124 1 1 0 0 0 1 0
15685 15685 915 124 915 124 1 0 0 0 -40917 32 0
15685 17330 915 124 915 124 0 0 0 0 0 1645 0
17330 17330 915 124 915 124 0 1 0 0 23574 32 0
17330 17331 915 124 915 124 1 1 0 0 0 1 0
17331 17331 915 124 915 124 1 0 0 0 -23574 32 0
17331 19384 915 124 915 124 0 0 0 0 0 2053 0
19384 19384 915 124 915 124 0 1 0 0 9637 32 0
19384 19385 915 124 915 124 1 1 0 0 0 1 0
19385 19385 915 124 915 124 1 0 0 0 -9637 32 0
19385 19881 915 124 915 124 0 0 0 0 0 496 0
19881 19881 915 124 915 124 0 1 0 0 42829 32 0
19881 19882 915 124 915 124 1 1 0 0 0 1 0
19882 19882 915 124 915 124 1 0 0 0 -42829 32 0
19882 21848 915 124 915 124 0 0 0 0 0 1966 0
21848 21848 915 124 915 124 0 1 0 0 43836 32 0
21848 21849 915 124 915 124 1 1 0 0 0 1 0
21849 21849 915 124 915 124 1 0 0 0 -43836 32 0
21849 32703 915 124 915 124 0 0 0 0 0 10854 0
32703 32703 915 124 915 124 0 1 0 0 13669 32 0
32703 32704 915 124 915 124 1 1 0 0 0 1 0
32704 32704 915 124 915 124 1 0 0 0 -13669 32 0
32704 32764 915 124 915 124 0 0 0 0 0 60 0
32764 32764 915 124 915 124 0 1 0 0 31122 32 0
32764 32769 915 124 915 124 1 1 0 0 0 5 0
32769 32769 915 124 915 124 1 0 0 0 -31122 32 0
32769 40379 915 124 915 124 0 0 0 0 0 7610 0
40379 40379 915 124 915 124 0 1 0 0 34213 32 0
40379 40381 915 124 915 124 1 1 0 0 0 2 0
40381 40381 915 124 915 124 1 0 0 0 -34213 32 0
40381 43221 915 124 915 124 0 0 0 0 0 2840 0
43221 43221 915 124 915 124 0 1 0 0 17434 32 0
43221 43224 915 124 915 124 1 1 0 0 0 3 0
43224 43224 915 124 915 124 1 0 0 0 -17434 32 0
43224 43267 915 124 915 124 0 0 0 0 0 43 0
43267 43267 915 124 915 124 0 0 0 0 1000000000 0 0
--------------------------------------
--------------------------------------
EV2
--------------------------------------
Num TPs served = 14
TPs served = 6862 8063 8079 8520 9240 9487 10033 10293 10299 10776 11093 11107 12591 13169
Total energy used = 100
--------------------------------------
Schedule:
0 12697 915 124 915 124 0 0 100 100 0 12697 0
12697 12697 915 124 915 124 0 1 100 100 6862 32 0
12697 12703 915 124 915 124 1 1 100 100 0 6 0
12703 12725 915 124 929 132 1 0 100 78 -6862 32 22
12725 15334 929 132 929 132 0 0 78 78 0 2609 0
15334 15356 929 132 915 124 0 1 78 56 8063 32 22
15356 15392 915 124 915 124 1 1 56 56 0 36 0
15392 15392 915 124 915 124 1 2 56 56 8079 32 0
15392 15393 915 124 915 124 2 2 56 56 0 1 0
15393 15394 915 124 916 124 2 1 56 55 -8079 32 1
15394 15395 916 124 916 125 1 0 55 54 -8063 0 1
15395 16406 916 125 916 125 0 0 54 54 0 1011 0
16406 16408 916 125 915 124 0 1 54 52 8520 32 2
16408 16409 915 124 915 125 1 0 52 51 -8520 32 1
16409 18304 915 125 915 125 0 0 51 51 0 1895 0
18304 18305 915 125 915 124 0 1 51 50 9240 32 1
18305 18307 915 124 915 126 1 0 50 48 -9240 32 2
18307 18990 915 126 915 126 0 0 48 48 0 683 0
18990 18992 915 126 915 124 0 1 48 46 9487 32 2
18992 18997 915 124 919 125 1 0 46 41 -9487 32 5
18997 20517 919 125 919 125 0 0 41 41 0 1520 0
20517 20522 919 125 915 124 0 1 41 36 10033 32 5
20522 20524 915 124 917 124 1 0 36 34 -10033 32 2
20524 21275 917 124 917 124 0 0 34 34 0 751 0
21275 21277 917 124 915 124 0 1 34 32 10299 32 2
21277 21277 915 124 915 124 1 2 32 32 10293 18 0
21277 21282 915 124 919 125 2 1 32 27 -10299 32 5
21282 21288 919 125 915 127 1 0 27 21 -10293 10 6
21288 22650 915 127 915 127 0 0 21 21 0 1362 0
22650 22653 915 127 915 124 0 1 21 18 10776 32 3
22653 22654 915 124 915 124 1 1 18 18 0 1 0
22654 22655 915 124 915 125 1 0 18 17 -10776 32 1
22655 23658 915 125 915 125 0 0 17 17 0 1003 0
23658 23659 915 125 915 124 0 1 17 16 11093 32 1
23659 23661 915 124 917 124 1 0 16 14 -11093 32 2
23661 23700 917 124 917 124 0 0 14 14 0 39 0
23700 23702 917 124 915 124 0 1 14 12 11107 32 2
23702 23703 915 124 915 125 1 0 12 11 -11107 32 1
23703 28781 915 125 915 125 0 0 11 11 0 5078 0
28781 28782 915 125 915 124 0 1 11 10 12591 32 1
28782 28783 915 124 915 124 1 1 10 10 0 1 0
28783 28786 915 124 917 125 1 0 10 7 -12591 32 3
28786 30888 917 125 917 125 0 0 7 7 0 2102 0
30888 30891 917 125 915 124 0 1 7 4 13169 32 3
30891 30892 915 124 915 124 1 1 4 4 0 1 0
30892 30894 915 124 915 126 1 0 4 2 -13169 32 2
30894 43265 915 126 915 126 0 0 2 2 0 12371 0
43265 43267 915 126 915 124 0 0 2 0 1000000000 0 2
--------------------------------------

-------------------------------------------------------------------------

TPs

-------------------------------------------------------------------------

----------------------
TP233 allocated to 1
----------------------

----------------------
TP377 allocated to 1
----------------------

----------------------
TP859 allocated to 1
----------------------

----------------------
TP872 allocated to 1
----------------------

----------------------
TP1039 allocated to 1
----------------------

----------------------
TP1973 allocated to 1
----------------------

----------------------
TP2271 allocated to 1
----------------------

----------------------
TP2304 allocated to 1
----------------------

----------------------
TP2763 allocated to 1
----------------------

----------------------
TP3177 allocated to 1
----------------------

----------------------
TP3261 allocated to 1
----------------------

----------------------
TP3677 allocated to 1
----------------------

----------------------
TP4139 allocated to 1
----------------------

----------------------
TP4153 allocated to 1
----------------------

----------------------
TP4460 allocated to 1
----------------------

----------------------
TP5053 allocated to 1
----------------------

----------------------
TP5707 allocated to 1
----------------------

----------------------
TP5881 allocated to 1
----------------------

----------------------
TP5985 allocated to 1
----------------------

----------------------
TP6051 allocated to 1
----------------------

----------------------
TP6222 allocated to 1
----------------------

----------------------
TP6444 allocated to 1
----------------------

----------------------
TP6753 allocated to 1
----------------------

----------------------
TP6862 allocated to 2
----------------------

----------------------
TP6875 allocated to 1
----------------------

----------------------
TP6985 allocated to 1
----------------------

----------------------
TP7162 allocated to 1
----------------------

----------------------
TP7257 allocated to 1
----------------------

----------------------
TP7372 allocated to 1
----------------------

----------------------
TP7647 allocated to 1
----------------------

----------------------
TP8063 allocated to 2
----------------------

----------------------
TP8079 allocated to 2
----------------------

----------------------
TP8520 allocated to 2
----------------------

----------------------
TP9240 allocated to 2
----------------------

----------------------
TP9487 allocated to 2
----------------------

----------------------
TP9637 allocated to 1
----------------------

----------------------
TP10033 allocated to 2
----------------------

----------------------
TP10293 allocated to 2
----------------------

----------------------
TP10299 allocated to 2
----------------------

----------------------
TP10776 allocated to 2
----------------------

----------------------
TP11093 allocated to 2
----------------------

----------------------
TP11107 allocated to 2
----------------------

----------------------
TP12591 allocated to 2
----------------------

----------------------
TP13169 allocated to 2
----------------------

----------------------
TP13282 not allocated
----------------------

----------------------
TP13451 not allocated
----------------------

----------------------
TP13465 not allocated
----------------------

----------------------
TP13491 not allocated
----------------------

----------------------
TP13663 not allocated
----------------------

----------------------
TP13669 allocated to 1
----------------------

----------------------
TP14265 not allocated
----------------------

----------------------
TP14317 not allocated
----------------------

----------------------
TP14721 not allocated
----------------------

----------------------
TP14732 not allocated
----------------------

----------------------
TP14979 not allocated
----------------------

----------------------
TP15203 not allocated
----------------------

----------------------
TP15785 not allocated
----------------------

----------------------
TP15821 not allocated
----------------------

----------------------
TP15996 not allocated
----------------------

----------------------
TP16212 not allocated
----------------------

----------------------
TP16223 not allocated
----------------------

----------------------
TP16492 not allocated
----------------------

----------------------
TP17130 not allocated
----------------------

----------------------
TP17293 not allocated
----------------------

----------------------
TP17434 allocated to 1
----------------------

----------------------
TP17477 not allocated
----------------------

----------------------
TP17817 not allocated
----------------------

----------------------
TP18144 not allocated
----------------------

----------------------
TP18213 allocated to 1
----------------------

----------------------
TP18602 not allocated
----------------------

----------------------
TP18881 not allocated
----------------------

----------------------
TP19948 not allocated
----------------------

----------------------
TP19960 allocated to 1
----------------------

----------------------
TP19989 allocated to 1
----------------------

----------------------
TP20535 not allocated
----------------------

----------------------
TP20691 not allocated
----------------------

----------------------
TP21039 not allocated
----------------------

----------------------
TP21062 not allocated
----------------------

----------------------
TP21545 not allocated
----------------------

----------------------
TP21813 not allocated
----------------------

----------------------
TP22222 not allocated
----------------------

----------------------
TP22480 not allocated
----------------------

----------------------
TP22748 not allocated
----------------------

----------------------
TP23104 not allocated
----------------------

----------------------
TP23425 not allocated
----------------------

----------------------
TP23546 not allocated
----------------------

----------------------
TP23574 allocated to 1
----------------------

----------------------
TP24468 not allocated
----------------------

----------------------
TP24982 not allocated
----------------------

----------------------
TP25005 not allocated
----------------------

----------------------
TP25524 not allocated
----------------------

----------------------
TP25724 not allocated
----------------------

----------------------
TP26441 not allocated
----------------------

----------------------
TP26714 not allocated
----------------------

----------------------
TP26999 not allocated
----------------------

----------------------
TP27421 not allocated
----------------------

----------------------
TP28246 not allocated
----------------------

----------------------
TP28251 not allocated
----------------------

----------------------
TP28363 not allocated
----------------------

----------------------
TP28688 not allocated
----------------------

----------------------
TP28813 not allocated
----------------------

----------------------
TP28960 not allocated
----------------------

----------------------
TP29295 not allocated
----------------------

----------------------
TP29503 not allocated
----------------------

----------------------
TP29910 not allocated
----------------------

----------------------
TP29940 not allocated
----------------------

----------------------
TP30216 not allocated
----------------------

----------------------
TP30354 not allocated
----------------------

----------------------
TP30580 not allocated
----------------------

----------------------
TP30637 not allocated
----------------------

----------------------
TP30676 not allocated
----------------------

----------------------
TP30795 not allocated
----------------------

----------------------
TP31122 allocated to 1
----------------------

----------------------
TP31536 not allocated
----------------------

----------------------
TP32002 not allocated
----------------------

----------------------
TP32008 not allocated
----------------------

----------------------
TP32577 not allocated
----------------------

----------------------
TP32758 not allocated
----------------------

----------------------
TP33406 not allocated
----------------------

----------------------
TP33643 not allocated
----------------------

----------------------
TP34213 allocated to 1
----------------------

----------------------
TP34663 not allocated
----------------------

----------------------
TP34849 not allocated
----------------------

----------------------
TP35486 not allocated
----------------------

----------------------
TP35558 not allocated
----------------------

----------------------
TP36371 not allocated
----------------------

----------------------
TP36738 not allocated
----------------------

----------------------
TP36855 not allocated
----------------------

----------------------
TP37549 not allocated
----------------------

----------------------
TP37888 not allocated
----------------------

----------------------
TP38131 not allocated
----------------------

----------------------
TP38256 allocated to 1
----------------------

----------------------
TP38365 not allocated
----------------------

----------------------
TP38817 not allocated
----------------------

----------------------
TP38983 not allocated
----------------------

----------------------
TP39000 not allocated
----------------------

----------------------
TP39261 not allocated
----------------------

----------------------
TP39329 not allocated
----------------------

----------------------
TP39487 not allocated
----------------------

----------------------
TP39611 allocated to 1
----------------------

----------------------
TP39904 allocated to 1
----------------------

----------------------
TP40002 not allocated
----------------------

----------------------
TP40193 not allocated
----------------------

----------------------
TP40500 not allocated
----------------------

----------------------
TP40917 allocated to 1
----------------------

----------------------
TP41092 not allocated
----------------------

----------------------
TP41828 not allocated
----------------------

----------------------
TP41898 not allocated
----------------------

----------------------
TP41902 not allocated
----------------------

----------------------
TP42134 not allocated
----------------------

----------------------
TP42310 not allocated
----------------------

----------------------
TP42344 not allocated
----------------------

----------------------
TP42829 allocated to 1
----------------------

----------------------
TP43010 not allocated
----------------------

----------------------
TP43261 not allocated
----------------------

----------------------
TP43713 not allocated
----------------------

----------------------
TP43836 allocated to 1
----------------------

----------------------
TP43838 not allocated
----------------------

----------------------
TP43913 not allocated
----------------------

----------------------
TP44018 not allocated
----------------------

----------------------
TP44632 not allocated
----------------------

----------------------
TP44712 not allocated
----------------------

----------------------
TP45056 not allocated
----------------------

----------------------
TP45128 not allocated
----------------------

----------------------
TP45189 not allocated
----------------------

----------------------
TP45928 not allocated
----------------------

----------------------
TP46129 not allocated
----------------------

----------------------
TP46181 not allocated
----------------------

----------------------
TP46245 not allocated
----------------------

----------------------
TP46358 not allocated
----------------------

----------------------
TP46417 not allocated
----------------------

----------------------
TP46773 not allocated
----------------------

----------------------
TP47451 not allocated
----------------------

----------------------
TP47544 not allocated
----------------------

----------------------
TP47956 not allocated
----------------------

----------------------
TP48330 not allocated
----------------------

----------------------
TP48558 not allocated
----------------------

----------------------
TP49533 not allocated
----------------------

----------------------
TP49935 not allocated
----------------------

-------------------------------------------------------------------------

Ride-sharing vs Individual Mode - Num Vehicles and Distance Comparisson 

-------------------------------------------------------------------------
Individual Mode = 179 vehicles.
Ride-sharing Mode = 123 vehicles. The 2 ride-sharing vehicles + 121 vehicles of the individuals not served by the ride-sharing service.
-------------------------------------------------------------------------
Individual Mode = 408 distance.
Ride-sharing Mode = 504 distance. 200 from the EV fleet + 304 from the distance of the trips not covered individuals had to do with their own vehicle.
-------------------------------------------------------------------------
