-------------------------------------------------------------------------
TPs satisfied = 103; Total TPs = 187; Percentage Satisfied + 55.1%
-------------------------------------------------------------------------

-------------------------------------------------------------------------

EVs

-------------------------------------------------------------------------
--------------------------------------
EV1
--------------------------------------
Num TPs served = 42
TPs served = 211 961 1265 1613 2006 2157 2365 3252 3302 3732 3969 4935 5138 5350 5426 5589 5661 6125 6155 8092 10532 11076 16318 18544 21874 22524 22915 23426 25266 26982 28346 30885 34162 35207 35431 35741 36567 38494 40726 43900 47635 49860
Total energy used = 100
--------------------------------------
Schedule:
0 186 671 868 671 868 0 0 100 100 0 186 0
186 186 671 868 671 868 0 1 100 100 35207 32 0
186 187 671 868 671 868 1 1 100 100 0 1 0
187 187 671 868 671 868 1 0 100 100 -35207 32 0
187 405 671 868 671 868 0 0 100 100 0 218 0
405 405 671 868 671 868 0 1 100 100 211 32 0
405 408 671 868 674 868 1 0 100 97 -211 32 3
408 836 674 868 674 868 0 0 97 97 0 428 0
836 839 674 868 671 868 0 1 97 94 35431 32 3
839 840 671 868 671 868 1 1 94 94 0 1 0
840 840 671 868 671 868 1 0 94 94 -35431 32 0
840 1694 671 868 671 868 0 0 94 94 0 854 0
1694 1694 671 868 671 868 0 1 94 94 961 32 0
1694 1698 671 868 671 868 1 1 94 94 0 4 0
1698 1701 671 868 674 868 1 0 94 91 -961 32 3
1701 1737 674 868 674 868 0 0 91 91 0 36 0
1737 1740 674 868 671 868 0 1 91 88 35741 32 3
1740 1742 671 868 671 868 1 1 88 88 0 2 0
1742 1742 671 868 671 868 1 0 88 88 -35741 32 0
1742 2208 671 868 671 868 0 0 88 88 0 466 0
2208 2208 671 868 671 868 0 1 88 88 1265 32 0
2208 2210 671 868 671 868 1 1 88 88 0 2 0
2210 2218 671 868 671 876 1 0 88 80 -1265 32 8
2218 2812 671 876 671 876 0 0 80 80 0 594 0
2812 2820 671 876 671 868 0 1 80 72 1613 32 8
2820 2821 671 868 671 868 1 1 72 72 0 1 0
2821 2821 671 868 671 868 1 0 72 72 -1613 32 0
2821 3544 671 868 671 868 0 0 72 72 0 723 0
3544 3544 671 868 671 868 0 1 72 72 18544 32 0
3544 3544 671 868 671 868 1 2 72 72 2006 20 0
3544 3545 671 868 671 868 2 2 72 72 0 1 0
3545 3547 671 868 672 869 2 1 72 70 -18544 32 2
3547 3548 672 869 673 869 1 0 70 69 -2006 20 1
3548 3806 673 869 673 869 0 0 69 69 0 258 0
3806 3809 673 869 671 868 0 1 69 66 2157 32 3
3809 3811 671 868 673 868 1 0 66 64 -2157 32 2
3811 4147 673 868 673 868 0 0 64 64 0 336 0
4147 4149 673 868 671 868 0 1 64 62 36567 32 2
4149 4150 671 868 671 868 1 1 62 62 0 1 0
4150 4150 671 868 671 868 1 0 62 62 -36567 32 0
4150 4199 671 868 671 868 0 0 62 62 0 49 0
4199 4199 671 868 671 868 0 1 62 62 2365 32 0
4199 4200 671 868 671 868 1 1 62 62 0 1 0
4200 4201 671 868 671 869 1 0 62 61 -2365 32 1
4201 5786 671 869 671 869 0 0 61 61 0 1585 0
5786 5787 671 869 671 868 0 1 61 60 3252 32 1
5787 5789 671 868 673 868 1 0 60 58 -3252 32 2
5789 5886 673 868 673 868 0 0 58 58 0 97 0
5886 5888 673 868 671 868 0 1 58 56 3302 32 2
5888 5890 671 868 672 869 1 0 56 54 -3302 32 2
5890 6698 672 869 672 869 0 0 54 54 0 808 0
6698 6700 672 869 671 868 0 1 54 52 3732 32 2
6700 6702 671 868 671 870 1 0 52 50 -3732 32 2
6702 7127 671 870 671 870 0 0 50 50 0 425 0
7127 7129 671 870 671 868 0 1 50 48 3969 32 2
7129 7130 671 868 671 869 1 0 48 47 -3969 32 1
7130 8958 671 869 671 869 0 0 47 47 0 1828 0
8958 8959 671 869 671 868 0 1 47 46 4935 32 1
8959 8962 671 868 674 868 1 0 46 43 -4935 32 3
8962 9324 674 868 674 868 0 0 43 43 0 362 0
9324 9327 674 868 671 868 0 1 43 40 5138 32 3
9327 9329 671 868 673 868 1 0 40 38 -5138 32 2
9329 9630 673 868 673 868 0 0 38 38 0 301 0
9630 9632 673 868 671 868 0 1 38 36 38494 32 2
9632 9633 671 868 671 868 1 1 36 36 0 1 0
9633 9633 671 868 671 868 1 0 36 36 -38494 32 0
9633 9726 671 868 671 868 0 0 36 36 0 93 0
9726 9726 671 868 671 868 0 1 36 36 5350 32 0
9726 9729 671 868 671 868 1 1 36 36 0 3 0
9729 9736 671 868 678 868 1 0 36 29 -5350 32 7
9736 9853 678 868 678 868 0 0 29 29 0 117 0
9853 9860 678 868 671 868 0 1 29 22 5426 32 7
9860 9862 671 868 671 870 1 0 22 20 -5426 32 2
9862 10184 671 870 671 870 0 0 20 20 0 322 0
10184 10186 671 870 671 868 0 1 20 18 5589 32 2
10186 10190 671 868 675 868 1 0 18 14 -5589 32 4
10190 10341 675 868 675 868 0 0 14 14 0 151 0
10341 10345 675 868 671 868 0 1 14 10 5661 32 4
10345 10347 671 868 672 869 1 0 10 8 -5661 32 2
10347 11220 672 869 672 869 0 0 8 8 0 873 0
11220 11222 672 869 671 868 0 1 8 6 6125 32 2
11222 11223 671 868 671 869 1 0 6 5 -6125 32 1
11223 11272 671 869 671 869 0 0 5 5 0 49 0
11272 11273 671 869 671 868 0 1 5 4 6155 32 1
11273 11275 671 868 671 870 1 0 4 2 -6155 32 2
11275 13103 671 870 671 870 0 0 2 2 0 1828 0
13103 13105 671 870 671 868 0 1 2 0 21874 32 2
13105 13106 671 868 671 868 1 1 0 0 0 1 0
13106 13106 671 868 671 868 1 0 0 0 -21874 32 0
13106 14789 671 868 671 868 0 0 0 0 0 1683 0
14789 14789 671 868 671 868 0 1 0 0 22524 32 0
14789 14790 671 868 671 868 1 1 0 0 0 1 0
14790 14790 671 868 671 868 1 0 0 0 -22524 32 0
14790 15262 671 868 671 868 0 0 0 0 0 472 0
15262 15262 671 868 671 868 0 1 0 0 40726 32 0
15262 15265 671 868 671 868 1 1 0 0 0 3 0
15265 15265 671 868 671 868 1 0 0 0 -40726 32 0
15265 15421 671 868 671 868 0 0 0 0 0 156 0
15421 15421 671 868 671 868 0 1 0 0 8092 32 0
15421 15422 671 868 671 868 1 1 0 0 0 1 0
15422 15422 671 868 671 868 1 0 0 0 -8092 32 0
15422 15759 671 868 671 868 0 0 0 0 0 337 0
15759 15759 671 868 671 868 0 1 0 0 22915 32 0
15759 15760 671 868 671 868 1 1 0 0 0 1 0
15760 15760 671 868 671 868 1 0 0 0 -22915 32 0
15760 17014 671 868 671 868 0 0 0 0 0 1254 0
17014 17014 671 868 671 868 0 1 0 0 23426 32 0
17014 17016 671 868 671 868 1 1 0 0 0 2 0
17016 17016 671 868 671 868 1 0 0 0 -23426 32 0
17016 21076 671 868 671 868 0 0 0 0 0 4060 0
21076 21076 671 868 671 868 0 1 0 0 25266 32 0
21076 21077 671 868 671 868 1 1 0 0 0 1 0
21077 21077 671 868 671 868 1 0 0 0 -25266 32 0
21077 21908 671 868 671 868 0 0 0 0 0 831 0
21908 21908 671 868 671 868 0 1 0 0 10532 32 0
21908 21909 671 868 671 868 1 1 0 0 0 1 0
21909 21909 671 868 671 868 1 0 0 0 -10532 32 0
21909 21973 671 868 671 868 0 0 0 0 0 64 0
21973 21973 671 868 671 868 0 1 0 0 43900 32 0
21973 21977 671 868 671 868 1 1 0 0 0 4 0
21977 21977 671 868 671 868 1 0 0 0 -43900 32 0
21977 23611 671 868 671 868 0 0 0 0 0 1634 0
23611 23611 671 868 671 868 0 1 0 0 11076 32 0
23611 23612 671 868 671 868 1 1 0 0 0 1 0
23612 23612 671 868 671 868 1 0 0 0 -11076 32 0
23612 24624 671 868 671 868 0 0 0 0 0 1012 0
24624 24624 671 868 671 868 0 1 0 0 26982 32 0
24624 24626 671 868 671 868 1 1 0 0 0 2 0
24626 24626 671 868 671 868 1 0 0 0 -26982 32 0
24626 27202 671 868 671 868 0 0 0 0 0 2576 0
27202 27202 671 868 671 868 0 1 0 0 28346 32 0
27202 27203 671 868 671 868 1 1 0 0 0 1 0
27203 27203 671 868 671 868 1 0 0 0 -28346 32 0
27203 28592 671 868 671 868 0 0 0 0 0 1389 0
28592 28592 671 868 671 868 0 1 0 0 47635 32 0
28592 28595 671 868 671 868 1 1 0 0 0 3 0
28595 28595 671 868 671 868 1 0 0 0 -47635 32 0
28595 32266 671 868 671 868 0 0 0 0 0 3671 0
32266 32266 671 868 671 868 0 1 0 0 30885 32 0
32266 32267 671 868 671 868 1 1 0 0 0 1 0
32267 32267 671 868 671 868 1 0 0 0 -30885 32 0
32267 32509 671 868 671 868 0 0 0 0 0 242 0
32509 32509 671 868 671 868 0 1 0 0 49860 32 0
32509 32510 671 868 671 868 1 1 0 0 0 1 0
32510 32510 671 868 671 868 1 0 0 0 -49860 32 0
32510 40245 671 868 671 868 0 0 0 0 0 7735 0
40245 40245 671 868 671 868 0 1 0 0 34162 32 0
40245 40246 671 868 671 868 1 1 0 0 0 1 0
40246 40246 671 868 671 868 1 0 0 0 -34162 32 0
40246 41299 671 868 671 868 0 0 0 0 0 1053 0
41299 41299 671 868 671 868 0 1 0 0 16318 32 0
41299 41300 671 868 671 868 1 1 0 0 0 1 0
41300 41300 671 868 671 868 1 0 0 0 -16318 32 0
41300 43267 671 868 671 868 0 0 0 0 0 1967 0
43267 43267 671 868 671 868 0 0 0 0 1000000000 0 0
--------------------------------------
--------------------------------------
EV2
--------------------------------------
Num TPs served = 20
TPs served = 6463 6473 6658 6744 6820 7007 7019 7344 7840 8161 8973 9165 9292 10583 10749 10872 11325 12049 13906 41986
Total energy used = 100
--------------------------------------
Schedule:
0 11886 671 868 671 868 0 0 100 100 0 11886 0
11886 11886 671 868 671 868 0 1 100 100 6473 32 0
11886 11886 671 868 671 868 1 2 100 100 6463 11 0
11886 11892 671 868 676 869 2 1 100 94 -6473 32 6
11892 11896 676 869 673 868 1 0 94 90 -6463 3 4
11896 12281 673 868 673 868 0 0 90 90 0 385 0
12281 12283 673 868 671 868 0 1 90 88 6658 32 2
12283 12285 671 868 673 868 1 0 88 86 -6658 32 2
12285 12445 673 868 673 868 0 0 86 86 0 160 0
12445 12447 673 868 671 868 0 1 86 84 6744 32 2
12447 12448 671 868 671 868 1 1 84 84 0 1 0
12448 12449 671 868 672 868 1 0 84 83 -6744 32 1
12449 12611 672 868 672 868 0 0 83 83 0 162 0
12611 12612 672 868 671 868 0 1 83 82 6820 32 1
12612 12613 671 868 671 869 1 0 82 81 -6820 32 1
12613 13041 671 869 671 869 0 0 81 81 0 428 0
13041 13042 671 869 671 868 0 1 81 80 7019 32 1
13042 13042 671 868 671 868 1 2 80 80 7007 14 0
13042 13045 671 868 672 870 2 1 80 77 -7019 32 3
13045 13046 672 870 672 869 1 0 77 76 -7007 12 1
13046 13749 672 869 672 869 0 0 76 76 0 703 0
13749 13751 672 869 671 868 0 1 76 74 7344 32 2
13751 13754 671 868 671 868 1 1 74 74 0 3 0
13754 13755 671 868 672 868 1 0 74 73 -7344 32 1
13755 14868 672 868 672 868 0 0 73 73 0 1113 0
14868 14869 672 868 671 868 0 1 73 72 7840 32 1
14869 14872 671 868 673 869 1 0 72 69 -7840 32 3
14872 15583 673 869 673 869 0 0 69 69 0 711 0
15583 15586 673 869 671 868 0 1 69 66 8161 32 3
15586 15589 671 868 674 868 1 0 66 63 -8161 32 3
15589 17587 674 868 674 868 0 0 63 63 0 1998 0
17587 17590 674 868 671 868 0 1 63 60 8973 32 3
17590 17592 671 868 671 868 1 1 60 60 0 2 0
17592 17597 671 868 676 868 1 0 60 55 -8973 32 5
17597 18069 676 868 676 868 0 0 55 55 0 472 0
18069 18074 676 868 671 868 0 1 55 50 41986 32 5
18074 18074 671 868 671 868 1 2 50 50 9165 20 0
18074 18075 671 868 671 868 2 2 50 50 0 1 0
18075 18076 671 868 671 869 2 1 50 49 -41986 32 1
18076 18087 671 869 677 874 1 0 49 38 -9165 20 11
18087 18452 677 874 677 874 0 0 38 38 0 365 0
18452 18464 677 874 671 868 0 1 38 26 9292 32 12
18464 18466 671 868 673 868 1 0 26 24 -9292 32 2
18466 22049 673 868 673 868 0 0 24 24 0 3583 0
22049 22051 673 868 671 868 0 1 24 22 10583 32 2
22051 22053 671 868 671 870 1 0 22 20 -10583 32 2
22053 22558 671 870 671 870 0 0 20 20 0 505 0
22558 22560 671 870 671 868 0 1 20 18 10749 32 2
22560 22565 671 868 676 868 1 0 18 13 -10749 32 5
22565 22961 676 868 676 868 0 0 13 13 0 396 0
22961 22966 676 868 671 868 0 1 13 8 10872 32 5
22966 22967 671 868 671 869 1 0 8 7 -10872 32 1
22967 24338 671 869 671 869 0 0 7 7 0 1371 0
24338 24339 671 869 671 868 0 1 7 6 11325 32 1
24339 24340 671 868 671 868 1 1 6 6 0 1 0
24340 24341 671 868 672 868 1 0 6 5 -11325 32 1
24341 26897 672 868 672 868 0 0 5 5 0 2556 0
26897 26898 672 868 671 868 0 1 5 4 12049 32 1
26898 26899 671 868 672 868 1 0 4 3 -12049 32 1
26899 33593 672 868 672 868 0 0 3 3 0 6694 0
33593 33594 672 868 671 868 0 1 3 2 13906 32 1
33594 33595 671 868 672 868 1 0 2 1 -13906 32 1
33595 43266 672 868 672 868 0 0 1 1 0 9671 0
43266 43267 672 868 671 868 0 0 1 0 1000000000 0 1
--------------------------------------
--------------------------------------
EV3
--------------------------------------
Num TPs served = 22
TPs served = 12124 12309 12379 13827 14094 14455 14663 15226 15334 15413 15623 16160 16182 16194 16421 16735 16944 17093 17115 18006 28335 34874
Total energy used = 100
--------------------------------------
Schedule:
0 1837 671 868 671 868 0 0 100 100 0 1837 0
1837 1837 671 868 671 868 0 1 100 100 18006 32 0
1837 1839 671 868 671 870 1 0 100 98 -18006 32 2
1839 27172 671 870 671 870 0 0 98 98 0 25333 0
27172 27174 671 870 671 868 0 1 98 96 28335 32 2
27174 27174 671 868 671 868 1 2 96 96 12124 11 0
27174 27175 671 868 671 868 2 2 96 96 0 1 0
27175 27176 671 868 672 868 2 1 96 95 -28335 32 1
27176 27179 672 868 673 870 1 0 95 92 -12124 10 3
27179 27790 673 870 673 870 0 0 92 92 0 611 0
27790 27794 673 870 671 868 0 1 92 88 12309 32 4
27794 27797 671 868 673 869 1 0 88 85 -12309 32 3
27797 28002 673 869 673 869 0 0 85 85 0 205 0
28002 28005 673 869 671 868 0 1 85 82 12379 32 3
28005 28007 671 868 673 868 1 0 82 80 -12379 32 2
28007 33302 673 868 673 868 0 0 80 80 0 5295 0
33302 33304 673 868 671 868 0 1 80 78 13827 32 2
33304 33310 671 868 671 868 1 1 78 78 0 6 0
33310 33312 671 868 672 869 1 0 78 76 -13827 32 2
33312 34333 672 869 672 869 0 0 76 76 0 1021 0
34333 34335 672 869 671 868 0 1 76 74 14094 32 2
34335 34336 671 868 672 868 1 0 74 73 -14094 32 1
34336 35692 672 868 672 868 0 0 73 73 0 1356 0
35692 35693 672 868 671 868 0 1 73 72 14455 32 1
35693 35696 671 868 671 868 1 1 72 72 0 3 0
35696 35697 671 868 672 868 1 0 72 71 -14455 32 1
35697 36512 672 868 672 868 0 0 71 71 0 815 0
36512 36513 672 868 671 868 0 1 71 70 14663 32 1
36513 36514 671 868 671 868 1 1 70 70 0 1 0
36514 36517 671 868 673 869 1 0 70 67 -14663 32 3
36517 38698 673 869 673 869 0 0 67 67 0 2181 0
38698 38701 673 869 671 868 0 1 67 64 15226 32 3
38701 38704 671 868 673 869 1 0 64 61 -15226 32 3
38704 39141 673 869 673 869 0 0 61 61 0 437 0
39141 39144 673 869 671 868 0 1 61 58 15334 32 3
39144 39145 671 868 671 868 1 1 58 58 0 1 0
39145 39146 671 868 671 869 1 0 58 57 -15334 32 1
39146 39418 671 869 671 869 0 0 57 57 0 272 0
39418 39419 671 869 671 868 0 1 57 56 15413 32 1
39419 39421 671 868 672 869 1 0 56 54 -15413 32 2
39421 40062 672 869 672 869 0 0 54 54 0 641 0
40062 40064 672 869 671 868 0 1 54 52 15623 32 2
40064 40066 671 868 673 868 1 0 52 50 -15623 32 2
40066 41048 673 868 673 868 0 0 50 50 0 982 0
41048 41050 673 868 671 868 0 1 50 48 16160 32 2
41050 41058 671 868 678 869 1 0 48 40 -16160 32 8
41058 41095 678 869 678 869 0 0 40 40 0 37 0
41095 41103 678 869 671 868 0 1 40 32 16194 32 8
41103 41103 671 868 671 868 1 2 32 32 16182 13 0
41103 41105 671 868 672 869 2 1 32 30 -16194 32 2
41105 41108 672 869 673 871 1 0 30 27 -16182 20 3
41108 41469 673 871 673 871 0 0 27 27 0 361 0
41469 41474 673 871 671 868 0 1 27 22 16421 32 5
41474 41475 671 868 671 868 1 1 22 22 0 1 0
41475 41476 671 868 672 868 1 0 22 21 -16421 32 1
41476 42022 672 868 672 868 0 0 21 21 0 546 0
42022 42023 672 868 671 868 0 1 21 20 16735 32 1
42023 42024 671 868 671 868 1 1 20 20 0 1 0
42024 42027 671 868 674 868 1 0 20 17 -16735 32 3
42027 42361 674 868 674 868 0 0 17 17 0 334 0
42361 42364 674 868 671 868 0 1 17 14 34874 32 3
42364 42395 671 868 671 868 1 1 14 14 0 31 0
42395 42395 671 868 671 868 1 2 14 14 16944 32 0
42395 42396 671 868 672 868 2 1 14 13 -34874 1 1
42396 42397 672 868 673 868 1 0 13 12 -16944 32 1
42397 42676 673 868 673 868 0 0 12 12 0 279 0
42676 42678 673 868 671 868 0 1 12 10 17093 32 2
42678 42682 671 868 674 869 1 0 10 6 -17093 32 4
42682 42711 674 869 674 869 0 0 6 6 0 29 0
42711 42715 674 869 671 868 0 1 6 2 17115 32 4
42715 42716 671 868 672 868 1 0 2 1 -17115 32 1
42716 43266 672 868 672 868 0 0 1 1 0 550 0
43266 43267 672 868 671 868 0 0 1 0 1000000000 0 1
--------------------------------------
--------------------------------------
EV4
--------------------------------------
Num TPs served = 19
TPs served = 17553 17713 18013 18303 18311 18846 19469 19735 20225 20307 20493 20579 21108 22360 22388 22408 22590 22654 22695
Total energy used = 100
--------------------------------------
Schedule:
0 438 671 868 671 868 0 0 100 100 0 438 0
438 438 671 868 671 868 0 1 100 100 17553 32 0
438 441 671 868 671 868 1 1 100 100 0 3 0
441 449 671 868 676 871 1 0 100 92 -17553 32 8
449 908 676 871 676 871 0 0 92 92 0 459 0
908 916 676 871 671 868 0 1 92 84 17713 32 8
916 917 671 868 671 868 1 1 84 84 0 1 0
917 921 671 868 674 869 1 0 84 80 -17713 32 4
921 1849 674 869 674 869 0 0 80 80 0 928 0
1849 1853 674 869 671 868 0 1 80 76 18013 32 4
1853 1854 671 868 671 868 1 1 76 76 0 1 0
1854 1857 671 868 674 868 1 0 76 73 -18013 32 3
1857 2755 674 868 674 868 0 0 73 73 0 898 0
2755 2758 674 868 671 868 0 1 73 70 18303 32 3
2758 2760 671 868 671 870 1 0 70 68 -18303 32 2
2760 2797 671 870 671 870 0 0 68 68 0 37 0
2797 2799 671 870 671 868 0 1 68 66 18311 32 2
2799 2802 671 868 671 868 1 1 66 66 0 3 0
2802 2804 671 868 671 870 1 0 66 64 -18311 32 2
2804 4511 671 870 671 870 0 0 64 64 0 1707 0
4511 4513 671 870 671 868 0 1 64 62 18846 32 2
4513 4516 671 868 674 868 1 0 62 59 -18846 32 3
4516 6459 674 868 674 868 0 0 59 59 0 1943 0
6459 6462 674 868 671 868 0 1 59 56 19469 32 3
6462 6463 671 868 671 868 1 1 56 56 0 1 0
6463 6465 671 868 673 868 1 0 56 54 -19469 32 2
6465 7232 673 868 673 868 0 0 54 54 0 767 0
7232 7234 673 868 671 868 0 1 54 52 19735 32 2
7234 7237 671 868 671 868 1 1 52 52 0 3 0
7237 7238 671 868 671 869 1 0 52 51 -19735 32 1
7238 8687 671 869 671 869 0 0 51 51 0 1449 0
8687 8688 671 869 671 868 0 1 51 50 20225 32 1
8688 8689 671 868 671 868 1 1 50 50 0 1 0
8689 8690 671 868 672 868 1 0 50 49 -20225 32 1
8690 8904 672 868 672 868 0 0 49 49 0 214 0
8904 8905 672 868 671 868 0 1 49 48 20307 32 1
8905 8907 671 868 671 870 1 0 48 46 -20307 32 2
8907 9413 671 870 671 870 0 0 46 46 0 506 0
9413 9415 671 870 671 868 0 1 46 44 20493 32 2
9415 9417 671 868 671 870 1 0 44 42 -20493 32 2
9417 9652 671 870 671 870 0 0 42 42 0 235 0
9652 9654 671 870 671 868 0 1 42 40 20579 32 2
9654 9656 671 868 671 868 1 1 40 40 0 2 0
9656 9659 671 868 674 868 1 0 40 37 -20579 32 3
9659 11021 674 868 674 868 0 0 37 37 0 1362 0
11021 11024 674 868 671 868 0 1 37 34 21108 32 3
11024 11031 671 868 677 869 1 0 34 27 -21108 32 7
11031 14383 677 869 677 869 0 0 27 27 0 3352 0
14383 14390 677 869 671 868 0 1 27 20 22360 32 7
14390 14391 671 868 671 868 1 1 20 20 0 1 0
14391 14392 671 868 671 869 1 0 20 19 -22360 32 1
14392 14456 671 869 671 869 0 0 19 19 0 64 0
14456 14457 671 869 671 868 0 1 19 18 22388 32 1
14457 14458 671 868 671 868 1 1 18 18 0 1 0
14458 14460 671 868 673 868 1 0 18 16 -22388 32 2
14460 14519 673 868 673 868 0 0 16 16 0 59 0
14519 14521 673 868 671 868 0 1 16 14 22408 32 2
14521 14523 671 868 671 870 1 0 14 12 -22408 32 2
14523 14953 671 870 671 870 0 0 12 12 0 430 0
14953 14955 671 870 671 868 0 1 12 10 22590 32 2
14955 14960 671 868 671 868 1 1 10 10 0 5 0
14960 14962 671 868 671 870 1 0 10 8 -22590 32 2
14962 15134 671 870 671 870 0 0 8 8 0 172 0
15134 15136 671 870 671 868 0 1 8 6 22654 32 2
15136 15137 671 868 672 868 1 0 6 5 -22654 32 1
15137 15236 672 868 672 868 0 0 5 5 0 99 0
15236 15237 672 868 671 868 0 1 5 4 22695 32 1
15237 15239 671 868 673 868 1 0 4 2 -22695 32 2
15239 43265 673 868 673 868 0 0 2 2 0 28026 0
43265 43267 673 868 671 868 0 0 2 0 1000000000 0 2
--------------------------------------

-------------------------------------------------------------------------

TPs

-------------------------------------------------------------------------

----------------------
TP211 allocated to 1
----------------------

----------------------
TP961 allocated to 1
----------------------

----------------------
TP1265 allocated to 1
----------------------

----------------------
TP1613 allocated to 1
----------------------

----------------------
TP2006 allocated to 1
----------------------

----------------------
TP2157 allocated to 1
----------------------

----------------------
TP2365 allocated to 1
----------------------

----------------------
TP3252 allocated to 1
----------------------

----------------------
TP3302 allocated to 1
----------------------

----------------------
TP3732 allocated to 1
----------------------

----------------------
TP3969 allocated to 1
----------------------

----------------------
TP4935 allocated to 1
----------------------

----------------------
TP5138 allocated to 1
----------------------

----------------------
TP5350 allocated to 1
----------------------

----------------------
TP5426 allocated to 1
----------------------

----------------------
TP5589 allocated to 1
----------------------

----------------------
TP5661 allocated to 1
----------------------

----------------------
TP6125 allocated to 1
----------------------

----------------------
TP6155 allocated to 1
----------------------

----------------------
TP6463 allocated to 2
----------------------

----------------------
TP6473 allocated to 2
----------------------

----------------------
TP6658 allocated to 2
----------------------

----------------------
TP6744 allocated to 2
----------------------

----------------------
TP6820 allocated to 2
----------------------

----------------------
TP7007 allocated to 2
----------------------

----------------------
TP7019 allocated to 2
----------------------

----------------------
TP7344 allocated to 2
----------------------

----------------------
TP7840 allocated to 2
----------------------

----------------------
TP8092 allocated to 1
----------------------

----------------------
TP8161 allocated to 2
----------------------

----------------------
TP8973 allocated to 2
----------------------

----------------------
TP9165 allocated to 2
----------------------

----------------------
TP9292 allocated to 2
----------------------

----------------------
TP10532 allocated to 1
----------------------

----------------------
TP10583 allocated to 2
----------------------

----------------------
TP10749 allocated to 2
----------------------

----------------------
TP10872 allocated to 2
----------------------

----------------------
TP11076 allocated to 1
----------------------

----------------------
TP11325 allocated to 2
----------------------

----------------------
TP12049 allocated to 2
----------------------

----------------------
TP12124 allocated to 3
----------------------

----------------------
TP12309 allocated to 3
----------------------

----------------------
TP12379 allocated to 3
----------------------

----------------------
TP13827 allocated to 3
----------------------

----------------------
TP13906 allocated to 2
----------------------

----------------------
TP14094 allocated to 3
----------------------

----------------------
TP14455 allocated to 3
----------------------

----------------------
TP14663 allocated to 3
----------------------

----------------------
TP15226 allocated to 3
----------------------

----------------------
TP15334 allocated to 3
----------------------

----------------------
TP15413 allocated to 3
----------------------

----------------------
TP15623 allocated to 3
----------------------

----------------------
TP16160 allocated to 3
----------------------

----------------------
TP16182 allocated to 3
----------------------

----------------------
TP16194 allocated to 3
----------------------

----------------------
TP16318 allocated to 1
----------------------

----------------------
TP16421 allocated to 3
----------------------

----------------------
TP16735 allocated to 3
----------------------

----------------------
TP16944 allocated to 3
----------------------

----------------------
TP17093 allocated to 3
----------------------

----------------------
TP17115 allocated to 3
----------------------

----------------------
TP17553 allocated to 4
----------------------

----------------------
TP17713 allocated to 4
----------------------

----------------------
TP18006 allocated to 3
----------------------

----------------------
TP18013 allocated to 4
----------------------

----------------------
TP18303 allocated to 4
----------------------

----------------------
TP18311 allocated to 4
----------------------

----------------------
TP18544 allocated to 1
----------------------

----------------------
TP18846 allocated to 4
----------------------

----------------------
TP19469 allocated to 4
----------------------

----------------------
TP19735 allocated to 4
----------------------

----------------------
TP20225 allocated to 4
----------------------

----------------------
TP20307 allocated to 4
----------------------

----------------------
TP20493 allocated to 4
----------------------

----------------------
TP20579 allocated to 4
----------------------

----------------------
TP21108 allocated to 4
----------------------

----------------------
TP21874 allocated to 1
----------------------

----------------------
TP22360 allocated to 4
----------------------

----------------------
TP22388 allocated to 4
----------------------

----------------------
TP22408 allocated to 4
----------------------

----------------------
TP22524 allocated to 1
----------------------

----------------------
TP22590 allocated to 4
----------------------

----------------------
TP22654 allocated to 4
----------------------

----------------------
TP22695 allocated to 4
----------------------

----------------------
TP22915 allocated to 1
----------------------

----------------------
TP23335 not allocated
----------------------

----------------------
TP23426 allocated to 1
----------------------

----------------------
TP23460 not allocated
----------------------

----------------------
TP23472 not allocated
----------------------

----------------------
TP23684 not allocated
----------------------

----------------------
TP24244 not allocated
----------------------

----------------------
TP24277 not allocated
----------------------

----------------------
TP24614 not allocated
----------------------

----------------------
TP24652 not allocated
----------------------

----------------------
TP25224 not allocated
----------------------

----------------------
TP25266 allocated to 1
----------------------

----------------------
TP25614 not allocated
----------------------

----------------------
TP26512 not allocated
----------------------

----------------------
TP26969 not allocated
----------------------

----------------------
TP26982 allocated to 1
----------------------

----------------------
TP26984 not allocated
----------------------

----------------------
TP27597 not allocated
----------------------

----------------------
TP28335 allocated to 3
----------------------

----------------------
TP28346 allocated to 1
----------------------

----------------------
TP28404 not allocated
----------------------

----------------------
TP28635 not allocated
----------------------

----------------------
TP29702 not allocated
----------------------

----------------------
TP29909 not allocated
----------------------

----------------------
TP30350 not allocated
----------------------

----------------------
TP30472 not allocated
----------------------

----------------------
TP30518 not allocated
----------------------

----------------------
TP30713 not allocated
----------------------

----------------------
TP30885 allocated to 1
----------------------

----------------------
TP31165 not allocated
----------------------

----------------------
TP31368 not allocated
----------------------

----------------------
TP31613 not allocated
----------------------

----------------------
TP31673 not allocated
----------------------

----------------------
TP32395 not allocated
----------------------

----------------------
TP32729 not allocated
----------------------

----------------------
TP32838 not allocated
----------------------

----------------------
TP33115 not allocated
----------------------

----------------------
TP34019 not allocated
----------------------

----------------------
TP34025 not allocated
----------------------

----------------------
TP34147 not allocated
----------------------

----------------------
TP34162 allocated to 1
----------------------

----------------------
TP34874 allocated to 3
----------------------

----------------------
TP34911 not allocated
----------------------

----------------------
TP35207 allocated to 1
----------------------

----------------------
TP35361 not allocated
----------------------

----------------------
TP35431 allocated to 1
----------------------

----------------------
TP35504 not allocated
----------------------

----------------------
TP35545 not allocated
----------------------

----------------------
TP35546 not allocated
----------------------

----------------------
TP35741 allocated to 1
----------------------

----------------------
TP35867 not allocated
----------------------

----------------------
TP35996 not allocated
----------------------

----------------------
TP36295 not allocated
----------------------

----------------------
TP36564 not allocated
----------------------

----------------------
TP36567 allocated to 1
----------------------

----------------------
TP36725 not allocated
----------------------

----------------------
TP37191 not allocated
----------------------

----------------------
TP38114 not allocated
----------------------

----------------------
TP38494 allocated to 1
----------------------

----------------------
TP38900 not allocated
----------------------

----------------------
TP39181 not allocated
----------------------

----------------------
TP40133 not allocated
----------------------

----------------------
TP40148 not allocated
----------------------

----------------------
TP40726 allocated to 1
----------------------

----------------------
TP40870 not allocated
----------------------

----------------------
TP41371 not allocated
----------------------

----------------------
TP41986 allocated to 2
----------------------

----------------------
TP42076 not allocated
----------------------

----------------------
TP42305 not allocated
----------------------

----------------------
TP42393 not allocated
----------------------

----------------------
TP42525 not allocated
----------------------

----------------------
TP43048 not allocated
----------------------

----------------------
TP43081 not allocated
----------------------

----------------------
TP43376 not allocated
----------------------

----------------------
TP43448 not allocated
----------------------

----------------------
TP43900 allocated to 1
----------------------

----------------------
TP43917 not allocated
----------------------

----------------------
TP44073 not allocated
----------------------

----------------------
TP44400 not allocated
----------------------

----------------------
TP45094 not allocated
----------------------

----------------------
TP45211 not allocated
----------------------

----------------------
TP45567 not allocated
----------------------

----------------------
TP45569 not allocated
----------------------

----------------------
TP45583 not allocated
----------------------

----------------------
TP45874 not allocated
----------------------

----------------------
TP45892 not allocated
----------------------

----------------------
TP45954 not allocated
----------------------

----------------------
TP46214 not allocated
----------------------

----------------------
TP46626 not allocated
----------------------

----------------------
TP46660 not allocated
----------------------

----------------------
TP46730 not allocated
----------------------

----------------------
TP46952 not allocated
----------------------

----------------------
TP47635 allocated to 1
----------------------

----------------------
TP47676 not allocated
----------------------

----------------------
TP48328 not allocated
----------------------

----------------------
TP48583 not allocated
----------------------

----------------------
TP48705 not allocated
----------------------

----------------------
TP48931 not allocated
----------------------

----------------------
TP49295 not allocated
----------------------

----------------------
TP49444 not allocated
----------------------

----------------------
TP49653 not allocated
----------------------

----------------------
TP49860 allocated to 1
----------------------

----------------------
TP49939 not allocated
----------------------

-------------------------------------------------------------------------

Ride-sharing vs Individual Mode - Num Vehicles and Distance Comparisson 

-------------------------------------------------------------------------
Individual Mode = 187 vehicles.
Ride-sharing Mode = 88 vehicles. The 4 ride-sharing vehicles + 84 vehicles of the individuals not served by the ride-sharing service.
-------------------------------------------------------------------------
Individual Mode = 383 distance.
Ride-sharing Mode = 572 distance. 400 from the EV fleet + 172 from the distance of the trips not covered individuals had to do with their own vehicle.
-------------------------------------------------------------------------
