-------------------------------------------------------------------------
TPs satisfied = 63; Total TPs = 217; Percentage Satisfied + 28.999999999999996%
-------------------------------------------------------------------------

-------------------------------------------------------------------------

EVs

-------------------------------------------------------------------------
--------------------------------------
EV1
--------------------------------------
Num TPs served = 44
TPs served = 282 494 609 663 1112 1291 1341 1532 1654 1717 1986 2015 2024 2097 2176 2276 2671 2696 2882 3594 3753 4753 5402 5941 7751 7921 9982 11169 13242 18070 18143 19734 22688 24227 32767 33467 33771 34083 34991 35460 36063 38615 42469 47681
Total energy used = 100
--------------------------------------
Schedule:
0 554 854 930 854 930 0 0 100 100 0 554 0
554 554 854 930 854 930 0 1 100 100 282 32 0
554 563 854 930 863 930 1 0 100 91 -282 32 9
563 887 863 930 863 930 0 0 91 91 0 324 0
887 896 863 930 854 930 0 1 91 82 494 32 9
896 921 854 930 854 930 1 1 82 82 0 25 0
921 921 854 930 854 930 1 2 82 82 35460 32 0
921 922 854 930 854 930 2 2 82 82 0 1 0
922 923 854 930 855 930 2 1 82 81 -35460 32 1
923 924 855 930 856 930 1 0 81 80 -494 7 1
924 1093 856 930 856 930 0 0 80 80 0 169 0
1093 1095 856 930 854 930 0 1 80 78 609 32 2
1095 1096 854 930 854 930 1 1 78 78 0 1 0
1096 1098 854 930 856 930 1 0 78 76 -609 32 2
1098 1184 856 930 856 930 0 0 76 76 0 86 0
1184 1186 856 930 854 930 0 1 76 74 663 32 2
1186 1187 854 930 855 930 1 0 74 73 -663 32 1
1187 1946 855 930 855 930 0 0 73 73 0 759 0
1946 1947 855 930 854 930 0 1 73 72 1112 32 1
1947 1949 854 930 854 930 1 1 72 72 0 2 0
1949 1953 854 930 858 930 1 0 72 68 -1112 32 4
1953 2019 858 930 858 930 0 0 68 68 0 66 0
2019 2023 858 930 854 930 0 1 68 64 18070 32 4
2023 2025 854 930 854 930 1 1 64 64 0 2 0
2025 2025 854 930 854 930 1 0 64 64 -18070 32 0
2025 2257 854 930 854 930 0 0 64 64 0 232 0
2257 2257 854 930 854 930 0 1 64 64 18143 32 0
2257 2264 854 930 854 930 1 1 64 64 0 7 0
2264 2264 854 930 854 930 1 2 64 64 1291 32 0
2264 2265 854 930 855 930 2 1 64 63 -18143 25 1
2265 2266 855 930 855 931 1 0 63 62 -1291 32 1
2266 2346 855 931 855 931 0 0 62 62 0 80 0
2346 2348 855 931 854 930 0 1 62 60 1341 32 2
2348 2350 854 930 854 930 1 1 60 60 0 2 0
2350 2350 854 930 854 930 1 0 60 60 -1341 32 0
2350 2674 854 930 854 930 0 0 60 60 0 324 0
2674 2674 854 930 854 930 0 1 60 60 36063 32 0
2674 2674 854 930 854 930 1 2 60 60 1532 25 0
2674 2676 854 930 854 932 2 1 60 58 -36063 32 2
2676 2679 854 932 856 933 1 0 58 55 -1532 25 3
2679 2883 856 933 856 933 0 0 55 55 0 204 0
2883 2888 856 933 854 930 0 1 55 50 1654 32 5
2888 2889 854 930 855 930 1 0 50 49 -1654 32 1
2889 3001 855 930 855 930 0 0 49 49 0 112 0
3001 3002 855 930 854 930 0 1 49 48 1717 32 1
3002 3003 854 930 854 931 1 0 48 47 -1717 32 1
3003 3490 854 931 854 931 0 0 47 47 0 487 0
3490 3491 854 931 854 930 0 1 47 46 1986 32 1
3491 3493 854 930 854 930 1 1 46 46 0 2 0
3493 3496 854 930 856 931 1 0 46 43 -1986 32 3
3496 3557 856 931 856 931 0 0 43 43 0 61 0
3557 3560 856 931 854 930 0 1 43 40 2024 32 3
3560 3560 854 930 854 930 1 2 40 40 2015 19 0
3560 3564 854 930 858 930 2 1 40 36 -2024 32 4
3564 3566 858 930 856 930 1 0 36 34 -2015 15 2
3566 3684 856 930 856 930 0 0 34 34 0 118 0
3684 3686 856 930 854 930 0 1 34 32 2097 32 2
3686 3687 854 930 855 930 1 0 32 31 -2097 32 1
3687 3845 855 930 855 930 0 0 31 31 0 158 0
3845 3846 855 930 854 930 0 1 31 30 2176 32 1
3846 3850 854 930 857 931 1 0 30 26 -2176 32 4
3850 4032 857 931 857 931 0 0 26 26 0 182 0
4032 4036 857 931 854 930 0 1 26 22 2276 32 4
4036 4037 854 930 854 930 1 1 22 22 0 1 0
4037 4039 854 930 854 932 1 0 22 20 -2276 32 2
4039 4757 854 932 854 932 0 0 20 20 0 718 0
4757 4759 854 932 854 930 0 1 20 18 2671 32 2
4759 4791 854 930 854 930 1 1 18 18 0 32 0
4791 4791 854 930 854 930 1 2 18 18 2696 32 0
4791 4793 854 930 855 931 2 1 18 16 -2696 32 2
4793 4794 855 931 855 932 1 0 16 15 -2671 2 1
4794 5137 855 932 855 932 0 0 15 15 0 343 0
5137 5140 855 932 854 930 0 1 15 12 2882 32 3
5140 5141 854 930 854 930 1 1 12 12 0 1 0
5141 5142 854 930 855 930 1 0 12 11 -2882 32 1
5142 6436 855 930 855 930 0 0 11 11 0 1294 0
6436 6437 855 930 854 930 0 1 11 10 3594 32 1
6437 6439 854 930 856 930 1 0 10 8 -3594 32 2
6439 6732 856 930 856 930 0 0 8 8 0 293 0
6732 6734 856 930 854 930 0 1 8 6 3753 32 2
6734 6735 854 930 854 930 1 1 6 6 0 1 0
6735 6736 854 930 855 930 1 0 6 5 -3753 32 1
6736 7232 855 930 855 930 0 0 5 5 0 496 0
7232 7233 855 930 854 930 0 1 5 4 19734 32 1
7233 7240 854 930 854 930 1 1 4 4 0 7 0
7240 7240 854 930 854 930 1 0 4 4 -19734 32 0
7240 8634 854 930 854 930 0 0 4 4 0 1394 0
8634 8634 854 930 854 930 0 1 4 4 4753 32 0
8634 8635 854 930 855 930 1 0 4 3 -4753 32 1
8635 9823 855 930 855 930 0 0 3 3 0 1188 0
9823 9824 855 930 854 930 0 1 3 2 5402 32 1
9824 9825 854 930 854 930 1 1 2 2 0 1 0
9825 9826 854 930 855 930 1 0 2 1 -5402 32 1
9826 9932 855 930 855 930 0 0 1 1 0 106 0
9932 9933 855 930 854 930 0 1 1 0 38615 32 1
9933 9940 854 930 854 930 1 1 0 0 0 7 0
9940 9940 854 930 854 930 1 0 0 0 -38615 32 0
9940 10872 854 930 854 930 0 0 0 0 0 932 0
10872 10872 854 930 854 930 0 1 0 0 5941 32 0
10872 10873 854 930 854 930 1 1 0 0 0 1 0
10873 10873 854 930 854 930 1 0 0 0 -5941 32 0
10873 14662 854 930 854 930 0 0 0 0 0 3789 0
14662 14662 854 930 854 930 0 1 0 0 7751 32 0
14662 14663 854 930 854 930 1 1 0 0 0 1 0
14663 14663 854 930 854 930 1 0 0 0 -7751 32 0
14663 15030 854 930 854 930 0 0 0 0 0 367 0
15030 15030 854 930 854 930 0 1 0 0 7921 32 0
15030 15033 854 930 854 930 1 1 0 0 0 3 0
15033 15033 854 930 854 930 1 0 0 0 -7921 32 0
15033 15219 854 930 854 930 0 0 0 0 0 186 0
15219 15219 854 930 854 930 0 1 0 0 22688 32 0
15219 15220 854 930 854 930 1 1 0 0 0 1 0
15220 15220 854 930 854 930 1 0 0 0 -22688 32 0
15220 18770 854 930 854 930 0 0 0 0 0 3550 0
18770 18770 854 930 854 930 0 1 0 0 24227 32 0
18770 18771 854 930 854 930 1 1 0 0 0 1 0
18771 18771 854 930 854 930 1 0 0 0 -24227 32 0
18771 19082 854 930 854 930 0 0 0 0 0 311 0
19082 19082 854 930 854 930 0 1 0 0 42469 32 0
19082 19085 854 930 854 930 1 1 0 0 0 3 0
19085 19085 854 930 854 930 1 0 0 0 -42469 32 0
19085 20358 854 930 854 930 0 0 0 0 0 1273 0
20358 20358 854 930 854 930 0 1 0 0 9982 32 0
20358 20359 854 930 854 930 1 1 0 0 0 1 0
20359 20359 854 930 854 930 1 0 0 0 -9982 32 0
20359 23867 854 930 854 930 0 0 0 0 0 3508 0
23867 23867 854 930 854 930 0 1 0 0 11169 32 0
23867 23870 854 930 854 930 1 1 0 0 0 3 0
23870 23870 854 930 854 930 1 0 0 0 -11169 32 0
23870 28674 854 930 854 930 0 0 0 0 0 4804 0
28674 28674 854 930 854 930 0 1 0 0 47681 32 0
28674 28675 854 930 854 930 1 1 0 0 0 1 0
28675 28675 854 930 854 930 1 0 0 0 -47681 32 0
28675 31119 854 930 854 930 0 0 0 0 0 2444 0
31119 31119 854 930 854 930 0 1 0 0 13242 32 0
31119 31120 854 930 854 930 1 1 0 0 0 1 0
31120 31120 854 930 854 930 1 0 0 0 -13242 32 0
31120 36529 854 930 854 930 0 0 0 0 0 5409 0
36529 36529 854 930 854 930 0 1 0 0 32767 32 0
36529 36530 854 930 854 930 1 1 0 0 0 1 0
36530 36530 854 930 854 930 1 0 0 0 -32767 32 0
36530 38326 854 930 854 930 0 0 0 0 0 1796 0
38326 38326 854 930 854 930 0 1 0 0 33467 32 0
38326 38327 854 930 854 930 1 1 0 0 0 1 0
38327 38327 854 930 854 930 1 0 0 0 -33467 32 0
38327 39178 854 930 854 930 0 0 0 0 0 851 0
39178 39178 854 930 854 930 0 1 0 0 33771 32 0
39178 39181 854 930 854 930 1 1 0 0 0 3 0
39181 39181 854 930 854 930 1 0 0 0 -33771 32 0
39181 40024 854 930 854 930 0 0 0 0 0 843 0
40024 40024 854 930 854 930 0 1 0 0 34083 32 0
40024 40027 854 930 854 930 1 1 0 0 0 3 0
40027 40027 854 930 854 930 1 0 0 0 -34083 32 0
40027 42735 854 930 854 930 0 0 0 0 0 2708 0
42735 42735 854 930 854 930 0 1 0 0 34991 32 0
42735 42736 854 930 854 930 1 1 0 0 0 1 0
42736 42736 854 930 854 930 1 0 0 0 -34991 32 0
42736 43267 854 930 854 930 0 0 0 0 0 531 0
43267 43267 854 930 854 930 0 0 0 0 1000000000 0 0
--------------------------------------
--------------------------------------
EV2
--------------------------------------
Num TPs served = 19
TPs served = 4066 4142 4523 4732 4740 4942 5010 5171 5449 5505 5949 6011 6548 6572 6738 7423 7559 38115 38237
Total energy used = 100
--------------------------------------
Schedule:
0 7317 854 930 854 930 0 0 100 100 0 7317 0
7317 7317 854 930 854 930 0 1 100 100 4066 32 0
7317 7318 854 930 854 930 1 1 100 100 0 1 0
7318 7323 854 930 858 931 1 0 100 95 -4066 32 5
7323 7446 858 931 858 931 0 0 95 95 0 123 0
7446 7451 858 931 854 930 0 1 95 90 4142 32 5
7451 7454 854 930 857 930 1 0 90 87 -4142 32 3
7454 8154 857 930 857 930 0 0 87 87 0 700 0
8154 8157 857 930 854 930 0 1 87 84 4523 32 3
8157 8160 854 930 856 931 1 0 84 81 -4523 32 3
8160 8612 856 931 856 931 0 0 81 81 0 452 0
8612 8615 856 931 854 930 0 1 81 78 38115 32 3
8615 8615 854 930 854 930 1 2 78 78 4740 24 0
8615 8615 854 930 854 930 2 3 78 78 4732 14 0
8615 8619 854 930 858 930 3 2 78 74 -38115 32 4
8619 8623 858 930 861 931 2 1 74 70 -4740 24 4
8623 8630 861 931 855 932 1 0 70 63 -4732 2 7
8630 8951 855 932 855 932 0 0 63 63 0 321 0
8951 8954 855 932 854 930 0 1 63 60 38237 32 3
8954 8967 854 930 854 930 1 1 60 60 0 13 0
8967 8967 854 930 854 930 1 2 60 60 4942 32 0
8967 8969 854 930 856 930 2 1 60 58 -38237 19 2
8969 8969 856 930 856 930 1 0 58 58 -4942 32 0
8969 9090 856 930 856 930 0 0 58 58 0 121 0
9090 9092 856 930 854 930 0 1 58 56 5010 32 2
9092 9100 854 930 862 930 1 0 56 48 -5010 32 8
9100 9382 862 930 862 930 0 0 48 48 0 282 0
9382 9390 862 930 854 930 0 1 48 40 5171 32 8
9390 9395 854 930 858 931 1 0 40 35 -5171 32 5
9395 9905 858 931 858 931 0 0 35 35 0 510 0
9905 9910 858 931 854 930 0 1 35 30 5449 32 5
9910 9912 854 930 854 930 1 1 30 30 0 2 0
9912 9913 854 930 855 930 1 0 30 29 -5449 32 1
9913 10001 855 930 855 930 0 0 29 29 0 88 0
10001 10002 855 930 854 930 0 1 29 28 5505 32 1
10002 10003 854 930 854 930 1 1 28 28 0 1 0
10003 10004 854 930 855 930 1 0 28 27 -5505 32 1
10004 10886 855 930 855 930 0 0 27 27 0 882 0
10886 10887 855 930 854 930 0 1 27 26 5949 32 1
10887 10888 854 930 855 930 1 0 26 25 -5949 32 1
10888 11003 855 930 855 930 0 0 25 25 0 115 0
11003 11004 855 930 854 930 0 1 25 24 6011 32 1
11004 11005 854 930 855 930 1 0 24 23 -6011 32 1
11005 12043 855 930 855 930 0 0 23 23 0 1038 0
12043 12044 855 930 854 930 0 1 23 22 6548 32 1
12044 12048 854 930 858 930 1 0 22 18 -6548 32 4
12048 12089 858 930 858 930 0 0 18 18 0 41 0
12089 12093 858 930 854 930 0 1 18 14 6572 32 4
12093 12095 854 930 854 932 1 0 14 12 -6572 32 2
12095 12426 854 932 854 932 0 0 12 12 0 331 0
12426 12428 854 932 854 930 0 1 12 10 6738 32 2
12428 12429 854 930 855 930 1 0 10 9 -6738 32 1
12429 13924 855 930 855 930 0 0 9 9 0 1495 0
13924 13925 855 930 854 930 0 1 9 8 7423 32 1
13925 13927 854 930 856 930 1 0 8 6 -7423 32 2
13927 14229 856 930 856 930 0 0 6 6 0 302 0
14229 14231 856 930 854 930 0 1 6 4 7559 32 2
14231 14232 854 930 854 930 1 1 4 4 0 1 0
14232 14234 854 930 855 931 1 0 4 2 -7559 32 2
14234 43265 855 931 855 931 0 0 2 2 0 29031 0
43265 43267 855 931 854 930 0 0 2 0 1000000000 0 2
--------------------------------------

-------------------------------------------------------------------------

TPs

-------------------------------------------------------------------------

----------------------
TP282 allocated to 1
----------------------

----------------------
TP494 allocated to 1
----------------------

----------------------
TP609 allocated to 1
----------------------

----------------------
TP663 allocated to 1
----------------------

----------------------
TP1112 allocated to 1
----------------------

----------------------
TP1291 allocated to 1
----------------------

----------------------
TP1341 allocated to 1
----------------------

----------------------
TP1532 allocated to 1
----------------------

----------------------
TP1654 allocated to 1
----------------------

----------------------
TP1717 allocated to 1
----------------------

----------------------
TP1986 allocated to 1
----------------------

----------------------
TP2015 allocated to 1
----------------------

----------------------
TP2024 allocated to 1
----------------------

----------------------
TP2097 allocated to 1
----------------------

----------------------
TP2176 allocated to 1
----------------------

----------------------
TP2276 allocated to 1
----------------------

----------------------
TP2671 allocated to 1
----------------------

----------------------
TP2696 allocated to 1
----------------------

----------------------
TP2882 allocated to 1
----------------------

----------------------
TP3594 allocated to 1
----------------------

----------------------
TP3753 allocated to 1
----------------------

----------------------
TP4066 allocated to 2
----------------------

----------------------
TP4142 allocated to 2
----------------------

----------------------
TP4523 allocated to 2
----------------------

----------------------
TP4732 allocated to 2
----------------------

----------------------
TP4740 allocated to 2
----------------------

----------------------
TP4753 allocated to 1
----------------------

----------------------
TP4942 allocated to 2
----------------------

----------------------
TP5010 allocated to 2
----------------------

----------------------
TP5171 allocated to 2
----------------------

----------------------
TP5402 allocated to 1
----------------------

----------------------
TP5449 allocated to 2
----------------------

----------------------
TP5505 allocated to 2
----------------------

----------------------
TP5941 allocated to 1
----------------------

----------------------
TP5949 allocated to 2
----------------------

----------------------
TP6011 allocated to 2
----------------------

----------------------
TP6548 allocated to 2
----------------------

----------------------
TP6572 allocated to 2
----------------------

----------------------
TP6738 allocated to 2
----------------------

----------------------
TP7423 allocated to 2
----------------------

----------------------
TP7559 allocated to 2
----------------------

----------------------
TP7751 allocated to 1
----------------------

----------------------
TP7921 allocated to 1
----------------------

----------------------
TP7965 not allocated
----------------------

----------------------
TP8247 not allocated
----------------------

----------------------
TP8294 not allocated
----------------------

----------------------
TP8369 not allocated
----------------------

----------------------
TP8382 not allocated
----------------------

----------------------
TP8896 not allocated
----------------------

----------------------
TP8947 not allocated
----------------------

----------------------
TP9960 not allocated
----------------------

----------------------
TP9967 not allocated
----------------------

----------------------
TP9982 allocated to 1
----------------------

----------------------
TP11126 not allocated
----------------------

----------------------
TP11169 allocated to 1
----------------------

----------------------
TP11618 not allocated
----------------------

----------------------
TP11934 not allocated
----------------------

----------------------
TP12667 not allocated
----------------------

----------------------
TP12753 not allocated
----------------------

----------------------
TP13242 allocated to 1
----------------------

----------------------
TP13286 not allocated
----------------------

----------------------
TP13544 not allocated
----------------------

----------------------
TP14022 not allocated
----------------------

----------------------
TP14109 not allocated
----------------------

----------------------
TP14500 not allocated
----------------------

----------------------
TP14551 not allocated
----------------------

----------------------
TP15927 not allocated
----------------------

----------------------
TP15938 not allocated
----------------------

----------------------
TP16470 not allocated
----------------------

----------------------
TP16530 not allocated
----------------------

----------------------
TP16782 not allocated
----------------------

----------------------
TP17323 not allocated
----------------------

----------------------
TP17479 not allocated
----------------------

----------------------
TP17903 not allocated
----------------------

----------------------
TP18070 allocated to 1
----------------------

----------------------
TP18143 allocated to 1
----------------------

----------------------
TP18616 not allocated
----------------------

----------------------
TP18618 not allocated
----------------------

----------------------
TP19047 not allocated
----------------------

----------------------
TP19189 not allocated
----------------------

----------------------
TP19727 not allocated
----------------------

----------------------
TP19734 allocated to 1
----------------------

----------------------
TP19912 not allocated
----------------------

----------------------
TP19966 not allocated
----------------------

----------------------
TP20026 not allocated
----------------------

----------------------
TP20152 not allocated
----------------------

----------------------
TP20322 not allocated
----------------------

----------------------
TP20677 not allocated
----------------------

----------------------
TP21210 not allocated
----------------------

----------------------
TP21435 not allocated
----------------------

----------------------
TP21651 not allocated
----------------------

----------------------
TP21699 not allocated
----------------------

----------------------
TP22651 not allocated
----------------------

----------------------
TP22688 allocated to 1
----------------------

----------------------
TP22870 not allocated
----------------------

----------------------
TP23277 not allocated
----------------------

----------------------
TP23452 not allocated
----------------------

----------------------
TP23969 not allocated
----------------------

----------------------
TP23988 not allocated
----------------------

----------------------
TP24227 allocated to 1
----------------------

----------------------
TP24264 not allocated
----------------------

----------------------
TP24891 not allocated
----------------------

----------------------
TP25302 not allocated
----------------------

----------------------
TP25397 not allocated
----------------------

----------------------
TP25582 not allocated
----------------------

----------------------
TP25617 not allocated
----------------------

----------------------
TP25651 not allocated
----------------------

----------------------
TP25760 not allocated
----------------------

----------------------
TP25915 not allocated
----------------------

----------------------
TP25998 not allocated
----------------------

----------------------
TP26101 not allocated
----------------------

----------------------
TP26555 not allocated
----------------------

----------------------
TP26658 not allocated
----------------------

----------------------
TP26993 not allocated
----------------------

----------------------
TP27178 not allocated
----------------------

----------------------
TP28183 not allocated
----------------------

----------------------
TP28268 not allocated
----------------------

----------------------
TP28291 not allocated
----------------------

----------------------
TP28326 not allocated
----------------------

----------------------
TP28386 not allocated
----------------------

----------------------
TP28576 not allocated
----------------------

----------------------
TP28593 not allocated
----------------------

----------------------
TP28721 not allocated
----------------------

----------------------
TP28756 not allocated
----------------------

----------------------
TP28817 not allocated
----------------------

----------------------
TP29254 not allocated
----------------------

----------------------
TP29383 not allocated
----------------------

----------------------
TP29385 not allocated
----------------------

----------------------
TP29477 not allocated
----------------------

----------------------
TP29898 not allocated
----------------------

----------------------
TP30622 not allocated
----------------------

----------------------
TP30730 not allocated
----------------------

----------------------
TP30762 not allocated
----------------------

----------------------
TP31203 not allocated
----------------------

----------------------
TP31831 not allocated
----------------------

----------------------
TP32655 not allocated
----------------------

----------------------
TP32767 allocated to 1
----------------------

----------------------
TP32899 not allocated
----------------------

----------------------
TP32981 not allocated
----------------------

----------------------
TP33062 not allocated
----------------------

----------------------
TP33467 allocated to 1
----------------------

----------------------
TP33546 not allocated
----------------------

----------------------
TP33771 allocated to 1
----------------------

----------------------
TP33904 not allocated
----------------------

----------------------
TP33911 not allocated
----------------------

----------------------
TP34083 allocated to 1
----------------------

----------------------
TP34200 not allocated
----------------------

----------------------
TP34404 not allocated
----------------------

----------------------
TP34495 not allocated
----------------------

----------------------
TP34534 not allocated
----------------------

----------------------
TP34548 not allocated
----------------------

----------------------
TP34639 not allocated
----------------------

----------------------
TP34960 not allocated
----------------------

----------------------
TP34991 allocated to 1
----------------------

----------------------
TP35107 not allocated
----------------------

----------------------
TP35329 not allocated
----------------------

----------------------
TP35460 allocated to 1
----------------------

----------------------
TP35583 not allocated
----------------------

----------------------
TP35720 not allocated
----------------------

----------------------
TP35762 not allocated
----------------------

----------------------
TP35837 not allocated
----------------------

----------------------
TP35890 not allocated
----------------------

----------------------
TP35990 not allocated
----------------------

----------------------
TP35998 not allocated
----------------------

----------------------
TP36063 allocated to 1
----------------------

----------------------
TP37052 not allocated
----------------------

----------------------
TP37536 not allocated
----------------------

----------------------
TP37699 not allocated
----------------------

----------------------
TP37734 not allocated
----------------------

----------------------
TP38031 not allocated
----------------------

----------------------
TP38050 not allocated
----------------------

----------------------
TP38115 allocated to 2
----------------------

----------------------
TP38237 allocated to 2
----------------------

----------------------
TP38615 allocated to 1
----------------------

----------------------
TP38686 not allocated
----------------------

----------------------
TP39058 not allocated
----------------------

----------------------
TP39356 not allocated
----------------------

----------------------
TP39400 not allocated
----------------------

----------------------
TP40311 not allocated
----------------------

----------------------
TP40785 not allocated
----------------------

----------------------
TP40832 not allocated
----------------------

----------------------
TP41148 not allocated
----------------------

----------------------
TP41774 not allocated
----------------------

----------------------
TP42319 not allocated
----------------------

----------------------
TP42436 not allocated
----------------------

----------------------
TP42440 not allocated
----------------------

----------------------
TP42469 allocated to 1
----------------------

----------------------
TP42737 not allocated
----------------------

----------------------
TP42917 not allocated
----------------------

----------------------
TP43687 not allocated
----------------------

----------------------
TP43860 not allocated
----------------------

----------------------
TP43965 not allocated
----------------------

----------------------
TP43999 not allocated
----------------------

----------------------
TP44222 not allocated
----------------------

----------------------
TP44582 not allocated
----------------------

----------------------
TP44731 not allocated
----------------------

----------------------
TP44822 not allocated
----------------------

----------------------
TP45186 not allocated
----------------------

----------------------
TP45283 not allocated
----------------------

----------------------
TP45327 not allocated
----------------------

----------------------
TP45329 not allocated
----------------------

----------------------
TP45331 not allocated
----------------------

----------------------
TP45635 not allocated
----------------------

----------------------
TP45696 not allocated
----------------------

----------------------
TP46404 not allocated
----------------------

----------------------
TP46425 not allocated
----------------------

----------------------
TP46656 not allocated
----------------------

----------------------
TP46941 not allocated
----------------------

----------------------
TP47125 not allocated
----------------------

----------------------
TP47332 not allocated
----------------------

----------------------
TP47681 allocated to 1
----------------------

----------------------
TP48139 not allocated
----------------------

----------------------
TP48540 not allocated
----------------------

----------------------
TP48960 not allocated
----------------------

----------------------
TP49090 not allocated
----------------------

----------------------
TP49585 not allocated
----------------------

----------------------
TP49989 not allocated
----------------------

-------------------------------------------------------------------------

Ride-sharing vs Individual Mode - Num Vehicles and Distance Comparisson 

-------------------------------------------------------------------------
Individual Mode = 217 vehicles.
Ride-sharing Mode = 156 vehicles. The 2 ride-sharing vehicles + 154 vehicles of the individuals not served by the ride-sharing service.
-------------------------------------------------------------------------
Individual Mode = 578 distance.
Ride-sharing Mode = 662 distance. 200 from the EV fleet + 462 from the distance of the trips not covered individuals had to do with their own vehicle.
-------------------------------------------------------------------------
