-------------------------------------------------------------------------
TPs satisfied = 62; Total TPs = 174; Percentage Satisfied + 35.6%
-------------------------------------------------------------------------

-------------------------------------------------------------------------

EVs

-------------------------------------------------------------------------
--------------------------------------
EV1
--------------------------------------
Num TPs served = 4
TPs served = 343 17573 35238 35336
Total energy used = 16
--------------------------------------
Schedule:
0 282 549 62 549 62 0 0 100 100 0 282 0
282 282 549 62 549 62 0 1 100 100 35238 32 0
282 284 549 62 551 62 1 0 100 98 -35238 32 2
284 489 551 62 551 62 0 0 98 98 0 205 0
489 491 551 62 549 62 0 1 98 96 17573 32 2
491 492 549 62 549 62 1 1 96 96 0 1 0
492 495 549 62 549 65 1 0 96 93 -17573 32 3
495 588 549 65 549 65 0 0 93 93 0 93 0
588 591 549 65 549 62 0 1 93 90 35336 32 3
591 594 549 62 550 64 1 0 90 87 -35336 32 3
594 652 550 64 550 64 0 0 87 87 0 58 0
652 655 550 64 549 62 0 1 87 84 343 32 3
655 657 549 62 549 62 1 1 84 84 0 2 0
657 657 549 62 549 62 1 0 84 84 -343 32 0
657 43267 549 62 549 62 0 0 84 84 1000000000 42610 0
--------------------------------------
--------------------------------------
EV2
--------------------------------------
Num TPs served = 42
TPs served = 419 658 935 1146 1199 1256 1387 1683 1775 2017 2366 2642 3433 3645 3724 4237 4602 4849 4951 5533 6145 6832 6851 6879 13804 17188 19094 23676 23847 29032 35399 35799 35886 37538 37611 38632 42219 44851 45493 46657 47367 49760
Total energy used = 100
--------------------------------------
Schedule:
0 749 549 62 549 62 0 0 100 100 0 749 0
749 749 549 62 549 62 0 1 100 100 35399 32 0
749 767 549 62 549 62 1 1 100 100 0 18 0
767 767 549 62 549 62 1 2 100 100 419 32 0
767 768 549 62 550 62 2 1 100 99 -35399 14 1
768 770 550 62 552 62 1 0 99 97 -419 32 2
770 1171 552 62 552 62 0 0 97 97 0 401 0
1171 1174 552 62 549 62 0 1 97 94 658 32 3
1174 1175 549 62 549 62 1 1 94 94 0 1 0
1175 1177 549 62 551 62 1 0 94 92 -658 32 2
1177 1648 551 62 551 62 0 0 92 92 0 471 0
1648 1650 551 62 549 62 0 1 92 90 935 32 2
1650 1652 549 62 549 62 1 1 90 90 0 2 0
1652 1653 549 62 550 62 1 0 90 89 -935 32 1
1653 1878 550 62 550 62 0 0 89 89 0 225 0
1878 1879 550 62 549 62 0 1 89 88 35799 32 1
1879 1881 549 62 549 62 1 1 88 88 0 2 0
1881 1881 549 62 549 62 1 0 88 88 -35799 32 0
1881 2005 549 62 549 62 0 0 88 88 0 124 0
2005 2005 549 62 549 62 0 1 88 88 1146 32 0
2005 2006 549 62 550 62 1 0 88 87 -1146 32 1
2006 2087 550 62 550 62 0 0 87 87 0 81 0
2087 2088 550 62 549 62 0 1 87 86 1199 32 1
2088 2089 549 62 549 62 1 1 86 86 0 1 0
2089 2089 549 62 549 62 1 0 86 86 -1199 32 0
2089 2176 549 62 549 62 0 0 86 86 0 87 0
2176 2176 549 62 549 62 0 1 86 86 35886 32 0
2176 2193 549 62 549 62 1 1 86 86 0 17 0
2193 2193 549 62 549 62 1 2 86 86 1256 32 0
2193 2194 549 62 550 62 2 1 86 85 -35886 15 1
2194 2195 550 62 551 62 1 0 85 84 -1256 32 1
2195 2425 551 62 551 62 0 0 84 84 0 230 0
2425 2427 551 62 549 62 0 1 84 82 1387 32 2
2427 2428 549 62 549 62 1 1 82 82 0 1 0
2428 2429 549 62 550 62 1 0 82 81 -1387 32 1
2429 2937 550 62 550 62 0 0 81 81 0 508 0
2937 2938 550 62 549 62 0 1 81 80 1683 32 1
2938 2942 549 62 550 65 1 0 80 76 -1683 32 4
2942 3097 550 65 550 65 0 0 76 76 0 155 0
3097 3101 550 65 549 62 0 1 76 72 1775 32 4
3101 3107 549 62 551 66 1 0 72 66 -1775 32 6
3107 3543 551 66 551 66 0 0 66 66 0 436 0
3543 3549 551 66 549 62 0 1 66 60 2017 32 6
3549 3552 549 62 549 65 1 0 60 57 -2017 32 3
3552 4197 549 65 549 65 0 0 57 57 0 645 0
4197 4200 549 65 549 62 0 1 57 54 2366 32 3
4200 4203 549 62 552 62 1 0 54 51 -2366 32 3
4203 4711 552 62 552 62 0 0 51 51 0 508 0
4711 4714 552 62 549 62 0 1 51 48 2642 32 3
4714 4715 549 62 550 62 1 0 48 47 -2642 32 1
4715 5278 550 62 550 62 0 0 47 47 0 563 0
5278 5279 550 62 549 62 0 1 47 46 19094 32 1
5279 5283 549 62 549 62 1 1 46 46 0 4 0
5283 5283 549 62 549 62 1 0 46 46 -19094 32 0
5283 6124 549 62 549 62 0 0 46 46 0 841 0
6124 6124 549 62 549 62 0 1 46 46 3433 32 0
6124 6127 549 62 551 63 1 0 46 43 -3433 32 3
6127 6532 551 63 551 63 0 0 43 43 0 405 0
6532 6535 551 63 549 62 0 1 43 40 3645 32 3
6535 6538 549 62 549 65 1 0 40 37 -3645 32 3
6538 6677 549 65 549 65 0 0 37 37 0 139 0
6677 6680 549 65 549 62 0 1 37 34 3724 32 3
6680 6681 549 62 550 62 1 0 34 33 -3724 32 1
6681 7015 550 62 550 62 0 0 33 33 0 334 0
7015 7016 550 62 549 62 0 1 33 32 37538 32 1
7016 7023 549 62 549 62 1 1 32 32 0 7 0
7023 7023 549 62 549 62 1 0 32 32 -37538 32 0
7023 7226 549 62 549 62 0 0 32 32 0 203 0
7226 7226 549 62 549 62 0 1 32 32 37611 32 0
7226 7227 549 62 549 62 1 1 32 32 0 1 0
7227 7227 549 62 549 62 1 0 32 32 -37611 32 0
7227 7616 549 62 549 62 0 0 32 32 0 389 0
7616 7616 549 62 549 62 0 1 32 32 4237 32 0
7616 7617 549 62 550 62 1 0 32 31 -4237 32 1
7617 8319 550 62 550 62 0 0 31 31 0 702 0
8319 8320 550 62 549 62 0 1 31 30 4602 32 1
8320 8321 549 62 549 62 1 1 30 30 0 1 0
8321 8321 549 62 549 62 1 0 30 30 -4602 32 0
8321 8799 549 62 549 62 0 0 30 30 0 478 0
8799 8799 549 62 549 62 0 1 30 30 4849 32 0
8799 8806 549 62 549 69 1 0 30 23 -4849 32 7
8806 8981 549 69 549 69 0 0 23 23 0 175 0
8981 8988 549 69 549 62 0 1 23 16 4951 32 7
8988 8990 549 62 549 62 1 1 16 16 0 2 0
8990 8990 549 62 549 62 1 0 16 16 -4951 32 0
8990 9975 549 62 549 62 0 0 16 16 0 985 0
9975 9975 549 62 549 62 0 1 16 16 38632 32 0
9975 9985 549 62 549 62 1 1 16 16 0 10 0
9985 9985 549 62 549 62 1 0 16 16 -38632 32 0
9985 10064 549 62 549 62 0 0 16 16 0 79 0
10064 10064 549 62 549 62 0 1 16 16 5533 32 0
10064 10065 549 62 550 62 1 0 16 15 -5533 32 1
10065 11255 550 62 550 62 0 0 15 15 0 1190 0
11255 11256 550 62 549 62 0 1 15 14 6145 32 1
11256 11257 549 62 550 62 1 0 14 13 -6145 32 1
11257 12646 550 62 550 62 0 0 13 13 0 1389 0
12646 12647 550 62 549 62 0 1 13 12 6832 32 1
12647 12649 549 62 550 63 1 0 12 10 -6832 32 2
12649 12678 550 63 550 63 0 0 10 10 0 29 0
12678 12680 550 63 549 62 0 1 10 8 6851 32 2
12680 12681 549 62 549 63 1 0 8 7 -6851 32 1
12681 12731 549 63 549 63 0 0 7 7 0 50 0
12731 12732 549 63 549 62 0 1 7 6 6879 32 1
12732 12734 549 62 549 62 1 1 6 6 0 2 0
12734 12737 549 62 552 62 1 0 6 3 -6879 32 3
12737 17575 552 62 552 62 0 0 3 3 0 4838 0
17575 17578 552 62 549 62 0 1 3 0 23676 32 3
17578 17579 549 62 549 62 1 1 0 0 0 1 0
17579 17579 549 62 549 62 1 0 0 0 -23676 32 0
17579 17940 549 62 549 62 0 0 0 0 0 361 0
17940 17940 549 62 549 62 0 1 0 0 23847 32 0
17940 17942 549 62 549 62 1 1 0 0 0 2 0
17942 17942 549 62 549 62 1 0 0 0 -23847 32 0
17942 18569 549 62 549 62 0 0 0 0 0 627 0
18569 18569 549 62 549 62 0 1 0 0 42219 32 0
18569 18570 549 62 549 62 1 1 0 0 0 1 0
18570 18570 549 62 549 62 1 0 0 0 -42219 32 0
18570 23768 549 62 549 62 0 0 0 0 0 5198 0
23768 23768 549 62 549 62 0 1 0 0 44851 32 0
23768 23769 549 62 549 62 1 1 0 0 0 1 0
23769 23769 549 62 549 62 1 0 0 0 -44851 32 0
23769 24885 549 62 549 62 0 0 0 0 0 1116 0
24885 24885 549 62 549 62 0 1 0 0 45493 32 0
24885 24886 549 62 549 62 1 1 0 0 0 1 0
24886 24886 549 62 549 62 1 0 0 0 -45493 32 0
24886 26999 549 62 549 62 0 0 0 0 0 2113 0
26999 26999 549 62 549 62 0 1 0 0 46657 32 0
26999 27001 549 62 549 62 1 1 0 0 0 2 0
27001 27001 549 62 549 62 1 0 0 0 -46657 32 0
27001 28148 549 62 549 62 0 0 0 0 0 1147 0
28148 28148 549 62 549 62 0 1 0 0 47367 32 0
28148 28149 549 62 549 62 1 1 0 0 0 1 0
28149 28149 549 62 549 62 1 0 0 0 -47367 32 0
28149 28545 549 62 549 62 0 0 0 0 0 396 0
28545 28545 549 62 549 62 0 1 0 0 29032 32 0
28545 28546 549 62 549 62 1 1 0 0 0 1 0
28546 28546 549 62 549 62 1 0 0 0 -29032 32 0
28546 32347 549 62 549 62 0 0 0 0 0 3801 0
32347 32347 549 62 549 62 0 1 0 0 49760 32 0
32347 32349 549 62 549 62 1 1 0 0 0 2 0
32349 32349 549 62 549 62 1 0 0 0 -49760 32 0
32349 33211 549 62 549 62 0 0 0 0 0 862 0
33211 33211 549 62 549 62 0 1 0 0 13804 32 0
33211 33212 549 62 549 62 1 1 0 0 0 1 0
33212 33212 549 62 549 62 1 0 0 0 -13804 32 0
33212 42823 549 62 549 62 0 0 0 0 0 9611 0
42823 42823 549 62 549 62 0 1 0 0 17188 32 0
42823 42824 549 62 549 62 1 1 0 0 0 1 0
42824 42824 549 62 549 62 1 0 0 0 -17188 32 0
42824 43267 549 62 549 62 0 0 0 0 0 443 0
43267 43267 549 62 549 62 0 0 0 0 1000000000 0 0
--------------------------------------
--------------------------------------
EV3
--------------------------------------
Num TPs served = 16
TPs served = 6962 7023 7387 7989 8143 8652 9614 10202 10416 10910 11569 11909 12075 12658 12807 13022
Total energy used = 100
--------------------------------------
Schedule:
0 12930 549 62 549 62 0 0 100 100 0 12930 0
12930 12930 549 62 549 62 0 1 100 100 6962 32 0
12930 12931 549 62 549 62 1 1 100 100 0 1 0
12931 12932 549 62 549 63 1 0 100 99 -6962 32 1
12932 13046 549 63 549 63 0 0 99 99 0 114 0
13046 13047 549 63 549 62 0 1 99 98 7023 32 1
13047 13048 549 62 549 63 1 0 98 97 -7023 32 1
13048 13847 549 63 549 63 0 0 97 97 0 799 0
13847 13848 549 63 549 62 0 1 97 96 7387 32 1
13848 13851 549 62 552 62 1 0 96 93 -7387 32 3
13851 15183 552 62 552 62 0 0 93 93 0 1332 0
15183 15186 552 62 549 62 0 1 93 90 7989 32 3
15186 15189 549 62 550 64 1 0 90 87 -7989 32 3
15189 15549 550 64 550 64 0 0 87 87 0 360 0
15549 15552 550 64 549 62 0 1 87 84 8143 32 3
15552 15557 549 62 554 62 1 0 84 79 -8143 32 5
15557 16732 554 62 554 62 0 0 79 79 0 1175 0
16732 16737 554 62 549 62 0 1 79 74 8652 32 5
16737 16740 549 62 549 65 1 0 74 71 -8652 32 3
16740 19314 549 65 549 65 0 0 71 71 0 2574 0
19314 19317 549 65 549 62 0 1 71 68 9614 32 3
19317 19320 549 62 552 62 1 0 68 65 -9614 32 3
19320 20973 552 62 552 62 0 0 65 65 0 1653 0
20973 20976 552 62 549 62 0 1 65 62 10202 32 3
20976 20981 549 62 549 67 1 0 62 57 -10202 32 5
20981 21597 549 67 549 67 0 0 57 57 0 616 0
21597 21602 549 67 549 62 0 1 57 52 10416 32 5
21602 21604 549 62 549 64 1 0 52 50 -10416 32 2
21604 23098 549 64 549 64 0 0 50 50 0 1494 0
23098 23100 549 64 549 62 0 1 50 48 10910 32 2
23100 23102 549 62 549 62 1 1 48 48 0 2 0
23102 23104 549 62 551 62 1 0 48 46 -10910 32 2
23104 25261 551 62 551 62 0 0 46 46 0 2157 0
25261 25263 551 62 549 62 0 1 46 44 11569 32 2
25263 25280 549 62 549 62 1 1 44 44 0 17 0
25280 25287 549 62 551 67 1 0 44 37 -11569 32 7
25287 26378 551 67 551 67 0 0 37 37 0 1091 0
26378 26385 551 67 549 62 0 1 37 30 11909 32 7
26385 26386 549 62 550 62 1 0 30 29 -11909 32 1
26386 26981 550 62 550 62 0 0 29 29 0 595 0
26981 26982 550 62 549 62 0 1 29 28 12075 32 1
26982 26987 549 62 549 62 1 1 28 28 0 5 0
26987 26993 549 62 555 62 1 0 28 22 -12075 32 6
26993 29029 555 62 555 62 0 0 22 22 0 2036 0
29029 29035 555 62 549 62 0 1 22 16 12658 32 6
29035 29036 549 62 549 62 1 1 16 16 0 1 0
29036 29039 549 62 551 63 1 0 16 13 -12658 32 3
29039 29586 551 63 551 63 0 0 13 13 0 547 0
29586 29589 551 63 549 62 0 1 13 10 12807 32 3
29589 29592 549 62 551 63 1 0 10 7 -12807 32 3
29592 30375 551 63 551 63 0 0 7 7 0 783 0
30375 30378 551 63 549 62 0 1 7 4 13022 32 3
30378 30380 549 62 551 62 1 0 4 2 -13022 32 2
30380 43265 551 62 551 62 0 0 2 2 0 12885 0
43265 43267 551 62 549 62 0 0 2 0 1000000000 0 2
--------------------------------------

-------------------------------------------------------------------------

TPs

-------------------------------------------------------------------------

----------------------
TP343 allocated to 1
----------------------

----------------------
TP419 allocated to 2
----------------------

----------------------
TP658 allocated to 2
----------------------

----------------------
TP935 allocated to 2
----------------------

----------------------
TP1146 allocated to 2
----------------------

----------------------
TP1199 allocated to 2
----------------------

----------------------
TP1256 allocated to 2
----------------------

----------------------
TP1387 allocated to 2
----------------------

----------------------
TP1683 allocated to 2
----------------------

----------------------
TP1775 allocated to 2
----------------------

----------------------
TP2017 allocated to 2
----------------------

----------------------
TP2366 allocated to 2
----------------------

----------------------
TP2642 allocated to 2
----------------------

----------------------
TP3433 allocated to 2
----------------------

----------------------
TP3645 allocated to 2
----------------------

----------------------
TP3724 allocated to 2
----------------------

----------------------
TP4237 allocated to 2
----------------------

----------------------
TP4602 allocated to 2
----------------------

----------------------
TP4849 allocated to 2
----------------------

----------------------
TP4951 allocated to 2
----------------------

----------------------
TP5533 allocated to 2
----------------------

----------------------
TP6145 allocated to 2
----------------------

----------------------
TP6832 allocated to 2
----------------------

----------------------
TP6851 allocated to 2
----------------------

----------------------
TP6879 allocated to 2
----------------------

----------------------
TP6962 allocated to 3
----------------------

----------------------
TP7023 allocated to 3
----------------------

----------------------
TP7387 allocated to 3
----------------------

----------------------
TP7989 allocated to 3
----------------------

----------------------
TP8143 allocated to 3
----------------------

----------------------
TP8652 allocated to 3
----------------------

----------------------
TP9614 allocated to 3
----------------------

----------------------
TP10202 allocated to 3
----------------------

----------------------
TP10416 allocated to 3
----------------------

----------------------
TP10910 allocated to 3
----------------------

----------------------
TP11569 allocated to 3
----------------------

----------------------
TP11909 allocated to 3
----------------------

----------------------
TP12075 allocated to 3
----------------------

----------------------
TP12658 allocated to 3
----------------------

----------------------
TP12807 allocated to 3
----------------------

----------------------
TP13022 allocated to 3
----------------------

----------------------
TP13239 not allocated
----------------------

----------------------
TP13272 not allocated
----------------------

----------------------
TP13804 allocated to 2
----------------------

----------------------
TP13924 not allocated
----------------------

----------------------
TP14216 not allocated
----------------------

----------------------
TP14618 not allocated
----------------------

----------------------
TP14706 not allocated
----------------------

----------------------
TP15358 not allocated
----------------------

----------------------
TP15798 not allocated
----------------------

----------------------
TP15946 not allocated
----------------------

----------------------
TP16089 not allocated
----------------------

----------------------
TP16658 not allocated
----------------------

----------------------
TP16776 not allocated
----------------------

----------------------
TP16862 not allocated
----------------------

----------------------
TP16962 not allocated
----------------------

----------------------
TP17188 allocated to 2
----------------------

----------------------
TP17392 not allocated
----------------------

----------------------
TP17573 allocated to 1
----------------------

----------------------
TP17833 not allocated
----------------------

----------------------
TP18241 not allocated
----------------------

----------------------
TP18585 not allocated
----------------------

----------------------
TP19094 allocated to 2
----------------------

----------------------
TP19405 not allocated
----------------------

----------------------
TP19756 not allocated
----------------------

----------------------
TP19845 not allocated
----------------------

----------------------
TP19873 not allocated
----------------------

----------------------
TP19974 not allocated
----------------------

----------------------
TP20140 not allocated
----------------------

----------------------
TP20157 not allocated
----------------------

----------------------
TP20247 not allocated
----------------------

----------------------
TP20462 not allocated
----------------------

----------------------
TP20606 not allocated
----------------------

----------------------
TP20756 not allocated
----------------------

----------------------
TP20825 not allocated
----------------------

----------------------
TP20923 not allocated
----------------------

----------------------
TP21200 not allocated
----------------------

----------------------
TP22002 not allocated
----------------------

----------------------
TP22196 not allocated
----------------------

----------------------
TP22343 not allocated
----------------------

----------------------
TP22722 not allocated
----------------------

----------------------
TP22791 not allocated
----------------------

----------------------
TP22808 not allocated
----------------------

----------------------
TP23021 not allocated
----------------------

----------------------
TP23243 not allocated
----------------------

----------------------
TP23557 not allocated
----------------------

----------------------
TP23676 allocated to 2
----------------------

----------------------
TP23847 allocated to 2
----------------------

----------------------
TP23894 not allocated
----------------------

----------------------
TP24074 not allocated
----------------------

----------------------
TP24255 not allocated
----------------------

----------------------
TP25569 not allocated
----------------------

----------------------
TP26973 not allocated
----------------------

----------------------
TP27235 not allocated
----------------------

----------------------
TP27653 not allocated
----------------------

----------------------
TP28042 not allocated
----------------------

----------------------
TP28591 not allocated
----------------------

----------------------
TP28618 not allocated
----------------------

----------------------
TP29032 allocated to 2
----------------------

----------------------
TP29300 not allocated
----------------------

----------------------
TP29679 not allocated
----------------------

----------------------
TP30592 not allocated
----------------------

----------------------
TP30801 not allocated
----------------------

----------------------
TP30931 not allocated
----------------------

----------------------
TP31071 not allocated
----------------------

----------------------
TP31528 not allocated
----------------------

----------------------
TP31598 not allocated
----------------------

----------------------
TP31772 not allocated
----------------------

----------------------
TP32104 not allocated
----------------------

----------------------
TP32191 not allocated
----------------------

----------------------
TP32225 not allocated
----------------------

----------------------
TP33135 not allocated
----------------------

----------------------
TP33207 not allocated
----------------------

----------------------
TP33466 not allocated
----------------------

----------------------
TP34065 not allocated
----------------------

----------------------
TP34780 not allocated
----------------------

----------------------
TP35238 allocated to 1
----------------------

----------------------
TP35336 allocated to 1
----------------------

----------------------
TP35399 allocated to 2
----------------------

----------------------
TP35752 not allocated
----------------------

----------------------
TP35799 allocated to 2
----------------------

----------------------
TP35886 allocated to 2
----------------------

----------------------
TP35887 not allocated
----------------------

----------------------
TP36270 not allocated
----------------------

----------------------
TP36560 not allocated
----------------------

----------------------
TP36814 not allocated
----------------------

----------------------
TP37123 not allocated
----------------------

----------------------
TP37452 not allocated
----------------------

----------------------
TP37538 allocated to 2
----------------------

----------------------
TP37611 allocated to 2
----------------------

----------------------
TP37673 not allocated
----------------------

----------------------
TP37871 not allocated
----------------------

----------------------
TP38376 not allocated
----------------------

----------------------
TP38632 allocated to 2
----------------------

----------------------
TP38645 not allocated
----------------------

----------------------
TP38653 not allocated
----------------------

----------------------
TP39666 not allocated
----------------------

----------------------
TP39726 not allocated
----------------------

----------------------
TP39774 not allocated
----------------------

----------------------
TP41914 not allocated
----------------------

----------------------
TP42219 allocated to 2
----------------------

----------------------
TP42348 not allocated
----------------------

----------------------
TP42915 not allocated
----------------------

----------------------
TP42933 not allocated
----------------------

----------------------
TP43547 not allocated
----------------------

----------------------
TP43803 not allocated
----------------------

----------------------
TP43881 not allocated
----------------------

----------------------
TP44011 not allocated
----------------------

----------------------
TP44131 not allocated
----------------------

----------------------
TP44265 not allocated
----------------------

----------------------
TP44481 not allocated
----------------------

----------------------
TP44758 not allocated
----------------------

----------------------
TP44851 allocated to 2
----------------------

----------------------
TP44926 not allocated
----------------------

----------------------
TP45136 not allocated
----------------------

----------------------
TP45374 not allocated
----------------------

----------------------
TP45493 allocated to 2
----------------------

----------------------
TP46009 not allocated
----------------------

----------------------
TP46149 not allocated
----------------------

----------------------
TP46657 allocated to 2
----------------------

----------------------
TP46803 not allocated
----------------------

----------------------
TP47137 not allocated
----------------------

----------------------
TP47367 allocated to 2
----------------------

----------------------
TP47570 not allocated
----------------------

----------------------
TP47854 not allocated
----------------------

----------------------
TP47891 not allocated
----------------------

----------------------
TP48676 not allocated
----------------------

----------------------
TP48800 not allocated
----------------------

----------------------
TP48978 not allocated
----------------------

----------------------
TP49339 not allocated
----------------------

----------------------
TP49411 not allocated
----------------------

----------------------
TP49760 allocated to 2
----------------------

----------------------
TP49883 not allocated
----------------------

----------------------
TP49964 not allocated
----------------------

-------------------------------------------------------------------------

Ride-sharing vs Individual Mode - Num Vehicles and Distance Comparisson 

-------------------------------------------------------------------------
Individual Mode = 174 vehicles.
Ride-sharing Mode = 115 vehicles. The 3 ride-sharing vehicles + 112 vehicles of the individuals not served by the ride-sharing service.
-------------------------------------------------------------------------
Individual Mode = 422 distance.
Ride-sharing Mode = 528 distance. 216 from the EV fleet + 312 from the distance of the trips not covered individuals had to do with their own vehicle.
-------------------------------------------------------------------------
