-------------------------------------------------------------------------
TPs satisfied = 194; Total TPs = 194; Percentage Satisfied + 100.0%
-------------------------------------------------------------------------

-------------------------------------------------------------------------

EVs

-------------------------------------------------------------------------
--------------------------------------
EV1
--------------------------------------
Num TPs served = 44
TPs served = 66 124 183 544 615 666 752 761 819 1051 1169 1399 1502 1932 2026 2079 2230 2438 2476 2566 3344 6167 7460 8841 10523 10535 13661 14268 15596 21239 21300 25549 29741 34217 35190 37342 39110 40753 41248 42091 44713 46558 48296 49853
Total energy used = 100
--------------------------------------
Schedule:
0 145 610 434 610 434 0 0 100 100 0 145 0
145 145 610 434 610 434 0 1 100 100 35190 32 0
145 146 610 434 610 434 1 1 100 100 0 1 0
146 146 610 434 610 434 1 2 100 100 66 32 0
146 149 610 434 610 437 2 1 100 97 -35190 31 3
149 151 610 437 610 437 1 1 97 97 0 2 0
151 152 610 437 611 437 1 0 97 96 -66 32 1
152 237 611 437 611 437 0 0 96 96 0 85 0
237 241 611 437 610 434 0 1 96 92 124 32 4
241 242 610 434 610 434 1 1 92 92 0 1 0
242 242 610 434 610 434 1 0 92 92 -124 32 0
242 353 610 434 610 434 0 0 92 92 0 111 0
353 353 610 434 610 434 0 1 92 92 183 32 0
353 356 610 434 613 434 1 0 92 89 -183 32 3
356 973 613 434 613 434 0 0 89 89 0 617 0
973 976 613 434 610 434 0 1 89 86 544 32 3
976 977 610 434 611 434 1 0 86 85 -544 32 1
977 1104 611 434 611 434 0 0 85 85 0 127 0
1104 1105 611 434 610 434 0 1 85 84 615 32 1
1105 1120 610 434 624 435 1 0 84 69 -615 32 15
1120 1175 624 435 624 435 0 0 69 69 0 55 0
1175 1190 624 435 610 434 0 1 69 54 666 32 15
1190 1192 610 434 610 434 1 1 54 54 0 2 0
1192 1194 610 434 610 436 1 0 54 52 -666 32 2
1194 1362 610 436 610 436 0 0 52 52 0 168 0
1362 1364 610 436 610 434 0 1 52 50 761 32 2
1364 1364 610 434 610 434 1 2 50 50 752 19 0
1364 1366 610 434 611 435 2 1 50 48 -761 32 2
1366 1368 611 435 612 434 1 0 48 46 -752 17 2
1368 1460 612 434 612 434 0 0 46 46 0 92 0
1460 1462 612 434 610 434 0 1 46 44 819 32 2
1462 1463 610 434 610 434 1 1 44 44 0 1 0
1463 1463 610 434 610 434 1 0 44 44 -819 32 0
1463 1846 610 434 610 434 0 0 44 44 0 383 0
1846 1846 610 434 610 434 0 1 44 44 1051 32 0
1846 1851 610 434 610 434 1 1 44 44 0 5 0
1851 1851 610 434 610 434 1 0 44 44 -1051 32 0
1851 2045 610 434 610 434 0 0 44 44 0 194 0
2045 2045 610 434 610 434 0 1 44 44 1169 32 0
2045 2046 610 434 610 434 1 1 44 44 0 1 0
2046 2051 610 434 615 434 1 0 44 39 -1169 32 5
2051 2437 615 434 615 434 0 0 39 39 0 386 0
2437 2442 615 434 610 434 0 1 39 34 1399 32 5
2442 2443 610 434 610 434 1 1 34 34 0 1 0
2443 2445 610 434 612 434 1 0 34 32 -1399 32 2
2445 2625 612 434 612 434 0 0 32 32 0 180 0
2625 2627 612 434 610 434 0 1 32 30 1502 32 2
2627 2628 610 434 611 434 1 0 30 29 -1502 32 1
2628 3398 611 434 611 434 0 0 29 29 0 770 0
3398 3399 611 434 610 434 0 1 29 28 1932 32 1
3399 3401 610 434 612 434 1 0 28 26 -1932 32 2
3401 3561 612 434 612 434 0 0 26 26 0 160 0
3561 3563 612 434 610 434 0 1 26 24 2026 32 2
3563 3568 610 434 610 434 1 1 24 24 0 5 0
3568 3573 610 434 610 439 1 0 24 19 -2026 32 5
3573 3648 610 439 610 439 0 0 19 19 0 75 0
3648 3653 610 439 610 434 0 1 19 14 2079 32 5
3653 3656 610 434 613 434 1 0 14 11 -2079 32 3
3656 3945 613 434 613 434 0 0 11 11 0 289 0
3945 3948 613 434 610 434 0 1 11 8 2230 32 3
3948 3949 610 434 610 434 1 1 8 8 0 1 0
3949 3949 610 434 610 434 1 0 8 8 -2230 32 0
3949 4327 610 434 610 434 0 0 8 8 0 378 0
4327 4327 610 434 610 434 0 1 8 8 2438 32 0
4327 4329 610 434 610 436 1 0 8 6 -2438 32 2
4329 4405 610 436 610 436 0 0 6 6 0 76 0
4405 4407 610 436 610 434 0 1 6 4 2476 32 2
4407 4409 610 434 611 435 1 0 4 2 -2476 32 2
4409 4555 611 435 611 435 0 0 2 2 0 146 0
4555 4557 611 435 610 434 0 1 2 0 2566 32 2
4557 4560 610 434 610 434 1 1 0 0 0 3 0
4560 4560 610 434 610 434 1 0 0 0 -2566 32 0
4560 5955 610 434 610 434 0 0 0 0 0 1395 0
5955 5955 610 434 610 434 0 1 0 0 3344 32 0
5955 5957 610 434 610 434 1 1 0 0 0 2 0
5957 5957 610 434 610 434 1 0 0 0 -3344 32 0
5957 6437 610 434 610 434 0 0 0 0 0 480 0
6437 6437 610 434 610 434 0 1 0 0 37342 32 0
6437 6439 610 434 610 434 1 1 0 0 0 2 0
6439 6439 610 434 610 434 1 0 0 0 -37342 32 0
6439 11106 610 434 610 434 0 0 0 0 0 4667 0
11106 11106 610 434 610 434 0 1 0 0 39110 32 0
11106 11108 610 434 610 434 1 1 0 0 0 2 0
11108 11108 610 434 610 434 1 0 0 0 -39110 32 0
11108 11307 610 434 610 434 0 0 0 0 0 199 0
11307 11307 610 434 610 434 0 1 0 0 6167 32 0
11307 11309 610 434 610 434 1 1 0 0 0 2 0
11309 11309 610 434 610 434 1 0 0 0 -6167 32 0
11309 11393 610 434 610 434 0 0 0 0 0 84 0
11393 11393 610 434 610 434 0 1 0 0 21239 32 0
11393 11394 610 434 610 434 1 1 0 0 0 1 0
11394 11394 610 434 610 434 1 0 0 0 -21239 32 0
11394 11558 610 434 610 434 0 0 0 0 0 164 0
11558 11558 610 434 610 434 0 1 0 0 21300 32 0
11558 11559 610 434 610 434 1 1 0 0 0 1 0
11559 11559 610 434 610 434 1 0 0 0 -21300 32 0
11559 14030 610 434 610 434 0 0 0 0 0 2471 0
14030 14030 610 434 610 434 0 1 0 0 7460 32 0
14030 14032 610 434 610 434 1 1 0 0 0 2 0
14032 14032 610 434 610 434 1 0 0 0 -7460 32 0
14032 15328 610 434 610 434 0 0 0 0 0 1296 0
15328 15328 610 434 610 434 0 1 0 0 40753 32 0
15328 15329 610 434 610 434 1 1 0 0 0 1 0
15329 15329 610 434 610 434 1 0 0 0 -40753 32 0
15329 16420 610 434 610 434 0 0 0 0 0 1091 0
16420 16420 610 434 610 434 0 1 0 0 41248 32 0
16420 16427 610 434 610 434 1 1 0 0 0 7 0
16427 16427 610 434 610 434 1 0 0 0 -41248 32 0
16427 17231 610 434 610 434 0 0 0 0 0 804 0
17231 17231 610 434 610 434 0 1 0 0 8841 32 0
17231 17233 610 434 610 434 1 1 0 0 0 2 0
17233 17233 610 434 610 434 1 0 0 0 -8841 32 0
17233 18300 610 434 610 434 0 0 0 0 0 1067 0
18300 18300 610 434 610 434 0 1 0 0 42091 32 0
18300 18301 610 434 610 434 1 1 0 0 0 1 0
18301 18301 610 434 610 434 1 0 0 0 -42091 32 0
18301 21706 610 434 610 434 0 0 0 0 0 3405 0
21706 21706 610 434 610 434 0 1 0 0 25549 32 0
21706 21708 610 434 610 434 1 1 0 0 0 2 0
21708 21708 610 434 610 434 1 0 0 0 -25549 32 0
21708 21917 610 434 610 434 0 0 0 0 0 209 0
21917 21917 610 434 610 434 0 1 0 0 10535 32 0
21917 21917 610 434 610 434 1 2 0 0 10523 4 0
21917 21917 610 434 610 434 2 1 0 0 -10523 5 0
21917 21918 610 434 610 434 1 1 0 0 0 1 0
21918 21918 610 434 610 434 1 0 0 0 -10535 32 0
21918 23503 610 434 610 434 0 0 0 0 0 1585 0
23503 23503 610 434 610 434 0 1 0 0 44713 32 0
23503 23505 610 434 610 434 1 1 0 0 0 2 0
23505 23505 610 434 610 434 1 0 0 0 -44713 32 0
23505 26815 610 434 610 434 0 0 0 0 0 3310 0
26815 26815 610 434 610 434 0 1 0 0 46558 32 0
26815 26816 610 434 610 434 1 1 0 0 0 1 0
26816 26816 610 434 610 434 1 0 0 0 -46558 32 0
26816 29779 610 434 610 434 0 0 0 0 0 2963 0
29779 29779 610 434 610 434 0 1 0 0 48296 32 0
29779 29780 610 434 610 434 1 1 0 0 0 1 0
29780 29780 610 434 610 434 1 0 0 0 -48296 32 0
29780 29961 610 434 610 434 0 0 0 0 0 181 0
29961 29961 610 434 610 434 0 1 0 0 29741 32 0
29961 29963 610 434 610 434 1 1 0 0 0 2 0
29963 29963 610 434 610 434 1 0 0 0 -29741 32 0
29963 32497 610 434 610 434 0 0 0 0 0 2534 0
32497 32497 610 434 610 434 0 1 0 0 49853 32 0
32497 32499 610 434 610 434 1 1 0 0 0 2 0
32499 32499 610 434 610 434 1 0 0 0 -49853 32 0
32499 32687 610 434 610 434 0 0 0 0 0 188 0
32687 32687 610 434 610 434 0 1 0 0 13661 32 0
32687 32689 610 434 610 434 1 1 0 0 0 2 0
32689 32689 610 434 610 434 1 0 0 0 -13661 32 0
32689 34982 610 434 610 434 0 0 0 0 0 2293 0
34982 34982 610 434 610 434 0 1 0 0 14268 32 0
34982 34984 610 434 610 434 1 1 0 0 0 2 0
34984 34984 610 434 610 434 1 0 0 0 -14268 32 0
34984 40000 610 434 610 434 0 0 0 0 0 5016 0
40000 40000 610 434 610 434 0 1 0 0 15596 32 0
40000 40001 610 434 610 434 1 1 0 0 0 1 0
40001 40001 610 434 610 434 1 0 0 0 -15596 32 0
40001 40393 610 434 610 434 0 0 0 0 0 392 0
40393 40393 610 434 610 434 0 1 0 0 34217 32 0
40393 40395 610 434 610 434 1 1 0 0 0 2 0
40395 40395 610 434 610 434 1 0 0 0 -34217 32 0
40395 43267 610 434 610 434 0 0 0 0 0 2872 0
43267 43267 610 434 610 434 0 0 0 0 1000000000 0 0
--------------------------------------
--------------------------------------
EV2
--------------------------------------
Num TPs served = 12
TPs served = 3458 3646 3698 4710 4739 4917 4921 4943 5114 5133 6399 8082
Total energy used = 100
--------------------------------------
Schedule:
0 6170 610 434 610 434 0 0 100 100 0 6170 0
6170 6170 610 434 610 434 0 1 100 100 3458 32 0
6170 6173 610 434 612 435 1 0 100 97 -3458 32 3
6173 6538 612 435 612 435 0 0 97 97 0 365 0
6538 6541 612 435 610 434 0 1 97 94 3646 32 3
6541 6549 610 434 618 434 1 0 94 86 -3646 32 8
6549 6629 618 434 618 434 0 0 86 86 0 80 0
6629 6637 618 434 610 434 0 1 86 78 3698 32 8
6637 6641 610 434 613 435 1 0 78 74 -3698 32 4
6641 8548 613 435 613 435 0 0 74 74 0 1907 0
8548 8552 613 435 610 434 0 1 74 70 4710 32 4
8552 8553 610 434 611 434 1 0 70 69 -4710 32 1
8553 8605 611 434 611 434 0 0 69 69 0 52 0
8605 8606 611 434 610 434 0 1 69 68 4739 32 1
8606 8607 610 434 610 434 1 1 68 68 0 1 0
8607 8608 610 434 611 434 1 0 68 67 -4739 32 1
8608 8937 611 434 611 434 0 0 67 67 0 329 0
8937 8938 611 434 610 434 0 1 67 66 4921 32 1
8938 8938 610 434 610 434 1 2 66 66 4917 26 0
8938 8942 610 434 614 434 2 1 66 62 -4917 26 4
8942 8964 614 434 614 434 1 1 62 62 0 22 0
8964 8968 614 434 610 434 1 2 62 58 4943 32 4
8968 8970 610 434 611 435 2 1 58 56 -4943 32 2
8970 8989 611 435 626 439 1 0 56 37 -4921 2 19
8989 9263 626 439 626 439 0 0 37 37 0 274 0
9263 9284 626 439 610 434 0 1 37 16 5114 32 21
9284 9288 610 434 612 436 1 0 16 12 -5114 32 4
9288 9314 612 436 612 436 0 0 12 12 0 26 0
9314 9318 612 436 610 434 0 1 12 8 5133 32 4
9318 9319 610 434 611 434 1 0 8 7 -5133 32 1
9319 11755 611 434 611 434 0 0 7 7 0 2436 0
11755 11756 611 434 610 434 0 1 7 6 6399 32 1
11756 11758 610 434 611 435 1 0 6 4 -6399 32 2
11758 15403 611 435 611 435 0 0 4 4 0 3645 0
15403 15405 611 435 610 434 0 1 4 2 8082 32 2
15405 15408 610 434 610 434 1 1 2 2 0 3 0
15408 15409 610 434 610 435 1 0 2 1 -8082 32 1
15409 43266 610 435 610 435 0 0 1 1 0 27857 0
43266 43267 610 435 610 434 0 0 1 0 1000000000 0 1
--------------------------------------
--------------------------------------
EV3
--------------------------------------
Num TPs served = 19
TPs served = 5879 6996 7368 7464 7542 7593 8338 8443 8608 8918 8933 9006 9022 9066 9087 9150 21838 41170 41813
Total energy used = 100
--------------------------------------
Schedule:
0 10753 610 434 610 434 0 0 100 100 0 10753 0
10753 10753 610 434 610 434 0 1 100 100 5879 32 0
10753 10763 610 434 610 434 1 1 100 100 0 10 0
10763 10767 610 434 613 435 1 0 100 96 -5879 32 4
10767 13025 613 435 613 435 0 0 96 96 0 2258 0
13025 13029 613 435 610 434 0 1 96 92 21838 32 4
13029 13029 610 434 610 434 1 2 92 92 6996 5 0
13029 13031 610 434 612 434 2 1 92 90 -21838 32 2
13031 13031 612 434 612 434 1 0 90 90 -6996 5 0
13031 13812 612 434 612 434 0 0 90 90 0 781 0
13812 13814 612 434 610 434 0 1 90 88 7368 32 2
13814 13818 610 434 611 437 1 0 88 84 -7368 32 4
13818 14037 611 437 611 437 0 0 84 84 0 219 0
14037 14041 611 437 610 434 0 1 84 80 7464 32 4
14041 14048 610 434 613 438 1 0 80 73 -7464 32 7
14048 14187 613 438 613 438 0 0 73 73 0 139 0
14187 14194 613 438 610 434 0 1 73 66 7542 32 7
14194 14198 610 434 614 434 1 0 66 62 -7542 32 4
14198 14292 614 434 614 434 0 0 62 62 0 94 0
14292 14296 614 434 610 434 0 1 62 58 7593 32 4
14296 14298 610 434 610 436 1 0 58 56 -7593 32 2
14298 16018 610 436 610 436 0 0 56 56 0 1720 0
16018 16020 610 436 610 434 0 1 56 54 8338 32 2
16020 16022 610 434 611 435 1 0 54 52 -8338 32 2
16022 16235 611 435 611 435 0 0 52 52 0 213 0
16235 16237 611 435 610 434 0 1 52 50 41170 32 2
16237 16241 610 434 610 434 1 1 50 50 0 4 0
16241 16241 610 434 610 434 1 2 50 50 8443 32 0
16241 16243 610 434 612 434 2 1 50 48 -41170 28 2
16243 16243 612 434 612 434 1 0 48 48 -8443 32 0
16243 16641 612 434 612 434 0 0 48 48 0 398 0
16641 16643 612 434 610 434 0 1 48 46 8608 32 2
16643 16644 610 434 610 434 1 1 46 46 0 1 0
16644 16645 610 434 611 434 1 0 46 45 -8608 32 1
16645 17444 611 434 611 434 0 0 45 45 0 799 0
17444 17445 611 434 610 434 0 1 45 44 8918 32 1
17445 17450 610 434 615 434 1 0 44 39 -8918 32 5
17450 17481 615 434 615 434 0 0 39 39 0 31 0
17481 17486 615 434 610 434 0 1 39 34 8933 32 5
17486 17488 610 434 612 434 1 0 34 32 -8933 32 2
17488 17696 612 434 612 434 0 0 32 32 0 208 0
17696 17698 612 434 610 434 0 1 32 30 41813 32 2
17698 17698 610 434 610 434 1 2 30 30 9022 32 0
17698 17698 610 434 610 434 2 3 30 30 9006 2 0
17698 17699 610 434 610 434 3 3 30 30 0 1 0
17699 17700 610 434 611 434 3 2 30 29 -41813 32 1
17700 17700 611 434 611 434 2 1 29 29 -9006 3 0
17700 17705 611 434 610 438 1 0 29 24 -9022 29 5
17705 17803 610 438 610 438 0 0 24 24 0 98 0
17803 17807 610 438 610 434 0 1 24 20 9066 32 4
17807 17808 610 434 610 434 1 1 20 20 0 1 0
17808 17809 610 434 610 435 1 0 20 19 -9066 32 1
17809 17859 610 435 610 435 0 0 19 19 0 50 0
17859 17860 610 435 610 434 0 1 19 18 9087 32 1
17860 17865 610 434 613 436 1 0 18 13 -9087 32 5
17865 18019 613 436 613 436 0 0 13 13 0 154 0
18019 18024 613 436 610 434 0 1 13 8 9150 32 5
18024 18028 610 434 612 436 1 0 8 4 -9150 32 4
18028 43263 612 436 612 436 0 0 4 4 0 25235 0
43263 43267 612 436 610 434 0 0 4 0 1000000000 0 4
--------------------------------------
--------------------------------------
EV4
--------------------------------------
Num TPs served = 20
TPs served = 9168 9577 9623 10465 10576 10944 11433 11523 11625 12523 12699 12776 13144 13918 13959 13961 14199 14422 14885 45426
Total energy used = 100
--------------------------------------
Schedule:
0 18070 610 434 610 434 0 0 100 100 0 18070 0
18070 18070 610 434 610 434 0 1 100 100 9168 32 0
18070 18074 610 434 614 434 1 0 100 96 -9168 32 4
18074 19229 614 434 614 434 0 0 96 96 0 1155 0
19229 19233 614 434 610 434 0 1 96 92 9577 32 4
19233 19234 610 434 610 435 1 0 92 91 -9577 32 1
19234 19340 610 435 610 435 0 0 91 91 0 106 0
19340 19341 610 435 610 434 0 1 91 90 9623 32 1
19341 19348 610 434 617 434 1 0 90 83 -9623 32 7
19348 21742 617 434 617 434 0 0 83 83 0 2394 0
21742 21749 617 434 610 434 0 1 83 76 10465 32 7
21749 21752 610 434 610 434 1 1 76 76 0 3 0
21752 21757 610 434 615 434 1 0 76 71 -10465 32 5
21757 22024 615 434 615 434 0 0 71 71 0 267 0
22024 22029 615 434 610 434 0 1 71 66 10576 32 5
22029 22030 610 434 610 434 1 1 66 66 0 1 0
22030 22040 610 434 618 436 1 0 66 56 -10576 32 10
22040 23191 618 436 618 436 0 0 56 56 0 1151 0
23191 23201 618 436 610 434 0 1 56 46 10944 32 10
23201 23202 610 434 610 434 1 1 46 46 0 1 0
23202 23204 610 434 612 434 1 0 46 44 -10944 32 2
23204 24767 612 434 612 434 0 0 44 44 0 1563 0
24767 24769 612 434 610 434 0 1 44 42 45426 32 2
24769 24769 610 434 610 434 1 2 42 42 11433 16 0
24769 24770 610 434 610 435 2 1 42 41 -45426 32 1
24770 24772 610 435 611 436 1 0 41 39 -11433 16 2
24772 25061 611 436 611 436 0 0 39 39 0 289 0
25061 25064 611 436 610 434 0 1 39 36 11523 32 3
25064 25067 610 434 613 434 1 0 36 33 -11523 32 3
25067 25435 613 434 613 434 0 0 33 33 0 368 0
25435 25438 613 434 610 434 0 1 33 30 11625 32 3
25438 25439 610 434 611 434 1 0 30 29 -11625 32 1
25439 28532 611 434 611 434 0 0 29 29 0 3093 0
28532 28533 611 434 610 434 0 1 29 28 12523 32 1
28533 28534 610 434 610 434 1 1 28 28 0 1 0
28534 28535 610 434 611 434 1 0 28 27 -12523 32 1
28535 29195 611 434 611 434 0 0 27 27 0 660 0
29195 29196 611 434 610 434 0 1 27 26 12699 32 1
29196 29198 610 434 610 434 1 1 26 26 0 2 0
29198 29200 610 434 612 434 1 0 26 24 -12699 32 2
29200 29449 612 434 612 434 0 0 24 24 0 249 0
29449 29451 612 434 610 434 0 1 24 22 12776 32 2
29451 29453 610 434 610 434 1 1 22 22 0 2 0
29453 29454 610 434 611 434 1 0 22 21 -12776 32 1
29454 30811 611 434 611 434 0 0 21 21 0 1357 0
30811 30812 611 434 610 434 0 1 21 20 13144 32 1
30812 30814 610 434 612 434 1 0 20 18 -13144 32 2
30814 33639 612 434 612 434 0 0 18 18 0 2825 0
33639 33641 612 434 610 434 0 1 18 16 13918 32 2
33641 33642 610 434 610 434 1 1 16 16 0 1 0
33642 33644 610 434 610 436 1 0 16 14 -13918 32 2
33644 33816 610 436 610 436 0 0 14 14 0 172 0
33816 33818 610 436 610 434 0 1 14 12 13961 32 2
33818 33818 610 434 610 434 1 2 12 12 13959 29 0
33818 33819 610 434 610 434 2 2 12 12 0 1 0
33819 33822 610 434 612 435 2 1 12 9 -13961 32 3
33822 33823 612 435 612 434 1 0 9 8 -13959 26 1
33823 34728 612 434 612 434 0 0 8 8 0 905 0
34728 34730 612 434 610 434 0 1 8 6 14199 32 2
34730 34731 610 434 610 435 1 0 6 5 -14199 32 1
34731 35572 610 435 610 435 0 0 5 5 0 841 0
35572 35573 610 435 610 434 0 1 5 4 14422 32 1
35573 35574 610 434 611 434 1 0 4 3 -14422 32 1
35574 37367 611 434 611 434 0 0 3 3 0 1793 0
37367 37368 611 434 610 434 0 1 3 2 14885 32 1
37368 37369 610 434 610 435 1 0 2 1 -14885 32 1
37369 43266 610 435 610 435 0 0 1 1 0 5897 0
43266 43267 610 435 610 434 0 0 1 0 1000000000 0 1
--------------------------------------
--------------------------------------
EV5
--------------------------------------
Num TPs served = 22
TPs served = 14629 14688 14931 15004 15443 15900 16477 16817 17337 17627 17661 18005 18119 18412 18486 19064 19099 19265 19286 20540 20591 21862
Total energy used = 100
--------------------------------------
Schedule:
0 664 610 434 610 434 0 0 100 100 0 664 0
664 664 610 434 610 434 0 1 100 100 17627 32 0
664 665 610 434 610 434 1 1 100 100 0 1 0
665 666 610 434 610 435 1 0 100 99 -17627 32 1
666 770 610 435 610 435 0 0 99 99 0 104 0
770 771 610 435 610 434 0 1 99 98 17661 32 1
771 772 610 434 610 434 1 1 98 98 0 1 0
772 773 610 434 611 434 1 0 98 97 -17661 32 1
773 1834 611 434 611 434 0 0 97 97 0 1061 0
1834 1835 611 434 610 434 0 1 97 96 18005 32 1
1835 1837 610 434 610 436 1 0 96 94 -18005 32 2
1837 2178 610 436 610 436 0 0 94 94 0 341 0
2178 2180 610 436 610 434 0 1 94 92 18119 32 2
2180 2182 610 434 611 435 1 0 92 90 -18119 32 2
2182 3116 611 435 611 435 0 0 90 90 0 934 0
3116 3118 611 435 610 434 0 1 90 88 18412 32 2
3118 3119 610 434 610 435 1 0 88 87 -18412 32 1
3119 3324 610 435 610 435 0 0 87 87 0 205 0
3324 3325 610 435 610 434 0 1 87 86 18486 32 1
3325 3327 610 434 610 434 1 1 86 86 0 2 0
3327 3328 610 434 611 434 1 0 86 85 -18486 32 1
3328 5192 611 434 611 434 0 0 85 85 0 1864 0
5192 5193 611 434 610 434 0 1 85 84 19064 32 1
5193 5196 610 434 610 434 1 1 84 84 0 3 0
5196 5200 610 434 610 438 1 0 84 80 -19064 32 4
5200 5298 610 438 610 438 0 0 80 80 0 98 0
5298 5302 610 438 610 434 0 1 80 76 19099 32 4
5302 5311 610 434 610 434 1 1 76 76 0 9 0
5311 5312 610 434 610 435 1 0 76 75 -19099 32 1
5312 5786 610 435 610 435 0 0 75 75 0 474 0
5786 5787 610 435 610 434 0 1 75 74 19265 32 1
5787 5789 610 434 612 434 1 0 74 72 -19265 32 2
5789 5838 612 434 612 434 0 0 72 72 0 49 0
5838 5840 612 434 610 434 0 1 72 70 19286 32 2
5840 5844 610 434 611 437 1 0 70 66 -19286 32 4
5844 9548 611 437 611 437 0 0 66 66 0 3704 0
9548 9552 611 437 610 434 0 1 66 62 20540 32 4
9552 9554 610 434 612 434 1 0 62 60 -20540 32 2
9554 9679 612 434 612 434 0 0 60 60 0 125 0
9679 9681 612 434 610 434 0 1 60 58 20591 32 2
9681 9683 610 434 612 434 1 0 58 56 -20591 32 2
9683 13081 612 434 612 434 0 0 56 56 0 3398 0
13081 13083 612 434 610 434 0 1 56 54 21862 32 2
13083 13084 610 434 611 434 1 0 54 53 -21862 32 1
13084 36364 611 434 611 434 0 0 53 53 0 23280 0
36364 36365 611 434 610 434 0 1 53 52 14629 32 1
36365 36368 610 434 612 435 1 0 52 49 -14629 32 3
36368 36631 612 435 612 435 0 0 49 49 0 263 0
36631 36634 612 435 610 434 0 1 49 46 14688 32 3
36634 36636 610 434 612 434 1 0 46 44 -14688 32 2
36636 37567 612 434 612 434 0 0 44 44 0 931 0
37567 37569 612 434 610 434 0 1 44 42 14931 32 2
37569 37570 610 434 610 435 1 0 42 41 -14931 32 1
37570 37821 610 435 610 435 0 0 41 41 0 251 0
37821 37822 610 435 610 434 0 1 41 40 15004 32 1
37822 37825 610 434 611 436 1 0 40 37 -15004 32 3
37825 39519 611 436 611 436 0 0 37 37 0 1694 0
39519 39522 611 436 610 434 0 1 37 34 15443 32 3
39522 39528 610 434 614 436 1 0 34 28 -15443 32 6
39528 40545 614 436 614 436 0 0 28 28 0 1017 0
40545 40551 614 436 610 434 0 1 28 22 15900 32 6
40551 40552 610 434 611 434 1 0 22 21 -15900 32 1
40552 41563 611 434 611 434 0 0 21 21 0 1011 0
41563 41564 611 434 610 434 0 1 21 20 16477 32 1
41564 41565 610 434 611 434 1 0 20 19 -16477 32 1
41565 42157 611 434 611 434 0 0 19 19 0 592 0
42157 42158 611 434 610 434 0 1 19 18 16817 32 1
42158 42163 610 434 615 434 1 0 18 13 -16817 32 5
42163 43062 615 434 615 434 0 0 13 13 0 899 0
43062 43067 615 434 610 434 0 1 13 8 17337 32 5
43067 43071 610 434 612 436 1 0 8 4 -17337 32 4
43071 43263 612 436 612 436 0 0 4 4 0 192 0
43263 43267 612 436 610 434 0 0 4 0 1000000000 0 4
--------------------------------------
--------------------------------------
EV6
--------------------------------------
Num TPs served = 22
TPs served = 20933 21304 21523 21694 21911 22385 22666 24249 25126 25216 25306 25720 26340 27594 27960 28454 29008 29039 30178 30290 30423 42366
Total energy used = 100
--------------------------------------
Schedule:
0 10581 610 434 610 434 0 0 100 100 0 10581 0
10581 10581 610 434 610 434 0 1 100 100 20933 32 0
10581 10583 610 434 611 435 1 0 100 98 -20933 32 2
10583 11566 611 435 611 435 0 0 98 98 0 983 0
11566 11568 611 435 610 434 0 1 98 96 21304 32 2
11568 11571 610 434 613 434 1 0 96 93 -21304 32 3
11571 12175 613 434 613 434 0 0 93 93 0 604 0
12175 12178 613 434 610 434 0 1 93 90 21523 32 3
12178 12181 610 434 610 434 1 1 90 90 0 3 0
12181 12184 610 434 613 434 1 0 90 87 -21523 32 3
12184 12659 613 434 613 434 0 0 87 87 0 475 0
12659 12662 613 434 610 434 0 1 87 84 21694 32 3
12662 12663 610 434 610 434 1 1 84 84 0 1 0
12663 12665 610 434 612 434 1 0 84 82 -21694 32 2
12665 13206 612 434 612 434 0 0 82 82 0 541 0
13206 13208 612 434 610 434 0 1 82 80 21911 32 2
13208 13210 610 434 612 434 1 0 80 78 -21911 32 2
13210 14443 612 434 612 434 0 0 78 78 0 1233 0
14443 14445 612 434 610 434 0 1 78 76 22385 32 2
14445 14446 610 434 610 434 1 1 76 76 0 1 0
14446 14448 610 434 612 434 1 0 76 74 -22385 32 2
14448 15153 612 434 612 434 0 0 74 74 0 705 0
15153 15155 612 434 610 434 0 1 74 72 22666 32 2
15155 15156 610 434 610 434 1 1 72 72 0 1 0
15156 15157 610 434 611 434 1 0 72 71 -22666 32 1
15157 18814 611 434 611 434 0 0 71 71 0 3657 0
18814 18815 611 434 610 434 0 1 71 70 24249 32 1
18815 18847 610 434 610 434 1 1 70 70 0 32 0
18847 18847 610 434 610 434 1 2 70 70 42366 32 0
18847 18848 610 434 611 434 2 1 70 69 -42366 32 1
18848 18848 611 434 611 434 1 0 69 69 -24249 0 0
18848 20794 611 434 611 434 0 0 69 69 0 1946 0
20794 20795 611 434 610 434 0 1 69 68 25126 32 1
20795 20796 610 434 610 434 1 1 68 68 0 1 0
20796 20797 610 434 610 435 1 0 68 67 -25126 32 1
20797 20973 610 435 610 435 0 0 67 67 0 176 0
20973 20974 610 435 610 434 0 1 67 66 25216 32 1
20974 20978 610 434 614 434 1 0 66 62 -25216 32 4
20978 21157 614 434 614 434 0 0 62 62 0 179 0
21157 21161 614 434 610 434 0 1 62 58 25306 32 4
21161 21162 610 434 611 434 1 0 58 57 -25306 32 1
21162 22077 611 434 611 434 0 0 57 57 0 915 0
22077 22078 611 434 610 434 0 1 57 56 25720 32 1
22078 22079 610 434 610 434 1 1 56 56 0 1 0
22079 22081 610 434 610 436 1 0 56 54 -25720 32 2
22081 23361 610 436 610 436 0 0 54 54 0 1280 0
23361 23363 610 436 610 434 0 1 54 52 26340 32 2
23363 23367 610 434 610 438 1 0 52 48 -26340 32 4
23367 25743 610 438 610 438 0 0 48 48 0 2376 0
25743 25747 610 438 610 434 0 1 48 44 27594 32 4
25747 25748 610 434 610 435 1 0 44 43 -27594 32 1
25748 26431 610 435 610 435 0 0 43 43 0 683 0
26431 26432 610 435 610 434 0 1 43 42 27960 32 1
26432 26437 610 434 610 434 1 1 42 42 0 5 0
26437 26442 610 434 615 434 1 0 42 37 -27960 32 5
26442 27398 615 434 615 434 0 0 37 37 0 956 0
27398 27403 615 434 610 434 0 1 37 32 28454 32 5
27403 27407 610 434 610 434 1 1 32 32 0 4 0
27407 27410 610 434 613 434 1 0 32 29 -28454 32 3
27410 28487 613 434 613 434 0 0 29 29 0 1077 0
28487 28490 613 434 610 434 0 1 29 26 29008 32 3
28490 28491 610 434 610 435 1 0 26 25 -29008 32 1
28491 28558 610 435 610 435 0 0 25 25 0 67 0
28558 28559 610 435 610 434 0 1 25 24 29039 32 1
28559 28561 610 434 610 436 1 0 24 22 -29039 32 2
28561 30808 610 436 610 436 0 0 22 22 0 2247 0
30808 30810 610 436 610 434 0 1 22 20 30178 32 2
30810 30814 610 434 610 434 1 1 20 20 0 4 0
30814 30816 610 434 611 435 1 0 20 18 -30178 32 2
30816 31055 611 435 611 435 0 0 18 18 0 239 0
31055 31057 611 435 610 434 0 1 18 16 30290 32 2
31057 31060 610 434 610 437 1 0 16 13 -30290 32 3
31060 31304 610 437 610 437 0 0 13 13 0 244 0
31304 31307 610 437 610 434 0 1 13 10 30423 32 3
31307 31312 610 434 614 435 1 0 10 5 -30423 32 5
31312 43262 614 435 614 435 0 0 5 5 0 11950 0
43262 43267 614 435 610 434 0 0 5 0 1000000000 0 5
--------------------------------------
--------------------------------------
EV7
--------------------------------------
Num TPs served = 21
TPs served = 29480 30774 31410 31757 31835 32068 32405 32583 32942 33506 34345 34402 34424 34577 34798 35135 35747 36205 36482 36679 37706
Total energy used = 100
--------------------------------------
Schedule:
0 1759 610 434 610 434 0 0 100 100 0 1759 0
1759 1759 610 434 610 434 0 1 100 100 35747 32 0
1759 1761 610 434 610 436 1 0 100 98 -35747 32 2
1761 3088 610 436 610 436 0 0 98 98 0 1327 0
3088 3090 610 436 610 434 0 1 98 96 36205 32 2
3090 3091 610 434 611 434 1 0 96 95 -36205 32 1
3091 3888 611 434 611 434 0 0 95 95 0 797 0
3888 3889 611 434 610 434 0 1 95 94 36482 32 1
3889 3891 610 434 610 434 1 1 94 94 0 2 0
3891 3892 610 434 610 435 1 0 94 93 -36482 32 1
3892 4518 610 435 610 435 0 0 93 93 0 626 0
4518 4519 610 435 610 434 0 1 93 92 36679 32 1
4519 4520 610 434 610 435 1 0 92 91 -36679 32 1
4520 7458 610 435 610 435 0 0 91 91 0 2938 0
7458 7459 610 435 610 434 0 1 91 90 37706 32 1
7459 7461 610 434 612 434 1 0 90 88 -37706 32 2
7461 29478 612 434 612 434 0 0 88 88 0 22017 0
29478 29480 612 434 610 434 0 1 88 86 29480 32 2
29480 29482 610 434 610 434 1 1 86 86 0 2 0
29482 29493 610 434 617 438 1 0 86 75 -29480 32 11
29493 32017 617 438 617 438 0 0 75 75 0 2524 0
32017 32028 617 438 610 434 0 1 75 64 30774 32 11
32028 32029 610 434 611 434 1 0 64 63 -30774 32 1
32029 33410 611 434 611 434 0 0 63 63 0 1381 0
33410 33411 611 434 610 434 0 1 63 62 31410 32 1
33411 33415 610 434 614 434 1 0 62 58 -31410 32 4
33415 34195 614 434 614 434 0 0 58 58 0 780 0
34195 34199 614 434 610 434 0 1 58 54 31757 32 4
34199 34200 610 434 611 434 1 0 54 53 -31757 32 1
34200 34347 611 434 611 434 0 0 53 53 0 147 0
34347 34348 611 434 610 434 0 1 53 52 31835 32 1
34348 34351 610 434 610 434 1 1 52 52 0 3 0
34351 34358 610 434 616 435 1 0 52 45 -31835 32 7
34358 34860 616 435 616 435 0 0 45 45 0 502 0
34860 34867 616 435 610 434 0 1 45 38 32068 32 7
34867 34871 610 434 610 434 1 1 38 38 0 4 0
34871 34872 610 434 611 434 1 0 38 37 -32068 32 1
34872 35715 611 434 611 434 0 0 37 37 0 843 0
35715 35716 611 434 610 434 0 1 37 36 32405 32 1
35716 35717 610 434 610 434 1 1 36 36 0 1 0
35717 35718 610 434 610 435 1 0 36 35 -32405 32 1
35718 36110 610 435 610 435 0 0 35 35 0 392 0
36110 36111 610 435 610 434 0 1 35 34 32583 32 1
36111 36112 610 434 610 434 1 1 34 34 0 1 0
36112 36113 610 434 611 434 1 0 34 33 -32583 32 1
36113 37020 611 434 611 434 0 0 33 33 0 907 0
37020 37021 611 434 610 434 0 1 33 32 32942 32 1
37021 37022 610 434 611 434 1 0 32 31 -32942 32 1
37022 38443 611 434 611 434 0 0 31 31 0 1421 0
38443 38444 611 434 610 434 0 1 31 30 33506 32 1
38444 38445 610 434 610 434 1 1 30 30 0 1 0
38445 38446 610 434 610 435 1 0 30 29 -33506 32 1
38446 40758 610 435 610 435 0 0 29 29 0 2312 0
40758 40759 610 435 610 434 0 1 29 28 34345 32 1
40759 40761 610 434 610 434 1 1 28 28 0 2 0
40761 40763 610 434 612 434 1 0 28 26 -34345 32 2
40763 40962 612 434 612 434 0 0 26 26 0 199 0
40962 40964 612 434 610 434 0 1 26 24 34402 32 2
40964 40965 610 434 610 434 1 1 24 24 0 1 0
40965 40966 610 434 611 434 1 0 24 23 -34402 32 1
40966 41014 611 434 611 434 0 0 23 23 0 48 0
41014 41015 611 434 610 434 0 1 23 22 34424 32 1
41015 41017 610 434 611 435 1 0 22 20 -34424 32 2
41017 41458 611 435 611 435 0 0 20 20 0 441 0
41458 41460 611 435 610 434 0 1 20 18 34577 32 2
41460 41462 610 434 610 434 1 1 18 18 0 2 0
41462 41464 610 434 610 436 1 0 18 16 -34577 32 2
41464 42132 610 436 610 436 0 0 16 16 0 668 0
42132 42134 610 436 610 434 0 1 16 14 34798 32 2
42134 42140 610 434 613 437 1 0 14 8 -34798 32 6
42140 43154 613 437 613 437 0 0 8 8 0 1014 0
43154 43160 613 437 610 434 0 1 8 2 35135 32 6
43160 43161 610 434 610 434 1 1 2 2 0 1 0
43161 43162 610 434 610 435 1 0 2 1 -35135 32 1
43162 43266 610 435 610 435 0 0 1 1 0 104 0
43266 43267 610 435 610 434 0 0 1 0 1000000000 0 1
--------------------------------------
--------------------------------------
EV8
--------------------------------------
Num TPs served = 16
TPs served = 36645 37592 38011 38733 38866 39166 39275 39347 39782 39982 40161 40272 40657 40890 41540 45031
Total energy used = 100
--------------------------------------
Schedule:
0 4414 610 434 610 434 0 0 100 100 0 4414 0
4414 4414 610 434 610 434 0 1 100 100 36645 32 0
4414 4416 610 434 610 434 1 1 100 100 0 2 0
4416 4425 610 434 619 434 1 0 100 91 -36645 32 9
4425 7163 619 434 619 434 0 0 91 91 0 2738 0
7163 7172 619 434 610 434 0 1 91 82 37592 32 9
7172 7180 610 434 614 438 1 0 82 74 -37592 32 8
7180 8292 614 438 614 438 0 0 74 74 0 1112 0
8292 8300 614 438 610 434 0 1 74 66 38011 32 8
8300 8301 610 434 610 434 1 1 66 66 0 1 0
8301 8308 610 434 616 435 1 0 66 59 -38011 32 7
8308 10244 616 435 616 435 0 0 59 59 0 1936 0
10244 10251 616 435 610 434 0 1 59 52 38733 32 7
10251 10252 610 434 610 434 1 1 52 52 0 1 0
10252 10253 610 434 610 435 1 0 52 51 -38733 32 1
10253 10578 610 435 610 435 0 0 51 51 0 325 0
10578 10579 610 435 610 434 0 1 51 50 38866 32 1
10579 10580 610 434 610 434 1 1 50 50 0 1 0
10580 10583 610 434 612 435 1 0 50 47 -38866 32 3
10583 11231 612 435 612 435 0 0 47 47 0 648 0
11231 11234 612 435 610 434 0 1 47 44 39166 32 3
11234 11236 610 434 610 434 1 1 44 44 0 2 0
11236 11238 610 434 611 435 1 0 44 42 -39166 32 2
11238 11487 611 435 611 435 0 0 42 42 0 249 0
11487 11489 611 435 610 434 0 1 42 40 39275 32 2
11489 11490 610 434 610 434 1 1 40 40 0 1 0
11490 11492 610 434 611 435 1 0 40 38 -39275 32 2
11492 11680 611 435 611 435 0 0 38 38 0 188 0
11680 11682 611 435 610 434 0 1 38 36 39347 32 2
11682 11686 610 434 614 434 1 0 36 32 -39347 32 4
11686 12810 614 434 614 434 0 0 32 32 0 1124 0
12810 12814 614 434 610 434 0 1 32 28 39782 32 4
12814 12816 610 434 610 434 1 1 28 28 0 2 0
12816 12819 610 434 612 435 1 0 28 25 -39782 32 3
12819 13373 612 435 612 435 0 0 25 25 0 554 0
13373 13376 612 435 610 434 0 1 25 22 39982 32 3
13376 13380 610 434 614 434 1 0 22 18 -39982 32 4
13380 13880 614 434 614 434 0 0 18 18 0 500 0
13880 13884 614 434 610 434 0 1 18 14 40161 32 4
13884 13887 610 434 610 434 1 1 14 14 0 3 0
13887 13888 610 434 611 434 1 0 14 13 -40161 32 1
13888 14170 611 434 611 434 0 0 13 13 0 282 0
14170 14171 611 434 610 434 0 1 13 12 40272 32 1
14171 14172 610 434 610 434 1 1 12 12 0 1 0
14172 14173 610 434 610 435 1 0 12 11 -40272 32 1
14173 15090 610 435 610 435 0 0 11 11 0 917 0
15090 15091 610 435 610 434 0 1 11 10 40657 32 1
15091 15092 610 434 610 435 1 0 10 9 -40657 32 1
15092 15634 610 435 610 435 0 0 9 9 0 542 0
15634 15635 610 435 610 434 0 1 9 8 40890 32 1
15635 15637 610 434 611 435 1 0 8 6 -40890 32 2
15637 17111 611 435 611 435 0 0 6 6 0 1474 0
17111 17113 611 435 610 434 0 1 6 4 41540 32 2
17113 17114 610 434 610 434 1 1 4 4 0 1 0
17114 17115 610 434 610 435 1 0 4 3 -41540 32 1
17115 24074 610 435 610 435 0 0 3 3 0 6959 0
24074 24075 610 435 610 434 0 1 3 2 45031 32 1
24075 24076 610 434 611 434 1 0 2 1 -45031 32 1
24076 43266 611 434 611 434 0 0 1 1 0 19190 0
43266 43267 611 434 610 434 0 0 1 0 1000000000 0 1
--------------------------------------
--------------------------------------
EV9
--------------------------------------
Num TPs served = 16
TPs served = 41690 44435 44782 45368 45550 45694 46544 46984 47015 47098 47187 48748 48938 49194 49463 49473
Total energy used = 100
--------------------------------------
Schedule:
0 17452 610 434 610 434 0 0 100 100 0 17452 0
17452 17452 610 434 610 434 0 1 100 100 41690 32 0
17452 17454 610 434 610 436 1 0 100 98 -41690 32 2
17454 22999 610 436 610 436 0 0 98 98 0 5545 0
22999 23001 610 436 610 434 0 1 98 96 44435 32 2
23001 23002 610 434 610 434 1 1 96 96 0 1 0
23002 23004 610 434 610 436 1 0 96 94 -44435 32 2
23004 23628 610 436 610 436 0 0 94 94 0 624 0
23628 23630 610 436 610 434 0 1 94 92 44782 32 2
23630 23634 610 434 610 434 1 1 92 92 0 4 0
23634 23643 610 434 619 434 1 0 92 83 -44782 32 9
23643 24668 619 434 619 434 0 0 83 83 0 1025 0
24668 24677 619 434 610 434 0 1 83 74 45368 32 9
24677 24679 610 434 610 434 1 1 74 74 0 2 0
24679 24680 610 434 611 434 1 0 74 73 -45368 32 1
24680 24970 611 434 611 434 0 0 73 73 0 290 0
24970 24971 611 434 610 434 0 1 73 72 45550 32 1
24971 24979 610 434 618 434 1 0 72 64 -45550 32 8
24979 25220 618 434 618 434 0 0 64 64 0 241 0
25220 25228 618 434 610 434 0 1 64 56 45694 32 8
25228 25230 610 434 612 434 1 0 56 54 -45694 32 2
25230 26779 612 434 612 434 0 0 54 54 0 1549 0
26779 26781 612 434 610 434 0 1 54 52 46544 32 2
26781 26783 610 434 612 434 1 0 52 50 -46544 32 2
26783 27524 612 434 612 434 0 0 50 50 0 741 0
27524 27526 612 434 610 434 0 1 50 48 46984 32 2
27526 27529 610 434 610 434 1 1 48 48 0 3 0
27529 27531 610 434 611 435 1 0 48 46 -46984 32 2
27531 27578 611 435 611 435 0 0 46 46 0 47 0
27578 27580 611 435 610 434 0 1 46 44 47015 32 2
27580 27581 610 434 610 434 1 1 44 44 0 1 0
27581 27589 610 434 617 435 1 0 44 36 -47015 32 8
27589 27713 617 435 617 435 0 0 36 36 0 124 0
27713 27721 617 435 610 434 0 1 36 28 47098 32 8
27721 27726 610 434 610 434 1 1 28 28 0 5 0
27726 27729 610 434 611 436 1 0 28 25 -47098 32 3
27729 27875 611 436 611 436 0 0 25 25 0 146 0
27875 27878 611 436 610 434 0 1 25 22 47187 32 3
27878 27879 610 434 610 434 1 1 22 22 0 1 0
27879 27883 610 434 613 435 1 0 22 18 -47187 32 4
27883 30573 613 435 613 435 0 0 18 18 0 2690 0
30573 30577 613 435 610 434 0 1 18 14 48748 32 4
30577 30579 610 434 612 434 1 0 14 12 -48748 32 2
30579 30912 612 434 612 434 0 0 12 12 0 333 0
30912 30914 612 434 610 434 0 1 12 10 48938 32 2
30914 30916 610 434 612 434 1 0 10 8 -48938 32 2
30916 31338 612 434 612 434 0 0 8 8 0 422 0
31338 31340 612 434 610 434 0 1 8 6 49194 32 2
31340 31341 610 434 610 435 1 0 6 5 -49194 32 1
31341 31855 610 435 610 435 0 0 5 5 0 514 0
31855 31856 610 435 610 434 0 1 5 4 49473 32 1
31856 31856 610 434 610 434 1 2 4 4 49463 9 0
31856 31858 610 434 612 434 2 1 4 2 -49473 32 2
31858 31859 612 434 611 434 1 0 2 1 -49463 7 1
31859 43266 611 434 611 434 0 0 1 1 0 11407 0
43266 43267 611 434 610 434 0 0 1 0 1000000000 0 1
--------------------------------------
--------------------------------------
EV10
--------------------------------------
Num TPs served = 2
TPs served = 49234 49696
Total energy used = 12
--------------------------------------
Schedule:
0 31407 610 434 610 434 0 0 100 100 0 31407 0
31407 31407 610 434 610 434 0 1 100 100 49234 32 0
31407 31409 610 434 610 434 1 1 100 100 0 2 0
31409 31413 610 434 612 436 1 0 100 96 -49234 32 4
31413 32229 612 436 612 436 0 0 96 96 0 816 0
32229 32233 612 436 610 434 0 1 96 92 49696 32 4
32233 32235 610 434 612 434 1 0 92 90 -49696 32 2
32235 43265 612 434 612 434 0 0 90 90 0 11030 0
43265 43267 612 434 610 434 0 0 90 88 1000000000 0 2
--------------------------------------
--------------------------------------
EV11
--------------------------------------
Num TPs served = 0
TPs served = 
Total energy used = 0
--------------------------------------
Schedule:
0 43265 610 434 610 434 0 0 100 100 0 43265 0
43265 43266 610 434 610 434 0 0 100 100 0 0 0
43266 43267 610 434 610 434 0 0 100 100 0 0 0
--------------------------------------

-------------------------------------------------------------------------

TPs

-------------------------------------------------------------------------

----------------------
TP66 allocated to 1
----------------------

----------------------
TP124 allocated to 1
----------------------

----------------------
TP183 allocated to 1
----------------------

----------------------
TP544 allocated to 1
----------------------

----------------------
TP615 allocated to 1
----------------------

----------------------
TP666 allocated to 1
----------------------

----------------------
TP752 allocated to 1
----------------------

----------------------
TP761 allocated to 1
----------------------

----------------------
TP819 allocated to 1
----------------------

----------------------
TP1051 allocated to 1
----------------------

----------------------
TP1169 allocated to 1
----------------------

----------------------
TP1399 allocated to 1
----------------------

----------------------
TP1502 allocated to 1
----------------------

----------------------
TP1932 allocated to 1
----------------------

----------------------
TP2026 allocated to 1
----------------------

----------------------
TP2079 allocated to 1
----------------------

----------------------
TP2230 allocated to 1
----------------------

----------------------
TP2438 allocated to 1
----------------------

----------------------
TP2476 allocated to 1
----------------------

----------------------
TP2566 allocated to 1
----------------------

----------------------
TP3344 allocated to 1
----------------------

----------------------
TP3458 allocated to 2
----------------------

----------------------
TP3646 allocated to 2
----------------------

----------------------
TP3698 allocated to 2
----------------------

----------------------
TP4710 allocated to 2
----------------------

----------------------
TP4739 allocated to 2
----------------------

----------------------
TP4917 allocated to 2
----------------------

----------------------
TP4921 allocated to 2
----------------------

----------------------
TP4943 allocated to 2
----------------------

----------------------
TP5114 allocated to 2
----------------------

----------------------
TP5133 allocated to 2
----------------------

----------------------
TP5879 allocated to 3
----------------------

----------------------
TP6167 allocated to 1
----------------------

----------------------
TP6399 allocated to 2
----------------------

----------------------
TP6996 allocated to 3
----------------------

----------------------
TP7368 allocated to 3
----------------------

----------------------
TP7460 allocated to 1
----------------------

----------------------
TP7464 allocated to 3
----------------------

----------------------
TP7542 allocated to 3
----------------------

----------------------
TP7593 allocated to 3
----------------------

----------------------
TP8082 allocated to 2
----------------------

----------------------
TP8338 allocated to 3
----------------------

----------------------
TP8443 allocated to 3
----------------------

----------------------
TP8608 allocated to 3
----------------------

----------------------
TP8841 allocated to 1
----------------------

----------------------
TP8918 allocated to 3
----------------------

----------------------
TP8933 allocated to 3
----------------------

----------------------
TP9006 allocated to 3
----------------------

----------------------
TP9022 allocated to 3
----------------------

----------------------
TP9066 allocated to 3
----------------------

----------------------
TP9087 allocated to 3
----------------------

----------------------
TP9150 allocated to 3
----------------------

----------------------
TP9168 allocated to 4
----------------------

----------------------
TP9577 allocated to 4
----------------------

----------------------
TP9623 allocated to 4
----------------------

----------------------
TP10465 allocated to 4
----------------------

----------------------
TP10523 allocated to 1
----------------------

----------------------
TP10535 allocated to 1
----------------------

----------------------
TP10576 allocated to 4
----------------------

----------------------
TP10944 allocated to 4
----------------------

----------------------
TP11433 allocated to 4
----------------------

----------------------
TP11523 allocated to 4
----------------------

----------------------
TP11625 allocated to 4
----------------------

----------------------
TP12523 allocated to 4
----------------------

----------------------
TP12699 allocated to 4
----------------------

----------------------
TP12776 allocated to 4
----------------------

----------------------
TP13144 allocated to 4
----------------------

----------------------
TP13661 allocated to 1
----------------------

----------------------
TP13918 allocated to 4
----------------------

----------------------
TP13959 allocated to 4
----------------------

----------------------
TP13961 allocated to 4
----------------------

----------------------
TP14199 allocated to 4
----------------------

----------------------
TP14268 allocated to 1
----------------------

----------------------
TP14422 allocated to 4
----------------------

----------------------
TP14629 allocated to 5
----------------------

----------------------
TP14688 allocated to 5
----------------------

----------------------
TP14885 allocated to 4
----------------------

----------------------
TP14931 allocated to 5
----------------------

----------------------
TP15004 allocated to 5
----------------------

----------------------
TP15443 allocated to 5
----------------------

----------------------
TP15596 allocated to 1
----------------------

----------------------
TP15900 allocated to 5
----------------------

----------------------
TP16477 allocated to 5
----------------------

----------------------
TP16817 allocated to 5
----------------------

----------------------
TP17337 allocated to 5
----------------------

----------------------
TP17627 allocated to 5
----------------------

----------------------
TP17661 allocated to 5
----------------------

----------------------
TP18005 allocated to 5
----------------------

----------------------
TP18119 allocated to 5
----------------------

----------------------
TP18412 allocated to 5
----------------------

----------------------
TP18486 allocated to 5
----------------------

----------------------
TP19064 allocated to 5
----------------------

----------------------
TP19099 allocated to 5
----------------------

----------------------
TP19265 allocated to 5
----------------------

----------------------
TP19286 allocated to 5
----------------------

----------------------
TP20540 allocated to 5
----------------------

----------------------
TP20591 allocated to 5
----------------------

----------------------
TP20933 allocated to 6
----------------------

----------------------
TP21239 allocated to 1
----------------------

----------------------
TP21300 allocated to 1
----------------------

----------------------
TP21304 allocated to 6
----------------------

----------------------
TP21523 allocated to 6
----------------------

----------------------
TP21694 allocated to 6
----------------------

----------------------
TP21838 allocated to 3
----------------------

----------------------
TP21862 allocated to 5
----------------------

----------------------
TP21911 allocated to 6
----------------------

----------------------
TP22385 allocated to 6
----------------------

----------------------
TP22666 allocated to 6
----------------------

----------------------
TP24249 allocated to 6
----------------------

----------------------
TP25126 allocated to 6
----------------------

----------------------
TP25216 allocated to 6
----------------------

----------------------
TP25306 allocated to 6
----------------------

----------------------
TP25549 allocated to 1
----------------------

----------------------
TP25720 allocated to 6
----------------------

----------------------
TP26340 allocated to 6
----------------------

----------------------
TP27594 allocated to 6
----------------------

----------------------
TP27960 allocated to 6
----------------------

----------------------
TP28454 allocated to 6
----------------------

----------------------
TP29008 allocated to 6
----------------------

----------------------
TP29039 allocated to 6
----------------------

----------------------
TP29480 allocated to 7
----------------------

----------------------
TP29741 allocated to 1
----------------------

----------------------
TP30178 allocated to 6
----------------------

----------------------
TP30290 allocated to 6
----------------------

----------------------
TP30423 allocated to 6
----------------------

----------------------
TP30774 allocated to 7
----------------------

----------------------
TP31410 allocated to 7
----------------------

----------------------
TP31757 allocated to 7
----------------------

----------------------
TP31835 allocated to 7
----------------------

----------------------
TP32068 allocated to 7
----------------------

----------------------
TP32405 allocated to 7
----------------------

----------------------
TP32583 allocated to 7
----------------------

----------------------
TP32942 allocated to 7
----------------------

----------------------
TP33506 allocated to 7
----------------------

----------------------
TP34217 allocated to 1
----------------------

----------------------
TP34345 allocated to 7
----------------------

----------------------
TP34402 allocated to 7
----------------------

----------------------
TP34424 allocated to 7
----------------------

----------------------
TP34577 allocated to 7
----------------------

----------------------
TP34798 allocated to 7
----------------------

----------------------
TP35135 allocated to 7
----------------------

----------------------
TP35190 allocated to 1
----------------------

----------------------
TP35747 allocated to 7
----------------------

----------------------
TP36205 allocated to 7
----------------------

----------------------
TP36482 allocated to 7
----------------------

----------------------
TP36645 allocated to 8
----------------------

----------------------
TP36679 allocated to 7
----------------------

----------------------
TP37342 allocated to 1
----------------------

----------------------
TP37592 allocated to 8
----------------------

----------------------
TP37706 allocated to 7
----------------------

----------------------
TP38011 allocated to 8
----------------------

----------------------
TP38733 allocated to 8
----------------------

----------------------
TP38866 allocated to 8
----------------------

----------------------
TP39110 allocated to 1
----------------------

----------------------
TP39166 allocated to 8
----------------------

----------------------
TP39275 allocated to 8
----------------------

----------------------
TP39347 allocated to 8
----------------------

----------------------
TP39782 allocated to 8
----------------------

----------------------
TP39982 allocated to 8
----------------------

----------------------
TP40161 allocated to 8
----------------------

----------------------
TP40272 allocated to 8
----------------------

----------------------
TP40657 allocated to 8
----------------------

----------------------
TP40753 allocated to 1
----------------------

----------------------
TP40890 allocated to 8
----------------------

----------------------
TP41170 allocated to 3
----------------------

----------------------
TP41248 allocated to 1
----------------------

----------------------
TP41540 allocated to 8
----------------------

----------------------
TP41690 allocated to 9
----------------------

----------------------
TP41813 allocated to 3
----------------------

----------------------
TP42091 allocated to 1
----------------------

----------------------
TP42366 allocated to 6
----------------------

----------------------
TP44435 allocated to 9
----------------------

----------------------
TP44713 allocated to 1
----------------------

----------------------
TP44782 allocated to 9
----------------------

----------------------
TP45031 allocated to 8
----------------------

----------------------
TP45368 allocated to 9
----------------------

----------------------
TP45426 allocated to 4
----------------------

----------------------
TP45550 allocated to 9
----------------------

----------------------
TP45694 allocated to 9
----------------------

----------------------
TP46544 allocated to 9
----------------------

----------------------
TP46558 allocated to 1
----------------------

----------------------
TP46984 allocated to 9
----------------------

----------------------
TP47015 allocated to 9
----------------------

----------------------
TP47098 allocated to 9
----------------------

----------------------
TP47187 allocated to 9
----------------------

----------------------
TP48296 allocated to 1
----------------------

----------------------
TP48748 allocated to 9
----------------------

----------------------
TP48938 allocated to 9
----------------------

----------------------
TP49194 allocated to 9
----------------------

----------------------
TP49234 allocated to 10
----------------------

----------------------
TP49463 allocated to 9
----------------------

----------------------
TP49473 allocated to 9
----------------------

----------------------
TP49696 allocated to 10
----------------------

----------------------
TP49853 allocated to 1
----------------------

-------------------------------------------------------------------------

Ride-sharing vs Individual Mode - Num Vehicles and Distance Comparisson 

-------------------------------------------------------------------------
Individual Mode = 194 vehicles.
Ride-sharing Mode = 11 vehicles. The 11 ride-sharing vehicles + 0 vehicles of the individuals not served by the ride-sharing service.
-------------------------------------------------------------------------
Individual Mode = 472 distance.
Ride-sharing Mode = 912 distance. 912 from the EV fleet + 0 from the distance of the trips not covered individuals had to do with their own vehicle.
-------------------------------------------------------------------------
