-------------------------------------------------------------------------
TPs satisfied = 93; Total TPs = 207; Percentage Satisfied + 44.9%
-------------------------------------------------------------------------

-------------------------------------------------------------------------

EVs

-------------------------------------------------------------------------
--------------------------------------
EV1
--------------------------------------
Num TPs served = 37
TPs served = 189 243 324 677 951 1048 1220 1506 1633 1726 1746 1820 1889 2291 2603 3076 3685 4934 5074 6068 7074 7465 13106 14889 18023 19542 28231 31361 34973 35488 36243 41220 42555 42715 44351 44889 45840
Total energy used = 100
--------------------------------------
Schedule:
0 361 915 372 915 372 0 0 100 100 0 361 0
361 361 915 372 915 372 0 1 100 100 189 32 0
361 364 915 372 915 375 1 0 100 97 -189 32 3
364 468 915 375 915 375 0 0 97 97 0 104 0
468 471 915 375 915 372 0 1 97 94 243 32 3
471 473 915 372 917 372 1 0 94 92 -243 32 2
473 625 917 372 917 372 0 0 92 92 0 152 0
625 627 917 372 915 372 0 1 92 90 324 32 2
627 642 915 372 928 374 1 0 90 75 -324 32 15
642 998 928 374 928 374 0 0 75 75 0 356 0
998 1013 928 374 915 372 0 1 75 60 35488 32 15
1013 1015 915 372 915 372 1 1 60 60 0 2 0
1015 1015 915 372 915 372 1 0 60 60 -35488 32 0
1015 1209 915 372 915 372 0 0 60 60 0 194 0
1209 1209 915 372 915 372 0 1 60 60 677 32 0
1209 1210 915 372 915 372 1 1 60 60 0 1 0
1210 1211 915 372 916 372 1 0 60 59 -677 32 1
1211 1673 916 372 916 372 0 0 59 59 0 462 0
1673 1674 916 372 915 372 0 1 59 58 951 32 1
1674 1678 915 372 919 372 1 0 58 54 -951 32 4
1678 1837 919 372 919 372 0 0 54 54 0 159 0
1837 1841 919 372 915 372 0 1 54 50 1048 32 4
1841 1843 915 372 916 373 1 0 50 48 -1048 32 2
1843 1882 916 373 916 373 0 0 48 48 0 39 0
1882 1884 916 373 915 372 0 1 48 46 18023 32 2
1884 1885 915 372 915 372 1 1 46 46 0 1 0
1885 1885 915 372 915 372 1 0 46 46 -18023 32 0
1885 2123 915 372 915 372 0 0 46 46 0 238 0
2123 2123 915 372 915 372 0 1 46 46 1220 32 0
2123 2125 915 372 915 372 1 1 46 46 0 2 0
2125 2128 915 372 916 374 1 0 46 43 -1220 32 3
2128 2629 916 374 916 374 0 0 43 43 0 501 0
2629 2632 916 374 915 372 0 1 43 40 1506 32 3
2632 2637 915 372 919 373 1 0 40 35 -1506 32 5
2637 2850 919 373 919 373 0 0 35 35 0 213 0
2850 2855 919 373 915 372 0 1 35 30 1633 32 5
2855 2856 915 372 915 372 1 1 30 30 0 1 0
2856 2858 915 372 917 372 1 0 30 28 -1633 32 2
2858 3013 917 372 917 372 0 0 28 28 0 155 0
3013 3015 917 372 915 372 0 1 28 26 1726 32 2
3015 3016 915 372 915 372 1 1 26 26 0 1 0
3016 3017 915 372 916 372 1 0 26 25 -1726 32 1
3017 3052 916 372 916 372 0 0 25 25 0 35 0
3052 3053 916 372 915 372 0 1 25 24 1746 32 1
3053 3054 915 372 915 373 1 0 24 23 -1746 32 1
3054 3195 915 373 915 373 0 0 23 23 0 141 0
3195 3196 915 373 915 372 0 1 23 22 36243 32 1
3196 3196 915 372 915 372 1 2 22 22 1820 9 0
3196 3198 915 372 917 372 2 1 22 20 -36243 32 2
3198 3205 917 372 923 373 1 0 20 13 -1820 11 7
3205 3306 923 373 923 373 0 0 13 13 0 101 0
3306 3315 923 373 915 372 0 1 13 4 1889 32 9
3315 3316 915 372 915 372 1 1 4 4 0 1 0
3316 3316 915 372 915 372 1 0 4 4 -1889 32 0
3316 4060 915 372 915 372 0 0 4 4 0 744 0
4060 4060 915 372 915 372 0 1 4 4 2291 32 0
4060 4062 915 372 915 372 1 1 4 4 0 2 0
4062 4062 915 372 915 372 1 0 4 4 -2291 32 0
4062 4630 915 372 915 372 0 0 4 4 0 568 0
4630 4630 915 372 915 372 0 1 4 4 2603 32 0
4630 4632 915 372 917 372 1 0 4 2 -2603 32 2
4632 5486 917 372 917 372 0 0 2 2 0 854 0
5486 5488 917 372 915 372 0 1 2 0 3076 32 2
5488 5489 915 372 915 372 1 1 0 0 0 1 0
5489 5489 915 372 915 372 1 0 0 0 -3076 32 0
5489 6609 915 372 915 372 0 0 0 0 0 1120 0
6609 6609 915 372 915 372 0 1 0 0 3685 32 0
6609 6610 915 372 915 372 1 1 0 0 0 1 0
6610 6610 915 372 915 372 1 0 0 0 -3685 32 0
6610 6693 915 372 915 372 0 0 0 0 0 83 0
6693 6693 915 372 915 372 0 1 0 0 19542 32 0
6693 6694 915 372 915 372 1 1 0 0 0 1 0
6694 6694 915 372 915 372 1 0 0 0 -19542 32 0
6694 8958 915 372 915 372 0 0 0 0 0 2264 0
8958 8958 915 372 915 372 0 1 0 0 4934 32 0
8958 8960 915 372 915 372 1 1 0 0 0 2 0
8960 8960 915 372 915 372 1 0 0 0 -4934 32 0
8960 9192 915 372 915 372 0 0 0 0 0 232 0
9192 9192 915 372 915 372 0 1 0 0 5074 32 0
9192 9194 915 372 915 372 1 1 0 0 0 2 0
9194 9194 915 372 915 372 1 0 0 0 -5074 32 0
9194 11115 915 372 915 372 0 0 0 0 0 1921 0
11115 11115 915 372 915 372 0 1 0 0 6068 32 0
11115 11118 915 372 915 372 1 1 0 0 0 3 0
11118 11118 915 372 915 372 1 0 0 0 -6068 32 0
11118 13162 915 372 915 372 0 0 0 0 0 2044 0
13162 13162 915 372 915 372 0 1 0 0 7074 32 0
13162 13164 915 372 915 372 1 1 0 0 0 2 0
13164 13164 915 372 915 372 1 0 0 0 -7074 32 0
13164 14042 915 372 915 372 0 0 0 0 0 878 0
14042 14042 915 372 915 372 0 1 0 0 7465 32 0
14042 14043 915 372 915 372 1 1 0 0 0 1 0
14043 14043 915 372 915 372 1 0 0 0 -7465 32 0
14043 16352 915 372 915 372 0 0 0 0 0 2309 0
16352 16352 915 372 915 372 0 1 0 0 41220 32 0
16352 16356 915 372 915 372 1 1 0 0 0 4 0
16356 16356 915 372 915 372 1 0 0 0 -41220 32 0
16356 19324 915 372 915 372 0 0 0 0 0 2968 0
19324 19324 915 372 915 372 0 1 0 0 42555 32 0
19324 19327 915 372 915 372 1 1 0 0 0 3 0
19327 19327 915 372 915 372 1 0 0 0 -42555 32 0
19327 19663 915 372 915 372 0 0 0 0 0 336 0
19663 19663 915 372 915 372 0 1 0 0 42715 32 0
19663 19665 915 372 915 372 1 1 0 0 0 2 0
19665 19665 915 372 915 372 1 0 0 0 -42715 32 0
19665 22842 915 372 915 372 0 0 0 0 0 3177 0
22842 22842 915 372 915 372 0 1 0 0 44351 32 0
22842 22846 915 372 915 372 1 1 0 0 0 4 0
22846 22846 915 372 915 372 1 0 0 0 -44351 32 0
22846 23827 915 372 915 372 0 0 0 0 0 981 0
23827 23827 915 372 915 372 0 1 0 0 44889 32 0
23827 23834 915 372 915 372 1 1 0 0 0 7 0
23834 23834 915 372 915 372 1 0 0 0 -44889 32 0
23834 25492 915 372 915 372 0 0 0 0 0 1658 0
25492 25492 915 372 915 372 0 1 0 0 45840 32 0
25492 25493 915 372 915 372 1 1 0 0 0 1 0
25493 25493 915 372 915 372 1 0 0 0 -45840 32 0
25493 26966 915 372 915 372 0 0 0 0 0 1473 0
26966 26966 915 372 915 372 0 1 0 0 28231 32 0
26966 26967 915 372 915 372 1 1 0 0 0 1 0
26967 26967 915 372 915 372 1 0 0 0 -28231 32 0
26967 30701 915 372 915 372 0 0 0 0 0 3734 0
30701 30701 915 372 915 372 0 1 0 0 13106 32 0
30701 30702 915 372 915 372 1 1 0 0 0 1 0
30702 30702 915 372 915 372 1 0 0 0 -13106 32 0
30702 33303 915 372 915 372 0 0 0 0 0 2601 0
33303 33303 915 372 915 372 0 1 0 0 31361 32 0
33303 33308 915 372 915 372 1 1 0 0 0 5 0
33308 33308 915 372 915 372 1 0 0 0 -31361 32 0
33308 37387 915 372 915 372 0 0 0 0 0 4079 0
37387 37387 915 372 915 372 0 1 0 0 14889 32 0
37387 37388 915 372 915 372 1 1 0 0 0 1 0
37388 37388 915 372 915 372 1 0 0 0 -14889 32 0
37388 42697 915 372 915 372 0 0 0 0 0 5309 0
42697 42697 915 372 915 372 0 1 0 0 34973 32 0
42697 42700 915 372 915 372 1 1 0 0 0 3 0
42700 42700 915 372 915 372 1 0 0 0 -34973 32 0
42700 43267 915 372 915 372 0 0 0 0 0 567 0
43267 43267 915 372 915 372 0 0 0 0 1000000000 0 0
--------------------------------------
--------------------------------------
EV2
--------------------------------------
Num TPs served = 14
TPs served = 2488 3666 4040 4312 4587 4911 5515 5885 6143 6364 6623 6655 7198 20314
Total energy used = 100
--------------------------------------
Schedule:
0 4424 915 372 915 372 0 0 100 100 0 4424 0
4424 4424 915 372 915 372 0 1 100 100 2488 32 0
4424 4426 915 372 915 372 1 1 100 100 0 2 0
4426 4430 915 372 919 372 1 0 100 96 -2488 32 4
4430 6567 919 372 919 372 0 0 96 96 0 2137 0
6567 6571 919 372 915 372 0 1 96 92 3666 32 4
6571 6575 915 372 915 372 1 1 92 92 0 4 0
6575 6576 915 372 916 372 1 0 92 91 -3666 32 1
6576 7265 916 372 916 372 0 0 91 91 0 689 0
7265 7266 916 372 915 372 0 1 91 90 4040 32 1
7266 7270 915 372 916 375 1 0 90 86 -4040 32 4
7270 7742 916 375 916 375 0 0 86 86 0 472 0
7742 7746 916 375 915 372 0 1 86 82 4312 32 4
7746 7747 915 372 915 373 1 0 82 81 -4312 32 1
7747 8295 915 373 915 373 0 0 81 81 0 548 0
8295 8296 915 373 915 372 0 1 81 80 4587 32 1
8296 8297 915 372 915 372 1 1 80 80 0 1 0
8297 8311 915 372 920 381 1 0 80 66 -4587 32 14
8311 8905 920 381 920 381 0 0 66 66 0 594 0
8905 8919 920 381 915 372 0 1 66 52 20314 32 14
8919 8924 915 372 915 372 1 1 52 52 0 5 0
8924 8924 915 372 915 372 1 2 52 52 4911 32 0
8924 8925 915 372 916 372 2 1 52 51 -20314 27 1
8925 8926 916 372 917 372 1 0 51 50 -4911 32 1
8926 10019 917 372 917 372 0 0 50 50 0 1093 0
10019 10021 917 372 915 372 0 1 50 48 5515 32 2
10021 10022 915 372 916 372 1 0 48 47 -5515 32 1
10022 10764 916 372 916 372 0 0 47 47 0 742 0
10764 10765 916 372 915 372 0 1 47 46 5885 32 1
10765 10768 915 372 917 373 1 0 46 43 -5885 32 3
10768 11251 917 373 917 373 0 0 43 43 0 483 0
11251 11254 917 373 915 372 0 1 43 40 6143 32 3
11254 11256 915 372 915 374 1 0 40 38 -6143 32 2
11256 11688 915 374 915 374 0 0 38 38 0 432 0
11688 11690 915 374 915 372 0 1 38 36 6364 32 2
11690 11691 915 372 915 372 1 1 36 36 0 1 0
11691 11700 915 372 922 374 1 0 36 27 -6364 32 9
11700 12201 922 374 922 374 0 0 27 27 0 501 0
12201 12210 922 374 915 372 0 1 27 18 6623 32 9
12210 12211 915 372 915 372 1 1 18 18 0 1 0
12211 12214 915 372 918 372 1 0 18 15 -6623 32 3
12214 12274 918 372 918 372 0 0 15 15 0 60 0
12274 12277 918 372 915 372 0 1 15 12 6655 32 3
12277 12282 915 372 919 373 1 0 12 7 -6655 32 5
12282 13443 919 373 919 373 0 0 7 7 0 1161 0
13443 13448 919 373 915 372 0 1 7 2 7198 32 5
13448 13450 915 372 915 372 1 1 2 2 0 2 0
13450 13451 915 372 916 372 1 0 2 1 -7198 32 1
13451 43266 916 372 916 372 0 0 1 1 0 29815 0
43266 43267 916 372 915 372 0 0 1 0 1000000000 0 1
--------------------------------------
--------------------------------------
EV3
--------------------------------------
Num TPs served = 16
TPs served = 7380 7432 7458 7496 7826 8378 8505 8834 8915 8945 9112 9483 9575 10097 10476 10849
Total energy used = 100
--------------------------------------
Schedule:
0 13832 915 372 915 372 0 0 100 100 0 13832 0
13832 13832 915 372 915 372 0 1 100 100 7380 32 0
13832 13833 915 372 915 372 1 1 100 100 0 1 0
13833 13835 915 372 917 372 1 0 100 98 -7380 32 2
13835 13955 917 372 917 372 0 0 98 98 0 120 0
13955 13957 917 372 915 372 0 1 98 96 7432 32 2
13957 13958 915 372 915 373 1 0 96 95 -7432 32 1
13958 14026 915 373 915 373 0 0 95 95 0 68 0
14026 14027 915 373 915 372 0 1 95 94 7458 32 1
14027 14029 915 372 917 372 1 0 94 92 -7458 32 2
14029 14113 917 372 917 372 0 0 92 92 0 84 0
14113 14115 917 372 915 372 0 1 92 90 7496 32 2
14115 14116 915 372 916 372 1 0 90 89 -7496 32 1
14116 14820 916 372 916 372 0 0 89 89 0 704 0
14820 14821 916 372 915 372 0 1 89 88 7826 32 1
14821 14823 915 372 917 372 1 0 88 86 -7826 32 2
14823 16097 917 372 917 372 0 0 86 86 0 1274 0
16097 16099 917 372 915 372 0 1 86 84 8378 32 2
16099 16107 915 372 915 380 1 0 84 76 -8378 32 8
16107 16365 915 380 915 380 0 0 76 76 0 258 0
16365 16373 915 380 915 372 0 1 76 68 8505 32 8
16373 16374 915 372 915 372 1 1 68 68 0 1 0
16374 16375 915 372 915 373 1 0 68 67 -8505 32 1
16375 17213 915 373 915 373 0 0 67 67 0 838 0
17213 17214 915 373 915 372 0 1 67 66 8834 32 1
17214 17215 915 372 916 372 1 0 66 65 -8834 32 1
17215 17431 916 372 916 372 0 0 65 65 0 216 0
17431 17432 916 372 915 372 0 1 65 64 8915 32 1
17432 17436 915 372 919 372 1 0 64 60 -8915 32 4
17436 17505 919 372 919 372 0 0 60 60 0 69 0
17505 17509 919 372 915 372 0 1 60 56 8945 32 4
17509 17513 915 372 918 373 1 0 56 52 -8945 32 4
17513 17922 918 373 918 373 0 0 52 52 0 409 0
17922 17926 918 373 915 372 0 1 52 48 9112 32 4
17926 17928 915 372 915 372 1 1 48 48 0 2 0
17928 17932 915 372 916 375 1 0 48 44 -9112 32 4
17932 18979 916 375 916 375 0 0 44 44 0 1047 0
18979 18983 916 375 915 372 0 1 44 40 9483 32 4
18983 18984 915 372 915 372 1 1 40 40 0 1 0
18984 18999 915 372 923 379 1 0 40 25 -9483 32 15
18999 19213 923 379 923 379 0 0 25 25 0 214 0
19213 19228 923 379 915 372 0 1 25 10 9575 32 15
19228 19229 915 372 915 373 1 0 10 9 -9575 32 1
19229 20691 915 373 915 373 0 0 9 9 0 1462 0
20691 20692 915 373 915 372 0 1 9 8 10097 32 1
20692 20693 915 372 915 372 1 1 8 8 0 1 0
20693 20694 915 372 916 372 1 0 8 7 -10097 32 1
20694 21775 916 372 916 372 0 0 7 7 0 1081 0
21775 21776 916 372 915 372 0 1 7 6 10476 32 1
21776 21777 915 372 915 372 1 1 6 6 0 1 0
21777 21779 915 372 917 372 1 0 6 4 -10476 32 2
21779 22891 917 372 917 372 0 0 4 4 0 1112 0
22891 22893 917 372 915 372 0 1 4 2 10849 32 2
22893 22894 915 372 916 372 1 0 2 1 -10849 32 1
22894 43266 916 372 916 372 0 0 1 1 0 20372 0
43266 43267 916 372 915 372 0 0 1 0 1000000000 0 1
--------------------------------------
--------------------------------------
EV4
--------------------------------------
Num TPs served = 26
TPs served = 11005 11085 11509 11638 11641 11768 12475 13621 13975 14583 15179 15361 15480 15546 15730 15801 15942 16058 16114 16685 16759 16987 33530 34157 34735 47481
Total energy used = 100
--------------------------------------
Schedule:
0 23390 915 372 915 372 0 0 100 100 0 23390 0
23390 23390 915 372 915 372 0 1 100 100 11005 32 0
23390 23393 915 372 918 372 1 0 100 97 -11005 32 3
23393 23630 918 372 918 372 0 0 97 97 0 237 0
23630 23633 918 372 915 372 0 1 97 94 11085 32 3
23633 23634 915 372 915 373 1 0 94 93 -11085 32 1
23634 25019 915 373 915 373 0 0 93 93 0 1385 0
25019 25020 915 373 915 372 0 1 93 92 11509 32 1
25020 25021 915 372 916 372 1 0 92 91 -11509 32 1
25021 25481 916 372 916 372 0 0 91 91 0 460 0
25481 25482 916 372 915 372 0 1 91 90 11641 32 1
25482 25482 915 372 915 372 1 2 90 90 11638 25 0
25482 25483 915 372 915 372 2 2 90 90 0 1 0
25483 25485 915 372 916 373 2 1 90 88 -11641 32 2
25485 25486 916 373 916 372 1 0 88 87 -11638 22 1
25486 25902 916 372 916 372 0 0 87 87 0 416 0
25902 25903 916 372 915 372 0 1 87 86 11768 32 1
25903 25905 915 372 916 373 1 0 86 84 -11768 32 2
25905 28333 916 373 916 373 0 0 84 84 0 2428 0
28333 28335 916 373 915 372 0 1 84 82 47481 32 2
28335 28341 915 372 915 372 1 1 82 82 0 6 0
28341 28341 915 372 915 372 1 2 82 82 12475 32 0
28341 28344 915 372 918 372 2 1 82 79 -47481 26 3
28344 28344 918 372 918 372 1 0 79 79 -12475 32 0
28344 32564 918 372 918 372 0 0 79 79 0 4220 0
32564 32567 918 372 915 372 0 1 79 76 13621 32 3
32567 32569 915 372 916 373 1 0 76 74 -13621 32 2
32569 33884 916 373 916 373 0 0 74 74 0 1315 0
33884 33886 916 373 915 372 0 1 74 72 13975 32 2
33886 33890 915 372 919 372 1 0 72 68 -13975 32 4
33890 36187 919 372 919 372 0 0 68 68 0 2297 0
36187 36191 919 372 915 372 0 1 68 64 14583 32 4
36191 36193 915 372 915 372 1 1 64 64 0 2 0
36193 36194 915 372 916 372 1 0 64 63 -14583 32 1
36194 38513 916 372 916 372 0 0 63 63 0 2319 0
38513 38514 916 372 915 372 0 1 63 62 33530 32 1
38514 38532 915 372 915 372 1 1 62 62 0 18 0
38532 38532 915 372 915 372 1 2 62 62 15179 32 0
38532 38533 915 372 916 372 2 1 62 61 -33530 14 1
38533 38539 916 372 921 373 1 0 61 55 -15179 32 6
38539 39222 921 373 921 373 0 0 55 55 0 683 0
39222 39229 921 373 915 372 0 1 55 48 15361 32 7
39229 39231 915 372 917 372 1 0 48 46 -15361 32 2
39231 39643 917 372 917 372 0 0 46 46 0 412 0
39643 39645 917 372 915 372 0 1 46 44 15480 32 2
39645 39646 915 372 915 372 1 1 44 44 0 1 0
39646 39647 915 372 915 373 1 0 44 43 -15480 32 1
39647 39873 915 373 915 373 0 0 43 43 0 226 0
39873 39874 915 373 915 372 0 1 43 42 15546 32 1
39874 39877 915 372 915 372 1 1 42 42 0 3 0
39877 39878 915 372 916 372 1 0 42 41 -15546 32 1
39878 40237 916 372 916 372 0 0 41 41 0 359 0
40237 40238 916 372 915 372 0 1 41 40 34157 32 1
40238 40267 915 372 915 372 1 1 40 40 0 29 0
40267 40267 915 372 915 372 1 2 40 40 15730 32 0
40267 40268 915 372 915 373 2 1 40 39 -34157 3 1
40268 40269 915 373 915 374 1 0 39 38 -15730 32 1
40269 40392 915 374 915 374 0 0 38 38 0 123 0
40392 40394 915 374 915 372 0 1 38 36 15801 32 2
40394 40397 915 372 915 375 1 0 36 33 -15801 32 3
40397 40627 915 375 915 375 0 0 33 33 0 230 0
40627 40630 915 375 915 372 0 1 33 30 15942 32 3
40630 40631 915 372 916 372 1 0 30 29 -15942 32 1
40631 40844 916 372 916 372 0 0 29 29 0 213 0
40844 40845 916 372 915 372 0 1 29 28 16058 32 1
40845 40847 915 372 916 373 1 0 28 26 -16058 32 2
40847 40971 916 373 916 373 0 0 26 26 0 124 0
40971 40973 916 373 915 372 0 1 26 24 16114 32 2
40973 40979 915 372 918 375 1 0 24 18 -16114 32 6
40979 41926 918 375 918 375 0 0 18 18 0 947 0
41926 41932 918 375 915 372 0 1 18 12 34735 32 6
41932 41932 915 372 915 372 1 2 12 12 16685 27 0
41932 41935 915 372 915 372 2 2 12 12 0 3 0
41935 41936 915 372 916 372 2 1 12 11 -34735 32 1
41936 41937 916 372 917 372 1 0 11 10 -16685 25 1
41937 42059 917 372 917 372 0 0 10 10 0 122 0
42059 42061 917 372 915 372 0 1 10 8 16759 32 2
42061 42063 915 372 916 373 1 0 8 6 -16759 32 2
42063 42479 916 373 916 373 0 0 6 6 0 416 0
42479 42481 916 373 915 372 0 1 6 4 16987 32 2
42481 42483 915 372 916 373 1 0 4 2 -16987 32 2
42483 43265 916 373 916 373 0 0 2 2 0 782 0
43265 43267 916 373 915 372 0 0 2 0 1000000000 0 2
--------------------------------------

-------------------------------------------------------------------------

TPs

-------------------------------------------------------------------------

----------------------
TP189 allocated to 1
----------------------

----------------------
TP243 allocated to 1
----------------------

----------------------
TP324 allocated to 1
----------------------

----------------------
TP677 allocated to 1
----------------------

----------------------
TP951 allocated to 1
----------------------

----------------------
TP1048 allocated to 1
----------------------

----------------------
TP1220 allocated to 1
----------------------

----------------------
TP1506 allocated to 1
----------------------

----------------------
TP1633 allocated to 1
----------------------

----------------------
TP1726 allocated to 1
----------------------

----------------------
TP1746 allocated to 1
----------------------

----------------------
TP1820 allocated to 1
----------------------

----------------------
TP1889 allocated to 1
----------------------

----------------------
TP2291 allocated to 1
----------------------

----------------------
TP2488 allocated to 2
----------------------

----------------------
TP2603 allocated to 1
----------------------

----------------------
TP3076 allocated to 1
----------------------

----------------------
TP3666 allocated to 2
----------------------

----------------------
TP3685 allocated to 1
----------------------

----------------------
TP4040 allocated to 2
----------------------

----------------------
TP4312 allocated to 2
----------------------

----------------------
TP4587 allocated to 2
----------------------

----------------------
TP4911 allocated to 2
----------------------

----------------------
TP4934 allocated to 1
----------------------

----------------------
TP5074 allocated to 1
----------------------

----------------------
TP5515 allocated to 2
----------------------

----------------------
TP5885 allocated to 2
----------------------

----------------------
TP6068 allocated to 1
----------------------

----------------------
TP6143 allocated to 2
----------------------

----------------------
TP6364 allocated to 2
----------------------

----------------------
TP6623 allocated to 2
----------------------

----------------------
TP6655 allocated to 2
----------------------

----------------------
TP7074 allocated to 1
----------------------

----------------------
TP7198 allocated to 2
----------------------

----------------------
TP7380 allocated to 3
----------------------

----------------------
TP7432 allocated to 3
----------------------

----------------------
TP7458 allocated to 3
----------------------

----------------------
TP7465 allocated to 1
----------------------

----------------------
TP7496 allocated to 3
----------------------

----------------------
TP7826 allocated to 3
----------------------

----------------------
TP8378 allocated to 3
----------------------

----------------------
TP8505 allocated to 3
----------------------

----------------------
TP8834 allocated to 3
----------------------

----------------------
TP8915 allocated to 3
----------------------

----------------------
TP8945 allocated to 3
----------------------

----------------------
TP9112 allocated to 3
----------------------

----------------------
TP9483 allocated to 3
----------------------

----------------------
TP9575 allocated to 3
----------------------

----------------------
TP10097 allocated to 3
----------------------

----------------------
TP10476 allocated to 3
----------------------

----------------------
TP10849 allocated to 3
----------------------

----------------------
TP11005 allocated to 4
----------------------

----------------------
TP11085 allocated to 4
----------------------

----------------------
TP11509 allocated to 4
----------------------

----------------------
TP11638 allocated to 4
----------------------

----------------------
TP11641 allocated to 4
----------------------

----------------------
TP11768 allocated to 4
----------------------

----------------------
TP12475 allocated to 4
----------------------

----------------------
TP13106 allocated to 1
----------------------

----------------------
TP13621 allocated to 4
----------------------

----------------------
TP13975 allocated to 4
----------------------

----------------------
TP14583 allocated to 4
----------------------

----------------------
TP14889 allocated to 1
----------------------

----------------------
TP15179 allocated to 4
----------------------

----------------------
TP15361 allocated to 4
----------------------

----------------------
TP15480 allocated to 4
----------------------

----------------------
TP15546 allocated to 4
----------------------

----------------------
TP15730 allocated to 4
----------------------

----------------------
TP15801 allocated to 4
----------------------

----------------------
TP15942 allocated to 4
----------------------

----------------------
TP16058 allocated to 4
----------------------

----------------------
TP16114 allocated to 4
----------------------

----------------------
TP16685 allocated to 4
----------------------

----------------------
TP16759 allocated to 4
----------------------

----------------------
TP16987 allocated to 4
----------------------

----------------------
TP17050 not allocated
----------------------

----------------------
TP17207 not allocated
----------------------

----------------------
TP17334 not allocated
----------------------

----------------------
TP17455 not allocated
----------------------

----------------------
TP17830 not allocated
----------------------

----------------------
TP17863 not allocated
----------------------

----------------------
TP17943 not allocated
----------------------

----------------------
TP18023 allocated to 1
----------------------

----------------------
TP18293 not allocated
----------------------

----------------------
TP18575 not allocated
----------------------

----------------------
TP19185 not allocated
----------------------

----------------------
TP19542 allocated to 1
----------------------

----------------------
TP20060 not allocated
----------------------

----------------------
TP20138 not allocated
----------------------

----------------------
TP20314 allocated to 2
----------------------

----------------------
TP20452 not allocated
----------------------

----------------------
TP20714 not allocated
----------------------

----------------------
TP20766 not allocated
----------------------

----------------------
TP20902 not allocated
----------------------

----------------------
TP21065 not allocated
----------------------

----------------------
TP21115 not allocated
----------------------

----------------------
TP21835 not allocated
----------------------

----------------------
TP22458 not allocated
----------------------

----------------------
TP23194 not allocated
----------------------

----------------------
TP23406 not allocated
----------------------

----------------------
TP23882 not allocated
----------------------

----------------------
TP24103 not allocated
----------------------

----------------------
TP25249 not allocated
----------------------

----------------------
TP25254 not allocated
----------------------

----------------------
TP25914 not allocated
----------------------

----------------------
TP26929 not allocated
----------------------

----------------------
TP27191 not allocated
----------------------

----------------------
TP27802 not allocated
----------------------

----------------------
TP28047 not allocated
----------------------

----------------------
TP28231 allocated to 1
----------------------

----------------------
TP28424 not allocated
----------------------

----------------------
TP28609 not allocated
----------------------

----------------------
TP29201 not allocated
----------------------

----------------------
TP29442 not allocated
----------------------

----------------------
TP29975 not allocated
----------------------

----------------------
TP30116 not allocated
----------------------

----------------------
TP30153 not allocated
----------------------

----------------------
TP30272 not allocated
----------------------

----------------------
TP30389 not allocated
----------------------

----------------------
TP30775 not allocated
----------------------

----------------------
TP30863 not allocated
----------------------

----------------------
TP31136 not allocated
----------------------

----------------------
TP31361 allocated to 1
----------------------

----------------------
TP31668 not allocated
----------------------

----------------------
TP31945 not allocated
----------------------

----------------------
TP32795 not allocated
----------------------

----------------------
TP33129 not allocated
----------------------

----------------------
TP33324 not allocated
----------------------

----------------------
TP33530 allocated to 4
----------------------

----------------------
TP34018 not allocated
----------------------

----------------------
TP34157 allocated to 4
----------------------

----------------------
TP34515 not allocated
----------------------

----------------------
TP34696 not allocated
----------------------

----------------------
TP34735 allocated to 4
----------------------

----------------------
TP34973 allocated to 1
----------------------

----------------------
TP35148 not allocated
----------------------

----------------------
TP35168 not allocated
----------------------

----------------------
TP35488 allocated to 1
----------------------

----------------------
TP35538 not allocated
----------------------

----------------------
TP35922 not allocated
----------------------

----------------------
TP36099 not allocated
----------------------

----------------------
TP36243 allocated to 1
----------------------

----------------------
TP36543 not allocated
----------------------

----------------------
TP37194 not allocated
----------------------

----------------------
TP37487 not allocated
----------------------

----------------------
TP37643 not allocated
----------------------

----------------------
TP37932 not allocated
----------------------

----------------------
TP38374 not allocated
----------------------

----------------------
TP38465 not allocated
----------------------

----------------------
TP38701 not allocated
----------------------

----------------------
TP38910 not allocated
----------------------

----------------------
TP39220 not allocated
----------------------

----------------------
TP39405 not allocated
----------------------

----------------------
TP39453 not allocated
----------------------

----------------------
TP39458 not allocated
----------------------

----------------------
TP39618 not allocated
----------------------

----------------------
TP39753 not allocated
----------------------

----------------------
TP39828 not allocated
----------------------

----------------------
TP40024 not allocated
----------------------

----------------------
TP40032 not allocated
----------------------

----------------------
TP40363 not allocated
----------------------

----------------------
TP40676 not allocated
----------------------

----------------------
TP41027 not allocated
----------------------

----------------------
TP41087 not allocated
----------------------

----------------------
TP41164 not allocated
----------------------

----------------------
TP41220 allocated to 1
----------------------

----------------------
TP41446 not allocated
----------------------

----------------------
TP41504 not allocated
----------------------

----------------------
TP41793 not allocated
----------------------

----------------------
TP42452 not allocated
----------------------

----------------------
TP42555 allocated to 1
----------------------

----------------------
TP42715 allocated to 1
----------------------

----------------------
TP42857 not allocated
----------------------

----------------------
TP43393 not allocated
----------------------

----------------------
TP43712 not allocated
----------------------

----------------------
TP43947 not allocated
----------------------

----------------------
TP44204 not allocated
----------------------

----------------------
TP44351 allocated to 1
----------------------

----------------------
TP44596 not allocated
----------------------

----------------------
TP44720 not allocated
----------------------

----------------------
TP44889 allocated to 1
----------------------

----------------------
TP44946 not allocated
----------------------

----------------------
TP45172 not allocated
----------------------

----------------------
TP45208 not allocated
----------------------

----------------------
TP45217 not allocated
----------------------

----------------------
TP45377 not allocated
----------------------

----------------------
TP45840 allocated to 1
----------------------

----------------------
TP46437 not allocated
----------------------

----------------------
TP47016 not allocated
----------------------

----------------------
TP47164 not allocated
----------------------

----------------------
TP47209 not allocated
----------------------

----------------------
TP47481 allocated to 4
----------------------

----------------------
TP47513 not allocated
----------------------

----------------------
TP47699 not allocated
----------------------

----------------------
TP47810 not allocated
----------------------

----------------------
TP47949 not allocated
----------------------

----------------------
TP47960 not allocated
----------------------

----------------------
TP48217 not allocated
----------------------

----------------------
TP48232 not allocated
----------------------

----------------------
TP48777 not allocated
----------------------

----------------------
TP48808 not allocated
----------------------

----------------------
TP48900 not allocated
----------------------

----------------------
TP49016 not allocated
----------------------

----------------------
TP49197 not allocated
----------------------

----------------------
TP49539 not allocated
----------------------

----------------------
TP49592 not allocated
----------------------

----------------------
TP49739 not allocated
----------------------

-------------------------------------------------------------------------

Ride-sharing vs Individual Mode - Num Vehicles and Distance Comparisson 

-------------------------------------------------------------------------
Individual Mode = 207 vehicles.
Ride-sharing Mode = 118 vehicles. The 4 ride-sharing vehicles + 114 vehicles of the individuals not served by the ride-sharing service.
-------------------------------------------------------------------------
Individual Mode = 523 distance.
Ride-sharing Mode = 713 distance. 400 from the EV fleet + 313 from the distance of the trips not covered individuals had to do with their own vehicle.
-------------------------------------------------------------------------
