-------------------------------------------------------------------------
TPs satisfied = 86; Total TPs = 153; Percentage Satisfied + 56.2%
-------------------------------------------------------------------------

-------------------------------------------------------------------------

EVs

-------------------------------------------------------------------------
--------------------------------------
EV1
--------------------------------------
Num TPs served = 3
TPs served = 213 35226 35260
Total energy used = 2
--------------------------------------
Schedule:
0 249 488 248 488 248 0 0 100 100 0 249 0
249 249 488 248 488 248 0 1 100 100 35226 32 0
249 250 488 248 489 248 1 0 100 99 -35226 32 1
250 347 489 248 489 248 0 0 99 99 0 97 0
347 348 489 248 488 248 0 1 99 98 35260 32 1
348 349 488 248 488 248 1 1 98 98 0 1 0
349 349 488 248 488 248 1 0 98 98 -35260 32 0
349 407 488 248 488 248 0 0 98 98 0 58 0
407 407 488 248 488 248 0 1 98 98 213 32 0
407 408 488 248 488 248 1 1 98 98 0 1 0
408 408 488 248 488 248 1 0 98 98 -213 32 0
408 43267 488 248 488 248 0 0 98 98 1000000000 42859 0
--------------------------------------
--------------------------------------
EV2
--------------------------------------
Num TPs served = 35
TPs served = 341 433 937 1015 1071 1200 1512 1941 2344 2773 2856 3589 3891 4114 4191 4375 4425 4440 4945 5458 9276 9917 12226 12572 20089 20101 23043 24252 24744 26361 26878 30215 34782 37576 47344
Total energy used = 100
--------------------------------------
Schedule:
0 653 488 248 488 248 0 0 100 100 0 653 0
653 653 488 248 488 248 0 1 100 100 341 32 0
653 654 488 248 488 248 1 1 100 100 0 1 0
654 658 488 248 492 248 1 0 100 96 -341 32 4
658 786 492 248 492 248 0 0 96 96 0 128 0
786 790 492 248 488 248 0 1 96 92 433 32 4
790 792 488 248 488 248 1 1 92 92 0 2 0
792 798 488 248 490 252 1 0 92 86 -433 32 6
798 1647 490 252 490 252 0 0 86 86 0 849 0
1647 1653 490 252 488 248 0 1 86 80 937 32 6
1653 1654 488 248 488 248 1 1 80 80 0 1 0
1654 1660 488 248 492 250 1 0 80 74 -937 32 6
1660 1785 492 250 492 250 0 0 74 74 0 125 0
1785 1791 492 250 488 248 0 1 74 68 1015 32 6
1791 1793 488 248 490 248 1 0 68 66 -1015 32 2
1793 1873 490 248 490 248 0 0 66 66 0 80 0
1873 1875 490 248 488 248 0 1 66 64 1071 32 2
1875 1877 488 248 488 248 1 1 64 64 0 2 0
1877 1877 488 248 488 248 1 0 64 64 -1071 32 0
1877 2089 488 248 488 248 0 0 64 64 0 212 0
2089 2089 488 248 488 248 0 1 64 64 1200 32 0
2089 2090 488 248 488 248 1 1 64 64 0 1 0
2090 2091 488 248 489 248 1 0 64 63 -1200 32 1
2091 2638 489 248 489 248 0 0 63 63 0 547 0
2638 2639 489 248 488 248 0 1 63 62 1512 32 1
2639 2640 488 248 488 248 1 1 62 62 0 1 0
2640 2643 488 248 491 248 1 0 62 59 -1512 32 3
2643 3413 491 248 491 248 0 0 59 59 0 770 0
3413 3416 491 248 488 248 0 1 59 56 1941 32 3
3416 3419 488 248 489 250 1 0 56 53 -1941 32 3
3419 4157 489 250 489 250 0 0 53 53 0 738 0
4157 4160 489 250 488 248 0 1 53 50 2344 32 3
4160 4161 488 248 489 248 1 0 50 49 -2344 32 1
4161 4941 489 248 489 248 0 0 49 49 0 780 0
4941 4942 489 248 488 248 0 1 49 48 2773 32 1
4942 4945 488 248 488 248 1 1 48 48 0 3 0
4945 4946 488 248 489 248 1 0 48 47 -2773 32 1
4946 5092 489 248 489 248 0 0 47 47 0 146 0
5092 5093 489 248 488 248 0 1 47 46 2856 32 1
5093 5096 488 248 489 250 1 0 46 43 -2856 32 3
5096 6420 489 250 489 250 0 0 43 43 0 1324 0
6420 6423 489 250 488 248 0 1 43 40 3589 32 3
6423 6424 488 248 488 248 1 1 40 40 0 1 0
6424 6429 488 248 490 251 1 0 40 35 -3589 32 5
6429 6966 490 251 490 251 0 0 35 35 0 537 0
6966 6971 490 251 488 248 0 1 35 30 3891 32 5
6971 6977 488 248 488 248 1 1 30 30 0 6 0
6977 6979 488 248 488 250 1 0 30 28 -3891 32 2
6979 7115 488 250 488 250 0 0 28 28 0 136 0
7115 7117 488 250 488 248 0 1 28 26 37576 32 2
7117 7118 488 248 488 248 1 1 26 26 0 1 0
7118 7118 488 248 488 248 1 0 26 26 -37576 32 0
7118 7402 488 248 488 248 0 0 26 26 0 284 0
7402 7402 488 248 488 248 0 1 26 26 4114 32 0
7402 7404 488 248 490 248 1 0 26 24 -4114 32 2
7404 7541 490 248 490 248 0 0 24 24 0 137 0
7541 7543 490 248 488 248 0 1 24 22 4191 32 2
7543 7545 488 248 488 248 1 1 22 22 0 2 0
7545 7546 488 248 489 248 1 0 22 21 -4191 32 1
7546 7864 489 248 489 248 0 0 21 21 0 318 0
7864 7865 489 248 488 248 0 1 21 20 4375 32 1
7865 7868 488 248 488 248 1 1 20 20 0 3 0
7868 7871 488 248 491 248 1 0 20 17 -4375 32 3
7871 7990 491 248 491 248 0 0 17 17 0 119 0
7990 7993 491 248 488 248 0 1 17 14 4440 32 3
7993 7993 488 248 488 248 1 2 14 14 4425 4 0
7993 7994 488 248 488 249 2 1 14 13 -4440 32 1
7994 7996 488 249 489 248 1 0 13 11 -4425 2 2
7996 8274 489 248 489 248 0 0 11 11 0 278 0
8274 8275 489 248 488 248 0 1 11 10 20089 32 1
8275 8310 488 248 488 248 1 1 10 10 0 35 0
8310 8310 488 248 488 248 1 2 10 10 20101 32 0
8310 8310 488 248 488 248 2 1 10 10 -20089 1 0
8310 8311 488 248 488 248 1 1 10 10 0 1 0
8311 8311 488 248 488 248 1 0 10 10 -20101 32 0
8311 8976 488 248 488 248 0 0 10 10 0 665 0
8976 8976 488 248 488 248 0 1 10 10 4945 32 0
8976 8977 488 248 488 248 1 1 10 10 0 1 0
8977 8980 488 248 490 249 1 0 10 7 -4945 32 3
8980 9923 490 249 490 249 0 0 7 7 0 943 0
9923 9926 490 249 488 248 0 1 7 4 5458 32 3
9926 9927 488 248 488 248 1 1 4 4 0 1 0
9927 9929 488 248 490 248 1 0 4 2 -5458 32 2
9929 16088 490 248 490 248 0 0 2 2 0 6159 0
16088 16090 490 248 488 248 0 1 2 0 23043 32 2
16090 16093 488 248 488 248 1 1 0 0 0 3 0
16093 16093 488 248 488 248 1 0 0 0 -23043 32 0
16093 18429 488 248 488 248 0 0 0 0 0 2336 0
18429 18429 488 248 488 248 0 1 0 0 9276 32 0
18429 18432 488 248 488 248 1 1 0 0 0 3 0
18432 18432 488 248 488 248 1 0 0 0 -9276 32 0
18432 18820 488 248 488 248 0 0 0 0 0 388 0
18820 18820 488 248 488 248 0 1 0 0 24252 32 0
18820 18822 488 248 488 248 1 1 0 0 0 2 0
18822 18822 488 248 488 248 1 0 0 0 -24252 32 0
18822 19933 488 248 488 248 0 0 0 0 0 1111 0
19933 19933 488 248 488 248 0 1 0 0 24744 32 0
19933 19936 488 248 488 248 1 1 0 0 0 3 0
19936 19936 488 248 488 248 1 0 0 0 -24744 32 0
19936 20165 488 248 488 248 0 0 0 0 0 229 0
20165 20165 488 248 488 248 0 1 0 0 9917 32 0
20165 20167 488 248 488 248 1 1 0 0 0 2 0
20167 20167 488 248 488 248 1 0 0 0 -9917 32 0
20167 23403 488 248 488 248 0 0 0 0 0 3236 0
23403 23403 488 248 488 248 0 1 0 0 26361 32 0
23403 23404 488 248 488 248 1 1 0 0 0 1 0
23404 23404 488 248 488 248 1 0 0 0 -26361 32 0
23404 24418 488 248 488 248 0 0 0 0 0 1014 0
24418 24418 488 248 488 248 0 1 0 0 26878 32 0
24418 24420 488 248 488 248 1 1 0 0 0 2 0
24420 24420 488 248 488 248 1 0 0 0 -26878 32 0
24420 27470 488 248 488 248 0 0 0 0 0 3050 0
27470 27470 488 248 488 248 0 1 0 0 12226 32 0
27470 27472 488 248 488 248 1 1 0 0 0 2 0
27472 27472 488 248 488 248 1 0 0 0 -12226 32 0
27472 28114 488 248 488 248 0 0 0 0 0 642 0
28114 28114 488 248 488 248 0 1 0 0 47344 32 0
28114 28116 488 248 488 248 1 1 0 0 0 2 0
28116 28116 488 248 488 248 1 0 0 0 -47344 32 0
28116 28704 488 248 488 248 0 0 0 0 0 588 0
28704 28704 488 248 488 248 0 1 0 0 12572 32 0
28704 28705 488 248 488 248 1 1 0 0 0 1 0
28705 28705 488 248 488 248 1 0 0 0 -12572 32 0
28705 30875 488 248 488 248 0 0 0 0 0 2170 0
30875 30875 488 248 488 248 0 1 0 0 30215 32 0
30875 30876 488 248 488 248 1 1 0 0 0 1 0
30876 30876 488 248 488 248 1 0 0 0 -30215 32 0
30876 42067 488 248 488 248 0 0 0 0 0 11191 0
42067 42067 488 248 488 248 0 1 0 0 34782 32 0
42067 42069 488 248 488 248 1 1 0 0 0 2 0
42069 42069 488 248 488 248 1 0 0 0 -34782 32 0
42069 43267 488 248 488 248 0 0 0 0 0 1198 0
43267 43267 488 248 488 248 0 0 0 0 1000000000 0 0
--------------------------------------
--------------------------------------
EV3
--------------------------------------
Num TPs served = 18
TPs served = 4688 5705 5889 6134 6226 6868 7087 7114 7284 7314 7346 7695 7696 8315 8525 9012 9281 12627
Total energy used = 100
--------------------------------------
Schedule:
0 8499 488 248 488 248 0 0 100 100 0 8499 0
8499 8499 488 248 488 248 0 1 100 100 4688 32 0
8499 8507 488 248 494 250 1 0 100 92 -4688 32 8
8507 10417 494 250 494 250 0 0 92 92 0 1910 0
10417 10425 494 250 488 248 0 1 92 84 5705 32 8
10425 10426 488 248 488 248 1 1 84 84 0 1 0
10426 10427 488 248 489 248 1 0 84 83 -5705 32 1
10427 10773 489 248 489 248 0 0 83 83 0 346 0
10773 10774 489 248 488 248 0 1 83 82 5889 32 1
10774 10775 488 248 488 249 1 0 82 81 -5889 32 1
10775 11236 488 249 488 249 0 0 81 81 0 461 0
11236 11237 488 249 488 248 0 1 81 80 6134 32 1
11237 11238 488 248 488 248 1 1 80 80 0 1 0
11238 11239 488 248 488 249 1 0 80 79 -6134 32 1
11239 11418 488 249 488 249 0 0 79 79 0 179 0
11418 11419 488 249 488 248 0 1 79 78 6226 32 1
11419 11420 488 248 488 249 1 0 78 77 -6226 32 1
11420 12706 488 249 488 249 0 0 77 77 0 1286 0
12706 12707 488 249 488 248 0 1 77 76 6868 32 1
12707 12710 488 248 489 250 1 0 76 73 -6868 32 3
12710 13203 489 250 489 250 0 0 73 73 0 493 0
13203 13206 489 250 488 248 0 1 73 70 7087 32 3
13206 13212 488 248 494 248 1 0 70 64 -7087 32 6
13212 13252 494 248 494 248 0 0 64 64 0 40 0
13252 13258 494 248 488 248 0 1 64 58 7114 32 6
13258 13259 488 248 489 248 1 0 58 57 -7114 32 1
13259 13643 489 248 489 248 0 0 57 57 0 384 0
13643 13644 489 248 488 248 0 1 57 56 7284 32 1
13644 13648 488 248 490 250 1 0 56 52 -7284 32 4
13648 13697 490 250 490 250 0 0 52 52 0 49 0
13697 13701 490 250 488 248 0 1 52 48 7314 32 4
13701 13702 488 248 489 248 1 0 48 47 -7314 32 1
13702 13756 489 248 489 248 0 0 47 47 0 54 0
13756 13757 489 248 488 248 0 1 47 46 7346 32 1
13757 13758 488 248 488 248 1 1 46 46 0 1 0
13758 13767 488 248 495 250 1 0 46 37 -7346 32 9
13767 14523 495 250 495 250 0 0 37 37 0 756 0
14523 14532 495 250 488 248 0 1 37 28 7696 32 9
14532 14532 488 248 488 248 1 2 28 28 7695 31 0
14532 14534 488 248 488 248 2 2 28 28 0 2 0
14534 14539 488 248 488 253 2 1 28 23 -7696 32 5
14539 14546 488 253 490 248 1 0 23 16 -7695 19 7
14546 15969 490 248 490 248 0 0 16 16 0 1423 0
15969 15971 490 248 488 248 0 1 16 14 8315 32 2
15971 15974 488 248 488 248 1 1 14 14 0 3 0
15974 15975 488 248 489 248 1 0 14 13 -8315 32 1
15975 16429 489 248 489 248 0 0 13 13 0 454 0
16429 16430 489 248 488 248 0 1 13 12 8525 32 1
16430 16432 488 248 490 248 1 0 12 10 -8525 32 2
16432 17681 490 248 490 248 0 0 10 10 0 1249 0
17681 17683 490 248 488 248 0 1 10 8 9012 32 2
17683 17685 488 248 490 248 1 0 8 6 -9012 32 2
17685 18438 490 248 490 248 0 0 6 6 0 753 0
18438 18440 490 248 488 248 0 1 6 4 9281 32 2
18440 18441 488 248 489 248 1 0 4 3 -9281 32 1
18441 28922 489 248 489 248 0 0 3 3 0 10481 0
28922 28923 489 248 488 248 0 1 3 2 12627 32 1
28923 28924 488 248 489 248 1 0 2 1 -12627 32 1
28924 43266 489 248 489 248 0 0 1 1 0 14342 0
43266 43267 489 248 488 248 0 0 1 0 1000000000 0 1
--------------------------------------
--------------------------------------
EV4
--------------------------------------
Num TPs served = 16
TPs served = 8802 9344 10399 11719 12262 12735 12944 13464 13791 13988 14116 14145 14760 14929 14974 15491
Total energy used = 100
--------------------------------------
Schedule:
0 17138 488 248 488 248 0 0 100 100 0 17138 0
17138 17138 488 248 488 248 0 1 100 100 8802 32 0
17138 17139 488 248 488 248 1 1 100 100 0 1 0
17139 17147 488 248 496 248 1 0 100 92 -8802 32 8
17147 18594 496 248 496 248 0 0 92 92 0 1447 0
18594 18602 496 248 488 248 0 1 92 84 9344 32 8
18602 18607 488 248 488 248 1 1 84 84 0 5 0
18607 18611 488 248 488 252 1 0 84 80 -9344 32 4
18611 21552 488 252 488 252 0 0 80 80 0 2941 0
21552 21556 488 252 488 248 0 1 80 76 10399 32 4
21556 21559 488 248 490 249 1 0 76 73 -10399 32 3
21559 25758 490 249 490 249 0 0 73 73 0 4199 0
25758 25761 490 249 488 248 0 1 73 70 11719 32 3
25761 25762 488 248 488 248 1 1 70 70 0 1 0
25762 25765 488 248 491 248 1 0 70 67 -11719 32 3
25765 27627 491 248 491 248 0 0 67 67 0 1862 0
27627 27630 491 248 488 248 0 1 67 64 12262 32 3
27630 27632 488 248 488 248 1 1 64 64 0 2 0
27632 27637 488 248 493 248 1 0 64 59 -12262 32 5
27637 29331 493 248 493 248 0 0 59 59 0 1694 0
29331 29336 493 248 488 248 0 1 59 54 12735 32 5
29336 29337 488 248 489 248 1 0 54 53 -12735 32 1
29337 30089 489 248 489 248 0 0 53 53 0 752 0
30089 30090 489 248 488 248 0 1 53 52 12944 32 1
30090 30092 488 248 490 248 1 0 52 50 -12944 32 2
30092 31979 490 248 490 248 0 0 50 50 0 1887 0
31979 31981 490 248 488 248 0 1 50 48 13464 32 2
31981 31982 488 248 488 248 1 1 48 48 0 1 0
31982 31984 488 248 490 248 1 0 48 46 -13464 32 2
31984 33173 490 248 490 248 0 0 46 46 0 1189 0
33173 33175 490 248 488 248 0 1 46 44 13791 32 2
33175 33183 488 248 488 248 1 1 44 44 0 8 0
33183 33188 488 248 488 253 1 0 44 39 -13791 32 5
33188 33929 488 253 488 253 0 0 39 39 0 741 0
33929 33934 488 253 488 248 0 1 39 34 13988 32 5
33934 33937 488 248 490 249 1 0 34 31 -13988 32 3
33937 34411 490 249 490 249 0 0 31 31 0 474 0
34411 34414 490 249 488 248 0 1 31 28 14116 32 3
34414 34415 488 248 488 248 1 1 28 28 0 1 0
34415 34416 488 248 489 248 1 0 28 27 -14116 32 1
34416 34522 489 248 489 248 0 0 27 27 0 106 0
34522 34523 489 248 488 248 0 1 27 26 14145 32 1
34523 34524 488 248 489 248 1 0 26 25 -14145 32 1
34524 36907 489 248 489 248 0 0 25 25 0 2383 0
36907 36908 489 248 488 248 0 1 25 24 14760 32 1
36908 36909 488 248 489 248 1 0 24 23 -14760 32 1
36909 37560 489 248 489 248 0 0 23 23 0 651 0
37560 37561 489 248 488 248 0 1 23 22 14929 32 1
37561 37562 488 248 488 248 1 1 22 22 0 1 0
37562 37567 488 248 492 249 1 0 22 17 -14929 32 5
37567 37721 492 249 492 249 0 0 17 17 0 154 0
37721 37726 492 249 488 248 0 1 17 12 14974 32 5
37726 37728 488 248 490 248 1 0 12 10 -14974 32 2
37728 39684 490 248 490 248 0 0 10 10 0 1956 0
39684 39686 490 248 488 248 0 1 10 8 15491 32 2
39686 39687 488 248 488 248 1 1 8 8 0 1 0
39687 39691 488 248 491 249 1 0 8 4 -15491 32 4
39691 43263 491 249 491 249 0 0 4 4 0 3572 0
43263 43267 491 249 488 248 0 0 4 0 1000000000 0 4
--------------------------------------
--------------------------------------
EV5
--------------------------------------
Num TPs served = 14
TPs served = 15021 15601 16084 16277 16801 16863 17880 18161 18227 18252 18973 19602 19808 37697
Total energy used = 100
--------------------------------------
Schedule:
0 1477 488 248 488 248 0 0 100 100 0 1477 0
1477 1477 488 248 488 248 0 1 100 100 17880 32 0
1477 1478 488 248 488 249 1 0 100 99 -17880 32 1
1478 2326 488 249 488 249 0 0 99 99 0 848 0
2326 2327 488 249 488 248 0 1 99 98 18161 32 1
2327 2328 488 248 489 248 1 0 98 97 -18161 32 1
2328 2502 489 248 489 248 0 0 97 97 0 174 0
2502 2503 489 248 488 248 0 1 97 96 18227 32 1
2503 2504 488 248 488 248 1 1 96 96 0 1 0
2504 2505 488 248 489 248 1 0 96 95 -18227 32 1
2505 2576 489 248 489 248 0 0 95 95 0 71 0
2576 2577 489 248 488 248 0 1 95 94 18252 32 1
2577 2578 488 248 488 248 1 1 94 94 0 1 0
2578 2580 488 248 488 250 1 0 94 92 -18252 32 2
2580 4899 488 250 488 250 0 0 92 92 0 2319 0
4899 4901 488 250 488 248 0 1 92 90 18973 32 2
4901 4904 488 248 488 248 1 1 90 90 0 3 0
4904 4913 488 248 495 250 1 0 90 81 -18973 32 9
4913 6860 495 250 495 250 0 0 81 81 0 1947 0
6860 6869 495 250 488 248 0 1 81 72 19602 32 9
6869 6870 488 248 488 248 1 1 72 72 0 1 0
6870 6872 488 248 490 248 1 0 72 70 -19602 32 2
6872 7439 490 248 490 248 0 0 70 70 0 567 0
7439 7441 490 248 488 248 0 1 70 68 37697 32 2
7441 7441 488 248 488 248 1 2 68 68 19808 22 0
7441 7442 488 248 489 248 2 1 68 67 -37697 32 1
7442 7451 489 248 497 249 1 0 67 58 -19808 23 9
7451 37863 497 249 497 249 0 0 58 58 0 30412 0
37863 37873 497 249 488 248 0 1 58 48 15021 32 10
37873 37880 488 248 490 253 1 0 48 41 -15021 32 7
37880 40005 490 253 490 253 0 0 41 41 0 2125 0
40005 40012 490 253 488 248 0 1 41 34 15601 32 7
40012 40014 488 248 490 248 1 0 34 32 -15601 32 2
40014 40907 490 248 490 248 0 0 32 32 0 893 0
40907 40909 490 248 488 248 0 1 32 30 16084 32 2
40909 40914 488 248 488 253 1 0 30 25 -16084 32 5
40914 41225 488 253 488 253 0 0 25 25 0 311 0
41225 41230 488 253 488 248 0 1 25 20 16277 32 5
41230 41233 488 248 491 248 1 0 20 17 -16277 32 3
41233 42128 491 248 491 248 0 0 17 17 0 895 0
42128 42131 491 248 488 248 0 1 17 14 16801 32 3
42131 42132 488 248 488 248 1 1 14 14 0 1 0
42132 42135 488 248 491 248 1 0 14 11 -16801 32 3
42135 42250 491 248 491 248 0 0 11 11 0 115 0
42250 42253 491 248 488 248 0 1 11 8 16863 32 3
42253 42257 488 248 492 248 1 0 8 4 -16863 32 4
42257 43263 492 248 492 248 0 0 4 4 0 1006 0
43263 43267 492 248 488 248 0 0 4 0 1000000000 0 4
--------------------------------------

-------------------------------------------------------------------------

TPs

-------------------------------------------------------------------------

----------------------
TP213 allocated to 1
----------------------

----------------------
TP341 allocated to 2
----------------------

----------------------
TP433 allocated to 2
----------------------

----------------------
TP937 allocated to 2
----------------------

----------------------
TP1015 allocated to 2
----------------------

----------------------
TP1071 allocated to 2
----------------------

----------------------
TP1200 allocated to 2
----------------------

----------------------
TP1512 allocated to 2
----------------------

----------------------
TP1941 allocated to 2
----------------------

----------------------
TP2344 allocated to 2
----------------------

----------------------
TP2773 allocated to 2
----------------------

----------------------
TP2856 allocated to 2
----------------------

----------------------
TP3589 allocated to 2
----------------------

----------------------
TP3891 allocated to 2
----------------------

----------------------
TP4114 allocated to 2
----------------------

----------------------
TP4191 allocated to 2
----------------------

----------------------
TP4375 allocated to 2
----------------------

----------------------
TP4425 allocated to 2
----------------------

----------------------
TP4440 allocated to 2
----------------------

----------------------
TP4688 allocated to 3
----------------------

----------------------
TP4945 allocated to 2
----------------------

----------------------
TP5458 allocated to 2
----------------------

----------------------
TP5705 allocated to 3
----------------------

----------------------
TP5889 allocated to 3
----------------------

----------------------
TP6134 allocated to 3
----------------------

----------------------
TP6226 allocated to 3
----------------------

----------------------
TP6868 allocated to 3
----------------------

----------------------
TP7087 allocated to 3
----------------------

----------------------
TP7114 allocated to 3
----------------------

----------------------
TP7284 allocated to 3
----------------------

----------------------
TP7314 allocated to 3
----------------------

----------------------
TP7346 allocated to 3
----------------------

----------------------
TP7695 allocated to 3
----------------------

----------------------
TP7696 allocated to 3
----------------------

----------------------
TP8315 allocated to 3
----------------------

----------------------
TP8525 allocated to 3
----------------------

----------------------
TP8802 allocated to 4
----------------------

----------------------
TP9012 allocated to 3
----------------------

----------------------
TP9276 allocated to 2
----------------------

----------------------
TP9281 allocated to 3
----------------------

----------------------
TP9344 allocated to 4
----------------------

----------------------
TP9917 allocated to 2
----------------------

----------------------
TP10399 allocated to 4
----------------------

----------------------
TP11719 allocated to 4
----------------------

----------------------
TP12226 allocated to 2
----------------------

----------------------
TP12262 allocated to 4
----------------------

----------------------
TP12572 allocated to 2
----------------------

----------------------
TP12627 allocated to 3
----------------------

----------------------
TP12735 allocated to 4
----------------------

----------------------
TP12944 allocated to 4
----------------------

----------------------
TP13464 allocated to 4
----------------------

----------------------
TP13791 allocated to 4
----------------------

----------------------
TP13988 allocated to 4
----------------------

----------------------
TP14116 allocated to 4
----------------------

----------------------
TP14145 allocated to 4
----------------------

----------------------
TP14760 allocated to 4
----------------------

----------------------
TP14929 allocated to 4
----------------------

----------------------
TP14974 allocated to 4
----------------------

----------------------
TP15021 allocated to 5
----------------------

----------------------
TP15491 allocated to 4
----------------------

----------------------
TP15601 allocated to 5
----------------------

----------------------
TP16084 allocated to 5
----------------------

----------------------
TP16277 allocated to 5
----------------------

----------------------
TP16801 allocated to 5
----------------------

----------------------
TP16863 allocated to 5
----------------------

----------------------
TP17880 allocated to 5
----------------------

----------------------
TP18161 allocated to 5
----------------------

----------------------
TP18227 allocated to 5
----------------------

----------------------
TP18252 allocated to 5
----------------------

----------------------
TP18973 allocated to 5
----------------------

----------------------
TP19602 allocated to 5
----------------------

----------------------
TP19808 allocated to 5
----------------------

----------------------
TP20014 not allocated
----------------------

----------------------
TP20089 allocated to 2
----------------------

----------------------
TP20101 allocated to 2
----------------------

----------------------
TP20744 not allocated
----------------------

----------------------
TP21081 not allocated
----------------------

----------------------
TP21889 not allocated
----------------------

----------------------
TP22759 not allocated
----------------------

----------------------
TP23043 allocated to 2
----------------------

----------------------
TP23069 not allocated
----------------------

----------------------
TP23312 not allocated
----------------------

----------------------
TP23724 not allocated
----------------------

----------------------
TP24252 allocated to 2
----------------------

----------------------
TP24573 not allocated
----------------------

----------------------
TP24744 allocated to 2
----------------------

----------------------
TP24828 not allocated
----------------------

----------------------
TP24996 not allocated
----------------------

----------------------
TP25040 not allocated
----------------------

----------------------
TP25492 not allocated
----------------------

----------------------
TP25540 not allocated
----------------------

----------------------
TP25800 not allocated
----------------------

----------------------
TP25963 not allocated
----------------------

----------------------
TP26298 not allocated
----------------------

----------------------
TP26361 allocated to 2
----------------------

----------------------
TP26878 allocated to 2
----------------------

----------------------
TP27202 not allocated
----------------------

----------------------
TP28952 not allocated
----------------------

----------------------
TP29571 not allocated
----------------------

----------------------
TP30071 not allocated
----------------------

----------------------
TP30073 not allocated
----------------------

----------------------
TP30215 allocated to 2
----------------------

----------------------
TP30223 not allocated
----------------------

----------------------
TP30364 not allocated
----------------------

----------------------
TP31051 not allocated
----------------------

----------------------
TP31320 not allocated
----------------------

----------------------
TP31793 not allocated
----------------------

----------------------
TP31832 not allocated
----------------------

----------------------
TP32064 not allocated
----------------------

----------------------
TP32229 not allocated
----------------------

----------------------
TP33616 not allocated
----------------------

----------------------
TP33618 not allocated
----------------------

----------------------
TP34045 not allocated
----------------------

----------------------
TP34782 allocated to 2
----------------------

----------------------
TP34853 not allocated
----------------------

----------------------
TP35226 allocated to 1
----------------------

----------------------
TP35260 allocated to 1
----------------------

----------------------
TP35330 not allocated
----------------------

----------------------
TP35370 not allocated
----------------------

----------------------
TP35596 not allocated
----------------------

----------------------
TP35815 not allocated
----------------------

----------------------
TP36468 not allocated
----------------------

----------------------
TP36777 not allocated
----------------------

----------------------
TP37028 not allocated
----------------------

----------------------
TP37576 allocated to 2
----------------------

----------------------
TP37697 allocated to 5
----------------------

----------------------
TP38124 not allocated
----------------------

----------------------
TP38427 not allocated
----------------------

----------------------
TP38973 not allocated
----------------------

----------------------
TP39130 not allocated
----------------------

----------------------
TP40044 not allocated
----------------------

----------------------
TP40214 not allocated
----------------------

----------------------
TP40415 not allocated
----------------------

----------------------
TP41071 not allocated
----------------------

----------------------
TP41628 not allocated
----------------------

----------------------
TP41861 not allocated
----------------------

----------------------
TP42633 not allocated
----------------------

----------------------
TP43472 not allocated
----------------------

----------------------
TP43496 not allocated
----------------------

----------------------
TP43582 not allocated
----------------------

----------------------
TP44608 not allocated
----------------------

----------------------
TP44803 not allocated
----------------------

----------------------
TP44939 not allocated
----------------------

----------------------
TP46336 not allocated
----------------------

----------------------
TP46474 not allocated
----------------------

----------------------
TP46638 not allocated
----------------------

----------------------
TP46905 not allocated
----------------------

----------------------
TP47071 not allocated
----------------------

----------------------
TP47343 not allocated
----------------------

----------------------
TP47344 allocated to 2
----------------------

----------------------
TP48087 not allocated
----------------------

----------------------
TP48693 not allocated
----------------------

----------------------
TP48763 not allocated
----------------------

-------------------------------------------------------------------------

Ride-sharing vs Individual Mode - Num Vehicles and Distance Comparisson 

-------------------------------------------------------------------------
Individual Mode = 153 vehicles.
Ride-sharing Mode = 72 vehicles. The 5 ride-sharing vehicles + 67 vehicles of the individuals not served by the ride-sharing service.
-------------------------------------------------------------------------
Individual Mode = 395 distance.
Ride-sharing Mode = 595 distance. 402 from the EV fleet + 193 from the distance of the trips not covered individuals had to do with their own vehicle.
-------------------------------------------------------------------------
