-------------------------------------------------------------------------
TPs satisfied = 155; Total TPs = 201; Percentage Satisfied + 77.10000000000001%
-------------------------------------------------------------------------

-------------------------------------------------------------------------

EVs

-------------------------------------------------------------------------
--------------------------------------
EV1
--------------------------------------
Num TPs served = 50
TPs served = 468 603 633 1782 1904 2460 2712 2801 3283 3354 3469 3921 4007 4108 4185 4276 4307 4419 4555 4678 4833 4973 5411 5607 7091 7333 7797 9879 13854 14061 18094 19327 21824 22071 25223 25764 27392 27830 28851 29117 30140 30479 33278 34129 37231 38104 46299 47286 47522 48792
Total energy used = 100
--------------------------------------
Schedule:
0 845 549 372 549 372 0 0 100 100 0 845 0
845 845 549 372 549 372 0 1 100 100 468 32 0
845 846 549 372 550 372 1 0 100 99 -468 32 1
846 1082 550 372 550 372 0 0 99 99 0 236 0
1082 1083 550 372 549 372 0 1 99 98 603 32 1
1083 1084 549 372 550 372 1 0 98 97 -603 32 1
1084 1134 550 372 550 372 0 0 97 97 0 50 0
1134 1135 550 372 549 372 0 1 97 96 633 32 1
1135 1138 549 372 549 372 1 1 96 96 0 3 0
1138 1142 549 372 553 372 1 0 96 92 -633 32 4
1142 2091 553 372 553 372 0 0 92 92 0 949 0
2091 2095 553 372 549 372 0 1 92 88 18094 32 4
2095 2096 549 372 549 372 1 1 88 88 0 1 0
2096 2096 549 372 549 372 1 0 88 88 -18094 32 0
2096 3117 549 372 549 372 0 0 88 88 0 1021 0
3117 3117 549 372 549 372 0 1 88 88 1782 32 0
3117 3118 549 372 549 372 1 1 88 88 0 1 0
3118 3120 549 372 550 373 1 0 88 86 -1782 32 2
3120 3346 550 373 550 373 0 0 86 86 0 226 0
3346 3348 550 373 549 372 0 1 86 84 1904 32 2
3348 3352 549 372 551 374 1 0 84 80 -1904 32 4
3352 4378 551 374 551 374 0 0 80 80 0 1026 0
4378 4382 551 374 549 372 0 1 80 76 2460 32 4
4382 4385 549 372 552 372 1 0 76 73 -2460 32 3
4385 4820 552 372 552 372 0 0 73 73 0 435 0
4820 4823 552 372 549 372 0 1 73 70 2712 32 3
4823 4825 549 372 549 372 1 1 70 70 0 2 0
4825 4826 549 372 549 373 1 0 70 69 -2712 32 1
4826 4991 549 373 549 373 0 0 69 69 0 165 0
4991 4992 549 373 549 372 0 1 69 68 2801 32 1
4992 4996 549 372 553 372 1 0 68 64 -2801 32 4
4996 5852 553 372 553 372 0 0 64 64 0 856 0
5852 5856 553 372 549 372 0 1 64 60 3283 32 4
5856 5857 549 372 549 373 1 0 60 59 -3283 32 1
5857 5969 549 373 549 373 0 0 59 59 0 112 0
5969 5970 549 373 549 372 0 1 59 58 19327 32 1
5970 5970 549 372 549 372 1 2 58 58 3354 31 0
5970 5971 549 372 549 373 2 1 58 57 -19327 32 1
5971 5972 549 373 549 373 1 1 57 57 0 1 0
5972 5975 549 373 550 375 1 0 57 54 -3354 32 3
5975 6129 550 375 550 375 0 0 54 54 0 154 0
6129 6133 550 375 549 372 0 1 54 50 37231 32 4
6133 6134 549 372 549 372 1 1 50 50 0 1 0
6134 6134 549 372 549 372 1 0 50 50 -37231 32 0
6134 6184 549 372 549 372 0 0 50 50 0 50 0
6184 6184 549 372 549 372 0 1 50 50 3469 32 0
6184 6185 549 372 550 372 1 0 50 49 -3469 32 1
6185 7035 550 372 550 372 0 0 49 49 0 850 0
7035 7036 550 372 549 372 0 1 49 48 3921 32 1
7036 7037 549 372 549 372 1 1 48 48 0 1 0
7037 7037 549 372 549 372 1 0 48 48 -3921 32 0
7037 7211 549 372 549 372 0 0 48 48 0 174 0
7211 7211 549 372 549 372 0 1 48 48 4007 32 0
7211 7217 549 372 549 372 1 1 48 48 0 6 0
7217 7218 549 372 550 372 1 0 48 47 -4007 32 1
7218 7393 550 372 550 372 0 0 47 47 0 175 0
7393 7394 550 372 549 372 0 1 47 46 4108 32 1
7394 7395 549 372 550 372 1 0 46 45 -4108 32 1
7395 7535 550 372 550 372 0 0 45 45 0 140 0
7535 7536 550 372 549 372 0 1 45 44 4185 32 1
7536 7538 549 372 551 372 1 0 44 42 -4185 32 2
7538 7675 551 372 551 372 0 0 42 42 0 137 0
7675 7677 551 372 549 372 0 1 42 40 4276 32 2
7677 7680 549 372 549 372 1 1 40 40 0 3 0
7680 7681 549 372 550 372 1 0 40 39 -4276 32 1
7681 7736 550 372 550 372 0 0 39 39 0 55 0
7736 7737 550 372 549 372 0 1 39 38 4307 32 1
7737 7738 549 372 549 372 1 1 38 38 0 1 0
7738 7742 549 372 553 372 1 0 38 34 -4307 32 4
7742 7948 553 372 553 372 0 0 34 34 0 206 0
7948 7952 553 372 549 372 0 1 34 30 4419 32 4
7952 7953 549 372 549 373 1 0 30 29 -4419 32 1
7953 8231 549 373 549 373 0 0 29 29 0 278 0
8231 8232 549 373 549 372 0 1 29 28 4555 32 1
8232 8234 549 372 550 373 1 0 28 26 -4555 32 2
8234 8468 550 373 550 373 0 0 26 26 0 234 0
8468 8470 550 373 549 372 0 1 26 24 4678 32 2
8470 8474 549 372 550 375 1 0 24 20 -4678 32 4
8474 8574 550 375 550 375 0 0 20 20 0 100 0
8574 8578 550 375 549 372 0 1 20 16 38104 32 4
8578 8579 549 372 549 372 1 1 16 16 0 1 0
8579 8579 549 372 549 372 1 0 16 16 -38104 32 0
8579 8770 549 372 549 372 0 0 16 16 0 191 0
8770 8770 549 372 549 372 0 1 16 16 4833 32 0
8770 8771 549 372 549 372 1 1 16 16 0 1 0
8771 8772 549 372 550 372 1 0 16 15 -4833 32 1
8772 9023 550 372 550 372 0 0 15 15 0 251 0
9023 9024 550 372 549 372 0 1 15 14 4973 32 1
9024 9026 549 372 551 372 1 0 14 12 -4973 32 2
9026 9837 551 372 551 372 0 0 12 12 0 811 0
9837 9839 551 372 549 372 0 1 12 10 5411 32 2
9839 9840 549 372 550 372 1 0 10 9 -5411 32 1
9840 10226 550 372 550 372 0 0 9 9 0 386 0
10226 10227 550 372 549 372 0 1 9 8 5607 32 1
10227 10228 549 372 550 372 1 0 8 7 -5607 32 1
10228 12998 550 372 550 372 0 0 7 7 0 2770 0
12998 12999 550 372 549 372 0 1 7 6 21824 32 1
12999 13001 549 372 549 372 1 1 6 6 0 2 0
13001 13001 549 372 549 372 1 0 6 6 -21824 32 0
13001 13214 549 372 549 372 0 0 6 6 0 213 0
13214 13214 549 372 549 372 0 1 6 6 7091 32 0
13214 13215 549 372 549 372 1 1 6 6 0 1 0
13215 13215 549 372 549 372 1 0 6 6 -7091 32 0
13215 13659 549 372 549 372 0 0 6 6 0 444 0
13659 13659 549 372 549 372 0 1 6 6 22071 32 0
13659 13661 549 372 549 372 1 1 6 6 0 2 0
13661 13661 549 372 549 372 1 0 6 6 -22071 32 0
13661 13730 549 372 549 372 0 0 6 6 0 69 0
13730 13730 549 372 549 372 0 1 6 6 7333 32 0
13730 13731 549 372 549 372 1 1 6 6 0 1 0
13731 13734 549 372 552 372 1 0 6 3 -7333 32 3
13734 14759 552 372 552 372 0 0 3 3 0 1025 0
14759 14762 552 372 549 372 0 1 3 0 7797 32 3
14762 14763 549 372 549 372 1 1 0 0 0 1 0
14763 14763 549 372 549 372 1 0 0 0 -7797 32 0
14763 20075 549 372 549 372 0 0 0 0 0 5312 0
20075 20075 549 372 549 372 0 1 0 0 9879 32 0
20075 20077 549 372 549 372 1 1 0 0 0 2 0
20077 20077 549 372 549 372 1 0 0 0 -9879 32 0
20077 20985 549 372 549 372 0 0 0 0 0 908 0
20985 20985 549 372 549 372 0 1 0 0 25223 32 0
20985 20986 549 372 549 372 1 1 0 0 0 1 0
20986 20986 549 372 549 372 1 0 0 0 -25223 32 0
20986 22160 549 372 549 372 0 0 0 0 0 1174 0
22160 22160 549 372 549 372 0 1 0 0 25764 32 0
22160 22166 549 372 549 372 1 1 0 0 0 6 0
22166 22166 549 372 549 372 1 0 0 0 -25764 32 0
22166 25377 549 372 549 372 0 0 0 0 0 3211 0
25377 25377 549 372 549 372 0 1 0 0 27392 32 0
25377 25378 549 372 549 372 1 1 0 0 0 1 0
25378 25378 549 372 549 372 1 0 0 0 -27392 32 0
25378 26181 549 372 549 372 0 0 0 0 0 803 0
26181 26181 549 372 549 372 0 1 0 0 27830 32 0
26181 26183 549 372 549 372 1 1 0 0 0 2 0
26183 26183 549 372 549 372 1 0 0 0 -27830 32 0
26183 26313 549 372 549 372 0 0 0 0 0 130 0
26313 26313 549 372 549 372 0 1 0 0 46299 32 0
26313 26314 549 372 549 372 1 1 0 0 0 1 0
26314 26314 549 372 549 372 1 0 0 0 -46299 32 0
26314 28026 549 372 549 372 0 0 0 0 0 1712 0
28026 28026 549 372 549 372 0 1 0 0 47286 32 0
28026 28027 549 372 549 372 1 1 0 0 0 1 0
28027 28027 549 372 549 372 1 0 0 0 -47286 32 0
28027 28163 549 372 549 372 0 0 0 0 0 136 0
28163 28163 549 372 549 372 0 1 0 0 28851 32 0
28163 28165 549 372 549 372 1 1 0 0 0 2 0
28165 28165 549 372 549 372 1 0 0 0 -28851 32 0
28165 28397 549 372 549 372 0 0 0 0 0 232 0
28397 28397 549 372 549 372 0 1 0 0 47522 32 0
28397 28398 549 372 549 372 1 1 0 0 0 1 0
28398 28398 549 372 549 372 1 0 0 0 -47522 32 0
28398 28714 549 372 549 372 0 0 0 0 0 316 0
28714 28714 549 372 549 372 0 1 0 0 29117 32 0
28714 28715 549 372 549 372 1 1 0 0 0 1 0
28715 28715 549 372 549 372 1 0 0 0 -29117 32 0
28715 30657 549 372 549 372 0 0 0 0 0 1942 0
30657 30657 549 372 549 372 0 1 0 0 48792 32 0
30657 30658 549 372 549 372 1 1 0 0 0 1 0
30658 30658 549 372 549 372 1 0 0 0 -48792 32 0
30658 30742 549 372 549 372 0 0 0 0 0 84 0
30742 30742 549 372 549 372 0 1 0 0 30140 32 0
30742 30743 549 372 549 372 1 1 0 0 0 1 0
30743 30743 549 372 549 372 1 0 0 0 -30140 32 0
30743 31398 549 372 549 372 0 0 0 0 0 655 0
31398 31398 549 372 549 372 0 1 0 0 30479 32 0
31398 31400 549 372 549 372 1 1 0 0 0 2 0
31400 31400 549 372 549 372 1 0 0 0 -30479 32 0
31400 33411 549 372 549 372 0 0 0 0 0 2011 0
33411 33411 549 372 549 372 0 1 0 0 13854 32 0
33411 33413 549 372 549 372 1 1 0 0 0 2 0
33413 33413 549 372 549 372 1 0 0 0 -13854 32 0
33413 34232 549 372 549 372 0 0 0 0 0 819 0
34232 34232 549 372 549 372 0 1 0 0 14061 32 0
34232 34234 549 372 549 372 1 1 0 0 0 2 0
34234 34234 549 372 549 372 1 0 0 0 -14061 32 0
34234 37863 549 372 549 372 0 0 0 0 0 3629 0
37863 37863 549 372 549 372 0 1 0 0 33278 32 0
37863 37866 549 372 549 372 1 1 0 0 0 3 0
37866 37866 549 372 549 372 1 0 0 0 -33278 32 0
37866 40163 549 372 549 372 0 0 0 0 0 2297 0
40163 40163 549 372 549 372 0 1 0 0 34129 32 0
40163 40174 549 372 549 372 1 1 0 0 0 11 0
40174 40174 549 372 549 372 1 0 0 0 -34129 32 0
40174 43267 549 372 549 372 0 0 0 0 0 3093 0
43267 43267 549 372 549 372 0 0 0 0 1000000000 0 0
--------------------------------------
--------------------------------------
EV2
--------------------------------------
Num TPs served = 16
TPs served = 5051 7146 7379 7413 7447 8347 8765 9134 9683 9774 10134 10251 10386 10434 10565 11268
Total energy used = 100
--------------------------------------
Schedule:
0 9159 549 372 549 372 0 0 100 100 0 9159 0
9159 9159 549 372 549 372 0 1 100 100 5051 32 0
9159 9172 549 372 550 384 1 0 100 87 -5051 32 13
9172 13322 550 384 550 384 0 0 87 87 0 4150 0
13322 13335 550 384 549 372 0 1 87 74 7146 32 13
13335 13339 549 372 552 373 1 0 74 70 -7146 32 4
13339 13826 552 373 552 373 0 0 70 70 0 487 0
13826 13830 552 373 549 372 0 1 70 66 7379 32 4
13830 13831 549 372 549 372 1 1 66 66 0 1 0
13831 13834 549 372 551 373 1 0 66 63 -7379 32 3
13834 13900 551 373 551 373 0 0 63 63 0 66 0
13900 13903 551 373 549 372 0 1 63 60 7413 32 3
13903 13904 549 372 550 372 1 0 60 59 -7413 32 1
13904 13991 550 372 550 372 0 0 59 59 0 87 0
13991 13992 550 372 549 372 0 1 59 58 7447 32 1
13992 13993 549 372 550 372 1 0 58 57 -7447 32 1
13993 16044 550 372 550 372 0 0 57 57 0 2051 0
16044 16045 550 372 549 372 0 1 57 56 8347 32 1
16045 16046 549 372 549 372 1 1 56 56 0 1 0
16046 16048 549 372 550 373 1 0 56 54 -8347 32 2
16048 17051 550 373 550 373 0 0 54 54 0 1003 0
17051 17053 550 373 549 372 0 1 54 52 8765 32 2
17053 17056 549 372 549 375 1 0 52 49 -8765 32 3
17056 17966 549 375 549 375 0 0 49 49 0 910 0
17966 17969 549 375 549 372 0 1 49 46 9134 32 3
17969 17970 549 372 549 372 1 1 46 46 0 1 0
17970 17973 549 372 552 372 1 0 46 43 -9134 32 3
17973 19512 552 372 552 372 0 0 43 43 0 1539 0
19512 19515 552 372 549 372 0 1 43 40 9683 32 3
19515 19519 549 372 552 373 1 0 40 36 -9683 32 4
19519 19795 552 373 552 373 0 0 36 36 0 276 0
19795 19799 552 373 549 372 0 1 36 32 9774 32 4
19799 19800 549 372 549 372 1 1 32 32 0 1 0
19800 19801 549 372 550 372 1 0 32 31 -9774 32 1
19801 20784 550 372 550 372 0 0 31 31 0 983 0
20784 20785 550 372 549 372 0 1 31 30 10134 32 1
20785 20787 549 372 551 372 1 0 30 28 -10134 32 2
20787 21116 551 372 551 372 0 0 28 28 0 329 0
21116 21118 551 372 549 372 0 1 28 26 10251 32 2
21118 21121 549 372 552 372 1 0 26 23 -10251 32 3
21121 21517 552 372 552 372 0 0 23 23 0 396 0
21517 21520 552 372 549 372 0 1 23 20 10386 32 3
21520 21524 549 372 552 373 1 0 20 16 -10386 32 4
21524 21651 552 373 552 373 0 0 16 16 0 127 0
21651 21655 552 373 549 372 0 1 16 12 10434 32 4
21655 21656 549 372 549 372 1 1 12 12 0 1 0
21656 21657 549 372 550 372 1 0 12 11 -10434 32 1
21657 22000 550 372 550 372 0 0 11 11 0 343 0
22000 22001 550 372 549 372 0 1 11 10 10565 32 1
22001 22002 549 372 549 372 1 1 10 10 0 1 0
22002 22006 549 372 551 374 1 0 10 6 -10565 32 4
22006 24163 551 374 551 374 0 0 6 6 0 2157 0
24163 24167 551 374 549 372 0 1 6 2 11268 32 4
24167 24168 549 372 550 372 1 0 2 1 -11268 32 1
24168 43266 550 372 550 372 0 0 1 1 0 19098 0
43266 43267 550 372 549 372 0 0 1 0 1000000000 0 1
--------------------------------------
--------------------------------------
EV3
--------------------------------------
Num TPs served = 24
TPs served = 10699 11459 11559 11731 11952 11989 12203 12369 12761 12948 12967 13343 13449 13535 13611 13636 14086 14223 14729 15320 15445 16174 16456 16716
Total energy used = 100
--------------------------------------
Schedule:
0 22411 549 372 549 372 0 0 100 100 0 22411 0
22411 22411 549 372 549 372 0 1 100 100 10699 32 0
22411 22413 549 372 551 372 1 0 100 98 -10699 32 2
22413 24853 551 372 551 372 0 0 98 98 0 2440 0
24853 24855 551 372 549 372 0 1 98 96 11459 32 2
24855 24857 549 372 551 372 1 0 96 94 -11459 32 2
24857 25198 551 372 551 372 0 0 94 94 0 341 0
25198 25200 551 372 549 372 0 1 94 92 11559 32 2
25200 25201 549 372 549 372 1 1 92 92 0 1 0
25201 25202 549 372 550 372 1 0 92 91 -11559 32 1
25202 25793 550 372 550 372 0 0 91 91 0 591 0
25793 25794 550 372 549 372 0 1 91 90 11731 32 1
25794 25796 549 372 551 372 1 0 90 88 -11731 32 2
25796 26548 551 372 551 372 0 0 88 88 0 752 0
26548 26550 551 372 549 372 0 1 88 86 11952 32 2
26550 26552 549 372 551 372 1 0 86 84 -11952 32 2
26552 26672 551 372 551 372 0 0 84 84 0 120 0
26672 26674 551 372 549 372 0 1 84 82 11989 32 2
26674 26681 549 372 556 372 1 0 82 75 -11989 32 7
26681 27381 556 372 556 372 0 0 75 75 0 700 0
27381 27388 556 372 549 372 0 1 75 68 12203 32 7
27388 27393 549 372 551 375 1 0 68 63 -12203 32 5
27393 27974 551 375 551 375 0 0 63 63 0 581 0
27974 27979 551 375 549 372 0 1 63 58 12369 32 5
27979 27980 549 372 549 372 1 1 58 58 0 1 0
27980 27982 549 372 549 374 1 0 58 56 -12369 32 2
27982 29399 549 374 549 374 0 0 56 56 0 1417 0
29399 29401 549 374 549 372 0 1 56 54 12761 32 2
29401 29402 549 372 550 372 1 0 54 53 -12761 32 1
29402 30124 550 372 550 372 0 0 53 53 0 722 0
30124 30125 550 372 549 372 0 1 53 52 12948 32 1
30125 30126 549 372 549 372 1 1 52 52 0 1 0
30126 30130 549 372 552 373 1 0 52 48 -12948 32 4
30130 30173 552 373 552 373 0 0 48 48 0 43 0
30173 30177 552 373 549 372 0 1 48 44 12967 32 4
30177 30178 549 372 549 373 1 0 44 43 -12967 32 1
30178 31462 549 373 549 373 0 0 43 43 0 1284 0
31462 31463 549 373 549 372 0 1 43 42 13343 32 1
31463 31464 549 372 550 372 1 0 42 41 -13343 32 1
31464 31925 550 372 550 372 0 0 41 41 0 461 0
31925 31926 550 372 549 372 0 1 41 40 13449 32 1
31926 31928 549 372 550 373 1 0 40 38 -13449 32 2
31928 32262 550 373 550 373 0 0 38 38 0 334 0
32262 32264 550 373 549 372 0 1 38 36 13535 32 2
32264 32265 549 372 549 372 1 1 36 36 0 1 0
32265 32266 549 372 549 373 1 0 36 35 -13535 32 1
32266 32543 549 373 549 373 0 0 35 35 0 277 0
32543 32544 549 373 549 372 0 1 35 34 13611 32 1
32544 32545 549 372 550 372 1 0 34 33 -13611 32 1
32545 32608 550 372 550 372 0 0 33 33 0 63 0
32608 32609 550 372 549 372 0 1 33 32 13636 32 1
32609 32611 549 372 551 372 1 0 32 30 -13636 32 2
32611 34311 551 372 551 372 0 0 30 30 0 1700 0
34311 34313 551 372 549 372 0 1 30 28 14086 32 2
34313 34314 549 372 549 372 1 1 28 28 0 1 0
34314 34318 549 372 550 375 1 0 28 24 -14086 32 4
34318 34835 550 375 550 375 0 0 24 24 0 517 0
34835 34839 550 375 549 372 0 1 24 20 14223 32 4
34839 34844 549 372 549 372 1 1 20 20 0 5 0
34844 34847 549 372 551 373 1 0 20 17 -14223 32 3
34847 36792 551 373 551 373 0 0 17 17 0 1945 0
36792 36795 551 373 549 372 0 1 17 14 14729 32 3
36795 36796 549 372 550 372 1 0 14 13 -14729 32 1
36796 39091 550 372 550 372 0 0 13 13 0 2295 0
39091 39092 550 372 549 372 0 1 13 12 15320 32 1
39092 39093 549 372 550 372 1 0 12 11 -15320 32 1
39093 39532 550 372 550 372 0 0 11 11 0 439 0
39532 39533 550 372 549 372 0 1 11 10 15445 32 1
39533 39534 549 372 549 372 1 1 10 10 0 1 0
39534 39536 549 372 550 373 1 0 10 8 -15445 32 2
39536 41069 550 373 550 373 0 0 8 8 0 1533 0
41069 41071 550 373 549 372 0 1 8 6 16174 32 2
41071 41077 549 372 549 372 1 1 6 6 0 6 0
41077 41078 549 372 549 373 1 0 6 5 -16174 32 1
41078 41524 549 373 549 373 0 0 5 5 0 446 0
41524 41525 549 373 549 372 0 1 5 4 16456 32 1
41525 41526 549 372 550 372 1 0 4 3 -16456 32 1
41526 41986 550 372 550 372 0 0 3 3 0 460 0
41986 41987 550 372 549 372 0 1 3 2 16716 32 1
41987 41988 549 372 549 373 1 0 2 1 -16716 32 1
41988 43266 549 373 549 373 0 0 1 1 0 1278 0
43266 43267 549 373 549 372 0 0 1 0 1000000000 0 1
--------------------------------------
--------------------------------------
EV4
--------------------------------------
Num TPs served = 21
TPs served = 14338 18564 19030 19243 19835 20219 20693 20904 21420 21485 21509 22078 22399 22789 23195 23267 23380 23394 23628 37724 40088
Total energy used = 100
--------------------------------------
Schedule:
0 3597 549 372 549 372 0 0 100 100 0 3597 0
3597 3597 549 372 549 372 0 1 100 100 18564 32 0
3597 3598 549 372 549 372 1 1 100 100 0 1 0
3598 3600 549 372 550 373 1 0 100 98 -18564 32 2
3600 5085 550 373 550 373 0 0 98 98 0 1485 0
5085 5087 550 373 549 372 0 1 98 96 19030 32 2
5087 5090 549 372 552 372 1 0 96 93 -19030 32 3
5090 5726 552 372 552 372 0 0 93 93 0 636 0
5726 5729 552 372 549 372 0 1 93 90 19243 32 3
5729 5730 549 372 550 372 1 0 90 89 -19243 32 1
5730 7525 550 372 550 372 0 0 89 89 0 1795 0
7525 7526 550 372 549 372 0 1 89 88 37724 32 1
7526 7541 549 372 549 372 1 1 88 88 0 15 0
7541 7541 549 372 549 372 1 2 88 88 19835 32 0
7541 7543 549 372 549 374 2 1 88 86 -37724 17 2
7543 7545 549 374 549 374 1 1 86 86 0 2 0
7545 7546 549 374 549 375 1 0 86 85 -19835 32 1
7546 8672 549 375 549 375 0 0 85 85 0 1126 0
8672 8675 549 375 549 372 0 1 85 82 20219 32 3
8675 8676 549 372 549 372 1 1 82 82 0 1 0
8676 8677 549 372 549 373 1 0 82 81 -20219 32 1
8677 9942 549 373 549 373 0 0 81 81 0 1265 0
9942 9943 549 373 549 372 0 1 81 80 20693 32 1
9943 9945 549 372 549 372 1 1 80 80 0 2 0
9945 9946 549 372 550 372 1 0 80 79 -20693 32 1
9946 10505 550 372 550 372 0 0 79 79 0 559 0
10505 10506 550 372 549 372 0 1 79 78 20904 32 1
10506 10507 549 372 550 372 1 0 78 77 -20904 32 1
10507 11888 550 372 550 372 0 0 77 77 0 1381 0
11888 11889 550 372 549 372 0 1 77 76 21420 32 1
11889 11893 549 372 553 372 1 0 76 72 -21420 32 4
11893 12056 553 372 553 372 0 0 72 72 0 163 0
12056 12060 553 372 549 372 0 1 72 68 21485 32 4
12060 12061 549 372 550 372 1 0 68 67 -21485 32 1
12061 12143 550 372 550 372 0 0 67 67 0 82 0
12143 12144 550 372 549 372 0 1 67 66 21509 32 1
12144 12148 549 372 551 374 1 0 66 62 -21509 32 4
12148 13695 551 374 551 374 0 0 62 62 0 1547 0
13695 13699 551 374 549 372 0 1 62 58 40088 32 4
13699 13699 549 372 549 372 1 2 58 58 22078 6 0
13699 13700 549 372 549 373 2 1 58 57 -40088 32 1
13700 13700 549 373 549 373 1 0 57 57 -22078 11 0
13700 14491 549 373 549 373 0 0 57 57 0 791 0
14491 14492 549 373 549 372 0 1 57 56 22399 32 1
14492 14495 549 372 552 372 1 0 56 53 -22399 32 3
14495 15470 552 372 552 372 0 0 53 53 0 975 0
15470 15473 552 372 549 372 0 1 53 50 22789 32 3
15473 15476 549 372 552 372 1 0 50 47 -22789 32 3
15476 16451 552 372 552 372 0 0 47 47 0 975 0
16451 16454 552 372 549 372 0 1 47 44 23195 32 3
16454 16457 549 372 550 374 1 0 44 41 -23195 32 3
16457 16623 550 374 550 374 0 0 41 41 0 166 0
16623 16626 550 374 549 372 0 1 41 38 23267 32 3
16626 16627 549 372 549 373 1 0 38 37 -23267 32 1
16627 16906 549 373 549 373 0 0 37 37 0 279 0
16906 16907 549 373 549 372 0 1 37 36 23380 32 1
16907 16908 549 372 550 372 1 0 36 35 -23380 32 1
16908 16941 550 372 550 372 0 0 35 35 0 33 0
16941 16942 550 372 549 372 0 1 35 34 23394 32 1
16942 16946 549 372 553 372 1 0 34 30 -23394 32 4
16946 17472 553 372 553 372 0 0 30 30 0 526 0
17472 17476 553 372 549 372 0 1 30 26 23628 32 4
17476 17480 549 372 552 373 1 0 26 22 -23628 32 4
17480 35250 552 373 552 373 0 0 22 22 0 17770 0
35250 35254 552 373 549 372 0 1 22 18 14338 32 4
35254 35257 549 372 549 372 1 1 18 18 0 3 0
35257 35266 549 372 554 376 1 0 18 9 -14338 32 9
35266 43258 554 376 554 376 0 0 9 9 0 7992 0
43258 43267 554 376 549 372 0 0 9 0 1000000000 0 9
--------------------------------------
--------------------------------------
EV5
--------------------------------------
Num TPs served = 23
TPs served = 23952 23973 24028 24272 24933 25234 25704 25753 26081 26141 26370 26393 26405 26572 26623 26815 27251 27266 27541 28085 28165 28350 28356
Total energy used = 100
--------------------------------------
Schedule:
0 18180 549 372 549 372 0 0 100 100 0 18180 0
18180 18180 549 372 549 372 0 1 100 100 23952 32 0
18180 18181 549 372 549 372 1 1 100 100 0 1 0
18181 18182 549 372 550 372 1 0 100 99 -23952 32 1
18182 18238 550 372 550 372 0 0 99 99 0 56 0
18238 18239 550 372 549 372 0 1 99 98 23973 32 1
18239 18241 549 372 550 373 1 0 98 96 -23973 32 2
18241 18349 550 373 550 373 0 0 96 96 0 108 0
18349 18351 550 373 549 372 0 1 96 94 24028 32 2
18351 18355 549 372 553 372 1 0 94 90 -24028 32 4
18355 18870 553 372 553 372 0 0 90 90 0 515 0
18870 18874 553 372 549 372 0 1 90 86 24272 32 4
18874 18875 549 372 549 373 1 0 86 85 -24272 32 1
18875 20331 549 373 549 373 0 0 85 85 0 1456 0
20331 20332 549 373 549 372 0 1 85 84 24933 32 1
20332 20333 549 372 550 372 1 0 84 83 -24933 32 1
20333 21006 550 372 550 372 0 0 83 83 0 673 0
21006 21007 550 372 549 372 0 1 83 82 25234 32 1
21007 21009 549 372 551 372 1 0 82 80 -25234 32 2
21009 22042 551 372 551 372 0 0 80 80 0 1033 0
22042 22044 551 372 549 372 0 1 80 78 25704 32 2
22044 22046 549 372 551 372 1 0 78 76 -25704 32 2
22046 22134 551 372 551 372 0 0 76 76 0 88 0
22134 22136 551 372 549 372 0 1 76 74 25753 32 2
22136 22137 549 372 549 372 1 1 74 74 0 1 0
22137 22142 549 372 552 374 1 0 74 69 -25753 32 5
22142 22814 552 374 552 374 0 0 69 69 0 672 0
22814 22819 552 374 549 372 0 1 69 64 26081 32 5
22819 22821 549 372 551 372 1 0 64 62 -26081 32 2
22821 22934 551 372 551 372 0 0 62 62 0 113 0
22934 22936 551 372 549 372 0 1 62 60 26141 32 2
22936 22938 549 372 550 373 1 0 60 58 -26141 32 2
22938 23412 550 373 550 373 0 0 58 58 0 474 0
23412 23414 550 373 549 372 0 1 58 56 26370 32 2
23414 23416 549 372 549 374 1 0 56 54 -26370 32 2
23416 23470 549 374 549 374 0 0 54 54 0 54 0
23470 23472 549 374 549 372 0 1 54 52 26405 32 2
23472 23472 549 372 549 372 1 2 52 52 26393 10 0
23472 23478 549 372 549 372 2 2 52 52 0 6 0
23478 23481 549 372 551 373 2 1 52 49 -26405 32 3
23481 23483 551 373 550 372 1 0 49 47 -26393 0 2
23483 23794 550 372 550 372 0 0 47 47 0 311 0
23794 23795 550 372 549 372 0 1 47 46 26572 32 1
23795 23797 549 372 549 372 1 1 46 46 0 2 0
23797 23801 549 372 553 372 1 0 46 42 -26572 32 4
23801 23898 553 372 553 372 0 0 42 42 0 97 0
23898 23902 553 372 549 372 0 1 42 38 26623 32 4
23902 23904 549 372 551 372 1 0 38 36 -26623 32 2
23904 24279 551 372 551 372 0 0 36 36 0 375 0
24279 24281 551 372 549 372 0 1 36 34 26815 32 2
24281 24282 549 372 550 372 1 0 34 33 -26815 32 1
24282 25132 550 372 550 372 0 0 33 33 0 850 0
25132 25133 550 372 549 372 0 1 33 32 27266 32 1
25133 25133 549 372 549 372 1 2 32 32 27251 7 0
25133 25134 549 372 550 372 2 1 32 31 -27266 32 1
25134 25136 550 372 550 374 1 0 31 29 -27251 7 2
25136 25638 550 374 550 374 0 0 29 29 0 502 0
25638 25641 550 374 549 372 0 1 29 26 27541 32 3
25641 25643 549 372 551 372 1 0 26 24 -27541 32 2
25643 26685 551 372 551 372 0 0 24 24 0 1042 0
26685 26687 551 372 549 372 0 1 24 22 28085 32 2
26687 26692 549 372 551 375 1 0 22 17 -28085 32 5
26692 26833 551 375 551 375 0 0 17 17 0 141 0
26833 26838 551 375 549 372 0 1 17 12 28165 32 5
26838 26840 549 372 551 372 1 0 12 10 -28165 32 2
26840 27217 551 372 551 372 0 0 10 10 0 377 0
27217 27219 551 372 549 372 0 1 10 8 28356 32 2
27219 27219 549 372 549 372 1 2 8 8 28350 20 0
27219 27220 549 372 549 373 2 1 8 7 -28356 32 1
27220 27223 549 373 550 375 1 0 7 4 -28350 20 3
27223 43263 550 375 550 375 0 0 4 4 0 16040 0
43263 43267 550 375 549 372 0 0 4 0 1000000000 0 4
--------------------------------------
--------------------------------------
EV6
--------------------------------------
Num TPs served = 21
TPs served = 28389 28470 28580 28689 29026 29557 29574 30760 31092 31467 31592 31698 31761 31940 32404 32471 32745 33754 33870 34348 46931
Total energy used = 100
--------------------------------------
Schedule:
0 27282 549 372 549 372 0 0 100 100 0 27282 0
27282 27282 549 372 549 372 0 1 100 100 28389 32 0
27282 27286 549 372 549 372 1 1 100 100 0 4 0
27286 27288 549 372 550 373 1 0 100 98 -28389 32 2
27288 27436 550 373 550 373 0 0 98 98 0 148 0
27436 27438 550 373 549 372 0 1 98 96 46931 32 2
27438 27438 549 372 549 372 1 2 96 96 28470 25 0
27438 27439 549 372 550 372 2 1 96 95 -46931 32 1
27439 27440 550 372 551 372 1 0 95 94 -28470 25 1
27440 27635 551 372 551 372 0 0 94 94 0 195 0
27635 27637 551 372 549 372 0 1 94 92 28580 32 2
27637 27639 549 372 551 372 1 0 92 90 -28580 32 2
27639 27850 551 372 551 372 0 0 90 90 0 211 0
27850 27852 551 372 549 372 0 1 90 88 28689 32 2
27852 27855 549 372 549 372 1 1 88 88 0 3 0
27855 27858 549 372 551 373 1 0 88 85 -28689 32 3
27858 28532 551 373 551 373 0 0 85 85 0 674 0
28532 28535 551 373 549 372 0 1 85 82 29026 32 3
28535 28541 549 372 555 372 1 0 82 76 -29026 32 6
28541 29618 555 372 555 372 0 0 76 76 0 1077 0
29618 29624 555 372 549 372 0 1 76 70 29557 32 6
29624 29628 549 372 549 372 1 1 70 70 0 4 0
29628 29630 549 372 551 372 1 0 70 68 -29557 32 2
29630 29659 551 372 551 372 0 0 68 68 0 29 0
29659 29661 551 372 549 372 0 1 68 66 29574 32 2
29661 29669 549 372 549 380 1 0 66 58 -29574 32 8
29669 31989 549 380 549 380 0 0 58 58 0 2320 0
31989 31997 549 380 549 372 0 1 58 50 30760 32 8
31997 31998 549 372 549 372 1 1 50 50 0 1 0
31998 31999 549 372 549 373 1 0 50 49 -30760 32 1
31999 32694 549 373 549 373 0 0 49 49 0 695 0
32694 32695 549 373 549 372 0 1 49 48 31092 32 1
32695 32696 549 372 549 373 1 0 48 47 -31092 32 1
32696 33534 549 373 549 373 0 0 47 47 0 838 0
33534 33535 549 373 549 372 0 1 47 46 31467 32 1
33535 33537 549 372 549 374 1 0 46 44 -31467 32 2
33537 33808 549 374 549 374 0 0 44 44 0 271 0
33808 33810 549 374 549 372 0 1 44 42 31592 32 2
33810 33830 549 372 549 372 1 1 42 42 0 20 0
33830 33835 549 372 553 373 1 0 42 37 -31592 32 5
33835 34050 553 373 553 373 0 0 37 37 0 215 0
34050 34055 553 373 549 372 0 1 37 32 31698 32 5
34055 34056 549 372 550 372 1 0 32 31 -31698 32 1
34056 34208 550 372 550 372 0 0 31 31 0 152 0
34208 34209 550 372 549 372 0 1 31 30 31761 32 1
34209 34211 549 372 549 374 1 0 30 28 -31761 32 2
34211 34563 549 374 549 374 0 0 28 28 0 352 0
34563 34565 549 374 549 372 0 1 28 26 31940 32 2
34565 34566 549 372 550 372 1 0 26 25 -31940 32 1
34566 35712 550 372 550 372 0 0 25 25 0 1146 0
35712 35713 550 372 549 372 0 1 25 24 32404 32 1
35713 35715 549 372 549 372 1 1 24 24 0 2 0
35715 35718 549 372 552 372 1 0 24 21 -32404 32 3
35718 35840 552 372 552 372 0 0 21 21 0 122 0
35840 35843 552 372 549 372 0 1 21 18 32471 32 3
35843 35844 549 372 550 372 1 0 18 17 -32471 32 1
35844 36481 550 372 550 372 0 0 17 17 0 637 0
36481 36482 550 372 549 372 0 1 17 16 32745 32 1
36482 36486 549 372 553 372 1 0 16 12 -32745 32 4
36486 39141 553 372 553 372 0 0 12 12 0 2655 0
39141 39145 553 372 549 372 0 1 12 8 33754 32 4
39145 39146 549 372 549 372 1 1 8 8 0 1 0
39146 39147 549 372 550 372 1 0 8 7 -33754 32 1
39147 39439 550 372 550 372 0 0 7 7 0 292 0
39439 39440 550 372 549 372 0 1 7 6 33870 32 1
39440 39441 549 372 549 372 1 1 6 6 0 1 0
39441 39442 549 372 549 373 1 0 6 5 -33870 32 1
39442 40775 549 373 549 373 0 0 5 5 0 1333 0
40775 40776 549 373 549 372 0 1 5 4 34348 32 1
40776 40778 549 372 549 372 1 1 4 4 0 2 0
40778 40780 549 372 550 373 1 0 4 2 -34348 32 2
40780 43265 550 373 550 373 0 0 2 2 0 2485 0
43265 43267 550 373 549 372 0 0 2 0 1000000000 0 2
--------------------------------------

-------------------------------------------------------------------------

TPs

-------------------------------------------------------------------------

----------------------
TP468 allocated to 1
----------------------

----------------------
TP603 allocated to 1
----------------------

----------------------
TP633 allocated to 1
----------------------

----------------------
TP1782 allocated to 1
----------------------

----------------------
TP1904 allocated to 1
----------------------

----------------------
TP2460 allocated to 1
----------------------

----------------------
TP2712 allocated to 1
----------------------

----------------------
TP2801 allocated to 1
----------------------

----------------------
TP3283 allocated to 1
----------------------

----------------------
TP3354 allocated to 1
----------------------

----------------------
TP3469 allocated to 1
----------------------

----------------------
TP3921 allocated to 1
----------------------

----------------------
TP4007 allocated to 1
----------------------

----------------------
TP4108 allocated to 1
----------------------

----------------------
TP4185 allocated to 1
----------------------

----------------------
TP4276 allocated to 1
----------------------

----------------------
TP4307 allocated to 1
----------------------

----------------------
TP4419 allocated to 1
----------------------

----------------------
TP4555 allocated to 1
----------------------

----------------------
TP4678 allocated to 1
----------------------

----------------------
TP4833 allocated to 1
----------------------

----------------------
TP4973 allocated to 1
----------------------

----------------------
TP5051 allocated to 2
----------------------

----------------------
TP5411 allocated to 1
----------------------

----------------------
TP5607 allocated to 1
----------------------

----------------------
TP7091 allocated to 1
----------------------

----------------------
TP7146 allocated to 2
----------------------

----------------------
TP7333 allocated to 1
----------------------

----------------------
TP7379 allocated to 2
----------------------

----------------------
TP7413 allocated to 2
----------------------

----------------------
TP7447 allocated to 2
----------------------

----------------------
TP7797 allocated to 1
----------------------

----------------------
TP8347 allocated to 2
----------------------

----------------------
TP8765 allocated to 2
----------------------

----------------------
TP9134 allocated to 2
----------------------

----------------------
TP9683 allocated to 2
----------------------

----------------------
TP9774 allocated to 2
----------------------

----------------------
TP9879 allocated to 1
----------------------

----------------------
TP10134 allocated to 2
----------------------

----------------------
TP10251 allocated to 2
----------------------

----------------------
TP10386 allocated to 2
----------------------

----------------------
TP10434 allocated to 2
----------------------

----------------------
TP10565 allocated to 2
----------------------

----------------------
TP10699 allocated to 3
----------------------

----------------------
TP11268 allocated to 2
----------------------

----------------------
TP11459 allocated to 3
----------------------

----------------------
TP11559 allocated to 3
----------------------

----------------------
TP11731 allocated to 3
----------------------

----------------------
TP11952 allocated to 3
----------------------

----------------------
TP11989 allocated to 3
----------------------

----------------------
TP12203 allocated to 3
----------------------

----------------------
TP12369 allocated to 3
----------------------

----------------------
TP12761 allocated to 3
----------------------

----------------------
TP12948 allocated to 3
----------------------

----------------------
TP12967 allocated to 3
----------------------

----------------------
TP13343 allocated to 3
----------------------

----------------------
TP13449 allocated to 3
----------------------

----------------------
TP13535 allocated to 3
----------------------

----------------------
TP13611 allocated to 3
----------------------

----------------------
TP13636 allocated to 3
----------------------

----------------------
TP13854 allocated to 1
----------------------

----------------------
TP14061 allocated to 1
----------------------

----------------------
TP14086 allocated to 3
----------------------

----------------------
TP14223 allocated to 3
----------------------

----------------------
TP14338 allocated to 4
----------------------

----------------------
TP14729 allocated to 3
----------------------

----------------------
TP15320 allocated to 3
----------------------

----------------------
TP15445 allocated to 3
----------------------

----------------------
TP16174 allocated to 3
----------------------

----------------------
TP16456 allocated to 3
----------------------

----------------------
TP16716 allocated to 3
----------------------

----------------------
TP18094 allocated to 1
----------------------

----------------------
TP18564 allocated to 4
----------------------

----------------------
TP19030 allocated to 4
----------------------

----------------------
TP19243 allocated to 4
----------------------

----------------------
TP19327 allocated to 1
----------------------

----------------------
TP19835 allocated to 4
----------------------

----------------------
TP20219 allocated to 4
----------------------

----------------------
TP20693 allocated to 4
----------------------

----------------------
TP20904 allocated to 4
----------------------

----------------------
TP21420 allocated to 4
----------------------

----------------------
TP21485 allocated to 4
----------------------

----------------------
TP21509 allocated to 4
----------------------

----------------------
TP21824 allocated to 1
----------------------

----------------------
TP22071 allocated to 1
----------------------

----------------------
TP22078 allocated to 4
----------------------

----------------------
TP22399 allocated to 4
----------------------

----------------------
TP22789 allocated to 4
----------------------

----------------------
TP23195 allocated to 4
----------------------

----------------------
TP23267 allocated to 4
----------------------

----------------------
TP23380 allocated to 4
----------------------

----------------------
TP23394 allocated to 4
----------------------

----------------------
TP23628 allocated to 4
----------------------

----------------------
TP23952 allocated to 5
----------------------

----------------------
TP23973 allocated to 5
----------------------

----------------------
TP24028 allocated to 5
----------------------

----------------------
TP24272 allocated to 5
----------------------

----------------------
TP24933 allocated to 5
----------------------

----------------------
TP25223 allocated to 1
----------------------

----------------------
TP25234 allocated to 5
----------------------

----------------------
TP25704 allocated to 5
----------------------

----------------------
TP25753 allocated to 5
----------------------

----------------------
TP25764 allocated to 1
----------------------

----------------------
TP26081 allocated to 5
----------------------

----------------------
TP26141 allocated to 5
----------------------

----------------------
TP26370 allocated to 5
----------------------

----------------------
TP26393 allocated to 5
----------------------

----------------------
TP26405 allocated to 5
----------------------

----------------------
TP26572 allocated to 5
----------------------

----------------------
TP26623 allocated to 5
----------------------

----------------------
TP26815 allocated to 5
----------------------

----------------------
TP27251 allocated to 5
----------------------

----------------------
TP27266 allocated to 5
----------------------

----------------------
TP27392 allocated to 1
----------------------

----------------------
TP27541 allocated to 5
----------------------

----------------------
TP27830 allocated to 1
----------------------

----------------------
TP28085 allocated to 5
----------------------

----------------------
TP28165 allocated to 5
----------------------

----------------------
TP28350 allocated to 5
----------------------

----------------------
TP28356 allocated to 5
----------------------

----------------------
TP28389 allocated to 6
----------------------

----------------------
TP28470 allocated to 6
----------------------

----------------------
TP28580 allocated to 6
----------------------

----------------------
TP28689 allocated to 6
----------------------

----------------------
TP28851 allocated to 1
----------------------

----------------------
TP29026 allocated to 6
----------------------

----------------------
TP29117 allocated to 1
----------------------

----------------------
TP29557 allocated to 6
----------------------

----------------------
TP29574 allocated to 6
----------------------

----------------------
TP30140 allocated to 1
----------------------

----------------------
TP30479 allocated to 1
----------------------

----------------------
TP30760 allocated to 6
----------------------

----------------------
TP31092 allocated to 6
----------------------

----------------------
TP31467 allocated to 6
----------------------

----------------------
TP31592 allocated to 6
----------------------

----------------------
TP31698 allocated to 6
----------------------

----------------------
TP31761 allocated to 6
----------------------

----------------------
TP31940 allocated to 6
----------------------

----------------------
TP32404 allocated to 6
----------------------

----------------------
TP32471 allocated to 6
----------------------

----------------------
TP32745 allocated to 6
----------------------

----------------------
TP33278 allocated to 1
----------------------

----------------------
TP33754 allocated to 6
----------------------

----------------------
TP33870 allocated to 6
----------------------

----------------------
TP34129 allocated to 1
----------------------

----------------------
TP34348 allocated to 6
----------------------

----------------------
TP34552 not allocated
----------------------

----------------------
TP34952 not allocated
----------------------

----------------------
TP35222 not allocated
----------------------

----------------------
TP35307 not allocated
----------------------

----------------------
TP35434 not allocated
----------------------

----------------------
TP35739 not allocated
----------------------

----------------------
TP36183 not allocated
----------------------

----------------------
TP36320 not allocated
----------------------

----------------------
TP36731 not allocated
----------------------

----------------------
TP36960 not allocated
----------------------

----------------------
TP37231 allocated to 1
----------------------

----------------------
TP37655 not allocated
----------------------

----------------------
TP37724 allocated to 4
----------------------

----------------------
TP37946 not allocated
----------------------

----------------------
TP38104 allocated to 1
----------------------

----------------------
TP38231 not allocated
----------------------

----------------------
TP38514 not allocated
----------------------

----------------------
TP38720 not allocated
----------------------

----------------------
TP38746 not allocated
----------------------

----------------------
TP38763 not allocated
----------------------

----------------------
TP39454 not allocated
----------------------

----------------------
TP39481 not allocated
----------------------

----------------------
TP40074 not allocated
----------------------

----------------------
TP40088 allocated to 4
----------------------

----------------------
TP41052 not allocated
----------------------

----------------------
TP41217 not allocated
----------------------

----------------------
TP41218 not allocated
----------------------

----------------------
TP41559 not allocated
----------------------

----------------------
TP41563 not allocated
----------------------

----------------------
TP42143 not allocated
----------------------

----------------------
TP42172 not allocated
----------------------

----------------------
TP42789 not allocated
----------------------

----------------------
TP42989 not allocated
----------------------

----------------------
TP43142 not allocated
----------------------

----------------------
TP43412 not allocated
----------------------

----------------------
TP45206 not allocated
----------------------

----------------------
TP45247 not allocated
----------------------

----------------------
TP46071 not allocated
----------------------

----------------------
TP46220 not allocated
----------------------

----------------------
TP46275 not allocated
----------------------

----------------------
TP46299 allocated to 1
----------------------

----------------------
TP46349 not allocated
----------------------

----------------------
TP46931 allocated to 6
----------------------

----------------------
TP46935 not allocated
----------------------

----------------------
TP47225 not allocated
----------------------

----------------------
TP47286 allocated to 1
----------------------

----------------------
TP47522 allocated to 1
----------------------

----------------------
TP47620 not allocated
----------------------

----------------------
TP47885 not allocated
----------------------

----------------------
TP47952 not allocated
----------------------

----------------------
TP48579 not allocated
----------------------

----------------------
TP48782 not allocated
----------------------

----------------------
TP48792 allocated to 1
----------------------

----------------------
TP48801 not allocated
----------------------

----------------------
TP48886 not allocated
----------------------

-------------------------------------------------------------------------

Ride-sharing vs Individual Mode - Num Vehicles and Distance Comparisson 

-------------------------------------------------------------------------
Individual Mode = 201 vehicles.
Ride-sharing Mode = 52 vehicles. The 6 ride-sharing vehicles + 46 vehicles of the individuals not served by the ride-sharing service.
-------------------------------------------------------------------------
Individual Mode = 415 distance.
Ride-sharing Mode = 707 distance. 600 from the EV fleet + 107 from the distance of the trips not covered individuals had to do with their own vehicle.
-------------------------------------------------------------------------
