-------------------------------------------------------------------------
TPs satisfied = 108; Total TPs = 179; Percentage Satisfied + 60.3%
-------------------------------------------------------------------------

-------------------------------------------------------------------------

EVs

-------------------------------------------------------------------------
--------------------------------------
EV1
--------------------------------------
Num TPs served = 45
TPs served = 45 228 325 686 727 730 778 1352 1767 1994 2322 2411 3579 4167 4184 4359 5236 5295 5492 5563 5855 5975 6318 6334 8102 9802 13910 14361 15974 16195 17846 18914 19595 20707 21891 26676 29178 29487 30650 32507 32636 33668 37497 42761 45853
Total energy used = 100
--------------------------------------
Schedule:
0 110 427 868 427 868 0 0 100 100 0 110 0
110 110 427 868 427 868 0 1 100 100 45 32 0
110 112 427 868 429 868 1 0 100 98 -45 32 2
112 433 429 868 429 868 0 0 98 98 0 321 0
433 435 429 868 427 868 0 1 98 96 228 32 2
435 436 427 868 427 868 1 1 96 96 0 1 0
436 440 427 868 430 869 1 0 96 92 -228 32 4
440 624 430 869 430 869 0 0 92 92 0 184 0
624 628 430 869 427 868 0 1 92 88 325 32 4
628 632 427 868 427 872 1 0 88 84 -325 32 4
632 1225 427 872 427 872 0 0 84 84 0 593 0
1225 1229 427 872 427 868 0 1 84 80 686 32 4
1229 1232 427 868 430 868 1 0 80 77 -686 32 3
1232 1297 430 868 430 868 0 0 77 77 0 65 0
1297 1300 430 868 427 868 0 1 77 74 730 32 3
1300 1300 427 868 427 868 1 2 74 74 727 28 0
1300 1303 427 868 430 868 2 1 74 71 -730 32 3
1303 1304 430 868 431 868 1 0 71 70 -727 28 1
1304 1374 431 868 431 868 0 0 70 70 0 70 0
1374 1378 431 868 427 868 0 1 70 66 17846 32 4
1378 1380 427 868 427 868 1 1 66 66 0 2 0
1380 1380 427 868 427 868 1 0 66 66 -17846 32 0
1380 1400 427 868 427 868 0 0 66 66 0 20 0
1400 1400 427 868 427 868 0 1 66 66 778 32 0
1400 1402 427 868 428 869 1 0 66 64 -778 32 2
1402 2371 428 869 428 869 0 0 64 64 0 969 0
2371 2373 428 869 427 868 0 1 64 62 1352 32 2
2373 2376 427 868 430 868 1 0 62 59 -1352 32 3
2376 3084 430 868 430 868 0 0 59 59 0 708 0
3084 3087 430 868 427 868 0 1 59 56 1767 32 3
3087 3088 427 868 427 868 1 1 56 56 0 1 0
3088 3089 427 868 427 869 1 0 56 55 -1767 32 1
3089 3508 427 869 427 869 0 0 55 55 0 419 0
3508 3509 427 869 427 868 0 1 55 54 1994 32 1
3509 3510 427 868 428 868 1 0 54 53 -1994 32 1
3510 4115 428 868 428 868 0 0 53 53 0 605 0
4115 4116 428 868 427 868 0 1 53 52 2322 32 1
4116 4120 427 868 430 869 1 0 52 48 -2322 32 4
4120 4281 430 869 430 869 0 0 48 48 0 161 0
4281 4285 430 869 427 868 0 1 48 44 2411 32 4
4285 4287 427 868 427 868 1 1 44 44 0 2 0
4287 4290 427 868 429 869 1 0 44 41 -2411 32 3
4290 4723 429 869 429 869 0 0 41 41 0 433 0
4723 4726 429 869 427 868 0 1 41 38 18914 32 3
4726 4727 427 868 427 868 1 1 38 38 0 1 0
4727 4727 427 868 427 868 1 0 38 38 -18914 32 0
4727 6402 427 868 427 868 0 0 38 38 0 1675 0
6402 6402 427 868 427 868 0 1 38 38 3579 32 0
6402 6404 427 868 427 870 1 0 38 36 -3579 32 2
6404 6844 427 870 427 870 0 0 36 36 0 440 0
6844 6846 427 870 427 868 0 1 36 34 19595 32 2
6846 6849 427 868 427 868 1 1 34 34 0 3 0
6849 6849 427 868 427 868 1 0 34 34 -19595 32 0
6849 6922 427 868 427 868 0 0 34 34 0 73 0
6922 6922 427 868 427 868 0 1 34 34 37497 32 0
6922 6926 427 868 427 868 1 1 34 34 0 4 0
6926 6926 427 868 427 868 1 0 34 34 -37497 32 0
6926 7503 427 868 427 868 0 0 34 34 0 577 0
7503 7503 427 868 427 868 0 1 34 34 4167 32 0
7503 7535 427 868 427 868 1 1 34 34 0 32 0
7535 7535 427 868 427 868 1 2 34 34 4184 32 0
7535 7536 427 868 428 868 2 1 34 33 -4167 0 1
7536 7538 428 868 427 869 1 0 33 31 -4184 31 2
7538 7841 427 869 427 869 0 0 31 31 0 303 0
7841 7842 427 869 427 868 0 1 31 30 4359 32 1
7842 7844 427 868 427 868 1 1 30 30 0 2 0
7844 7845 427 868 427 869 1 0 30 29 -4359 32 1
7845 9507 427 869 427 869 0 0 29 29 0 1662 0
9507 9508 427 869 427 868 0 1 29 28 5236 32 1
9508 9511 427 868 427 868 1 1 28 28 0 3 0
9511 9512 427 868 428 868 1 0 28 27 -5236 32 1
9512 9627 428 868 428 868 0 0 27 27 0 115 0
9627 9628 428 868 427 868 0 1 27 26 5295 32 1
9628 9629 427 868 427 868 1 1 26 26 0 1 0
9629 9630 427 868 428 868 1 0 26 25 -5295 32 1
9630 9984 428 868 428 868 0 0 25 25 0 354 0
9984 9985 428 868 427 868 0 1 25 24 20707 32 1
9985 9985 427 868 427 868 1 2 24 24 5492 30 0
9985 9986 427 868 428 868 2 1 24 23 -20707 32 1
9986 9986 428 868 428 868 1 0 23 23 -5492 30 0
9986 10127 428 868 428 868 0 0 23 23 0 141 0
10127 10128 428 868 427 868 0 1 23 22 5563 32 1
10128 10130 427 868 427 868 1 1 22 22 0 2 0
10130 10132 427 868 427 870 1 0 22 20 -5563 32 2
10132 10709 427 870 427 870 0 0 20 20 0 577 0
10709 10711 427 870 427 868 0 1 20 18 5855 32 2
10711 10712 427 868 427 868 1 1 18 18 0 1 0
10712 10718 427 868 432 869 1 0 18 12 -5855 32 6
10718 10938 432 869 432 869 0 0 12 12 0 220 0
10938 10944 432 869 427 868 0 1 12 6 5975 32 6
10944 10947 427 868 427 868 1 1 6 6 0 3 0
10947 10949 427 868 427 870 1 0 6 4 -5975 32 2
10949 11620 427 870 427 870 0 0 4 4 0 671 0
11620 11622 427 870 427 868 0 1 4 2 6334 32 2
11622 11622 427 868 427 868 1 2 2 2 6318 5 0
11622 11622 427 868 427 868 2 1 2 2 -6318 6 0
11622 11623 427 868 427 868 1 1 2 2 0 1 0
11623 11624 427 868 428 868 1 0 2 1 -6334 32 1
11624 13153 428 868 428 868 0 0 1 1 0 1529 0
13153 13154 428 868 427 868 0 1 1 0 21891 32 1
13154 13155 427 868 427 868 1 1 0 0 0 1 0
13155 13155 427 868 427 868 1 0 0 0 -21891 32 0
13155 15452 427 868 427 868 0 0 0 0 0 2297 0
15452 15452 427 868 427 868 0 1 0 0 8102 32 0
15452 15455 427 868 427 868 1 1 0 0 0 3 0
15455 15455 427 868 427 868 1 0 0 0 -8102 32 0
15455 19755 427 868 427 868 0 0 0 0 0 4300 0
19755 19755 427 868 427 868 0 1 0 0 42761 32 0
19755 19757 427 868 427 868 1 1 0 0 0 2 0
19757 19757 427 868 427 868 1 0 0 0 -42761 32 0
19757 19914 427 868 427 868 0 0 0 0 0 157 0
19914 19914 427 868 427 868 0 1 0 0 9802 32 0
19914 19915 427 868 427 868 1 1 0 0 0 1 0
19915 19915 427 868 427 868 1 0 0 0 -9802 32 0
19915 24012 427 868 427 868 0 0 0 0 0 4097 0
24012 24012 427 868 427 868 0 1 0 0 26676 32 0
24012 24013 427 868 427 868 1 1 0 0 0 1 0
24013 24013 427 868 427 868 1 0 0 0 -26676 32 0
24013 25520 427 868 427 868 0 0 0 0 0 1507 0
25520 25520 427 868 427 868 0 1 0 0 45853 32 0
25520 25521 427 868 427 868 1 1 0 0 0 1 0
25521 25521 427 868 427 868 1 0 0 0 -45853 32 0
25521 28843 427 868 427 868 0 0 0 0 0 3322 0
28843 28843 427 868 427 868 0 1 0 0 29178 32 0
28843 28845 427 868 427 868 1 1 0 0 0 2 0
28845 28845 427 868 427 868 1 0 0 0 -29178 32 0
28845 29496 427 868 427 868 0 0 0 0 0 651 0
29496 29496 427 868 427 868 0 1 0 0 29487 32 0
29496 29497 427 868 427 868 1 1 0 0 0 1 0
29497 29497 427 868 427 868 1 0 0 0 -29487 32 0
29497 31755 427 868 427 868 0 0 0 0 0 2258 0
31755 31755 427 868 427 868 0 1 0 0 30650 32 0
31755 31756 427 868 427 868 1 1 0 0 0 1 0
31756 31756 427 868 427 868 1 0 0 0 -30650 32 0
31756 33608 427 868 427 868 0 0 0 0 0 1852 0
33608 33608 427 868 427 868 0 1 0 0 13910 32 0
33608 33609 427 868 427 868 1 1 0 0 0 1 0
33609 33609 427 868 427 868 1 0 0 0 -13910 32 0
33609 35332 427 868 427 868 0 0 0 0 0 1723 0
35332 35332 427 868 427 868 0 1 0 0 14361 32 0
35332 35335 427 868 427 868 1 1 0 0 0 3 0
35335 35335 427 868 427 868 1 0 0 0 -14361 32 0
35335 35929 427 868 427 868 0 0 0 0 0 594 0
35929 35929 427 868 427 868 0 1 0 0 32507 32 0
35929 35931 427 868 427 868 1 1 0 0 0 2 0
35931 35931 427 868 427 868 1 0 0 0 -32507 32 0
35931 36242 427 868 427 868 0 0 0 0 0 311 0
36242 36242 427 868 427 868 0 1 0 0 32636 32 0
36242 36244 427 868 427 868 1 1 0 0 0 2 0
36244 36244 427 868 427 868 1 0 0 0 -32636 32 0
36244 38911 427 868 427 868 0 0 0 0 0 2667 0
38911 38911 427 868 427 868 0 1 0 0 33668 32 0
38911 38914 427 868 427 868 1 1 0 0 0 3 0
38914 38914 427 868 427 868 1 0 0 0 -33668 32 0
38914 40690 427 868 427 868 0 0 0 0 0 1776 0
40690 40690 427 868 427 868 0 1 0 0 15974 32 0
40690 40691 427 868 427 868 1 1 0 0 0 1 0
40691 40691 427 868 427 868 1 0 0 0 -15974 32 0
40691 41109 427 868 427 868 0 0 0 0 0 418 0
41109 41109 427 868 427 868 0 1 0 0 16195 32 0
41109 41110 427 868 427 868 1 1 0 0 0 1 0
41110 41110 427 868 427 868 1 0 0 0 -16195 32 0
41110 43267 427 868 427 868 0 0 0 0 0 2157 0
43267 43267 427 868 427 868 0 0 0 0 1000000000 0 0
--------------------------------------
--------------------------------------
EV2
--------------------------------------
Num TPs served = 23
TPs served = 6629 6728 7259 7538 8096 8418 8626 8738 9000 9535 9552 9949 10037 10643 10949 11286 11467 11508 12453 12515 12661 12960 42478
Total energy used = 100
--------------------------------------
Schedule:
0 12225 427 868 427 868 0 0 100 100 0 12225 0
12225 12225 427 868 427 868 0 1 100 100 6629 32 0
12225 12226 427 868 427 868 1 1 100 100 0 1 0
12226 12228 427 868 429 868 1 0 100 98 -6629 32 2
12228 12408 429 868 429 868 0 0 98 98 0 180 0
12408 12410 429 868 427 868 0 1 98 96 6728 32 2
12410 12411 427 868 428 868 1 0 96 95 -6728 32 1
12411 13597 428 868 428 868 0 0 95 95 0 1186 0
13597 13598 428 868 427 868 0 1 95 94 7259 32 1
13598 13599 427 868 427 868 1 1 94 94 0 1 0
13599 13600 427 868 427 869 1 0 94 93 -7259 32 1
13600 14188 427 869 427 869 0 0 93 93 0 588 0
14188 14189 427 869 427 868 0 1 93 92 7538 32 1
14189 14192 427 868 430 868 1 0 92 89 -7538 32 3
14192 15433 430 868 430 868 0 0 89 89 0 1241 0
15433 15436 430 868 427 868 0 1 89 86 8096 32 3
15436 15438 427 868 428 869 1 0 86 84 -8096 32 2
15438 16186 428 869 428 869 0 0 84 84 0 748 0
16186 16188 428 869 427 868 0 1 84 82 8418 32 2
16188 16189 427 868 427 868 1 1 82 82 0 1 0
16189 16190 427 868 428 868 1 0 82 81 -8418 32 1
16190 16677 428 868 428 868 0 0 81 81 0 487 0
16677 16678 428 868 427 868 0 1 81 80 8626 32 1
16678 16679 427 868 427 868 1 1 80 80 0 1 0
16679 16682 427 868 430 868 1 0 80 77 -8626 32 3
16682 16990 430 868 430 868 0 0 77 77 0 308 0
16990 16993 430 868 427 868 0 1 77 74 8738 32 3
16993 16997 427 868 431 868 1 0 74 70 -8738 32 4
16997 17653 431 868 431 868 0 0 70 70 0 656 0
17653 17657 431 868 427 868 0 1 70 66 9000 32 4
17657 17658 427 868 427 869 1 0 66 65 -9000 32 1
17658 19107 427 869 427 869 0 0 65 65 0 1449 0
19107 19108 427 869 427 868 0 1 65 64 42478 32 1
19108 19118 427 868 427 868 1 1 64 64 0 10 0
19118 19118 427 868 427 868 1 2 64 64 9535 32 0
19118 19119 427 868 428 868 2 1 64 63 -42478 22 1
19119 19121 428 868 430 868 1 0 63 61 -9535 32 2
19121 19155 430 868 430 868 0 0 61 61 0 34 0
19155 19158 430 868 427 868 0 1 61 58 9552 32 3
19158 19159 427 868 427 869 1 0 58 57 -9552 32 1
19159 20257 427 869 427 869 0 0 57 57 0 1098 0
20257 20258 427 869 427 868 0 1 57 56 9949 32 1
20258 20259 427 868 427 868 1 1 56 56 0 1 0
20259 20260 427 868 427 869 1 0 56 55 -9949 32 1
20260 20530 427 869 427 869 0 0 55 55 0 270 0
20530 20531 427 869 427 868 0 1 55 54 10037 32 1
20531 20533 427 868 427 870 1 0 54 52 -10037 32 2
20533 22226 427 870 427 870 0 0 52 52 0 1693 0
22226 22228 427 870 427 868 0 1 52 50 10643 32 2
22228 22230 427 868 428 869 1 0 50 48 -10643 32 2
22230 23221 428 869 428 869 0 0 48 48 0 991 0
23221 23223 428 869 427 868 0 1 48 46 10949 32 2
23223 23224 427 868 427 868 1 1 46 46 0 1 0
23224 23232 427 868 434 869 1 0 46 38 -10949 32 8
23232 24207 434 869 434 869 0 0 38 38 0 975 0
24207 24215 434 869 427 868 0 1 38 30 11286 32 8
24215 24216 427 868 427 868 1 1 30 30 0 1 0
24216 24217 427 868 427 869 1 0 30 29 -11286 32 1
24217 24870 427 869 427 869 0 0 29 29 0 653 0
24870 24871 427 869 427 868 0 1 29 28 11467 32 1
24871 24872 427 868 427 868 1 1 28 28 0 1 0
24872 24873 427 868 428 868 1 0 28 27 -11467 32 1
24873 25018 428 868 428 868 0 0 27 27 0 145 0
25018 25019 428 868 427 868 0 1 27 26 11508 32 1
25019 25023 427 868 430 869 1 0 26 22 -11508 32 4
25023 28283 430 869 430 869 0 0 22 22 0 3260 0
28283 28287 430 869 427 868 0 1 22 18 12453 32 4
28287 28288 427 868 428 868 1 0 18 17 -12453 32 1
28288 28497 428 868 428 868 0 0 17 17 0 209 0
28497 28498 428 868 427 868 0 1 17 16 12515 32 1
28498 28499 427 868 427 868 1 1 16 16 0 1 0
28499 28500 427 868 427 869 1 0 16 15 -12515 32 1
28500 29044 427 869 427 869 0 0 15 15 0 544 0
29044 29045 427 869 427 868 0 1 15 14 12661 32 1
29045 29051 427 868 431 870 1 0 14 8 -12661 32 6
29051 30154 431 870 431 870 0 0 8 8 0 1103 0
30154 30160 431 870 427 868 0 1 8 2 12960 32 6
30160 30161 427 868 427 868 1 1 2 2 0 1 0
30161 30162 427 868 427 869 1 0 2 1 -12960 32 1
30162 43266 427 869 427 869 0 0 1 1 0 13104 0
43266 43267 427 869 427 868 0 0 1 0 1000000000 0 1
--------------------------------------
--------------------------------------
EV3
--------------------------------------
Num TPs served = 20
TPs served = 14331 14578 16214 16391 16408 16449 17165 17443 17867 18078 18423 18686 18776 19666 20381 20410 20637 20940 21505 21674
Total energy used = 100
--------------------------------------
Schedule:
0 39 427 868 427 868 0 0 100 100 0 39 0
39 39 427 868 427 868 0 1 100 100 17443 32 0
39 42 427 868 427 868 1 1 100 100 0 3 0
42 43 427 868 427 869 1 0 100 99 -17443 32 1
43 1443 427 869 427 869 0 0 99 99 0 1400 0
1443 1444 427 869 427 868 0 1 99 98 17867 32 1
1444 1446 427 868 427 870 1 0 98 96 -17867 32 2
1446 2044 427 870 427 870 0 0 96 96 0 598 0
2044 2046 427 870 427 868 0 1 96 94 18078 32 2
2046 2048 427 868 429 868 1 0 94 92 -18078 32 2
2048 3159 429 868 429 868 0 0 92 92 0 1111 0
3159 3161 429 868 427 868 0 1 92 90 18423 32 2
3161 3165 427 868 427 868 1 1 90 90 0 4 0
3165 3166 427 868 428 868 1 0 90 89 -18423 32 1
3166 3985 428 868 428 868 0 0 89 89 0 819 0
3985 3986 428 868 427 868 0 1 89 88 18686 32 1
3986 3988 427 868 427 870 1 0 88 86 -18686 32 2
3988 4282 427 870 427 870 0 0 86 86 0 294 0
4282 4284 427 870 427 868 0 1 86 84 18776 32 2
4284 4285 427 868 427 868 1 1 84 84 0 1 0
4285 4293 427 868 435 868 1 0 84 76 -18776 32 8
4293 7061 435 868 435 868 0 0 76 76 0 2768 0
7061 7069 435 868 427 868 0 1 76 68 19666 32 8
7069 7072 427 868 427 868 1 1 68 68 0 3 0
7072 7077 427 868 430 870 1 0 68 63 -19666 32 5
7077 9116 430 870 430 870 0 0 63 63 0 2039 0
9116 9121 430 870 427 868 0 1 63 58 20381 32 5
9121 9124 427 868 427 868 1 1 58 58 0 3 0
9124 9125 427 868 428 868 1 0 58 57 -20381 32 1
9125 9197 428 868 428 868 0 0 57 57 0 72 0
9197 9198 428 868 427 868 0 1 57 56 20410 32 1
9198 9199 427 868 427 868 1 1 56 56 0 1 0
9199 9200 427 868 427 869 1 0 56 55 -20410 32 1
9200 9799 427 869 427 869 0 0 55 55 0 599 0
9799 9800 427 869 427 868 0 1 55 54 20637 32 1
9800 9801 427 868 428 868 1 0 54 53 -20637 32 1
9801 10598 428 868 428 868 0 0 53 53 0 797 0
10598 10599 428 868 427 868 0 1 53 52 20940 32 1
10599 10601 427 868 427 868 1 1 52 52 0 2 0
10601 10602 427 868 427 869 1 0 52 51 -20940 32 1
10602 12133 427 869 427 869 0 0 51 51 0 1531 0
12133 12134 427 869 427 868 0 1 51 50 21505 32 1
12134 12135 427 868 428 868 1 0 50 49 -21505 32 1
12135 12595 428 868 428 868 0 0 49 49 0 460 0
12595 12596 428 868 427 868 0 1 49 48 21674 32 1
12596 12597 427 868 427 869 1 0 48 47 -21674 32 1
12597 35232 427 869 427 869 0 0 47 47 0 22635 0
35232 35233 427 869 427 868 0 1 47 46 14331 32 1
35233 35234 427 868 427 868 1 1 46 46 0 1 0
35234 35238 427 868 431 868 1 0 46 42 -14331 32 4
35238 36163 431 868 431 868 0 0 42 42 0 925 0
36163 36167 431 868 427 868 0 1 42 38 14578 32 4
36167 36169 427 868 427 868 1 1 38 38 0 2 0
36169 36174 427 868 429 871 1 0 38 33 -14578 32 5
36174 41134 429 871 429 871 0 0 33 33 0 4960 0
41134 41139 429 871 427 868 0 1 33 28 16214 32 5
41139 41142 427 868 429 869 1 0 28 25 -16214 32 3
41142 41417 429 869 429 869 0 0 25 25 0 275 0
41417 41420 429 869 427 868 0 1 25 22 16391 32 3
41420 41451 427 868 427 868 1 1 22 22 0 31 0
41451 41451 427 868 427 868 1 2 22 22 16408 32 0
41451 41453 427 868 428 869 2 1 22 20 -16391 1 2
41453 41454 428 869 428 869 1 1 20 20 0 1 0
41454 41459 428 869 431 871 1 0 20 15 -16408 32 5
41459 41510 431 871 431 871 0 0 15 15 0 51 0
41510 41517 431 871 427 868 0 1 15 8 16449 32 7
41517 41518 427 868 428 868 1 0 8 7 -16449 32 1
41518 42792 428 868 428 868 0 0 7 7 0 1274 0
42792 42793 428 868 427 868 0 1 7 6 17165 32 1
42793 42796 427 868 430 868 1 0 6 3 -17165 32 3
42796 43264 430 868 430 868 0 0 3 3 0 468 0
43264 43267 430 868 427 868 0 0 3 0 1000000000 0 3
--------------------------------------
--------------------------------------
EV4
--------------------------------------
Num TPs served = 20
TPs served = 20580 22153 22379 22577 22943 22965 23178 23232 23298 23730 24213 24707 24766 24916 24975 25111 25361 25533 40389 43026
Total energy used = 100
--------------------------------------
Schedule:
0 9656 427 868 427 868 0 0 100 100 0 9656 0
9656 9656 427 868 427 868 0 1 100 100 20580 32 0
9656 9660 427 868 427 868 1 1 100 100 0 4 0
9660 9666 427 868 430 871 1 0 100 94 -20580 32 6
9666 13847 430 871 430 871 0 0 94 94 0 4181 0
13847 13853 430 871 427 868 0 1 94 88 22153 32 6
13853 13855 427 868 427 868 1 1 88 88 0 2 0
13855 13859 427 868 431 868 1 0 88 84 -22153 32 4
13859 14442 431 868 431 868 0 0 84 84 0 583 0
14442 14446 431 868 427 868 0 1 84 80 40389 32 4
14446 14446 427 868 427 868 1 2 80 80 22379 17 0
14446 14448 427 868 429 868 2 1 80 78 -40389 32 2
14448 14450 429 868 431 868 1 0 78 76 -22379 17 2
14450 14910 431 868 431 868 0 0 76 76 0 460 0
14910 14914 431 868 427 868 0 1 76 72 22577 32 4
14914 14915 427 868 427 868 1 1 72 72 0 1 0
14915 14920 427 868 432 868 1 0 72 67 -22577 32 5
14920 15829 432 868 432 868 0 0 67 67 0 909 0
15829 15834 432 868 427 868 0 1 67 62 22943 32 5
15834 15836 427 868 427 868 1 1 62 62 0 2 0
15836 15838 427 868 427 870 1 0 62 60 -22943 32 2
15838 15882 427 870 427 870 0 0 60 60 0 44 0
15882 15884 427 870 427 868 0 1 60 58 22965 32 2
15884 15885 427 868 427 869 1 0 58 57 -22965 32 1
15885 16420 427 869 427 869 0 0 57 57 0 535 0
16420 16421 427 869 427 868 0 1 57 56 23178 32 1
16421 16423 427 868 429 868 1 0 56 54 -23178 32 2
16423 16532 429 868 429 868 0 0 54 54 0 109 0
16532 16534 429 868 427 868 0 1 54 52 23232 32 2
16534 16536 427 868 427 870 1 0 52 50 -23232 32 2
16536 16705 427 870 427 870 0 0 50 50 0 169 0
16705 16707 427 870 427 868 0 1 50 48 23298 32 2
16707 16710 427 868 428 870 1 0 48 45 -23298 32 3
16710 17700 428 870 428 870 0 0 45 45 0 990 0
17700 17703 428 870 427 868 0 1 45 42 23730 32 3
17703 17705 427 868 429 868 1 0 42 40 -23730 32 2
17705 18739 429 868 429 868 0 0 40 40 0 1034 0
18739 18741 429 868 427 868 0 1 40 38 24213 32 2
18741 18743 427 868 429 868 1 0 38 36 -24213 32 2
18743 19845 429 868 429 868 0 0 36 36 0 1102 0
19845 19847 429 868 427 868 0 1 36 34 24707 32 2
19847 19850 427 868 428 870 1 0 34 31 -24707 32 3
19850 19981 428 870 428 870 0 0 31 31 0 131 0
19981 19984 428 870 427 868 0 1 31 28 24766 32 3
19984 19986 427 868 429 868 1 0 28 26 -24766 32 2
19986 20267 429 868 429 868 0 0 26 26 0 281 0
20267 20269 429 868 427 868 0 1 26 24 43026 32 2
20269 20299 427 868 427 868 1 1 24 24 0 30 0
20299 20299 427 868 427 868 1 2 24 24 24916 32 0
20299 20300 427 868 428 868 2 1 24 23 -43026 3 1
20300 20305 428 868 429 872 1 0 23 18 -24916 32 5
20305 20449 429 872 429 872 0 0 18 18 0 144 0
20449 20455 429 872 427 868 0 1 18 12 24975 32 6
20455 20458 427 868 428 870 1 0 12 9 -24975 32 3
20458 20753 428 870 428 870 0 0 9 9 0 295 0
20753 20756 428 870 427 868 0 1 9 6 25111 32 3
20756 20758 427 868 427 868 1 1 6 6 0 2 0
20758 20759 427 868 427 869 1 0 6 5 -25111 32 1
20759 21300 427 869 427 869 0 0 5 5 0 541 0
21300 21301 427 869 427 868 0 1 5 4 25361 32 1
21301 21303 427 868 427 868 1 1 4 4 0 2 0
21303 21304 427 868 427 869 1 0 4 3 -25361 32 1
21304 21661 427 869 427 869 0 0 3 3 0 357 0
21661 21662 427 869 427 868 0 1 3 2 25533 32 1
21662 21663 427 868 428 868 1 0 2 1 -25533 32 1
21663 43266 428 868 428 868 0 0 1 1 0 21603 0
43266 43267 428 868 427 868 0 0 1 0 1000000000 0 1
--------------------------------------

-------------------------------------------------------------------------

TPs

-------------------------------------------------------------------------

----------------------
TP45 allocated to 1
----------------------

----------------------
TP228 allocated to 1
----------------------

----------------------
TP325 allocated to 1
----------------------

----------------------
TP686 allocated to 1
----------------------

----------------------
TP727 allocated to 1
----------------------

----------------------
TP730 allocated to 1
----------------------

----------------------
TP778 allocated to 1
----------------------

----------------------
TP1352 allocated to 1
----------------------

----------------------
TP1767 allocated to 1
----------------------

----------------------
TP1994 allocated to 1
----------------------

----------------------
TP2322 allocated to 1
----------------------

----------------------
TP2411 allocated to 1
----------------------

----------------------
TP3579 allocated to 1
----------------------

----------------------
TP4167 allocated to 1
----------------------

----------------------
TP4184 allocated to 1
----------------------

----------------------
TP4359 allocated to 1
----------------------

----------------------
TP5236 allocated to 1
----------------------

----------------------
TP5295 allocated to 1
----------------------

----------------------
TP5492 allocated to 1
----------------------

----------------------
TP5563 allocated to 1
----------------------

----------------------
TP5855 allocated to 1
----------------------

----------------------
TP5975 allocated to 1
----------------------

----------------------
TP6318 allocated to 1
----------------------

----------------------
TP6334 allocated to 1
----------------------

----------------------
TP6629 allocated to 2
----------------------

----------------------
TP6728 allocated to 2
----------------------

----------------------
TP7259 allocated to 2
----------------------

----------------------
TP7538 allocated to 2
----------------------

----------------------
TP8096 allocated to 2
----------------------

----------------------
TP8102 allocated to 1
----------------------

----------------------
TP8418 allocated to 2
----------------------

----------------------
TP8626 allocated to 2
----------------------

----------------------
TP8738 allocated to 2
----------------------

----------------------
TP9000 allocated to 2
----------------------

----------------------
TP9535 allocated to 2
----------------------

----------------------
TP9552 allocated to 2
----------------------

----------------------
TP9802 allocated to 1
----------------------

----------------------
TP9949 allocated to 2
----------------------

----------------------
TP10037 allocated to 2
----------------------

----------------------
TP10643 allocated to 2
----------------------

----------------------
TP10949 allocated to 2
----------------------

----------------------
TP11286 allocated to 2
----------------------

----------------------
TP11467 allocated to 2
----------------------

----------------------
TP11508 allocated to 2
----------------------

----------------------
TP12453 allocated to 2
----------------------

----------------------
TP12515 allocated to 2
----------------------

----------------------
TP12661 allocated to 2
----------------------

----------------------
TP12960 allocated to 2
----------------------

----------------------
TP13910 allocated to 1
----------------------

----------------------
TP14331 allocated to 3
----------------------

----------------------
TP14361 allocated to 1
----------------------

----------------------
TP14578 allocated to 3
----------------------

----------------------
TP15974 allocated to 1
----------------------

----------------------
TP16195 allocated to 1
----------------------

----------------------
TP16214 allocated to 3
----------------------

----------------------
TP16391 allocated to 3
----------------------

----------------------
TP16408 allocated to 3
----------------------

----------------------
TP16449 allocated to 3
----------------------

----------------------
TP17165 allocated to 3
----------------------

----------------------
TP17443 allocated to 3
----------------------

----------------------
TP17846 allocated to 1
----------------------

----------------------
TP17867 allocated to 3
----------------------

----------------------
TP18078 allocated to 3
----------------------

----------------------
TP18423 allocated to 3
----------------------

----------------------
TP18686 allocated to 3
----------------------

----------------------
TP18776 allocated to 3
----------------------

----------------------
TP18914 allocated to 1
----------------------

----------------------
TP19595 allocated to 1
----------------------

----------------------
TP19666 allocated to 3
----------------------

----------------------
TP20381 allocated to 3
----------------------

----------------------
TP20410 allocated to 3
----------------------

----------------------
TP20580 allocated to 4
----------------------

----------------------
TP20637 allocated to 3
----------------------

----------------------
TP20707 allocated to 1
----------------------

----------------------
TP20940 allocated to 3
----------------------

----------------------
TP21505 allocated to 3
----------------------

----------------------
TP21674 allocated to 3
----------------------

----------------------
TP21891 allocated to 1
----------------------

----------------------
TP22153 allocated to 4
----------------------

----------------------
TP22379 allocated to 4
----------------------

----------------------
TP22577 allocated to 4
----------------------

----------------------
TP22943 allocated to 4
----------------------

----------------------
TP22965 allocated to 4
----------------------

----------------------
TP23178 allocated to 4
----------------------

----------------------
TP23232 allocated to 4
----------------------

----------------------
TP23298 allocated to 4
----------------------

----------------------
TP23730 allocated to 4
----------------------

----------------------
TP24213 allocated to 4
----------------------

----------------------
TP24707 allocated to 4
----------------------

----------------------
TP24766 allocated to 4
----------------------

----------------------
TP24916 allocated to 4
----------------------

----------------------
TP24975 allocated to 4
----------------------

----------------------
TP25111 allocated to 4
----------------------

----------------------
TP25289 not allocated
----------------------

----------------------
TP25361 allocated to 4
----------------------

----------------------
TP25533 allocated to 4
----------------------

----------------------
TP25950 not allocated
----------------------

----------------------
TP26009 not allocated
----------------------

----------------------
TP26088 not allocated
----------------------

----------------------
TP26135 not allocated
----------------------

----------------------
TP26676 allocated to 1
----------------------

----------------------
TP27169 not allocated
----------------------

----------------------
TP27388 not allocated
----------------------

----------------------
TP27479 not allocated
----------------------

----------------------
TP27558 not allocated
----------------------

----------------------
TP27831 not allocated
----------------------

----------------------
TP28125 not allocated
----------------------

----------------------
TP28146 not allocated
----------------------

----------------------
TP28621 not allocated
----------------------

----------------------
TP28891 not allocated
----------------------

----------------------
TP29098 not allocated
----------------------

----------------------
TP29178 allocated to 1
----------------------

----------------------
TP29455 not allocated
----------------------

----------------------
TP29487 allocated to 1
----------------------

----------------------
TP29544 not allocated
----------------------

----------------------
TP29648 not allocated
----------------------

----------------------
TP29709 not allocated
----------------------

----------------------
TP29925 not allocated
----------------------

----------------------
TP30240 not allocated
----------------------

----------------------
TP30650 allocated to 1
----------------------

----------------------
TP30747 not allocated
----------------------

----------------------
TP30979 not allocated
----------------------

----------------------
TP31104 not allocated
----------------------

----------------------
TP31230 not allocated
----------------------

----------------------
TP31794 not allocated
----------------------

----------------------
TP32035 not allocated
----------------------

----------------------
TP32507 allocated to 1
----------------------

----------------------
TP32636 allocated to 1
----------------------

----------------------
TP32807 not allocated
----------------------

----------------------
TP33099 not allocated
----------------------

----------------------
TP33398 not allocated
----------------------

----------------------
TP33668 allocated to 1
----------------------

----------------------
TP34143 not allocated
----------------------

----------------------
TP34174 not allocated
----------------------

----------------------
TP34225 not allocated
----------------------

----------------------
TP34931 not allocated
----------------------

----------------------
TP35853 not allocated
----------------------

----------------------
TP36181 not allocated
----------------------

----------------------
TP36447 not allocated
----------------------

----------------------
TP37497 allocated to 1
----------------------

----------------------
TP38138 not allocated
----------------------

----------------------
TP38263 not allocated
----------------------

----------------------
TP38537 not allocated
----------------------

----------------------
TP39066 not allocated
----------------------

----------------------
TP39100 not allocated
----------------------

----------------------
TP39173 not allocated
----------------------

----------------------
TP39715 not allocated
----------------------

----------------------
TP40389 allocated to 4
----------------------

----------------------
TP42188 not allocated
----------------------

----------------------
TP42372 not allocated
----------------------

----------------------
TP42478 allocated to 2
----------------------

----------------------
TP42601 not allocated
----------------------

----------------------
TP42761 allocated to 1
----------------------

----------------------
TP43019 not allocated
----------------------

----------------------
TP43026 allocated to 4
----------------------

----------------------
TP43089 not allocated
----------------------

----------------------
TP43628 not allocated
----------------------

----------------------
TP44246 not allocated
----------------------

----------------------
TP44291 not allocated
----------------------

----------------------
TP44449 not allocated
----------------------

----------------------
TP44597 not allocated
----------------------

----------------------
TP44623 not allocated
----------------------

----------------------
TP44937 not allocated
----------------------

----------------------
TP44983 not allocated
----------------------

----------------------
TP45295 not allocated
----------------------

----------------------
TP45853 allocated to 1
----------------------

----------------------
TP46394 not allocated
----------------------

----------------------
TP46478 not allocated
----------------------

----------------------
TP46620 not allocated
----------------------

----------------------
TP46881 not allocated
----------------------

----------------------
TP47008 not allocated
----------------------

----------------------
TP47030 not allocated
----------------------

----------------------
TP47502 not allocated
----------------------

----------------------
TP47527 not allocated
----------------------

----------------------
TP47836 not allocated
----------------------

----------------------
TP48178 not allocated
----------------------

----------------------
TP48360 not allocated
----------------------

----------------------
TP49059 not allocated
----------------------

----------------------
TP49421 not allocated
----------------------

-------------------------------------------------------------------------

Ride-sharing vs Individual Mode - Num Vehicles and Distance Comparisson 

-------------------------------------------------------------------------
Individual Mode = 179 vehicles.
Ride-sharing Mode = 75 vehicles. The 4 ride-sharing vehicles + 71 vehicles of the individuals not served by the ride-sharing service.
-------------------------------------------------------------------------
Individual Mode = 370 distance.
Ride-sharing Mode = 560 distance. 400 from the EV fleet + 160 from the distance of the trips not covered individuals had to do with their own vehicle.
-------------------------------------------------------------------------
