-------------------------------------------------------------------------
TPs satisfied = 187; Total TPs = 213; Percentage Satisfied + 87.8%
-------------------------------------------------------------------------

-------------------------------------------------------------------------

EVs

-------------------------------------------------------------------------
--------------------------------------
EV1
--------------------------------------
Num TPs served = 44
TPs served = 122 698 1116 1268 1302 1538 1653 2061 2279 2619 3063 3155 3190 3340 3449 3532 3667 3783 3870 3886 4116 4341 4365 4971 5096 5167 6961 12945 17039 21917 23543 23829 24187 25084 25438 26376 30395 33262 34475 38012 38395 40453 41297 48536
Total energy used = 100
--------------------------------------
Schedule:
0 236 61 0 61 0 0 0 100 100 0 236 0
236 236 61 0 61 0 0 1 100 100 122 32 0
236 237 61 0 61 1 1 0 100 99 -122 32 1
237 1249 61 1 61 1 0 0 99 99 0 1012 0
1249 1250 61 1 61 0 0 1 99 98 698 32 1
1250 1251 61 0 62 0 1 0 98 97 -698 32 1
1251 1950 62 0 62 0 0 0 97 97 0 699 0
1950 1951 62 0 61 0 0 1 97 96 1116 32 1
1951 1952 61 0 61 0 1 1 96 96 0 1 0
1952 1952 61 0 61 0 1 0 96 96 -1116 32 0
1952 2215 61 0 61 0 0 0 96 96 0 263 0
2215 2215 61 0 61 0 0 1 96 96 1268 32 0
2215 2216 61 0 61 1 1 0 96 95 -1268 32 1
2216 2283 61 1 61 1 0 0 95 95 0 67 0
2283 2284 61 1 61 0 0 1 95 94 1302 32 1
2284 2286 61 0 63 0 1 0 94 92 -1302 32 2
2286 2674 63 0 63 0 0 0 92 92 0 388 0
2674 2676 63 0 61 0 0 1 92 90 1538 32 2
2676 2679 61 0 61 0 1 1 90 90 0 3 0
2679 2684 61 0 62 4 1 0 90 85 -1538 32 5
2684 2881 62 4 62 4 0 0 85 85 0 197 0
2881 2886 62 4 61 0 0 1 85 80 1653 32 5
2886 2889 61 0 64 0 1 0 80 77 -1653 32 3
2889 3618 64 0 64 0 0 0 77 77 0 729 0
3618 3621 64 0 61 0 0 1 77 74 2061 32 3
3621 3622 61 0 61 0 1 1 74 74 0 1 0
3622 3623 61 0 61 1 1 0 74 73 -2061 32 1
3623 4039 61 1 61 1 0 0 73 73 0 416 0
4039 4040 61 1 61 0 0 1 73 72 2279 32 1
4040 4041 61 0 61 0 1 1 72 72 0 1 0
4041 4041 61 0 61 0 1 0 72 72 -2279 32 0
4041 4658 61 0 61 0 0 0 72 72 0 617 0
4658 4658 61 0 61 0 0 1 72 72 2619 32 0
4658 4661 61 0 64 0 1 0 72 69 -2619 32 3
4661 5463 64 0 64 0 0 0 69 69 0 802 0
5463 5466 64 0 61 0 0 1 69 66 3063 32 3
5466 5472 61 0 61 0 1 1 66 66 0 6 0
5472 5477 61 0 64 2 1 0 66 61 -3063 32 5
5477 5620 64 2 64 2 0 0 61 61 0 143 0
5620 5625 64 2 61 0 0 1 61 56 3155 32 5
5625 5627 61 0 61 0 1 1 56 56 0 2 0
5627 5630 61 0 64 0 1 0 56 53 -3155 32 3
5630 5694 64 0 64 0 0 0 53 53 0 64 0
5694 5697 64 0 61 0 0 1 53 50 3190 32 3
5697 5698 61 0 61 0 1 1 50 50 0 1 0
5698 5699 61 0 61 1 1 0 50 49 -3190 32 1
5699 5947 61 1 61 1 0 0 49 49 0 248 0
5947 5948 61 1 61 0 0 1 49 48 3340 32 1
5948 5951 61 0 62 2 1 0 48 45 -3340 32 3
5951 6147 62 2 62 2 0 0 45 45 0 196 0
6147 6150 62 2 61 0 0 1 45 42 3449 32 3
6150 6153 61 0 61 0 1 1 42 42 0 3 0
6153 6154 61 0 61 1 1 0 42 41 -3449 32 1
6154 6314 61 1 61 1 0 0 41 41 0 160 0
6314 6315 61 1 61 0 0 1 41 40 3532 32 1
6315 6318 61 0 61 0 1 1 40 40 0 3 0
6318 6318 61 0 61 0 1 0 40 40 -3532 32 0
6318 6574 61 0 61 0 0 0 40 40 0 256 0
6574 6574 61 0 61 0 0 1 40 40 3667 32 0
6574 6576 61 0 63 0 1 0 40 38 -3667 32 2
6576 6780 63 0 63 0 0 0 38 38 0 204 0
6780 6782 63 0 61 0 0 1 38 36 3783 32 2
6782 6783 61 0 61 0 1 1 36 36 0 1 0
6783 6783 61 0 61 0 1 0 36 36 -3783 32 0
6783 6961 61 0 61 0 0 0 36 36 0 178 0
6961 6961 61 0 61 0 0 1 36 36 3886 32 0
6961 6961 61 0 61 0 1 2 36 36 3870 9 0
6961 6962 61 0 61 0 2 2 36 36 0 1 0
6962 6963 61 0 62 0 2 1 36 35 -3886 32 1
6963 6965 62 0 63 1 1 0 35 33 -3870 8 2
6965 7401 63 1 63 1 0 0 33 33 0 436 0
7401 7404 63 1 61 0 0 1 33 30 4116 32 3
7404 7408 61 0 61 0 1 1 30 30 0 4 0
7408 7409 61 0 62 0 1 0 30 29 -4116 32 1
7409 7805 62 0 62 0 0 0 29 29 0 396 0
7805 7806 62 0 61 0 0 1 29 28 4341 32 1
7806 7811 61 0 66 0 1 0 28 23 -4341 32 5
7811 7848 66 0 66 0 0 0 23 23 0 37 0
7848 7853 66 0 61 0 0 1 23 18 4365 32 5
7853 7857 61 0 61 0 1 1 18 18 0 4 0
7857 7857 61 0 61 0 1 0 18 18 -4365 32 0
7857 8304 61 0 61 0 0 0 18 18 0 447 0
8304 8304 61 0 61 0 0 1 18 18 38012 32 0
8304 8306 61 0 61 0 1 1 18 18 0 2 0
8306 8306 61 0 61 0 1 0 18 18 -38012 32 0
8306 9021 61 0 61 0 0 0 18 18 0 715 0
9021 9021 61 0 61 0 0 1 18 18 4971 32 0
9021 9025 61 0 63 2 1 0 18 14 -4971 32 4
9025 9242 63 2 63 2 0 0 14 14 0 217 0
9242 9246 63 2 61 0 0 1 14 10 5096 32 4
9246 9248 61 0 61 2 1 0 10 8 -5096 32 2
9248 9349 61 2 61 2 0 0 8 8 0 101 0
9349 9351 61 2 61 0 0 1 8 6 38395 32 2
9351 9353 61 0 61 0 1 1 6 6 0 2 0
9353 9353 61 0 61 0 1 0 6 6 -38395 32 0
9353 9381 61 0 61 0 0 0 6 6 0 28 0
9381 9381 61 0 61 0 0 1 6 6 5167 32 0
9381 9382 61 0 61 0 1 1 6 6 0 1 0
9382 9385 61 0 63 1 1 0 6 3 -5167 32 3
9385 12926 63 1 63 1 0 0 3 3 0 3541 0
12926 12929 63 1 61 0 0 1 3 0 6961 32 3
12929 12932 61 0 61 0 1 1 0 0 0 3 0
12932 12932 61 0 61 0 1 0 0 0 -6961 32 0
12932 13228 61 0 61 0 0 0 0 0 0 296 0
13228 13228 61 0 61 0 0 1 0 0 21917 32 0
13228 13230 61 0 61 0 1 1 0 0 0 2 0
13230 13230 61 0 61 0 1 0 0 0 -21917 32 0
13230 14600 61 0 61 0 0 0 0 0 0 1370 0
14600 14600 61 0 61 0 0 1 0 0 40453 32 0
14600 14601 61 0 61 0 1 1 0 0 0 1 0
14601 14601 61 0 61 0 1 0 0 0 -40453 32 0
14601 16548 61 0 61 0 0 0 0 0 0 1947 0
16548 16548 61 0 61 0 0 1 0 0 41297 32 0
16548 16550 61 0 61 0 1 1 0 0 0 2 0
16550 16550 61 0 61 0 1 0 0 0 -41297 32 0
16550 17267 61 0 61 0 0 0 0 0 0 717 0
17267 17267 61 0 61 0 0 1 0 0 23543 32 0
17267 17268 61 0 61 0 1 1 0 0 0 1 0
17268 17268 61 0 61 0 1 0 0 0 -23543 32 0
17268 17912 61 0 61 0 0 0 0 0 0 644 0
17912 17912 61 0 61 0 0 1 0 0 23829 32 0
17912 17915 61 0 61 0 1 1 0 0 0 3 0
17915 17915 61 0 61 0 1 0 0 0 -23829 32 0
17915 18694 61 0 61 0 0 0 0 0 0 779 0
18694 18694 61 0 61 0 0 1 0 0 24187 32 0
18694 18695 61 0 61 0 1 1 0 0 0 1 0
18695 18695 61 0 61 0 1 0 0 0 -24187 32 0
18695 20698 61 0 61 0 0 0 0 0 0 2003 0
20698 20698 61 0 61 0 0 1 0 0 25084 32 0
20698 20700 61 0 61 0 1 1 0 0 0 2 0
20700 20700 61 0 61 0 1 0 0 0 -25084 32 0
20700 21442 61 0 61 0 0 0 0 0 0 742 0
21442 21442 61 0 61 0 0 1 0 0 25438 32 0
21442 21444 61 0 61 0 1 1 0 0 0 2 0
21444 21444 61 0 61 0 1 0 0 0 -25438 32 0
21444 23421 61 0 61 0 0 0 0 0 0 1977 0
23421 23421 61 0 61 0 0 1 0 0 26376 32 0
23421 23422 61 0 61 0 1 1 0 0 0 1 0
23422 23422 61 0 61 0 1 0 0 0 -26376 32 0
23422 30096 61 0 61 0 0 0 0 0 0 6674 0
30096 30096 61 0 61 0 0 1 0 0 12945 32 0
30096 30098 61 0 61 0 1 1 0 0 0 2 0
30098 30098 61 0 61 0 1 0 0 0 -12945 32 0
30098 30208 61 0 61 0 0 0 0 0 0 110 0
30208 30208 61 0 61 0 0 1 0 0 48536 32 0
30208 30209 61 0 61 0 1 1 0 0 0 1 0
30209 30209 61 0 61 0 1 0 0 0 -48536 32 0
30209 31262 61 0 61 0 0 0 0 0 0 1053 0
31262 31262 61 0 61 0 0 1 0 0 30395 32 0
31262 31263 61 0 61 0 1 1 0 0 0 1 0
31263 31263 61 0 61 0 1 0 0 0 -30395 32 0
31263 37818 61 0 61 0 0 0 0 0 0 6555 0
37818 37818 61 0 61 0 0 1 0 0 33262 32 0
37818 37819 61 0 61 0 1 1 0 0 0 1 0
37819 37819 61 0 61 0 1 0 0 0 -33262 32 0
37819 41172 61 0 61 0 0 0 0 0 0 3353 0
41172 41172 61 0 61 0 0 1 0 0 34475 32 0
41172 41174 61 0 61 0 1 1 0 0 0 2 0
41174 41174 61 0 61 0 1 0 0 0 -34475 32 0
41174 42586 61 0 61 0 0 0 0 0 0 1412 0
42586 42586 61 0 61 0 0 1 0 0 17039 32 0
42586 42589 61 0 61 0 1 1 0 0 0 3 0
42589 42589 61 0 61 0 1 0 0 0 -17039 32 0
42589 43267 61 0 61 0 0 0 0 0 0 678 0
43267 43267 61 0 61 0 0 0 0 0 1000000000 0 0
--------------------------------------
--------------------------------------
EV2
--------------------------------------
Num TPs served = 15
TPs served = 5147 5408 5519 5965 6003 6086 7024 7068 7401 9014 9789 9989 10963 21098 24714
Total energy used = 100
--------------------------------------
Schedule:
0 9347 61 0 61 0 0 0 100 100 0 9347 0
9347 9347 61 0 61 0 0 1 100 100 5147 32 0
9347 9348 61 0 61 0 1 1 100 100 0 1 0
9348 9356 61 0 66 3 1 0 100 92 -5147 32 8
9356 9827 66 3 66 3 0 0 92 92 0 471 0
9827 9835 66 3 61 0 0 1 92 84 5408 32 8
9835 9836 61 0 62 0 1 0 84 83 -5408 32 1
9836 10027 62 0 62 0 0 0 83 83 0 191 0
10027 10028 62 0 61 0 0 1 83 82 5519 32 1
10028 10030 61 0 61 2 1 0 82 80 -5519 32 2
10030 10921 61 2 61 2 0 0 80 80 0 891 0
10921 10923 61 2 61 0 0 1 80 78 5965 32 2
10923 10926 61 0 63 1 1 0 78 75 -5965 32 3
10926 10996 63 1 63 1 0 0 75 75 0 70 0
10996 10999 63 1 61 0 0 1 75 72 21098 32 3
10999 10999 61 0 61 0 1 2 72 72 6003 24 0
10999 11000 61 0 61 0 2 2 72 72 0 1 0
11000 11001 61 0 61 1 2 1 72 71 -21098 32 1
11001 11005 61 1 61 5 1 0 71 67 -6003 30 4
11005 11139 61 5 61 5 0 0 67 67 0 134 0
11139 11144 61 5 61 0 0 1 67 62 6086 32 5
11144 11150 61 0 64 3 1 0 62 56 -6086 32 6
11150 13042 64 3 64 3 0 0 56 56 0 1892 0
13042 13048 64 3 61 0 0 1 56 50 7024 32 6
13048 13050 61 0 63 0 1 0 50 48 -7024 32 2
13050 13148 63 0 63 0 0 0 48 48 0 98 0
13148 13150 63 0 61 0 0 1 48 46 7068 32 2
13150 13152 61 0 61 2 1 0 46 44 -7068 32 2
13152 13870 61 2 61 2 0 0 44 44 0 718 0
13870 13872 61 2 61 0 0 1 44 42 7401 32 2
13872 13875 61 0 61 0 1 1 42 42 0 3 0
13875 13887 61 0 69 4 1 0 42 30 -7401 32 12
13887 17673 69 4 69 4 0 0 30 30 0 3786 0
17673 17685 69 4 61 0 0 1 30 18 9014 32 12
17685 17688 61 0 64 0 1 0 18 15 -9014 32 3
17688 19859 64 0 64 0 0 0 15 15 0 2171 0
19859 19862 64 0 61 0 0 1 15 12 24714 32 3
19862 19873 61 0 61 0 1 1 12 12 0 11 0
19873 19873 61 0 61 0 1 2 12 12 9789 32 0
19873 19874 61 0 61 1 2 1 12 11 -24714 22 1
19874 19875 61 1 62 1 1 0 11 10 -9789 32 1
19875 20375 62 1 62 1 0 0 10 10 0 500 0
20375 20377 62 1 61 0 0 1 10 8 9989 32 2
20377 20378 61 0 61 0 1 1 8 8 0 1 0
20378 20381 61 0 62 2 1 0 8 5 -9989 32 3
20381 23276 62 2 62 2 0 0 5 5 0 2895 0
23276 23279 62 2 61 0 0 1 5 2 10963 32 3
23279 23283 61 0 61 0 1 1 2 2 0 4 0
23283 23284 61 0 62 0 1 0 2 1 -10963 32 1
23284 43266 62 0 62 0 0 0 1 1 0 19982 0
43266 43267 62 0 61 0 0 0 1 0 1000000000 0 1
--------------------------------------
--------------------------------------
EV3
--------------------------------------
Num TPs served = 18
TPs served = 10666 10927 11131 11157 11811 12168 12172 12457 12476 13032 13374 13998 14877 15972 16015 16088 16178 16804
Total energy used = 100
--------------------------------------
Schedule:
0 22277 61 0 61 0 0 0 100 100 0 22277 0
22277 22277 61 0 61 0 0 1 100 100 10666 32 0
22277 22281 61 0 63 2 1 0 100 96 -10666 32 4
22281 23140 63 2 63 2 0 0 96 96 0 859 0
23140 23144 63 2 61 0 0 1 96 92 10927 32 4
23144 23146 61 0 61 2 1 0 92 90 -10927 32 2
23146 23769 61 2 61 2 0 0 90 90 0 623 0
23769 23771 61 2 61 0 0 1 90 88 11131 32 2
23771 23773 61 0 61 2 1 0 88 86 -11131 32 2
23773 23832 61 2 61 2 0 0 86 86 0 59 0
23832 23834 61 2 61 0 0 1 86 84 11157 32 2
23834 23840 61 0 61 0 1 1 84 84 0 6 0
23840 23844 61 0 61 4 1 0 84 80 -11157 32 4
23844 26041 61 4 61 4 0 0 80 80 0 2197 0
26041 26045 61 4 61 0 0 1 80 76 11811 32 4
26045 26047 61 0 62 1 1 0 76 74 -11811 32 2
26047 27277 62 1 62 1 0 0 74 74 0 1230 0
27277 27279 62 1 61 0 0 1 74 72 12172 32 2
27279 27279 61 0 61 0 1 2 72 72 12168 26 0
27279 27282 61 0 64 0 2 1 72 69 -12172 32 3
27282 27285 64 0 62 1 1 0 69 66 -12168 22 3
27285 28293 62 1 62 1 0 0 66 66 0 1008 0
28293 28295 62 1 61 0 0 1 66 64 12457 32 2
28295 28296 61 0 61 0 1 1 64 64 0 1 0
28296 28303 61 0 67 1 1 0 64 57 -12457 32 7
28303 28342 67 1 67 1 0 0 57 57 0 39 0
28342 28349 67 1 61 0 0 1 57 50 12476 32 7
28349 28353 61 0 65 0 1 0 50 46 -12476 32 4
28353 30392 65 0 65 0 0 0 46 46 0 2039 0
30392 30396 65 0 61 0 0 1 46 42 13032 32 4
30396 30398 61 0 63 0 1 0 42 40 -13032 32 2
30398 31598 63 0 63 0 0 0 40 40 0 1200 0
31598 31600 63 0 61 0 0 1 40 38 13374 32 2
31600 31601 61 0 61 1 1 0 38 37 -13374 32 1
31601 33973 61 1 61 1 0 0 37 37 0 2372 0
33973 33974 61 1 61 0 0 1 37 36 13998 32 1
33974 33976 61 0 63 0 1 0 36 34 -13998 32 2
33976 37341 63 0 63 0 0 0 34 34 0 3365 0
37341 37343 63 0 61 0 0 1 34 32 14877 32 2
37343 37344 61 0 61 0 1 1 32 32 0 1 0
37344 37350 61 0 66 1 1 0 32 26 -14877 32 6
37350 40682 66 1 66 1 0 0 26 26 0 3332 0
40682 40688 66 1 61 0 0 1 26 20 15972 32 6
40688 40690 61 0 62 1 1 0 20 18 -15972 32 2
40690 40762 62 1 62 1 0 0 18 18 0 72 0
40762 40764 62 1 61 0 0 1 18 16 16015 32 2
40764 40765 61 0 62 0 1 0 16 15 -16015 32 1
40765 40913 62 0 62 0 0 0 15 15 0 148 0
40913 40914 62 0 61 0 0 1 15 14 16088 32 1
40914 40915 61 0 61 0 1 1 14 14 0 1 0
40915 40917 61 0 63 0 1 0 14 12 -16088 32 2
40917 41075 63 0 63 0 0 0 12 12 0 158 0
41075 41077 63 0 61 0 0 1 12 10 16178 32 2
41077 41081 61 0 62 3 1 0 10 6 -16178 32 4
41081 42130 62 3 62 3 0 0 6 6 0 1049 0
42130 42134 62 3 61 0 0 1 6 2 16804 32 4
42134 42135 61 0 62 0 1 0 2 1 -16804 32 1
42135 43266 62 0 62 0 0 0 1 1 0 1131 0
43266 43267 62 0 61 0 0 0 1 0 1000000000 0 1
--------------------------------------
--------------------------------------
EV4
--------------------------------------
Num TPs served = 17
TPs served = 16870 16943 17296 17445 17620 17711 18245 18411 18428 18971 18980 19193 19234 19273 20789 21113 37136
Total energy used = 100
--------------------------------------
Schedule:
0 43 61 0 61 0 0 0 100 100 0 43 0
43 43 61 0 61 0 0 1 100 100 17445 32 0
43 45 61 0 61 2 1 0 100 98 -17445 32 2
45 648 61 2 61 2 0 0 98 98 0 603 0
648 650 61 2 61 0 0 1 98 96 17620 32 2
650 653 61 0 61 0 1 1 96 96 0 3 0
653 655 61 0 62 1 1 0 96 94 -17620 32 2
655 910 62 1 62 1 0 0 94 94 0 255 0
910 912 62 1 61 0 0 1 94 92 17711 32 2
912 915 61 0 62 2 1 0 92 89 -17711 32 3
915 2558 62 2 62 2 0 0 89 89 0 1643 0
2558 2561 62 2 61 0 0 1 89 86 18245 32 3
2561 2563 61 0 61 0 1 1 86 86 0 2 0
2563 2564 61 0 62 0 1 0 86 85 -18245 32 1
2564 3113 62 0 62 0 0 0 85 85 0 549 0
3113 3114 62 0 61 0 0 1 85 84 18411 32 1
3114 3116 61 0 63 0 1 0 84 82 -18411 32 2
3116 3179 63 0 63 0 0 0 82 82 0 63 0
3179 3181 63 0 61 0 0 1 82 80 18428 32 2
3181 3184 61 0 61 3 1 0 80 77 -18428 32 3
3184 4891 61 3 61 3 0 0 77 77 0 1707 0
4891 4894 61 3 61 0 0 1 77 74 18971 32 3
4894 4897 61 0 64 0 1 0 74 71 -18971 32 3
4897 4924 64 0 64 0 0 0 71 71 0 27 0
4924 4927 64 0 61 0 0 1 71 68 18980 32 3
4927 4928 61 0 62 0 1 0 68 67 -18980 32 1
4928 5587 62 0 62 0 0 0 67 67 0 659 0
5587 5588 62 0 61 0 0 1 67 66 19193 32 1
5588 5589 61 0 61 0 1 1 66 66 0 1 0
5589 5594 61 0 64 2 1 0 66 61 -19193 32 5
5594 5691 64 2 64 2 0 0 61 61 0 97 0
5691 5696 64 2 61 0 0 1 61 56 19234 32 5
5696 5698 61 0 61 0 1 1 56 56 0 2 0
5698 5701 61 0 64 0 1 0 56 53 -19234 32 3
5701 5798 64 0 64 0 0 0 53 53 0 97 0
5798 5801 64 0 61 0 0 1 53 50 19273 32 3
5801 5840 61 0 61 0 1 1 50 50 0 39 0
5840 5840 61 0 61 0 1 2 50 50 37136 32 0
5840 5842 61 0 61 2 2 1 50 48 -37136 32 2
5842 5846 61 2 62 5 1 0 48 44 -19273 3 4
5846 10195 62 5 62 5 0 0 44 44 0 4349 0
10195 10201 62 5 61 0 0 1 44 38 20789 32 6
10201 10205 61 0 64 1 1 0 38 34 -20789 32 4
10205 11032 64 1 64 1 0 0 34 34 0 827 0
11032 11036 64 1 61 0 0 1 34 30 21113 32 4
11036 11038 61 0 62 1 1 0 30 28 -21113 32 2
11038 42259 62 1 62 1 0 0 28 28 0 31221 0
42259 42261 62 1 61 0 0 1 28 26 16870 32 2
42261 42263 61 0 63 0 1 0 26 24 -16870 32 2
42263 42391 63 0 63 0 0 0 24 24 0 128 0
42391 42393 63 0 61 0 0 1 24 22 16943 32 2
42393 42397 61 0 61 0 1 1 22 22 0 4 0
42397 42400 61 0 64 0 1 0 22 19 -16943 32 3
42400 42998 64 0 64 0 0 0 19 19 0 598 0
42998 43001 64 0 61 0 0 1 19 16 17296 32 3
43001 43021 61 0 61 0 1 1 16 16 0 20 0
43021 43029 61 0 61 8 1 0 16 8 -17296 32 8
43029 43259 61 8 61 8 0 0 8 8 0 230 0
43259 43267 61 8 61 0 0 0 8 0 1000000000 0 8
--------------------------------------
--------------------------------------
EV5
--------------------------------------
Num TPs served = 17
TPs served = 19372 20676 20834 20949 21283 21381 21722 22307 22485 23077 23252 24081 24104 25033 25405 25721 39382
Total energy used = 100
--------------------------------------
Schedule:
0 6124 61 0 61 0 0 0 100 100 0 6124 0
6124 6124 61 0 61 0 0 1 100 100 19372 32 0
6124 6131 61 0 64 4 1 0 100 93 -19372 32 7
6131 9893 64 4 64 4 0 0 93 93 0 3762 0
9893 9900 64 4 61 0 0 1 93 86 20676 32 7
9900 9908 61 0 66 3 1 0 86 78 -20676 32 8
9908 10319 66 3 66 3 0 0 78 78 0 411 0
10319 10327 66 3 61 0 0 1 78 70 20834 32 8
10327 10331 61 0 64 1 1 0 70 66 -20834 32 4
10331 10620 64 1 64 1 0 0 66 66 0 289 0
10620 10624 64 1 61 0 0 1 66 62 20949 32 4
10624 10627 61 0 64 0 1 0 62 59 -20949 32 3
10627 11510 64 0 64 0 0 0 59 59 0 883 0
11510 11513 64 0 61 0 0 1 59 56 21283 32 3
11513 11515 61 0 61 0 1 1 56 56 0 2 0
11515 11516 61 0 62 0 1 0 56 55 -21283 32 1
11516 11787 62 0 62 0 0 0 55 55 0 271 0
11787 11788 62 0 61 0 0 1 55 54 39382 32 1
11788 11796 61 0 61 0 1 1 54 54 0 8 0
11796 11796 61 0 61 0 1 2 54 54 21381 32 0
11796 11798 61 0 63 0 2 1 54 52 -39382 24 2
11798 11798 63 0 63 0 1 0 52 52 -21381 32 0
11798 12744 63 0 63 0 0 0 52 52 0 946 0
12744 12746 63 0 61 0 0 1 52 50 21722 32 2
12746 12747 61 0 62 0 1 0 50 49 -21722 32 1
12747 14249 62 0 62 0 0 0 49 49 0 1502 0
14249 14250 62 0 61 0 0 1 49 48 22307 32 1
14250 14251 61 0 61 0 1 1 48 48 0 1 0
14251 14256 61 0 66 0 1 0 48 43 -22307 32 5
14256 14697 66 0 66 0 0 0 43 43 0 441 0
14697 14702 66 0 61 0 0 1 43 38 22485 32 5
14702 14704 61 0 62 1 1 0 38 36 -22485 32 2
14704 16156 62 1 62 1 0 0 36 36 0 1452 0
16156 16158 62 1 61 0 0 1 36 34 23077 32 2
16158 16159 61 0 61 0 1 1 34 34 0 1 0
16159 16160 61 0 61 1 1 0 34 33 -23077 32 1
16160 16587 61 1 61 1 0 0 33 33 0 427 0
16587 16588 61 1 61 0 0 1 33 32 23252 32 1
16588 16589 61 0 61 0 1 1 32 32 0 1 0
16589 16591 61 0 62 1 1 0 32 30 -23252 32 2
16591 18457 62 1 62 1 0 0 30 30 0 1866 0
18457 18459 62 1 61 0 0 1 30 28 24081 32 2
18459 18461 61 0 63 0 1 0 28 26 -24081 32 2
18461 18513 63 0 63 0 0 0 26 26 0 52 0
18513 18515 63 0 61 0 0 1 26 24 24104 32 2
18515 18522 61 0 66 2 1 0 24 17 -24104 32 7
18522 20581 66 2 66 2 0 0 17 17 0 2059 0
20581 20588 66 2 61 0 0 1 17 10 25033 32 7
20588 20589 61 0 62 0 1 0 10 9 -25033 32 1
20589 21380 62 0 62 0 0 0 9 9 0 791 0
21380 21381 62 0 61 0 0 1 9 8 25405 32 1
21381 21384 61 0 62 2 1 0 8 5 -25405 32 3
21384 22078 62 2 62 2 0 0 5 5 0 694 0
22078 22081 62 2 61 0 0 1 5 2 25721 32 3
22081 22082 61 0 62 0 1 0 2 1 -25721 32 1
22082 43266 62 0 62 0 0 0 1 1 0 21184 0
43266 43267 62 0 61 0 0 0 1 0 1000000000 0 1
--------------------------------------
--------------------------------------
EV6
--------------------------------------
Num TPs served = 17
TPs served = 25177 26109 26167 26345 26991 27151 27152 27987 28145 28292 28308 28464 28662 29293 29323 29475 46748
Total energy used = 100
--------------------------------------
Schedule:
0 20891 61 0 61 0 0 0 100 100 0 20891 0
20891 20891 61 0 61 0 0 1 100 100 25177 32 0
20891 20896 61 0 66 0 1 0 100 95 -25177 32 5
20896 22864 66 0 66 0 0 0 95 95 0 1968 0
22864 22869 66 0 61 0 0 1 95 90 26109 32 5
22869 22872 61 0 64 0 1 0 90 87 -26109 32 3
22872 22978 64 0 64 0 0 0 87 87 0 106 0
22978 22981 64 0 61 0 0 1 87 84 26167 32 3
22981 22983 61 0 61 0 1 1 84 84 0 2 0
22983 22987 61 0 61 4 1 0 84 80 -26167 32 4
22987 23369 61 4 61 4 0 0 80 80 0 382 0
23369 23373 61 4 61 0 0 1 80 76 26345 32 4
23373 23377 61 0 61 4 1 0 76 72 -26345 32 4
23377 24637 61 4 61 4 0 0 72 72 0 1260 0
24637 24641 61 4 61 0 0 1 72 68 26991 32 4
24641 24643 61 0 62 1 1 0 68 66 -26991 32 2
24643 24923 62 1 62 1 0 0 66 66 0 280 0
24923 24925 62 1 61 0 0 1 66 64 27152 32 2
24925 24925 61 0 61 0 1 2 64 64 27151 31 0
24925 24926 61 0 62 0 2 1 64 63 -27152 32 1
24926 24931 62 0 63 4 1 0 63 58 -27151 31 5
24931 26483 63 4 63 4 0 0 58 58 0 1552 0
26483 26489 63 4 61 0 0 1 58 52 27987 32 6
26489 26490 61 0 61 0 1 1 52 52 0 1 0
26490 26493 61 0 64 0 1 0 52 49 -27987 32 3
26493 26794 64 0 64 0 0 0 49 49 0 301 0
26794 26797 64 0 61 0 0 1 49 46 28145 32 3
26797 26802 61 0 64 2 1 0 46 41 -28145 32 5
26802 27092 64 2 64 2 0 0 41 41 0 290 0
27092 27097 64 2 61 0 0 1 41 36 28292 32 5
27097 27136 61 0 61 0 1 1 36 36 0 39 0
27136 27136 61 0 61 0 1 2 36 36 46748 32 0
27136 27136 61 0 61 0 2 3 36 36 28308 29 0
27136 27137 61 0 61 1 3 2 36 35 -28308 29 1
27137 27145 61 1 64 6 2 1 35 27 -28292 0 8
27145 27151 64 6 64 0 1 0 27 21 -46748 21 6
27151 27420 64 0 64 0 0 0 21 21 0 269 0
27420 27423 64 0 61 0 0 1 21 18 28464 32 3
27423 27424 61 0 61 1 1 0 18 17 -28464 32 1
27424 27792 61 1 61 1 0 0 17 17 0 368 0
27792 27793 61 1 61 0 0 1 17 16 28662 32 1
27793 27795 61 0 63 0 1 0 16 14 -28662 32 2
27795 29083 63 0 63 0 0 0 14 14 0 1288 0
29083 29085 63 0 61 0 0 1 14 12 29293 32 2
29085 29086 61 0 62 0 1 0 12 11 -29293 32 1
29086 29152 62 0 62 0 0 0 11 11 0 66 0
29152 29153 62 0 61 0 0 1 11 10 29323 32 1
29153 29156 61 0 64 0 1 0 10 7 -29323 32 3
29156 29462 64 0 64 0 0 0 7 7 0 306 0
29462 29465 64 0 61 0 0 1 7 4 29475 32 3
29465 29467 61 0 61 2 1 0 4 2 -29475 32 2
29467 43265 61 2 61 2 0 0 2 2 0 13798 0
43265 43267 61 2 61 0 0 0 2 0 1000000000 0 2
--------------------------------------
--------------------------------------
EV7
--------------------------------------
Num TPs served = 21
TPs served = 29568 29630 29707 29878 30131 30165 30200 30443 31062 31100 31169 31676 31762 32478 32929 32977 33500 33660 33794 48291 48896
Total energy used = 100
--------------------------------------
Schedule:
0 29645 61 0 61 0 0 0 100 100 0 29645 0
29645 29645 61 0 61 0 0 1 100 100 29568 32 0
29645 29646 61 0 62 0 1 0 100 99 -29568 32 1
29646 29769 62 0 62 0 0 0 99 99 0 123 0
29769 29770 62 0 61 0 0 1 99 98 48291 32 1
29770 29770 61 0 61 0 1 2 98 98 29630 18 0
29770 29771 61 0 62 0 2 1 98 97 -48291 32 1
29771 29771 62 0 62 0 1 0 97 97 -29630 19 0
29771 29900 62 0 62 0 0 0 97 97 0 129 0
29900 29901 62 0 61 0 0 1 97 96 29707 32 1
29901 29902 61 0 61 0 1 1 96 96 0 1 0
29902 29905 61 0 62 2 1 0 96 93 -29707 32 3
29905 30238 62 2 62 2 0 0 93 93 0 333 0
30238 30241 62 2 61 0 0 1 93 90 29878 32 3
30241 30243 61 0 63 0 1 0 90 88 -29878 32 2
30243 30728 63 0 63 0 0 0 88 88 0 485 0
30728 30730 63 0 61 0 0 1 88 86 30131 32 2
30730 30731 61 0 61 0 1 1 86 86 0 1 0
30731 30737 61 0 66 1 1 0 86 80 -30131 32 6
30737 30788 66 1 66 1 0 0 80 80 0 51 0
30788 30794 66 1 61 0 0 1 80 74 30165 32 6
30794 30807 61 0 61 0 1 1 74 74 0 13 0
30807 30812 61 0 64 2 1 0 74 69 -30165 32 5
30812 30835 64 2 64 2 0 0 69 69 0 23 0
30835 30840 64 2 61 0 0 1 69 64 48896 32 5
30840 30848 61 0 61 0 1 1 64 64 0 8 0
30848 30848 61 0 61 0 1 2 64 64 30200 32 0
30848 30850 61 0 62 1 2 1 64 62 -48896 24 2
30850 30850 62 1 62 1 1 0 62 62 -30200 32 0
30850 31337 62 1 62 1 0 0 62 62 0 487 0
31337 31339 62 1 61 0 0 1 62 60 30443 32 2
31339 31341 61 0 63 0 1 0 60 58 -30443 32 2
31341 32628 63 0 63 0 0 0 58 58 0 1287 0
32628 32630 63 0 61 0 0 1 58 56 31062 32 2
32630 32631 61 0 61 0 1 1 56 56 0 1 0
32631 32632 61 0 61 1 1 0 56 55 -31062 32 1
32632 32714 61 1 61 1 0 0 55 55 0 82 0
32714 32715 61 1 61 0 0 1 55 54 31100 32 1
32715 32716 61 0 61 0 1 1 54 54 0 1 0
32716 32718 61 0 62 1 1 0 54 52 -31100 32 2
32718 32852 62 1 62 1 0 0 52 52 0 134 0
32852 32854 62 1 61 0 0 1 52 50 31169 32 2
32854 32858 61 0 65 0 1 0 50 46 -31169 32 4
32858 34008 65 0 65 0 0 0 46 46 0 1150 0
34008 34012 65 0 61 0 0 1 46 42 31676 32 4
34012 34014 61 0 61 0 1 1 42 42 0 2 0
34014 34021 61 0 63 5 1 0 42 35 -31676 32 7
34021 34204 63 5 63 5 0 0 35 35 0 183 0
34204 34211 63 5 61 0 0 1 35 28 31762 32 7
34211 34212 61 0 62 0 1 0 28 27 -31762 32 1
34212 35857 62 0 62 0 0 0 27 27 0 1645 0
35857 35858 62 0 61 0 0 1 27 26 32478 32 1
35858 35860 61 0 61 0 1 1 26 26 0 2 0
35860 35862 61 0 62 1 1 0 26 24 -32478 32 2
35862 36985 62 1 62 1 0 0 24 24 0 1123 0
36985 36987 62 1 61 0 0 1 24 22 32929 32 2
36987 36989 61 0 63 0 1 0 22 20 -32929 32 2
36989 37125 63 0 63 0 0 0 20 20 0 136 0
37125 37127 63 0 61 0 0 1 20 18 32977 32 2
37127 37129 61 0 63 0 1 0 18 16 -32977 32 2
37129 38411 63 0 63 0 0 0 16 16 0 1282 0
38411 38413 63 0 61 0 0 1 16 14 33500 32 2
38413 38418 61 0 61 0 1 1 14 14 0 5 0
38418 38423 61 0 65 1 1 0 14 9 -33500 32 5
38423 38876 65 1 65 1 0 0 9 9 0 453 0
38876 38881 65 1 61 0 0 1 9 4 33660 32 5
38881 38882 61 0 62 0 1 0 4 3 -33660 32 1
38882 39265 62 0 62 0 0 0 3 3 0 383 0
39265 39266 62 0 61 0 0 1 3 2 33794 32 1
39266 39267 61 0 61 0 1 1 2 2 0 1 0
39267 39268 61 0 62 0 1 0 2 1 -33794 32 1
39268 43266 62 0 62 0 0 0 1 1 0 3998 0
43266 43267 62 0 61 0 0 0 1 0 1000000000 0 1
--------------------------------------
--------------------------------------
EV8
--------------------------------------
Num TPs served = 20
TPs served = 33706 33797 33940 33981 34198 34332 34730 35900 35995 36027 36223 36412 36981 36990 37258 37421 37870 38140 38305 39320
Total energy used = 100
--------------------------------------
Schedule:
0 2220 61 0 61 0 0 0 100 100 0 2220 0
2220 2220 61 0 61 0 0 1 100 100 35900 32 0
2220 2222 61 0 61 2 1 0 100 98 -35900 32 2
2222 2456 61 2 61 2 0 0 98 98 0 234 0
2456 2458 61 2 61 0 0 1 98 96 35995 32 2
2458 2461 61 0 64 0 1 0 96 93 -35995 32 3
2461 2548 64 0 64 0 0 0 93 93 0 87 0
2548 2551 64 0 61 0 0 1 93 90 36027 32 3
2551 2553 61 0 61 0 1 1 90 90 0 2 0
2553 2555 61 0 63 0 1 0 90 88 -36027 32 2
2555 3136 63 0 63 0 0 0 88 88 0 581 0
3136 3138 63 0 61 0 0 1 88 86 36223 32 2
3138 3139 61 0 61 0 1 1 86 86 0 1 0
3139 3142 61 0 63 1 1 0 86 83 -36223 32 3
3142 3686 63 1 63 1 0 0 83 83 0 544 0
3686 3689 63 1 61 0 0 1 83 80 36412 32 3
3689 3692 61 0 63 1 1 0 80 77 -36412 32 3
3692 5377 63 1 63 1 0 0 77 77 0 1685 0
5377 5380 63 1 61 0 0 1 77 74 36981 32 3
5380 5410 61 0 61 0 1 1 74 74 0 30 0
5410 5410 61 0 61 0 1 2 74 74 36990 32 0
5410 5411 61 0 62 0 2 1 74 73 -36990 32 1
5411 5413 62 0 62 2 1 0 73 71 -36981 3 2
5413 6208 62 2 62 2 0 0 71 71 0 795 0
6208 6211 62 2 61 0 0 1 71 68 37258 32 3
6211 6212 61 0 61 0 1 1 68 68 0 1 0
6212 6215 61 0 64 0 1 0 68 65 -37258 32 3
6215 6669 64 0 64 0 0 0 65 65 0 454 0
6669 6672 64 0 61 0 0 1 65 62 37421 32 3
6672 6673 61 0 61 0 1 1 62 62 0 1 0
6673 6674 61 0 61 1 1 0 62 61 -37421 32 1
6674 7916 61 1 61 1 0 0 61 61 0 1242 0
7916 7917 61 1 61 0 0 1 61 60 37870 32 1
7917 7918 61 0 62 0 1 0 60 59 -37870 32 1
7918 8704 62 0 62 0 0 0 59 59 0 786 0
8704 8705 62 0 61 0 0 1 59 58 38140 32 1
8705 8709 61 0 63 2 1 0 58 54 -38140 32 4
8709 9112 63 2 63 2 0 0 54 54 0 403 0
9112 9116 63 2 61 0 0 1 54 50 38305 32 4
9116 9120 61 0 63 2 1 0 50 46 -38305 32 4
9120 11605 63 2 63 2 0 0 46 46 0 2485 0
11605 11609 63 2 61 0 0 1 46 42 39320 32 4
11609 11612 61 0 64 0 1 0 42 39 -39320 32 3
11612 39018 64 0 64 0 0 0 39 39 0 27406 0
39018 39021 64 0 61 0 0 1 39 36 33706 32 3
39021 39023 61 0 61 0 1 1 36 36 0 2 0
39023 39025 61 0 62 1 1 0 36 34 -33706 32 2
39025 39276 62 1 62 1 0 0 34 34 0 251 0
39276 39278 62 1 61 0 0 1 34 32 33797 32 2
39278 39280 61 0 61 0 1 1 32 32 0 2 0
39280 39285 61 0 66 0 1 0 32 27 -33797 32 5
39285 39603 66 0 66 0 0 0 27 27 0 318 0
39603 39608 66 0 61 0 0 1 27 22 33940 32 5
39608 39609 61 0 62 0 1 0 22 21 -33940 32 1
39609 39715 62 0 62 0 0 0 21 21 0 106 0
39715 39716 62 0 61 0 0 1 21 20 33981 32 1
39716 39720 61 0 62 3 1 0 20 16 -33981 32 4
39720 40338 62 3 62 3 0 0 16 16 0 618 0
40338 40342 62 3 61 0 0 1 16 12 34198 32 4
40342 40343 61 0 62 0 1 0 12 11 -34198 32 1
40343 40720 62 0 62 0 0 0 11 11 0 377 0
40720 40721 62 0 61 0 0 1 11 10 34332 32 1
40721 40724 61 0 61 0 1 1 10 10 0 3 0
40724 40727 61 0 64 0 1 0 10 7 -34332 32 3
40727 41913 64 0 64 0 0 0 7 7 0 1186 0
41913 41916 64 0 61 0 0 1 7 4 34730 32 3
41916 41918 61 0 63 0 1 0 4 2 -34730 32 2
41918 43265 63 0 63 0 0 0 2 2 0 1347 0
43265 43267 63 0 61 0 0 0 2 0 1000000000 0 2
--------------------------------------
--------------------------------------
EV9
--------------------------------------
Num TPs served = 18
TPs served = 37704 39240 39432 39477 39518 39519 39913 40021 40064 40529 40667 41151 41232 41472 41865 41930 42241 42556
Total energy used = 100
--------------------------------------
Schedule:
0 7454 61 0 61 0 0 0 100 100 0 7454 0
7454 7454 61 0 61 0 0 1 100 100 37704 32 0
7454 7459 61 0 61 0 1 1 100 100 0 5 0
7459 7474 61 0 73 3 1 0 100 85 -37704 32 15
7474 11363 73 3 73 3 0 0 85 85 0 3889 0
11363 11378 73 3 61 0 0 1 85 70 39240 32 15
11378 11380 61 0 61 0 1 1 70 70 0 2 0
11380 11384 61 0 64 1 1 0 70 66 -39240 32 4
11384 11907 64 1 64 1 0 0 66 66 0 523 0
11907 11911 64 1 61 0 0 1 66 62 39432 32 4
11911 11913 61 0 63 0 1 0 62 60 -39432 32 2
11913 12033 63 0 63 0 0 0 60 60 0 120 0
12033 12035 63 0 61 0 0 1 60 58 39477 32 2
12035 12036 61 0 61 1 1 0 58 57 -39477 32 1
12036 12142 61 1 61 1 0 0 57 57 0 106 0
12142 12143 61 1 61 0 0 1 57 56 39519 32 1
12143 12143 61 0 61 0 1 2 56 56 39518 29 0
12143 12145 61 0 62 1 2 1 56 54 -39519 32 2
12145 12148 62 1 61 3 1 0 54 51 -39518 27 3
12148 13147 61 3 61 3 0 0 51 51 0 999 0
13147 13150 61 3 61 0 0 1 51 48 39913 32 3
13150 13152 61 0 63 0 1 0 48 46 -39913 32 2
13152 13496 63 0 63 0 0 0 46 46 0 344 0
13496 13498 63 0 61 0 0 1 46 44 40021 32 2
13498 13502 61 0 61 0 1 1 44 44 0 4 0
13502 13504 61 0 63 0 1 0 44 42 -40021 32 2
13504 13640 63 0 63 0 0 0 42 42 0 136 0
13640 13642 63 0 61 0 0 1 42 40 40064 32 2
13642 13644 61 0 62 1 1 0 40 38 -40064 32 2
13644 14774 62 1 62 1 0 0 38 38 0 1130 0
14774 14776 62 1 61 0 0 1 38 36 40529 32 2
14776 14779 61 0 64 0 1 0 36 33 -40529 32 3
14779 15120 64 0 64 0 0 0 33 33 0 341 0
15120 15123 64 0 61 0 0 1 33 30 40667 32 3
15123 15125 61 0 61 2 1 0 30 28 -40667 32 2
15125 16208 61 2 61 2 0 0 28 28 0 1083 0
16208 16210 61 2 61 0 0 1 28 26 41151 32 2
16210 16211 61 0 61 0 1 1 26 26 0 1 0
16211 16212 61 0 62 0 1 0 26 25 -41151 32 1
16212 16377 62 0 62 0 0 0 25 25 0 165 0
16377 16378 62 0 61 0 0 1 25 24 41232 32 1
16378 16381 61 0 61 3 1 0 24 21 -41232 32 3
16381 16943 61 3 61 3 0 0 21 21 0 562 0
16943 16946 61 3 61 0 0 1 21 18 41472 32 3
16946 16948 61 0 63 0 1 0 18 16 -41472 32 2
16948 17819 63 0 63 0 0 0 16 16 0 871 0
17819 17821 63 0 61 0 0 1 16 14 41865 32 2
17821 17823 61 0 61 2 1 0 14 12 -41865 32 2
17823 17957 61 2 61 2 0 0 12 12 0 134 0
17957 17959 61 2 61 0 0 1 12 10 41930 32 2
17959 17960 61 0 61 0 1 1 10 10 0 1 0
17960 17963 61 0 64 0 1 0 10 7 -41930 32 3
17963 18614 64 0 64 0 0 0 7 7 0 651 0
18614 18617 64 0 61 0 0 1 7 4 42241 32 3
18617 18618 61 0 61 0 1 1 4 4 0 1 0
18618 18619 61 0 62 0 1 0 4 3 -42241 32 1
18619 19332 62 0 62 0 0 0 3 3 0 713 0
19332 19333 62 0 61 0 0 1 3 2 42556 32 1
19333 19334 61 0 62 0 1 0 2 1 -42556 32 1
19334 43266 62 0 62 0 0 0 1 1 0 23932 0
43266 43267 62 0 61 0 0 0 1 0 1000000000 0 1
--------------------------------------

-------------------------------------------------------------------------

TPs

-------------------------------------------------------------------------

----------------------
TP122 allocated to 1
----------------------

----------------------
TP698 allocated to 1
----------------------

----------------------
TP1116 allocated to 1
----------------------

----------------------
TP1268 allocated to 1
----------------------

----------------------
TP1302 allocated to 1
----------------------

----------------------
TP1538 allocated to 1
----------------------

----------------------
TP1653 allocated to 1
----------------------

----------------------
TP2061 allocated to 1
----------------------

----------------------
TP2279 allocated to 1
----------------------

----------------------
TP2619 allocated to 1
----------------------

----------------------
TP3063 allocated to 1
----------------------

----------------------
TP3155 allocated to 1
----------------------

----------------------
TP3190 allocated to 1
----------------------

----------------------
TP3340 allocated to 1
----------------------

----------------------
TP3449 allocated to 1
----------------------

----------------------
TP3532 allocated to 1
----------------------

----------------------
TP3667 allocated to 1
----------------------

----------------------
TP3783 allocated to 1
----------------------

----------------------
TP3870 allocated to 1
----------------------

----------------------
TP3886 allocated to 1
----------------------

----------------------
TP4116 allocated to 1
----------------------

----------------------
TP4341 allocated to 1
----------------------

----------------------
TP4365 allocated to 1
----------------------

----------------------
TP4971 allocated to 1
----------------------

----------------------
TP5096 allocated to 1
----------------------

----------------------
TP5147 allocated to 2
----------------------

----------------------
TP5167 allocated to 1
----------------------

----------------------
TP5408 allocated to 2
----------------------

----------------------
TP5519 allocated to 2
----------------------

----------------------
TP5965 allocated to 2
----------------------

----------------------
TP6003 allocated to 2
----------------------

----------------------
TP6086 allocated to 2
----------------------

----------------------
TP6961 allocated to 1
----------------------

----------------------
TP7024 allocated to 2
----------------------

----------------------
TP7068 allocated to 2
----------------------

----------------------
TP7401 allocated to 2
----------------------

----------------------
TP9014 allocated to 2
----------------------

----------------------
TP9789 allocated to 2
----------------------

----------------------
TP9989 allocated to 2
----------------------

----------------------
TP10666 allocated to 3
----------------------

----------------------
TP10927 allocated to 3
----------------------

----------------------
TP10963 allocated to 2
----------------------

----------------------
TP11131 allocated to 3
----------------------

----------------------
TP11157 allocated to 3
----------------------

----------------------
TP11811 allocated to 3
----------------------

----------------------
TP12168 allocated to 3
----------------------

----------------------
TP12172 allocated to 3
----------------------

----------------------
TP12457 allocated to 3
----------------------

----------------------
TP12476 allocated to 3
----------------------

----------------------
TP12945 allocated to 1
----------------------

----------------------
TP13032 allocated to 3
----------------------

----------------------
TP13374 allocated to 3
----------------------

----------------------
TP13998 allocated to 3
----------------------

----------------------
TP14877 allocated to 3
----------------------

----------------------
TP15972 allocated to 3
----------------------

----------------------
TP16015 allocated to 3
----------------------

----------------------
TP16088 allocated to 3
----------------------

----------------------
TP16178 allocated to 3
----------------------

----------------------
TP16804 allocated to 3
----------------------

----------------------
TP16870 allocated to 4
----------------------

----------------------
TP16943 allocated to 4
----------------------

----------------------
TP17039 allocated to 1
----------------------

----------------------
TP17296 allocated to 4
----------------------

----------------------
TP17445 allocated to 4
----------------------

----------------------
TP17620 allocated to 4
----------------------

----------------------
TP17711 allocated to 4
----------------------

----------------------
TP18245 allocated to 4
----------------------

----------------------
TP18411 allocated to 4
----------------------

----------------------
TP18428 allocated to 4
----------------------

----------------------
TP18971 allocated to 4
----------------------

----------------------
TP18980 allocated to 4
----------------------

----------------------
TP19193 allocated to 4
----------------------

----------------------
TP19234 allocated to 4
----------------------

----------------------
TP19273 allocated to 4
----------------------

----------------------
TP19372 allocated to 5
----------------------

----------------------
TP20676 allocated to 5
----------------------

----------------------
TP20789 allocated to 4
----------------------

----------------------
TP20834 allocated to 5
----------------------

----------------------
TP20949 allocated to 5
----------------------

----------------------
TP21098 allocated to 2
----------------------

----------------------
TP21113 allocated to 4
----------------------

----------------------
TP21283 allocated to 5
----------------------

----------------------
TP21381 allocated to 5
----------------------

----------------------
TP21722 allocated to 5
----------------------

----------------------
TP21917 allocated to 1
----------------------

----------------------
TP22307 allocated to 5
----------------------

----------------------
TP22485 allocated to 5
----------------------

----------------------
TP23077 allocated to 5
----------------------

----------------------
TP23252 allocated to 5
----------------------

----------------------
TP23543 allocated to 1
----------------------

----------------------
TP23829 allocated to 1
----------------------

----------------------
TP24081 allocated to 5
----------------------

----------------------
TP24104 allocated to 5
----------------------

----------------------
TP24187 allocated to 1
----------------------

----------------------
TP24714 allocated to 2
----------------------

----------------------
TP25033 allocated to 5
----------------------

----------------------
TP25084 allocated to 1
----------------------

----------------------
TP25177 allocated to 6
----------------------

----------------------
TP25405 allocated to 5
----------------------

----------------------
TP25438 allocated to 1
----------------------

----------------------
TP25721 allocated to 5
----------------------

----------------------
TP26109 allocated to 6
----------------------

----------------------
TP26167 allocated to 6
----------------------

----------------------
TP26345 allocated to 6
----------------------

----------------------
TP26376 allocated to 1
----------------------

----------------------
TP26991 allocated to 6
----------------------

----------------------
TP27151 allocated to 6
----------------------

----------------------
TP27152 allocated to 6
----------------------

----------------------
TP27987 allocated to 6
----------------------

----------------------
TP28145 allocated to 6
----------------------

----------------------
TP28292 allocated to 6
----------------------

----------------------
TP28308 allocated to 6
----------------------

----------------------
TP28464 allocated to 6
----------------------

----------------------
TP28662 allocated to 6
----------------------

----------------------
TP29293 allocated to 6
----------------------

----------------------
TP29323 allocated to 6
----------------------

----------------------
TP29475 allocated to 6
----------------------

----------------------
TP29568 allocated to 7
----------------------

----------------------
TP29630 allocated to 7
----------------------

----------------------
TP29707 allocated to 7
----------------------

----------------------
TP29878 allocated to 7
----------------------

----------------------
TP30131 allocated to 7
----------------------

----------------------
TP30165 allocated to 7
----------------------

----------------------
TP30200 allocated to 7
----------------------

----------------------
TP30395 allocated to 1
----------------------

----------------------
TP30443 allocated to 7
----------------------

----------------------
TP31062 allocated to 7
----------------------

----------------------
TP31100 allocated to 7
----------------------

----------------------
TP31169 allocated to 7
----------------------

----------------------
TP31676 allocated to 7
----------------------

----------------------
TP31762 allocated to 7
----------------------

----------------------
TP32478 allocated to 7
----------------------

----------------------
TP32929 allocated to 7
----------------------

----------------------
TP32977 allocated to 7
----------------------

----------------------
TP33262 allocated to 1
----------------------

----------------------
TP33500 allocated to 7
----------------------

----------------------
TP33660 allocated to 7
----------------------

----------------------
TP33706 allocated to 8
----------------------

----------------------
TP33794 allocated to 7
----------------------

----------------------
TP33797 allocated to 8
----------------------

----------------------
TP33940 allocated to 8
----------------------

----------------------
TP33981 allocated to 8
----------------------

----------------------
TP34198 allocated to 8
----------------------

----------------------
TP34332 allocated to 8
----------------------

----------------------
TP34475 allocated to 1
----------------------

----------------------
TP34730 allocated to 8
----------------------

----------------------
TP35900 allocated to 8
----------------------

----------------------
TP35995 allocated to 8
----------------------

----------------------
TP36027 allocated to 8
----------------------

----------------------
TP36223 allocated to 8
----------------------

----------------------
TP36412 allocated to 8
----------------------

----------------------
TP36981 allocated to 8
----------------------

----------------------
TP36990 allocated to 8
----------------------

----------------------
TP37136 allocated to 4
----------------------

----------------------
TP37258 allocated to 8
----------------------

----------------------
TP37421 allocated to 8
----------------------

----------------------
TP37704 allocated to 9
----------------------

----------------------
TP37870 allocated to 8
----------------------

----------------------
TP38012 allocated to 1
----------------------

----------------------
TP38140 allocated to 8
----------------------

----------------------
TP38305 allocated to 8
----------------------

----------------------
TP38395 allocated to 1
----------------------

----------------------
TP39240 allocated to 9
----------------------

----------------------
TP39320 allocated to 8
----------------------

----------------------
TP39382 allocated to 5
----------------------

----------------------
TP39432 allocated to 9
----------------------

----------------------
TP39477 allocated to 9
----------------------

----------------------
TP39518 allocated to 9
----------------------

----------------------
TP39519 allocated to 9
----------------------

----------------------
TP39913 allocated to 9
----------------------

----------------------
TP40021 allocated to 9
----------------------

----------------------
TP40064 allocated to 9
----------------------

----------------------
TP40453 allocated to 1
----------------------

----------------------
TP40529 allocated to 9
----------------------

----------------------
TP40667 allocated to 9
----------------------

----------------------
TP41151 allocated to 9
----------------------

----------------------
TP41232 allocated to 9
----------------------

----------------------
TP41297 allocated to 1
----------------------

----------------------
TP41472 allocated to 9
----------------------

----------------------
TP41865 allocated to 9
----------------------

----------------------
TP41930 allocated to 9
----------------------

----------------------
TP41967 not allocated
----------------------

----------------------
TP42241 allocated to 9
----------------------

----------------------
TP42495 not allocated
----------------------

----------------------
TP42556 allocated to 9
----------------------

----------------------
TP42600 not allocated
----------------------

----------------------
TP42676 not allocated
----------------------

----------------------
TP42783 not allocated
----------------------

----------------------
TP43312 not allocated
----------------------

----------------------
TP43570 not allocated
----------------------

----------------------
TP43985 not allocated
----------------------

----------------------
TP44103 not allocated
----------------------

----------------------
TP44118 not allocated
----------------------

----------------------
TP44368 not allocated
----------------------

----------------------
TP44490 not allocated
----------------------

----------------------
TP44763 not allocated
----------------------

----------------------
TP45124 not allocated
----------------------

----------------------
TP45192 not allocated
----------------------

----------------------
TP45291 not allocated
----------------------

----------------------
TP45298 not allocated
----------------------

----------------------
TP45318 not allocated
----------------------

----------------------
TP46375 not allocated
----------------------

----------------------
TP46574 not allocated
----------------------

----------------------
TP46748 allocated to 6
----------------------

----------------------
TP47017 not allocated
----------------------

----------------------
TP47206 not allocated
----------------------

----------------------
TP47208 not allocated
----------------------

----------------------
TP47656 not allocated
----------------------

----------------------
TP48291 allocated to 7
----------------------

----------------------
TP48536 allocated to 1
----------------------

----------------------
TP48728 not allocated
----------------------

----------------------
TP48896 allocated to 7
----------------------

----------------------
TP49654 not allocated
----------------------

-------------------------------------------------------------------------

Ride-sharing vs Individual Mode - Num Vehicles and Distance Comparisson 

-------------------------------------------------------------------------
Individual Mode = 213 vehicles.
Ride-sharing Mode = 35 vehicles. The 9 ride-sharing vehicles + 26 vehicles of the individuals not served by the ride-sharing service.
-------------------------------------------------------------------------
Individual Mode = 558 distance.
Ride-sharing Mode = 990 distance. 900 from the EV fleet + 90 from the distance of the trips not covered individuals had to do with their own vehicle.
-------------------------------------------------------------------------
