-------------------------------------------------------------------------
TPs satisfied = 77; Total TPs = 192; Percentage Satisfied + 40.1%
-------------------------------------------------------------------------

-------------------------------------------------------------------------

EVs

-------------------------------------------------------------------------
--------------------------------------
EV1
--------------------------------------
Num TPs served = 39
TPs served = 319 417 573 662 983 1844 1869 2723 3106 4362 4493 4818 5284 5296 5944 6187 6235 7652 9784 11361 14004 14193 20509 31580 32856 32922 33060 35279 35703 36280 39251 40283 41934 42328 43231 43699 45918 48216 48827
Total energy used = 100
--------------------------------------
Schedule:
0 418 854 186 854 186 0 0 100 100 0 418 0
418 418 854 186 854 186 0 1 100 100 35279 32 0
418 419 854 186 854 186 1 1 100 100 0 1 0
419 419 854 186 854 186 1 0 100 100 -35279 32 0
419 617 854 186 854 186 0 0 100 100 0 198 0
617 617 854 186 854 186 0 1 100 100 319 32 0
617 618 854 186 854 186 1 1 100 100 0 1 0
618 620 854 186 855 187 1 0 100 98 -319 32 2
620 763 855 187 855 187 0 0 98 98 0 143 0
763 765 855 187 854 186 0 1 98 96 417 32 2
765 767 854 186 855 187 1 0 96 94 -417 32 2
767 1027 855 187 855 187 0 0 94 94 0 260 0
1027 1029 855 187 854 186 0 1 94 92 573 32 2
1029 1031 854 186 854 186 1 1 92 92 0 2 0
1031 1031 854 186 854 186 1 0 92 92 -573 32 0
1031 1183 854 186 854 186 0 0 92 92 0 152 0
1183 1183 854 186 854 186 0 1 92 92 662 32 0
1183 1184 854 186 854 186 1 1 92 92 0 1 0
1184 1185 854 186 855 186 1 0 92 91 -662 32 1
1185 1638 855 186 855 186 0 0 91 91 0 453 0
1638 1639 855 186 854 186 0 1 91 90 35703 32 1
1639 1641 854 186 854 186 1 1 90 90 0 2 0
1641 1641 854 186 854 186 1 0 90 90 -35703 32 0
1641 1727 854 186 854 186 0 0 90 90 0 86 0
1727 1727 854 186 854 186 0 1 90 90 983 32 0
1727 1728 854 186 854 186 1 1 90 90 0 1 0
1728 1731 854 186 857 186 1 0 90 87 -983 32 3
1731 3226 857 186 857 186 0 0 87 87 0 1495 0
3226 3229 857 186 854 186 0 1 87 84 1844 32 3
3229 3235 854 186 859 187 1 0 84 78 -1844 32 6
3235 3298 859 187 859 187 0 0 78 78 0 63 0
3298 3304 859 187 854 186 0 1 78 72 36280 32 6
3304 3304 854 186 854 186 1 2 72 72 1869 10 0
3304 3305 854 186 854 186 2 2 72 72 0 1 0
3305 3308 854 186 857 186 2 1 72 69 -36280 32 3
3308 3321 857 186 862 194 1 0 69 56 -1869 26 13
3321 4825 862 194 862 194 0 0 56 56 0 1504 0
4825 4841 862 194 854 186 0 1 56 40 2723 32 16
4841 4842 854 186 854 186 1 1 40 40 0 1 0
4842 4844 854 186 856 186 1 0 40 38 -2723 32 2
4844 5534 856 186 856 186 0 0 38 38 0 690 0
5534 5536 856 186 854 186 0 1 38 36 3106 32 2
5536 5538 854 186 854 186 1 1 36 36 0 2 0
5538 5539 854 186 854 187 1 0 36 35 -3106 32 1
5539 7847 854 187 854 187 0 0 35 35 0 2308 0
7847 7848 854 187 854 186 0 1 35 34 4362 32 1
7848 7850 854 186 856 186 1 0 34 32 -4362 32 2
7850 8096 856 186 856 186 0 0 32 32 0 246 0
8096 8098 856 186 854 186 0 1 32 30 4493 32 2
8098 8099 854 186 854 186 1 1 30 30 0 1 0
8099 8103 854 186 858 186 1 0 30 26 -4493 32 4
8103 8739 858 186 858 186 0 0 26 26 0 636 0
8739 8743 858 186 854 186 0 1 26 22 4818 32 4
8743 8744 854 186 854 186 1 1 22 22 0 1 0
8744 8744 854 186 854 186 1 0 22 22 -4818 32 0
8744 9468 854 186 854 186 0 0 22 22 0 724 0
9468 9468 854 186 854 186 0 1 22 22 20509 32 0
9468 9471 854 186 854 186 1 1 22 22 0 3 0
9471 9471 854 186 854 186 1 0 22 22 -20509 32 0
9471 9602 854 186 854 186 0 0 22 22 0 131 0
9602 9602 854 186 854 186 0 1 22 22 5284 32 0
9602 9634 854 186 854 186 1 1 22 22 0 32 0
9634 9634 854 186 854 186 1 2 22 22 5296 32 0
9634 9635 854 186 855 186 2 1 22 21 -5296 32 1
9635 9635 855 186 855 186 1 0 21 21 -5284 0 0
9635 10877 855 186 855 186 0 0 21 21 0 1242 0
10877 10878 855 186 854 186 0 1 21 20 5944 32 1
10878 10880 854 186 856 186 1 0 20 18 -5944 32 2
10880 11346 856 186 856 186 0 0 18 18 0 466 0
11346 11348 856 186 854 186 0 1 18 16 6187 32 2
11348 11349 854 186 854 187 1 0 16 15 -6187 32 1
11349 11410 854 187 854 187 0 0 15 15 0 61 0
11410 11411 854 187 854 186 0 1 15 14 39251 32 1
11411 11440 854 186 854 186 1 1 14 14 0 29 0
11440 11440 854 186 854 186 1 2 14 14 6235 32 0
11440 11443 854 186 857 186 2 1 14 11 -39251 3 3
11443 11446 857 186 859 187 1 0 11 8 -6235 32 3
11446 14194 859 187 859 187 0 0 8 8 0 2748 0
14194 14200 859 187 854 186 0 1 8 2 40283 32 6
14200 14205 854 186 854 186 1 1 2 2 0 5 0
14205 14205 854 186 854 186 1 0 2 2 -40283 32 0
14205 14437 854 186 854 186 0 0 2 2 0 232 0
14437 14437 854 186 854 186 0 1 2 2 7652 32 0
14437 14438 854 186 855 186 1 0 2 1 -7652 32 1
14438 17962 855 186 855 186 0 0 1 1 0 3524 0
17962 17963 855 186 854 186 0 1 1 0 41934 32 1
17963 17965 854 186 854 186 1 1 0 0 0 2 0
17965 17965 854 186 854 186 1 0 0 0 -41934 32 0
17965 18768 854 186 854 186 0 0 0 0 0 803 0
18768 18768 854 186 854 186 0 1 0 0 42328 32 0
18768 18769 854 186 854 186 1 1 0 0 0 1 0
18769 18769 854 186 854 186 1 0 0 0 -42328 32 0
18769 19856 854 186 854 186 0 0 0 0 0 1087 0
19856 19856 854 186 854 186 0 1 0 0 9784 32 0
19856 19857 854 186 854 186 1 1 0 0 0 1 0
19857 19857 854 186 854 186 1 0 0 0 -9784 32 0
19857 20662 854 186 854 186 0 0 0 0 0 805 0
20662 20662 854 186 854 186 0 1 0 0 43231 32 0
20662 20665 854 186 854 186 1 1 0 0 0 3 0
20665 20665 854 186 854 186 1 0 0 0 -43231 32 0
20665 21579 854 186 854 186 0 0 0 0 0 914 0
21579 21579 854 186 854 186 0 1 0 0 43699 32 0
21579 21580 854 186 854 186 1 1 0 0 0 1 0
21580 21580 854 186 854 186 1 0 0 0 -43699 32 0
21580 24472 854 186 854 186 0 0 0 0 0 2892 0
24472 24472 854 186 854 186 0 1 0 0 11361 32 0
24472 24473 854 186 854 186 1 1 0 0 0 1 0
24473 24473 854 186 854 186 1 0 0 0 -11361 32 0
24473 25635 854 186 854 186 0 0 0 0 0 1162 0
25635 25635 854 186 854 186 0 1 0 0 45918 32 0
25635 25636 854 186 854 186 1 1 0 0 0 1 0
25636 25636 854 186 854 186 1 0 0 0 -45918 32 0
25636 29628 854 186 854 186 0 0 0 0 0 3992 0
29628 29628 854 186 854 186 0 1 0 0 48216 32 0
29628 29630 854 186 854 186 1 1 0 0 0 2 0
29630 29630 854 186 854 186 1 0 0 0 -48216 32 0
29630 30717 854 186 854 186 0 0 0 0 0 1087 0
30717 30717 854 186 854 186 0 1 0 0 48827 32 0
30717 30718 854 186 854 186 1 1 0 0 0 1 0
30718 30718 854 186 854 186 1 0 0 0 -48827 32 0
30718 33790 854 186 854 186 0 0 0 0 0 3072 0
33790 33790 854 186 854 186 0 1 0 0 31580 32 0
33790 33791 854 186 854 186 1 1 0 0 0 1 0
33791 33791 854 186 854 186 1 0 0 0 -31580 32 0
33791 33992 854 186 854 186 0 0 0 0 0 201 0
33992 33992 854 186 854 186 0 1 0 0 14004 32 0
33992 33993 854 186 854 186 1 1 0 0 0 1 0
33993 33993 854 186 854 186 1 0 0 0 -14004 32 0
33993 34708 854 186 854 186 0 0 0 0 0 715 0
34708 34708 854 186 854 186 0 1 0 0 14193 32 0
34708 34709 854 186 854 186 1 1 0 0 0 1 0
34709 34709 854 186 854 186 1 0 0 0 -14193 32 0
34709 36779 854 186 854 186 0 0 0 0 0 2070 0
36779 36779 854 186 854 186 0 1 0 0 32856 32 0
36779 36780 854 186 854 186 1 1 0 0 0 1 0
36780 36780 854 186 854 186 1 0 0 0 -32856 32 0
36780 36968 854 186 854 186 0 0 0 0 0 188 0
36968 36968 854 186 854 186 0 1 0 0 32922 32 0
36968 36969 854 186 854 186 1 1 0 0 0 1 0
36969 36969 854 186 854 186 1 0 0 0 -32922 32 0
36969 37344 854 186 854 186 0 0 0 0 0 375 0
37344 37344 854 186 854 186 0 1 0 0 33060 32 0
37344 37347 854 186 854 186 1 1 0 0 0 3 0
37347 37347 854 186 854 186 1 0 0 0 -33060 32 0
37347 43267 854 186 854 186 0 0 0 0 0 5920 0
43267 43267 854 186 854 186 0 0 0 0 1000000000 0 0
--------------------------------------
--------------------------------------
EV2
--------------------------------------
Num TPs served = 20
TPs served = 6047 6405 7550 7932 8011 8020 8361 8677 8792 8937 9359 9388 9397 9906 10931 11545 11574 11594 12065 28221
Total energy used = 100
--------------------------------------
Schedule:
0 11077 854 186 854 186 0 0 100 100 0 11077 0
11077 11077 854 186 854 186 0 1 100 100 6047 32 0
11077 11086 854 186 861 188 1 0 100 91 -6047 32 9
11086 11759 861 188 861 188 0 0 91 91 0 673 0
11759 11768 861 188 854 186 0 1 91 82 6405 32 9
11768 11770 854 186 856 186 1 0 82 80 -6405 32 2
11770 14208 856 186 856 186 0 0 80 80 0 2438 0
14208 14210 856 186 854 186 0 1 80 78 7550 32 2
14210 14212 854 186 855 187 1 0 78 76 -7550 32 2
14212 15049 855 187 855 187 0 0 76 76 0 837 0
15049 15051 855 187 854 186 0 1 76 74 7932 32 2
15051 15052 854 186 854 186 1 1 74 74 0 1 0
15052 15055 854 186 857 186 1 0 74 71 -7932 32 3
15055 15243 857 186 857 186 0 0 71 71 0 188 0
15243 15246 857 186 854 186 0 1 71 68 8020 32 3
15246 15246 854 186 854 186 1 2 68 68 8011 8 0
15246 15250 854 186 855 189 2 1 68 64 -8020 32 4
15250 15254 855 189 856 186 1 0 64 60 -8011 9 4
15254 16066 856 186 856 186 0 0 60 60 0 812 0
16066 16068 856 186 854 186 0 1 60 58 8361 32 2
16068 16069 854 186 855 186 1 0 58 57 -8361 32 1
16069 16814 855 186 855 186 0 0 57 57 0 745 0
16814 16815 855 186 854 186 0 1 57 56 8677 32 1
16815 16820 854 186 854 186 1 1 56 56 0 5 0
16820 16826 854 186 856 190 1 0 56 50 -8677 32 6
16826 17113 856 190 856 190 0 0 50 50 0 287 0
17113 17119 856 190 854 186 0 1 50 44 8792 32 6
17119 17122 854 186 854 186 1 1 44 44 0 3 0
17122 17123 854 186 855 186 1 0 44 43 -8792 32 1
17123 17489 855 186 855 186 0 0 43 43 0 366 0
17489 17490 855 186 854 186 0 1 43 42 8937 32 1
17490 17492 854 186 854 188 1 0 42 40 -8937 32 2
17492 18641 854 188 854 188 0 0 40 40 0 1149 0
18641 18643 854 188 854 186 0 1 40 38 9359 32 2
18643 18646 854 186 855 188 1 0 38 35 -9359 32 3
18646 18751 855 188 855 188 0 0 35 35 0 105 0
18751 18754 855 188 854 186 0 1 35 32 9397 32 3
18754 18754 854 186 854 186 1 2 32 32 9388 6 0
18754 18756 854 186 854 186 2 2 32 32 0 2 0
18756 18758 854 186 856 186 2 1 32 30 -9397 32 2
18758 18759 856 186 855 186 1 0 30 29 -9388 4 1
18759 20129 855 186 855 186 0 0 29 29 0 1370 0
20129 20130 855 186 854 186 0 1 29 28 9906 32 1
20130 20132 854 186 854 186 1 1 28 28 0 2 0
20132 20133 854 186 854 187 1 0 28 27 -9906 32 1
20133 23150 854 187 854 187 0 0 27 27 0 3017 0
23150 23151 854 187 854 186 0 1 27 26 10931 32 1
23151 23153 854 186 854 186 1 1 26 26 0 2 0
23153 23158 854 186 858 187 1 0 26 21 -10931 32 5
23158 25126 858 187 858 187 0 0 21 21 0 1968 0
25126 25131 858 187 854 186 0 1 21 16 11545 32 5
25131 25134 854 186 854 186 1 1 16 16 0 3 0
25134 25137 854 186 857 186 1 0 16 13 -11545 32 3
25137 25277 857 186 857 186 0 0 13 13 0 140 0
25277 25280 857 186 854 186 0 1 13 10 11574 32 3
25280 25281 854 186 855 186 1 0 10 9 -11574 32 1
25281 25331 855 186 855 186 0 0 9 9 0 50 0
25331 25332 855 186 854 186 0 1 9 8 11594 32 1
25332 25333 854 186 855 186 1 0 8 7 -11594 32 1
25333 26945 855 186 855 186 0 0 7 7 0 1612 0
26945 26946 855 186 854 186 0 1 7 6 28221 32 1
26946 26953 854 186 854 186 1 1 6 6 0 7 0
26953 26953 854 186 854 186 1 2 6 6 12065 32 0
26953 26956 854 186 857 186 2 1 6 3 -28221 26 3
26956 26956 857 186 857 186 1 0 3 3 -12065 32 0
26956 43264 857 186 857 186 0 0 3 3 0 16308 0
43264 43267 857 186 854 186 0 0 3 0 1000000000 0 3
--------------------------------------
--------------------------------------
EV3
--------------------------------------
Num TPs served = 18
TPs served = 12265 12341 12791 12940 12943 13416 13438 13736 14276 14502 15607 16657 16829 17098 17279 17280 17650 47033
Total energy used = 100
--------------------------------------
Schedule:
0 731 854 186 854 186 0 0 100 100 0 731 0
731 731 854 186 854 186 0 1 100 100 17650 32 0
731 733 854 186 855 187 1 0 100 98 -17650 32 2
733 27605 855 187 855 187 0 0 98 98 0 26872 0
27605 27607 855 187 854 186 0 1 98 96 47033 32 2
27607 27638 854 186 854 186 1 1 96 96 0 31 0
27638 27638 854 186 854 186 1 2 96 96 12265 32 0
27638 27640 854 186 856 186 2 1 96 94 -47033 1 2
27640 27646 856 186 856 186 1 1 94 94 0 6 0
27646 27656 856 186 857 195 1 0 94 84 -12265 32 10
27656 27872 857 195 857 195 0 0 84 84 0 216 0
27872 27884 857 195 854 186 0 1 84 72 12341 32 12
27884 27890 854 186 854 192 1 0 72 66 -12341 32 6
27890 29513 854 192 854 192 0 0 66 66 0 1623 0
29513 29519 854 192 854 186 0 1 66 60 12791 32 6
29519 29528 854 186 863 186 1 0 60 51 -12791 32 9
29528 30077 863 186 863 186 0 0 51 51 0 549 0
30077 30086 863 186 854 186 0 1 51 42 12943 32 9
30086 30086 854 186 854 186 1 2 42 42 12940 21 0
30086 30087 854 186 854 187 2 1 42 41 -12943 32 1
30087 30090 854 187 856 186 1 0 41 38 -12940 19 3
30090 31771 856 186 856 186 0 0 38 38 0 1681 0
31771 31773 856 186 854 186 0 1 38 36 13416 32 2
31773 31775 854 186 856 186 1 0 36 34 -13416 32 2
31775 31869 856 186 856 186 0 0 34 34 0 94 0
31869 31871 856 186 854 186 0 1 34 32 13438 32 2
31871 31872 854 186 855 186 1 0 32 31 -13438 32 1
31872 32971 855 186 855 186 0 0 31 31 0 1099 0
32971 32972 855 186 854 186 0 1 31 30 13736 32 1
32972 32974 854 186 854 186 1 1 30 30 0 2 0
32974 32976 854 186 856 186 1 0 30 28 -13736 32 2
32976 34992 856 186 856 186 0 0 28 28 0 2016 0
34992 34994 856 186 854 186 0 1 28 26 14276 32 2
34994 34997 854 186 856 187 1 0 26 23 -14276 32 3
34997 35856 856 187 856 187 0 0 23 23 0 859 0
35856 35859 856 187 854 186 0 1 23 20 14502 32 3
35859 35861 854 186 855 187 1 0 20 18 -14502 32 2
35861 40024 855 187 855 187 0 0 18 18 0 4163 0
40024 40026 855 187 854 186 0 1 18 16 15607 32 2
40026 40028 854 186 855 187 1 0 16 14 -15607 32 2
40028 41882 855 187 855 187 0 0 14 14 0 1854 0
41882 41884 855 187 854 186 0 1 14 12 16657 32 2
41884 41886 854 186 854 186 1 1 12 12 0 2 0
41886 41887 854 186 854 187 1 0 12 11 -16657 32 1
41887 42182 854 187 854 187 0 0 11 11 0 295 0
42182 42183 854 187 854 186 0 1 11 10 16829 32 1
42183 42185 854 186 854 188 1 0 10 8 -16829 32 2
42185 42686 854 188 854 188 0 0 8 8 0 501 0
42686 42688 854 188 854 186 0 1 8 6 17098 32 2
42688 42689 854 186 854 186 1 1 6 6 0 1 0
42689 42691 854 186 855 187 1 0 6 4 -17098 32 2
42691 42971 855 187 855 187 0 0 4 4 0 280 0
42971 42973 855 187 854 186 0 1 4 2 17280 32 2
42973 42973 854 186 854 186 1 2 2 2 17279 30 0
42973 42974 854 186 854 186 2 2 2 2 0 1 0
42974 42975 854 186 855 186 2 1 2 1 -17280 32 1
42975 42975 855 186 855 186 1 0 1 1 -17279 29 0
42975 43266 855 186 855 186 0 0 1 1 0 291 0
43266 43267 855 186 854 186 0 0 1 0 1000000000 0 1
--------------------------------------

-------------------------------------------------------------------------

TPs

-------------------------------------------------------------------------

----------------------
TP319 allocated to 1
----------------------

----------------------
TP417 allocated to 1
----------------------

----------------------
TP573 allocated to 1
----------------------

----------------------
TP662 allocated to 1
----------------------

----------------------
TP983 allocated to 1
----------------------

----------------------
TP1844 allocated to 1
----------------------

----------------------
TP1869 allocated to 1
----------------------

----------------------
TP2723 allocated to 1
----------------------

----------------------
TP3106 allocated to 1
----------------------

----------------------
TP4362 allocated to 1
----------------------

----------------------
TP4493 allocated to 1
----------------------

----------------------
TP4818 allocated to 1
----------------------

----------------------
TP5284 allocated to 1
----------------------

----------------------
TP5296 allocated to 1
----------------------

----------------------
TP5944 allocated to 1
----------------------

----------------------
TP6047 allocated to 2
----------------------

----------------------
TP6187 allocated to 1
----------------------

----------------------
TP6235 allocated to 1
----------------------

----------------------
TP6405 allocated to 2
----------------------

----------------------
TP7550 allocated to 2
----------------------

----------------------
TP7652 allocated to 1
----------------------

----------------------
TP7932 allocated to 2
----------------------

----------------------
TP8011 allocated to 2
----------------------

----------------------
TP8020 allocated to 2
----------------------

----------------------
TP8361 allocated to 2
----------------------

----------------------
TP8677 allocated to 2
----------------------

----------------------
TP8792 allocated to 2
----------------------

----------------------
TP8937 allocated to 2
----------------------

----------------------
TP9359 allocated to 2
----------------------

----------------------
TP9388 allocated to 2
----------------------

----------------------
TP9397 allocated to 2
----------------------

----------------------
TP9784 allocated to 1
----------------------

----------------------
TP9906 allocated to 2
----------------------

----------------------
TP10931 allocated to 2
----------------------

----------------------
TP11361 allocated to 1
----------------------

----------------------
TP11545 allocated to 2
----------------------

----------------------
TP11574 allocated to 2
----------------------

----------------------
TP11594 allocated to 2
----------------------

----------------------
TP12065 allocated to 2
----------------------

----------------------
TP12265 allocated to 3
----------------------

----------------------
TP12341 allocated to 3
----------------------

----------------------
TP12791 allocated to 3
----------------------

----------------------
TP12940 allocated to 3
----------------------

----------------------
TP12943 allocated to 3
----------------------

----------------------
TP13416 allocated to 3
----------------------

----------------------
TP13438 allocated to 3
----------------------

----------------------
TP13736 allocated to 3
----------------------

----------------------
TP14004 allocated to 1
----------------------

----------------------
TP14193 allocated to 1
----------------------

----------------------
TP14276 allocated to 3
----------------------

----------------------
TP14502 allocated to 3
----------------------

----------------------
TP15607 allocated to 3
----------------------

----------------------
TP16657 allocated to 3
----------------------

----------------------
TP16829 allocated to 3
----------------------

----------------------
TP17098 allocated to 3
----------------------

----------------------
TP17279 allocated to 3
----------------------

----------------------
TP17280 allocated to 3
----------------------

----------------------
TP17650 allocated to 3
----------------------

----------------------
TP17765 not allocated
----------------------

----------------------
TP18509 not allocated
----------------------

----------------------
TP18668 not allocated
----------------------

----------------------
TP18718 not allocated
----------------------

----------------------
TP18853 not allocated
----------------------

----------------------
TP18960 not allocated
----------------------

----------------------
TP19087 not allocated
----------------------

----------------------
TP19103 not allocated
----------------------

----------------------
TP19753 not allocated
----------------------

----------------------
TP20340 not allocated
----------------------

----------------------
TP20384 not allocated
----------------------

----------------------
TP20509 allocated to 1
----------------------

----------------------
TP20777 not allocated
----------------------

----------------------
TP20887 not allocated
----------------------

----------------------
TP21177 not allocated
----------------------

----------------------
TP21860 not allocated
----------------------

----------------------
TP22146 not allocated
----------------------

----------------------
TP23808 not allocated
----------------------

----------------------
TP23864 not allocated
----------------------

----------------------
TP24128 not allocated
----------------------

----------------------
TP24283 not allocated
----------------------

----------------------
TP24581 not allocated
----------------------

----------------------
TP24599 not allocated
----------------------

----------------------
TP24654 not allocated
----------------------

----------------------
TP24699 not allocated
----------------------

----------------------
TP25173 not allocated
----------------------

----------------------
TP25214 not allocated
----------------------

----------------------
TP25356 not allocated
----------------------

----------------------
TP25474 not allocated
----------------------

----------------------
TP25996 not allocated
----------------------

----------------------
TP26054 not allocated
----------------------

----------------------
TP26197 not allocated
----------------------

----------------------
TP26537 not allocated
----------------------

----------------------
TP26625 not allocated
----------------------

----------------------
TP26838 not allocated
----------------------

----------------------
TP27508 not allocated
----------------------

----------------------
TP27845 not allocated
----------------------

----------------------
TP27991 not allocated
----------------------

----------------------
TP28221 allocated to 2
----------------------

----------------------
TP28395 not allocated
----------------------

----------------------
TP28683 not allocated
----------------------

----------------------
TP29446 not allocated
----------------------

----------------------
TP29514 not allocated
----------------------

----------------------
TP29611 not allocated
----------------------

----------------------
TP29753 not allocated
----------------------

----------------------
TP29846 not allocated
----------------------

----------------------
TP30253 not allocated
----------------------

----------------------
TP30665 not allocated
----------------------

----------------------
TP31510 not allocated
----------------------

----------------------
TP31580 allocated to 1
----------------------

----------------------
TP31814 not allocated
----------------------

----------------------
TP32461 not allocated
----------------------

----------------------
TP32549 not allocated
----------------------

----------------------
TP32856 allocated to 1
----------------------

----------------------
TP32874 not allocated
----------------------

----------------------
TP32922 allocated to 1
----------------------

----------------------
TP33060 allocated to 1
----------------------

----------------------
TP33165 not allocated
----------------------

----------------------
TP33327 not allocated
----------------------

----------------------
TP33761 not allocated
----------------------

----------------------
TP33914 not allocated
----------------------

----------------------
TP33944 not allocated
----------------------

----------------------
TP34000 not allocated
----------------------

----------------------
TP34043 not allocated
----------------------

----------------------
TP34247 not allocated
----------------------

----------------------
TP34530 not allocated
----------------------

----------------------
TP34562 not allocated
----------------------

----------------------
TP34651 not allocated
----------------------

----------------------
TP35279 allocated to 1
----------------------

----------------------
TP35440 not allocated
----------------------

----------------------
TP35471 not allocated
----------------------

----------------------
TP35478 not allocated
----------------------

----------------------
TP35484 not allocated
----------------------

----------------------
TP35512 not allocated
----------------------

----------------------
TP35703 allocated to 1
----------------------

----------------------
TP35784 not allocated
----------------------

----------------------
TP35848 not allocated
----------------------

----------------------
TP35917 not allocated
----------------------

----------------------
TP36023 not allocated
----------------------

----------------------
TP36280 allocated to 1
----------------------

----------------------
TP36842 not allocated
----------------------

----------------------
TP37161 not allocated
----------------------

----------------------
TP37218 not allocated
----------------------

----------------------
TP37428 not allocated
----------------------

----------------------
TP37756 not allocated
----------------------

----------------------
TP38047 not allocated
----------------------

----------------------
TP38287 not allocated
----------------------

----------------------
TP38314 not allocated
----------------------

----------------------
TP38357 not allocated
----------------------

----------------------
TP38921 not allocated
----------------------

----------------------
TP39251 allocated to 1
----------------------

----------------------
TP39862 not allocated
----------------------

----------------------
TP39986 not allocated
----------------------

----------------------
TP40013 not allocated
----------------------

----------------------
TP40283 allocated to 1
----------------------

----------------------
TP40653 not allocated
----------------------

----------------------
TP41119 not allocated
----------------------

----------------------
TP41245 not allocated
----------------------

----------------------
TP41879 not allocated
----------------------

----------------------
TP41934 allocated to 1
----------------------

----------------------
TP42057 not allocated
----------------------

----------------------
TP42221 not allocated
----------------------

----------------------
TP42328 allocated to 1
----------------------

----------------------
TP42371 not allocated
----------------------

----------------------
TP43231 allocated to 1
----------------------

----------------------
TP43526 not allocated
----------------------

----------------------
TP43699 allocated to 1
----------------------

----------------------
TP43820 not allocated
----------------------

----------------------
TP43873 not allocated
----------------------

----------------------
TP43891 not allocated
----------------------

----------------------
TP44006 not allocated
----------------------

----------------------
TP44744 not allocated
----------------------

----------------------
TP44818 not allocated
----------------------

----------------------
TP44878 not allocated
----------------------

----------------------
TP44947 not allocated
----------------------

----------------------
TP45174 not allocated
----------------------

----------------------
TP45810 not allocated
----------------------

----------------------
TP45918 allocated to 1
----------------------

----------------------
TP47033 allocated to 3
----------------------

----------------------
TP47409 not allocated
----------------------

----------------------
TP47465 not allocated
----------------------

----------------------
TP48198 not allocated
----------------------

----------------------
TP48216 allocated to 1
----------------------

----------------------
TP48309 not allocated
----------------------

----------------------
TP48494 not allocated
----------------------

----------------------
TP48537 not allocated
----------------------

----------------------
TP48604 not allocated
----------------------

----------------------
TP48827 allocated to 1
----------------------

----------------------
TP49136 not allocated
----------------------

----------------------
TP49183 not allocated
----------------------

----------------------
TP49190 not allocated
----------------------

----------------------
TP49487 not allocated
----------------------

----------------------
TP49523 not allocated
----------------------

----------------------
TP49616 not allocated
----------------------

-------------------------------------------------------------------------

Ride-sharing vs Individual Mode - Num Vehicles and Distance Comparisson 

-------------------------------------------------------------------------
Individual Mode = 192 vehicles.
Ride-sharing Mode = 118 vehicles. The 3 ride-sharing vehicles + 115 vehicles of the individuals not served by the ride-sharing service.
-------------------------------------------------------------------------
Individual Mode = 470 distance.
Ride-sharing Mode = 605 distance. 300 from the EV fleet + 305 from the distance of the trips not covered individuals had to do with their own vehicle.
-------------------------------------------------------------------------
