-------------------------------------------------------------------------
TPs satisfied = 151; Total TPs = 192; Percentage Satisfied + 78.60000000000001%
-------------------------------------------------------------------------

-------------------------------------------------------------------------

EVs

-------------------------------------------------------------------------
--------------------------------------
EV1
--------------------------------------
Num TPs served = 39
TPs served = 319 417 573 662 983 1844 1869 2723 3106 4362 4493 4818 5284 5296 5944 6187 6235 7652 9784 11361 14004 14193 20509 31580 32856 32922 33060 35279 35703 36280 39251 40283 41934 42328 43231 43699 45918 48216 48827
Total energy used = 100
--------------------------------------
Schedule:
0 418 854 186 854 186 0 0 100 100 0 418 0
418 418 854 186 854 186 0 1 100 100 35279 32 0
418 419 854 186 854 186 1 1 100 100 0 1 0
419 419 854 186 854 186 1 0 100 100 -35279 32 0
419 617 854 186 854 186 0 0 100 100 0 198 0
617 617 854 186 854 186 0 1 100 100 319 32 0
617 618 854 186 854 186 1 1 100 100 0 1 0
618 620 854 186 855 187 1 0 100 98 -319 32 2
620 763 855 187 855 187 0 0 98 98 0 143 0
763 765 855 187 854 186 0 1 98 96 417 32 2
765 767 854 186 855 187 1 0 96 94 -417 32 2
767 1027 855 187 855 187 0 0 94 94 0 260 0
1027 1029 855 187 854 186 0 1 94 92 573 32 2
1029 1031 854 186 854 186 1 1 92 92 0 2 0
1031 1031 854 186 854 186 1 0 92 92 -573 32 0
1031 1183 854 186 854 186 0 0 92 92 0 152 0
1183 1183 854 186 854 186 0 1 92 92 662 32 0
1183 1184 854 186 854 186 1 1 92 92 0 1 0
1184 1185 854 186 855 186 1 0 92 91 -662 32 1
1185 1638 855 186 855 186 0 0 91 91 0 453 0
1638 1639 855 186 854 186 0 1 91 90 35703 32 1
1639 1641 854 186 854 186 1 1 90 90 0 2 0
1641 1641 854 186 854 186 1 0 90 90 -35703 32 0
1641 1727 854 186 854 186 0 0 90 90 0 86 0
1727 1727 854 186 854 186 0 1 90 90 983 32 0
1727 1728 854 186 854 186 1 1 90 90 0 1 0
1728 1731 854 186 857 186 1 0 90 87 -983 32 3
1731 3226 857 186 857 186 0 0 87 87 0 1495 0
3226 3229 857 186 854 186 0 1 87 84 1844 32 3
3229 3235 854 186 859 187 1 0 84 78 -1844 32 6
3235 3298 859 187 859 187 0 0 78 78 0 63 0
3298 3304 859 187 854 186 0 1 78 72 36280 32 6
3304 3304 854 186 854 186 1 2 72 72 1869 10 0
3304 3305 854 186 854 186 2 2 72 72 0 1 0
3305 3308 854 186 857 186 2 1 72 69 -36280 32 3
3308 3321 857 186 862 194 1 0 69 56 -1869 26 13
3321 4825 862 194 862 194 0 0 56 56 0 1504 0
4825 4841 862 194 854 186 0 1 56 40 2723 32 16
4841 4842 854 186 854 186 1 1 40 40 0 1 0
4842 4844 854 186 856 186 1 0 40 38 -2723 32 2
4844 5534 856 186 856 186 0 0 38 38 0 690 0
5534 5536 856 186 854 186 0 1 38 36 3106 32 2
5536 5538 854 186 854 186 1 1 36 36 0 2 0
5538 5539 854 186 854 187 1 0 36 35 -3106 32 1
5539 7847 854 187 854 187 0 0 35 35 0 2308 0
7847 7848 854 187 854 186 0 1 35 34 4362 32 1
7848 7850 854 186 856 186 1 0 34 32 -4362 32 2
7850 8096 856 186 856 186 0 0 32 32 0 246 0
8096 8098 856 186 854 186 0 1 32 30 4493 32 2
8098 8099 854 186 854 186 1 1 30 30 0 1 0
8099 8103 854 186 858 186 1 0 30 26 -4493 32 4
8103 8739 858 186 858 186 0 0 26 26 0 636 0
8739 8743 858 186 854 186 0 1 26 22 4818 32 4
8743 8744 854 186 854 186 1 1 22 22 0 1 0
8744 8744 854 186 854 186 1 0 22 22 -4818 32 0
8744 9468 854 186 854 186 0 0 22 22 0 724 0
9468 9468 854 186 854 186 0 1 22 22 20509 32 0
9468 9471 854 186 854 186 1 1 22 22 0 3 0
9471 9471 854 186 854 186 1 0 22 22 -20509 32 0
9471 9602 854 186 854 186 0 0 22 22 0 131 0
9602 9602 854 186 854 186 0 1 22 22 5284 32 0
9602 9634 854 186 854 186 1 1 22 22 0 32 0
9634 9634 854 186 854 186 1 2 22 22 5296 32 0
9634 9635 854 186 855 186 2 1 22 21 -5296 32 1
9635 9635 855 186 855 186 1 0 21 21 -5284 0 0
9635 10877 855 186 855 186 0 0 21 21 0 1242 0
10877 10878 855 186 854 186 0 1 21 20 5944 32 1
10878 10880 854 186 856 186 1 0 20 18 -5944 32 2
10880 11346 856 186 856 186 0 0 18 18 0 466 0
11346 11348 856 186 854 186 0 1 18 16 6187 32 2
11348 11349 854 186 854 187 1 0 16 15 -6187 32 1
11349 11410 854 187 854 187 0 0 15 15 0 61 0
11410 11411 854 187 854 186 0 1 15 14 39251 32 1
11411 11440 854 186 854 186 1 1 14 14 0 29 0
11440 11440 854 186 854 186 1 2 14 14 6235 32 0
11440 11443 854 186 857 186 2 1 14 11 -39251 3 3
11443 11446 857 186 859 187 1 0 11 8 -6235 32 3
11446 14194 859 187 859 187 0 0 8 8 0 2748 0
14194 14200 859 187 854 186 0 1 8 2 40283 32 6
14200 14205 854 186 854 186 1 1 2 2 0 5 0
14205 14205 854 186 854 186 1 0 2 2 -40283 32 0
14205 14437 854 186 854 186 0 0 2 2 0 232 0
14437 14437 854 186 854 186 0 1 2 2 7652 32 0
14437 14438 854 186 855 186 1 0 2 1 -7652 32 1
14438 17962 855 186 855 186 0 0 1 1 0 3524 0
17962 17963 855 186 854 186 0 1 1 0 41934 32 1
17963 17965 854 186 854 186 1 1 0 0 0 2 0
17965 17965 854 186 854 186 1 0 0 0 -41934 32 0
17965 18768 854 186 854 186 0 0 0 0 0 803 0
18768 18768 854 186 854 186 0 1 0 0 42328 32 0
18768 18769 854 186 854 186 1 1 0 0 0 1 0
18769 18769 854 186 854 186 1 0 0 0 -42328 32 0
18769 19856 854 186 854 186 0 0 0 0 0 1087 0
19856 19856 854 186 854 186 0 1 0 0 9784 32 0
19856 19857 854 186 854 186 1 1 0 0 0 1 0
19857 19857 854 186 854 186 1 0 0 0 -9784 32 0
19857 20662 854 186 854 186 0 0 0 0 0 805 0
20662 20662 854 186 854 186 0 1 0 0 43231 32 0
20662 20665 854 186 854 186 1 1 0 0 0 3 0
20665 20665 854 186 854 186 1 0 0 0 -43231 32 0
20665 21579 854 186 854 186 0 0 0 0 0 914 0
21579 21579 854 186 854 186 0 1 0 0 43699 32 0
21579 21580 854 186 854 186 1 1 0 0 0 1 0
21580 21580 854 186 854 186 1 0 0 0 -43699 32 0
21580 24472 854 186 854 186 0 0 0 0 0 2892 0
24472 24472 854 186 854 186 0 1 0 0 11361 32 0
24472 24473 854 186 854 186 1 1 0 0 0 1 0
24473 24473 854 186 854 186 1 0 0 0 -11361 32 0
24473 25635 854 186 854 186 0 0 0 0 0 1162 0
25635 25635 854 186 854 186 0 1 0 0 45918 32 0
25635 25636 854 186 854 186 1 1 0 0 0 1 0
25636 25636 854 186 854 186 1 0 0 0 -45918 32 0
25636 29628 854 186 854 186 0 0 0 0 0 3992 0
29628 29628 854 186 854 186 0 1 0 0 48216 32 0
29628 29630 854 186 854 186 1 1 0 0 0 2 0
29630 29630 854 186 854 186 1 0 0 0 -48216 32 0
29630 30717 854 186 854 186 0 0 0 0 0 1087 0
30717 30717 854 186 854 186 0 1 0 0 48827 32 0
30717 30718 854 186 854 186 1 1 0 0 0 1 0
30718 30718 854 186 854 186 1 0 0 0 -48827 32 0
30718 33790 854 186 854 186 0 0 0 0 0 3072 0
33790 33790 854 186 854 186 0 1 0 0 31580 32 0
33790 33791 854 186 854 186 1 1 0 0 0 1 0
33791 33791 854 186 854 186 1 0 0 0 -31580 32 0
33791 33992 854 186 854 186 0 0 0 0 0 201 0
33992 33992 854 186 854 186 0 1 0 0 14004 32 0
33992 33993 854 186 854 186 1 1 0 0 0 1 0
33993 33993 854 186 854 186 1 0 0 0 -14004 32 0
33993 34708 854 186 854 186 0 0 0 0 0 715 0
34708 34708 854 186 854 186 0 1 0 0 14193 32 0
34708 34709 854 186 854 186 1 1 0 0 0 1 0
34709 34709 854 186 854 186 1 0 0 0 -14193 32 0
34709 36779 854 186 854 186 0 0 0 0 0 2070 0
36779 36779 854 186 854 186 0 1 0 0 32856 32 0
36779 36780 854 186 854 186 1 1 0 0 0 1 0
36780 36780 854 186 854 186 1 0 0 0 -32856 32 0
36780 36968 854 186 854 186 0 0 0 0 0 188 0
36968 36968 854 186 854 186 0 1 0 0 32922 32 0
36968 36969 854 186 854 186 1 1 0 0 0 1 0
36969 36969 854 186 854 186 1 0 0 0 -32922 32 0
36969 37344 854 186 854 186 0 0 0 0 0 375 0
37344 37344 854 186 854 186 0 1 0 0 33060 32 0
37344 37347 854 186 854 186 1 1 0 0 0 3 0
37347 37347 854 186 854 186 1 0 0 0 -33060 32 0
37347 43267 854 186 854 186 0 0 0 0 0 5920 0
43267 43267 854 186 854 186 0 0 0 0 1000000000 0 0
--------------------------------------
--------------------------------------
EV2
--------------------------------------
Num TPs served = 20
TPs served = 6047 6405 7550 7932 8011 8020 8361 8677 8792 8937 9359 9388 9397 9906 10931 11545 11574 11594 12065 28221
Total energy used = 100
--------------------------------------
Schedule:
0 11077 854 186 854 186 0 0 100 100 0 11077 0
11077 11077 854 186 854 186 0 1 100 100 6047 32 0
11077 11086 854 186 861 188 1 0 100 91 -6047 32 9
11086 11759 861 188 861 188 0 0 91 91 0 673 0
11759 11768 861 188 854 186 0 1 91 82 6405 32 9
11768 11770 854 186 856 186 1 0 82 80 -6405 32 2
11770 14208 856 186 856 186 0 0 80 80 0 2438 0
14208 14210 856 186 854 186 0 1 80 78 7550 32 2
14210 14212 854 186 855 187 1 0 78 76 -7550 32 2
14212 15049 855 187 855 187 0 0 76 76 0 837 0
15049 15051 855 187 854 186 0 1 76 74 7932 32 2
15051 15052 854 186 854 186 1 1 74 74 0 1 0
15052 15055 854 186 857 186 1 0 74 71 -7932 32 3
15055 15243 857 186 857 186 0 0 71 71 0 188 0
15243 15246 857 186 854 186 0 1 71 68 8020 32 3
15246 15246 854 186 854 186 1 2 68 68 8011 8 0
15246 15250 854 186 855 189 2 1 68 64 -8020 32 4
15250 15254 855 189 856 186 1 0 64 60 -8011 9 4
15254 16066 856 186 856 186 0 0 60 60 0 812 0
16066 16068 856 186 854 186 0 1 60 58 8361 32 2
16068 16069 854 186 855 186 1 0 58 57 -8361 32 1
16069 16814 855 186 855 186 0 0 57 57 0 745 0
16814 16815 855 186 854 186 0 1 57 56 8677 32 1
16815 16820 854 186 854 186 1 1 56 56 0 5 0
16820 16826 854 186 856 190 1 0 56 50 -8677 32 6
16826 17113 856 190 856 190 0 0 50 50 0 287 0
17113 17119 856 190 854 186 0 1 50 44 8792 32 6
17119 17122 854 186 854 186 1 1 44 44 0 3 0
17122 17123 854 186 855 186 1 0 44 43 -8792 32 1
17123 17489 855 186 855 186 0 0 43 43 0 366 0
17489 17490 855 186 854 186 0 1 43 42 8937 32 1
17490 17492 854 186 854 188 1 0 42 40 -8937 32 2
17492 18641 854 188 854 188 0 0 40 40 0 1149 0
18641 18643 854 188 854 186 0 1 40 38 9359 32 2
18643 18646 854 186 855 188 1 0 38 35 -9359 32 3
18646 18751 855 188 855 188 0 0 35 35 0 105 0
18751 18754 855 188 854 186 0 1 35 32 9397 32 3
18754 18754 854 186 854 186 1 2 32 32 9388 6 0
18754 18756 854 186 854 186 2 2 32 32 0 2 0
18756 18758 854 186 856 186 2 1 32 30 -9397 32 2
18758 18759 856 186 855 186 1 0 30 29 -9388 4 1
18759 20129 855 186 855 186 0 0 29 29 0 1370 0
20129 20130 855 186 854 186 0 1 29 28 9906 32 1
20130 20132 854 186 854 186 1 1 28 28 0 2 0
20132 20133 854 186 854 187 1 0 28 27 -9906 32 1
20133 23150 854 187 854 187 0 0 27 27 0 3017 0
23150 23151 854 187 854 186 0 1 27 26 10931 32 1
23151 23153 854 186 854 186 1 1 26 26 0 2 0
23153 23158 854 186 858 187 1 0 26 21 -10931 32 5
23158 25126 858 187 858 187 0 0 21 21 0 1968 0
25126 25131 858 187 854 186 0 1 21 16 11545 32 5
25131 25134 854 186 854 186 1 1 16 16 0 3 0
25134 25137 854 186 857 186 1 0 16 13 -11545 32 3
25137 25277 857 186 857 186 0 0 13 13 0 140 0
25277 25280 857 186 854 186 0 1 13 10 11574 32 3
25280 25281 854 186 855 186 1 0 10 9 -11574 32 1
25281 25331 855 186 855 186 0 0 9 9 0 50 0
25331 25332 855 186 854 186 0 1 9 8 11594 32 1
25332 25333 854 186 855 186 1 0 8 7 -11594 32 1
25333 26945 855 186 855 186 0 0 7 7 0 1612 0
26945 26946 855 186 854 186 0 1 7 6 28221 32 1
26946 26953 854 186 854 186 1 1 6 6 0 7 0
26953 26953 854 186 854 186 1 2 6 6 12065 32 0
26953 26956 854 186 857 186 2 1 6 3 -28221 26 3
26956 26956 857 186 857 186 1 0 3 3 -12065 32 0
26956 43264 857 186 857 186 0 0 3 3 0 16308 0
43264 43267 857 186 854 186 0 0 3 0 1000000000 0 3
--------------------------------------
--------------------------------------
EV3
--------------------------------------
Num TPs served = 18
TPs served = 12265 12341 12791 12940 12943 13416 13438 13736 14276 14502 15607 16657 16829 17098 17279 17280 17650 47033
Total energy used = 100
--------------------------------------
Schedule:
0 731 854 186 854 186 0 0 100 100 0 731 0
731 731 854 186 854 186 0 1 100 100 17650 32 0
731 733 854 186 855 187 1 0 100 98 -17650 32 2
733 27605 855 187 855 187 0 0 98 98 0 26872 0
27605 27607 855 187 854 186 0 1 98 96 47033 32 2
27607 27638 854 186 854 186 1 1 96 96 0 31 0
27638 27638 854 186 854 186 1 2 96 96 12265 32 0
27638 27640 854 186 856 186 2 1 96 94 -47033 1 2
27640 27646 856 186 856 186 1 1 94 94 0 6 0
27646 27656 856 186 857 195 1 0 94 84 -12265 32 10
27656 27872 857 195 857 195 0 0 84 84 0 216 0
27872 27884 857 195 854 186 0 1 84 72 12341 32 12
27884 27890 854 186 854 192 1 0 72 66 -12341 32 6
27890 29513 854 192 854 192 0 0 66 66 0 1623 0
29513 29519 854 192 854 186 0 1 66 60 12791 32 6
29519 29528 854 186 863 186 1 0 60 51 -12791 32 9
29528 30077 863 186 863 186 0 0 51 51 0 549 0
30077 30086 863 186 854 186 0 1 51 42 12943 32 9
30086 30086 854 186 854 186 1 2 42 42 12940 21 0
30086 30087 854 186 854 187 2 1 42 41 -12943 32 1
30087 30090 854 187 856 186 1 0 41 38 -12940 19 3
30090 31771 856 186 856 186 0 0 38 38 0 1681 0
31771 31773 856 186 854 186 0 1 38 36 13416 32 2
31773 31775 854 186 856 186 1 0 36 34 -13416 32 2
31775 31869 856 186 856 186 0 0 34 34 0 94 0
31869 31871 856 186 854 186 0 1 34 32 13438 32 2
31871 31872 854 186 855 186 1 0 32 31 -13438 32 1
31872 32971 855 186 855 186 0 0 31 31 0 1099 0
32971 32972 855 186 854 186 0 1 31 30 13736 32 1
32972 32974 854 186 854 186 1 1 30 30 0 2 0
32974 32976 854 186 856 186 1 0 30 28 -13736 32 2
32976 34992 856 186 856 186 0 0 28 28 0 2016 0
34992 34994 856 186 854 186 0 1 28 26 14276 32 2
34994 34997 854 186 856 187 1 0 26 23 -14276 32 3
34997 35856 856 187 856 187 0 0 23 23 0 859 0
35856 35859 856 187 854 186 0 1 23 20 14502 32 3
35859 35861 854 186 855 187 1 0 20 18 -14502 32 2
35861 40024 855 187 855 187 0 0 18 18 0 4163 0
40024 40026 855 187 854 186 0 1 18 16 15607 32 2
40026 40028 854 186 855 187 1 0 16 14 -15607 32 2
40028 41882 855 187 855 187 0 0 14 14 0 1854 0
41882 41884 855 187 854 186 0 1 14 12 16657 32 2
41884 41886 854 186 854 186 1 1 12 12 0 2 0
41886 41887 854 186 854 187 1 0 12 11 -16657 32 1
41887 42182 854 187 854 187 0 0 11 11 0 295 0
42182 42183 854 187 854 186 0 1 11 10 16829 32 1
42183 42185 854 186 854 188 1 0 10 8 -16829 32 2
42185 42686 854 188 854 188 0 0 8 8 0 501 0
42686 42688 854 188 854 186 0 1 8 6 17098 32 2
42688 42689 854 186 854 186 1 1 6 6 0 1 0
42689 42691 854 186 855 187 1 0 6 4 -17098 32 2
42691 42971 855 187 855 187 0 0 4 4 0 280 0
42971 42973 855 187 854 186 0 1 4 2 17280 32 2
42973 42973 854 186 854 186 1 2 2 2 17279 30 0
42973 42974 854 186 854 186 2 2 2 2 0 1 0
42974 42975 854 186 855 186 2 1 2 1 -17280 32 1
42975 42975 855 186 855 186 1 0 1 1 -17279 29 0
42975 43266 855 186 855 186 0 0 1 1 0 291 0
43266 43267 855 186 854 186 0 0 1 0 1000000000 0 1
--------------------------------------
--------------------------------------
EV4
--------------------------------------
Num TPs served = 19
TPs served = 17765 18509 18668 18718 18853 18960 19087 19103 19753 20340 20384 20777 20887 21177 21860 22146 23864 24599 38314
Total energy used = 100
--------------------------------------
Schedule:
0 1067 854 186 854 186 0 0 100 100 0 1067 0
1067 1067 854 186 854 186 0 1 100 100 17765 32 0
1067 1068 854 186 855 186 1 0 100 99 -17765 32 1
1068 3426 855 186 855 186 0 0 99 99 0 2358 0
3426 3427 855 186 854 186 0 1 99 98 18509 32 1
3427 3428 854 186 854 187 1 0 98 97 -18509 32 1
3428 3913 854 187 854 187 0 0 97 97 0 485 0
3913 3914 854 187 854 186 0 1 97 96 18668 32 1
3914 3916 854 186 855 187 1 0 96 94 -18668 32 2
3916 4089 855 187 855 187 0 0 94 94 0 173 0
4089 4091 855 187 854 186 0 1 94 92 18718 32 2
4091 4092 854 186 854 187 1 0 92 91 -18718 32 1
4092 4525 854 187 854 187 0 0 91 91 0 433 0
4525 4526 854 187 854 186 0 1 91 90 18853 32 1
4526 4528 854 186 856 186 1 0 90 88 -18853 32 2
4528 4868 856 186 856 186 0 0 88 88 0 340 0
4868 4870 856 186 854 186 0 1 88 86 18960 32 2
4870 4874 854 186 854 186 1 1 86 86 0 4 0
4874 4883 854 186 862 187 1 0 86 77 -18960 32 9
4883 5247 862 187 862 187 0 0 77 77 0 364 0
5247 5256 862 187 854 186 0 1 77 68 19087 32 9
5256 5259 854 186 857 186 1 0 68 65 -19087 32 3
5259 5309 857 186 857 186 0 0 65 65 0 50 0
5309 5312 857 186 854 186 0 1 65 62 19103 32 3
5312 5314 854 186 854 186 1 1 62 62 0 2 0
5314 5316 854 186 856 186 1 0 62 60 -19103 32 2
5316 7278 856 186 856 186 0 0 60 60 0 1962 0
7278 7280 856 186 854 186 0 1 60 58 19753 32 2
7280 7281 854 186 855 186 1 0 58 57 -19753 32 1
7281 9004 855 186 855 186 0 0 57 57 0 1723 0
9004 9005 855 186 854 186 0 1 57 56 20340 32 1
9005 9007 854 186 855 187 1 0 56 54 -20340 32 2
9007 9140 855 187 855 187 0 0 54 54 0 133 0
9140 9142 855 187 854 186 0 1 54 52 38314 32 2
9142 9142 854 186 854 186 1 2 52 52 20384 21 0
9142 9143 854 186 854 186 2 2 52 52 0 1 0
9143 9145 854 186 856 186 2 1 52 50 -38314 32 2
9145 9145 856 186 856 186 1 0 50 50 -20384 20 0
9145 10168 856 186 856 186 0 0 50 50 0 1023 0
10168 10170 856 186 854 186 0 1 50 48 20777 32 2
10170 10172 854 186 854 186 1 1 48 48 0 2 0
10172 10174 854 186 854 188 1 0 48 46 -20777 32 2
10174 10473 854 188 854 188 0 0 46 46 0 299 0
10473 10475 854 188 854 186 0 1 46 44 20887 32 2
10475 10476 854 186 854 187 1 0 44 43 -20887 32 1
10476 11246 854 187 854 187 0 0 43 43 0 770 0
11246 11247 854 187 854 186 0 1 43 42 21177 32 1
11247 11248 854 186 854 186 1 1 42 42 0 1 0
11248 11261 854 186 867 186 1 0 42 29 -21177 32 13
11261 13063 867 186 867 186 0 0 29 29 0 1802 0
13063 13076 867 186 854 186 0 1 29 16 21860 32 13
13076 13080 854 186 856 188 1 0 16 12 -21860 32 4
13080 13833 856 188 856 188 0 0 12 12 0 753 0
13833 13837 856 188 854 186 0 1 12 8 22146 32 4
13837 13838 854 186 854 186 1 1 8 8 0 1 0
13838 13840 854 186 856 186 1 0 8 6 -22146 32 2
13840 17976 856 186 856 186 0 0 6 6 0 4136 0
17976 17978 856 186 854 186 0 1 6 4 23864 32 2
17978 17979 854 186 854 186 1 1 4 4 0 1 0
17979 17980 854 186 855 186 1 0 4 3 -23864 32 1
17980 19614 855 186 855 186 0 0 3 3 0 1634 0
19614 19615 855 186 854 186 0 1 3 2 24599 32 1
19615 19616 854 186 855 186 1 0 2 1 -24599 32 1
19616 43266 855 186 855 186 0 0 1 1 0 23650 0
43266 43267 855 186 854 186 0 0 1 0 1000000000 0 1
--------------------------------------
--------------------------------------
EV5
--------------------------------------
Num TPs served = 14
TPs served = 23808 24128 24283 24581 24654 24699 25173 25214 25356 25474 25996 26054 42221 42371
Total energy used = 100
--------------------------------------
Schedule:
0 17863 854 186 854 186 0 0 100 100 0 17863 0
17863 17863 854 186 854 186 0 1 100 100 23808 32 0
17863 17866 854 186 857 186 1 0 100 97 -23808 32 3
17866 18569 857 186 857 186 0 0 97 97 0 703 0
18569 18572 857 186 854 186 0 1 97 94 42221 32 3
18572 18572 854 186 854 186 1 2 94 94 24128 16 0
18572 18574 854 186 856 186 2 1 94 92 -42221 32 2
18574 18591 856 186 861 198 1 0 92 75 -24128 16 17
18591 18856 861 198 861 198 0 0 75 75 0 265 0
18856 18875 861 198 854 186 0 1 75 56 42371 32 19
18875 18902 854 186 854 186 1 1 56 56 0 27 0
18902 18902 854 186 854 186 1 2 56 56 24283 32 0
18902 18903 854 186 855 186 2 1 56 55 -42371 5 1
18903 18904 855 186 855 186 1 1 55 55 0 1 0
18904 18906 855 186 856 187 1 0 55 53 -24283 32 2
18906 19576 856 187 856 187 0 0 53 53 0 670 0
19576 19579 856 187 854 186 0 1 53 50 24581 32 3
19579 19581 854 186 856 186 1 0 50 48 -24581 32 2
19581 19723 856 186 856 186 0 0 48 48 0 142 0
19723 19725 856 186 854 186 0 1 48 46 24654 32 2
19725 19726 854 186 854 186 1 1 46 46 0 1 0
19726 19733 854 186 861 186 1 0 46 39 -24654 32 7
19733 19811 861 186 861 186 0 0 39 39 0 78 0
19811 19818 861 186 854 186 0 1 39 32 24699 32 7
19818 19820 854 186 854 186 1 1 32 32 0 2 0
19820 19822 854 186 855 187 1 0 32 30 -24699 32 2
19822 20881 855 187 855 187 0 0 30 30 0 1059 0
20881 20883 855 187 854 186 0 1 30 28 25173 32 2
20883 20884 854 186 854 186 1 1 28 28 0 1 0
20884 20886 854 186 854 188 1 0 28 26 -25173 32 2
20886 20969 854 188 854 188 0 0 26 26 0 83 0
20969 20971 854 188 854 186 0 1 26 24 25214 32 2
20971 20972 854 186 854 186 1 1 24 24 0 1 0
20972 20975 854 186 857 186 1 0 24 21 -25214 32 3
20975 21285 857 186 857 186 0 0 21 21 0 310 0
21285 21288 857 186 854 186 0 1 21 18 25356 32 3
21288 21290 854 186 856 186 1 0 18 16 -25356 32 2
21290 21537 856 186 856 186 0 0 16 16 0 247 0
21537 21539 856 186 854 186 0 1 16 14 25474 32 2
21539 21541 854 186 856 186 1 0 14 12 -25474 32 2
21541 22644 856 186 856 186 0 0 12 12 0 1103 0
22644 22646 856 186 854 186 0 1 12 10 25996 32 2
22646 22649 854 186 856 187 1 0 10 7 -25996 32 3
22649 22760 856 187 856 187 0 0 7 7 0 111 0
22760 22763 856 187 854 186 0 1 7 4 26054 32 3
22763 22765 854 186 856 186 1 0 4 2 -26054 32 2
22765 43265 856 186 856 186 0 0 2 2 0 20500 0
43265 43267 856 186 854 186 0 0 2 0 1000000000 0 2
--------------------------------------
--------------------------------------
EV6
--------------------------------------
Num TPs served = 19
TPs served = 26197 26537 26625 26838 27508 27845 27991 28395 28683 29446 29514 29611 29753 29846 30253 30665 31814 44947 45174
Total energy used = 100
--------------------------------------
Schedule:
0 23060 854 186 854 186 0 0 100 100 0 23060 0
23060 23060 854 186 854 186 0 1 100 100 26197 32 0
23060 23061 854 186 854 187 1 0 100 99 -26197 32 1
23061 23712 854 187 854 187 0 0 99 99 0 651 0
23712 23713 854 187 854 186 0 1 99 98 26537 32 1
23713 23715 854 186 854 188 1 0 98 96 -26537 32 2
23715 23932 854 188 854 188 0 0 96 96 0 217 0
23932 23934 854 188 854 186 0 1 96 94 44947 32 2
23934 23934 854 186 854 186 1 2 94 94 26625 3 0
23934 23936 854 186 856 186 2 1 94 92 -44947 32 2
23936 23936 856 186 856 186 1 0 92 92 -26625 5 0
23936 24324 856 186 856 186 0 0 92 92 0 388 0
24324 24326 856 186 854 186 0 1 92 90 45174 32 2
24326 24326 854 186 854 186 1 2 90 90 26838 28 0
24326 24327 854 186 854 187 2 1 90 89 -45174 32 1
24327 24329 854 187 856 187 1 0 89 87 -26838 29 2
24329 25580 856 187 856 187 0 0 87 87 0 1251 0
25580 25583 856 187 854 186 0 1 87 84 27508 32 3
25583 25585 854 186 856 186 1 0 84 82 -27508 32 2
25585 26209 856 186 856 186 0 0 82 82 0 624 0
26209 26211 856 186 854 186 0 1 82 80 27845 32 2
26211 26214 854 186 854 186 1 1 80 80 0 3 0
26214 26215 854 186 854 187 1 0 80 79 -27845 32 1
26215 26498 854 187 854 187 0 0 79 79 0 283 0
26498 26499 854 187 854 186 0 1 79 78 27991 32 1
26499 26500 854 186 854 187 1 0 78 77 -27991 32 1
26500 27290 854 187 854 187 0 0 77 77 0 790 0
27290 27291 854 187 854 186 0 1 77 76 28395 32 1
27291 27293 854 186 854 186 1 1 76 76 0 2 0
27293 27294 854 186 854 187 1 0 76 75 -28395 32 1
27294 27838 854 187 854 187 0 0 75 75 0 544 0
27838 27839 854 187 854 186 0 1 75 74 28683 32 1
27839 27841 854 186 856 186 1 0 74 72 -28683 32 2
27841 29407 856 186 856 186 0 0 72 72 0 1566 0
29407 29409 856 186 854 186 0 1 72 70 29446 32 2
29409 29414 854 186 858 187 1 0 70 65 -29446 32 5
29414 29547 858 187 858 187 0 0 65 65 0 133 0
29547 29552 858 187 854 186 0 1 65 60 29514 32 5
29552 29553 854 186 855 186 1 0 60 59 -29514 32 1
29553 29714 855 186 855 186 0 0 59 59 0 161 0
29714 29715 855 186 854 186 0 1 59 58 29611 32 1
29715 29720 854 186 859 186 1 0 58 53 -29611 32 5
29720 29987 859 186 859 186 0 0 53 53 0 267 0
29987 29992 859 186 854 186 0 1 53 48 29753 32 5
29992 29993 854 186 855 186 1 0 48 47 -29753 32 1
29993 30182 855 186 855 186 0 0 47 47 0 189 0
30182 30183 855 186 854 186 0 1 47 46 29846 32 1
30183 30184 854 186 854 186 1 1 46 46 0 1 0
30184 30186 854 186 854 188 1 0 46 44 -29846 32 2
30186 30964 854 188 854 188 0 0 44 44 0 778 0
30964 30966 854 188 854 186 0 1 44 42 30253 32 2
30966 30975 854 186 859 190 1 0 42 33 -30253 32 9
30975 31769 859 190 859 190 0 0 33 33 0 794 0
31769 31778 859 190 854 186 0 1 33 24 30665 32 9
31778 31780 854 186 854 186 1 1 24 24 0 2 0
31780 31787 854 186 857 190 1 0 24 17 -30665 32 7
31787 34298 857 190 857 190 0 0 17 17 0 2511 0
34298 34305 857 190 854 186 0 1 17 10 31814 32 7
34305 34308 854 186 854 186 1 1 10 10 0 3 0
34308 34313 854 186 859 186 1 0 10 5 -31814 32 5
34313 43262 859 186 859 186 0 0 5 5 0 8949 0
43262 43267 859 186 854 186 0 0 5 0 1000000000 0 5
--------------------------------------
--------------------------------------
EV7
--------------------------------------
Num TPs served = 22
TPs served = 31510 32461 32549 32874 33165 33327 33761 33914 33944 34000 34043 34247 34530 34562 34651 35440 35471 35478 35484 35512 35848 35917
Total energy used = 100
--------------------------------------
Schedule:
0 871 854 186 854 186 0 0 100 100 0 871 0
871 871 854 186 854 186 0 1 100 100 35440 32 0
871 872 854 186 854 186 1 1 100 100 0 1 0
872 875 854 186 856 187 1 0 100 97 -35440 32 3
875 962 856 187 856 187 0 0 97 97 0 87 0
962 965 856 187 854 186 0 1 97 94 35478 32 3
965 965 854 186 854 186 1 2 94 94 35471 15 0
965 967 854 186 856 186 2 1 94 92 -35478 32 2
967 969 856 186 855 187 1 0 92 90 -35471 13 2
969 998 855 187 855 187 0 0 90 90 0 29 0
998 1000 855 187 854 186 0 1 90 88 35484 32 2
1000 1004 854 186 858 186 1 0 88 84 -35484 32 4
1004 1095 858 186 858 186 0 0 84 84 0 91 0
1095 1099 858 186 854 186 0 1 84 80 35512 32 4
1099 1104 854 186 859 186 1 0 80 75 -35512 32 5
1104 2011 859 186 859 186 0 0 75 75 0 907 0
2011 2016 859 186 854 186 0 1 75 70 35848 32 5
2016 2017 854 186 854 186 1 1 70 70 0 1 0
2017 2019 854 186 856 186 1 0 70 68 -35848 32 2
2019 2253 856 186 856 186 0 0 68 68 0 234 0
2253 2255 856 186 854 186 0 1 68 66 35917 32 2
2255 2256 854 186 854 186 1 1 66 66 0 1 0
2256 2257 854 186 855 186 1 0 66 65 -35917 32 1
2257 33633 855 186 855 186 0 0 65 65 0 31376 0
33633 33634 855 186 854 186 0 1 65 64 31510 32 1
33634 33635 854 186 854 186 1 1 64 64 0 1 0
33635 33642 854 186 855 192 1 0 64 57 -31510 32 7
33642 35820 855 192 855 192 0 0 57 57 0 2178 0
35820 35827 855 192 854 186 0 1 57 50 32461 32 7
35827 35829 854 186 856 186 1 0 50 48 -32461 32 2
35829 36029 856 186 856 186 0 0 48 48 0 200 0
36029 36031 856 186 854 186 0 1 48 46 32549 32 2
36031 36032 854 186 855 186 1 0 46 45 -32549 32 1
36032 36826 855 186 855 186 0 0 45 45 0 794 0
36826 36827 855 186 854 186 0 1 45 44 32874 32 1
36827 36831 854 186 854 186 1 1 44 44 0 4 0
36831 36836 854 186 854 191 1 0 44 39 -32874 32 5
36836 37594 854 191 854 191 0 0 39 39 0 758 0
37594 37599 854 191 854 186 0 1 39 34 33165 32 5
37599 37602 854 186 857 186 1 0 34 31 -33165 32 3
37602 37997 857 186 857 186 0 0 31 31 0 395 0
37997 38000 857 186 854 186 0 1 31 28 33327 32 3
38000 38003 854 186 854 186 1 1 28 28 0 3 0
38003 38004 854 186 854 187 1 0 28 27 -33327 32 1
38004 39157 854 187 854 187 0 0 27 27 0 1153 0
39157 39158 854 187 854 186 0 1 27 26 33761 32 1
39158 39159 854 186 854 186 1 1 26 26 0 1 0
39159 39160 854 186 855 186 1 0 26 25 -33761 32 1
39160 39538 855 186 855 186 0 0 25 25 0 378 0
39538 39539 855 186 854 186 0 1 25 24 33914 32 1
39539 39540 854 186 854 186 1 1 24 24 0 1 0
39540 39541 854 186 855 186 1 0 24 23 -33914 32 1
39541 39612 855 186 855 186 0 0 23 23 0 71 0
39612 39613 855 186 854 186 0 1 23 22 33944 32 1
39613 39616 854 186 857 186 1 0 22 19 -33944 32 3
39616 39774 857 186 857 186 0 0 19 19 0 158 0
39774 39777 857 186 854 186 0 1 19 16 34000 32 3
39777 39778 854 186 855 186 1 0 16 15 -34000 32 1
39778 39888 855 186 855 186 0 0 15 15 0 110 0
39888 39889 855 186 854 186 0 1 15 14 34043 32 1
39889 39890 854 186 855 186 1 0 14 13 -34043 32 1
39890 40463 855 186 855 186 0 0 13 13 0 573 0
40463 40464 855 186 854 186 0 1 13 12 34247 32 1
40464 40465 854 186 854 187 1 0 12 11 -34247 32 1
40465 41332 854 187 854 187 0 0 11 11 0 867 0
41332 41333 854 187 854 186 0 1 11 10 34530 32 1
41333 41335 854 186 855 187 1 0 10 8 -34530 32 2
41335 41419 855 187 855 187 0 0 8 8 0 84 0
41419 41421 855 187 854 186 0 1 8 6 34562 32 2
41421 41423 854 186 856 186 1 0 6 4 -34562 32 2
41423 41675 856 186 856 186 0 0 4 4 0 252 0
41675 41677 856 186 854 186 0 1 4 2 34651 32 2
41677 41678 854 186 854 186 1 1 2 2 0 1 0
41678 41679 854 186 855 186 1 0 2 1 -34651 32 1
41679 43266 855 186 855 186 0 0 1 1 0 1587 0
43266 43267 855 186 854 186 0 0 1 0 1000000000 0 1
--------------------------------------

-------------------------------------------------------------------------

TPs

-------------------------------------------------------------------------

----------------------
TP319 allocated to 1
----------------------

----------------------
TP417 allocated to 1
----------------------

----------------------
TP573 allocated to 1
----------------------

----------------------
TP662 allocated to 1
----------------------

----------------------
TP983 allocated to 1
----------------------

----------------------
TP1844 allocated to 1
----------------------

----------------------
TP1869 allocated to 1
----------------------

----------------------
TP2723 allocated to 1
----------------------

----------------------
TP3106 allocated to 1
----------------------

----------------------
TP4362 allocated to 1
----------------------

----------------------
TP4493 allocated to 1
----------------------

----------------------
TP4818 allocated to 1
----------------------

----------------------
TP5284 allocated to 1
----------------------

----------------------
TP5296 allocated to 1
----------------------

----------------------
TP5944 allocated to 1
----------------------

----------------------
TP6047 allocated to 2
----------------------

----------------------
TP6187 allocated to 1
----------------------

----------------------
TP6235 allocated to 1
----------------------

----------------------
TP6405 allocated to 2
----------------------

----------------------
TP7550 allocated to 2
----------------------

----------------------
TP7652 allocated to 1
----------------------

----------------------
TP7932 allocated to 2
----------------------

----------------------
TP8011 allocated to 2
----------------------

----------------------
TP8020 allocated to 2
----------------------

----------------------
TP8361 allocated to 2
----------------------

----------------------
TP8677 allocated to 2
----------------------

----------------------
TP8792 allocated to 2
----------------------

----------------------
TP8937 allocated to 2
----------------------

----------------------
TP9359 allocated to 2
----------------------

----------------------
TP9388 allocated to 2
----------------------

----------------------
TP9397 allocated to 2
----------------------

----------------------
TP9784 allocated to 1
----------------------

----------------------
TP9906 allocated to 2
----------------------

----------------------
TP10931 allocated to 2
----------------------

----------------------
TP11361 allocated to 1
----------------------

----------------------
TP11545 allocated to 2
----------------------

----------------------
TP11574 allocated to 2
----------------------

----------------------
TP11594 allocated to 2
----------------------

----------------------
TP12065 allocated to 2
----------------------

----------------------
TP12265 allocated to 3
----------------------

----------------------
TP12341 allocated to 3
----------------------

----------------------
TP12791 allocated to 3
----------------------

----------------------
TP12940 allocated to 3
----------------------

----------------------
TP12943 allocated to 3
----------------------

----------------------
TP13416 allocated to 3
----------------------

----------------------
TP13438 allocated to 3
----------------------

----------------------
TP13736 allocated to 3
----------------------

----------------------
TP14004 allocated to 1
----------------------

----------------------
TP14193 allocated to 1
----------------------

----------------------
TP14276 allocated to 3
----------------------

----------------------
TP14502 allocated to 3
----------------------

----------------------
TP15607 allocated to 3
----------------------

----------------------
TP16657 allocated to 3
----------------------

----------------------
TP16829 allocated to 3
----------------------

----------------------
TP17098 allocated to 3
----------------------

----------------------
TP17279 allocated to 3
----------------------

----------------------
TP17280 allocated to 3
----------------------

----------------------
TP17650 allocated to 3
----------------------

----------------------
TP17765 allocated to 4
----------------------

----------------------
TP18509 allocated to 4
----------------------

----------------------
TP18668 allocated to 4
----------------------

----------------------
TP18718 allocated to 4
----------------------

----------------------
TP18853 allocated to 4
----------------------

----------------------
TP18960 allocated to 4
----------------------

----------------------
TP19087 allocated to 4
----------------------

----------------------
TP19103 allocated to 4
----------------------

----------------------
TP19753 allocated to 4
----------------------

----------------------
TP20340 allocated to 4
----------------------

----------------------
TP20384 allocated to 4
----------------------

----------------------
TP20509 allocated to 1
----------------------

----------------------
TP20777 allocated to 4
----------------------

----------------------
TP20887 allocated to 4
----------------------

----------------------
TP21177 allocated to 4
----------------------

----------------------
TP21860 allocated to 4
----------------------

----------------------
TP22146 allocated to 4
----------------------

----------------------
TP23808 allocated to 5
----------------------

----------------------
TP23864 allocated to 4
----------------------

----------------------
TP24128 allocated to 5
----------------------

----------------------
TP24283 allocated to 5
----------------------

----------------------
TP24581 allocated to 5
----------------------

----------------------
TP24599 allocated to 4
----------------------

----------------------
TP24654 allocated to 5
----------------------

----------------------
TP24699 allocated to 5
----------------------

----------------------
TP25173 allocated to 5
----------------------

----------------------
TP25214 allocated to 5
----------------------

----------------------
TP25356 allocated to 5
----------------------

----------------------
TP25474 allocated to 5
----------------------

----------------------
TP25996 allocated to 5
----------------------

----------------------
TP26054 allocated to 5
----------------------

----------------------
TP26197 allocated to 6
----------------------

----------------------
TP26537 allocated to 6
----------------------

----------------------
TP26625 allocated to 6
----------------------

----------------------
TP26838 allocated to 6
----------------------

----------------------
TP27508 allocated to 6
----------------------

----------------------
TP27845 allocated to 6
----------------------

----------------------
TP27991 allocated to 6
----------------------

----------------------
TP28221 allocated to 2
----------------------

----------------------
TP28395 allocated to 6
----------------------

----------------------
TP28683 allocated to 6
----------------------

----------------------
TP29446 allocated to 6
----------------------

----------------------
TP29514 allocated to 6
----------------------

----------------------
TP29611 allocated to 6
----------------------

----------------------
TP29753 allocated to 6
----------------------

----------------------
TP29846 allocated to 6
----------------------

----------------------
TP30253 allocated to 6
----------------------

----------------------
TP30665 allocated to 6
----------------------

----------------------
TP31510 allocated to 7
----------------------

----------------------
TP31580 allocated to 1
----------------------

----------------------
TP31814 allocated to 6
----------------------

----------------------
TP32461 allocated to 7
----------------------

----------------------
TP32549 allocated to 7
----------------------

----------------------
TP32856 allocated to 1
----------------------

----------------------
TP32874 allocated to 7
----------------------

----------------------
TP32922 allocated to 1
----------------------

----------------------
TP33060 allocated to 1
----------------------

----------------------
TP33165 allocated to 7
----------------------

----------------------
TP33327 allocated to 7
----------------------

----------------------
TP33761 allocated to 7
----------------------

----------------------
TP33914 allocated to 7
----------------------

----------------------
TP33944 allocated to 7
----------------------

----------------------
TP34000 allocated to 7
----------------------

----------------------
TP34043 allocated to 7
----------------------

----------------------
TP34247 allocated to 7
----------------------

----------------------
TP34530 allocated to 7
----------------------

----------------------
TP34562 allocated to 7
----------------------

----------------------
TP34651 allocated to 7
----------------------

----------------------
TP35279 allocated to 1
----------------------

----------------------
TP35440 allocated to 7
----------------------

----------------------
TP35471 allocated to 7
----------------------

----------------------
TP35478 allocated to 7
----------------------

----------------------
TP35484 allocated to 7
----------------------

----------------------
TP35512 allocated to 7
----------------------

----------------------
TP35703 allocated to 1
----------------------

----------------------
TP35784 not allocated
----------------------

----------------------
TP35848 allocated to 7
----------------------

----------------------
TP35917 allocated to 7
----------------------

----------------------
TP36023 not allocated
----------------------

----------------------
TP36280 allocated to 1
----------------------

----------------------
TP36842 not allocated
----------------------

----------------------
TP37161 not allocated
----------------------

----------------------
TP37218 not allocated
----------------------

----------------------
TP37428 not allocated
----------------------

----------------------
TP37756 not allocated
----------------------

----------------------
TP38047 not allocated
----------------------

----------------------
TP38287 not allocated
----------------------

----------------------
TP38314 allocated to 4
----------------------

----------------------
TP38357 not allocated
----------------------

----------------------
TP38921 not allocated
----------------------

----------------------
TP39251 allocated to 1
----------------------

----------------------
TP39862 not allocated
----------------------

----------------------
TP39986 not allocated
----------------------

----------------------
TP40013 not allocated
----------------------

----------------------
TP40283 allocated to 1
----------------------

----------------------
TP40653 not allocated
----------------------

----------------------
TP41119 not allocated
----------------------

----------------------
TP41245 not allocated
----------------------

----------------------
TP41879 not allocated
----------------------

----------------------
TP41934 allocated to 1
----------------------

----------------------
TP42057 not allocated
----------------------

----------------------
TP42221 allocated to 5
----------------------

----------------------
TP42328 allocated to 1
----------------------

----------------------
TP42371 allocated to 5
----------------------

----------------------
TP43231 allocated to 1
----------------------

----------------------
TP43526 not allocated
----------------------

----------------------
TP43699 allocated to 1
----------------------

----------------------
TP43820 not allocated
----------------------

----------------------
TP43873 not allocated
----------------------

----------------------
TP43891 not allocated
----------------------

----------------------
TP44006 not allocated
----------------------

----------------------
TP44744 not allocated
----------------------

----------------------
TP44818 not allocated
----------------------

----------------------
TP44878 not allocated
----------------------

----------------------
TP44947 allocated to 6
----------------------

----------------------
TP45174 allocated to 6
----------------------

----------------------
TP45810 not allocated
----------------------

----------------------
TP45918 allocated to 1
----------------------

----------------------
TP47033 allocated to 3
----------------------

----------------------
TP47409 not allocated
----------------------

----------------------
TP47465 not allocated
----------------------

----------------------
TP48198 not allocated
----------------------

----------------------
TP48216 allocated to 1
----------------------

----------------------
TP48309 not allocated
----------------------

----------------------
TP48494 not allocated
----------------------

----------------------
TP48537 not allocated
----------------------

----------------------
TP48604 not allocated
----------------------

----------------------
TP48827 allocated to 1
----------------------

----------------------
TP49136 not allocated
----------------------

----------------------
TP49183 not allocated
----------------------

----------------------
TP49190 not allocated
----------------------

----------------------
TP49487 not allocated
----------------------

----------------------
TP49523 not allocated
----------------------

----------------------
TP49616 not allocated
----------------------

-------------------------------------------------------------------------

Ride-sharing vs Individual Mode - Num Vehicles and Distance Comparisson 

-------------------------------------------------------------------------
Individual Mode = 192 vehicles.
Ride-sharing Mode = 48 vehicles. The 7 ride-sharing vehicles + 41 vehicles of the individuals not served by the ride-sharing service.
-------------------------------------------------------------------------
Individual Mode = 470 distance.
Ride-sharing Mode = 796 distance. 700 from the EV fleet + 96 from the distance of the trips not covered individuals had to do with their own vehicle.
-------------------------------------------------------------------------
