-------------------------------------------------------------------------
TPs satisfied = 170; Total TPs = 178; Percentage Satisfied + 95.5%
-------------------------------------------------------------------------

-------------------------------------------------------------------------

EVs

-------------------------------------------------------------------------
--------------------------------------
EV1
--------------------------------------
Num TPs served = 39
TPs served = 726 989 1134 1197 1368 1687 1934 2096 2214 2251 2263 2363 2861 4020 4083 4225 4538 5419 5501 5752 6329 8031 8363 9176 9629 16128 18075 21686 23143 34786 35218 38640 40125 40416 41134 41396 42283 44577 45816
Total energy used = 100
--------------------------------------
Schedule:
0 218 366 0 366 0 0 0 100 100 0 218 0
218 218 366 0 366 0 0 1 100 100 35218 32 0
218 219 366 0 366 0 1 1 100 100 0 1 0
219 219 366 0 366 0 1 0 100 100 -35218 32 0
219 1295 366 0 366 0 0 0 100 100 0 1076 0
1295 1295 366 0 366 0 0 1 100 100 726 32 0
1295 1299 366 0 366 0 1 1 100 100 0 4 0
1299 1302 366 0 369 0 1 0 100 97 -726 32 3
1302 1732 369 0 369 0 0 0 97 97 0 430 0
1732 1735 369 0 366 0 0 1 97 94 989 32 3
1735 1736 366 0 367 0 1 0 94 93 -989 32 1
1736 1977 367 0 367 0 0 0 93 93 0 241 0
1977 1978 367 0 366 0 0 1 93 92 1134 32 1
1978 1979 366 0 366 0 1 1 92 92 0 1 0
1979 1979 366 0 366 0 1 0 92 92 -1134 32 0
1979 2043 366 0 366 0 0 0 92 92 0 64 0
2043 2043 366 0 366 0 0 1 92 92 18075 32 0
2043 2044 366 0 366 0 1 1 92 92 0 1 0
2044 2044 366 0 366 0 1 0 92 92 -18075 32 0
2044 2086 366 0 366 0 0 0 92 92 0 42 0
2086 2086 366 0 366 0 0 1 92 92 1197 32 0
2086 2089 366 0 369 0 1 0 92 89 -1197 32 3
2089 2394 369 0 369 0 0 0 89 89 0 305 0
2394 2397 369 0 366 0 0 1 89 86 1368 32 3
2397 2399 366 0 366 2 1 0 86 84 -1368 32 2
2399 2940 366 2 366 2 0 0 84 84 0 541 0
2940 2942 366 2 366 0 0 1 84 82 1687 32 2
2942 2944 366 0 366 0 1 1 82 82 0 2 0
2944 2946 366 0 366 2 1 0 82 80 -1687 32 2
2946 3400 366 2 366 2 0 0 80 80 0 454 0
3400 3402 366 2 366 0 0 1 80 78 1934 32 2
3402 3407 366 0 366 0 1 1 78 78 0 5 0
3407 3409 366 0 367 1 1 0 78 76 -1934 32 2
3409 3683 367 1 367 1 0 0 76 76 0 274 0
3683 3685 367 1 366 0 0 1 76 74 2096 32 2
3685 3686 366 0 366 0 1 1 74 74 0 1 0
3686 3686 366 0 366 0 1 0 74 74 -2096 32 0
3686 3914 366 0 366 0 0 0 74 74 0 228 0
3914 3914 366 0 366 0 0 1 74 74 2214 32 0
3914 3918 366 0 366 0 1 1 74 74 0 4 0
3918 3919 366 0 367 0 1 0 74 73 -2214 32 1
3919 4017 367 0 367 0 0 0 73 73 0 98 0
4017 4018 367 0 366 0 0 1 73 72 2263 32 1
4018 4018 366 0 366 0 1 2 72 72 2251 10 0
4018 4019 366 0 367 0 2 1 72 71 -2263 32 1
4019 4027 367 0 375 0 1 0 71 63 -2251 10 8
4027 4188 375 0 375 0 0 0 63 63 0 161 0
4188 4197 375 0 366 0 0 1 63 54 2363 32 9
4197 4199 366 0 366 2 1 0 54 52 -2363 32 2
4199 5099 366 2 366 2 0 0 52 52 0 900 0
5099 5101 366 2 366 0 0 1 52 50 2861 32 2
5101 5102 366 0 367 0 1 0 50 49 -2861 32 1
5102 7226 367 0 367 0 0 0 49 49 0 2124 0
7226 7227 367 0 366 0 0 1 49 48 4020 32 1
7227 7233 366 0 366 0 1 1 48 48 0 6 0
7233 7238 366 0 371 0 1 0 48 43 -4020 32 5
7238 7346 371 0 371 0 0 0 43 43 0 108 0
7346 7351 371 0 366 0 0 1 43 38 4083 32 5
7351 7356 366 0 366 0 1 1 38 38 0 5 0
7356 7358 366 0 367 1 1 0 38 36 -4083 32 2
7358 7595 367 1 367 1 0 0 36 36 0 237 0
7595 7597 367 1 366 0 0 1 36 34 4225 32 2
7597 7598 366 0 367 0 1 0 34 33 -4225 32 1
7598 8190 367 0 367 0 0 0 33 33 0 592 0
8190 8191 367 0 366 0 0 1 33 32 4538 32 1
8191 8192 366 0 367 0 1 0 32 31 -4538 32 1
8192 9846 367 0 367 0 0 0 31 31 0 1654 0
9846 9847 367 0 366 0 0 1 31 30 5419 32 1
9847 9850 366 0 368 1 1 0 30 27 -5419 32 3
9850 9998 368 1 368 1 0 0 27 27 0 148 0
9998 10001 368 1 366 0 0 1 27 24 38640 32 3
10001 10001 366 0 366 0 1 2 24 24 5501 28 0
10001 10002 366 0 367 0 2 1 24 23 -38640 32 1
10002 10003 367 0 367 1 1 0 23 22 -5501 28 1
10003 10525 367 1 367 1 0 0 22 22 0 522 0
10525 10527 367 1 366 0 0 1 22 20 5752 32 2
10527 10536 366 0 370 5 1 0 20 11 -5752 32 9
10536 11603 370 5 370 5 0 0 11 11 0 1067 0
11603 11612 370 5 366 0 0 1 11 2 6329 32 9
11612 11616 366 0 366 0 1 1 2 2 0 4 0
11616 11616 366 0 366 0 1 0 2 2 -6329 32 0
11616 12647 366 0 366 0 0 0 2 2 0 1031 0
12647 12647 366 0 366 0 0 1 2 2 21686 32 0
12647 12648 366 0 366 0 1 1 2 2 0 1 0
12648 12648 366 0 366 0 1 0 2 2 -21686 32 0
12648 13787 366 0 366 0 0 0 2 2 0 1139 0
13787 13787 366 0 366 0 0 1 2 2 40125 32 0
13787 13788 366 0 366 0 1 1 2 2 0 1 0
13788 13788 366 0 366 0 1 0 2 2 -40125 32 0
13788 14498 366 0 366 0 0 0 2 2 0 710 0
14498 14498 366 0 366 0 0 1 2 2 40416 32 0
14498 14499 366 0 366 0 1 1 2 2 0 1 0
14499 14499 366 0 366 0 1 0 2 2 -40416 32 0
14499 15270 366 0 366 0 0 0 2 2 0 771 0
15270 15270 366 0 366 0 0 1 2 2 8031 32 0
15270 15271 366 0 366 0 1 1 2 2 0 1 0
15271 15271 366 0 366 0 1 0 2 2 -8031 32 0
15271 16070 366 0 366 0 0 0 2 2 0 799 0
16070 16070 366 0 366 0 0 1 2 2 8363 32 0
16070 16073 366 0 366 0 1 1 2 2 0 3 0
16073 16074 366 0 366 1 1 0 2 1 -8363 32 1
16074 16177 366 1 366 1 0 0 1 1 0 103 0
16177 16178 366 1 366 0 0 1 1 0 41134 32 1
16178 16179 366 0 366 0 1 1 0 0 0 1 0
16179 16179 366 0 366 0 1 0 0 0 -41134 32 0
16179 16331 366 0 366 0 0 0 0 0 0 152 0
16331 16331 366 0 366 0 0 1 0 0 23143 32 0
16331 16332 366 0 366 0 1 1 0 0 0 1 0
16332 16332 366 0 366 0 1 0 0 0 -23143 32 0
16332 16774 366 0 366 0 0 0 0 0 0 442 0
16774 16774 366 0 366 0 0 1 0 0 41396 32 0
16774 16775 366 0 366 0 1 1 0 0 0 1 0
16775 16775 366 0 366 0 1 0 0 0 -41396 32 0
16775 18090 366 0 366 0 0 0 0 0 0 1315 0
18090 18090 366 0 366 0 0 1 0 0 9176 32 0
18090 18091 366 0 366 0 1 1 0 0 0 1 0
18091 18091 366 0 366 0 1 0 0 0 -9176 32 0
18091 18693 366 0 366 0 0 0 0 0 0 602 0
18693 18693 366 0 366 0 0 1 0 0 42283 32 0
18693 18694 366 0 366 0 1 1 0 0 0 1 0
18694 18694 366 0 366 0 1 0 0 0 -42283 32 0
18694 19360 366 0 366 0 0 0 0 0 0 666 0
19360 19360 366 0 366 0 0 1 0 0 9629 32 0
19360 19362 366 0 366 0 1 1 0 0 0 2 0
19362 19362 366 0 366 0 1 0 0 0 -9629 32 0
19362 23251 366 0 366 0 0 0 0 0 0 3889 0
23251 23251 366 0 366 0 0 1 0 0 44577 32 0
23251 23252 366 0 366 0 1 1 0 0 0 1 0
23252 23252 366 0 366 0 1 0 0 0 -44577 32 0
23252 25449 366 0 366 0 0 0 0 0 0 2197 0
25449 25449 366 0 366 0 0 1 0 0 45816 32 0
25449 25450 366 0 366 0 1 1 0 0 0 1 0
25450 25450 366 0 366 0 1 0 0 0 -45816 32 0
25450 41000 366 0 366 0 0 0 0 0 0 15550 0
41000 41000 366 0 366 0 0 1 0 0 16128 32 0
41000 41002 366 0 366 0 1 1 0 0 0 2 0
41002 41002 366 0 366 0 1 0 0 0 -16128 32 0
41002 42081 366 0 366 0 0 0 0 0 0 1079 0
42081 42081 366 0 366 0 0 1 0 0 34786 32 0
42081 42082 366 0 366 0 1 1 0 0 0 1 0
42082 42082 366 0 366 0 1 0 0 0 -34786 32 0
42082 43267 366 0 366 0 0 0 0 0 0 1185 0
43267 43267 366 0 366 0 0 0 0 0 1000000000 0 0
--------------------------------------
--------------------------------------
EV2
--------------------------------------
Num TPs served = 22
TPs served = 6085 6622 7285 8173 8366 8725 9189 9278 9959 10084 10201 10406 10497 10543 11590 12036 12833 14196 25595 39121 43050 43395
Total energy used = 100
--------------------------------------
Schedule:
0 11130 366 0 366 0 0 0 100 100 0 11130 0
11130 11130 366 0 366 0 0 1 100 100 39121 32 0
11130 11140 366 0 366 0 1 1 100 100 0 10 0
11140 11140 366 0 366 0 1 2 100 100 6085 32 0
11140 11141 366 0 367 0 2 1 100 99 -39121 22 1
11141 11146 367 0 370 2 1 0 99 94 -6085 32 5
11146 12201 370 2 370 2 0 0 94 94 0 1055 0
12201 12207 370 2 366 0 0 1 94 88 6622 32 6
12207 12211 366 0 368 2 1 0 88 84 -6622 32 4
12211 13641 368 2 368 2 0 0 84 84 0 1430 0
13641 13645 368 2 366 0 0 1 84 80 7285 32 4
13645 13647 366 0 366 0 1 1 80 80 0 2 0
13647 13653 366 0 371 1 1 0 80 74 -7285 32 6
13653 15613 371 1 371 1 0 0 74 74 0 1960 0
15613 15619 371 1 366 0 0 1 74 68 8173 32 6
15619 15634 366 0 366 0 1 1 68 68 0 15 0
15634 15637 366 0 367 2 1 0 68 65 -8173 32 3
15637 16075 367 2 367 2 0 0 65 65 0 438 0
16075 16078 367 2 366 0 0 1 65 62 8366 32 3
16078 16080 366 0 367 1 1 0 62 60 -8366 32 2
16080 16960 367 1 367 1 0 0 60 60 0 880 0
16960 16962 367 1 366 0 0 1 60 58 8725 32 2
16962 16964 366 0 368 0 1 0 58 56 -8725 32 2
16964 18141 368 0 368 0 0 0 56 56 0 1177 0
18141 18143 368 0 366 0 0 1 56 54 9189 32 2
18143 18145 366 0 368 0 1 0 54 52 -9189 32 2
18145 18430 368 0 368 0 0 0 52 52 0 285 0
18430 18432 368 0 366 0 0 1 52 50 9278 32 2
18432 18433 366 0 366 0 1 1 50 50 0 1 0
18433 18434 366 0 366 1 1 0 50 49 -9278 32 1
18434 20312 366 1 366 1 0 0 49 49 0 1878 0
20312 20313 366 1 366 0 0 1 49 48 43050 32 1
20313 20313 366 0 366 0 1 2 48 48 9959 12 0
20313 20315 366 0 368 0 2 1 48 46 -43050 32 2
20315 20315 368 0 368 0 1 0 46 46 -9959 13 0
20315 20638 368 0 368 0 0 0 46 46 0 323 0
20638 20640 368 0 366 0 0 1 46 44 10084 32 2
20640 20641 366 0 367 0 1 0 44 43 -10084 32 1
20641 21000 367 0 367 0 0 0 43 43 0 359 0
21000 21001 367 0 366 0 0 1 43 42 43395 32 1
21001 21001 366 0 366 0 1 2 42 42 10201 2 0
21001 21002 366 0 366 1 2 1 42 41 -43395 32 1
21002 21004 366 1 368 1 1 0 41 39 -10201 2 2
21004 21566 368 1 368 1 0 0 39 39 0 562 0
21566 21569 368 1 366 0 0 1 39 36 10406 32 3
21569 21571 366 0 366 0 1 1 36 36 0 2 0
21571 21574 366 0 369 0 1 0 36 33 -10406 32 3
21574 21801 369 0 369 0 0 0 33 33 0 227 0
21801 21804 369 0 366 0 0 1 33 30 25595 32 3
21804 21828 366 0 366 0 1 1 30 30 0 24 0
21828 21828 366 0 366 0 1 2 30 30 10497 32 0
21828 21830 366 0 368 0 2 1 30 28 -25595 8 2
21830 21831 368 0 368 0 1 1 28 28 0 1 0
21831 21832 368 0 368 1 1 0 28 27 -10497 32 1
21832 21929 368 1 368 1 0 0 27 27 0 97 0
21929 21932 368 1 366 0 0 1 27 24 10543 32 3
21932 21935 366 0 369 0 1 0 24 21 -10543 32 3
21935 25315 369 0 369 0 0 0 21 21 0 3380 0
25315 25318 369 0 366 0 0 1 21 18 11590 32 3
25318 25319 366 0 367 0 1 0 18 17 -11590 32 1
25319 26851 367 0 367 0 0 0 17 17 0 1532 0
26851 26852 367 0 366 0 0 1 17 16 12036 32 1
26852 26853 366 0 367 0 1 0 16 15 -12036 32 1
26853 29684 367 0 367 0 0 0 15 15 0 2831 0
29684 29685 367 0 366 0 0 1 15 14 12833 32 1
29685 29691 366 0 372 0 1 0 14 8 -12833 32 6
29691 34706 372 0 372 0 0 0 8 8 0 5015 0
34706 34712 372 0 366 0 0 1 8 2 14196 32 6
34712 34713 366 0 366 0 1 1 2 2 0 1 0
34713 34714 366 0 366 1 1 0 2 1 -14196 32 1
34714 43266 366 1 366 1 0 0 1 1 0 8552 0
43266 43267 366 1 366 0 0 0 1 0 1000000000 0 1
--------------------------------------
--------------------------------------
EV3
--------------------------------------
Num TPs served = 18
TPs served = 12894 13208 14457 14501 14533 15379 15558 15592 16031 16296 16378 16872 16892 17408 17413 17492 18067 18421
Total energy used = 100
--------------------------------------
Schedule:
0 224 366 0 366 0 0 0 100 100 0 224 0
224 224 366 0 366 0 0 1 100 100 17492 32 0
224 225 366 0 367 0 1 0 100 99 -17492 32 1
225 2019 367 0 367 0 0 0 99 99 0 1794 0
2019 2020 367 0 366 0 0 1 99 98 18067 32 1
2020 2022 366 0 366 0 1 1 98 98 0 2 0
2022 2027 366 0 371 0 1 0 98 93 -18067 32 5
2027 3151 371 0 371 0 0 0 93 93 0 1124 0
3151 3156 371 0 366 0 0 1 93 88 18421 32 5
3156 3157 366 0 366 0 1 1 88 88 0 1 0
3157 3158 366 0 367 0 1 0 88 87 -18421 32 1
3158 29917 367 0 367 0 0 0 87 87 0 26759 0
29917 29918 367 0 366 0 0 1 87 86 12894 32 1
29918 29919 366 0 366 0 1 1 86 86 0 1 0
29919 29924 366 0 367 4 1 0 86 81 -12894 32 5
29924 30984 367 4 367 4 0 0 81 81 0 1060 0
30984 30989 367 4 366 0 0 1 81 76 13208 32 5
30989 30991 366 0 368 0 1 0 76 74 -13208 32 2
30991 35704 368 0 368 0 0 0 74 74 0 4713 0
35704 35706 368 0 366 0 0 1 74 72 14457 32 2
35706 35708 366 0 368 0 1 0 72 70 -14457 32 2
35708 35855 368 0 368 0 0 0 70 70 0 147 0
35855 35857 368 0 366 0 0 1 70 68 14501 32 2
35857 35858 366 0 366 0 1 1 68 68 0 1 0
35858 35859 366 0 367 0 1 0 68 67 -14501 32 1
35859 35990 367 0 367 0 0 0 67 67 0 131 0
35990 35991 367 0 366 0 0 1 67 66 14533 32 1
35991 35992 366 0 367 0 1 0 66 65 -14533 32 1
35992 39281 367 0 367 0 0 0 65 65 0 3289 0
39281 39282 367 0 366 0 0 1 65 64 15379 32 1
39282 39284 366 0 368 0 1 0 64 62 -15379 32 2
39284 39898 368 0 368 0 0 0 62 62 0 614 0
39898 39900 368 0 366 0 0 1 62 60 15558 32 2
39900 39901 366 0 366 0 1 1 60 60 0 1 0
39901 39902 366 0 367 0 1 0 60 59 -15558 32 1
39902 39992 367 0 367 0 0 0 59 59 0 90 0
39992 39993 367 0 366 0 0 1 59 58 15592 32 1
39993 39996 366 0 367 2 1 0 58 55 -15592 32 3
39996 40802 367 2 367 2 0 0 55 55 0 806 0
40802 40805 367 2 366 0 0 1 55 52 16031 32 3
40805 40808 366 0 367 2 1 0 52 49 -16031 32 3
40808 41258 367 2 367 2 0 0 49 49 0 450 0
41258 41261 367 2 366 0 0 1 49 46 16296 32 3
41261 41263 366 0 368 0 1 0 46 44 -16296 32 2
41263 41396 368 0 368 0 0 0 44 44 0 133 0
41396 41398 368 0 366 0 0 1 44 42 16378 32 2
41398 41400 366 0 367 1 1 0 42 40 -16378 32 2
41400 42261 367 1 367 1 0 0 40 40 0 861 0
42261 42263 367 1 366 0 0 1 40 38 16872 32 2
42263 42264 366 0 366 0 1 1 38 38 0 1 0
42264 42273 366 0 375 0 1 0 38 29 -16872 32 9
42273 42291 375 0 375 0 0 0 29 29 0 18 0
42291 42300 375 0 366 0 0 1 29 20 16892 32 9
42300 42304 366 0 370 0 1 0 20 16 -16892 32 4
42304 43187 370 0 370 0 0 0 16 16 0 883 0
43187 43191 370 0 366 0 0 1 16 12 17413 32 4
43191 43191 366 0 366 0 1 2 12 12 17408 23 0
43191 43193 366 0 366 0 2 2 12 12 0 2 0
43193 43197 366 0 367 3 2 1 12 8 -17413 32 4
43197 43202 367 3 369 0 1 0 8 3 -17408 16 5
43202 43264 369 0 369 0 0 0 3 3 0 62 0
43264 43267 369 0 366 0 0 0 3 0 1000000000 0 3
--------------------------------------
--------------------------------------
EV4
--------------------------------------
Num TPs served = 18
TPs served = 18174 19414 19795 20200 20241 20388 20588 21037 21314 22535 23620 24016 24443 24498 24616 24730 25001 25181
Total energy used = 100
--------------------------------------
Schedule:
0 2359 366 0 366 0 0 0 100 100 0 2359 0
2359 2359 366 0 366 0 0 1 100 100 18174 32 0
2359 2360 366 0 366 0 1 1 100 100 0 1 0
2360 2362 366 0 368 0 1 0 100 98 -18174 32 2
2362 6242 368 0 368 0 0 0 98 98 0 3880 0
6242 6244 368 0 366 0 0 1 98 96 19414 32 2
6244 6245 366 0 366 0 1 1 96 96 0 1 0
6245 6247 366 0 366 2 1 0 96 94 -19414 32 2
6247 7399 366 2 366 2 0 0 94 94 0 1152 0
7399 7401 366 2 366 0 0 1 94 92 19795 32 2
7401 7407 366 0 371 1 1 0 92 86 -19795 32 6
7407 8592 371 1 371 1 0 0 86 86 0 1185 0
8592 8598 371 1 366 0 0 1 86 80 20200 32 6
8598 8599 366 0 366 0 1 1 80 80 0 1 0
8599 8600 366 0 366 1 1 0 80 79 -20200 32 1
8600 8734 366 1 366 1 0 0 79 79 0 134 0
8734 8735 366 1 366 0 0 1 79 78 20241 32 1
8735 8736 366 0 366 0 1 1 78 78 0 1 0
8736 8746 366 0 374 2 1 0 78 68 -20241 32 10
8746 9128 374 2 374 2 0 0 68 68 0 382 0
9128 9138 374 2 366 0 0 1 68 58 20388 32 10
9138 9139 366 0 367 0 1 0 58 57 -20388 32 1
9139 9670 367 0 367 0 0 0 57 57 0 531 0
9670 9671 367 0 366 0 0 1 57 56 20588 32 1
9671 9674 366 0 366 3 1 0 56 53 -20588 32 3
9674 10840 366 3 366 3 0 0 53 53 0 1166 0
10840 10843 366 3 366 0 0 1 53 50 21037 32 3
10843 10844 366 0 367 0 1 0 50 49 -21037 32 1
10844 11593 367 0 367 0 0 0 49 49 0 749 0
11593 11594 367 0 366 0 0 1 49 48 21314 32 1
11594 11596 366 0 367 1 1 0 48 46 -21314 32 2
11596 14814 367 1 367 1 0 0 46 46 0 3218 0
14814 14816 367 1 366 0 0 1 46 44 22535 32 2
14816 14820 366 0 370 0 1 0 44 40 -22535 32 4
14820 17449 370 0 370 0 0 0 40 40 0 2629 0
17449 17453 370 0 366 0 0 1 40 36 23620 32 4
17453 17454 366 0 366 0 1 1 36 36 0 1 0
17454 17455 366 0 366 1 1 0 36 35 -23620 32 1
17455 18322 366 1 366 1 0 0 35 35 0 867 0
18322 18323 366 1 366 0 0 1 35 34 24016 32 1
18323 18324 366 0 366 0 1 1 34 34 0 1 0
18324 18325 366 0 367 0 1 0 34 33 -24016 32 1
18325 19267 367 0 367 0 0 0 33 33 0 942 0
19267 19268 367 0 366 0 0 1 33 32 24443 32 1
19268 19276 366 0 373 1 1 0 32 24 -24443 32 8
19276 19381 373 1 373 1 0 0 24 24 0 105 0
19381 19389 373 1 366 0 0 1 24 16 24498 32 8
19389 19390 366 0 367 0 1 0 16 15 -24498 32 1
19390 19652 367 0 367 0 0 0 15 15 0 262 0
19652 19653 367 0 366 0 0 1 15 14 24616 32 1
19653 19655 366 0 368 0 1 0 14 12 -24616 32 2
19655 19906 368 0 368 0 0 0 12 12 0 251 0
19906 19908 368 0 366 0 0 1 12 10 24730 32 2
19908 19910 366 0 368 0 1 0 10 8 -24730 32 2
19910 20515 368 0 368 0 0 0 8 8 0 605 0
20515 20517 368 0 366 0 0 1 8 6 25001 32 2
20517 20519 366 0 367 1 1 0 6 4 -25001 32 2
20519 20899 367 1 367 1 0 0 4 4 0 380 0
20899 20901 367 1 366 0 0 1 4 2 25181 32 2
20901 20902 366 0 366 1 1 0 2 1 -25181 32 1
20902 43266 366 1 366 1 0 0 1 1 0 22364 0
43266 43267 366 1 366 0 0 0 1 0 1000000000 0 1
--------------------------------------
--------------------------------------
EV5
--------------------------------------
Num TPs served = 14
TPs served = 25188 25285 25564 25731 25888 26383 26506 26541 26543 26760 27344 28022 28608 45714
Total energy used = 100
--------------------------------------
Schedule:
0 20916 366 0 366 0 0 0 100 100 0 20916 0
20916 20916 366 0 366 0 0 1 100 100 25188 32 0
20916 20920 366 0 369 1 1 0 100 96 -25188 32 4
20920 21120 369 1 369 1 0 0 96 96 0 200 0
21120 21124 369 1 366 0 0 1 96 92 25285 32 4
21124 21128 366 0 368 2 1 0 92 88 -25285 32 4
21128 21728 368 2 368 2 0 0 88 88 0 600 0
21728 21732 368 2 366 0 0 1 88 84 25564 32 4
21732 21734 366 0 367 1 1 0 84 82 -25564 32 2
21734 22100 367 1 367 1 0 0 82 82 0 366 0
22100 22102 367 1 366 0 0 1 82 80 25731 32 2
22102 22106 366 0 368 2 1 0 80 76 -25731 32 4
22106 22410 368 2 368 2 0 0 76 76 0 304 0
22410 22414 368 2 366 0 0 1 76 72 25888 32 4
22414 22415 366 0 366 1 1 0 72 71 -25888 32 1
22415 23432 366 1 366 1 0 0 71 71 0 1017 0
23432 23433 366 1 366 0 0 1 71 70 26383 32 1
23433 23435 366 0 368 0 1 0 70 68 -26383 32 2
23435 23653 368 0 368 0 0 0 68 68 0 218 0
23653 23655 368 0 366 0 0 1 68 66 26506 32 2
23655 23656 366 0 366 0 1 1 66 66 0 1 0
23656 23662 366 0 372 0 1 0 66 60 -26506 32 6
23662 23720 372 0 372 0 0 0 60 60 0 58 0
23720 23726 372 0 366 0 0 1 60 54 26543 32 6
23726 23726 366 0 366 0 1 2 54 54 26541 26 0
23726 23728 366 0 368 0 2 1 54 52 -26543 32 2
23728 23731 368 0 366 1 1 0 52 49 -26541 22 3
23731 24168 366 1 366 1 0 0 49 49 0 437 0
24168 24169 366 1 366 0 0 1 49 48 26760 32 1
24169 24170 366 0 366 0 1 1 48 48 0 1 0
24170 24188 366 0 384 0 1 0 48 30 -26760 32 18
24188 25244 384 0 384 0 0 0 30 30 0 1056 0
25244 25262 384 0 366 0 0 1 30 12 45714 32 18
25262 25282 366 0 366 0 1 1 12 12 0 20 0
25282 25282 366 0 366 0 1 2 12 12 27344 32 0
25282 25283 366 0 367 0 2 1 12 11 -45714 16 1
25283 25284 367 0 367 0 1 1 11 11 0 1 0
25284 25286 367 0 368 1 1 0 11 9 -27344 32 2
25286 26556 368 1 368 1 0 0 9 9 0 1270 0
26556 26559 368 1 366 0 0 1 9 6 28022 32 3
26559 26561 366 0 366 0 1 1 6 6 0 2 0
26561 26563 366 0 368 0 1 0 6 4 -28022 32 2
26563 27682 368 0 368 0 0 0 4 4 0 1119 0
27682 27684 368 0 366 0 0 1 4 2 28608 32 2
27684 27685 366 0 366 1 1 0 2 1 -28608 32 1
27685 43266 366 1 366 1 0 0 1 1 0 15581 0
43266 43267 366 1 366 0 0 0 1 0 1000000000 0 1
--------------------------------------
--------------------------------------
EV6
--------------------------------------
Num TPs served = 20
TPs served = 27676 28164 28657 29159 29734 30318 30611 30768 30932 30934 32023 32409 32508 32599 32730 32793 33124 33402 33769 36651
Total energy used = 100
--------------------------------------
Schedule:
0 4432 366 0 366 0 0 0 100 100 0 4432 0
4432 4432 366 0 366 0 0 1 100 100 36651 32 0
4432 4433 366 0 367 0 1 0 100 99 -36651 32 1
4433 25896 367 0 367 0 0 0 99 99 0 21463 0
25896 25897 367 0 366 0 0 1 99 98 27676 32 1
25897 25902 366 0 367 4 1 0 98 93 -27676 32 5
25902 26832 367 4 367 4 0 0 93 93 0 930 0
26832 26837 367 4 366 0 0 1 93 88 28164 32 5
26837 26839 366 0 366 0 1 1 88 88 0 2 0
26839 26841 366 0 367 1 1 0 88 86 -28164 32 2
26841 27783 367 1 367 1 0 0 86 86 0 942 0
27783 27785 367 1 366 0 0 1 86 84 28657 32 2
27785 27797 366 0 366 0 1 1 84 84 0 12 0
27797 27799 366 0 368 0 1 0 84 82 -28657 32 2
27799 28801 368 0 368 0 0 0 82 82 0 1002 0
28801 28803 368 0 366 0 0 1 82 80 29159 32 2
28803 28806 366 0 369 0 1 0 80 77 -29159 32 3
28806 29949 369 0 369 0 0 0 77 77 0 1143 0
29949 29952 369 0 366 0 0 1 77 74 29734 32 3
29952 29953 366 0 366 1 1 0 74 73 -29734 32 1
29953 31100 366 1 366 1 0 0 73 73 0 1147 0
31100 31101 366 1 366 0 0 1 73 72 30318 32 1
31101 31102 366 0 367 0 1 0 72 71 -30318 32 1
31102 31661 367 0 367 0 0 0 71 71 0 559 0
31661 31662 367 0 366 0 0 1 71 70 30611 32 1
31662 31663 366 0 367 0 1 0 70 69 -30611 32 1
31663 32009 367 0 367 0 0 0 69 69 0 346 0
32009 32010 367 0 366 0 0 1 69 68 30768 32 1
32010 32016 366 0 366 6 1 0 68 62 -30768 32 6
32016 32364 366 6 366 6 0 0 62 62 0 348 0
32364 32370 366 6 366 0 0 1 62 56 30934 32 6
32370 32370 366 0 366 0 1 2 56 56 30932 29 0
32370 32371 366 0 366 1 2 1 56 55 -30934 32 1
32371 32373 366 1 367 0 1 0 55 53 -30932 27 2
32373 34753 367 0 367 0 0 0 53 53 0 2380 0
34753 34754 367 0 366 0 0 1 53 52 32023 32 1
34754 34756 366 0 366 0 1 1 52 52 0 2 0
34756 34758 366 0 367 1 1 0 52 50 -32023 32 2
34758 35719 367 1 367 1 0 0 50 50 0 961 0
35719 35721 367 1 366 0 0 1 50 48 32409 32 2
35721 35724 366 0 366 0 1 1 48 48 0 3 0
35724 35733 366 0 375 0 1 0 48 39 -32409 32 9
35733 35923 375 0 375 0 0 0 39 39 0 190 0
35923 35932 375 0 366 0 0 1 39 30 32508 32 9
35932 35934 366 0 368 0 1 0 30 28 -32508 32 2
35934 36152 368 0 368 0 0 0 28 28 0 218 0
36152 36154 368 0 366 0 0 1 28 26 32599 32 2
36154 36155 366 0 367 0 1 0 26 25 -32599 32 1
36155 36446 367 0 367 0 0 0 25 25 0 291 0
36446 36447 367 0 366 0 0 1 25 24 32730 32 1
36447 36448 366 0 366 1 1 0 24 23 -32730 32 1
36448 36610 366 1 366 1 0 0 23 23 0 162 0
36610 36611 366 1 366 0 0 1 23 22 32793 32 1
36611 36616 366 0 370 1 1 0 22 17 -32793 32 5
36616 37504 370 1 370 1 0 0 17 17 0 888 0
37504 37509 370 1 366 0 0 1 17 12 33124 32 5
37509 37512 366 0 369 0 1 0 12 9 -33124 32 3
37512 38164 369 0 369 0 0 0 9 9 0 652 0
38164 38167 369 0 366 0 0 1 9 6 33402 32 3
38167 38171 366 0 366 0 1 1 6 6 0 4 0
38171 38173 366 0 367 1 1 0 6 4 -33402 32 2
38173 39173 367 1 367 1 0 0 4 4 0 1000 0
39173 39175 367 1 366 0 0 1 4 2 33769 32 2
39175 39176 366 0 366 0 1 1 2 2 0 1 0
39176 39177 366 0 366 1 1 0 2 1 -33769 32 1
39177 43266 366 1 366 1 0 0 1 1 0 4089 0
43266 43267 366 1 366 0 0 0 1 0 1000000000 0 1
--------------------------------------
--------------------------------------
EV7
--------------------------------------
Num TPs served = 16
TPs served = 33897 34381 35383 35614 35978 36524 37550 37877 37895 38351 38530 38567 38927 39870 40455 40766
Total energy used = 100
--------------------------------------
Schedule:
0 706 366 0 366 0 0 0 100 100 0 706 0
706 706 366 0 366 0 0 1 100 100 35383 32 0
706 708 366 0 367 1 1 0 100 98 -35383 32 2
708 1401 367 1 367 1 0 0 98 98 0 693 0
1401 1403 367 1 366 0 0 1 98 96 35614 32 2
1403 1405 366 0 368 0 1 0 96 94 -35614 32 2
1405 2400 368 0 368 0 0 0 94 94 0 995 0
2400 2402 368 0 366 0 0 1 94 92 35978 32 2
2402 2405 366 0 369 0 1 0 92 89 -35978 32 3
2405 4001 369 0 369 0 0 0 89 89 0 1596 0
4001 4004 369 0 366 0 0 1 89 86 36524 32 3
4004 4017 366 0 379 0 1 0 86 73 -36524 32 13
4017 7032 379 0 379 0 0 0 73 73 0 3015 0
7032 7045 379 0 366 0 0 1 73 60 37550 32 13
7045 7047 366 0 366 0 1 1 60 60 0 2 0
7047 7048 366 0 366 1 1 0 60 59 -37550 32 1
7048 7931 366 1 366 1 0 0 59 59 0 883 0
7931 7932 366 1 366 0 0 1 59 58 37877 32 1
7932 7933 366 0 366 0 1 1 58 58 0 1 0
7933 7937 366 0 368 2 1 0 58 54 -37877 32 4
7937 7977 368 2 368 2 0 0 54 54 0 40 0
7977 7981 368 2 366 0 0 1 54 50 37895 32 4
7981 7982 366 0 367 0 1 0 50 49 -37895 32 1
7982 9227 367 0 367 0 0 0 49 49 0 1245 0
9227 9228 367 0 366 0 0 1 49 48 38351 32 1
9228 9229 366 0 367 0 1 0 48 47 -38351 32 1
9229 9722 367 0 367 0 0 0 47 47 0 493 0
9722 9723 367 0 366 0 0 1 47 46 38530 32 1
9723 9726 366 0 369 0 1 0 46 43 -38530 32 3
9726 9809 369 0 369 0 0 0 43 43 0 83 0
9809 9812 369 0 366 0 0 1 43 40 38567 32 3
9812 9815 366 0 367 2 1 0 40 37 -38567 32 3
9815 10704 367 2 367 2 0 0 37 37 0 889 0
10704 10707 367 2 366 0 0 1 37 34 38927 32 3
10707 10708 366 0 366 0 1 1 34 34 0 1 0
10708 10709 366 0 367 0 1 0 34 33 -38927 32 1
10709 13037 367 0 367 0 0 0 33 33 0 2328 0
13037 13038 367 0 366 0 0 1 33 32 39870 32 1
13038 13043 366 0 371 0 1 0 32 27 -39870 32 5
13043 14604 371 0 371 0 0 0 27 27 0 1561 0
14604 14609 371 0 366 0 0 1 27 22 40455 32 5
14609 14610 366 0 366 1 1 0 22 21 -40455 32 1
14610 15367 366 1 366 1 0 0 21 21 0 757 0
15367 15368 366 1 366 0 0 1 21 20 40766 32 1
15368 15371 366 0 369 0 1 0 20 17 -40766 32 3
15371 39498 369 0 369 0 0 0 17 17 0 24127 0
39498 39501 369 0 366 0 0 1 17 14 33897 32 3
39501 39503 366 0 368 0 1 0 14 12 -33897 32 2
39503 40882 368 0 368 0 0 0 12 12 0 1379 0
40882 40884 368 0 366 0 0 1 12 10 34381 32 2
40884 40889 366 0 367 4 1 0 10 5 -34381 32 5
40889 43262 367 4 367 4 0 0 5 5 0 2373 0
43262 43267 367 4 366 0 0 0 5 0 1000000000 0 5
--------------------------------------
--------------------------------------
EV8
--------------------------------------
Num TPs served = 23
TPs served = 41244 41439 41801 41941 42131 42664 42889 43408 43499 43524 43833 43855 44212 44776 45780 45785 46119 46310 46385 47094 47148 47161 48039
Total energy used = 100
--------------------------------------
Schedule:
0 16406 366 0 366 0 0 0 100 100 0 16406 0
16406 16406 366 0 366 0 0 1 100 100 41244 32 0
16406 16407 366 0 367 0 1 0 100 99 -41244 32 1
16407 16864 367 0 367 0 0 0 99 99 0 457 0
16864 16865 367 0 366 0 0 1 99 98 41439 32 1
16865 16867 366 0 367 1 1 0 98 96 -41439 32 2
16867 17671 367 1 367 1 0 0 96 96 0 804 0
17671 17673 367 1 366 0 0 1 96 94 41801 32 2
17673 17675 366 0 368 0 1 0 94 92 -41801 32 2
17675 17976 368 0 368 0 0 0 92 92 0 301 0
17976 17978 368 0 366 0 0 1 92 90 41941 32 2
17978 17979 366 0 366 0 1 1 90 90 0 1 0
17979 17980 366 0 367 0 1 0 90 89 -41941 32 1
17980 18402 367 0 367 0 0 0 89 89 0 422 0
18402 18403 367 0 366 0 0 1 89 88 42131 32 1
18403 18416 366 0 376 3 1 0 88 75 -42131 32 13
18416 19549 376 3 376 3 0 0 75 75 0 1133 0
19549 19562 376 3 366 0 0 1 75 62 42664 32 13
19562 19563 366 0 366 1 1 0 62 61 -42664 32 1
19563 20006 366 1 366 1 0 0 61 61 0 443 0
20006 20007 366 1 366 0 0 1 61 60 42889 32 1
20007 20009 366 0 366 2 1 0 60 58 -42889 32 2
20009 21024 366 2 366 2 0 0 58 58 0 1015 0
21024 21026 366 2 366 0 0 1 58 56 43408 32 2
21026 21028 366 0 366 0 1 1 56 56 0 2 0
21028 21032 366 0 370 0 1 0 56 52 -43408 32 4
21032 21193 370 0 370 0 0 0 52 52 0 161 0
21193 21197 370 0 366 0 0 1 52 48 43499 32 4
21197 21198 366 0 366 0 1 1 48 48 0 1 0
21198 21200 366 0 368 0 1 0 48 46 -43499 32 2
21200 21247 368 0 368 0 0 0 46 46 0 47 0
21247 21249 368 0 366 0 0 1 46 44 43524 32 2
21249 21251 366 0 366 0 1 1 44 44 0 2 0
21251 21252 366 0 366 1 1 0 44 43 -43524 32 1
21252 21842 366 1 366 1 0 0 43 43 0 590 0
21842 21843 366 1 366 0 0 1 43 42 43833 32 1
21843 21844 366 0 366 0 1 1 42 42 0 1 0
21844 21846 366 0 368 0 1 0 42 40 -43833 32 2
21846 21878 368 0 368 0 0 0 40 40 0 32 0
21878 21880 368 0 366 0 0 1 40 38 43855 32 2
21880 21882 366 0 367 1 1 0 38 36 -43855 32 2
21882 22574 367 1 367 1 0 0 36 36 0 692 0
22574 22576 367 1 366 0 0 1 36 34 44212 32 2
22576 22579 366 0 366 0 1 1 34 34 0 3 0
22579 22580 366 0 366 1 1 0 34 33 -44212 32 1
22580 23622 366 1 366 1 0 0 33 33 0 1042 0
23622 23623 366 1 366 0 0 1 33 32 44776 32 1
23623 23624 366 0 366 0 1 1 32 32 0 1 0
23624 23625 366 0 366 1 1 0 32 31 -44776 32 1
23625 25393 366 1 366 1 0 0 31 31 0 1768 0
25393 25394 366 1 366 0 0 1 31 30 45785 32 1
25394 25394 366 0 366 0 1 2 30 30 45780 24 0
25394 25395 366 0 367 0 2 1 30 29 -45785 32 1
25395 25399 367 0 370 1 1 0 29 25 -45780 26 4
25399 26006 370 1 370 1 0 0 25 25 0 607 0
26006 26011 370 1 366 0 0 1 25 20 46119 32 5
26011 26012 366 0 366 1 1 0 20 19 -46119 32 1
26012 26332 366 1 366 1 0 0 19 19 0 320 0
26332 26333 366 1 366 0 0 1 19 18 46310 32 1
26333 26334 366 0 366 0 1 1 18 18 0 1 0
26334 26336 366 0 367 1 1 0 18 16 -46310 32 2
26336 26459 367 1 367 1 0 0 16 16 0 123 0
26459 26461 367 1 366 0 0 1 16 14 46385 32 2
26461 26462 366 0 366 0 1 1 14 14 0 1 0
26462 26465 366 0 368 1 1 0 14 11 -46385 32 3
26465 27712 368 1 368 1 0 0 11 11 0 1247 0
27712 27715 368 1 366 0 0 1 11 8 47094 32 3
27715 27716 366 0 367 0 1 0 8 7 -47094 32 1
27716 27836 367 0 367 0 0 0 7 7 0 120 0
27836 27837 367 0 366 0 0 1 7 6 47161 32 1
27837 27837 366 0 366 0 1 2 6 6 47148 7 0
27837 27838 366 0 367 0 2 1 6 5 -47161 32 1
27838 27840 367 0 366 1 1 0 5 3 -47148 5 2
27840 29277 366 1 366 1 0 0 3 3 0 1437 0
29277 29278 366 1 366 0 0 1 3 2 48039 32 1
29278 29279 366 0 366 1 1 0 2 1 -48039 32 1
29279 43266 366 1 366 1 0 0 1 1 0 13987 0
43266 43267 366 1 366 0 0 0 1 0 1000000000 0 1
--------------------------------------

-------------------------------------------------------------------------

TPs

-------------------------------------------------------------------------

----------------------
TP726 allocated to 1
----------------------

----------------------
TP989 allocated to 1
----------------------

----------------------
TP1134 allocated to 1
----------------------

----------------------
TP1197 allocated to 1
----------------------

----------------------
TP1368 allocated to 1
----------------------

----------------------
TP1687 allocated to 1
----------------------

----------------------
TP1934 allocated to 1
----------------------

----------------------
TP2096 allocated to 1
----------------------

----------------------
TP2214 allocated to 1
----------------------

----------------------
TP2251 allocated to 1
----------------------

----------------------
TP2263 allocated to 1
----------------------

----------------------
TP2363 allocated to 1
----------------------

----------------------
TP2861 allocated to 1
----------------------

----------------------
TP4020 allocated to 1
----------------------

----------------------
TP4083 allocated to 1
----------------------

----------------------
TP4225 allocated to 1
----------------------

----------------------
TP4538 allocated to 1
----------------------

----------------------
TP5419 allocated to 1
----------------------

----------------------
TP5501 allocated to 1
----------------------

----------------------
TP5752 allocated to 1
----------------------

----------------------
TP6085 allocated to 2
----------------------

----------------------
TP6329 allocated to 1
----------------------

----------------------
TP6622 allocated to 2
----------------------

----------------------
TP7285 allocated to 2
----------------------

----------------------
TP8031 allocated to 1
----------------------

----------------------
TP8173 allocated to 2
----------------------

----------------------
TP8363 allocated to 1
----------------------

----------------------
TP8366 allocated to 2
----------------------

----------------------
TP8725 allocated to 2
----------------------

----------------------
TP9176 allocated to 1
----------------------

----------------------
TP9189 allocated to 2
----------------------

----------------------
TP9278 allocated to 2
----------------------

----------------------
TP9629 allocated to 1
----------------------

----------------------
TP9959 allocated to 2
----------------------

----------------------
TP10084 allocated to 2
----------------------

----------------------
TP10201 allocated to 2
----------------------

----------------------
TP10406 allocated to 2
----------------------

----------------------
TP10497 allocated to 2
----------------------

----------------------
TP10543 allocated to 2
----------------------

----------------------
TP11590 allocated to 2
----------------------

----------------------
TP12036 allocated to 2
----------------------

----------------------
TP12833 allocated to 2
----------------------

----------------------
TP12894 allocated to 3
----------------------

----------------------
TP13208 allocated to 3
----------------------

----------------------
TP14196 allocated to 2
----------------------

----------------------
TP14457 allocated to 3
----------------------

----------------------
TP14501 allocated to 3
----------------------

----------------------
TP14533 allocated to 3
----------------------

----------------------
TP15379 allocated to 3
----------------------

----------------------
TP15558 allocated to 3
----------------------

----------------------
TP15592 allocated to 3
----------------------

----------------------
TP16031 allocated to 3
----------------------

----------------------
TP16128 allocated to 1
----------------------

----------------------
TP16296 allocated to 3
----------------------

----------------------
TP16378 allocated to 3
----------------------

----------------------
TP16872 allocated to 3
----------------------

----------------------
TP16892 allocated to 3
----------------------

----------------------
TP17408 allocated to 3
----------------------

----------------------
TP17413 allocated to 3
----------------------

----------------------
TP17492 allocated to 3
----------------------

----------------------
TP18067 allocated to 3
----------------------

----------------------
TP18075 allocated to 1
----------------------

----------------------
TP18174 allocated to 4
----------------------

----------------------
TP18421 allocated to 3
----------------------

----------------------
TP19414 allocated to 4
----------------------

----------------------
TP19795 allocated to 4
----------------------

----------------------
TP20200 allocated to 4
----------------------

----------------------
TP20241 allocated to 4
----------------------

----------------------
TP20388 allocated to 4
----------------------

----------------------
TP20588 allocated to 4
----------------------

----------------------
TP21037 allocated to 4
----------------------

----------------------
TP21314 allocated to 4
----------------------

----------------------
TP21686 allocated to 1
----------------------

----------------------
TP22535 allocated to 4
----------------------

----------------------
TP23143 allocated to 1
----------------------

----------------------
TP23620 allocated to 4
----------------------

----------------------
TP24016 allocated to 4
----------------------

----------------------
TP24443 allocated to 4
----------------------

----------------------
TP24498 allocated to 4
----------------------

----------------------
TP24616 allocated to 4
----------------------

----------------------
TP24730 allocated to 4
----------------------

----------------------
TP25001 allocated to 4
----------------------

----------------------
TP25181 allocated to 4
----------------------

----------------------
TP25188 allocated to 5
----------------------

----------------------
TP25285 allocated to 5
----------------------

----------------------
TP25564 allocated to 5
----------------------

----------------------
TP25595 allocated to 2
----------------------

----------------------
TP25731 allocated to 5
----------------------

----------------------
TP25888 allocated to 5
----------------------

----------------------
TP26383 allocated to 5
----------------------

----------------------
TP26506 allocated to 5
----------------------

----------------------
TP26541 allocated to 5
----------------------

----------------------
TP26543 allocated to 5
----------------------

----------------------
TP26760 allocated to 5
----------------------

----------------------
TP27344 allocated to 5
----------------------

----------------------
TP27676 allocated to 6
----------------------

----------------------
TP28022 allocated to 5
----------------------

----------------------
TP28164 allocated to 6
----------------------

----------------------
TP28608 allocated to 5
----------------------

----------------------
TP28657 allocated to 6
----------------------

----------------------
TP29159 allocated to 6
----------------------

----------------------
TP29734 allocated to 6
----------------------

----------------------
TP30318 allocated to 6
----------------------

----------------------
TP30611 allocated to 6
----------------------

----------------------
TP30768 allocated to 6
----------------------

----------------------
TP30932 allocated to 6
----------------------

----------------------
TP30934 allocated to 6
----------------------

----------------------
TP32023 allocated to 6
----------------------

----------------------
TP32409 allocated to 6
----------------------

----------------------
TP32508 allocated to 6
----------------------

----------------------
TP32599 allocated to 6
----------------------

----------------------
TP32730 allocated to 6
----------------------

----------------------
TP32793 allocated to 6
----------------------

----------------------
TP33124 allocated to 6
----------------------

----------------------
TP33402 allocated to 6
----------------------

----------------------
TP33769 allocated to 6
----------------------

----------------------
TP33897 allocated to 7
----------------------

----------------------
TP34381 allocated to 7
----------------------

----------------------
TP34786 allocated to 1
----------------------

----------------------
TP35218 allocated to 1
----------------------

----------------------
TP35383 allocated to 7
----------------------

----------------------
TP35614 allocated to 7
----------------------

----------------------
TP35978 allocated to 7
----------------------

----------------------
TP36524 allocated to 7
----------------------

----------------------
TP36651 allocated to 6
----------------------

----------------------
TP37550 allocated to 7
----------------------

----------------------
TP37877 allocated to 7
----------------------

----------------------
TP37895 allocated to 7
----------------------

----------------------
TP38351 allocated to 7
----------------------

----------------------
TP38530 allocated to 7
----------------------

----------------------
TP38567 allocated to 7
----------------------

----------------------
TP38640 allocated to 1
----------------------

----------------------
TP38927 allocated to 7
----------------------

----------------------
TP39121 allocated to 2
----------------------

----------------------
TP39870 allocated to 7
----------------------

----------------------
TP40125 allocated to 1
----------------------

----------------------
TP40416 allocated to 1
----------------------

----------------------
TP40455 allocated to 7
----------------------

----------------------
TP40766 allocated to 7
----------------------

----------------------
TP41134 allocated to 1
----------------------

----------------------
TP41244 allocated to 8
----------------------

----------------------
TP41396 allocated to 1
----------------------

----------------------
TP41439 allocated to 8
----------------------

----------------------
TP41801 allocated to 8
----------------------

----------------------
TP41941 allocated to 8
----------------------

----------------------
TP42131 allocated to 8
----------------------

----------------------
TP42283 allocated to 1
----------------------

----------------------
TP42664 allocated to 8
----------------------

----------------------
TP42889 allocated to 8
----------------------

----------------------
TP43050 allocated to 2
----------------------

----------------------
TP43395 allocated to 2
----------------------

----------------------
TP43408 allocated to 8
----------------------

----------------------
TP43499 allocated to 8
----------------------

----------------------
TP43524 allocated to 8
----------------------

----------------------
TP43833 allocated to 8
----------------------

----------------------
TP43855 allocated to 8
----------------------

----------------------
TP44212 allocated to 8
----------------------

----------------------
TP44577 allocated to 1
----------------------

----------------------
TP44776 allocated to 8
----------------------

----------------------
TP45714 allocated to 5
----------------------

----------------------
TP45780 allocated to 8
----------------------

----------------------
TP45785 allocated to 8
----------------------

----------------------
TP45816 allocated to 1
----------------------

----------------------
TP46119 allocated to 8
----------------------

----------------------
TP46310 allocated to 8
----------------------

----------------------
TP46385 allocated to 8
----------------------

----------------------
TP47094 allocated to 8
----------------------

----------------------
TP47148 allocated to 8
----------------------

----------------------
TP47161 allocated to 8
----------------------

----------------------
TP47219 not allocated
----------------------

----------------------
TP47410 not allocated
----------------------

----------------------
TP47487 not allocated
----------------------

----------------------
TP48039 allocated to 8
----------------------

----------------------
TP48289 not allocated
----------------------

----------------------
TP48306 not allocated
----------------------

----------------------
TP48701 not allocated
----------------------

----------------------
TP49724 not allocated
----------------------

----------------------
TP49861 not allocated
----------------------

-------------------------------------------------------------------------

Ride-sharing vs Individual Mode - Num Vehicles and Distance Comparisson 

-------------------------------------------------------------------------
Individual Mode = 178 vehicles.
Ride-sharing Mode = 16 vehicles. The 8 ride-sharing vehicles + 8 vehicles of the individuals not served by the ride-sharing service.
-------------------------------------------------------------------------
Individual Mode = 440 distance.
Ride-sharing Mode = 829 distance. 800 from the EV fleet + 29 from the distance of the trips not covered individuals had to do with their own vehicle.
-------------------------------------------------------------------------
