-------------------------------------------------------------------------
TPs satisfied = 122; Total TPs = 194; Percentage Satisfied + 62.9%
-------------------------------------------------------------------------

-------------------------------------------------------------------------

EVs

-------------------------------------------------------------------------
--------------------------------------
EV1
--------------------------------------
Num TPs served = 53
TPs served = 52 216 315 353 619 774 793 1006 1058 1126 1395 1491 1945 2194 2432 2846 3069 3156 3217 3616 4104 4132 4204 5020 5302 5385 6316 9030 9058 10601 10653 10711 12218 14766 16566 18208 19144 20335 22140 23605 29745 29845 32622 32771 33916 36973 37149 37790 42019 45221 47795 48021 49452
Total energy used = 100
--------------------------------------
Schedule:
0 119 549 310 549 310 0 0 100 100 0 119 0
119 119 549 310 549 310 0 1 100 100 52 32 0
119 120 549 310 549 311 1 0 100 99 -52 32 1
120 411 549 311 549 311 0 0 99 99 0 291 0
411 412 549 311 549 310 0 1 99 98 216 32 1
412 413 549 310 550 310 1 0 98 97 -216 32 1
413 608 550 310 550 310 0 0 97 97 0 195 0
608 609 550 310 549 310 0 1 97 96 315 32 1
609 610 549 310 550 310 1 0 96 95 -315 32 1
610 670 550 310 550 310 0 0 95 95 0 60 0
670 671 550 310 549 310 0 1 95 94 353 32 1
671 672 549 310 549 311 1 0 94 93 -353 32 1
672 1113 549 311 549 311 0 0 93 93 0 441 0
1113 1114 549 311 549 310 0 1 93 92 619 32 1
1114 1115 549 310 549 311 1 0 92 91 -619 32 1
1115 1386 549 311 549 311 0 0 91 91 0 271 0
1386 1387 549 311 549 310 0 1 91 90 774 32 1
1387 1419 549 310 549 310 1 1 90 90 0 32 0
1419 1419 549 310 549 310 1 2 90 90 793 32 0
1419 1422 549 310 552 310 2 1 90 87 -774 2 3
1422 1426 552 310 552 310 1 1 87 87 0 4 0
1426 1430 552 310 556 310 1 0 87 83 -793 32 4
1430 1760 556 310 556 310 0 0 83 83 0 330 0
1760 1767 556 310 549 310 0 1 83 76 1006 32 7
1767 1769 549 310 551 310 1 0 76 74 -1006 32 2
1769 1853 551 310 551 310 0 0 74 74 0 84 0
1853 1855 551 310 549 310 0 1 74 72 1058 32 2
1855 1857 549 310 549 312 1 0 72 70 -1058 32 2
1857 1965 549 312 549 312 0 0 70 70 0 108 0
1965 1967 549 312 549 310 0 1 70 68 1126 32 2
1967 1968 549 310 549 311 1 0 68 67 -1126 32 1
1968 2451 549 311 549 311 0 0 67 67 0 483 0
2451 2452 549 311 549 310 0 1 67 66 18208 32 1
2452 2452 549 310 549 310 1 2 66 66 1395 17 0
2452 2454 549 310 549 310 2 2 66 66 0 2 0
2454 2454 549 310 549 310 2 1 66 66 -18208 32 0
2454 2457 549 310 550 312 1 0 66 63 -1395 15 3
2457 2604 550 312 550 312 0 0 63 63 0 147 0
2604 2607 550 312 549 310 0 1 63 60 1491 32 3
2607 2609 549 310 549 310 1 1 60 60 0 2 0
2609 2609 549 310 549 310 1 0 60 60 -1491 32 0
2609 3423 549 310 549 310 0 0 60 60 0 814 0
3423 3423 549 310 549 310 0 1 60 60 1945 32 0
3423 3425 549 310 549 310 1 1 60 60 0 2 0
3425 3429 549 310 553 310 1 0 60 56 -1945 32 4
3429 3868 553 310 553 310 0 0 56 56 0 439 0
3868 3872 553 310 549 310 0 1 56 52 2194 32 4
3872 3874 549 310 549 310 1 1 52 52 0 2 0
3874 3878 549 310 552 311 1 0 52 48 -2194 32 4
3878 4317 552 311 552 311 0 0 48 48 0 439 0
4317 4321 552 311 549 310 0 1 48 44 2432 32 4
4321 4323 549 310 549 310 1 1 44 44 0 2 0
4323 4325 549 310 551 310 1 0 44 42 -2432 32 2
4325 5073 551 310 551 310 0 0 42 42 0 748 0
5073 5075 551 310 549 310 0 1 42 40 2846 32 2
5075 5078 549 310 549 310 1 1 40 40 0 3 0
5078 5079 549 310 549 311 1 0 40 39 -2846 32 1
5079 5358 549 311 549 311 0 0 39 39 0 279 0
5358 5359 549 311 549 310 0 1 39 38 36973 32 1
5359 5360 549 310 549 310 1 1 38 38 0 1 0
5360 5360 549 310 549 310 1 0 38 38 -36973 32 0
5360 5454 549 310 549 310 0 0 38 38 0 94 0
5454 5454 549 310 549 310 0 1 38 38 19144 32 0
5454 5455 549 310 549 310 1 1 38 38 0 1 0
5455 5455 549 310 549 310 1 0 38 38 -19144 32 0
5455 5476 549 310 549 310 0 0 38 38 0 21 0
5476 5476 549 310 549 310 0 1 38 38 3069 32 0
5476 5477 549 310 549 310 1 1 38 38 0 1 0
5477 5477 549 310 549 310 1 0 38 38 -3069 32 0
5477 5626 549 310 549 310 0 0 38 38 0 149 0
5626 5626 549 310 549 310 0 1 38 38 3156 32 0
5626 5628 549 310 549 310 1 1 38 38 0 2 0
5628 5630 549 310 550 311 1 0 38 36 -3156 32 2
5630 5728 550 311 550 311 0 0 36 36 0 98 0
5728 5730 550 311 549 310 0 1 36 34 3217 32 2
5730 5731 549 310 549 310 1 1 34 34 0 1 0
5731 5732 549 310 550 310 1 0 34 33 -3217 32 1
5732 5878 550 310 550 310 0 0 33 33 0 146 0
5878 5879 550 310 549 310 0 1 33 32 37149 32 1
5879 5880 549 310 549 310 1 1 32 32 0 1 0
5880 5880 549 310 549 310 1 0 32 32 -37149 32 0
5880 6478 549 310 549 310 0 0 32 32 0 598 0
6478 6478 549 310 549 310 0 1 32 32 3616 32 0
6478 6479 549 310 549 311 1 0 32 31 -3616 32 1
6479 7388 549 311 549 311 0 0 31 31 0 909 0
7388 7389 549 311 549 310 0 1 31 30 4104 32 1
7389 7390 549 310 549 310 1 1 30 30 0 1 0
7390 7391 549 310 549 311 1 0 30 29 -4104 32 1
7391 7431 549 311 549 311 0 0 29 29 0 40 0
7431 7432 549 311 549 310 0 1 29 28 4132 32 1
7432 7433 549 310 549 310 1 1 28 28 0 1 0
7433 7442 549 310 554 314 1 0 28 19 -4132 32 9
7442 7558 554 314 554 314 0 0 19 19 0 116 0
7558 7567 554 314 549 310 0 1 19 10 4204 32 9
7567 7568 549 310 550 310 1 0 10 9 -4204 32 1
7568 7710 550 310 550 310 0 0 9 9 0 142 0
7710 7711 550 310 549 310 0 1 9 8 37790 32 1
7711 7713 549 310 549 310 1 1 8 8 0 2 0
7713 7713 549 310 549 310 1 0 8 8 -37790 32 0
7713 8988 549 310 549 310 0 0 8 8 0 1275 0
8988 8988 549 310 549 310 0 1 8 8 20335 32 0
8988 8989 549 310 549 310 1 1 8 8 0 1 0
8989 8989 549 310 549 310 1 0 8 8 -20335 32 0
8989 9110 549 310 549 310 0 0 8 8 0 121 0
9110 9110 549 310 549 310 0 1 8 8 5020 32 0
9110 9111 549 310 549 310 1 1 8 8 0 1 0
9111 9112 549 310 549 311 1 0 8 7 -5020 32 1
9112 9646 549 311 549 311 0 0 7 7 0 534 0
9646 9647 549 311 549 310 0 1 7 6 5302 32 1
9647 9648 549 310 549 310 1 1 6 6 0 1 0
9648 9649 549 310 550 310 1 0 6 5 -5302 32 1
9649 9797 550 310 550 310 0 0 5 5 0 148 0
9797 9798 550 310 549 310 0 1 5 4 5385 32 1
9798 9799 549 310 549 310 1 1 4 4 0 1 0
9799 9801 549 310 549 312 1 0 4 2 -5385 32 2
9801 11591 549 312 549 312 0 0 2 2 0 1790 0
11591 11593 549 312 549 310 0 1 2 0 6316 32 2
11593 11594 549 310 549 310 1 1 0 0 0 1 0
11594 11594 549 310 549 310 1 0 0 0 -6316 32 0
11594 13830 549 310 549 310 0 0 0 0 0 2236 0
13830 13830 549 310 549 310 0 1 0 0 22140 32 0
13830 13833 549 310 549 310 1 1 0 0 0 3 0
13833 13833 549 310 549 310 1 0 0 0 -22140 32 0
13833 17419 549 310 549 310 0 0 0 0 0 3586 0
17419 17419 549 310 549 310 0 1 0 0 23605 32 0
17419 17420 549 310 549 310 1 1 0 0 0 1 0
17420 17420 549 310 549 310 1 0 0 0 -23605 32 0
17420 17713 549 310 549 310 0 0 0 0 0 293 0
17713 17713 549 310 549 310 0 1 0 0 9030 32 0
17713 17715 549 310 549 310 1 1 0 0 0 2 0
17715 17715 549 310 549 310 1 0 0 0 -9030 32 0
17715 17782 549 310 549 310 0 0 0 0 0 67 0
17782 17782 549 310 549 310 0 1 0 0 9058 32 0
17782 17783 549 310 549 310 1 1 0 0 0 1 0
17783 17783 549 310 549 310 1 0 0 0 -9058 32 0
17783 18140 549 310 549 310 0 0 0 0 0 357 0
18140 18140 549 310 549 310 0 1 0 0 42019 32 0
18140 18148 549 310 549 310 1 1 0 0 0 8 0
18148 18148 549 310 549 310 1 0 0 0 -42019 32 0
18148 22119 549 310 549 310 0 0 0 0 0 3971 0
22119 22119 549 310 549 310 0 1 0 0 10601 32 0
22119 22120 549 310 549 310 1 1 0 0 0 1 0
22120 22120 549 310 549 310 1 0 0 0 -10601 32 0
22120 22247 549 310 549 310 0 0 0 0 0 127 0
22247 22247 549 310 549 310 0 1 0 0 10653 32 0
22247 22249 549 310 549 310 1 1 0 0 0 2 0
22249 22249 549 310 549 310 1 0 0 0 -10653 32 0
22249 22450 549 310 549 310 0 0 0 0 0 201 0
22450 22450 549 310 549 310 0 1 0 0 10711 32 0
22450 22452 549 310 549 310 1 1 0 0 0 2 0
22452 22452 549 310 549 310 1 0 0 0 -10711 32 0
22452 24406 549 310 549 310 0 0 0 0 0 1954 0
24406 24406 549 310 549 310 0 1 0 0 45221 32 0
24406 24407 549 310 549 310 1 1 0 0 0 1 0
24407 24407 549 310 549 310 1 0 0 0 -45221 32 0
24407 27434 549 310 549 310 0 0 0 0 0 3027 0
27434 27434 549 310 549 310 0 1 0 0 12218 32 0
27434 27436 549 310 549 310 1 1 0 0 0 2 0
27436 27436 549 310 549 310 1 0 0 0 -12218 32 0
27436 28859 549 310 549 310 0 0 0 0 0 1423 0
28859 28859 549 310 549 310 0 1 0 0 47795 32 0
28859 28860 549 310 549 310 1 1 0 0 0 1 0
28860 28860 549 310 549 310 1 0 0 0 -47795 32 0
28860 29248 549 310 549 310 0 0 0 0 0 388 0
29248 29248 549 310 549 310 0 1 0 0 48021 32 0
29248 29250 549 310 549 310 1 1 0 0 0 2 0
29250 29250 549 310 549 310 1 0 0 0 -48021 32 0
29250 29967 549 310 549 310 0 0 0 0 0 717 0
29967 29967 549 310 549 310 0 1 0 0 29745 32 0
29967 29969 549 310 549 310 1 1 0 0 0 2 0
29969 29969 549 310 549 310 1 0 0 0 -29745 32 0
29969 30182 549 310 549 310 0 0 0 0 0 213 0
30182 30182 549 310 549 310 0 1 0 0 29845 32 0
30182 30184 549 310 549 310 1 1 0 0 0 2 0
30184 30184 549 310 549 310 1 0 0 0 -29845 32 0
30184 31810 549 310 549 310 0 0 0 0 0 1626 0
31810 31810 549 310 549 310 0 1 0 0 49452 32 0
31810 31813 549 310 549 310 1 1 0 0 0 3 0
31813 31813 549 310 549 310 1 0 0 0 -49452 32 0
31813 36207 549 310 549 310 0 0 0 0 0 4394 0
36207 36207 549 310 549 310 0 1 0 0 32622 32 0
36207 36208 549 310 549 310 1 1 0 0 0 1 0
36208 36208 549 310 549 310 1 0 0 0 -32622 32 0
36208 36536 549 310 549 310 0 0 0 0 0 328 0
36536 36536 549 310 549 310 0 1 0 0 32771 32 0
36536 36537 549 310 549 310 1 1 0 0 0 1 0
36537 36537 549 310 549 310 1 0 0 0 -32771 32 0
36537 36934 549 310 549 310 0 0 0 0 0 397 0
36934 36934 549 310 549 310 0 1 0 0 14766 32 0
36934 36936 549 310 549 310 1 1 0 0 0 2 0
36936 36936 549 310 549 310 1 0 0 0 -14766 32 0
36936 39544 549 310 549 310 0 0 0 0 0 2608 0
39544 39544 549 310 549 310 0 1 0 0 33916 32 0
39544 39546 549 310 549 310 1 1 0 0 0 2 0
39546 39546 549 310 549 310 1 0 0 0 -33916 32 0
39546 41725 549 310 549 310 0 0 0 0 0 2179 0
41725 41725 549 310 549 310 0 1 0 0 16566 32 0
41725 41730 549 310 549 310 1 1 0 0 0 5 0
41730 41730 549 310 549 310 1 0 0 0 -16566 32 0
41730 43267 549 310 549 310 0 0 0 0 0 1537 0
43267 43267 549 310 549 310 0 0 0 0 1000000000 0 0
--------------------------------------
--------------------------------------
EV2
--------------------------------------
Num TPs served = 13
TPs served = 5135 5218 5433 5709 6345 6516 6663 6856 7094 7350 7352 7363 7482
Total energy used = 100
--------------------------------------
Schedule:
0 9322 549 310 549 310 0 0 100 100 0 9322 0
9322 9322 549 310 549 310 0 1 100 100 5135 32 0
9322 9323 549 310 549 310 1 1 100 100 0 1 0
9323 9329 549 310 555 310 1 0 100 94 -5135 32 6
9329 9464 555 310 555 310 0 0 94 94 0 135 0
9464 9470 555 310 549 310 0 1 94 88 5218 32 6
9470 9485 549 310 563 311 1 0 88 73 -5218 32 15
9485 9857 563 311 563 311 0 0 73 73 0 372 0
9857 9872 563 311 549 310 0 1 73 58 5433 32 15
9872 9878 549 310 549 310 1 1 58 58 0 6 0
9878 9879 549 310 549 311 1 0 58 57 -5433 32 1
9879 10429 549 311 549 311 0 0 57 57 0 550 0
10429 10430 549 311 549 310 0 1 57 56 5709 32 1
10430 10432 549 310 551 310 1 0 56 54 -5709 32 2
10432 11638 551 310 551 310 0 0 54 54 0 1206 0
11638 11640 551 310 549 310 0 1 54 52 6345 32 2
11640 11643 549 310 552 310 1 0 52 49 -6345 32 3
11643 11971 552 310 552 310 0 0 49 49 0 328 0
11971 11974 552 310 549 310 0 1 49 46 6516 32 3
11974 11977 549 310 549 310 1 1 46 46 0 3 0
11977 11981 549 310 552 311 1 0 46 42 -6516 32 4
11981 12289 552 311 552 311 0 0 42 42 0 308 0
12289 12293 552 311 549 310 0 1 42 38 6663 32 4
12293 12302 549 310 557 311 1 0 38 29 -6663 32 9
12302 12679 557 311 557 311 0 0 29 29 0 377 0
12679 12688 557 311 549 310 0 1 29 20 6856 32 9
12688 12689 549 310 550 310 1 0 20 19 -6856 32 1
12689 13219 550 310 550 310 0 0 19 19 0 530 0
13219 13220 550 310 549 310 0 1 19 18 7094 32 1
13220 13223 549 310 552 310 1 0 18 15 -7094 32 3
13223 13771 552 310 552 310 0 0 15 15 0 548 0
13771 13774 552 310 549 310 0 1 15 12 7352 32 3
13774 13774 549 310 549 310 1 2 12 12 7350 23 0
13774 13777 549 310 552 310 2 1 12 9 -7352 32 3
13777 13779 552 310 550 310 1 0 9 7 -7350 19 2
13779 13799 550 310 550 310 0 0 7 7 0 20 0
13799 13800 550 310 549 310 0 1 7 6 7363 32 1
13800 13801 549 310 549 310 1 1 6 6 0 1 0
13801 13802 549 310 550 310 1 0 6 5 -7363 32 1
13802 14086 550 310 550 310 0 0 5 5 0 284 0
14086 14087 550 310 549 310 0 1 5 4 7482 32 1
14087 14089 549 310 551 310 1 0 4 2 -7482 32 2
14089 43265 551 310 551 310 0 0 2 2 0 29176 0
43265 43267 551 310 549 310 0 0 2 0 1000000000 0 2
--------------------------------------
--------------------------------------
EV3
--------------------------------------
Num TPs served = 23
TPs served = 7920 8518 8669 8980 9328 9532 9673 9872 9969 10598 10690 11116 11307 12076 14093 15964 16009 16458 16714 16850 17311 17742 18681
Total energy used = 100
--------------------------------------
Schedule:
0 995 549 310 549 310 0 0 100 100 0 995 0
995 995 549 310 549 310 0 1 100 100 17742 32 0
995 998 549 310 552 310 1 0 100 97 -17742 32 3
998 3954 552 310 552 310 0 0 97 97 0 2956 0
3954 3957 552 310 549 310 0 1 97 94 18681 32 3
3957 3958 549 310 549 310 1 1 94 94 0 1 0
3958 3960 549 310 549 312 1 0 94 92 -18681 32 2
3960 15025 549 312 549 312 0 0 92 92 0 11065 0
15025 15027 549 312 549 310 0 1 92 90 7920 32 2
15027 15028 549 310 550 310 1 0 90 89 -7920 32 1
15028 16400 550 310 550 310 0 0 89 89 0 1372 0
16400 16401 550 310 549 310 0 1 89 88 8518 32 1
16401 16402 549 310 549 311 1 0 88 87 -8518 32 1
16402 16782 549 311 549 311 0 0 87 87 0 380 0
16782 16783 549 311 549 310 0 1 87 86 8669 32 1
16783 16788 549 310 549 310 1 1 86 86 0 5 0
16788 16790 549 310 549 312 1 0 86 84 -8669 32 2
16790 17601 549 312 549 312 0 0 84 84 0 811 0
17601 17603 549 312 549 310 0 1 84 82 8980 32 2
17603 17604 549 310 549 310 1 1 82 82 0 1 0
17604 17605 549 310 549 311 1 0 82 81 -8980 32 1
17605 18564 549 311 549 311 0 0 81 81 0 959 0
18564 18565 549 311 549 310 0 1 81 80 9328 32 1
18565 18566 549 310 550 310 1 0 80 79 -9328 32 1
18566 19108 550 310 550 310 0 0 79 79 0 542 0
19108 19109 550 310 549 310 0 1 79 78 9532 32 1
19109 19111 549 310 551 310 1 0 78 76 -9532 32 2
19111 19471 551 310 551 310 0 0 76 76 0 360 0
19471 19473 551 310 549 310 0 1 76 74 9673 32 2
19473 19475 549 310 549 310 1 1 74 74 0 2 0
19475 19479 549 310 553 310 1 0 74 70 -9673 32 4
19479 20062 553 310 553 310 0 0 70 70 0 583 0
20062 20066 553 310 549 310 0 1 70 66 9872 32 4
20066 20071 549 310 553 311 1 0 66 61 -9872 32 5
20071 20311 553 311 553 311 0 0 61 61 0 240 0
20311 20316 553 311 549 310 0 1 61 56 9969 32 5
20316 20317 549 310 549 310 1 1 56 56 0 1 0
20317 20318 549 310 549 311 1 0 56 55 -9969 32 1
20318 22106 549 311 549 311 0 0 55 55 0 1788 0
22106 22107 549 311 549 310 0 1 55 54 10598 32 1
22107 22111 549 310 549 310 1 1 54 54 0 4 0
22111 22116 549 310 552 312 1 0 54 49 -10598 32 5
22116 22368 552 312 552 312 0 0 49 49 0 252 0
22368 22373 552 312 549 310 0 1 49 44 10690 32 5
22373 22376 549 310 549 313 1 0 44 41 -10690 32 3
22376 23726 549 313 549 313 0 0 41 41 0 1350 0
23726 23729 549 313 549 310 0 1 41 38 11116 32 3
23729 23731 549 310 551 310 1 0 38 36 -11116 32 2
23731 24278 551 310 551 310 0 0 36 36 0 547 0
24278 24280 551 310 549 310 0 1 36 34 11307 32 2
24280 24283 549 310 551 311 1 0 34 31 -11307 32 3
24283 26987 551 311 551 311 0 0 31 31 0 2704 0
26987 26990 551 311 549 310 0 1 31 28 12076 32 3
26990 26992 549 310 551 310 1 0 28 26 -12076 32 2
26992 34328 551 310 551 310 0 0 26 26 0 7336 0
34328 34330 551 310 549 310 0 1 26 24 14093 32 2
34330 34331 549 310 550 310 1 0 24 23 -14093 32 1
34331 40670 550 310 550 310 0 0 23 23 0 6339 0
40670 40671 550 310 549 310 0 1 23 22 15964 32 1
40671 40672 549 310 550 310 1 0 22 21 -15964 32 1
40672 40754 550 310 550 310 0 0 21 21 0 82 0
40754 40755 550 310 549 310 0 1 21 20 16009 32 1
40755 40756 549 310 549 310 1 1 20 20 0 1 0
40756 40757 549 310 550 310 1 0 20 19 -16009 32 1
40757 41528 550 310 550 310 0 0 19 19 0 771 0
41528 41529 550 310 549 310 0 1 19 18 16458 32 1
41529 41530 549 310 549 311 1 0 18 17 -16458 32 1
41530 41983 549 311 549 311 0 0 17 17 0 453 0
41983 41984 549 311 549 310 0 1 17 16 16714 32 1
41984 41985 549 310 549 310 1 1 16 16 0 1 0
41985 41986 549 310 550 310 1 0 16 15 -16714 32 1
41986 42225 550 310 550 310 0 0 15 15 0 239 0
42225 42226 550 310 549 310 0 1 15 14 16850 32 1
42226 42227 549 310 549 310 1 1 14 14 0 1 0
42227 42233 549 310 554 311 1 0 14 8 -16850 32 6
42233 43015 554 311 554 311 0 0 8 8 0 782 0
43015 43021 554 311 549 310 0 1 8 2 17311 32 6
43021 43022 549 310 549 310 1 1 2 2 0 1 0
43022 43023 549 310 550 310 1 0 2 1 -17311 32 1
43023 43266 550 310 550 310 0 0 1 1 0 243 0
43266 43267 550 310 549 310 0 0 1 0 1000000000 0 1
--------------------------------------
--------------------------------------
EV4
--------------------------------------
Num TPs served = 17
TPs served = 18044 19020 19174 19272 19971 20290 20402 20736 21357 21871 22229 22342 22423 22531 22833 22966 23128
Total energy used = 100
--------------------------------------
Schedule:
0 1960 549 310 549 310 0 0 100 100 0 1960 0
1960 1960 549 310 549 310 0 1 100 100 18044 32 0
1960 1964 549 310 552 311 1 0 100 96 -18044 32 4
1964 5048 552 311 552 311 0 0 96 96 0 3084 0
5048 5052 552 311 549 310 0 1 96 92 19020 32 4
5052 5053 549 310 549 310 1 1 92 92 0 1 0
5053 5054 549 310 550 310 1 0 92 91 -19020 32 1
5054 5518 550 310 550 310 0 0 91 91 0 464 0
5518 5519 550 310 549 310 0 1 91 90 19174 32 1
5519 5521 549 310 551 310 1 0 90 88 -19174 32 2
5521 5798 551 310 551 310 0 0 88 88 0 277 0
5798 5800 551 310 549 310 0 1 88 86 19272 32 2
5800 5801 549 310 549 310 1 1 86 86 0 1 0
5801 5802 549 310 550 310 1 0 86 85 -19272 32 1
5802 7952 550 310 550 310 0 0 85 85 0 2150 0
7952 7953 550 310 549 310 0 1 85 84 19971 32 1
7953 7955 549 310 551 310 1 0 84 82 -19971 32 2
7955 8866 551 310 551 310 0 0 82 82 0 911 0
8866 8868 551 310 549 310 0 1 82 80 20290 32 2
8868 8869 549 310 549 311 1 0 80 79 -20290 32 1
8869 9176 549 311 549 311 0 0 79 79 0 307 0
9176 9177 549 311 549 310 0 1 79 78 20402 32 1
9177 9180 549 310 552 310 1 0 78 75 -20402 32 3
9180 10061 552 310 552 310 0 0 75 75 0 881 0
10061 10064 552 310 549 310 0 1 75 72 20736 32 3
10064 10068 549 310 550 313 1 0 72 68 -20736 32 4
10068 11711 550 313 550 313 0 0 68 68 0 1643 0
11711 11715 550 313 549 310 0 1 68 64 21357 32 4
11715 11716 549 310 549 310 1 1 64 64 0 1 0
11716 11719 549 310 552 310 1 0 64 61 -21357 32 3
11719 13099 552 310 552 310 0 0 61 61 0 1380 0
13099 13102 552 310 549 310 0 1 61 58 21871 32 3
13102 13104 549 310 551 310 1 0 58 56 -21871 32 2
13104 14043 551 310 551 310 0 0 56 56 0 939 0
14043 14045 551 310 549 310 0 1 56 54 22229 32 2
14045 14046 549 310 550 310 1 0 54 53 -22229 32 1
14046 14327 550 310 550 310 0 0 53 53 0 281 0
14327 14328 550 310 549 310 0 1 53 52 22342 32 1
14328 14331 549 310 552 310 1 0 52 49 -22342 32 3
14331 14558 552 310 552 310 0 0 49 49 0 227 0
14558 14561 552 310 549 310 0 1 49 46 22423 32 3
14561 14564 549 310 551 311 1 0 46 43 -22423 32 3
14564 14804 551 311 551 311 0 0 43 43 0 240 0
14804 14807 551 311 549 310 0 1 43 40 22531 32 3
14807 14808 549 310 549 311 1 0 40 39 -22531 32 1
14808 15583 549 311 549 311 0 0 39 39 0 775 0
15583 15584 549 311 549 310 0 1 39 38 22833 32 1
15584 15585 549 310 549 311 1 0 38 37 -22833 32 1
15585 15885 549 311 549 311 0 0 37 37 0 300 0
15885 15886 549 311 549 310 0 1 37 36 22966 32 1
15886 15895 549 310 558 310 1 0 36 27 -22966 32 9
15895 16296 558 310 558 310 0 0 27 27 0 401 0
16296 16305 558 310 549 310 0 1 27 18 23128 32 9
16305 16306 549 310 549 310 1 1 18 18 0 1 0
16306 16315 549 310 556 312 1 0 18 9 -23128 32 9
16315 43258 556 312 556 312 0 0 9 9 0 26943 0
43258 43267 556 312 549 310 0 0 9 0 1000000000 0 9
--------------------------------------
--------------------------------------
EV5
--------------------------------------
Num TPs served = 16
TPs served = 23173 23355 23489 23521 24447 25896 26082 26351 26452 26801 26953 27153 28456 28484 44638 45502
Total energy used = 100
--------------------------------------
Schedule:
0 16412 549 310 549 310 0 0 100 100 0 16412 0
16412 16412 549 310 549 310 0 1 100 100 23173 32 0
16412 16415 549 310 549 310 1 1 100 100 0 3 0
16415 16420 549 310 554 310 1 0 100 95 -23173 32 5
16420 16851 554 310 554 310 0 0 95 95 0 431 0
16851 16856 554 310 549 310 0 1 95 90 23355 32 5
16856 16861 549 310 552 312 1 0 90 85 -23355 32 5
16861 17146 552 312 552 312 0 0 85 85 0 285 0
17146 17151 552 312 549 310 0 1 85 80 23489 32 5
17151 17158 549 310 549 317 1 0 80 73 -23489 32 7
17158 17215 549 317 549 317 0 0 73 73 0 57 0
17215 17222 549 317 549 310 0 1 73 66 23521 32 7
17222 17226 549 310 552 311 1 0 66 62 -23521 32 4
17226 19272 552 311 552 311 0 0 62 62 0 2046 0
19272 19276 552 311 549 310 0 1 62 58 24447 32 4
19276 19277 549 310 549 311 1 0 58 57 -24447 32 1
19277 22436 549 311 549 311 0 0 57 57 0 3159 0
22436 22437 549 311 549 310 0 1 57 56 25896 32 1
22437 22438 549 310 549 310 1 1 56 56 0 1 0
22438 22439 549 310 550 310 1 0 56 55 -25896 32 1
22439 22819 550 310 550 310 0 0 55 55 0 380 0
22819 22820 550 310 549 310 0 1 55 54 26082 32 1
22820 22821 549 310 549 311 1 0 54 53 -26082 32 1
22821 23369 549 311 549 311 0 0 53 53 0 548 0
23369 23370 549 311 549 310 0 1 53 52 44638 32 1
23370 23383 549 310 549 310 1 1 52 52 0 13 0
23383 23383 549 310 549 310 1 2 52 52 26351 32 0
23383 23384 549 310 550 310 2 1 52 51 -44638 19 1
23384 23389 550 310 550 310 1 1 51 51 0 5 0
23389 23394 550 310 550 315 1 0 51 46 -26351 32 5
23394 23560 550 315 550 315 0 0 46 46 0 166 0
23560 23566 550 315 549 310 0 1 46 40 26452 32 6
23566 23574 549 310 555 312 1 0 40 32 -26452 32 8
23574 24239 555 312 555 312 0 0 32 32 0 665 0
24239 24247 555 312 549 310 0 1 32 24 26801 32 8
24247 24249 549 310 549 312 1 0 24 22 -26801 32 2
24249 24555 549 312 549 312 0 0 22 22 0 306 0
24555 24557 549 312 549 310 0 1 22 20 26953 32 2
24557 24558 549 310 549 311 1 0 20 19 -26953 32 1
24558 24896 549 311 549 311 0 0 19 19 0 338 0
24896 24897 549 311 549 310 0 1 19 18 45502 32 1
24897 24926 549 310 549 310 1 1 18 18 0 29 0
24926 24926 549 310 549 310 1 2 18 18 27153 32 0
24926 24929 549 310 551 311 2 1 18 15 -45502 3 3
24929 24933 551 311 553 313 1 0 15 11 -27153 32 4
24933 27401 553 313 553 313 0 0 11 11 0 2468 0
27401 27408 553 313 549 310 0 1 11 4 28456 32 7
27408 27409 549 310 549 311 1 0 4 3 -28456 32 1
27409 27458 549 311 549 311 0 0 3 3 0 49 0
27458 27459 549 311 549 310 0 1 3 2 28484 32 1
27459 27460 549 310 549 310 1 1 2 2 0 1 0
27460 27461 549 310 550 310 1 0 2 1 -28484 32 1
27461 43266 550 310 550 310 0 0 1 1 0 15805 0
43266 43267 550 310 549 310 0 0 1 0 1000000000 0 1
--------------------------------------

-------------------------------------------------------------------------

TPs

-------------------------------------------------------------------------

----------------------
TP52 allocated to 1
----------------------

----------------------
TP216 allocated to 1
----------------------

----------------------
TP315 allocated to 1
----------------------

----------------------
TP353 allocated to 1
----------------------

----------------------
TP619 allocated to 1
----------------------

----------------------
TP774 allocated to 1
----------------------

----------------------
TP793 allocated to 1
----------------------

----------------------
TP1006 allocated to 1
----------------------

----------------------
TP1058 allocated to 1
----------------------

----------------------
TP1126 allocated to 1
----------------------

----------------------
TP1395 allocated to 1
----------------------

----------------------
TP1491 allocated to 1
----------------------

----------------------
TP1945 allocated to 1
----------------------

----------------------
TP2194 allocated to 1
----------------------

----------------------
TP2432 allocated to 1
----------------------

----------------------
TP2846 allocated to 1
----------------------

----------------------
TP3069 allocated to 1
----------------------

----------------------
TP3156 allocated to 1
----------------------

----------------------
TP3217 allocated to 1
----------------------

----------------------
TP3616 allocated to 1
----------------------

----------------------
TP4104 allocated to 1
----------------------

----------------------
TP4132 allocated to 1
----------------------

----------------------
TP4204 allocated to 1
----------------------

----------------------
TP5020 allocated to 1
----------------------

----------------------
TP5135 allocated to 2
----------------------

----------------------
TP5218 allocated to 2
----------------------

----------------------
TP5302 allocated to 1
----------------------

----------------------
TP5385 allocated to 1
----------------------

----------------------
TP5433 allocated to 2
----------------------

----------------------
TP5709 allocated to 2
----------------------

----------------------
TP6316 allocated to 1
----------------------

----------------------
TP6345 allocated to 2
----------------------

----------------------
TP6516 allocated to 2
----------------------

----------------------
TP6663 allocated to 2
----------------------

----------------------
TP6856 allocated to 2
----------------------

----------------------
TP7094 allocated to 2
----------------------

----------------------
TP7350 allocated to 2
----------------------

----------------------
TP7352 allocated to 2
----------------------

----------------------
TP7363 allocated to 2
----------------------

----------------------
TP7482 allocated to 2
----------------------

----------------------
TP7920 allocated to 3
----------------------

----------------------
TP8518 allocated to 3
----------------------

----------------------
TP8669 allocated to 3
----------------------

----------------------
TP8980 allocated to 3
----------------------

----------------------
TP9030 allocated to 1
----------------------

----------------------
TP9058 allocated to 1
----------------------

----------------------
TP9328 allocated to 3
----------------------

----------------------
TP9532 allocated to 3
----------------------

----------------------
TP9673 allocated to 3
----------------------

----------------------
TP9872 allocated to 3
----------------------

----------------------
TP9969 allocated to 3
----------------------

----------------------
TP10598 allocated to 3
----------------------

----------------------
TP10601 allocated to 1
----------------------

----------------------
TP10653 allocated to 1
----------------------

----------------------
TP10690 allocated to 3
----------------------

----------------------
TP10711 allocated to 1
----------------------

----------------------
TP11116 allocated to 3
----------------------

----------------------
TP11307 allocated to 3
----------------------

----------------------
TP12076 allocated to 3
----------------------

----------------------
TP12218 allocated to 1
----------------------

----------------------
TP14093 allocated to 3
----------------------

----------------------
TP14766 allocated to 1
----------------------

----------------------
TP15964 allocated to 3
----------------------

----------------------
TP16009 allocated to 3
----------------------

----------------------
TP16458 allocated to 3
----------------------

----------------------
TP16566 allocated to 1
----------------------

----------------------
TP16714 allocated to 3
----------------------

----------------------
TP16850 allocated to 3
----------------------

----------------------
TP17311 allocated to 3
----------------------

----------------------
TP17742 allocated to 3
----------------------

----------------------
TP18044 allocated to 4
----------------------

----------------------
TP18208 allocated to 1
----------------------

----------------------
TP18681 allocated to 3
----------------------

----------------------
TP19020 allocated to 4
----------------------

----------------------
TP19144 allocated to 1
----------------------

----------------------
TP19174 allocated to 4
----------------------

----------------------
TP19272 allocated to 4
----------------------

----------------------
TP19971 allocated to 4
----------------------

----------------------
TP20290 allocated to 4
----------------------

----------------------
TP20335 allocated to 1
----------------------

----------------------
TP20402 allocated to 4
----------------------

----------------------
TP20736 allocated to 4
----------------------

----------------------
TP21357 allocated to 4
----------------------

----------------------
TP21871 allocated to 4
----------------------

----------------------
TP22140 allocated to 1
----------------------

----------------------
TP22229 allocated to 4
----------------------

----------------------
TP22342 allocated to 4
----------------------

----------------------
TP22423 allocated to 4
----------------------

----------------------
TP22531 allocated to 4
----------------------

----------------------
TP22833 allocated to 4
----------------------

----------------------
TP22966 allocated to 4
----------------------

----------------------
TP23128 allocated to 4
----------------------

----------------------
TP23173 allocated to 5
----------------------

----------------------
TP23355 allocated to 5
----------------------

----------------------
TP23489 allocated to 5
----------------------

----------------------
TP23521 allocated to 5
----------------------

----------------------
TP23605 allocated to 1
----------------------

----------------------
TP24447 allocated to 5
----------------------

----------------------
TP25896 allocated to 5
----------------------

----------------------
TP26082 allocated to 5
----------------------

----------------------
TP26351 allocated to 5
----------------------

----------------------
TP26452 allocated to 5
----------------------

----------------------
TP26801 allocated to 5
----------------------

----------------------
TP26953 allocated to 5
----------------------

----------------------
TP27153 allocated to 5
----------------------

----------------------
TP27454 not allocated
----------------------

----------------------
TP28281 not allocated
----------------------

----------------------
TP28427 not allocated
----------------------

----------------------
TP28456 allocated to 5
----------------------

----------------------
TP28484 allocated to 5
----------------------

----------------------
TP28529 not allocated
----------------------

----------------------
TP28710 not allocated
----------------------

----------------------
TP29063 not allocated
----------------------

----------------------
TP29303 not allocated
----------------------

----------------------
TP29329 not allocated
----------------------

----------------------
TP29745 allocated to 1
----------------------

----------------------
TP29845 allocated to 1
----------------------

----------------------
TP29894 not allocated
----------------------

----------------------
TP30377 not allocated
----------------------

----------------------
TP30486 not allocated
----------------------

----------------------
TP30511 not allocated
----------------------

----------------------
TP30836 not allocated
----------------------

----------------------
TP30916 not allocated
----------------------

----------------------
TP31151 not allocated
----------------------

----------------------
TP31768 not allocated
----------------------

----------------------
TP31802 not allocated
----------------------

----------------------
TP32474 not allocated
----------------------

----------------------
TP32475 not allocated
----------------------

----------------------
TP32622 allocated to 1
----------------------

----------------------
TP32771 allocated to 1
----------------------

----------------------
TP32792 not allocated
----------------------

----------------------
TP33716 not allocated
----------------------

----------------------
TP33779 not allocated
----------------------

----------------------
TP33916 allocated to 1
----------------------

----------------------
TP33962 not allocated
----------------------

----------------------
TP34253 not allocated
----------------------

----------------------
TP34590 not allocated
----------------------

----------------------
TP34669 not allocated
----------------------

----------------------
TP35167 not allocated
----------------------

----------------------
TP35423 not allocated
----------------------

----------------------
TP35625 not allocated
----------------------

----------------------
TP35818 not allocated
----------------------

----------------------
TP36214 not allocated
----------------------

----------------------
TP36236 not allocated
----------------------

----------------------
TP36509 not allocated
----------------------

----------------------
TP36521 not allocated
----------------------

----------------------
TP36570 not allocated
----------------------

----------------------
TP36771 not allocated
----------------------

----------------------
TP36812 not allocated
----------------------

----------------------
TP36973 allocated to 1
----------------------

----------------------
TP37149 allocated to 1
----------------------

----------------------
TP37537 not allocated
----------------------

----------------------
TP37790 allocated to 1
----------------------

----------------------
TP38023 not allocated
----------------------

----------------------
TP38533 not allocated
----------------------

----------------------
TP38578 not allocated
----------------------

----------------------
TP38977 not allocated
----------------------

----------------------
TP38996 not allocated
----------------------

----------------------
TP39397 not allocated
----------------------

----------------------
TP39765 not allocated
----------------------

----------------------
TP39768 not allocated
----------------------

----------------------
TP41019 not allocated
----------------------

----------------------
TP41066 not allocated
----------------------

----------------------
TP41301 not allocated
----------------------

----------------------
TP41568 not allocated
----------------------

----------------------
TP41635 not allocated
----------------------

----------------------
TP42019 allocated to 1
----------------------

----------------------
TP42139 not allocated
----------------------

----------------------
TP42282 not allocated
----------------------

----------------------
TP42364 not allocated
----------------------

----------------------
TP42506 not allocated
----------------------

----------------------
TP43277 not allocated
----------------------

----------------------
TP43301 not allocated
----------------------

----------------------
TP43486 not allocated
----------------------

----------------------
TP43616 not allocated
----------------------

----------------------
TP44124 not allocated
----------------------

----------------------
TP44403 not allocated
----------------------

----------------------
TP44611 not allocated
----------------------

----------------------
TP44638 allocated to 5
----------------------

----------------------
TP44722 not allocated
----------------------

----------------------
TP45221 allocated to 1
----------------------

----------------------
TP45238 not allocated
----------------------

----------------------
TP45502 allocated to 5
----------------------

----------------------
TP45781 not allocated
----------------------

----------------------
TP46287 not allocated
----------------------

----------------------
TP47677 not allocated
----------------------

----------------------
TP47696 not allocated
----------------------

----------------------
TP47761 not allocated
----------------------

----------------------
TP47795 allocated to 1
----------------------

----------------------
TP48021 allocated to 1
----------------------

----------------------
TP48031 not allocated
----------------------

----------------------
TP48546 not allocated
----------------------

----------------------
TP49452 allocated to 1
----------------------

----------------------
TP49977 not allocated
----------------------

-------------------------------------------------------------------------

Ride-sharing vs Individual Mode - Num Vehicles and Distance Comparisson 

-------------------------------------------------------------------------
Individual Mode = 194 vehicles.
Ride-sharing Mode = 77 vehicles. The 5 ride-sharing vehicles + 72 vehicles of the individuals not served by the ride-sharing service.
-------------------------------------------------------------------------
Individual Mode = 433 distance.
Ride-sharing Mode = 675 distance. 500 from the EV fleet + 175 from the distance of the trips not covered individuals had to do with their own vehicle.
-------------------------------------------------------------------------
