-------------------------------------------------------------------------
TPs satisfied = 67; Total TPs = 194; Percentage Satisfied + 34.5%
-------------------------------------------------------------------------

-------------------------------------------------------------------------

EVs

-------------------------------------------------------------------------
--------------------------------------
EV1
--------------------------------------
Num TPs served = 1
TPs served = 348
Total energy used = 0
--------------------------------------
Schedule:
0 662 61 744 61 744 0 0 100 100 0 662 0
662 662 61 744 61 744 0 1 100 100 348 32 0
662 663 61 744 61 744 1 1 100 100 0 1 0
663 663 61 744 61 744 1 0 100 100 -348 32 0
663 43267 61 744 61 744 0 0 100 100 1000000000 42604 0
--------------------------------------
--------------------------------------
EV2
--------------------------------------
Num TPs served = 44
TPs served = 841 1219 1340 1774 1895 2242 3007 3031 3282 3922 4030 4241 4632 4774 5131 5468 5517 5564 6032 6416 7207 8122 8984 10480 13486 17890 18116 18326 24865 27502 33143 33542 35832 35972 36436 37541 37897 38030 38390 39879 42053 47888 47919 49261
Total energy used = 100
--------------------------------------
Schedule:
0 1499 61 744 61 744 0 0 100 100 0 1499 0
1499 1499 61 744 61 744 0 1 100 100 17890 32 0
1499 1499 61 744 61 744 1 2 100 100 841 26 0
1499 1500 61 744 62 744 2 1 100 99 -17890 32 1
1500 1502 62 744 64 744 1 0 99 97 -841 26 2
1502 1973 64 744 64 744 0 0 97 97 0 471 0
1973 1976 64 744 61 744 0 1 97 94 35832 32 3
1976 1977 61 744 61 744 1 1 94 94 0 1 0
1977 1977 61 744 61 744 1 0 94 94 -35832 32 0
1977 2121 61 744 61 744 0 0 94 94 0 144 0
2121 2121 61 744 61 744 0 1 94 94 1219 32 0
2121 2122 61 744 61 744 1 1 94 94 0 1 0
2122 2123 61 744 61 745 1 0 94 93 -1219 32 1
2123 2172 61 745 61 745 0 0 93 93 0 49 0
2172 2173 61 745 61 744 0 1 93 92 18116 32 1
2173 2175 61 744 61 744 1 1 92 92 0 2 0
2175 2175 61 744 61 744 1 0 92 92 -18116 32 0
2175 2347 61 744 61 744 0 0 92 92 0 172 0
2347 2347 61 744 61 744 0 1 92 92 1340 32 0
2347 2350 61 744 62 746 1 0 92 89 -1340 32 3
2350 2379 62 746 62 746 0 0 89 89 0 29 0
2379 2382 62 746 61 744 0 1 89 86 35972 32 3
2382 2383 61 744 61 744 1 1 86 86 0 1 0
2383 2383 61 744 61 744 1 0 86 86 -35972 32 0
2383 2837 61 744 61 744 0 0 86 86 0 454 0
2837 2837 61 744 61 744 0 1 86 86 18326 32 0
2837 2838 61 744 61 744 1 1 86 86 0 1 0
2838 2838 61 744 61 744 1 0 86 86 -18326 32 0
2838 3098 61 744 61 744 0 0 86 86 0 260 0
3098 3098 61 744 61 744 0 1 86 86 1774 32 0
3098 3099 61 744 61 745 1 0 86 85 -1774 32 1
3099 3326 61 745 61 745 0 0 85 85 0 227 0
3326 3327 61 745 61 744 0 1 85 84 1895 32 1
3327 3328 61 744 61 744 1 1 84 84 0 1 0
3328 3330 61 744 62 745 1 0 84 82 -1895 32 2
3330 3762 62 745 62 745 0 0 82 82 0 432 0
3762 3764 62 745 61 744 0 1 82 80 36436 32 2
3764 3765 61 744 61 744 1 1 80 80 0 1 0
3765 3765 61 744 61 744 1 0 80 80 -36436 32 0
3765 3979 61 744 61 744 0 0 80 80 0 214 0
3979 3979 61 744 61 744 0 1 80 80 2242 32 0
3979 3985 61 744 67 744 1 0 80 74 -2242 32 6
3985 5363 67 744 67 744 0 0 74 74 0 1378 0
5363 5369 67 744 61 744 0 1 74 68 3007 32 6
5369 5373 61 744 65 744 1 0 68 64 -3007 32 4
5373 5407 65 744 65 744 0 0 64 64 0 34 0
5407 5411 65 744 61 744 0 1 64 60 3031 32 4
5411 5413 61 744 61 744 1 1 60 60 0 2 0
5413 5415 61 744 63 744 1 0 60 58 -3031 32 2
5415 5851 63 744 63 744 0 0 58 58 0 436 0
5851 5853 63 744 61 744 0 1 58 56 3282 32 2
5853 5855 61 744 63 744 1 0 56 54 -3282 32 2
5855 7025 63 744 63 744 0 0 54 54 0 1170 0
7025 7027 63 744 61 744 0 1 54 52 37541 32 2
7027 7038 61 744 61 744 1 1 52 52 0 11 0
7038 7038 61 744 61 744 1 2 52 52 3922 32 0
7038 7040 61 744 61 746 2 1 52 50 -37541 21 2
7040 7042 61 746 61 746 1 1 50 50 0 2 0
7042 7044 61 746 62 747 1 0 50 48 -3922 32 2
7044 7241 62 747 62 747 0 0 48 48 0 197 0
7241 7245 62 747 61 744 0 1 48 44 4030 32 4
7245 7247 61 744 61 744 1 1 44 44 0 2 0
7247 7254 61 744 68 744 1 0 44 37 -4030 32 7
7254 7616 68 744 68 744 0 0 37 37 0 362 0
7616 7623 68 744 61 744 0 1 37 30 4241 32 7
7623 7624 61 744 61 744 1 1 30 30 0 1 0
7624 7624 61 744 61 744 1 0 30 30 -4241 32 0
7624 7984 61 744 61 744 0 0 30 30 0 360 0
7984 7984 61 744 61 744 0 1 30 30 37897 32 0
7984 7985 61 744 61 744 1 1 30 30 0 1 0
7985 7985 61 744 61 744 1 0 30 30 -37897 32 0
7985 8361 61 744 61 744 0 0 30 30 0 376 0
8361 8361 61 744 61 744 0 1 30 30 38030 32 0
8361 8375 61 744 61 744 1 1 30 30 0 14 0
8375 8375 61 744 61 744 1 2 30 30 4632 32 0
8375 8376 61 744 61 745 2 1 30 29 -38030 20 1
8376 8379 61 745 61 748 1 0 29 26 -4632 32 3
8379 8666 61 748 61 748 0 0 26 26 0 287 0
8666 8670 61 748 61 744 0 1 26 22 4774 32 4
8670 8672 61 744 61 746 1 0 22 20 -4774 32 2
8672 9334 61 746 61 746 0 0 20 20 0 662 0
9334 9336 61 746 61 744 0 1 20 18 38390 32 2
9336 9336 61 744 61 744 1 2 18 18 5131 11 0
9336 9337 61 744 62 744 2 1 18 17 -38390 32 1
9337 9337 62 744 62 744 1 0 17 17 -5131 11 0
9337 9940 62 744 62 744 0 0 17 17 0 603 0
9940 9941 62 744 61 744 0 1 17 16 5468 32 1
9941 9943 61 744 61 744 1 1 16 16 0 2 0
9943 9943 61 744 61 744 1 0 16 16 -5468 32 0
9943 10024 61 744 61 744 0 0 16 16 0 81 0
10024 10024 61 744 61 744 0 1 16 16 5517 32 0
10024 10027 61 744 64 744 1 0 16 13 -5517 32 3
10027 10127 64 744 64 744 0 0 13 13 0 100 0
10127 10130 64 744 61 744 0 1 13 10 5564 32 3
10130 10132 61 744 61 744 1 1 10 10 0 2 0
10132 10135 61 744 64 744 1 0 10 7 -5564 32 3
10135 11043 64 744 64 744 0 0 7 7 0 908 0
11043 11046 64 744 61 744 0 1 7 4 6032 32 3
11046 11047 61 744 61 744 1 1 4 4 0 1 0
11047 11047 61 744 61 744 1 0 4 4 -6032 32 0
11047 11784 61 744 61 744 0 0 4 4 0 737 0
11784 11784 61 744 61 744 0 1 4 4 6416 32 0
11784 11785 61 744 61 744 1 1 4 4 0 1 0
11785 11786 61 744 62 744 1 0 4 3 -6416 32 1
11786 13057 62 744 62 744 0 0 3 3 0 1271 0
13057 13058 62 744 61 744 0 1 3 2 39879 32 1
13058 13060 61 744 61 744 1 1 2 2 0 2 0
13060 13060 61 744 61 744 1 0 2 2 -39879 32 0
13060 13465 61 744 61 744 0 0 2 2 0 405 0
13465 13465 61 744 61 744 0 1 2 2 7207 32 0
13465 13466 61 744 61 745 1 0 2 1 -7207 32 1
13466 15501 61 745 61 745 0 0 1 1 0 2035 0
15501 15502 61 745 61 744 0 1 1 0 8122 32 1
15502 15504 61 744 61 744 1 1 0 0 0 2 0
15504 15504 61 744 61 744 1 0 0 0 -8122 32 0
15504 17613 61 744 61 744 0 0 0 0 0 2109 0
17613 17613 61 744 61 744 0 1 0 0 8984 32 0
17613 17614 61 744 61 744 1 1 0 0 0 1 0
17614 17614 61 744 61 744 1 0 0 0 -8984 32 0
17614 18222 61 744 61 744 0 0 0 0 0 608 0
18222 18222 61 744 61 744 0 1 0 0 42053 32 0
18222 18224 61 744 61 744 1 1 0 0 0 2 0
18224 18224 61 744 61 744 1 0 0 0 -42053 32 0
18224 20175 61 744 61 744 0 0 0 0 0 1951 0
20175 20175 61 744 61 744 0 1 0 0 24865 32 0
20175 20176 61 744 61 744 1 1 0 0 0 1 0
20176 20176 61 744 61 744 1 0 0 0 -24865 32 0
20176 21782 61 744 61 744 0 0 0 0 0 1606 0
21782 21782 61 744 61 744 0 1 0 0 10480 32 0
21782 21783 61 744 61 744 1 1 0 0 0 1 0
21783 21783 61 744 61 744 1 0 0 0 -10480 32 0
21783 25571 61 744 61 744 0 0 0 0 0 3788 0
25571 25571 61 744 61 744 0 1 0 0 27502 32 0
25571 25572 61 744 61 744 1 1 0 0 0 1 0
25572 25572 61 744 61 744 1 0 0 0 -27502 32 0
25572 29020 61 744 61 744 0 0 0 0 0 3448 0
29020 29020 61 744 61 744 0 1 0 0 47888 32 0
29020 29021 61 744 61 744 1 1 0 0 0 1 0
29021 29021 61 744 61 744 1 0 0 0 -47888 32 0
29021 29075 61 744 61 744 0 0 0 0 0 54 0
29075 29075 61 744 61 744 0 1 0 0 47919 32 0
29075 29076 61 744 61 744 1 1 0 0 0 1 0
29076 29076 61 744 61 744 1 0 0 0 -47919 32 0
29076 31455 61 744 61 744 0 0 0 0 0 2379 0
31455 31455 61 744 61 744 0 1 0 0 49261 32 0
31455 31457 61 744 61 744 1 1 0 0 0 2 0
31457 31457 61 744 61 744 1 0 0 0 -49261 32 0
31457 32074 61 744 61 744 0 0 0 0 0 617 0
32074 32074 61 744 61 744 0 1 0 0 13486 32 0
32074 32078 61 744 61 744 1 1 0 0 0 4 0
32078 32078 61 744 61 744 1 0 0 0 -13486 32 0
32078 37555 61 744 61 744 0 0 0 0 0 5477 0
37555 37555 61 744 61 744 0 1 0 0 33143 32 0
37555 37557 61 744 61 744 1 1 0 0 0 2 0
37557 37557 61 744 61 744 1 0 0 0 -33143 32 0
37557 38543 61 744 61 744 0 0 0 0 0 986 0
38543 38543 61 744 61 744 0 1 0 0 33542 32 0
38543 38544 61 744 61 744 1 1 0 0 0 1 0
38544 38544 61 744 61 744 1 0 0 0 -33542 32 0
38544 43267 61 744 61 744 0 0 0 0 0 4723 0
43267 43267 61 744 61 744 0 0 0 0 1000000000 0 0
--------------------------------------
--------------------------------------
EV3
--------------------------------------
Num TPs served = 22
TPs served = 6514 7347 7473 7588 7601 8037 8428 8884 10043 10222 10301 10551 11437 12701 12812 13255 13325 13344 13524 14432 14563 22313
Total energy used = 100
--------------------------------------
Schedule:
0 11971 61 744 61 744 0 0 100 100 0 11971 0
11971 11971 61 744 61 744 0 1 100 100 6514 32 0
11971 11972 61 744 61 744 1 1 100 100 0 1 0
11972 11978 61 744 66 745 1 0 100 94 -6514 32 6
11978 13752 66 745 66 745 0 0 94 94 0 1774 0
13752 13758 66 745 61 744 0 1 94 88 7347 32 6
13758 13759 61 744 62 744 1 0 88 87 -7347 32 1
13759 14069 62 744 62 744 0 0 87 87 0 310 0
14069 14070 62 744 61 744 0 1 87 86 7473 32 1
14070 14073 61 744 64 744 1 0 86 83 -7473 32 3
14073 14260 64 744 64 744 0 0 83 83 0 187 0
14260 14263 64 744 61 744 0 1 83 80 22313 32 3
14263 14277 61 744 61 744 1 1 80 80 0 14 0
14277 14277 61 744 61 744 1 2 80 80 7588 32 0
14277 14280 61 744 62 746 2 1 80 77 -22313 18 3
14280 14281 62 746 62 746 1 1 77 77 0 1 0
14281 14282 62 746 63 746 1 0 77 76 -7588 32 1
14282 14317 63 746 63 746 0 0 76 76 0 35 0
14317 14321 63 746 61 744 0 1 76 72 7601 32 4
14321 14323 61 744 61 746 1 0 72 70 -7601 32 2
14323 15281 61 746 61 746 0 0 70 70 0 958 0
15281 15283 61 746 61 744 0 1 70 68 8037 32 2
15283 15284 61 744 61 745 1 0 68 67 -8037 32 1
15284 16209 61 745 61 745 0 0 67 67 0 925 0
16209 16210 61 745 61 744 0 1 67 66 8428 32 1
16210 16212 61 744 63 744 1 0 66 64 -8428 32 2
16212 17339 63 744 63 744 0 0 64 64 0 1127 0
17339 17341 63 744 61 744 0 1 64 62 8884 32 2
17341 17342 61 744 62 744 1 0 62 61 -8884 32 1
17342 20544 62 744 62 744 0 0 61 61 0 3202 0
20544 20545 62 744 61 744 0 1 61 60 10043 32 1
20545 20548 61 744 61 747 1 0 60 57 -10043 32 3
20548 21028 61 747 61 747 0 0 57 57 0 480 0
21028 21031 61 747 61 744 0 1 57 54 10222 32 3
21031 21033 61 744 61 746 1 0 54 52 -10222 32 2
21033 21281 61 746 61 746 0 0 52 52 0 248 0
21281 21283 61 746 61 744 0 1 52 50 10301 32 2
21283 21286 61 744 61 747 1 0 50 47 -10301 32 3
21286 21951 61 747 61 747 0 0 47 47 0 665 0
21951 21954 61 747 61 744 0 1 47 44 10551 32 3
21954 21955 61 744 61 744 1 1 44 44 0 1 0
21955 21962 61 744 65 747 1 0 44 37 -10551 32 7
21962 24760 65 747 65 747 0 0 37 37 0 2798 0
24760 24767 65 747 61 744 0 1 37 30 11437 32 7
24767 24769 61 744 61 746 1 0 30 28 -11437 32 2
24769 29196 61 746 61 746 0 0 28 28 0 4427 0
29196 29198 61 746 61 744 0 1 28 26 12701 32 2
29198 29199 61 744 62 744 1 0 26 25 -12701 32 1
29199 29599 62 744 62 744 0 0 25 25 0 400 0
29599 29600 62 744 61 744 0 1 25 24 12812 32 1
29600 29601 61 744 61 744 1 1 24 24 0 1 0
29601 29605 61 744 65 744 1 0 24 20 -12812 32 4
29605 31162 65 744 65 744 0 0 20 20 0 1557 0
31162 31166 65 744 61 744 0 1 20 16 13255 32 4
31166 31167 61 744 61 744 1 1 16 16 0 1 0
31167 31168 61 744 62 744 1 0 16 15 -13255 32 1
31168 31393 62 744 62 744 0 0 15 15 0 225 0
31393 31394 62 744 61 744 0 1 15 14 13325 32 1
31394 31395 61 744 62 744 1 0 14 13 -13325 32 1
31395 31467 62 744 62 744 0 0 13 13 0 72 0
31467 31468 62 744 61 744 0 1 13 12 13344 32 1
31468 31469 61 744 62 744 1 0 12 11 -13344 32 1
31469 32209 62 744 62 744 0 0 11 11 0 740 0
32209 32210 62 744 61 744 0 1 11 10 13524 32 1
32210 32211 61 744 62 744 1 0 10 9 -13524 32 1
32211 35608 62 744 62 744 0 0 9 9 0 3397 0
35608 35609 62 744 61 744 0 1 9 8 14432 32 1
35609 35612 61 744 64 744 1 0 8 5 -14432 32 3
35612 36098 64 744 64 744 0 0 5 5 0 486 0
36098 36101 64 744 61 744 0 1 5 2 14563 32 3
36101 36102 61 744 61 745 1 0 2 1 -14563 32 1
36102 43266 61 745 61 745 0 0 1 1 0 7164 0
43266 43267 61 745 61 744 0 0 1 0 1000000000 0 1
--------------------------------------

-------------------------------------------------------------------------

TPs

-------------------------------------------------------------------------

----------------------
TP348 allocated to 1
----------------------

----------------------
TP841 allocated to 2
----------------------

----------------------
TP1219 allocated to 2
----------------------

----------------------
TP1340 allocated to 2
----------------------

----------------------
TP1774 allocated to 2
----------------------

----------------------
TP1895 allocated to 2
----------------------

----------------------
TP2242 allocated to 2
----------------------

----------------------
TP3007 allocated to 2
----------------------

----------------------
TP3031 allocated to 2
----------------------

----------------------
TP3282 allocated to 2
----------------------

----------------------
TP3922 allocated to 2
----------------------

----------------------
TP4030 allocated to 2
----------------------

----------------------
TP4241 allocated to 2
----------------------

----------------------
TP4632 allocated to 2
----------------------

----------------------
TP4774 allocated to 2
----------------------

----------------------
TP5131 allocated to 2
----------------------

----------------------
TP5468 allocated to 2
----------------------

----------------------
TP5517 allocated to 2
----------------------

----------------------
TP5564 allocated to 2
----------------------

----------------------
TP6032 allocated to 2
----------------------

----------------------
TP6416 allocated to 2
----------------------

----------------------
TP6514 allocated to 3
----------------------

----------------------
TP7207 allocated to 2
----------------------

----------------------
TP7347 allocated to 3
----------------------

----------------------
TP7473 allocated to 3
----------------------

----------------------
TP7588 allocated to 3
----------------------

----------------------
TP7601 allocated to 3
----------------------

----------------------
TP8037 allocated to 3
----------------------

----------------------
TP8122 allocated to 2
----------------------

----------------------
TP8428 allocated to 3
----------------------

----------------------
TP8884 allocated to 3
----------------------

----------------------
TP8984 allocated to 2
----------------------

----------------------
TP10043 allocated to 3
----------------------

----------------------
TP10222 allocated to 3
----------------------

----------------------
TP10301 allocated to 3
----------------------

----------------------
TP10480 allocated to 2
----------------------

----------------------
TP10551 allocated to 3
----------------------

----------------------
TP11437 allocated to 3
----------------------

----------------------
TP12701 allocated to 3
----------------------

----------------------
TP12812 allocated to 3
----------------------

----------------------
TP13255 allocated to 3
----------------------

----------------------
TP13325 allocated to 3
----------------------

----------------------
TP13344 allocated to 3
----------------------

----------------------
TP13442 not allocated
----------------------

----------------------
TP13486 allocated to 2
----------------------

----------------------
TP13524 allocated to 3
----------------------

----------------------
TP13862 not allocated
----------------------

----------------------
TP13967 not allocated
----------------------

----------------------
TP14432 allocated to 3
----------------------

----------------------
TP14563 allocated to 3
----------------------

----------------------
TP14720 not allocated
----------------------

----------------------
TP14774 not allocated
----------------------

----------------------
TP14921 not allocated
----------------------

----------------------
TP15060 not allocated
----------------------

----------------------
TP15092 not allocated
----------------------

----------------------
TP15096 not allocated
----------------------

----------------------
TP15473 not allocated
----------------------

----------------------
TP15645 not allocated
----------------------

----------------------
TP16167 not allocated
----------------------

----------------------
TP16219 not allocated
----------------------

----------------------
TP17890 allocated to 2
----------------------

----------------------
TP18116 allocated to 2
----------------------

----------------------
TP18326 allocated to 2
----------------------

----------------------
TP18692 not allocated
----------------------

----------------------
TP18851 not allocated
----------------------

----------------------
TP19486 not allocated
----------------------

----------------------
TP19567 not allocated
----------------------

----------------------
TP19606 not allocated
----------------------

----------------------
TP20056 not allocated
----------------------

----------------------
TP20185 not allocated
----------------------

----------------------
TP20319 not allocated
----------------------

----------------------
TP20363 not allocated
----------------------

----------------------
TP21493 not allocated
----------------------

----------------------
TP22141 not allocated
----------------------

----------------------
TP22171 not allocated
----------------------

----------------------
TP22313 allocated to 3
----------------------

----------------------
TP22593 not allocated
----------------------

----------------------
TP23117 not allocated
----------------------

----------------------
TP23437 not allocated
----------------------

----------------------
TP24165 not allocated
----------------------

----------------------
TP24670 not allocated
----------------------

----------------------
TP24865 allocated to 2
----------------------

----------------------
TP25090 not allocated
----------------------

----------------------
TP25357 not allocated
----------------------

----------------------
TP25956 not allocated
----------------------

----------------------
TP26328 not allocated
----------------------

----------------------
TP26767 not allocated
----------------------

----------------------
TP26784 not allocated
----------------------

----------------------
TP26843 not allocated
----------------------

----------------------
TP27129 not allocated
----------------------

----------------------
TP27140 not allocated
----------------------

----------------------
TP27281 not allocated
----------------------

----------------------
TP27360 not allocated
----------------------

----------------------
TP27501 not allocated
----------------------

----------------------
TP27502 allocated to 2
----------------------

----------------------
TP27514 not allocated
----------------------

----------------------
TP27575 not allocated
----------------------

----------------------
TP28162 not allocated
----------------------

----------------------
TP28169 not allocated
----------------------

----------------------
TP28472 not allocated
----------------------

----------------------
TP28650 not allocated
----------------------

----------------------
TP28654 not allocated
----------------------

----------------------
TP29108 not allocated
----------------------

----------------------
TP29558 not allocated
----------------------

----------------------
TP29952 not allocated
----------------------

----------------------
TP30205 not allocated
----------------------

----------------------
TP30353 not allocated
----------------------

----------------------
TP30471 not allocated
----------------------

----------------------
TP30608 not allocated
----------------------

----------------------
TP31351 not allocated
----------------------

----------------------
TP31449 not allocated
----------------------

----------------------
TP31522 not allocated
----------------------

----------------------
TP31570 not allocated
----------------------

----------------------
TP31637 not allocated
----------------------

----------------------
TP31769 not allocated
----------------------

----------------------
TP32109 not allocated
----------------------

----------------------
TP32327 not allocated
----------------------

----------------------
TP32821 not allocated
----------------------

----------------------
TP33050 not allocated
----------------------

----------------------
TP33143 allocated to 2
----------------------

----------------------
TP33219 not allocated
----------------------

----------------------
TP33282 not allocated
----------------------

----------------------
TP33542 allocated to 2
----------------------

----------------------
TP33629 not allocated
----------------------

----------------------
TP33721 not allocated
----------------------

----------------------
TP33936 not allocated
----------------------

----------------------
TP34150 not allocated
----------------------

----------------------
TP34330 not allocated
----------------------

----------------------
TP35055 not allocated
----------------------

----------------------
TP35602 not allocated
----------------------

----------------------
TP35832 allocated to 2
----------------------

----------------------
TP35921 not allocated
----------------------

----------------------
TP35972 allocated to 2
----------------------

----------------------
TP36436 allocated to 2
----------------------

----------------------
TP36658 not allocated
----------------------

----------------------
TP36737 not allocated
----------------------

----------------------
TP36940 not allocated
----------------------

----------------------
TP37447 not allocated
----------------------

----------------------
TP37509 not allocated
----------------------

----------------------
TP37510 not allocated
----------------------

----------------------
TP37541 allocated to 2
----------------------

----------------------
TP37882 not allocated
----------------------

----------------------
TP37897 allocated to 2
----------------------

----------------------
TP38030 allocated to 2
----------------------

----------------------
TP38150 not allocated
----------------------

----------------------
TP38221 not allocated
----------------------

----------------------
TP38247 not allocated
----------------------

----------------------
TP38390 allocated to 2
----------------------

----------------------
TP38589 not allocated
----------------------

----------------------
TP38776 not allocated
----------------------

----------------------
TP39028 not allocated
----------------------

----------------------
TP39338 not allocated
----------------------

----------------------
TP39418 not allocated
----------------------

----------------------
TP39490 not allocated
----------------------

----------------------
TP39495 not allocated
----------------------

----------------------
TP39542 not allocated
----------------------

----------------------
TP39879 allocated to 2
----------------------

----------------------
TP40160 not allocated
----------------------

----------------------
TP40452 not allocated
----------------------

----------------------
TP40540 not allocated
----------------------

----------------------
TP41111 not allocated
----------------------

----------------------
TP41939 not allocated
----------------------

----------------------
TP41972 not allocated
----------------------

----------------------
TP42016 not allocated
----------------------

----------------------
TP42053 allocated to 2
----------------------

----------------------
TP42408 not allocated
----------------------

----------------------
TP42747 not allocated
----------------------

----------------------
TP42968 not allocated
----------------------

----------------------
TP43071 not allocated
----------------------

----------------------
TP43146 not allocated
----------------------

----------------------
TP43530 not allocated
----------------------

----------------------
TP43818 not allocated
----------------------

----------------------
TP44175 not allocated
----------------------

----------------------
TP44420 not allocated
----------------------

----------------------
TP44427 not allocated
----------------------

----------------------
TP44541 not allocated
----------------------

----------------------
TP44729 not allocated
----------------------

----------------------
TP45005 not allocated
----------------------

----------------------
TP45879 not allocated
----------------------

----------------------
TP46459 not allocated
----------------------

----------------------
TP46514 not allocated
----------------------

----------------------
TP46573 not allocated
----------------------

----------------------
TP46861 not allocated
----------------------

----------------------
TP46902 not allocated
----------------------

----------------------
TP47185 not allocated
----------------------

----------------------
TP47186 not allocated
----------------------

----------------------
TP47505 not allocated
----------------------

----------------------
TP47515 not allocated
----------------------

----------------------
TP47788 not allocated
----------------------

----------------------
TP47888 allocated to 2
----------------------

----------------------
TP47919 allocated to 2
----------------------

----------------------
TP48755 not allocated
----------------------

----------------------
TP49261 allocated to 2
----------------------

----------------------
TP49293 not allocated
----------------------

-------------------------------------------------------------------------

Ride-sharing vs Individual Mode - Num Vehicles and Distance Comparisson 

-------------------------------------------------------------------------
Individual Mode = 194 vehicles.
Ride-sharing Mode = 130 vehicles. The 3 ride-sharing vehicles + 127 vehicles of the individuals not served by the ride-sharing service.
-------------------------------------------------------------------------
Individual Mode = 451 distance.
Ride-sharing Mode = 543 distance. 200 from the EV fleet + 343 from the distance of the trips not covered individuals had to do with their own vehicle.
-------------------------------------------------------------------------
