-------------------------------------------------------------------------
TPs satisfied = 157; Total TPs = 167; Percentage Satisfied + 94.0%
-------------------------------------------------------------------------

-------------------------------------------------------------------------

EVs

-------------------------------------------------------------------------
--------------------------------------
EV1
--------------------------------------
Num TPs served = 33
TPs served = 108 665 849 1372 1758 2038 2268 4387 4770 5291 5762 5850 6092 6274 6726 6749 6892 14736 17538 20710 22842 28056 29501 32267 37278 38902 39617 40410 40896 46898 47826 48010 49763
Total energy used = 100
--------------------------------------
Schedule:
0 215 488 372 488 372 0 0 100 100 0 215 0
215 215 488 372 488 372 0 1 100 100 108 32 0
215 220 488 372 489 376 1 0 100 95 -108 32 5
220 387 489 376 489 376 0 0 95 95 0 167 0
387 392 489 376 488 372 0 1 95 90 17538 32 5
392 393 488 372 488 372 1 1 90 90 0 1 0
393 393 488 372 488 372 1 0 90 90 -17538 32 0
393 1189 488 372 488 372 0 0 90 90 0 796 0
1189 1189 488 372 488 372 0 1 90 90 665 32 0
1189 1191 488 372 488 372 1 1 90 90 0 2 0
1191 1194 488 372 490 373 1 0 90 87 -665 32 3
1194 1501 490 373 490 373 0 0 87 87 0 307 0
1501 1504 490 373 488 372 0 1 87 84 849 32 3
1504 1508 488 372 488 372 1 1 84 84 0 4 0
1508 1509 488 372 489 372 1 0 84 83 -849 32 1
1509 2400 489 372 489 372 0 0 83 83 0 891 0
2400 2401 489 372 488 372 0 1 83 82 1372 32 1
2401 2403 488 372 488 372 1 1 82 82 0 2 0
2403 2403 488 372 488 372 1 0 82 82 -1372 32 0
2403 3072 488 372 488 372 0 0 82 82 0 669 0
3072 3072 488 372 488 372 0 1 82 82 1758 32 0
3072 3073 488 372 489 372 1 0 82 81 -1758 32 1
3073 3577 489 372 489 372 0 0 81 81 0 504 0
3577 3578 489 372 488 372 0 1 81 80 2038 32 1
3578 3579 488 372 488 372 1 1 80 80 0 1 0
3579 3580 488 372 488 373 1 0 80 79 -2038 32 1
3580 4023 488 373 488 373 0 0 79 79 0 443 0
4023 4024 488 373 488 372 0 1 79 78 2268 32 1
4024 4026 488 372 490 372 1 0 78 76 -2268 32 2
4026 6258 490 372 490 372 0 0 76 76 0 2232 0
6258 6260 490 372 488 372 0 1 76 74 37278 32 2
6260 6261 488 372 488 372 1 1 74 74 0 1 0
6261 6261 488 372 488 372 1 0 74 74 -37278 32 0
6261 7886 488 372 488 372 0 0 74 74 0 1625 0
7886 7886 488 372 488 372 0 1 74 74 4387 32 0
7886 7887 488 372 488 372 1 1 74 74 0 1 0
7887 7887 488 372 488 372 1 0 74 74 -4387 32 0
7887 8665 488 372 488 372 0 0 74 74 0 778 0
8665 8665 488 372 488 372 0 1 74 74 4770 32 0
8665 8671 488 372 494 372 1 0 74 68 -4770 32 6
8671 9613 494 372 494 372 0 0 68 68 0 942 0
9613 9619 494 372 488 372 0 1 68 62 5291 32 6
9619 9620 488 372 488 372 1 1 62 62 0 1 0
9620 9628 488 372 493 375 1 0 62 54 -5291 32 8
9628 9981 493 375 493 375 0 0 54 54 0 353 0
9981 9989 493 375 488 372 0 1 54 46 20710 32 8
9989 9991 488 372 488 372 1 1 46 46 0 2 0
9991 9991 488 372 488 372 1 0 46 46 -20710 32 0
9991 10546 488 372 488 372 0 0 46 46 0 555 0
10546 10546 488 372 488 372 0 1 46 46 5762 32 0
10546 10552 488 372 488 372 1 1 46 46 0 6 0
10552 10552 488 372 488 372 1 0 46 46 -5762 32 0
10552 10650 488 372 488 372 0 0 46 46 0 98 0
10650 10650 488 372 488 372 0 1 46 46 38902 32 0
10650 10651 488 372 488 372 1 1 46 46 0 1 0
10651 10651 488 372 488 372 1 0 46 46 -38902 32 0
10651 10704 488 372 488 372 0 0 46 46 0 53 0
10704 10704 488 372 488 372 0 1 46 46 5850 32 0
10704 10705 488 372 488 373 1 0 46 45 -5850 32 1
10705 11152 488 373 488 373 0 0 45 45 0 447 0
11152 11153 488 373 488 372 0 1 45 44 6092 32 1
11153 11167 488 372 501 373 1 0 44 30 -6092 32 14
11167 11503 501 373 501 373 0 0 30 30 0 336 0
11503 11517 501 373 488 372 0 1 30 16 6274 32 14
11517 11518 488 372 488 372 1 1 16 16 0 1 0
11518 11518 488 372 488 372 1 0 16 16 -6274 32 0
11518 12413 488 372 488 372 0 0 16 16 0 895 0
12413 12413 488 372 488 372 0 1 16 16 39617 32 0
12413 12413 488 372 488 372 1 2 16 16 6726 27 0
12413 12418 488 372 488 372 2 2 16 16 0 5 0
12418 12419 488 372 488 373 2 1 16 15 -39617 32 1
12419 12419 488 373 488 373 1 0 15 15 -6726 22 0
12419 12457 488 373 488 373 0 0 15 15 0 38 0
12457 12458 488 373 488 372 0 1 15 14 6749 32 1
12458 12459 488 372 489 372 1 0 14 13 -6749 32 1
12459 12767 489 372 489 372 0 0 13 13 0 308 0
12767 12768 489 372 488 372 0 1 13 12 6892 32 1
12768 12774 488 372 488 378 1 0 12 6 -6892 32 6
12774 14482 488 378 488 378 0 0 6 6 0 1708 0
14482 14488 488 378 488 372 0 1 6 0 40410 32 6
14488 14489 488 372 488 372 1 1 0 0 0 1 0
14489 14489 488 372 488 372 1 0 0 0 -40410 32 0
14489 15604 488 372 488 372 0 0 0 0 0 1115 0
15604 15604 488 372 488 372 0 1 0 0 22842 32 0
15604 15605 488 372 488 372 1 1 0 0 0 1 0
15605 15605 488 372 488 372 1 0 0 0 -22842 32 0
15605 15646 488 372 488 372 0 0 0 0 0 41 0
15646 15646 488 372 488 372 0 1 0 0 40896 32 0
15646 15647 488 372 488 372 1 1 0 0 0 1 0
15647 15647 488 372 488 372 1 0 0 0 -40896 32 0
15647 26626 488 372 488 372 0 0 0 0 0 10979 0
26626 26626 488 372 488 372 0 1 0 0 28056 32 0
26626 26627 488 372 488 372 1 1 0 0 0 1 0
26627 26627 488 372 488 372 1 0 0 0 -28056 32 0
26627 27377 488 372 488 372 0 0 0 0 0 750 0
27377 27377 488 372 488 372 0 1 0 0 46898 32 0
27377 27378 488 372 488 372 1 1 0 0 0 1 0
27378 27378 488 372 488 372 1 0 0 0 -46898 32 0
27378 28911 488 372 488 372 0 0 0 0 0 1533 0
28911 28911 488 372 488 372 0 1 0 0 47826 32 0
28911 28912 488 372 488 372 1 1 0 0 0 1 0
28912 28912 488 372 488 372 1 0 0 0 -47826 32 0
28912 29229 488 372 488 372 0 0 0 0 0 317 0
29229 29229 488 372 488 372 0 1 0 0 48010 32 0
29229 29230 488 372 488 372 1 1 0 0 0 1 0
29230 29230 488 372 488 372 1 0 0 0 -48010 32 0
29230 29522 488 372 488 372 0 0 0 0 0 292 0
29522 29522 488 372 488 372 0 1 0 0 29501 32 0
29522 29524 488 372 488 372 1 1 0 0 0 2 0
29524 29524 488 372 488 372 1 0 0 0 -29501 32 0
29524 32351 488 372 488 372 0 0 0 0 0 2827 0
32351 32351 488 372 488 372 0 1 0 0 49763 32 0
32351 32354 488 372 488 372 1 1 0 0 0 3 0
32354 32354 488 372 488 372 1 0 0 0 -49763 32 0
32354 35379 488 372 488 372 0 0 0 0 0 3025 0
35379 35379 488 372 488 372 0 1 0 0 32267 32 0
35379 35381 488 372 488 372 1 1 0 0 0 2 0
35381 35381 488 372 488 372 1 0 0 0 -32267 32 0
35381 36816 488 372 488 372 0 0 0 0 0 1435 0
36816 36816 488 372 488 372 0 1 0 0 14736 32 0
36816 36817 488 372 488 372 1 1 0 0 0 1 0
36817 36817 488 372 488 372 1 0 0 0 -14736 32 0
36817 43267 488 372 488 372 0 0 0 0 0 6450 0
43267 43267 488 372 488 372 0 0 0 0 1000000000 0 0
--------------------------------------
--------------------------------------
EV2
--------------------------------------
Num TPs served = 19
TPs served = 8032 8147 8157 8311 8374 8801 8901 9250 9420 9430 9674 9767 9780 9928 10538 10547 10556 10636 10664
Total energy used = 100
--------------------------------------
Schedule:
0 15271 488 372 488 372 0 0 100 100 0 15271 0
15271 15271 488 372 488 372 0 1 100 100 8032 32 0
15271 15272 488 372 488 373 1 0 100 99 -8032 32 1
15272 15579 488 373 488 373 0 0 99 99 0 307 0
15579 15580 488 373 488 372 0 1 99 98 8157 32 1
15580 15580 488 372 488 372 1 2 98 98 8147 16 0
15580 15583 488 372 488 372 2 2 98 98 0 3 0
15583 15585 488 372 488 374 2 1 98 96 -8157 32 2
15585 15591 488 374 492 372 1 0 96 90 -8147 9 6
15591 15962 492 372 492 372 0 0 90 90 0 371 0
15962 15966 492 372 488 372 0 1 90 86 8311 32 4
15966 15968 488 372 489 373 1 0 86 84 -8311 32 2
15968 16092 489 373 489 373 0 0 84 84 0 124 0
16092 16094 489 373 488 372 0 1 84 82 8374 32 2
16094 16096 488 372 488 372 1 1 82 82 0 2 0
16096 16100 488 372 489 375 1 0 82 78 -8374 32 4
16100 17131 489 375 489 375 0 0 78 78 0 1031 0
17131 17135 489 375 488 372 0 1 78 74 8801 32 4
17135 17136 488 372 488 372 1 1 74 74 0 1 0
17136 17137 488 372 489 372 1 0 74 73 -8801 32 1
17137 17394 489 372 489 372 0 0 73 73 0 257 0
17394 17395 489 372 488 372 0 1 73 72 8901 32 1
17395 17396 488 372 488 373 1 0 72 71 -8901 32 1
17396 18334 488 373 488 373 0 0 71 71 0 938 0
18334 18335 488 373 488 372 0 1 71 70 9250 32 1
18335 18337 488 372 488 374 1 0 70 68 -9250 32 2
18337 18833 488 374 488 374 0 0 68 68 0 496 0
18833 18835 488 374 488 372 0 1 68 66 9430 32 2
18835 18835 488 372 488 372 1 2 66 66 9420 13 0
18835 18836 488 372 488 373 2 1 66 65 -9430 32 1
18836 18838 488 373 489 372 1 0 65 63 -9420 11 2
18838 19477 489 372 489 372 0 0 63 63 0 639 0
19477 19478 489 372 488 372 0 1 63 62 9674 32 1
19478 19481 488 372 491 372 1 0 62 59 -9674 32 3
19481 19771 491 372 491 372 0 0 59 59 0 290 0
19771 19774 491 372 488 372 0 1 59 56 9767 32 3
19774 19775 488 372 488 372 1 1 56 56 0 1 0
19775 19785 488 372 498 372 1 0 56 46 -9767 32 10
19785 19827 498 372 498 372 0 0 46 46 0 42 0
19827 19837 498 372 488 372 0 1 46 36 9780 32 10
19837 19841 488 372 491 373 1 0 36 32 -9780 32 4
19841 20199 491 373 491 373 0 0 32 32 0 358 0
20199 20203 491 373 488 372 0 1 32 28 9928 32 4
20203 20204 488 372 488 372 1 1 28 28 0 1 0
20204 20207 488 372 491 372 1 0 28 25 -9928 32 3
20207 21939 491 372 491 372 0 0 25 25 0 1732 0
21939 21942 491 372 488 372 0 1 25 22 10547 32 3
21942 21942 488 372 488 372 1 2 22 22 10538 15 0
21942 21943 488 372 488 373 2 1 22 21 -10547 32 1
21943 21949 488 373 493 372 1 0 21 15 -10538 13 6
21949 21958 493 372 493 372 0 0 15 15 0 9 0
21958 21963 493 372 488 372 0 1 15 10 10556 32 5
21963 21964 488 372 488 372 1 1 10 10 0 1 0
21964 21967 488 372 490 373 1 0 10 7 -10556 32 3
21967 22204 490 373 490 373 0 0 7 7 0 237 0
22204 22207 490 373 488 372 0 1 7 4 10636 32 3
22207 22208 488 372 488 372 1 1 4 4 0 1 0
22208 22209 488 372 488 373 1 0 4 3 -10636 32 1
22209 22273 488 373 488 373 0 0 3 3 0 64 0
22273 22274 488 373 488 372 0 1 3 2 10664 32 1
22274 22275 488 372 489 372 1 0 2 1 -10664 32 1
22275 43266 489 372 489 372 0 0 1 1 0 20991 0
43266 43267 489 372 488 372 0 0 1 0 1000000000 0 1
--------------------------------------
--------------------------------------
EV3
--------------------------------------
Num TPs served = 20
TPs served = 10763 11122 11164 11229 11525 11982 12105 12118 13263 13467 13570 13584 13839 14065 15019 15123 15124 15474 15625 16593
Total energy used = 100
--------------------------------------
Schedule:
0 22614 488 372 488 372 0 0 100 100 0 22614 0
22614 22614 488 372 488 372 0 1 100 100 10763 32 0
22614 22615 488 372 489 372 1 0 100 99 -10763 32 1
22615 23745 489 372 489 372 0 0 99 99 0 1130 0
23745 23746 489 372 488 372 0 1 99 98 11122 32 1
23746 23747 488 372 489 372 1 0 98 97 -11122 32 1
23747 23855 489 372 489 372 0 0 97 97 0 108 0
23855 23856 489 372 488 372 0 1 97 96 11164 32 1
23856 23857 488 372 488 373 1 0 96 95 -11164 32 1
23857 24026 488 373 488 373 0 0 95 95 0 169 0
24026 24027 488 373 488 372 0 1 95 94 11229 32 1
24027 24029 488 372 488 372 1 1 94 94 0 2 0
24029 24030 488 372 489 372 1 0 94 93 -11229 32 1
24030 25066 489 372 489 372 0 0 93 93 0 1036 0
25066 25067 489 372 488 372 0 1 93 92 11525 32 1
25067 25069 488 372 490 372 1 0 92 90 -11525 32 2
25069 26653 490 372 490 372 0 0 90 90 0 1584 0
26653 26655 490 372 488 372 0 1 90 88 11982 32 2
26655 26657 488 372 488 372 1 1 88 88 0 2 0
26657 26677 488 372 493 387 1 0 88 68 -11982 32 20
26677 27097 493 387 493 387 0 0 68 68 0 420 0
27097 27117 493 387 488 372 0 1 68 48 12105 32 20
27117 27143 488 372 488 372 1 1 48 48 0 26 0
27143 27143 488 372 488 372 1 2 48 48 12118 32 0
27143 27145 488 372 489 373 2 1 48 46 -12118 32 2
27145 27146 489 373 488 373 1 0 46 45 -12105 4 1
27146 31189 488 373 488 373 0 0 45 45 0 4043 0
31189 31190 488 373 488 372 0 1 45 44 13263 32 1
31190 31191 488 372 489 372 1 0 44 43 -13263 32 1
31191 31998 489 372 489 372 0 0 43 43 0 807 0
31998 31999 489 372 488 372 0 1 43 42 13467 32 1
31999 32002 488 372 488 372 1 1 42 42 0 3 0
32002 32003 488 372 489 372 1 0 42 41 -13467 32 1
32003 32397 489 372 489 372 0 0 41 41 0 394 0
32397 32398 489 372 488 372 0 1 41 40 13570 32 1
32398 32399 488 372 488 372 1 1 40 40 0 1 0
32399 32400 488 372 489 372 1 0 40 39 -13570 32 1
32400 32449 489 372 489 372 0 0 39 39 0 49 0
32449 32450 489 372 488 372 0 1 39 38 13584 32 1
32450 32453 488 372 491 372 1 0 38 35 -13584 32 3
32453 33339 491 372 491 372 0 0 35 35 0 886 0
33339 33342 491 372 488 372 0 1 35 32 13839 32 3
33342 33343 488 372 489 372 1 0 32 31 -13839 32 1
33343 34243 489 372 489 372 0 0 31 31 0 900 0
34243 34244 489 372 488 372 0 1 31 30 14065 32 1
34244 34247 488 372 491 372 1 0 30 27 -14065 32 3
34247 37867 491 372 491 372 0 0 27 27 0 3620 0
37867 37870 491 372 488 372 0 1 27 24 15019 32 3
37870 37873 488 372 490 373 1 0 24 21 -15019 32 3
37873 38302 490 373 490 373 0 0 21 21 0 429 0
38302 38305 490 373 488 372 0 1 21 18 15124 32 3
38305 38305 488 372 488 372 1 2 18 18 15123 30 0
38305 38307 488 372 490 372 2 1 18 16 -15124 32 2
38307 38309 490 372 492 372 1 0 16 14 -15123 31 2
38309 39625 492 372 492 372 0 0 14 14 0 1316 0
39625 39629 492 372 488 372 0 1 14 10 15474 32 4
39629 39631 488 372 488 372 1 1 10 10 0 2 0
39631 39634 488 372 491 372 1 0 10 7 -15474 32 3
39634 40065 491 372 491 372 0 0 7 7 0 431 0
40065 40068 491 372 488 372 0 1 7 4 15625 32 3
40068 40069 488 372 488 373 1 0 4 3 -15625 32 1
40069 41766 488 373 488 373 0 0 3 3 0 1697 0
41766 41767 488 373 488 372 0 1 3 2 16593 32 1
41767 41768 488 372 489 372 1 0 2 1 -16593 32 1
41768 43266 489 372 489 372 0 0 1 1 0 1498 0
43266 43267 489 372 488 372 0 0 1 0 1000000000 0 1
--------------------------------------
--------------------------------------
EV4
--------------------------------------
Num TPs served = 13
TPs served = 16138 16501 16550 16624 16630 16827 16837 17821 17920 17994 18206 18484 34426
Total energy used = 100
--------------------------------------
Schedule:
0 1281 488 372 488 372 0 0 100 100 0 1281 0
1281 1281 488 372 488 372 0 1 100 100 17821 32 0
1281 1282 488 372 488 373 1 0 100 99 -17821 32 1
1282 1572 488 373 488 373 0 0 99 99 0 290 0
1572 1573 488 373 488 372 0 1 99 98 17920 32 1
1573 1576 488 372 488 372 1 1 98 98 0 3 0
1576 1603 488 372 494 393 1 0 98 71 -17920 32 27
1603 1774 494 393 494 393 0 0 71 71 0 171 0
1774 1801 494 393 488 372 0 1 71 44 17994 32 27
1801 1803 488 372 489 373 1 0 44 42 -17994 32 2
1803 2446 489 373 489 373 0 0 42 42 0 643 0
2446 2448 489 373 488 372 0 1 42 40 18206 32 2
2448 2452 488 372 492 372 1 0 40 36 -18206 32 4
2452 3319 492 372 492 372 0 0 36 36 0 867 0
3319 3323 492 372 488 372 0 1 36 32 18484 32 4
3323 3324 488 372 488 373 1 0 32 31 -18484 32 1
3324 41021 488 373 488 373 0 0 31 31 0 37697 0
41021 41022 488 373 488 372 0 1 31 30 34426 32 1
41022 41022 488 372 488 372 1 2 30 30 16138 26 0
41022 41023 488 372 488 372 2 2 30 30 0 1 0
41023 41024 488 372 488 373 2 1 30 29 -34426 32 1
41024 41026 488 373 488 375 1 0 29 27 -16138 25 2
41026 41603 488 375 488 375 0 0 27 27 0 577 0
41603 41606 488 375 488 372 0 1 27 24 16501 32 3
41606 41608 488 372 490 372 1 0 24 22 -16501 32 2
41608 41683 490 372 490 372 0 0 22 22 0 75 0
41683 41685 490 372 488 372 0 1 22 20 16550 32 2
41685 41687 488 372 488 374 1 0 20 18 -16550 32 2
41687 41833 488 374 488 374 0 0 18 18 0 146 0
41833 41835 488 374 488 372 0 1 18 16 16630 32 2
41835 41835 488 372 488 372 1 2 16 16 16624 19 0
41835 41838 488 372 491 372 2 1 16 13 -16630 32 3
41838 41840 491 372 493 372 1 0 13 11 -16624 19 2
41840 42194 493 372 493 372 0 0 11 11 0 354 0
42194 42199 493 372 488 372 0 1 11 6 16837 32 5
42199 42199 488 372 488 372 1 2 6 6 16827 13 0
42199 42201 488 372 490 372 2 1 6 4 -16837 32 2
42201 42203 490 372 489 373 1 0 4 2 -16827 11 2
42203 43265 489 373 489 373 0 0 2 2 0 1062 0
43265 43267 489 373 488 372 0 0 2 0 1000000000 0 2
--------------------------------------
--------------------------------------
EV5
--------------------------------------
Num TPs served = 17
TPs served = 18388 18891 20049 21187 21323 21410 21557 22406 22840 23946 24006 24090 24370 24419 25015 26049 26563
Total energy used = 100
--------------------------------------
Schedule:
0 3046 488 372 488 372 0 0 100 100 0 3046 0
3046 3046 488 372 488 372 0 1 100 100 18388 32 0
3046 3047 488 372 488 372 1 1 100 100 0 1 0
3047 3049 488 372 490 372 1 0 100 98 -18388 32 2
3049 4635 490 372 490 372 0 0 98 98 0 1586 0
4635 4637 490 372 488 372 0 1 98 96 18891 32 2
4637 4641 488 372 491 373 1 0 96 92 -18891 32 4
4641 8158 491 373 491 373 0 0 92 92 0 3517 0
8158 8162 491 373 488 372 0 1 92 88 20049 32 4
8162 8164 488 372 490 372 1 0 88 86 -20049 32 2
8164 11263 490 372 490 372 0 0 86 86 0 3099 0
11263 11265 490 372 488 372 0 1 86 84 21187 32 2
11265 11267 488 372 489 373 1 0 84 82 -21187 32 2
11267 11621 489 373 489 373 0 0 82 82 0 354 0
11621 11623 489 373 488 372 0 1 82 80 21323 32 2
11623 11625 488 372 488 374 1 0 80 78 -21323 32 2
11625 11869 488 374 488 374 0 0 78 78 0 244 0
11869 11871 488 374 488 372 0 1 78 76 21410 32 2
11871 11872 488 372 488 372 1 1 76 76 0 1 0
11872 11880 488 372 490 378 1 0 76 68 -21410 32 8
11880 12253 490 378 490 378 0 0 68 68 0 373 0
12253 12261 490 378 488 372 0 1 68 60 21557 32 8
12261 12264 488 372 491 372 1 0 60 57 -21557 32 3
12264 14510 491 372 491 372 0 0 57 57 0 2246 0
14510 14513 491 372 488 372 0 1 57 54 22406 32 3
14513 14515 488 372 489 373 1 0 54 52 -22406 32 2
14515 15597 489 373 489 373 0 0 52 52 0 1082 0
15597 15599 489 373 488 372 0 1 52 50 22840 32 2
15599 15604 488 372 488 372 1 1 50 50 0 5 0
15604 15617 488 372 501 372 1 0 50 37 -22840 32 13
15617 18157 501 372 501 372 0 0 37 37 0 2540 0
18157 18170 501 372 488 372 0 1 37 24 23946 32 13
18170 18172 488 372 489 373 1 0 24 22 -23946 32 2
18172 18303 489 373 489 373 0 0 22 22 0 131 0
18303 18305 489 373 488 372 0 1 22 20 24006 32 2
18305 18306 488 372 489 372 1 0 20 19 -24006 32 1
18306 18487 489 372 489 372 0 0 19 19 0 181 0
18487 18488 489 372 488 372 0 1 19 18 24090 32 1
18488 18489 488 372 489 372 1 0 18 17 -24090 32 1
18489 19086 489 372 489 372 0 0 17 17 0 597 0
19086 19087 489 372 488 372 0 1 17 16 24370 32 1
19087 19088 488 372 488 372 1 1 16 16 0 1 0
19088 19090 488 372 488 374 1 0 16 14 -24370 32 2
19090 19218 488 374 488 374 0 0 14 14 0 128 0
19218 19220 488 374 488 372 0 1 14 12 24419 32 2
19220 19221 488 372 488 373 1 0 12 11 -24419 32 1
19221 20543 488 373 488 373 0 0 11 11 0 1322 0
20543 20544 488 373 488 372 0 1 11 10 25015 32 1
20544 20546 488 372 489 373 1 0 10 8 -25015 32 2
20546 22748 489 373 489 373 0 0 8 8 0 2202 0
22748 22750 489 373 488 372 0 1 8 6 26049 32 2
22750 22752 488 372 488 374 1 0 6 4 -26049 32 2
22752 23772 488 374 488 374 0 0 4 4 0 1020 0
23772 23774 488 374 488 372 0 1 4 2 26563 32 2
23774 23775 488 372 488 372 1 1 2 2 0 1 0
23775 23776 488 372 488 373 1 0 2 1 -26563 32 1
23776 43266 488 373 488 373 0 0 1 1 0 19490 0
43266 43267 488 373 488 372 0 0 1 0 1000000000 0 1
--------------------------------------
--------------------------------------
EV6
--------------------------------------
Num TPs served = 21
TPs served = 26460 26677 26900 27008 27078 27112 27416 27805 27857 27862 28656 28752 29190 29226 30098 30170 30258 31243 32366 33995 45354
Total energy used = 100
--------------------------------------
Schedule:
0 23576 488 372 488 372 0 0 100 100 0 23576 0
23576 23576 488 372 488 372 0 1 100 100 26460 32 0
23576 23578 488 372 489 373 1 0 100 98 -26460 32 2
23578 24012 489 373 489 373 0 0 98 98 0 434 0
24012 24014 489 373 488 372 0 1 98 96 26677 32 2
24014 24017 488 372 488 372 1 1 96 96 0 3 0
24017 24019 488 372 490 372 1 0 96 94 -26677 32 2
24019 24459 490 372 490 372 0 0 94 94 0 440 0
24459 24461 490 372 488 372 0 1 94 92 26900 32 2
24461 24463 488 372 490 372 1 0 92 90 -26900 32 2
24463 24645 490 372 490 372 0 0 90 90 0 182 0
24645 24647 490 372 488 372 0 1 90 88 45354 32 2
24647 24668 488 372 488 372 1 1 88 88 0 21 0
24668 24668 488 372 488 372 1 2 88 88 27008 32 0
24668 24670 488 372 488 374 2 1 88 86 -45354 12 2
24670 24671 488 374 488 374 1 1 86 86 0 1 0
24671 24673 488 374 490 374 1 0 86 84 -27008 32 2
24673 24796 490 374 490 374 0 0 84 84 0 123 0
24796 24800 490 374 488 372 0 1 84 80 27078 32 4
24800 24803 488 372 490 373 1 0 80 77 -27078 32 3
24803 24851 490 373 490 373 0 0 77 77 0 48 0
24851 24854 490 373 488 372 0 1 77 74 27112 32 3
24854 24857 488 372 489 374 1 0 74 71 -27112 32 3
24857 25415 489 374 489 374 0 0 71 71 0 558 0
25415 25418 489 374 488 372 0 1 71 68 27416 32 3
25418 25420 488 372 490 372 1 0 68 66 -27416 32 2
25420 26142 490 372 490 372 0 0 66 66 0 722 0
26142 26144 490 372 488 372 0 1 66 64 27805 32 2
26144 26146 488 372 488 372 1 1 64 64 0 2 0
26146 26150 488 372 489 375 1 0 64 60 -27805 32 4
26150 26245 489 375 489 375 0 0 60 60 0 95 0
26245 26249 489 375 488 372 0 1 60 56 27862 32 4
26249 26249 488 372 488 372 1 2 56 56 27857 24 0
26249 26250 488 372 488 373 2 1 56 55 -27862 32 1
26250 26252 488 373 489 372 1 0 55 53 -27857 23 2
26252 27780 489 372 489 372 0 0 53 53 0 1528 0
27780 27781 489 372 488 372 0 1 53 52 28656 32 1
27781 27782 488 372 488 372 1 1 52 52 0 1 0
27782 27783 488 372 488 373 1 0 52 51 -28656 32 1
27783 27964 488 373 488 373 0 0 51 51 0 181 0
27964 27965 488 373 488 372 0 1 51 50 28752 32 1
27965 27968 488 372 488 375 1 0 50 47 -28752 32 3
27968 28878 488 375 488 375 0 0 47 47 0 910 0
28878 28881 488 375 488 372 0 1 47 44 29190 32 3
28881 28882 488 372 488 372 1 1 44 44 0 1 0
28882 28883 488 372 488 373 1 0 44 43 -29190 32 1
28883 28948 488 373 488 373 0 0 43 43 0 65 0
28948 28949 488 373 488 372 0 1 43 42 29226 32 1
28949 28950 488 372 488 372 1 1 42 42 0 1 0
28950 28951 488 372 489 372 1 0 42 41 -29226 32 1
28951 30670 489 372 489 372 0 0 41 41 0 1719 0
30670 30671 489 372 488 372 0 1 41 40 30098 32 1
30671 30677 488 372 492 374 1 0 40 34 -30098 32 6
30677 30793 492 374 492 374 0 0 34 34 0 116 0
30793 30799 492 374 488 372 0 1 34 28 30170 32 6
30799 30800 488 372 488 372 1 1 28 28 0 1 0
30800 30801 488 372 488 373 1 0 28 27 -30170 32 1
30801 30989 488 373 488 373 0 0 27 27 0 188 0
30989 30990 488 373 488 372 0 1 27 26 30258 32 1
30990 30992 488 372 490 372 1 0 26 24 -30258 32 2
30992 33032 490 372 490 372 0 0 24 24 0 2040 0
33032 33034 490 372 488 372 0 1 24 22 31243 32 2
33034 33038 488 372 488 372 1 1 22 22 0 4 0
33038 33045 488 372 494 373 1 0 22 15 -31243 32 7
33045 35591 494 373 494 373 0 0 15 15 0 2546 0
35591 35598 494 373 488 372 0 1 15 8 32366 32 7
35598 35600 488 372 490 372 1 0 8 6 -32366 32 2
35600 39761 490 372 490 372 0 0 6 6 0 4161 0
39761 39763 490 372 488 372 0 1 6 4 33995 32 2
39763 39765 488 372 488 372 1 1 4 4 0 2 0
39765 39767 488 372 488 374 1 0 4 2 -33995 32 2
39767 43265 488 374 488 374 0 0 2 2 0 3498 0
43265 43267 488 374 488 372 0 0 2 0 1000000000 0 2
--------------------------------------
--------------------------------------
EV7
--------------------------------------
Num TPs served = 14
TPs served = 31789 32356 32976 33449 33516 34612 34945 35163 35252 35257 36473 36546 36742 36957
Total energy used = 100
--------------------------------------
Schedule:
0 70 488 372 488 372 0 0 100 100 0 70 0
70 70 488 372 488 372 0 1 100 100 35163 32 0
70 71 488 372 489 372 1 0 100 99 -35163 32 1
71 337 489 372 489 372 0 0 99 99 0 266 0
337 338 489 372 488 372 0 1 99 98 35257 32 1
338 338 488 372 488 372 1 2 98 98 35252 13 0
338 340 488 372 490 372 2 1 98 96 -35257 32 2
340 347 490 372 496 373 1 0 96 89 -35252 19 7
347 3857 496 373 496 373 0 0 89 89 0 3510 0
3857 3866 496 373 488 372 0 1 89 80 36473 32 9
3866 3868 488 372 489 373 1 0 80 78 -36473 32 2
3868 4063 489 373 489 373 0 0 78 78 0 195 0
4063 4065 489 373 488 372 0 1 78 76 36546 32 2
4065 4066 488 372 488 372 1 1 76 76 0 1 0
4066 4068 488 372 489 373 1 0 76 74 -36546 32 2
4068 4692 489 373 489 373 0 0 74 74 0 624 0
4692 4694 489 373 488 372 0 1 74 72 36742 32 2
4694 4695 488 372 488 372 1 1 72 72 0 1 0
4695 4696 488 372 488 373 1 0 72 71 -36742 32 1
4696 5309 488 373 488 373 0 0 71 71 0 613 0
5309 5310 488 373 488 372 0 1 71 70 36957 32 1
5310 5314 488 372 489 375 1 0 70 66 -36957 32 4
5314 34256 489 375 489 375 0 0 66 66 0 28942 0
34256 34260 489 375 488 372 0 1 66 62 31789 32 4
34260 34266 488 372 493 373 1 0 62 56 -31789 32 6
34266 35577 493 373 493 373 0 0 56 56 0 1311 0
35577 35583 493 373 488 372 0 1 56 50 32356 32 6
35583 35589 488 372 494 372 1 0 50 44 -32356 32 6
35589 37119 494 372 494 372 0 0 44 44 0 1530 0
37119 37125 494 372 488 372 0 1 44 38 32976 32 6
37125 37132 488 372 488 372 1 1 38 38 0 7 0
37132 37138 488 372 494 372 1 0 38 32 -32976 32 6
37138 38280 494 372 494 372 0 0 32 32 0 1142 0
38280 38286 494 372 488 372 0 1 32 26 33449 32 6
38286 38288 488 372 488 372 1 1 26 26 0 2 0
38288 38292 488 372 489 375 1 0 26 22 -33449 32 4
38292 38476 489 375 489 375 0 0 22 22 0 184 0
38476 38480 489 375 488 372 0 1 22 18 33516 32 4
38480 38487 488 372 493 374 1 0 18 11 -33516 32 7
38487 41557 493 374 493 374 0 0 11 11 0 3070 0
41557 41564 493 374 488 372 0 1 11 4 34612 32 7
41564 41565 488 372 489 372 1 0 4 3 -34612 32 1
41565 42609 489 372 489 372 0 0 3 3 0 1044 0
42609 42610 489 372 488 372 0 1 3 2 34945 32 1
42610 42611 488 372 488 372 1 1 2 2 0 1 0
42611 42612 488 372 488 373 1 0 2 1 -34945 32 1
42612 43266 488 373 488 373 0 0 1 1 0 654 0
43266 43267 488 373 488 372 0 0 1 0 1000000000 0 1
--------------------------------------
--------------------------------------
EV8
--------------------------------------
Num TPs served = 20
TPs served = 36920 37174 37896 38560 38646 39019 39752 39899 40061 40435 40571 41604 41753 41970 43118 44318 44459 44504 44968 45008
Total energy used = 100
--------------------------------------
Schedule:
0 5219 488 372 488 372 0 0 100 100 0 5219 0
5219 5219 488 372 488 372 0 1 100 100 36920 32 0
5219 5224 488 372 489 376 1 0 100 95 -36920 32 5
5224 5965 489 376 489 376 0 0 95 95 0 741 0
5965 5970 489 376 488 372 0 1 95 90 37174 32 5
5970 5974 488 372 492 372 1 0 90 86 -37174 32 4
5974 7979 492 372 492 372 0 0 86 86 0 2005 0
7979 7983 492 372 488 372 0 1 86 82 37896 32 4
7983 7988 488 372 492 373 1 0 82 77 -37896 32 5
7988 9798 492 373 492 373 0 0 77 77 0 1810 0
9798 9803 492 373 488 372 0 1 77 72 38560 32 5
9803 9805 488 372 489 373 1 0 72 70 -38560 32 2
9805 10021 489 373 489 373 0 0 70 70 0 216 0
10021 10023 489 373 488 372 0 1 70 68 38646 32 2
10023 10025 488 372 490 372 1 0 68 66 -38646 32 2
10025 10897 490 372 490 372 0 0 66 66 0 872 0
10897 10899 490 372 488 372 0 1 66 64 39019 32 2
10899 10901 488 372 490 372 1 0 64 62 -39019 32 2
10901 12736 490 372 490 372 0 0 62 62 0 1835 0
12736 12738 490 372 488 372 0 1 62 60 39752 32 2
12738 12744 488 372 494 372 1 0 60 54 -39752 32 6
12744 13116 494 372 494 372 0 0 54 54 0 372 0
13116 13122 494 372 488 372 0 1 54 48 39899 32 6
13122 13124 488 372 488 372 1 1 48 48 0 2 0
13124 13125 488 372 488 373 1 0 48 47 -39899 32 1
13125 13626 488 373 488 373 0 0 47 47 0 501 0
13626 13627 488 373 488 372 0 1 47 46 40061 32 1
13627 13628 488 372 489 372 1 0 46 45 -40061 32 1
13628 14546 489 372 489 372 0 0 45 45 0 918 0
14546 14547 489 372 488 372 0 1 45 44 40435 32 1
14547 14552 488 372 493 372 1 0 44 39 -40435 32 5
14552 14874 493 372 493 372 0 0 39 39 0 322 0
14874 14879 493 372 488 372 0 1 39 34 40571 32 5
14879 14880 488 372 488 372 1 1 34 34 0 1 0
14880 14881 488 372 489 372 1 0 34 33 -40571 32 1
14881 17257 489 372 489 372 0 0 33 33 0 2376 0
17257 17258 489 372 488 372 0 1 33 32 41604 32 1
17258 17259 488 372 488 372 1 1 32 32 0 1 0
17259 17261 488 372 489 373 1 0 32 30 -41604 32 2
17261 17575 489 373 489 373 0 0 30 30 0 314 0
17575 17577 489 373 488 372 0 1 30 28 41753 32 2
17577 17578 488 372 488 372 1 1 28 28 0 1 0
17578 17579 488 372 488 373 1 0 28 27 -41753 32 1
17579 18041 488 373 488 373 0 0 27 27 0 462 0
18041 18042 488 373 488 372 0 1 27 26 41970 32 1
18042 18043 488 372 488 372 1 1 26 26 0 1 0
18043 18048 488 372 492 373 1 0 26 21 -41970 32 5
18048 20442 492 373 492 373 0 0 21 21 0 2394 0
20442 20447 492 373 488 372 0 1 21 16 43118 32 5
20447 20449 488 372 490 372 1 0 16 14 -43118 32 2
20449 22772 490 372 490 372 0 0 14 14 0 2323 0
22772 22774 490 372 488 372 0 1 14 12 44318 32 2
22774 22775 488 372 488 372 1 1 12 12 0 1 0
22775 22776 488 372 489 372 1 0 12 11 -44318 32 1
22776 23037 489 372 489 372 0 0 11 11 0 261 0
23037 23038 489 372 488 372 0 1 11 10 44459 32 1
23038 23040 488 372 488 372 1 1 10 10 0 2 0
23040 23041 488 372 489 372 1 0 10 9 -44459 32 1
23041 23121 489 372 489 372 0 0 9 9 0 80 0
23121 23122 489 372 488 372 0 1 9 8 44504 32 1
23122 23124 488 372 489 373 1 0 8 6 -44504 32 2
23124 23967 489 373 489 373 0 0 6 6 0 843 0
23967 23969 489 373 488 372 0 1 6 4 44968 32 2
23969 23970 488 372 489 372 1 0 4 3 -44968 32 1
23970 24035 489 372 489 372 0 0 3 3 0 65 0
24035 24036 489 372 488 372 0 1 3 2 45008 32 1
24036 24037 488 372 488 373 1 0 2 1 -45008 32 1
24037 43266 488 373 488 373 0 0 1 1 0 19229 0
43266 43267 488 373 488 372 0 0 1 0 1000000000 0 1
--------------------------------------

-------------------------------------------------------------------------

TPs

-------------------------------------------------------------------------

----------------------
TP108 allocated to 1
----------------------

----------------------
TP665 allocated to 1
----------------------

----------------------
TP849 allocated to 1
----------------------

----------------------
TP1372 allocated to 1
----------------------

----------------------
TP1758 allocated to 1
----------------------

----------------------
TP2038 allocated to 1
----------------------

----------------------
TP2268 allocated to 1
----------------------

----------------------
TP4387 allocated to 1
----------------------

----------------------
TP4770 allocated to 1
----------------------

----------------------
TP5291 allocated to 1
----------------------

----------------------
TP5762 allocated to 1
----------------------

----------------------
TP5850 allocated to 1
----------------------

----------------------
TP6092 allocated to 1
----------------------

----------------------
TP6274 allocated to 1
----------------------

----------------------
TP6726 allocated to 1
----------------------

----------------------
TP6749 allocated to 1
----------------------

----------------------
TP6892 allocated to 1
----------------------

----------------------
TP8032 allocated to 2
----------------------

----------------------
TP8147 allocated to 2
----------------------

----------------------
TP8157 allocated to 2
----------------------

----------------------
TP8311 allocated to 2
----------------------

----------------------
TP8374 allocated to 2
----------------------

----------------------
TP8801 allocated to 2
----------------------

----------------------
TP8901 allocated to 2
----------------------

----------------------
TP9250 allocated to 2
----------------------

----------------------
TP9420 allocated to 2
----------------------

----------------------
TP9430 allocated to 2
----------------------

----------------------
TP9674 allocated to 2
----------------------

----------------------
TP9767 allocated to 2
----------------------

----------------------
TP9780 allocated to 2
----------------------

----------------------
TP9928 allocated to 2
----------------------

----------------------
TP10538 allocated to 2
----------------------

----------------------
TP10547 allocated to 2
----------------------

----------------------
TP10556 allocated to 2
----------------------

----------------------
TP10636 allocated to 2
----------------------

----------------------
TP10664 allocated to 2
----------------------

----------------------
TP10763 allocated to 3
----------------------

----------------------
TP11122 allocated to 3
----------------------

----------------------
TP11164 allocated to 3
----------------------

----------------------
TP11229 allocated to 3
----------------------

----------------------
TP11525 allocated to 3
----------------------

----------------------
TP11982 allocated to 3
----------------------

----------------------
TP12105 allocated to 3
----------------------

----------------------
TP12118 allocated to 3
----------------------

----------------------
TP13263 allocated to 3
----------------------

----------------------
TP13467 allocated to 3
----------------------

----------------------
TP13570 allocated to 3
----------------------

----------------------
TP13584 allocated to 3
----------------------

----------------------
TP13839 allocated to 3
----------------------

----------------------
TP14065 allocated to 3
----------------------

----------------------
TP14736 allocated to 1
----------------------

----------------------
TP15019 allocated to 3
----------------------

----------------------
TP15123 allocated to 3
----------------------

----------------------
TP15124 allocated to 3
----------------------

----------------------
TP15474 allocated to 3
----------------------

----------------------
TP15625 allocated to 3
----------------------

----------------------
TP16138 allocated to 4
----------------------

----------------------
TP16501 allocated to 4
----------------------

----------------------
TP16550 allocated to 4
----------------------

----------------------
TP16593 allocated to 3
----------------------

----------------------
TP16624 allocated to 4
----------------------

----------------------
TP16630 allocated to 4
----------------------

----------------------
TP16827 allocated to 4
----------------------

----------------------
TP16837 allocated to 4
----------------------

----------------------
TP17538 allocated to 1
----------------------

----------------------
TP17821 allocated to 4
----------------------

----------------------
TP17920 allocated to 4
----------------------

----------------------
TP17994 allocated to 4
----------------------

----------------------
TP18206 allocated to 4
----------------------

----------------------
TP18388 allocated to 5
----------------------

----------------------
TP18484 allocated to 4
----------------------

----------------------
TP18891 allocated to 5
----------------------

----------------------
TP20049 allocated to 5
----------------------

----------------------
TP20710 allocated to 1
----------------------

----------------------
TP21187 allocated to 5
----------------------

----------------------
TP21323 allocated to 5
----------------------

----------------------
TP21410 allocated to 5
----------------------

----------------------
TP21557 allocated to 5
----------------------

----------------------
TP22406 allocated to 5
----------------------

----------------------
TP22840 allocated to 5
----------------------

----------------------
TP22842 allocated to 1
----------------------

----------------------
TP23946 allocated to 5
----------------------

----------------------
TP24006 allocated to 5
----------------------

----------------------
TP24090 allocated to 5
----------------------

----------------------
TP24370 allocated to 5
----------------------

----------------------
TP24419 allocated to 5
----------------------

----------------------
TP25015 allocated to 5
----------------------

----------------------
TP26049 allocated to 5
----------------------

----------------------
TP26460 allocated to 6
----------------------

----------------------
TP26563 allocated to 5
----------------------

----------------------
TP26677 allocated to 6
----------------------

----------------------
TP26900 allocated to 6
----------------------

----------------------
TP27008 allocated to 6
----------------------

----------------------
TP27078 allocated to 6
----------------------

----------------------
TP27112 allocated to 6
----------------------

----------------------
TP27416 allocated to 6
----------------------

----------------------
TP27805 allocated to 6
----------------------

----------------------
TP27857 allocated to 6
----------------------

----------------------
TP27862 allocated to 6
----------------------

----------------------
TP28056 allocated to 1
----------------------

----------------------
TP28656 allocated to 6
----------------------

----------------------
TP28752 allocated to 6
----------------------

----------------------
TP29190 allocated to 6
----------------------

----------------------
TP29226 allocated to 6
----------------------

----------------------
TP29501 allocated to 1
----------------------

----------------------
TP30098 allocated to 6
----------------------

----------------------
TP30170 allocated to 6
----------------------

----------------------
TP30258 allocated to 6
----------------------

----------------------
TP31243 allocated to 6
----------------------

----------------------
TP31789 allocated to 7
----------------------

----------------------
TP32267 allocated to 1
----------------------

----------------------
TP32356 allocated to 7
----------------------

----------------------
TP32366 allocated to 6
----------------------

----------------------
TP32976 allocated to 7
----------------------

----------------------
TP33449 allocated to 7
----------------------

----------------------
TP33516 allocated to 7
----------------------

----------------------
TP33995 allocated to 6
----------------------

----------------------
TP34426 allocated to 4
----------------------

----------------------
TP34612 allocated to 7
----------------------

----------------------
TP34945 allocated to 7
----------------------

----------------------
TP35163 allocated to 7
----------------------

----------------------
TP35252 allocated to 7
----------------------

----------------------
TP35257 allocated to 7
----------------------

----------------------
TP36473 allocated to 7
----------------------

----------------------
TP36546 allocated to 7
----------------------

----------------------
TP36742 allocated to 7
----------------------

----------------------
TP36920 allocated to 8
----------------------

----------------------
TP36957 allocated to 7
----------------------

----------------------
TP37174 allocated to 8
----------------------

----------------------
TP37278 allocated to 1
----------------------

----------------------
TP37896 allocated to 8
----------------------

----------------------
TP38560 allocated to 8
----------------------

----------------------
TP38646 allocated to 8
----------------------

----------------------
TP38902 allocated to 1
----------------------

----------------------
TP39019 allocated to 8
----------------------

----------------------
TP39617 allocated to 1
----------------------

----------------------
TP39752 allocated to 8
----------------------

----------------------
TP39899 allocated to 8
----------------------

----------------------
TP40061 allocated to 8
----------------------

----------------------
TP40410 allocated to 1
----------------------

----------------------
TP40435 allocated to 8
----------------------

----------------------
TP40571 allocated to 8
----------------------

----------------------
TP40896 allocated to 1
----------------------

----------------------
TP41604 allocated to 8
----------------------

----------------------
TP41753 allocated to 8
----------------------

----------------------
TP41970 allocated to 8
----------------------

----------------------
TP43118 allocated to 8
----------------------

----------------------
TP44318 allocated to 8
----------------------

----------------------
TP44459 allocated to 8
----------------------

----------------------
TP44504 allocated to 8
----------------------

----------------------
TP44968 allocated to 8
----------------------

----------------------
TP45008 allocated to 8
----------------------

----------------------
TP45043 not allocated
----------------------

----------------------
TP45354 allocated to 6
----------------------

----------------------
TP46779 not allocated
----------------------

----------------------
TP46898 allocated to 1
----------------------

----------------------
TP47826 allocated to 1
----------------------

----------------------
TP47921 not allocated
----------------------

----------------------
TP48010 allocated to 1
----------------------

----------------------
TP48307 not allocated
----------------------

----------------------
TP48690 not allocated
----------------------

----------------------
TP49044 not allocated
----------------------

----------------------
TP49056 not allocated
----------------------

----------------------
TP49108 not allocated
----------------------

----------------------
TP49177 not allocated
----------------------

----------------------
TP49369 not allocated
----------------------

----------------------
TP49763 allocated to 1
----------------------

-------------------------------------------------------------------------

Ride-sharing vs Individual Mode - Num Vehicles and Distance Comparisson 

-------------------------------------------------------------------------
Individual Mode = 167 vehicles.
Ride-sharing Mode = 18 vehicles. The 8 ride-sharing vehicles + 10 vehicles of the individuals not served by the ride-sharing service.
-------------------------------------------------------------------------
Individual Mode = 443 distance.
Ride-sharing Mode = 830 distance. 800 from the EV fleet + 30 from the distance of the trips not covered individuals had to do with their own vehicle.
-------------------------------------------------------------------------
