-------------------------------------------------------------------------
TPs satisfied = 60; Total TPs = 181; Percentage Satisfied + 33.1%
-------------------------------------------------------------------------

-------------------------------------------------------------------------

EVs

-------------------------------------------------------------------------
--------------------------------------
EV1
--------------------------------------
Num TPs served = 39
TPs served = 125 195 771 775 857 1017 1179 1250 1373 1503 1555 2028 2067 2725 2961 3028 3611 4230 4819 7319 7580 12935 13474 16632 21706 22377 24815 30473 34181 34416 34578 35262 35651 36500 41712 42734 43281 43837 48762
Total energy used = 100
--------------------------------------
Schedule:
0 243 305 124 305 124 0 0 100 100 0 243 0
243 243 305 124 305 124 0 1 100 100 125 32 0
243 246 305 124 308 124 1 0 100 97 -125 32 3
246 351 308 124 308 124 0 0 97 97 0 105 0
351 354 308 124 305 124 0 1 97 94 35262 32 3
354 355 305 124 305 124 1 1 94 94 0 1 0
355 355 305 124 305 124 1 0 94 94 -35262 32 0
355 377 305 124 305 124 0 0 94 94 0 22 0
377 377 305 124 305 124 0 1 94 94 195 32 0
377 378 305 124 305 124 1 1 94 94 0 1 0
378 389 305 124 316 124 1 0 94 83 -195 32 11
389 1380 316 124 316 124 0 0 83 83 0 991 0
1380 1391 316 124 305 124 0 1 83 72 775 32 11
1391 1391 305 124 305 124 1 2 72 72 771 21 0
1391 1396 305 124 309 125 2 1 72 67 -775 32 5
1396 1404 309 125 305 129 1 0 67 59 -771 13 8
1404 1493 305 129 305 129 0 0 59 59 0 89 0
1493 1498 305 129 305 124 0 1 59 54 35651 32 5
1498 1500 305 124 305 124 1 1 54 54 0 2 0
1500 1500 305 124 305 124 1 0 54 54 -35651 32 0
1500 1518 305 124 305 124 0 0 54 54 0 18 0
1518 1518 305 124 305 124 0 1 54 54 857 32 0
1518 1522 305 124 305 124 1 1 54 54 0 4 0
1522 1523 305 124 306 124 1 0 54 53 -857 32 1
1523 1795 306 124 306 124 0 0 53 53 0 272 0
1795 1796 306 124 305 124 0 1 53 52 1017 32 1
1796 1798 305 124 307 124 1 0 52 50 -1017 32 2
1798 2056 307 124 307 124 0 0 50 50 0 258 0
2056 2058 307 124 305 124 0 1 50 48 1179 32 2
2058 2061 305 124 308 124 1 0 48 45 -1179 32 3
2061 2180 308 124 308 124 0 0 45 45 0 119 0
2180 2183 308 124 305 124 0 1 45 42 1250 32 3
2183 2184 305 124 306 124 1 0 42 41 -1250 32 1
2184 2401 306 124 306 124 0 0 41 41 0 217 0
2401 2402 306 124 305 124 0 1 41 40 1373 32 1
2402 2403 305 124 305 125 1 0 40 39 -1373 32 1
2403 2627 305 125 305 125 0 0 39 39 0 224 0
2627 2628 305 125 305 124 0 1 39 38 1503 32 1
2628 2629 305 124 305 124 1 1 38 38 0 1 0
2629 2636 305 124 306 130 1 0 38 31 -1503 32 7
2636 2697 306 130 306 130 0 0 31 31 0 61 0
2697 2704 306 130 305 124 0 1 31 24 1555 32 7
2704 2707 305 124 305 124 1 1 24 24 0 3 0
2707 2708 305 124 305 125 1 0 24 23 -1555 32 1
2708 3564 305 125 305 125 0 0 23 23 0 856 0
3564 3565 305 125 305 124 0 1 23 22 2028 32 1
3565 3567 305 124 307 124 1 0 22 20 -2028 32 2
3567 3626 307 124 307 124 0 0 20 20 0 59 0
3626 3628 307 124 305 124 0 1 20 18 2067 32 2
3628 3631 305 124 307 125 1 0 18 15 -2067 32 3
3631 3944 307 125 307 125 0 0 15 15 0 313 0
3944 3947 307 125 305 124 0 1 15 12 36500 32 3
3947 3949 305 124 305 124 1 1 12 12 0 2 0
3949 3949 305 124 305 124 1 0 12 12 -36500 32 0
3949 4844 305 124 305 124 0 0 12 12 0 895 0
4844 4844 305 124 305 124 0 1 12 12 2725 32 0
4844 4845 305 124 305 124 1 1 12 12 0 1 0
4845 4846 305 124 306 124 1 0 12 11 -2725 32 1
4846 5283 306 124 306 124 0 0 11 11 0 437 0
5283 5284 306 124 305 124 0 1 11 10 2961 32 1
5284 5286 305 124 307 124 1 0 10 8 -2961 32 2
5286 5404 307 124 307 124 0 0 8 8 0 118 0
5404 5406 307 124 305 124 0 1 8 6 3028 32 2
5406 5407 305 124 305 124 1 1 6 6 0 1 0
5407 5408 305 124 305 125 1 0 6 5 -3028 32 1
5408 6469 305 125 305 125 0 0 5 5 0 1061 0
6469 6470 305 125 305 124 0 1 5 4 3611 32 1
6470 6472 305 124 306 125 1 0 4 2 -3611 32 2
6472 7604 306 125 306 125 0 0 2 2 0 1132 0
7604 7606 306 125 305 124 0 1 2 0 4230 32 2
7606 7608 305 124 305 124 1 1 0 0 0 2 0
7608 7608 305 124 305 124 1 0 0 0 -4230 32 0
7608 8744 305 124 305 124 0 0 0 0 0 1136 0
8744 8744 305 124 305 124 0 1 0 0 4819 32 0
8744 8746 305 124 305 124 1 1 0 0 0 2 0
8746 8746 305 124 305 124 1 0 0 0 -4819 32 0
8746 12703 305 124 305 124 0 0 0 0 0 3957 0
12703 12703 305 124 305 124 0 1 0 0 21706 32 0
12703 12704 305 124 305 124 1 1 0 0 0 1 0
12704 12704 305 124 305 124 1 0 0 0 -21706 32 0
12704 13706 305 124 305 124 0 0 0 0 0 1002 0
13706 13706 305 124 305 124 0 1 0 0 7319 32 0
13706 13709 305 124 305 124 1 1 0 0 0 3 0
13709 13709 305 124 305 124 1 0 0 0 -7319 32 0
13709 14266 305 124 305 124 0 0 0 0 0 557 0
14266 14266 305 124 305 124 0 1 0 0 7580 32 0
14266 14268 305 124 305 124 1 1 0 0 0 2 0
14268 14268 305 124 305 124 1 0 0 0 -7580 32 0
14268 14426 305 124 305 124 0 0 0 0 0 158 0
14426 14426 305 124 305 124 0 1 0 0 22377 32 0
14426 14427 305 124 305 124 1 1 0 0 0 1 0
14427 14427 305 124 305 124 1 0 0 0 -22377 32 0
14427 17499 305 124 305 124 0 0 0 0 0 3072 0
17499 17499 305 124 305 124 0 1 0 0 41712 32 0
17499 17501 305 124 305 124 1 1 0 0 0 2 0
17501 17501 305 124 305 124 1 0 0 0 -41712 32 0
17501 19707 305 124 305 124 0 0 0 0 0 2206 0
19707 19707 305 124 305 124 0 1 0 0 42734 32 0
19707 19710 305 124 305 124 1 1 0 0 0 3 0
19710 19710 305 124 305 124 1 0 0 0 -42734 32 0
19710 20083 305 124 305 124 0 0 0 0 0 373 0
20083 20083 305 124 305 124 0 1 0 0 24815 32 0
20083 20085 305 124 305 124 1 1 0 0 0 2 0
20085 20085 305 124 305 124 1 0 0 0 -24815 32 0
20085 20750 305 124 305 124 0 0 0 0 0 665 0
20750 20750 305 124 305 124 0 1 0 0 43281 32 0
20750 20751 305 124 305 124 1 1 0 0 0 1 0
20751 20751 305 124 305 124 1 0 0 0 -43281 32 0
20751 21849 305 124 305 124 0 0 0 0 0 1098 0
21849 21849 305 124 305 124 0 1 0 0 43837 32 0
21849 21851 305 124 305 124 1 1 0 0 0 2 0
21851 21851 305 124 305 124 1 0 0 0 -43837 32 0
21851 30057 305 124 305 124 0 0 0 0 0 8206 0
30057 30057 305 124 305 124 0 1 0 0 12935 32 0
30057 30058 305 124 305 124 1 1 0 0 0 1 0
30058 30058 305 124 305 124 1 0 0 0 -12935 32 0
30058 30600 305 124 305 124 0 0 0 0 0 542 0
30600 30600 305 124 305 124 0 1 0 0 48762 32 0
30600 30601 305 124 305 124 1 1 0 0 0 1 0
30601 30601 305 124 305 124 1 0 0 0 -48762 32 0
30601 31388 305 124 305 124 0 0 0 0 0 787 0
31388 31388 305 124 305 124 0 1 0 0 30473 32 0
31388 31389 305 124 305 124 1 1 0 0 0 1 0
31389 31389 305 124 305 124 1 0 0 0 -30473 32 0
31389 32013 305 124 305 124 0 0 0 0 0 624 0
32013 32013 305 124 305 124 0 1 0 0 13474 32 0
32013 32015 305 124 305 124 1 1 0 0 0 2 0
32015 32015 305 124 305 124 1 0 0 0 -13474 32 0
32015 40296 305 124 305 124 0 0 0 0 0 8281 0
40296 40296 305 124 305 124 0 1 0 0 34181 32 0
40296 40297 305 124 305 124 1 1 0 0 0 1 0
40297 40297 305 124 305 124 1 0 0 0 -34181 32 0
40297 41002 305 124 305 124 0 0 0 0 0 705 0
41002 41002 305 124 305 124 0 1 0 0 34416 32 0
41002 41003 305 124 305 124 1 1 0 0 0 1 0
41003 41003 305 124 305 124 1 0 0 0 -34416 32 0
41003 41462 305 124 305 124 0 0 0 0 0 459 0
41462 41462 305 124 305 124 0 1 0 0 34578 32 0
41462 41463 305 124 305 124 1 1 0 0 0 1 0
41463 41463 305 124 305 124 1 0 0 0 -34578 32 0
41463 41838 305 124 305 124 0 0 0 0 0 375 0
41838 41838 305 124 305 124 0 1 0 0 16632 32 0
41838 41839 305 124 305 124 1 1 0 0 0 1 0
41839 41839 305 124 305 124 1 0 0 0 -16632 32 0
41839 43267 305 124 305 124 0 0 0 0 0 1428 0
43267 43267 305 124 305 124 0 0 0 0 1000000000 0 0
--------------------------------------
--------------------------------------
EV2
--------------------------------------
Num TPs served = 21
TPs served = 3090 3091 3992 4085 4285 4435 4947 5586 5997 6087 6390 6625 7047 7049 7077 7247 7836 8609 8919 21148 22565
Total energy used = 100
--------------------------------------
Schedule:
0 5508 305 124 305 124 0 0 100 100 0 5508 0
5508 5508 305 124 305 124 0 1 100 100 3091 32 0
5508 5508 305 124 305 124 1 2 100 100 3090 30 0
5508 5513 305 124 305 124 2 2 100 100 0 5 0
5513 5520 305 124 310 126 2 1 100 93 -3091 32 7
5520 5522 310 126 309 125 1 0 93 91 -3090 21 2
5522 7180 309 125 309 125 0 0 91 91 0 1658 0
7180 7185 309 125 305 124 0 1 91 86 3992 32 5
7185 7188 305 124 307 125 1 0 86 83 -3992 32 3
7188 7351 307 125 307 125 0 0 83 83 0 163 0
7351 7354 307 125 305 124 0 1 83 80 4085 32 3
7354 7355 305 124 305 124 1 1 80 80 0 1 0
7355 7361 305 124 309 126 1 0 80 74 -4085 32 6
7361 7686 309 126 309 126 0 0 74 74 0 325 0
7686 7692 309 126 305 124 0 1 74 68 4285 32 6
7692 7694 305 124 306 125 1 0 68 66 -4285 32 2
7694 7985 306 125 306 125 0 0 66 66 0 291 0
7985 7987 306 125 305 124 0 1 66 64 4435 32 2
7987 7989 305 124 305 126 1 0 64 62 -4435 32 2
7989 8979 305 126 305 126 0 0 62 62 0 990 0
8979 8981 305 126 305 124 0 1 62 60 4947 32 2
8981 8982 305 124 305 125 1 0 60 59 -4947 32 1
8982 10182 305 125 305 125 0 0 59 59 0 1200 0
10182 10183 305 125 305 124 0 1 59 58 5586 32 1
10183 10184 305 124 306 124 1 0 58 57 -5586 32 1
10184 10981 306 124 306 124 0 0 57 57 0 797 0
10981 10982 306 124 305 124 0 1 57 56 5997 32 1
10982 10983 305 124 305 125 1 0 56 55 -5997 32 1
10983 11148 305 125 305 125 0 0 55 55 0 165 0
11148 11149 305 125 305 124 0 1 55 54 21148 32 1
11149 11149 305 124 305 124 1 2 54 54 6087 28 0
11149 11150 305 124 305 124 2 2 54 54 0 1 0
11150 11152 305 124 306 125 2 1 54 52 -21148 32 2
11152 11152 306 125 306 125 1 0 52 52 -6087 27 0
11152 11736 306 125 306 125 0 0 52 52 0 584 0
11736 11738 306 125 305 124 0 1 52 50 6390 32 2
11738 11743 305 124 306 128 1 0 50 45 -6390 32 5
11743 12212 306 128 306 128 0 0 45 45 0 469 0
12212 12217 306 128 305 124 0 1 45 40 6625 32 5
12217 12218 305 124 306 124 1 0 40 39 -6625 32 1
12218 13101 306 124 306 124 0 0 39 39 0 883 0
13101 13102 306 124 305 124 0 1 39 38 7049 32 1
13102 13102 305 124 305 124 1 2 38 38 7047 28 0
13102 13103 305 124 305 124 2 2 38 38 0 1 0
13103 13104 305 124 305 125 2 1 38 37 -7049 32 1
13104 13106 305 125 306 124 1 0 37 35 -7047 25 2
13106 13167 306 124 306 124 0 0 35 35 0 61 0
13167 13168 306 124 305 124 0 1 35 34 7077 32 1
13168 13169 305 124 305 125 1 0 34 33 -7077 32 1
13169 13576 305 125 305 125 0 0 33 33 0 407 0
13576 13577 305 125 305 124 0 1 33 32 7247 32 1
13577 13581 305 124 309 124 1 0 32 28 -7247 32 4
13581 14842 309 124 309 124 0 0 28 28 0 1261 0
14842 14846 309 124 305 124 0 1 28 24 7836 32 4
14846 14883 305 124 305 124 1 1 24 24 0 37 0
14883 14883 305 124 305 124 1 2 24 24 22565 32 0
14883 14885 305 124 307 124 2 1 24 22 -22565 32 2
14885 14890 307 124 312 124 1 0 22 17 -7836 0 5
14890 16638 312 124 312 124 0 0 17 17 0 1748 0
16638 16645 312 124 305 124 0 1 17 10 8609 32 7
16645 16648 305 124 305 124 1 1 10 10 0 3 0
16648 16652 305 124 305 128 1 0 10 6 -8609 32 4
16652 17449 305 128 305 128 0 0 6 6 0 797 0
17449 17453 305 128 305 124 0 1 6 2 8919 32 4
17453 17454 305 124 306 124 1 0 2 1 -8919 32 1
17454 43266 306 124 306 124 0 0 1 1 0 25812 0
43266 43267 306 124 305 124 0 0 1 0 1000000000 0 1
--------------------------------------

-------------------------------------------------------------------------

TPs

-------------------------------------------------------------------------

----------------------
TP125 allocated to 1
----------------------

----------------------
TP195 allocated to 1
----------------------

----------------------
TP771 allocated to 1
----------------------

----------------------
TP775 allocated to 1
----------------------

----------------------
TP857 allocated to 1
----------------------

----------------------
TP1017 allocated to 1
----------------------

----------------------
TP1179 allocated to 1
----------------------

----------------------
TP1250 allocated to 1
----------------------

----------------------
TP1373 allocated to 1
----------------------

----------------------
TP1503 allocated to 1
----------------------

----------------------
TP1555 allocated to 1
----------------------

----------------------
TP2028 allocated to 1
----------------------

----------------------
TP2067 allocated to 1
----------------------

----------------------
TP2725 allocated to 1
----------------------

----------------------
TP2961 allocated to 1
----------------------

----------------------
TP3028 allocated to 1
----------------------

----------------------
TP3090 allocated to 2
----------------------

----------------------
TP3091 allocated to 2
----------------------

----------------------
TP3611 allocated to 1
----------------------

----------------------
TP3992 allocated to 2
----------------------

----------------------
TP4085 allocated to 2
----------------------

----------------------
TP4230 allocated to 1
----------------------

----------------------
TP4285 allocated to 2
----------------------

----------------------
TP4435 allocated to 2
----------------------

----------------------
TP4819 allocated to 1
----------------------

----------------------
TP4947 allocated to 2
----------------------

----------------------
TP5586 allocated to 2
----------------------

----------------------
TP5997 allocated to 2
----------------------

----------------------
TP6087 allocated to 2
----------------------

----------------------
TP6390 allocated to 2
----------------------

----------------------
TP6625 allocated to 2
----------------------

----------------------
TP7047 allocated to 2
----------------------

----------------------
TP7049 allocated to 2
----------------------

----------------------
TP7077 allocated to 2
----------------------

----------------------
TP7247 allocated to 2
----------------------

----------------------
TP7319 allocated to 1
----------------------

----------------------
TP7580 allocated to 1
----------------------

----------------------
TP7836 allocated to 2
----------------------

----------------------
TP8325 not allocated
----------------------

----------------------
TP8609 allocated to 2
----------------------

----------------------
TP8919 allocated to 2
----------------------

----------------------
TP9439 not allocated
----------------------

----------------------
TP9877 not allocated
----------------------

----------------------
TP10722 not allocated
----------------------

----------------------
TP11072 not allocated
----------------------

----------------------
TP11225 not allocated
----------------------

----------------------
TP11285 not allocated
----------------------

----------------------
TP11585 not allocated
----------------------

----------------------
TP11630 not allocated
----------------------

----------------------
TP11881 not allocated
----------------------

----------------------
TP12426 not allocated
----------------------

----------------------
TP12558 not allocated
----------------------

----------------------
TP12621 not allocated
----------------------

----------------------
TP12935 allocated to 1
----------------------

----------------------
TP13108 not allocated
----------------------

----------------------
TP13474 allocated to 1
----------------------

----------------------
TP13735 not allocated
----------------------

----------------------
TP13783 not allocated
----------------------

----------------------
TP13814 not allocated
----------------------

----------------------
TP14451 not allocated
----------------------

----------------------
TP14778 not allocated
----------------------

----------------------
TP14998 not allocated
----------------------

----------------------
TP15647 not allocated
----------------------

----------------------
TP15742 not allocated
----------------------

----------------------
TP15761 not allocated
----------------------

----------------------
TP15976 not allocated
----------------------

----------------------
TP16401 not allocated
----------------------

----------------------
TP16443 not allocated
----------------------

----------------------
TP16632 allocated to 1
----------------------

----------------------
TP16994 not allocated
----------------------

----------------------
TP18130 not allocated
----------------------

----------------------
TP18146 not allocated
----------------------

----------------------
TP18858 not allocated
----------------------

----------------------
TP18952 not allocated
----------------------

----------------------
TP20031 not allocated
----------------------

----------------------
TP20199 not allocated
----------------------

----------------------
TP20533 not allocated
----------------------

----------------------
TP20783 not allocated
----------------------

----------------------
TP21148 allocated to 2
----------------------

----------------------
TP21271 not allocated
----------------------

----------------------
TP21706 allocated to 1
----------------------

----------------------
TP21901 not allocated
----------------------

----------------------
TP22285 not allocated
----------------------

----------------------
TP22322 not allocated
----------------------

----------------------
TP22377 allocated to 1
----------------------

----------------------
TP22565 allocated to 2
----------------------

----------------------
TP22615 not allocated
----------------------

----------------------
TP22939 not allocated
----------------------

----------------------
TP24674 not allocated
----------------------

----------------------
TP24815 allocated to 1
----------------------

----------------------
TP25548 not allocated
----------------------

----------------------
TP25673 not allocated
----------------------

----------------------
TP25784 not allocated
----------------------

----------------------
TP26456 not allocated
----------------------

----------------------
TP26530 not allocated
----------------------

----------------------
TP26869 not allocated
----------------------

----------------------
TP26941 not allocated
----------------------

----------------------
TP27096 not allocated
----------------------

----------------------
TP27154 not allocated
----------------------

----------------------
TP27159 not allocated
----------------------

----------------------
TP27697 not allocated
----------------------

----------------------
TP27890 not allocated
----------------------

----------------------
TP28044 not allocated
----------------------

----------------------
TP28127 not allocated
----------------------

----------------------
TP28900 not allocated
----------------------

----------------------
TP29064 not allocated
----------------------

----------------------
TP29096 not allocated
----------------------

----------------------
TP29592 not allocated
----------------------

----------------------
TP30102 not allocated
----------------------

----------------------
TP30146 not allocated
----------------------

----------------------
TP30279 not allocated
----------------------

----------------------
TP30473 allocated to 1
----------------------

----------------------
TP30474 not allocated
----------------------

----------------------
TP31190 not allocated
----------------------

----------------------
TP32122 not allocated
----------------------

----------------------
TP32806 not allocated
----------------------

----------------------
TP33792 not allocated
----------------------

----------------------
TP34181 allocated to 1
----------------------

----------------------
TP34416 allocated to 1
----------------------

----------------------
TP34521 not allocated
----------------------

----------------------
TP34578 allocated to 1
----------------------

----------------------
TP34616 not allocated
----------------------

----------------------
TP34793 not allocated
----------------------

----------------------
TP35262 allocated to 1
----------------------

----------------------
TP35651 allocated to 1
----------------------

----------------------
TP36500 allocated to 1
----------------------

----------------------
TP36551 not allocated
----------------------

----------------------
TP36772 not allocated
----------------------

----------------------
TP37369 not allocated
----------------------

----------------------
TP37725 not allocated
----------------------

----------------------
TP37791 not allocated
----------------------

----------------------
TP37858 not allocated
----------------------

----------------------
TP38057 not allocated
----------------------

----------------------
TP38174 not allocated
----------------------

----------------------
TP38329 not allocated
----------------------

----------------------
TP38488 not allocated
----------------------

----------------------
TP38561 not allocated
----------------------

----------------------
TP38687 not allocated
----------------------

----------------------
TP39620 not allocated
----------------------

----------------------
TP39714 not allocated
----------------------

----------------------
TP40000 not allocated
----------------------

----------------------
TP40015 not allocated
----------------------

----------------------
TP40391 not allocated
----------------------

----------------------
TP40862 not allocated
----------------------

----------------------
TP41075 not allocated
----------------------

----------------------
TP41712 allocated to 1
----------------------

----------------------
TP42128 not allocated
----------------------

----------------------
TP42284 not allocated
----------------------

----------------------
TP42360 not allocated
----------------------

----------------------
TP42573 not allocated
----------------------

----------------------
TP42734 allocated to 1
----------------------

----------------------
TP43194 not allocated
----------------------

----------------------
TP43281 allocated to 1
----------------------

----------------------
TP43565 not allocated
----------------------

----------------------
TP43728 not allocated
----------------------

----------------------
TP43837 allocated to 1
----------------------

----------------------
TP43870 not allocated
----------------------

----------------------
TP44413 not allocated
----------------------

----------------------
TP44746 not allocated
----------------------

----------------------
TP45153 not allocated
----------------------

----------------------
TP45621 not allocated
----------------------

----------------------
TP45649 not allocated
----------------------

----------------------
TP45996 not allocated
----------------------

----------------------
TP46137 not allocated
----------------------

----------------------
TP46470 not allocated
----------------------

----------------------
TP46501 not allocated
----------------------

----------------------
TP46597 not allocated
----------------------

----------------------
TP46689 not allocated
----------------------

----------------------
TP46717 not allocated
----------------------

----------------------
TP46797 not allocated
----------------------

----------------------
TP46957 not allocated
----------------------

----------------------
TP47255 not allocated
----------------------

----------------------
TP47773 not allocated
----------------------

----------------------
TP48051 not allocated
----------------------

----------------------
TP48510 not allocated
----------------------

----------------------
TP48526 not allocated
----------------------

----------------------
TP48762 allocated to 1
----------------------

----------------------
TP48786 not allocated
----------------------

----------------------
TP49133 not allocated
----------------------

----------------------
TP49455 not allocated
----------------------

----------------------
TP49462 not allocated
----------------------

-------------------------------------------------------------------------

Ride-sharing vs Individual Mode - Num Vehicles and Distance Comparisson 

-------------------------------------------------------------------------
Individual Mode = 181 vehicles.
Ride-sharing Mode = 123 vehicles. The 2 ride-sharing vehicles + 121 vehicles of the individuals not served by the ride-sharing service.
-------------------------------------------------------------------------
Individual Mode = 425 distance.
Ride-sharing Mode = 515 distance. 200 from the EV fleet + 315 from the distance of the trips not covered individuals had to do with their own vehicle.
-------------------------------------------------------------------------
