-------------------------------------------------------------------------
TPs satisfied = 179; Total TPs = 181; Percentage Satisfied + 98.9%
-------------------------------------------------------------------------

-------------------------------------------------------------------------

EVs

-------------------------------------------------------------------------
--------------------------------------
EV1
--------------------------------------
Num TPs served = 39
TPs served = 125 195 771 775 857 1017 1179 1250 1373 1503 1555 2028 2067 2725 2961 3028 3611 4230 4819 7319 7580 12935 13474 16632 21706 22377 24815 30473 34181 34416 34578 35262 35651 36500 41712 42734 43281 43837 48762
Total energy used = 100
--------------------------------------
Schedule:
0 243 305 124 305 124 0 0 100 100 0 243 0
243 243 305 124 305 124 0 1 100 100 125 32 0
243 246 305 124 308 124 1 0 100 97 -125 32 3
246 351 308 124 308 124 0 0 97 97 0 105 0
351 354 308 124 305 124 0 1 97 94 35262 32 3
354 355 305 124 305 124 1 1 94 94 0 1 0
355 355 305 124 305 124 1 0 94 94 -35262 32 0
355 377 305 124 305 124 0 0 94 94 0 22 0
377 377 305 124 305 124 0 1 94 94 195 32 0
377 378 305 124 305 124 1 1 94 94 0 1 0
378 389 305 124 316 124 1 0 94 83 -195 32 11
389 1380 316 124 316 124 0 0 83 83 0 991 0
1380 1391 316 124 305 124 0 1 83 72 775 32 11
1391 1391 305 124 305 124 1 2 72 72 771 21 0
1391 1396 305 124 309 125 2 1 72 67 -775 32 5
1396 1404 309 125 305 129 1 0 67 59 -771 13 8
1404 1493 305 129 305 129 0 0 59 59 0 89 0
1493 1498 305 129 305 124 0 1 59 54 35651 32 5
1498 1500 305 124 305 124 1 1 54 54 0 2 0
1500 1500 305 124 305 124 1 0 54 54 -35651 32 0
1500 1518 305 124 305 124 0 0 54 54 0 18 0
1518 1518 305 124 305 124 0 1 54 54 857 32 0
1518 1522 305 124 305 124 1 1 54 54 0 4 0
1522 1523 305 124 306 124 1 0 54 53 -857 32 1
1523 1795 306 124 306 124 0 0 53 53 0 272 0
1795 1796 306 124 305 124 0 1 53 52 1017 32 1
1796 1798 305 124 307 124 1 0 52 50 -1017 32 2
1798 2056 307 124 307 124 0 0 50 50 0 258 0
2056 2058 307 124 305 124 0 1 50 48 1179 32 2
2058 2061 305 124 308 124 1 0 48 45 -1179 32 3
2061 2180 308 124 308 124 0 0 45 45 0 119 0
2180 2183 308 124 305 124 0 1 45 42 1250 32 3
2183 2184 305 124 306 124 1 0 42 41 -1250 32 1
2184 2401 306 124 306 124 0 0 41 41 0 217 0
2401 2402 306 124 305 124 0 1 41 40 1373 32 1
2402 2403 305 124 305 125 1 0 40 39 -1373 32 1
2403 2627 305 125 305 125 0 0 39 39 0 224 0
2627 2628 305 125 305 124 0 1 39 38 1503 32 1
2628 2629 305 124 305 124 1 1 38 38 0 1 0
2629 2636 305 124 306 130 1 0 38 31 -1503 32 7
2636 2697 306 130 306 130 0 0 31 31 0 61 0
2697 2704 306 130 305 124 0 1 31 24 1555 32 7
2704 2707 305 124 305 124 1 1 24 24 0 3 0
2707 2708 305 124 305 125 1 0 24 23 -1555 32 1
2708 3564 305 125 305 125 0 0 23 23 0 856 0
3564 3565 305 125 305 124 0 1 23 22 2028 32 1
3565 3567 305 124 307 124 1 0 22 20 -2028 32 2
3567 3626 307 124 307 124 0 0 20 20 0 59 0
3626 3628 307 124 305 124 0 1 20 18 2067 32 2
3628 3631 305 124 307 125 1 0 18 15 -2067 32 3
3631 3944 307 125 307 125 0 0 15 15 0 313 0
3944 3947 307 125 305 124 0 1 15 12 36500 32 3
3947 3949 305 124 305 124 1 1 12 12 0 2 0
3949 3949 305 124 305 124 1 0 12 12 -36500 32 0
3949 4844 305 124 305 124 0 0 12 12 0 895 0
4844 4844 305 124 305 124 0 1 12 12 2725 32 0
4844 4845 305 124 305 124 1 1 12 12 0 1 0
4845 4846 305 124 306 124 1 0 12 11 -2725 32 1
4846 5283 306 124 306 124 0 0 11 11 0 437 0
5283 5284 306 124 305 124 0 1 11 10 2961 32 1
5284 5286 305 124 307 124 1 0 10 8 -2961 32 2
5286 5404 307 124 307 124 0 0 8 8 0 118 0
5404 5406 307 124 305 124 0 1 8 6 3028 32 2
5406 5407 305 124 305 124 1 1 6 6 0 1 0
5407 5408 305 124 305 125 1 0 6 5 -3028 32 1
5408 6469 305 125 305 125 0 0 5 5 0 1061 0
6469 6470 305 125 305 124 0 1 5 4 3611 32 1
6470 6472 305 124 306 125 1 0 4 2 -3611 32 2
6472 7604 306 125 306 125 0 0 2 2 0 1132 0
7604 7606 306 125 305 124 0 1 2 0 4230 32 2
7606 7608 305 124 305 124 1 1 0 0 0 2 0
7608 7608 305 124 305 124 1 0 0 0 -4230 32 0
7608 8744 305 124 305 124 0 0 0 0 0 1136 0
8744 8744 305 124 305 124 0 1 0 0 4819 32 0
8744 8746 305 124 305 124 1 1 0 0 0 2 0
8746 8746 305 124 305 124 1 0 0 0 -4819 32 0
8746 12703 305 124 305 124 0 0 0 0 0 3957 0
12703 12703 305 124 305 124 0 1 0 0 21706 32 0
12703 12704 305 124 305 124 1 1 0 0 0 1 0
12704 12704 305 124 305 124 1 0 0 0 -21706 32 0
12704 13706 305 124 305 124 0 0 0 0 0 1002 0
13706 13706 305 124 305 124 0 1 0 0 7319 32 0
13706 13709 305 124 305 124 1 1 0 0 0 3 0
13709 13709 305 124 305 124 1 0 0 0 -7319 32 0
13709 14266 305 124 305 124 0 0 0 0 0 557 0
14266 14266 305 124 305 124 0 1 0 0 7580 32 0
14266 14268 305 124 305 124 1 1 0 0 0 2 0
14268 14268 305 124 305 124 1 0 0 0 -7580 32 0
14268 14426 305 124 305 124 0 0 0 0 0 158 0
14426 14426 305 124 305 124 0 1 0 0 22377 32 0
14426 14427 305 124 305 124 1 1 0 0 0 1 0
14427 14427 305 124 305 124 1 0 0 0 -22377 32 0
14427 17499 305 124 305 124 0 0 0 0 0 3072 0
17499 17499 305 124 305 124 0 1 0 0 41712 32 0
17499 17501 305 124 305 124 1 1 0 0 0 2 0
17501 17501 305 124 305 124 1 0 0 0 -41712 32 0
17501 19707 305 124 305 124 0 0 0 0 0 2206 0
19707 19707 305 124 305 124 0 1 0 0 42734 32 0
19707 19710 305 124 305 124 1 1 0 0 0 3 0
19710 19710 305 124 305 124 1 0 0 0 -42734 32 0
19710 20083 305 124 305 124 0 0 0 0 0 373 0
20083 20083 305 124 305 124 0 1 0 0 24815 32 0
20083 20085 305 124 305 124 1 1 0 0 0 2 0
20085 20085 305 124 305 124 1 0 0 0 -24815 32 0
20085 20750 305 124 305 124 0 0 0 0 0 665 0
20750 20750 305 124 305 124 0 1 0 0 43281 32 0
20750 20751 305 124 305 124 1 1 0 0 0 1 0
20751 20751 305 124 305 124 1 0 0 0 -43281 32 0
20751 21849 305 124 305 124 0 0 0 0 0 1098 0
21849 21849 305 124 305 124 0 1 0 0 43837 32 0
21849 21851 305 124 305 124 1 1 0 0 0 2 0
21851 21851 305 124 305 124 1 0 0 0 -43837 32 0
21851 30057 305 124 305 124 0 0 0 0 0 8206 0
30057 30057 305 124 305 124 0 1 0 0 12935 32 0
30057 30058 305 124 305 124 1 1 0 0 0 1 0
30058 30058 305 124 305 124 1 0 0 0 -12935 32 0
30058 30600 305 124 305 124 0 0 0 0 0 542 0
30600 30600 305 124 305 124 0 1 0 0 48762 32 0
30600 30601 305 124 305 124 1 1 0 0 0 1 0
30601 30601 305 124 305 124 1 0 0 0 -48762 32 0
30601 31388 305 124 305 124 0 0 0 0 0 787 0
31388 31388 305 124 305 124 0 1 0 0 30473 32 0
31388 31389 305 124 305 124 1 1 0 0 0 1 0
31389 31389 305 124 305 124 1 0 0 0 -30473 32 0
31389 32013 305 124 305 124 0 0 0 0 0 624 0
32013 32013 305 124 305 124 0 1 0 0 13474 32 0
32013 32015 305 124 305 124 1 1 0 0 0 2 0
32015 32015 305 124 305 124 1 0 0 0 -13474 32 0
32015 40296 305 124 305 124 0 0 0 0 0 8281 0
40296 40296 305 124 305 124 0 1 0 0 34181 32 0
40296 40297 305 124 305 124 1 1 0 0 0 1 0
40297 40297 305 124 305 124 1 0 0 0 -34181 32 0
40297 41002 305 124 305 124 0 0 0 0 0 705 0
41002 41002 305 124 305 124 0 1 0 0 34416 32 0
41002 41003 305 124 305 124 1 1 0 0 0 1 0
41003 41003 305 124 305 124 1 0 0 0 -34416 32 0
41003 41462 305 124 305 124 0 0 0 0 0 459 0
41462 41462 305 124 305 124 0 1 0 0 34578 32 0
41462 41463 305 124 305 124 1 1 0 0 0 1 0
41463 41463 305 124 305 124 1 0 0 0 -34578 32 0
41463 41838 305 124 305 124 0 0 0 0 0 375 0
41838 41838 305 124 305 124 0 1 0 0 16632 32 0
41838 41839 305 124 305 124 1 1 0 0 0 1 0
41839 41839 305 124 305 124 1 0 0 0 -16632 32 0
41839 43267 305 124 305 124 0 0 0 0 0 1428 0
43267 43267 305 124 305 124 0 0 0 0 1000000000 0 0
--------------------------------------
--------------------------------------
EV2
--------------------------------------
Num TPs served = 21
TPs served = 3090 3091 3992 4085 4285 4435 4947 5586 5997 6087 6390 6625 7047 7049 7077 7247 7836 8609 8919 21148 22565
Total energy used = 100
--------------------------------------
Schedule:
0 5508 305 124 305 124 0 0 100 100 0 5508 0
5508 5508 305 124 305 124 0 1 100 100 3091 32 0
5508 5508 305 124 305 124 1 2 100 100 3090 30 0
5508 5513 305 124 305 124 2 2 100 100 0 5 0
5513 5520 305 124 310 126 2 1 100 93 -3091 32 7
5520 5522 310 126 309 125 1 0 93 91 -3090 21 2
5522 7180 309 125 309 125 0 0 91 91 0 1658 0
7180 7185 309 125 305 124 0 1 91 86 3992 32 5
7185 7188 305 124 307 125 1 0 86 83 -3992 32 3
7188 7351 307 125 307 125 0 0 83 83 0 163 0
7351 7354 307 125 305 124 0 1 83 80 4085 32 3
7354 7355 305 124 305 124 1 1 80 80 0 1 0
7355 7361 305 124 309 126 1 0 80 74 -4085 32 6
7361 7686 309 126 309 126 0 0 74 74 0 325 0
7686 7692 309 126 305 124 0 1 74 68 4285 32 6
7692 7694 305 124 306 125 1 0 68 66 -4285 32 2
7694 7985 306 125 306 125 0 0 66 66 0 291 0
7985 7987 306 125 305 124 0 1 66 64 4435 32 2
7987 7989 305 124 305 126 1 0 64 62 -4435 32 2
7989 8979 305 126 305 126 0 0 62 62 0 990 0
8979 8981 305 126 305 124 0 1 62 60 4947 32 2
8981 8982 305 124 305 125 1 0 60 59 -4947 32 1
8982 10182 305 125 305 125 0 0 59 59 0 1200 0
10182 10183 305 125 305 124 0 1 59 58 5586 32 1
10183 10184 305 124 306 124 1 0 58 57 -5586 32 1
10184 10981 306 124 306 124 0 0 57 57 0 797 0
10981 10982 306 124 305 124 0 1 57 56 5997 32 1
10982 10983 305 124 305 125 1 0 56 55 -5997 32 1
10983 11148 305 125 305 125 0 0 55 55 0 165 0
11148 11149 305 125 305 124 0 1 55 54 21148 32 1
11149 11149 305 124 305 124 1 2 54 54 6087 28 0
11149 11150 305 124 305 124 2 2 54 54 0 1 0
11150 11152 305 124 306 125 2 1 54 52 -21148 32 2
11152 11152 306 125 306 125 1 0 52 52 -6087 27 0
11152 11736 306 125 306 125 0 0 52 52 0 584 0
11736 11738 306 125 305 124 0 1 52 50 6390 32 2
11738 11743 305 124 306 128 1 0 50 45 -6390 32 5
11743 12212 306 128 306 128 0 0 45 45 0 469 0
12212 12217 306 128 305 124 0 1 45 40 6625 32 5
12217 12218 305 124 306 124 1 0 40 39 -6625 32 1
12218 13101 306 124 306 124 0 0 39 39 0 883 0
13101 13102 306 124 305 124 0 1 39 38 7049 32 1
13102 13102 305 124 305 124 1 2 38 38 7047 28 0
13102 13103 305 124 305 124 2 2 38 38 0 1 0
13103 13104 305 124 305 125 2 1 38 37 -7049 32 1
13104 13106 305 125 306 124 1 0 37 35 -7047 25 2
13106 13167 306 124 306 124 0 0 35 35 0 61 0
13167 13168 306 124 305 124 0 1 35 34 7077 32 1
13168 13169 305 124 305 125 1 0 34 33 -7077 32 1
13169 13576 305 125 305 125 0 0 33 33 0 407 0
13576 13577 305 125 305 124 0 1 33 32 7247 32 1
13577 13581 305 124 309 124 1 0 32 28 -7247 32 4
13581 14842 309 124 309 124 0 0 28 28 0 1261 0
14842 14846 309 124 305 124 0 1 28 24 7836 32 4
14846 14883 305 124 305 124 1 1 24 24 0 37 0
14883 14883 305 124 305 124 1 2 24 24 22565 32 0
14883 14885 305 124 307 124 2 1 24 22 -22565 32 2
14885 14890 307 124 312 124 1 0 22 17 -7836 0 5
14890 16638 312 124 312 124 0 0 17 17 0 1748 0
16638 16645 312 124 305 124 0 1 17 10 8609 32 7
16645 16648 305 124 305 124 1 1 10 10 0 3 0
16648 16652 305 124 305 128 1 0 10 6 -8609 32 4
16652 17449 305 128 305 128 0 0 6 6 0 797 0
17449 17453 305 128 305 124 0 1 6 2 8919 32 4
17453 17454 305 124 306 124 1 0 2 1 -8919 32 1
17454 43266 306 124 306 124 0 0 1 1 0 25812 0
43266 43267 306 124 305 124 0 0 1 0 1000000000 0 1
--------------------------------------
--------------------------------------
EV3
--------------------------------------
Num TPs served = 25
TPs served = 8325 9439 9877 10722 11072 11225 11285 11585 11630 11881 12426 12558 12621 13108 13735 13783 13814 14451 14778 14998 15647 15742 15761 15976 29096
Total energy used = 100
--------------------------------------
Schedule:
0 15992 305 124 305 124 0 0 100 100 0 15992 0
15992 15992 305 124 305 124 0 1 100 100 8325 32 0
15992 15995 305 124 305 124 1 1 100 100 0 3 0
15995 16004 305 124 313 125 1 0 100 91 -8325 32 9
16004 18843 313 125 313 125 0 0 91 91 0 2839 0
18843 18852 313 125 305 124 0 1 91 82 9439 32 9
18852 18853 305 124 306 124 1 0 82 81 -9439 32 1
18853 20072 306 124 306 124 0 0 81 81 0 1219 0
20072 20073 306 124 305 124 0 1 81 80 9877 32 1
20073 20075 305 124 305 126 1 0 80 78 -9877 32 2
20075 22474 305 126 305 126 0 0 78 78 0 2399 0
22474 22476 305 126 305 124 0 1 78 76 10722 32 2
22476 22477 305 124 306 124 1 0 76 75 -10722 32 1
22477 23598 306 124 306 124 0 0 75 75 0 1121 0
23598 23599 306 124 305 124 0 1 75 74 11072 32 1
23599 23600 305 124 305 124 1 1 74 74 0 1 0
23600 23601 305 124 305 125 1 0 74 73 -11072 32 1
23601 24018 305 125 305 125 0 0 73 73 0 417 0
24018 24019 305 125 305 124 0 1 73 72 11225 32 1
24019 24020 305 124 306 124 1 0 72 71 -11225 32 1
24020 24211 306 124 306 124 0 0 71 71 0 191 0
24211 24212 306 124 305 124 0 1 71 70 11285 32 1
24212 24218 305 124 305 124 1 1 70 70 0 6 0
24218 24222 305 124 308 125 1 0 70 66 -11285 32 4
24222 25299 308 125 308 125 0 0 66 66 0 1077 0
25299 25303 308 125 305 124 0 1 66 62 11585 32 4
25303 25304 305 124 306 124 1 0 62 61 -11585 32 1
25304 25450 306 124 306 124 0 0 61 61 0 146 0
25450 25451 306 124 305 124 0 1 61 60 11630 32 1
25451 25454 305 124 308 124 1 0 60 57 -11630 32 3
25454 26283 308 124 308 124 0 0 57 57 0 829 0
26283 26286 308 124 305 124 0 1 57 54 11881 32 3
26286 26287 305 124 306 124 1 0 54 53 -11881 32 1
26287 28169 306 124 306 124 0 0 53 53 0 1882 0
28169 28170 306 124 305 124 0 1 53 52 12426 32 1
28170 28171 305 124 306 124 1 0 52 51 -12426 32 1
28171 28672 306 124 306 124 0 0 51 51 0 501 0
28672 28673 306 124 305 124 0 1 51 50 29096 32 1
28673 28673 305 124 305 124 1 2 50 50 12558 20 0
28673 28675 305 124 305 126 2 1 50 48 -29096 32 2
28675 28677 305 126 307 126 1 0 48 46 -12558 20 2
28677 28897 307 126 307 126 0 0 46 46 0 220 0
28897 28901 307 126 305 124 0 1 46 42 12621 32 4
28901 28903 305 124 307 124 1 0 42 40 -12621 32 2
28903 30702 307 124 307 124 0 0 40 40 0 1799 0
30702 30704 307 124 305 124 0 1 40 38 13108 32 2
30704 30705 305 124 306 124 1 0 38 37 -13108 32 1
30705 32965 306 124 306 124 0 0 37 37 0 2260 0
32965 32966 306 124 305 124 0 1 37 36 13735 32 1
32966 32967 305 124 305 124 1 1 36 36 0 1 0
32967 32968 305 124 306 124 1 0 36 35 -13735 32 1
32968 33138 306 124 306 124 0 0 35 35 0 170 0
33138 33139 306 124 305 124 0 1 35 34 13783 32 1
33139 33140 305 124 306 124 1 0 34 33 -13783 32 1
33140 33246 306 124 306 124 0 0 33 33 0 106 0
33246 33247 306 124 305 124 0 1 33 32 13814 32 1
33247 33249 305 124 305 126 1 0 32 30 -13814 32 2
33249 35684 305 126 305 126 0 0 30 30 0 2435 0
35684 35686 305 126 305 124 0 1 30 28 14451 32 2
35686 35687 305 124 305 124 1 1 28 28 0 1 0
35687 35689 305 124 306 125 1 0 28 26 -14451 32 2
35689 36992 306 125 306 125 0 0 26 26 0 1303 0
36992 36994 306 125 305 124 0 1 26 24 14778 32 2
36994 36996 305 124 306 125 1 0 24 22 -14778 32 2
36996 37806 306 125 306 125 0 0 22 22 0 810 0
37806 37808 306 125 305 124 0 1 22 20 14998 32 2
37808 37810 305 124 305 124 1 1 20 20 0 2 0
37810 37811 305 124 306 124 1 0 20 19 -14998 32 1
37811 40110 306 124 306 124 0 0 19 19 0 2299 0
40110 40111 306 124 305 124 0 1 19 18 15647 32 1
40111 40112 305 124 306 124 1 0 18 17 -15647 32 1
40112 40288 306 124 306 124 0 0 17 17 0 176 0
40288 40289 306 124 305 124 0 1 17 16 15742 32 1
40289 40290 305 124 305 125 1 0 16 15 -15742 32 1
40290 40329 305 125 305 125 0 0 15 15 0 39 0
40329 40330 305 125 305 124 0 1 15 14 15761 32 1
40330 40335 305 124 310 124 1 0 14 9 -15761 32 5
40335 40690 310 124 310 124 0 0 9 9 0 355 0
40690 40695 310 124 305 124 0 1 9 4 15976 32 5
40695 40697 305 124 307 124 1 0 4 2 -15976 32 2
40697 43265 307 124 307 124 0 0 2 2 0 2568 0
43265 43267 307 124 305 124 0 0 2 0 1000000000 0 2
--------------------------------------
--------------------------------------
EV4
--------------------------------------
Num TPs served = 14
TPs served = 16401 16443 16994 18130 18146 18858 18952 20031 20199 20533 20783 21271 21901 22285
Total energy used = 100
--------------------------------------
Schedule:
0 2210 305 124 305 124 0 0 100 100 0 2210 0
2210 2210 305 124 305 124 0 1 100 100 18130 32 0
2210 2212 305 124 305 124 1 1 100 100 0 2 0
2212 2216 305 124 308 125 1 0 100 96 -18130 32 4
2216 2260 308 125 308 125 0 0 96 96 0 44 0
2260 2264 308 125 305 124 0 1 96 92 18146 32 4
2264 2266 305 124 307 124 1 0 92 90 -18146 32 2
2266 4544 307 124 307 124 0 0 90 90 0 2278 0
4544 4546 307 124 305 124 0 1 90 88 18858 32 2
4546 4552 305 124 310 125 1 0 88 82 -18858 32 6
4552 4846 310 125 310 125 0 0 82 82 0 294 0
4846 4852 310 125 305 124 0 1 82 76 18952 32 6
4852 4858 305 124 310 125 1 0 76 70 -18952 32 6
4858 8108 310 125 310 125 0 0 70 70 0 3250 0
8108 8114 310 125 305 124 0 1 70 64 20031 32 6
8114 8117 305 124 308 124 1 0 64 61 -20031 32 3
8117 8594 308 124 308 124 0 0 61 61 0 477 0
8594 8597 308 124 305 124 0 1 61 58 20199 32 3
8597 8598 305 124 305 125 1 0 58 57 -20199 32 1
8598 9531 305 125 305 125 0 0 57 57 0 933 0
9531 9532 305 125 305 124 0 1 57 56 20533 32 1
9532 9533 305 124 305 125 1 0 56 55 -20533 32 1
9533 10180 305 125 305 125 0 0 55 55 0 647 0
10180 10181 305 125 305 124 0 1 55 54 20783 32 1
10181 10182 305 124 305 124 1 1 54 54 0 1 0
10182 10184 305 124 305 126 1 0 54 52 -20783 32 2
10184 11471 305 126 305 126 0 0 52 52 0 1287 0
11471 11473 305 126 305 124 0 1 52 50 21271 32 2
11473 11475 305 124 307 124 1 0 50 48 -21271 32 2
11475 13178 307 124 307 124 0 0 48 48 0 1703 0
13178 13180 307 124 305 124 0 1 48 46 21901 32 2
13180 13182 305 124 305 124 1 1 46 46 0 2 0
13182 13188 305 124 311 124 1 0 46 40 -21901 32 6
13188 14181 311 124 311 124 0 0 40 40 0 993 0
14181 14187 311 124 305 124 0 1 40 34 22285 32 6
14187 14192 305 124 307 127 1 0 34 29 -22285 32 5
14192 41436 307 127 307 127 0 0 29 29 0 27244 0
41436 41441 307 127 305 124 0 1 29 24 16401 32 5
41441 41442 305 124 305 124 1 1 24 24 0 1 0
41442 41445 305 124 308 124 1 0 24 21 -16401 32 3
41445 41502 308 124 308 124 0 0 21 21 0 57 0
41502 41505 308 124 305 124 0 1 21 18 16443 32 3
41505 41511 305 124 308 127 1 0 18 12 -16443 32 6
41511 42484 308 127 308 127 0 0 12 12 0 973 0
42484 42490 308 127 305 124 0 1 12 6 16994 32 6
42490 42491 305 124 305 124 1 1 6 6 0 1 0
42491 42494 305 124 308 124 1 0 6 3 -16994 32 3
42494 43264 308 124 308 124 0 0 3 3 0 770 0
43264 43267 308 124 305 124 0 0 3 0 1000000000 0 3
--------------------------------------
--------------------------------------
EV5
--------------------------------------
Num TPs served = 24
TPs served = 22322 22615 22939 24674 25548 25673 25784 26456 26530 26869 26941 27096 27154 27159 27697 27890 28044 28127 28900 29064 29592 30146 44746 46470
Total energy used = 100
--------------------------------------
Schedule:
0 14280 305 124 305 124 0 0 100 100 0 14280 0
14280 14280 305 124 305 124 0 1 100 100 22322 32 0
14280 14284 305 124 308 125 1 0 100 96 -22322 32 4
14284 15034 308 125 308 125 0 0 96 96 0 750 0
15034 15038 308 125 305 124 0 1 96 92 22615 32 4
15038 15039 305 124 305 124 1 1 92 92 0 1 0
15039 15040 305 124 306 124 1 0 92 91 -22615 32 1
15040 15815 306 124 306 124 0 0 91 91 0 775 0
15815 15816 306 124 305 124 0 1 91 90 22939 32 1
15816 15819 305 124 308 124 1 0 90 87 -22939 32 3
15819 19765 308 124 308 124 0 0 87 87 0 3946 0
19765 19768 308 124 305 124 0 1 87 84 24674 32 3
19768 19770 305 124 307 124 1 0 84 82 -24674 32 2
19770 21698 307 124 307 124 0 0 82 82 0 1928 0
21698 21700 307 124 305 124 0 1 82 80 25548 32 2
21700 21701 305 124 306 124 1 0 80 79 -25548 32 1
21701 21971 306 124 306 124 0 0 79 79 0 270 0
21971 21972 306 124 305 124 0 1 79 78 25673 32 1
21972 21974 305 124 307 124 1 0 78 76 -25673 32 2
21974 22200 307 124 307 124 0 0 76 76 0 226 0
22200 22202 307 124 305 124 0 1 76 74 25784 32 2
22202 22204 305 124 307 124 1 0 74 72 -25784 32 2
22204 23566 307 124 307 124 0 0 72 72 0 1362 0
23566 23568 307 124 305 124 0 1 72 70 44746 32 2
23568 23572 305 124 305 124 1 1 70 70 0 4 0
23572 23572 305 124 305 124 1 2 70 70 26456 32 0
23572 23573 305 124 306 124 2 1 70 69 -44746 29 1
23573 23574 306 124 306 124 1 1 69 69 0 1 0
23574 23574 306 124 306 124 1 0 69 69 -26456 32 0
23574 23701 306 124 306 124 0 0 69 69 0 127 0
23701 23702 306 124 305 124 0 1 69 68 26530 32 1
23702 23711 305 124 314 124 1 0 68 59 -26530 32 9
23711 24387 314 124 314 124 0 0 59 59 0 676 0
24387 24396 314 124 305 124 0 1 59 50 26869 32 9
24396 24397 305 124 306 124 1 0 50 49 -26869 32 1
24397 24530 306 124 306 124 0 0 49 49 0 133 0
24530 24531 306 124 305 124 0 1 49 48 26941 32 1
24531 24532 305 124 305 124 1 1 48 48 0 1 0
24532 24533 305 124 306 124 1 0 48 47 -26941 32 1
24533 24826 306 124 306 124 0 0 47 47 0 293 0
24826 24827 306 124 305 124 0 1 47 46 27096 32 1
24827 24828 305 124 305 125 1 0 46 45 -27096 32 1
24828 24944 305 125 305 125 0 0 45 45 0 116 0
24944 24945 305 125 305 124 0 1 45 44 27159 32 1
24945 24945 305 124 305 124 1 2 44 44 27154 14 0
24945 24946 305 124 305 125 2 1 44 43 -27159 32 1
24946 24947 305 125 305 126 1 0 43 42 -27154 14 1
24947 25933 305 126 305 126 0 0 42 42 0 986 0
25933 25935 305 126 305 124 0 1 42 40 27697 32 2
25935 25936 305 124 306 124 1 0 40 39 -27697 32 1
25936 26293 306 124 306 124 0 0 39 39 0 357 0
26293 26294 306 124 305 124 0 1 39 38 27890 32 1
26294 26295 305 124 305 124 1 1 38 38 0 1 0
26295 26296 305 124 305 125 1 0 38 37 -27890 32 1
26296 26629 305 125 305 125 0 0 37 37 0 333 0
26629 26630 305 125 305 124 0 1 37 36 46470 32 1
26630 26630 305 124 305 124 1 2 36 36 28044 1 0
26630 26632 305 124 306 125 2 1 36 34 -46470 32 2
26632 26636 306 125 310 125 1 0 34 30 -28044 2 4
26636 26765 310 125 310 125 0 0 30 30 0 129 0
26765 26771 310 125 305 124 0 1 30 24 28127 32 6
26771 26773 305 124 305 126 1 0 24 22 -28127 32 2
26773 28256 305 126 305 126 0 0 22 22 0 1483 0
28256 28258 305 126 305 124 0 1 22 20 28900 32 2
28258 28260 305 124 307 124 1 0 20 18 -28900 32 2
28260 28609 307 124 307 124 0 0 18 18 0 349 0
28609 28611 307 124 305 124 0 1 18 16 29064 32 2
28611 28612 305 124 305 124 1 1 16 16 0 1 0
28612 28614 305 124 307 124 1 0 16 14 -29064 32 2
28614 29689 307 124 307 124 0 0 14 14 0 1075 0
29689 29691 307 124 305 124 0 1 14 12 29592 32 2
29691 29692 305 124 305 124 1 1 12 12 0 1 0
29692 29694 305 124 307 124 1 0 12 10 -29592 32 2
29694 30752 307 124 307 124 0 0 10 10 0 1058 0
30752 30754 307 124 305 124 0 1 10 8 30146 32 2
30754 30758 305 124 307 126 1 0 8 4 -30146 32 4
30758 43263 307 126 307 126 0 0 4 4 0 12505 0
43263 43267 307 126 305 124 0 0 4 0 1000000000 0 4
--------------------------------------
--------------------------------------
EV6
--------------------------------------
Num TPs served = 15
TPs served = 30102 30279 30474 31190 32122 32806 33792 34521 34616 34793 36551 36772 37369 37725 48786
Total energy used = 100
--------------------------------------
Schedule:
0 4081 305 124 305 124 0 0 100 100 0 4081 0
4081 4081 305 124 305 124 0 1 100 100 36551 32 0
4081 4084 305 124 308 124 1 0 100 97 -36551 32 3
4084 4779 308 124 308 124 0 0 97 97 0 695 0
4779 4782 308 124 305 124 0 1 97 94 36772 32 3
4782 4783 305 124 305 125 1 0 94 93 -36772 32 1
4783 6522 305 125 305 125 0 0 93 93 0 1739 0
6522 6523 305 125 305 124 0 1 93 92 37369 32 1
6523 6524 305 124 306 124 1 0 92 91 -37369 32 1
6524 7531 306 124 306 124 0 0 91 91 0 1007 0
7531 7532 306 124 305 124 0 1 91 90 37725 32 1
7532 7533 305 124 305 125 1 0 90 89 -37725 32 1
7533 30650 305 125 305 125 0 0 89 89 0 23117 0
30650 30651 305 125 305 124 0 1 89 88 48786 32 1
30651 30679 305 124 305 124 1 1 88 88 0 28 0
30679 30679 305 124 305 124 1 2 88 88 30102 32 0
30679 30683 305 124 308 125 2 1 88 84 -48786 9 4
30683 30684 308 125 308 125 1 1 84 84 0 1 0
30684 30687 308 125 308 128 1 0 84 81 -30102 32 3
30687 31031 308 128 308 128 0 0 81 81 0 344 0
31031 31038 308 128 305 124 0 1 81 74 30279 32 7
31038 31045 305 124 305 124 1 1 74 74 0 7 0
31045 31046 305 124 306 124 1 0 74 73 -30279 32 1
31046 31388 306 124 306 124 0 0 73 73 0 342 0
31388 31389 306 124 305 124 0 1 73 72 30474 32 1
31389 31391 305 124 305 124 1 1 72 72 0 2 0
31391 31393 305 124 307 124 1 0 72 70 -30474 32 2
31393 32901 307 124 307 124 0 0 70 70 0 1508 0
32901 32903 307 124 305 124 0 1 70 68 31190 32 2
32903 32905 305 124 305 124 1 1 68 68 0 2 0
32905 32908 305 124 307 125 1 0 68 65 -31190 32 3
32908 34986 307 125 307 125 0 0 65 65 0 2078 0
34986 34989 307 125 305 124 0 1 65 62 32122 32 3
34989 34990 305 124 306 124 1 0 62 61 -32122 32 1
34990 36647 306 124 306 124 0 0 61 61 0 1657 0
36647 36648 306 124 305 124 0 1 61 60 32806 32 1
36648 36661 305 124 318 124 1 0 60 47 -32806 32 13
36661 39251 318 124 318 124 0 0 47 47 0 2590 0
39251 39264 318 124 305 124 0 1 47 34 33792 32 13
39264 39265 305 124 305 124 1 1 34 34 0 1 0
39265 39266 305 124 305 125 1 0 34 33 -33792 32 1
39266 41295 305 125 305 125 0 0 33 33 0 2029 0
41295 41296 305 125 305 124 0 1 33 32 34521 32 1
41296 41297 305 124 305 124 1 1 32 32 0 1 0
41297 41305 305 124 313 124 1 0 32 24 -34521 32 8
41305 41573 313 124 313 124 0 0 24 24 0 268 0
41573 41581 313 124 305 124 0 1 24 16 34616 32 8
41581 41584 305 124 307 125 1 0 16 13 -34616 32 3
41584 42106 307 125 307 125 0 0 13 13 0 522 0
42106 42109 307 125 305 124 0 1 13 10 34793 32 3
42109 42113 305 124 305 124 1 1 10 10 0 4 0
42113 42118 305 124 306 128 1 0 10 5 -34793 32 5
42118 43262 306 128 306 128 0 0 5 5 0 1144 0
43262 43267 306 128 305 124 0 0 5 0 1000000000 0 5
--------------------------------------
--------------------------------------
EV7
--------------------------------------
Num TPs served = 19
TPs served = 37791 37858 38057 38174 38329 38488 38561 38687 39620 39714 40000 40015 40391 40862 41075 42128 42284 42360 42573
Total energy used = 100
--------------------------------------
Schedule:
0 7715 305 124 305 124 0 0 100 100 0 7715 0
7715 7715 305 124 305 124 0 1 100 100 37791 32 0
7715 7716 305 124 305 124 1 1 100 100 0 1 0
7716 7720 305 124 309 124 1 0 100 96 -37791 32 4
7720 7870 309 124 309 124 0 0 96 96 0 150 0
7870 7874 309 124 305 124 0 1 96 92 37858 32 4
7874 7877 305 124 308 124 1 0 92 89 -37858 32 3
7877 8433 308 124 308 124 0 0 89 89 0 556 0
8433 8436 308 124 305 124 0 1 89 86 38057 32 3
8436 8439 305 124 308 124 1 0 86 83 -38057 32 3
8439 8792 308 124 308 124 0 0 83 83 0 353 0
8792 8795 308 124 305 124 0 1 83 80 38174 32 3
8795 8796 305 124 306 124 1 0 80 79 -38174 32 1
8796 9175 306 124 306 124 0 0 79 79 0 379 0
9175 9176 306 124 305 124 0 1 79 78 38329 32 1
9176 9177 305 124 305 124 1 1 78 78 0 1 0
9177 9178 305 124 306 124 1 0 78 77 -38329 32 1
9178 9610 306 124 306 124 0 0 77 77 0 432 0
9610 9611 306 124 305 124 0 1 77 76 38488 32 1
9611 9612 305 124 305 124 1 1 76 76 0 1 0
9612 9614 305 124 307 124 1 0 76 74 -38488 32 2
9614 9802 307 124 307 124 0 0 74 74 0 188 0
9802 9804 307 124 305 124 0 1 74 72 38561 32 2
9804 9805 305 124 305 125 1 0 72 71 -38561 32 1
9805 10130 305 125 305 125 0 0 71 71 0 325 0
10130 10131 305 125 305 124 0 1 71 70 38687 32 1
10131 10132 305 124 305 125 1 0 70 69 -38687 32 1
10132 12415 305 125 305 125 0 0 69 69 0 2283 0
12415 12416 305 125 305 124 0 1 69 68 39620 32 1
12416 12417 305 124 305 124 1 1 68 68 0 1 0
12417 12418 305 124 306 124 1 0 68 67 -39620 32 1
12418 12637 306 124 306 124 0 0 67 67 0 219 0
12637 12638 306 124 305 124 0 1 67 66 39714 32 1
12638 12642 305 124 308 125 1 0 66 62 -39714 32 4
12642 13419 308 125 308 125 0 0 62 62 0 777 0
13419 13423 308 125 305 124 0 1 62 58 40000 32 4
13423 13426 305 124 305 127 1 0 58 55 -40000 32 3
13426 13466 305 127 305 127 0 0 55 55 0 40 0
13466 13469 305 127 305 124 0 1 55 52 40015 32 3
13469 13470 305 124 305 124 1 1 52 52 0 1 0
13470 13471 305 124 306 124 1 0 52 51 -40015 32 1
13471 14448 306 124 306 124 0 0 51 51 0 977 0
14448 14449 306 124 305 124 0 1 51 50 40391 32 1
14449 14451 305 124 307 124 1 0 50 48 -40391 32 2
14451 15567 307 124 307 124 0 0 48 48 0 1116 0
15567 15569 307 124 305 124 0 1 48 46 40862 32 2
15569 15572 305 124 307 125 1 0 46 43 -40862 32 3
15572 16033 307 125 307 125 0 0 43 43 0 461 0
16033 16036 307 125 305 124 0 1 43 40 41075 32 3
16036 16037 305 124 305 124 1 1 40 40 0 1 0
16037 16038 305 124 306 124 1 0 40 39 -41075 32 1
16038 18396 306 124 306 124 0 0 39 39 0 2358 0
18396 18397 306 124 305 124 0 1 39 38 42128 32 1
18397 18399 305 124 306 125 1 0 38 36 -42128 32 2
18399 18694 306 125 306 125 0 0 36 36 0 295 0
18694 18696 306 125 305 124 0 1 36 34 42284 32 2
18696 18699 305 124 305 124 1 1 34 34 0 3 0
18699 18700 305 124 306 124 1 0 34 33 -42284 32 1
18700 18831 306 124 306 124 0 0 33 33 0 131 0
18831 18832 306 124 305 124 0 1 33 32 42360 32 1
18832 18834 305 124 305 124 1 1 32 32 0 2 0
18834 18849 305 124 320 124 1 0 32 17 -42360 32 15
18849 19350 320 124 320 124 0 0 17 17 0 501 0
19350 19365 320 124 305 124 0 1 17 2 42573 32 15
19365 19366 305 124 305 125 1 0 2 1 -42573 32 1
19366 43266 305 125 305 125 0 0 1 1 0 23900 0
43266 43267 305 125 305 124 0 0 1 0 1000000000 0 1
--------------------------------------
--------------------------------------
EV8
--------------------------------------
Num TPs served = 22
TPs served = 43194 43565 43728 43870 44413 45153 45621 45649 45996 46137 46501 46597 46689 46717 46797 46957 47255 47773 48051 48510 48526 49133
Total energy used = 100
--------------------------------------
Schedule:
0 20592 305 124 305 124 0 0 100 100 0 20592 0
20592 20592 305 124 305 124 0 1 100 100 43194 32 0
20592 20595 305 124 305 127 1 0 100 97 -43194 32 3
20595 21331 305 127 305 127 0 0 97 97 0 736 0
21331 21334 305 127 305 124 0 1 97 94 43565 32 3
21334 21338 305 124 307 126 1 0 94 90 -43565 32 4
21338 21634 307 126 307 126 0 0 90 90 0 296 0
21634 21638 307 126 305 124 0 1 90 86 43728 32 4
21638 21640 305 124 307 124 1 0 86 84 -43728 32 2
21640 21912 307 124 307 124 0 0 84 84 0 272 0
21912 21914 307 124 305 124 0 1 84 82 43870 32 2
21914 21916 305 124 305 124 1 1 82 82 0 2 0
21916 21923 305 124 311 125 1 0 82 75 -43870 32 7
21923 22953 311 125 311 125 0 0 75 75 0 1030 0
22953 22960 311 125 305 124 0 1 75 68 44413 32 7
22960 22961 305 124 305 124 1 1 68 68 0 1 0
22961 22962 305 124 306 124 1 0 68 67 -44413 32 1
22962 24287 306 124 306 124 0 0 67 67 0 1325 0
24287 24288 306 124 305 124 0 1 67 66 45153 32 1
24288 24289 305 124 306 124 1 0 66 65 -45153 32 1
24289 25110 306 124 306 124 0 0 65 65 0 821 0
25110 25111 306 124 305 124 0 1 65 64 45621 32 1
25111 25112 305 124 305 124 1 1 64 64 0 1 0
25112 25114 305 124 306 125 1 0 64 62 -45621 32 2
25114 25148 306 125 306 125 0 0 62 62 0 34 0
25148 25150 306 125 305 124 0 1 62 60 45649 32 2
25150 25151 305 124 306 124 1 0 60 59 -45649 32 1
25151 25795 306 124 306 124 0 0 59 59 0 644 0
25795 25796 306 124 305 124 0 1 59 58 45996 32 1
25796 25797 305 124 305 125 1 0 58 57 -45996 32 1
25797 26044 305 125 305 125 0 0 57 57 0 247 0
26044 26045 305 125 305 124 0 1 57 56 46137 32 1
26045 26047 305 124 306 125 1 0 56 54 -46137 32 2
26047 26690 306 125 306 125 0 0 54 54 0 643 0
26690 26692 306 125 305 124 0 1 54 52 46501 32 2
26692 26694 305 124 307 124 1 0 52 50 -46501 32 2
26694 26885 307 124 307 124 0 0 50 50 0 191 0
26885 26887 307 124 305 124 0 1 50 48 46597 32 2
26887 26892 305 124 305 124 1 1 48 48 0 5 0
26892 26893 305 124 306 124 1 0 48 47 -46597 32 1
26893 27051 306 124 306 124 0 0 47 47 0 158 0
27051 27052 306 124 305 124 0 1 47 46 46689 32 1
27052 27053 305 124 305 125 1 0 46 45 -46689 32 1
27053 27089 305 125 305 125 0 0 45 45 0 36 0
27089 27090 305 125 305 124 0 1 45 44 46717 32 1
27090 27095 305 124 308 126 1 0 44 39 -46717 32 5
27095 27210 308 126 308 126 0 0 39 39 0 115 0
27210 27215 308 126 305 124 0 1 39 34 46797 32 5
27215 27216 305 124 306 124 1 0 34 33 -46797 32 1
27216 27482 306 124 306 124 0 0 33 33 0 266 0
27482 27483 306 124 305 124 0 1 33 32 46957 32 1
27483 27485 305 124 305 126 1 0 32 30 -46957 32 2
27485 27979 305 126 305 126 0 0 30 30 0 494 0
27979 27981 305 126 305 124 0 1 30 28 47255 32 2
27981 27982 305 124 305 124 1 1 28 28 0 1 0
27982 27985 305 124 307 125 1 0 28 25 -47255 32 3
27985 28825 307 125 307 125 0 0 25 25 0 840 0
28825 28828 307 125 305 124 0 1 25 22 47773 32 3
28828 28830 305 124 306 125 1 0 22 20 -47773 32 2
28830 29309 306 125 306 125 0 0 20 20 0 479 0
29309 29311 306 125 305 124 0 1 20 18 48051 32 2
29311 29312 305 124 305 124 1 1 18 18 0 1 0
29312 29313 305 124 306 124 1 0 18 17 -48051 32 1
29313 30187 306 124 306 124 0 0 17 17 0 874 0
30187 30188 306 124 305 124 0 1 17 16 48526 32 1
30188 30188 305 124 305 124 1 2 16 16 48510 5 0
30188 30189 305 124 305 125 2 1 16 15 -48526 32 1
30189 30192 305 125 308 125 1 0 15 12 -48510 5 3
30192 31236 308 125 308 125 0 0 12 12 0 1044 0
31236 31240 308 125 305 124 0 1 12 8 49133 32 4
31240 31244 305 124 307 126 1 0 8 4 -49133 32 4
31244 43263 307 126 307 126 0 0 4 4 0 12019 0
43263 43267 307 126 305 124 0 0 4 0 1000000000 0 4
--------------------------------------

-------------------------------------------------------------------------

TPs

-------------------------------------------------------------------------

----------------------
TP125 allocated to 1
----------------------

----------------------
TP195 allocated to 1
----------------------

----------------------
TP771 allocated to 1
----------------------

----------------------
TP775 allocated to 1
----------------------

----------------------
TP857 allocated to 1
----------------------

----------------------
TP1017 allocated to 1
----------------------

----------------------
TP1179 allocated to 1
----------------------

----------------------
TP1250 allocated to 1
----------------------

----------------------
TP1373 allocated to 1
----------------------

----------------------
TP1503 allocated to 1
----------------------

----------------------
TP1555 allocated to 1
----------------------

----------------------
TP2028 allocated to 1
----------------------

----------------------
TP2067 allocated to 1
----------------------

----------------------
TP2725 allocated to 1
----------------------

----------------------
TP2961 allocated to 1
----------------------

----------------------
TP3028 allocated to 1
----------------------

----------------------
TP3090 allocated to 2
----------------------

----------------------
TP3091 allocated to 2
----------------------

----------------------
TP3611 allocated to 1
----------------------

----------------------
TP3992 allocated to 2
----------------------

----------------------
TP4085 allocated to 2
----------------------

----------------------
TP4230 allocated to 1
----------------------

----------------------
TP4285 allocated to 2
----------------------

----------------------
TP4435 allocated to 2
----------------------

----------------------
TP4819 allocated to 1
----------------------

----------------------
TP4947 allocated to 2
----------------------

----------------------
TP5586 allocated to 2
----------------------

----------------------
TP5997 allocated to 2
----------------------

----------------------
TP6087 allocated to 2
----------------------

----------------------
TP6390 allocated to 2
----------------------

----------------------
TP6625 allocated to 2
----------------------

----------------------
TP7047 allocated to 2
----------------------

----------------------
TP7049 allocated to 2
----------------------

----------------------
TP7077 allocated to 2
----------------------

----------------------
TP7247 allocated to 2
----------------------

----------------------
TP7319 allocated to 1
----------------------

----------------------
TP7580 allocated to 1
----------------------

----------------------
TP7836 allocated to 2
----------------------

----------------------
TP8325 allocated to 3
----------------------

----------------------
TP8609 allocated to 2
----------------------

----------------------
TP8919 allocated to 2
----------------------

----------------------
TP9439 allocated to 3
----------------------

----------------------
TP9877 allocated to 3
----------------------

----------------------
TP10722 allocated to 3
----------------------

----------------------
TP11072 allocated to 3
----------------------

----------------------
TP11225 allocated to 3
----------------------

----------------------
TP11285 allocated to 3
----------------------

----------------------
TP11585 allocated to 3
----------------------

----------------------
TP11630 allocated to 3
----------------------

----------------------
TP11881 allocated to 3
----------------------

----------------------
TP12426 allocated to 3
----------------------

----------------------
TP12558 allocated to 3
----------------------

----------------------
TP12621 allocated to 3
----------------------

----------------------
TP12935 allocated to 1
----------------------

----------------------
TP13108 allocated to 3
----------------------

----------------------
TP13474 allocated to 1
----------------------

----------------------
TP13735 allocated to 3
----------------------

----------------------
TP13783 allocated to 3
----------------------

----------------------
TP13814 allocated to 3
----------------------

----------------------
TP14451 allocated to 3
----------------------

----------------------
TP14778 allocated to 3
----------------------

----------------------
TP14998 allocated to 3
----------------------

----------------------
TP15647 allocated to 3
----------------------

----------------------
TP15742 allocated to 3
----------------------

----------------------
TP15761 allocated to 3
----------------------

----------------------
TP15976 allocated to 3
----------------------

----------------------
TP16401 allocated to 4
----------------------

----------------------
TP16443 allocated to 4
----------------------

----------------------
TP16632 allocated to 1
----------------------

----------------------
TP16994 allocated to 4
----------------------

----------------------
TP18130 allocated to 4
----------------------

----------------------
TP18146 allocated to 4
----------------------

----------------------
TP18858 allocated to 4
----------------------

----------------------
TP18952 allocated to 4
----------------------

----------------------
TP20031 allocated to 4
----------------------

----------------------
TP20199 allocated to 4
----------------------

----------------------
TP20533 allocated to 4
----------------------

----------------------
TP20783 allocated to 4
----------------------

----------------------
TP21148 allocated to 2
----------------------

----------------------
TP21271 allocated to 4
----------------------

----------------------
TP21706 allocated to 1
----------------------

----------------------
TP21901 allocated to 4
----------------------

----------------------
TP22285 allocated to 4
----------------------

----------------------
TP22322 allocated to 5
----------------------

----------------------
TP22377 allocated to 1
----------------------

----------------------
TP22565 allocated to 2
----------------------

----------------------
TP22615 allocated to 5
----------------------

----------------------
TP22939 allocated to 5
----------------------

----------------------
TP24674 allocated to 5
----------------------

----------------------
TP24815 allocated to 1
----------------------

----------------------
TP25548 allocated to 5
----------------------

----------------------
TP25673 allocated to 5
----------------------

----------------------
TP25784 allocated to 5
----------------------

----------------------
TP26456 allocated to 5
----------------------

----------------------
TP26530 allocated to 5
----------------------

----------------------
TP26869 allocated to 5
----------------------

----------------------
TP26941 allocated to 5
----------------------

----------------------
TP27096 allocated to 5
----------------------

----------------------
TP27154 allocated to 5
----------------------

----------------------
TP27159 allocated to 5
----------------------

----------------------
TP27697 allocated to 5
----------------------

----------------------
TP27890 allocated to 5
----------------------

----------------------
TP28044 allocated to 5
----------------------

----------------------
TP28127 allocated to 5
----------------------

----------------------
TP28900 allocated to 5
----------------------

----------------------
TP29064 allocated to 5
----------------------

----------------------
TP29096 allocated to 3
----------------------

----------------------
TP29592 allocated to 5
----------------------

----------------------
TP30102 allocated to 6
----------------------

----------------------
TP30146 allocated to 5
----------------------

----------------------
TP30279 allocated to 6
----------------------

----------------------
TP30473 allocated to 1
----------------------

----------------------
TP30474 allocated to 6
----------------------

----------------------
TP31190 allocated to 6
----------------------

----------------------
TP32122 allocated to 6
----------------------

----------------------
TP32806 allocated to 6
----------------------

----------------------
TP33792 allocated to 6
----------------------

----------------------
TP34181 allocated to 1
----------------------

----------------------
TP34416 allocated to 1
----------------------

----------------------
TP34521 allocated to 6
----------------------

----------------------
TP34578 allocated to 1
----------------------

----------------------
TP34616 allocated to 6
----------------------

----------------------
TP34793 allocated to 6
----------------------

----------------------
TP35262 allocated to 1
----------------------

----------------------
TP35651 allocated to 1
----------------------

----------------------
TP36500 allocated to 1
----------------------

----------------------
TP36551 allocated to 6
----------------------

----------------------
TP36772 allocated to 6
----------------------

----------------------
TP37369 allocated to 6
----------------------

----------------------
TP37725 allocated to 6
----------------------

----------------------
TP37791 allocated to 7
----------------------

----------------------
TP37858 allocated to 7
----------------------

----------------------
TP38057 allocated to 7
----------------------

----------------------
TP38174 allocated to 7
----------------------

----------------------
TP38329 allocated to 7
----------------------

----------------------
TP38488 allocated to 7
----------------------

----------------------
TP38561 allocated to 7
----------------------

----------------------
TP38687 allocated to 7
----------------------

----------------------
TP39620 allocated to 7
----------------------

----------------------
TP39714 allocated to 7
----------------------

----------------------
TP40000 allocated to 7
----------------------

----------------------
TP40015 allocated to 7
----------------------

----------------------
TP40391 allocated to 7
----------------------

----------------------
TP40862 allocated to 7
----------------------

----------------------
TP41075 allocated to 7
----------------------

----------------------
TP41712 allocated to 1
----------------------

----------------------
TP42128 allocated to 7
----------------------

----------------------
TP42284 allocated to 7
----------------------

----------------------
TP42360 allocated to 7
----------------------

----------------------
TP42573 allocated to 7
----------------------

----------------------
TP42734 allocated to 1
----------------------

----------------------
TP43194 allocated to 8
----------------------

----------------------
TP43281 allocated to 1
----------------------

----------------------
TP43565 allocated to 8
----------------------

----------------------
TP43728 allocated to 8
----------------------

----------------------
TP43837 allocated to 1
----------------------

----------------------
TP43870 allocated to 8
----------------------

----------------------
TP44413 allocated to 8
----------------------

----------------------
TP44746 allocated to 5
----------------------

----------------------
TP45153 allocated to 8
----------------------

----------------------
TP45621 allocated to 8
----------------------

----------------------
TP45649 allocated to 8
----------------------

----------------------
TP45996 allocated to 8
----------------------

----------------------
TP46137 allocated to 8
----------------------

----------------------
TP46470 allocated to 5
----------------------

----------------------
TP46501 allocated to 8
----------------------

----------------------
TP46597 allocated to 8
----------------------

----------------------
TP46689 allocated to 8
----------------------

----------------------
TP46717 allocated to 8
----------------------

----------------------
TP46797 allocated to 8
----------------------

----------------------
TP46957 allocated to 8
----------------------

----------------------
TP47255 allocated to 8
----------------------

----------------------
TP47773 allocated to 8
----------------------

----------------------
TP48051 allocated to 8
----------------------

----------------------
TP48510 allocated to 8
----------------------

----------------------
TP48526 allocated to 8
----------------------

----------------------
TP48762 allocated to 1
----------------------

----------------------
TP48786 allocated to 6
----------------------

----------------------
TP49133 allocated to 8
----------------------

----------------------
TP49455 not allocated
----------------------

----------------------
TP49462 not allocated
----------------------

-------------------------------------------------------------------------

Ride-sharing vs Individual Mode - Num Vehicles and Distance Comparisson 

-------------------------------------------------------------------------
Individual Mode = 181 vehicles.
Ride-sharing Mode = 10 vehicles. The 8 ride-sharing vehicles + 2 vehicles of the individuals not served by the ride-sharing service.
-------------------------------------------------------------------------
Individual Mode = 425 distance.
Ride-sharing Mode = 804 distance. 800 from the EV fleet + 4 from the distance of the trips not covered individuals had to do with their own vehicle.
-------------------------------------------------------------------------
