-------------------------------------------------------------------------
TPs satisfied = 82; Total TPs = 200; Percentage Satisfied + 41.0%
-------------------------------------------------------------------------

-------------------------------------------------------------------------

EVs

-------------------------------------------------------------------------
--------------------------------------
EV1
--------------------------------------
Num TPs served = 37
TPs served = 39 300 437 523 1515 1544 1756 1848 1860 2173 2993 4118 8597 8634 14270 15024 15686 19256 19743 21143 22548 25552 26048 26935 27719 28087 30222 30796 30982 31374 32668 33137 39105 39219 45576 47272 49522
Total energy used = 100
--------------------------------------
Schedule:
0 94 488 558 488 558 0 0 100 100 0 94 0
94 94 488 558 488 558 0 1 100 100 39 32 0
94 96 488 558 488 558 1 1 100 100 0 2 0
96 102 488 558 488 564 1 0 100 94 -39 32 6
102 578 488 564 488 564 0 0 94 94 0 476 0
578 584 488 564 488 558 0 1 94 88 300 32 6
584 587 488 558 489 560 1 0 88 85 -300 32 3
587 796 489 560 489 560 0 0 85 85 0 209 0
796 799 489 560 488 558 0 1 85 82 437 32 3
799 800 488 558 488 558 1 1 82 82 0 1 0
800 801 488 558 488 559 1 0 82 81 -437 32 1
801 943 488 559 488 559 0 0 81 81 0 142 0
943 944 488 559 488 558 0 1 81 80 523 32 1
944 954 488 558 498 558 1 0 80 70 -523 32 10
954 2634 498 558 498 558 0 0 70 70 0 1680 0
2634 2644 498 558 488 558 0 1 70 60 1515 32 10
2644 2647 488 558 491 558 1 0 60 57 -1515 32 3
2647 2682 491 558 491 558 0 0 57 57 0 35 0
2682 2685 491 558 488 558 0 1 57 54 1544 32 3
2685 2695 488 558 493 563 1 0 54 44 -1544 32 10
2695 3060 493 563 493 563 0 0 44 44 0 365 0
3060 3070 493 563 488 558 0 1 44 34 1756 32 10
3070 3071 488 558 488 558 1 1 34 34 0 1 0
3071 3082 488 558 494 563 1 0 34 23 -1756 32 11
3082 3224 494 563 494 563 0 0 23 23 0 142 0
3224 3235 494 563 488 558 0 1 23 12 1848 32 11
3235 3260 488 558 488 558 1 1 12 12 0 25 0
3260 3260 488 558 488 558 1 2 12 12 1860 32 0
3260 3261 488 558 488 558 2 2 12 12 0 1 0
3261 3266 488 558 493 558 2 1 12 7 -1860 32 5
3266 3269 493 558 490 558 1 0 7 4 -1848 0 3
3269 3837 490 558 490 558 0 0 4 4 0 568 0
3837 3839 490 558 488 558 0 1 4 2 2173 32 2
3839 3840 488 558 488 558 1 1 2 2 0 1 0
3840 3840 488 558 488 558 1 0 2 2 -2173 32 0
3840 5341 488 558 488 558 0 0 2 2 0 1501 0
5341 5341 488 558 488 558 0 1 2 2 2993 32 0
5341 5346 488 558 488 558 1 1 2 2 0 5 0
5346 5347 488 558 488 559 1 0 2 1 -2993 32 1
5347 5764 488 559 488 559 0 0 1 1 0 417 0
5764 5765 488 559 488 558 0 1 1 0 19256 32 1
5765 5766 488 558 488 558 1 1 0 0 0 1 0
5766 5766 488 558 488 558 1 0 0 0 -19256 32 0
5766 7252 488 558 488 558 0 0 0 0 0 1486 0
7252 7252 488 558 488 558 0 1 0 0 19743 32 0
7252 7255 488 558 488 558 1 1 0 0 0 3 0
7255 7255 488 558 488 558 1 0 0 0 -19743 32 0
7255 7407 488 558 488 558 0 0 0 0 0 152 0
7407 7407 488 558 488 558 0 1 0 0 4118 32 0
7407 7409 488 558 488 558 1 1 0 0 0 2 0
7409 7409 488 558 488 558 1 0 0 0 -4118 32 0
7409 11096 488 558 488 558 0 0 0 0 0 3687 0
11096 11096 488 558 488 558 0 1 0 0 39105 32 0
11096 11098 488 558 488 558 1 1 0 0 0 2 0
11098 11098 488 558 488 558 1 0 0 0 -39105 32 0
11098 11125 488 558 488 558 0 0 0 0 0 27 0
11125 11125 488 558 488 558 0 1 0 0 21143 32 0
11125 11127 488 558 488 558 1 1 0 0 0 2 0
11127 11127 488 558 488 558 1 0 0 0 -21143 32 0
11127 11333 488 558 488 558 0 0 0 0 0 206 0
11333 11333 488 558 488 558 0 1 0 0 39219 32 0
11333 11334 488 558 488 558 1 1 0 0 0 1 0
11334 11334 488 558 488 558 1 0 0 0 -39219 32 0
11334 14842 488 558 488 558 0 0 0 0 0 3508 0
14842 14842 488 558 488 558 0 1 0 0 22548 32 0
14842 14845 488 558 488 558 1 1 0 0 0 3 0
14845 14845 488 558 488 558 1 0 0 0 -22548 32 0
14845 16610 488 558 488 558 0 0 0 0 0 1765 0
16610 16610 488 558 488 558 0 1 0 0 8597 32 0
16610 16611 488 558 488 558 1 1 0 0 0 1 0
16611 16611 488 558 488 558 1 0 0 0 -8597 32 0
16611 16693 488 558 488 558 0 0 0 0 0 82 0
16693 16693 488 558 488 558 0 1 0 0 8634 32 0
16693 16695 488 558 488 558 1 1 0 0 0 2 0
16695 16695 488 558 488 558 1 0 0 0 -8634 32 0
16695 21714 488 558 488 558 0 0 0 0 0 5019 0
21714 21714 488 558 488 558 0 1 0 0 25552 32 0
21714 21715 488 558 488 558 1 1 0 0 0 1 0
21715 21715 488 558 488 558 1 0 0 0 -25552 32 0
21715 22749 488 558 488 558 0 0 0 0 0 1034 0
22749 22749 488 558 488 558 0 1 0 0 26048 32 0
22749 22751 488 558 488 558 1 1 0 0 0 2 0
22751 22751 488 558 488 558 1 0 0 0 -26048 32 0
22751 24520 488 558 488 558 0 0 0 0 0 1769 0
24520 24520 488 558 488 558 0 1 0 0 26935 32 0
24520 24521 488 558 488 558 1 1 0 0 0 1 0
24521 24521 488 558 488 558 1 0 0 0 -26935 32 0
24521 25021 488 558 488 558 0 0 0 0 0 500 0
25021 25021 488 558 488 558 0 1 0 0 45576 32 0
25021 25022 488 558 488 558 1 1 0 0 0 1 0
25022 25022 488 558 488 558 1 0 0 0 -45576 32 0
25022 25974 488 558 488 558 0 0 0 0 0 952 0
25974 25974 488 558 488 558 0 1 0 0 27719 32 0
25974 25975 488 558 488 558 1 1 0 0 0 1 0
25975 25975 488 558 488 558 1 0 0 0 -27719 32 0
25975 26689 488 558 488 558 0 0 0 0 0 714 0
26689 26689 488 558 488 558 0 1 0 0 28087 32 0
26689 26691 488 558 488 558 1 1 0 0 0 2 0
26691 26691 488 558 488 558 1 0 0 0 -28087 32 0
26691 28006 488 558 488 558 0 0 0 0 0 1315 0
28006 28006 488 558 488 558 0 1 0 0 47272 32 0
28006 28008 488 558 488 558 1 1 0 0 0 2 0
28008 28008 488 558 488 558 1 0 0 0 -47272 32 0
28008 30886 488 558 488 558 0 0 0 0 0 2878 0
30886 30886 488 558 488 558 0 1 0 0 30222 32 0
30886 30889 488 558 488 558 1 1 0 0 0 3 0
30889 30889 488 558 488 558 1 0 0 0 -30222 32 0
30889 31943 488 558 488 558 0 0 0 0 0 1054 0
31943 31943 488 558 488 558 0 1 0 0 49522 32 0
31943 31944 488 558 488 558 1 1 0 0 0 1 0
31944 31944 488 558 488 558 1 0 0 0 -49522 32 0
31944 32069 488 558 488 558 0 0 0 0 0 125 0
32069 32069 488 558 488 558 0 1 0 0 30796 32 0
32069 32070 488 558 488 558 1 1 0 0 0 1 0
32070 32070 488 558 488 558 1 0 0 0 -30796 32 0
32070 32458 488 558 488 558 0 0 0 0 0 388 0
32458 32458 488 558 488 558 0 1 0 0 30982 32 0
32458 32459 488 558 488 558 1 1 0 0 0 1 0
32459 32459 488 558 488 558 1 0 0 0 -30982 32 0
32459 33321 488 558 488 558 0 0 0 0 0 862 0
33321 33321 488 558 488 558 0 1 0 0 31374 32 0
33321 33322 488 558 488 558 1 1 0 0 0 1 0
33322 33322 488 558 488 558 1 0 0 0 -31374 32 0
33322 34985 488 558 488 558 0 0 0 0 0 1663 0
34985 34985 488 558 488 558 0 1 0 0 14270 32 0
34985 34986 488 558 488 558 1 1 0 0 0 1 0
34986 34986 488 558 488 558 1 0 0 0 -14270 32 0
34986 36309 488 558 488 558 0 0 0 0 0 1323 0
36309 36309 488 558 488 558 0 1 0 0 32668 32 0
36309 36311 488 558 488 558 1 1 0 0 0 2 0
36311 36311 488 558 488 558 1 0 0 0 -32668 32 0
36311 37541 488 558 488 558 0 0 0 0 0 1230 0
37541 37541 488 558 488 558 0 1 0 0 33137 32 0
37541 37542 488 558 488 558 1 1 0 0 0 1 0
37542 37542 488 558 488 558 1 0 0 0 -33137 32 0
37542 37883 488 558 488 558 0 0 0 0 0 341 0
37883 37883 488 558 488 558 0 1 0 0 15024 32 0
37883 37885 488 558 488 558 1 1 0 0 0 2 0
37885 37885 488 558 488 558 1 0 0 0 -15024 32 0
37885 40184 488 558 488 558 0 0 0 0 0 2299 0
40184 40184 488 558 488 558 0 1 0 0 15686 32 0
40184 40185 488 558 488 558 1 1 0 0 0 1 0
40185 40185 488 558 488 558 1 0 0 0 -15686 32 0
40185 43267 488 558 488 558 0 0 0 0 0 3082 0
43267 43267 488 558 488 558 0 0 0 0 1000000000 0 0
--------------------------------------
--------------------------------------
EV2
--------------------------------------
Num TPs served = 21
TPs served = 2309 2777 3116 3657 3739 3905 4144 4346 4618 4634 5978 5986 6383 6450 6483 7331 7534 7605 7820 8635 37708
Total energy used = 100
--------------------------------------
Schedule:
0 4092 488 558 488 558 0 0 100 100 0 4092 0
4092 4092 488 558 488 558 0 1 100 100 2309 32 0
4092 4096 488 558 491 559 1 0 100 96 -2309 32 4
4096 4944 491 559 491 559 0 0 96 96 0 848 0
4944 4948 491 559 488 558 0 1 96 92 2777 32 4
4948 4949 488 558 488 558 1 1 92 92 0 1 0
4949 4954 488 558 490 561 1 0 92 87 -2777 32 5
4954 5542 490 561 490 561 0 0 87 87 0 588 0
5542 5547 490 561 488 558 0 1 87 82 3116 32 5
5547 5549 488 558 488 558 1 1 82 82 0 2 0
5549 5550 488 558 489 558 1 0 82 81 -3116 32 1
5550 6558 489 558 489 558 0 0 81 81 0 1008 0
6558 6559 489 558 488 558 0 1 81 80 3657 32 1
6559 6561 488 558 488 560 1 0 80 78 -3657 32 2
6561 6708 488 560 488 560 0 0 78 78 0 147 0
6708 6710 488 560 488 558 0 1 78 76 3739 32 2
6710 6715 488 558 493 558 1 0 76 71 -3739 32 5
6715 6994 493 558 493 558 0 0 71 71 0 279 0
6994 6999 493 558 488 558 0 1 71 66 3905 32 5
6999 7000 488 558 489 558 1 0 66 65 -3905 32 1
7000 7461 489 558 489 558 0 0 65 65 0 461 0
7461 7462 489 558 488 558 0 1 65 64 37708 32 1
7462 7462 488 558 488 558 1 2 64 64 4144 29 0
7462 7463 488 558 489 558 2 1 64 63 -37708 32 1
7463 7464 489 558 490 558 1 0 63 62 -4144 29 1
7464 7810 490 558 490 558 0 0 62 62 0 346 0
7810 7812 490 558 488 558 0 1 62 60 4346 32 2
7812 7814 488 558 490 558 1 0 60 58 -4346 32 2
7814 8340 490 558 490 558 0 0 58 58 0 526 0
8340 8342 490 558 488 558 0 1 58 56 4618 32 2
8342 8343 488 558 488 559 1 0 56 55 -4618 32 1
8343 8376 488 559 488 559 0 0 55 55 0 33 0
8376 8377 488 559 488 558 0 1 55 54 4634 32 1
8377 8383 488 558 494 558 1 0 54 48 -4634 32 6
8383 10957 494 558 494 558 0 0 48 48 0 2574 0
10957 10963 494 558 488 558 0 1 48 42 5986 32 6
10963 10963 488 558 488 558 1 2 42 42 5978 17 0
10963 10965 488 558 488 560 2 1 42 40 -5986 32 2
10965 10972 488 560 493 558 1 0 40 33 -5978 15 7
10972 11723 493 558 493 558 0 0 33 33 0 751 0
11723 11728 493 558 488 558 0 1 33 28 6383 32 5
11728 11729 488 558 489 558 1 0 28 27 -6383 32 1
11729 11836 489 558 489 558 0 0 27 27 0 107 0
11836 11837 489 558 488 558 0 1 27 26 6450 32 1
11837 11839 488 558 490 558 1 0 26 24 -6450 32 2
11839 11911 490 558 490 558 0 0 24 24 0 72 0
11911 11913 490 558 488 558 0 1 24 22 6483 32 2
11913 11914 488 558 488 558 1 1 22 22 0 1 0
11914 11915 488 558 489 558 1 0 22 21 -6483 32 1
11915 13726 489 558 489 558 0 0 21 21 0 1811 0
13726 13727 489 558 488 558 0 1 21 20 7331 32 1
13727 13729 488 558 488 558 1 1 20 20 0 2 0
13729 13731 488 558 490 558 1 0 20 18 -7331 32 2
13731 14174 490 558 490 558 0 0 18 18 0 443 0
14174 14176 490 558 488 558 0 1 18 16 7534 32 2
14176 14178 488 558 489 559 1 0 16 14 -7534 32 2
14178 14334 489 559 489 559 0 0 14 14 0 156 0
14334 14336 489 559 488 558 0 1 14 12 7605 32 2
14336 14339 488 558 488 558 1 1 12 12 0 3 0
14339 14343 488 558 490 560 1 0 12 8 -7605 32 4
14343 14806 490 560 490 560 0 0 8 8 0 463 0
14806 14810 490 560 488 558 0 1 8 4 7820 32 4
14810 14811 488 558 488 558 1 1 4 4 0 1 0
14811 14812 488 558 488 559 1 0 4 3 -7820 32 1
14812 16693 488 559 488 559 0 0 3 3 0 1881 0
16693 16694 488 559 488 558 0 1 3 2 8635 32 1
16694 16695 488 558 489 558 1 0 2 1 -8635 32 1
16695 43266 489 558 489 558 0 0 1 1 0 26571 0
43266 43267 489 558 488 558 0 0 1 0 1000000000 0 1
--------------------------------------
--------------------------------------
EV3
--------------------------------------
Num TPs served = 24
TPs served = 7639 7882 7955 9268 9536 10112 11516 11988 11990 12232 12247 12345 12357 12477 12937 13881 14302 14321 14323 14430 14787 14856 15677 16049
Total energy used = 100
--------------------------------------
Schedule:
0 14403 488 558 488 558 0 0 100 100 0 14403 0
14403 14403 488 558 488 558 0 1 100 100 7639 32 0
14403 14406 488 558 489 560 1 0 100 97 -7639 32 3
14406 14942 489 560 489 560 0 0 97 97 0 536 0
14942 14945 489 560 488 558 0 1 97 94 7882 32 3
14945 14947 488 558 490 558 1 0 94 92 -7882 32 2
14947 15095 490 558 490 558 0 0 92 92 0 148 0
15095 15097 490 558 488 558 0 1 92 90 7955 32 2
15097 15099 488 558 488 558 1 1 90 90 0 2 0
15099 15102 488 558 491 558 1 0 90 87 -7955 32 3
15102 18390 491 558 491 558 0 0 87 87 0 3288 0
18390 18393 491 558 488 558 0 1 87 84 9268 32 3
18393 18394 488 558 488 559 1 0 84 83 -9268 32 1
18394 19118 488 559 488 559 0 0 83 83 0 724 0
19118 19119 488 559 488 558 0 1 83 82 9536 32 1
19119 19122 488 558 488 558 1 1 82 82 0 3 0
19122 19123 488 558 488 559 1 0 82 81 -9536 32 1
19123 20730 488 559 488 559 0 0 81 81 0 1607 0
20730 20731 488 559 488 558 0 1 81 80 10112 32 1
20731 20736 488 558 493 558 1 0 80 75 -10112 32 5
20736 25036 493 558 493 558 0 0 75 75 0 4300 0
25036 25041 493 558 488 558 0 1 75 70 11516 32 5
25041 25044 488 558 490 559 1 0 70 67 -11516 32 3
25044 26681 490 559 490 559 0 0 67 67 0 1637 0
26681 26684 490 559 488 558 0 1 67 64 11990 32 3
26684 26684 488 558 488 558 1 2 64 64 11988 21 0
26684 26686 488 558 490 558 2 1 64 62 -11990 32 2
26686 26686 490 558 490 558 1 0 62 62 -11988 21 0
26686 27496 490 558 490 558 0 0 62 62 0 810 0
27496 27498 490 558 488 558 0 1 62 60 12232 32 2
27498 27500 488 558 490 558 1 0 60 58 -12232 32 2
27500 27552 490 558 490 558 0 0 58 58 0 52 0
27552 27554 490 558 488 558 0 1 58 56 12247 32 2
27554 27557 488 558 491 558 1 0 56 53 -12247 32 3
27557 27899 491 558 491 558 0 0 53 53 0 342 0
27899 27902 491 558 488 558 0 1 53 50 12345 32 3
27902 27904 488 558 490 558 1 0 50 48 -12345 32 2
27904 27949 490 558 490 558 0 0 48 48 0 45 0
27949 27951 490 558 488 558 0 1 48 46 12357 32 2
27951 27952 488 558 488 559 1 0 46 45 -12357 32 1
27952 28349 488 559 488 559 0 0 45 45 0 397 0
28349 28350 488 559 488 558 0 1 45 44 12477 32 1
28350 28352 488 558 490 558 1 0 44 42 -12477 32 2
28352 30060 490 558 490 558 0 0 42 42 0 1708 0
30060 30062 490 558 488 558 0 1 42 40 12937 32 2
30062 30067 488 558 492 559 1 0 40 35 -12937 32 5
30067 33503 492 559 492 559 0 0 35 35 0 3436 0
33503 33508 492 559 488 558 0 1 35 30 13881 32 5
33508 33509 488 558 488 559 1 0 30 29 -13881 32 1
33509 35126 488 559 488 559 0 0 29 29 0 1617 0
35126 35127 488 559 488 558 0 1 29 28 14302 32 1
35127 35129 488 558 490 558 1 0 28 26 -14302 32 2
35129 35215 490 558 490 558 0 0 26 26 0 86 0
35215 35217 490 558 488 558 0 1 26 24 14323 32 2
35217 35217 488 558 488 558 1 2 24 24 14321 23 0
35217 35221 488 558 492 558 2 1 24 20 -14323 32 4
35221 35223 492 558 490 558 1 0 20 18 -14321 19 2
35223 35604 490 558 490 558 0 0 18 18 0 381 0
35604 35606 490 558 488 558 0 1 18 16 14430 32 2
35606 35607 488 558 489 558 1 0 16 15 -14430 32 1
35607 37021 489 558 489 558 0 0 15 15 0 1414 0
37021 37022 489 558 488 558 0 1 15 14 14787 32 1
37022 37024 488 558 488 558 1 1 14 14 0 2 0
37024 37026 488 558 489 559 1 0 14 12 -14787 32 2
37026 37280 489 559 489 559 0 0 12 12 0 254 0
37280 37282 489 559 488 558 0 1 12 10 14856 32 2
37282 37284 488 558 490 558 1 0 10 8 -14856 32 2
37284 40164 490 558 490 558 0 0 8 8 0 2880 0
40164 40166 490 558 488 558 0 1 8 6 15677 32 2
40166 40167 488 558 488 558 1 1 6 6 0 1 0
40167 40168 488 558 488 559 1 0 6 5 -15677 32 1
40168 40831 488 559 488 559 0 0 5 5 0 663 0
40831 40832 488 559 488 558 0 1 5 4 16049 32 1
40832 40834 488 558 488 560 1 0 4 2 -16049 32 2
40834 43265 488 560 488 560 0 0 2 2 0 2431 0
43265 43267 488 560 488 558 0 0 2 0 1000000000 0 2
--------------------------------------

-------------------------------------------------------------------------

TPs

-------------------------------------------------------------------------

----------------------
TP39 allocated to 1
----------------------

----------------------
TP300 allocated to 1
----------------------

----------------------
TP437 allocated to 1
----------------------

----------------------
TP523 allocated to 1
----------------------

----------------------
TP1515 allocated to 1
----------------------

----------------------
TP1544 allocated to 1
----------------------

----------------------
TP1756 allocated to 1
----------------------

----------------------
TP1848 allocated to 1
----------------------

----------------------
TP1860 allocated to 1
----------------------

----------------------
TP2173 allocated to 1
----------------------

----------------------
TP2309 allocated to 2
----------------------

----------------------
TP2777 allocated to 2
----------------------

----------------------
TP2993 allocated to 1
----------------------

----------------------
TP3116 allocated to 2
----------------------

----------------------
TP3657 allocated to 2
----------------------

----------------------
TP3739 allocated to 2
----------------------

----------------------
TP3905 allocated to 2
----------------------

----------------------
TP4118 allocated to 1
----------------------

----------------------
TP4144 allocated to 2
----------------------

----------------------
TP4346 allocated to 2
----------------------

----------------------
TP4618 allocated to 2
----------------------

----------------------
TP4634 allocated to 2
----------------------

----------------------
TP5978 allocated to 2
----------------------

----------------------
TP5986 allocated to 2
----------------------

----------------------
TP6383 allocated to 2
----------------------

----------------------
TP6450 allocated to 2
----------------------

----------------------
TP6483 allocated to 2
----------------------

----------------------
TP7331 allocated to 2
----------------------

----------------------
TP7534 allocated to 2
----------------------

----------------------
TP7605 allocated to 2
----------------------

----------------------
TP7639 allocated to 3
----------------------

----------------------
TP7820 allocated to 2
----------------------

----------------------
TP7882 allocated to 3
----------------------

----------------------
TP7955 allocated to 3
----------------------

----------------------
TP8597 allocated to 1
----------------------

----------------------
TP8634 allocated to 1
----------------------

----------------------
TP8635 allocated to 2
----------------------

----------------------
TP9268 allocated to 3
----------------------

----------------------
TP9536 allocated to 3
----------------------

----------------------
TP10112 allocated to 3
----------------------

----------------------
TP11516 allocated to 3
----------------------

----------------------
TP11988 allocated to 3
----------------------

----------------------
TP11990 allocated to 3
----------------------

----------------------
TP12232 allocated to 3
----------------------

----------------------
TP12247 allocated to 3
----------------------

----------------------
TP12345 allocated to 3
----------------------

----------------------
TP12357 allocated to 3
----------------------

----------------------
TP12477 allocated to 3
----------------------

----------------------
TP12937 allocated to 3
----------------------

----------------------
TP13881 allocated to 3
----------------------

----------------------
TP14270 allocated to 1
----------------------

----------------------
TP14302 allocated to 3
----------------------

----------------------
TP14321 allocated to 3
----------------------

----------------------
TP14323 allocated to 3
----------------------

----------------------
TP14430 allocated to 3
----------------------

----------------------
TP14787 allocated to 3
----------------------

----------------------
TP14856 allocated to 3
----------------------

----------------------
TP15024 allocated to 1
----------------------

----------------------
TP15397 not allocated
----------------------

----------------------
TP15677 allocated to 3
----------------------

----------------------
TP15686 allocated to 1
----------------------

----------------------
TP16049 allocated to 3
----------------------

----------------------
TP16247 not allocated
----------------------

----------------------
TP16299 not allocated
----------------------

----------------------
TP16306 not allocated
----------------------

----------------------
TP16640 not allocated
----------------------

----------------------
TP16756 not allocated
----------------------

----------------------
TP17202 not allocated
----------------------

----------------------
TP17772 not allocated
----------------------

----------------------
TP18304 not allocated
----------------------

----------------------
TP18504 not allocated
----------------------

----------------------
TP18747 not allocated
----------------------

----------------------
TP19256 allocated to 1
----------------------

----------------------
TP19743 allocated to 1
----------------------

----------------------
TP19822 not allocated
----------------------

----------------------
TP20017 not allocated
----------------------

----------------------
TP20069 not allocated
----------------------

----------------------
TP20854 not allocated
----------------------

----------------------
TP21143 allocated to 1
----------------------

----------------------
TP21459 not allocated
----------------------

----------------------
TP21816 not allocated
----------------------

----------------------
TP22108 not allocated
----------------------

----------------------
TP22130 not allocated
----------------------

----------------------
TP22451 not allocated
----------------------

----------------------
TP22499 not allocated
----------------------

----------------------
TP22548 allocated to 1
----------------------

----------------------
TP23462 not allocated
----------------------

----------------------
TP24070 not allocated
----------------------

----------------------
TP24462 not allocated
----------------------

----------------------
TP24486 not allocated
----------------------

----------------------
TP24743 not allocated
----------------------

----------------------
TP25384 not allocated
----------------------

----------------------
TP25534 not allocated
----------------------

----------------------
TP25552 allocated to 1
----------------------

----------------------
TP25886 not allocated
----------------------

----------------------
TP25970 not allocated
----------------------

----------------------
TP26048 allocated to 1
----------------------

----------------------
TP26384 not allocated
----------------------

----------------------
TP26724 not allocated
----------------------

----------------------
TP26764 not allocated
----------------------

----------------------
TP26814 not allocated
----------------------

----------------------
TP26935 allocated to 1
----------------------

----------------------
TP27204 not allocated
----------------------

----------------------
TP27434 not allocated
----------------------

----------------------
TP27599 not allocated
----------------------

----------------------
TP27685 not allocated
----------------------

----------------------
TP27719 allocated to 1
----------------------

----------------------
TP27724 not allocated
----------------------

----------------------
TP27869 not allocated
----------------------

----------------------
TP27959 not allocated
----------------------

----------------------
TP28087 allocated to 1
----------------------

----------------------
TP28578 not allocated
----------------------

----------------------
TP28636 not allocated
----------------------

----------------------
TP28690 not allocated
----------------------

----------------------
TP28991 not allocated
----------------------

----------------------
TP29107 not allocated
----------------------

----------------------
TP29416 not allocated
----------------------

----------------------
TP29647 not allocated
----------------------

----------------------
TP30222 allocated to 1
----------------------

----------------------
TP30540 not allocated
----------------------

----------------------
TP30796 allocated to 1
----------------------

----------------------
TP30982 allocated to 1
----------------------

----------------------
TP31026 not allocated
----------------------

----------------------
TP31374 allocated to 1
----------------------

----------------------
TP31508 not allocated
----------------------

----------------------
TP31546 not allocated
----------------------

----------------------
TP32062 not allocated
----------------------

----------------------
TP32181 not allocated
----------------------

----------------------
TP32430 not allocated
----------------------

----------------------
TP32460 not allocated
----------------------

----------------------
TP32519 not allocated
----------------------

----------------------
TP32668 allocated to 1
----------------------

----------------------
TP33044 not allocated
----------------------

----------------------
TP33137 allocated to 1
----------------------

----------------------
TP33166 not allocated
----------------------

----------------------
TP33279 not allocated
----------------------

----------------------
TP33326 not allocated
----------------------

----------------------
TP33340 not allocated
----------------------

----------------------
TP33559 not allocated
----------------------

----------------------
TP33656 not allocated
----------------------

----------------------
TP33844 not allocated
----------------------

----------------------
TP33884 not allocated
----------------------

----------------------
TP34029 not allocated
----------------------

----------------------
TP34224 not allocated
----------------------

----------------------
TP34371 not allocated
----------------------

----------------------
TP34573 not allocated
----------------------

----------------------
TP34685 not allocated
----------------------

----------------------
TP35139 not allocated
----------------------

----------------------
TP35220 not allocated
----------------------

----------------------
TP35291 not allocated
----------------------

----------------------
TP35351 not allocated
----------------------

----------------------
TP36363 not allocated
----------------------

----------------------
TP36380 not allocated
----------------------

----------------------
TP36631 not allocated
----------------------

----------------------
TP36689 not allocated
----------------------

----------------------
TP36927 not allocated
----------------------

----------------------
TP37204 not allocated
----------------------

----------------------
TP37269 not allocated
----------------------

----------------------
TP37708 allocated to 2
----------------------

----------------------
TP38626 not allocated
----------------------

----------------------
TP38706 not allocated
----------------------

----------------------
TP38821 not allocated
----------------------

----------------------
TP38861 not allocated
----------------------

----------------------
TP38901 not allocated
----------------------

----------------------
TP39105 allocated to 1
----------------------

----------------------
TP39219 allocated to 1
----------------------

----------------------
TP39627 not allocated
----------------------

----------------------
TP39843 not allocated
----------------------

----------------------
TP39898 not allocated
----------------------

----------------------
TP40034 not allocated
----------------------

----------------------
TP40875 not allocated
----------------------

----------------------
TP41141 not allocated
----------------------

----------------------
TP41292 not allocated
----------------------

----------------------
TP41748 not allocated
----------------------

----------------------
TP41809 not allocated
----------------------

----------------------
TP41888 not allocated
----------------------

----------------------
TP42358 not allocated
----------------------

----------------------
TP42881 not allocated
----------------------

----------------------
TP43041 not allocated
----------------------

----------------------
TP43433 not allocated
----------------------

----------------------
TP43521 not allocated
----------------------

----------------------
TP43884 not allocated
----------------------

----------------------
TP44128 not allocated
----------------------

----------------------
TP44412 not allocated
----------------------

----------------------
TP45576 allocated to 1
----------------------

----------------------
TP46106 not allocated
----------------------

----------------------
TP46244 not allocated
----------------------

----------------------
TP46681 not allocated
----------------------

----------------------
TP46736 not allocated
----------------------

----------------------
TP47272 allocated to 1
----------------------

----------------------
TP47325 not allocated
----------------------

----------------------
TP47566 not allocated
----------------------

----------------------
TP47875 not allocated
----------------------

----------------------
TP48311 not allocated
----------------------

----------------------
TP48687 not allocated
----------------------

----------------------
TP48799 not allocated
----------------------

----------------------
TP48901 not allocated
----------------------

----------------------
TP49522 allocated to 1
----------------------

----------------------
TP49673 not allocated
----------------------

----------------------
TP49779 not allocated
----------------------

-------------------------------------------------------------------------

Ride-sharing vs Individual Mode - Num Vehicles and Distance Comparisson 

-------------------------------------------------------------------------
Individual Mode = 200 vehicles.
Ride-sharing Mode = 121 vehicles. The 3 ride-sharing vehicles + 118 vehicles of the individuals not served by the ride-sharing service.
-------------------------------------------------------------------------
Individual Mode = 466 distance.
Ride-sharing Mode = 609 distance. 300 from the EV fleet + 309 from the distance of the trips not covered individuals had to do with their own vehicle.
-------------------------------------------------------------------------
