-------------------------------------------------------------------------
TPs satisfied = 173; Total TPs = 173; Percentage Satisfied + 100.0%
-------------------------------------------------------------------------

-------------------------------------------------------------------------

EVs

-------------------------------------------------------------------------
--------------------------------------
EV1
--------------------------------------
Num TPs served = 1
TPs served = 34
Total energy used = 0
--------------------------------------
Schedule:
0 86 915 868 915 868 0 0 100 100 0 86 0
86 86 915 868 915 868 0 1 100 100 34 32 0
86 87 915 868 915 868 1 1 100 100 0 1 0
87 87 915 868 915 868 1 0 100 100 -34 32 0
87 43267 915 868 915 868 0 0 100 100 1000000000 43180 0
--------------------------------------
--------------------------------------
EV2
--------------------------------------
Num TPs served = 49
TPs served = 415 1044 1355 2184 2188 2700 3035 3232 3288 3420 4112 4374 4427 5266 5826 6012 6045 6060 6203 6894 7544 7792 7850 7899 8259 9052 9077 9408 12187 14192 18032 19135 21391 22288 22950 23092 24710 25681 26105 26588 27272 27308 34620 37859 38616 38750 39757 40655 44961
Total energy used = 100
--------------------------------------
Schedule:
0 761 915 868 915 868 0 0 100 100 0 761 0
761 761 915 868 915 868 0 1 100 100 415 32 0
761 762 915 868 915 869 1 0 100 99 -415 32 1
762 1833 915 869 915 869 0 0 99 99 0 1071 0
1833 1834 915 869 915 868 0 1 99 98 1044 32 1
1834 1836 915 868 917 868 1 0 98 96 -1044 32 2
1836 1909 917 868 917 868 0 0 96 96 0 73 0
1909 1911 917 868 915 868 0 1 96 94 18032 32 2
1911 1913 915 868 915 868 1 1 94 94 0 2 0
1913 1913 915 868 915 868 1 0 94 94 -18032 32 0
1913 2379 915 868 915 868 0 0 94 94 0 466 0
2379 2379 915 868 915 868 0 1 94 94 1355 32 0
2379 2380 915 868 915 868 1 1 94 94 0 1 0
2380 2381 915 868 915 869 1 0 94 93 -1355 32 1
2381 3863 915 869 915 869 0 0 93 93 0 1482 0
3863 3864 915 869 915 868 0 1 93 92 2188 32 1
3864 3864 915 868 915 868 1 2 92 92 2184 27 0
3864 3869 915 868 917 871 2 1 92 87 -2188 32 5
3869 3872 917 871 917 868 1 0 87 84 -2184 21 3
3872 4793 917 868 917 868 0 0 84 84 0 921 0
4793 4795 917 868 915 868 0 1 84 82 2700 32 2
4795 4798 915 868 917 869 1 0 82 79 -2700 32 3
4798 5433 917 869 917 869 0 0 79 79 0 635 0
5433 5436 917 869 915 868 0 1 79 76 19135 32 3
5436 5436 915 868 915 868 1 2 76 76 3035 12 0
5436 5437 915 868 916 868 2 1 76 75 -19135 32 1
5437 5437 916 868 916 868 1 0 75 75 -3035 12 0
5437 5755 916 868 916 868 0 0 75 75 0 318 0
5755 5756 916 868 915 868 0 1 75 74 3232 32 1
5756 5758 915 868 917 868 1 0 74 72 -3232 32 2
5758 5863 917 868 917 868 0 0 72 72 0 105 0
5863 5865 917 868 915 868 0 1 72 70 3288 32 2
5865 5867 915 868 916 869 1 0 70 68 -3288 32 2
5867 6089 916 869 916 869 0 0 68 68 0 222 0
6089 6091 916 869 915 868 0 1 68 66 3420 32 2
6091 6092 915 868 915 868 1 1 66 66 0 1 0
6092 6092 915 868 915 868 1 0 66 66 -3420 32 0
6092 7400 915 868 915 868 0 0 66 66 0 1308 0
7400 7400 915 868 915 868 0 1 66 66 4112 32 0
7400 7403 915 868 918 868 1 0 66 63 -4112 32 3
7403 7881 918 868 918 868 0 0 63 63 0 478 0
7881 7884 918 868 915 868 0 1 63 60 37859 32 3
7884 7884 915 868 915 868 1 2 60 60 4374 12 0
7884 7885 915 868 915 868 2 2 60 60 0 1 0
7885 7886 915 868 916 868 2 1 60 59 -37859 32 1
7886 7886 916 868 916 868 1 0 59 59 -4374 13 0
7886 7967 916 868 916 868 0 0 59 59 0 81 0
7967 7968 916 868 915 868 0 1 59 58 4427 32 1
7968 7970 915 868 917 868 1 0 58 56 -4427 32 2
7970 9567 917 868 917 868 0 0 56 56 0 1597 0
9567 9569 917 868 915 868 0 1 56 54 5266 32 2
9569 9573 915 868 919 868 1 0 54 50 -5266 32 4
9573 9932 919 868 919 868 0 0 50 50 0 359 0
9932 9936 919 868 915 868 0 1 50 46 38616 32 4
9936 9937 915 868 915 868 1 1 46 46 0 1 0
9937 9937 915 868 915 868 1 0 46 46 -38616 32 0
9937 10288 915 868 915 868 0 0 46 46 0 351 0
10288 10288 915 868 915 868 0 1 46 46 38750 32 0
10288 10290 915 868 915 868 1 1 46 46 0 2 0
10290 10290 915 868 915 868 1 0 46 46 -38750 32 0
10290 10658 915 868 915 868 0 0 46 46 0 368 0
10658 10658 915 868 915 868 0 1 46 46 5826 32 0
10658 10660 915 868 917 868 1 0 46 44 -5826 32 2
10660 11003 917 868 917 868 0 0 44 44 0 343 0
11003 11005 917 868 915 868 0 1 44 42 6012 32 2
11005 11007 915 868 917 868 1 0 42 40 -6012 32 2
11007 11100 917 868 917 868 0 0 40 40 0 93 0
11100 11102 917 868 915 868 0 1 40 38 6060 32 2
11102 11102 915 868 915 868 1 2 38 38 6045 5 0
11102 11103 915 868 915 868 2 2 38 38 0 1 0
11103 11103 915 868 915 868 2 1 38 38 -6060 32 0
11103 11105 915 868 917 868 1 0 38 36 -6045 4 2
11105 11380 917 868 917 868 0 0 36 36 0 275 0
11380 11382 917 868 915 868 0 1 36 34 6203 32 2
11382 11384 915 868 917 868 1 0 34 32 -6203 32 2
11384 11822 917 868 917 868 0 0 32 32 0 438 0
11822 11824 917 868 915 868 0 1 32 30 21391 32 2
11824 11825 915 868 915 868 1 1 30 30 0 1 0
11825 11825 915 868 915 868 1 0 30 30 -21391 32 0
11825 12752 915 868 915 868 0 0 30 30 0 927 0
12752 12752 915 868 915 868 0 1 30 30 39757 32 0
12752 12774 915 868 915 868 1 1 30 30 0 22 0
12774 12774 915 868 915 868 1 2 30 30 6894 32 0
12774 12775 915 868 916 868 2 1 30 29 -39757 11 1
12775 12776 916 868 916 868 1 1 29 29 0 1 0
12776 12776 916 868 916 868 1 0 29 29 -6894 32 0
12776 14189 916 868 916 868 0 0 29 29 0 1413 0
14189 14190 916 868 915 868 0 1 29 28 22288 32 1
14190 14191 915 868 915 868 1 1 28 28 0 1 0
14191 14191 915 868 915 868 1 0 28 28 -22288 32 0
14191 14199 915 868 915 868 0 0 28 28 0 8 0
14199 14199 915 868 915 868 0 1 28 28 7544 32 0
14199 14201 915 868 915 868 1 1 28 28 0 2 0
14201 14205 915 868 915 872 1 0 28 24 -7544 32 4
14205 14747 915 872 915 872 0 0 24 24 0 542 0
14747 14751 915 872 915 868 0 1 24 20 7792 32 4
14751 14752 915 868 915 869 1 0 20 19 -7792 32 1
14752 14885 915 869 915 869 0 0 19 19 0 133 0
14885 14886 915 869 915 868 0 1 19 18 7850 32 1
14886 14887 915 868 915 868 1 1 18 18 0 1 0
14887 14890 915 868 917 869 1 0 18 15 -7850 32 3
14890 14973 917 869 917 869 0 0 15 15 0 83 0
14973 14976 917 869 915 868 0 1 15 12 7899 32 3
14976 14977 915 868 915 869 1 0 12 11 -7899 32 1
14977 15088 915 869 915 869 0 0 11 11 0 111 0
15088 15089 915 869 915 868 0 1 11 10 40655 32 1
15089 15091 915 868 915 868 1 1 10 10 0 2 0
15091 15091 915 868 915 868 1 0 10 10 -40655 32 0
15091 15852 915 868 915 868 0 0 10 10 0 761 0
15852 15852 915 868 915 868 0 1 10 10 22950 32 0
15852 15852 915 868 915 868 1 2 10 10 8259 21 0
15852 15853 915 868 915 868 2 2 10 10 0 1 0
15853 15853 915 868 915 868 2 1 10 10 -22950 32 0
15853 15856 915 868 918 868 1 0 10 7 -8259 21 3
15856 16208 918 868 918 868 0 0 7 7 0 352 0
16208 16211 918 868 915 868 0 1 7 4 23092 32 3
16211 16213 915 868 915 868 1 1 4 4 0 2 0
16213 16213 915 868 915 868 1 0 4 4 -23092 32 0
16213 17771 915 868 915 868 0 0 4 4 0 1558 0
17771 17771 915 868 915 868 0 1 4 4 9052 32 0
17771 17772 915 868 915 868 1 1 4 4 0 1 0
17772 17773 915 868 916 868 1 0 4 3 -9052 32 1
17773 17837 916 868 916 868 0 0 3 3 0 64 0
17837 17838 916 868 915 868 0 1 3 2 9077 32 1
17838 17840 915 868 915 868 1 1 2 2 0 2 0
17840 17841 915 868 916 868 1 0 2 1 -9077 32 1
17841 18793 916 868 916 868 0 0 1 1 0 952 0
18793 18794 916 868 915 868 0 1 1 0 9408 32 1
18794 18799 915 868 915 868 1 1 0 0 0 5 0
18799 18799 915 868 915 868 1 0 0 0 -9408 32 0
18799 19851 915 868 915 868 0 0 0 0 0 1052 0
19851 19851 915 868 915 868 0 1 0 0 24710 32 0
19851 19853 915 868 915 868 1 1 0 0 0 2 0
19853 19853 915 868 915 868 1 0 0 0 -24710 32 0
19853 21990 915 868 915 868 0 0 0 0 0 2137 0
21990 21990 915 868 915 868 0 1 0 0 25681 32 0
21990 21994 915 868 915 868 1 1 0 0 0 4 0
21994 21994 915 868 915 868 1 0 0 0 -25681 32 0
21994 22863 915 868 915 868 0 0 0 0 0 869 0
22863 22863 915 868 915 868 0 1 0 0 26105 32 0
22863 22865 915 868 915 868 1 1 0 0 0 2 0
22865 22865 915 868 915 868 1 0 0 0 -26105 32 0
22865 23826 915 868 915 868 0 0 0 0 0 961 0
23826 23826 915 868 915 868 0 1 0 0 26588 32 0
23826 23828 915 868 915 868 1 1 0 0 0 2 0
23828 23828 915 868 915 868 1 0 0 0 -26588 32 0
23828 23959 915 868 915 868 0 0 0 0 0 131 0
23959 23959 915 868 915 868 0 1 0 0 44961 32 0
23959 23961 915 868 915 868 1 1 0 0 0 2 0
23961 23961 915 868 915 868 1 0 0 0 -44961 32 0
23961 25142 915 868 915 868 0 0 0 0 0 1181 0
25142 25142 915 868 915 868 0 1 0 0 27272 32 0
25142 25143 915 868 915 868 1 1 0 0 0 1 0
25143 25143 915 868 915 868 1 0 0 0 -27272 32 0
25143 25204 915 868 915 868 0 0 0 0 0 61 0
25204 25204 915 868 915 868 0 1 0 0 27308 32 0
25204 25206 915 868 915 868 1 1 0 0 0 2 0
25206 25206 915 868 915 868 1 0 0 0 -27308 32 0
25206 27337 915 868 915 868 0 0 0 0 0 2131 0
27337 27337 915 868 915 868 0 1 0 0 12187 32 0
27337 27338 915 868 915 868 1 1 0 0 0 1 0
27338 27338 915 868 915 868 1 0 0 0 -12187 32 0
27338 34698 915 868 915 868 0 0 0 0 0 7360 0
34698 34698 915 868 915 868 0 1 0 0 14192 32 0
34698 34699 915 868 915 868 1 1 0 0 0 1 0
34699 34699 915 868 915 868 1 0 0 0 -14192 32 0
34699 41594 915 868 915 868 0 0 0 0 0 6895 0
41594 41594 915 868 915 868 0 1 0 0 34620 32 0
41594 41595 915 868 915 868 1 1 0 0 0 1 0
41595 41595 915 868 915 868 1 0 0 0 -34620 32 0
41595 43267 915 868 915 868 0 0 0 0 0 1672 0
43267 43267 915 868 915 868 0 0 0 0 1000000000 0 0
--------------------------------------
--------------------------------------
EV3
--------------------------------------
Num TPs served = 17
TPs served = 8289 8548 8858 9544 9776 9825 9903 10485 10552 10779 10861 11027 12054 12143 12433 12679 43907
Total energy used = 100
--------------------------------------
Schedule:
0 15911 915 868 915 868 0 0 100 100 0 15911 0
15911 15911 915 868 915 868 0 1 100 100 8289 32 0
15911 15920 915 868 915 868 1 1 100 100 0 9 0
15920 15927 915 868 915 875 1 0 100 93 -8289 32 7
15927 16494 915 875 915 875 0 0 93 93 0 567 0
16494 16501 915 875 915 868 0 1 93 86 8548 32 7
16501 16505 915 868 915 868 1 1 86 86 0 4 0
16505 16508 915 868 915 871 1 0 86 83 -8548 32 3
16508 17277 915 871 915 871 0 0 83 83 0 769 0
17277 17280 915 871 915 868 0 1 83 80 8858 32 3
17280 17282 915 868 915 868 1 1 80 80 0 2 0
17282 17285 915 868 915 871 1 0 80 77 -8858 32 3
17285 19139 915 871 915 871 0 0 77 77 0 1854 0
19139 19142 915 871 915 868 0 1 77 74 9544 32 3
19142 19143 915 868 915 868 1 1 74 74 0 1 0
19143 19145 915 868 915 870 1 0 74 72 -9544 32 2
19145 19809 915 870 915 870 0 0 72 72 0 664 0
19809 19811 915 870 915 868 0 1 72 70 9776 32 2
19811 19817 915 868 919 870 1 0 70 64 -9776 32 6
19817 19958 919 870 919 870 0 0 64 64 0 141 0
19958 19964 919 870 915 868 0 1 64 58 9825 32 6
19964 19967 915 868 915 868 1 1 58 58 0 3 0
19967 19970 915 868 917 869 1 0 58 55 -9825 32 3
19970 20121 917 869 917 869 0 0 55 55 0 151 0
20121 20124 917 869 915 868 0 1 55 52 9903 32 3
20124 20126 915 868 916 869 1 0 52 50 -9903 32 2
20126 21793 916 869 916 869 0 0 50 50 0 1667 0
21793 21795 916 869 915 868 0 1 50 48 10485 32 2
21795 21797 915 868 915 870 1 0 48 46 -10485 32 2
21797 21953 915 870 915 870 0 0 46 46 0 156 0
21953 21955 915 870 915 868 0 1 46 44 10552 32 2
21955 21987 915 868 915 868 1 1 44 44 0 32 0
21987 21987 915 868 915 868 1 2 44 44 43907 32 0
21987 21988 915 868 916 868 2 1 44 43 -10552 1 1
21988 21990 916 868 916 868 1 1 43 43 0 2 0
21990 21990 916 868 916 868 1 0 43 43 -43907 32 0
21990 22662 916 868 916 868 0 0 43 43 0 672 0
22662 22663 916 868 915 868 0 1 43 42 10779 32 1
22663 22664 915 868 915 869 1 0 42 41 -10779 32 1
22664 22929 915 869 915 869 0 0 41 41 0 265 0
22929 22930 915 869 915 868 0 1 41 40 10861 32 1
22930 22931 915 868 915 868 1 1 40 40 0 1 0
22931 22932 915 868 915 869 1 0 40 39 -10861 32 1
22932 23448 915 869 915 869 0 0 39 39 0 516 0
23448 23449 915 869 915 868 0 1 39 38 11027 32 1
23449 23450 915 868 916 868 1 0 38 37 -11027 32 1
23450 26908 916 868 916 868 0 0 37 37 0 3458 0
26908 26909 916 868 915 868 0 1 37 36 12054 32 1
26909 26910 915 868 915 868 1 1 36 36 0 1 0
26910 26912 915 868 917 868 1 0 36 34 -12054 32 2
26912 27205 917 868 917 868 0 0 34 34 0 293 0
27205 27207 917 868 915 868 0 1 34 32 12143 32 2
27207 27209 915 868 915 868 1 1 32 32 0 2 0
27209 27213 915 868 917 870 1 0 32 28 -12143 32 4
27213 28198 917 870 917 870 0 0 28 28 0 985 0
28198 28202 917 870 915 868 0 1 28 24 12433 32 4
28202 28213 915 868 916 878 1 0 24 13 -12433 32 11
28213 29114 916 878 916 878 0 0 13 13 0 901 0
29114 29125 916 878 915 868 0 1 13 2 12679 32 11
29125 29126 915 868 916 868 1 0 2 1 -12679 32 1
29126 43266 916 868 916 868 0 0 1 1 0 14140 0
43266 43267 916 868 915 868 0 0 1 0 1000000000 0 1
--------------------------------------
--------------------------------------
EV4
--------------------------------------
Num TPs served = 18
TPs served = 12565 13114 13367 13834 14906 14965 15101 15177 15357 15628 15679 15787 15939 16569 17104 17116 17276 34987
Total energy used = 100
--------------------------------------
Schedule:
0 28682 915 868 915 868 0 0 100 100 0 28682 0
28682 28682 915 868 915 868 0 1 100 100 12565 32 0
28682 28684 915 868 917 868 1 0 100 98 -12565 32 2
28684 30715 917 868 917 868 0 0 98 98 0 2031 0
30715 30717 917 868 915 868 0 1 98 96 13114 32 2
30717 30720 915 868 918 868 1 0 96 93 -13114 32 3
30720 31574 918 868 918 868 0 0 93 93 0 854 0
31574 31577 918 868 915 868 0 1 93 90 13367 32 3
31577 31579 915 868 917 868 1 0 90 88 -13367 32 2
31579 33324 917 868 917 868 0 0 88 88 0 1745 0
33324 33326 917 868 915 868 0 1 88 86 13834 32 2
33326 33327 915 868 915 868 1 1 86 86 0 1 0
33327 33330 915 868 918 868 1 0 86 83 -13834 32 3
33330 37462 918 868 918 868 0 0 83 83 0 4132 0
37462 37465 918 868 915 868 0 1 83 80 14906 32 3
37465 37466 915 868 916 868 1 0 80 79 -14906 32 1
37466 37687 916 868 916 868 0 0 79 79 0 221 0
37687 37688 916 868 915 868 0 1 79 78 14965 32 1
37688 37693 915 868 915 868 1 1 78 78 0 5 0
37693 37698 915 868 916 872 1 0 78 73 -14965 32 5
37698 38193 916 872 916 872 0 0 73 73 0 495 0
38193 38198 916 872 915 868 0 1 73 68 15101 32 5
38198 38199 915 868 916 868 1 0 68 67 -15101 32 1
38199 38521 916 868 916 868 0 0 67 67 0 322 0
38521 38522 916 868 915 868 0 1 67 66 15177 32 1
38522 38524 915 868 915 868 1 1 66 66 0 2 0
38524 38526 915 868 917 868 1 0 66 64 -15177 32 2
38526 39216 917 868 917 868 0 0 64 64 0 690 0
39216 39218 917 868 915 868 0 1 64 62 15357 32 2
39218 39221 915 868 918 868 1 0 62 59 -15357 32 3
39221 40072 918 868 918 868 0 0 59 59 0 851 0
40072 40075 918 868 915 868 0 1 59 56 15628 32 3
40075 40080 915 868 919 869 1 0 56 51 -15628 32 5
40080 40164 919 869 919 869 0 0 51 51 0 84 0
40164 40169 919 869 915 868 0 1 51 46 15679 32 5
40169 40176 915 868 921 869 1 0 46 39 -15679 32 7
40176 40364 921 869 921 869 0 0 39 39 0 188 0
40364 40371 921 869 915 868 0 1 39 32 15787 32 7
40371 40373 915 868 916 869 1 0 32 30 -15787 32 2
40373 40624 916 869 916 869 0 0 30 30 0 251 0
40624 40626 916 869 915 868 0 1 30 28 15939 32 2
40626 40627 915 868 916 868 1 0 28 27 -15939 32 1
40627 41729 916 868 916 868 0 0 27 27 0 1102 0
41729 41730 916 868 915 868 0 1 27 26 16569 32 1
41730 41732 915 868 915 868 1 1 26 26 0 2 0
41732 41735 915 868 917 869 1 0 26 23 -16569 32 3
41735 42727 917 869 917 869 0 0 23 23 0 992 0
42727 42730 917 869 915 868 0 1 23 20 34987 32 3
42730 42730 915 868 915 868 1 2 20 20 17116 18 0
42730 42730 915 868 915 868 2 3 20 20 17104 3 0
42730 42735 915 868 920 868 3 2 20 15 -34987 32 5
42735 42738 920 868 921 870 2 1 15 12 -17116 18 3
42738 42739 921 870 920 870 1 0 12 11 -17104 1 1
42739 42960 920 870 920 870 0 0 11 11 0 221 0
42960 42967 920 870 915 868 0 1 11 4 17276 32 7
42967 42969 915 868 916 869 1 0 4 2 -17276 32 2
42969 43265 916 869 916 869 0 0 2 2 0 296 0
43265 43267 916 869 915 868 0 0 2 0 1000000000 0 2
--------------------------------------
--------------------------------------
EV5
--------------------------------------
Num TPs served = 20
TPs served = 17985 18454 18551 18634 19674 20034 20672 20781 20824 20950 21172 21385 21453 21668 21707 21937 22119 22246 22803 37573
Total energy used = 100
--------------------------------------
Schedule:
0 1766 915 868 915 868 0 0 100 100 0 1766 0
1766 1766 915 868 915 868 0 1 100 100 17985 32 0
1766 1767 915 868 916 868 1 0 100 99 -17985 32 1
1767 3247 916 868 916 868 0 0 99 99 0 1480 0
3247 3248 916 868 915 868 0 1 99 98 18454 32 1
3248 3250 915 868 915 870 1 0 98 96 -18454 32 2
3250 3565 915 870 915 870 0 0 96 96 0 315 0
3565 3567 915 870 915 868 0 1 96 94 18551 32 2
3567 3568 915 868 915 868 1 1 94 94 0 1 0
3568 3571 915 868 916 870 1 0 94 91 -18551 32 3
3571 3806 916 870 916 870 0 0 91 91 0 235 0
3806 3809 916 870 915 868 0 1 91 88 18634 32 3
3809 3810 915 868 915 868 1 1 88 88 0 1 0
3810 3826 915 868 919 880 1 0 88 72 -18634 32 16
3826 7073 919 880 919 880 0 0 72 72 0 3247 0
7073 7089 919 880 915 868 0 1 72 56 19674 32 16
7089 7110 915 868 915 868 1 1 56 56 0 21 0
7110 7110 915 868 915 868 1 2 56 56 37573 32 0
7110 7112 915 868 915 870 2 1 56 54 -37573 32 2
7112 7114 915 870 917 870 1 0 54 52 -19674 14 2
7114 8115 917 870 917 870 0 0 52 52 0 1001 0
8115 8119 917 870 915 868 0 1 52 48 20034 32 4
8119 8120 915 868 916 868 1 0 48 47 -20034 32 1
8120 9886 916 868 916 868 0 0 47 47 0 1766 0
9886 9887 916 868 915 868 0 1 47 46 20672 32 1
9887 9888 915 868 915 868 1 1 46 46 0 1 0
9888 9889 915 868 916 868 1 0 46 45 -20672 32 1
9889 10178 916 868 916 868 0 0 45 45 0 289 0
10178 10179 916 868 915 868 0 1 45 44 20781 32 1
10179 10180 915 868 916 868 1 0 44 43 -20781 32 1
10180 10309 916 868 916 868 0 0 43 43 0 129 0
10309 10310 916 868 915 868 0 1 43 42 20824 32 1
10310 10311 915 868 915 868 1 1 42 42 0 1 0
10311 10312 915 868 916 868 1 0 42 41 -20824 32 1
10312 10625 916 868 916 868 0 0 41 41 0 313 0
10625 10626 916 868 915 868 0 1 41 40 20950 32 1
10626 10627 915 868 915 868 1 1 40 40 0 1 0
10627 10629 915 868 915 870 1 0 40 38 -20950 32 2
10629 11209 915 870 915 870 0 0 38 38 0 580 0
11209 11211 915 870 915 868 0 1 38 36 21172 32 2
11211 11212 915 868 915 868 1 1 36 36 0 1 0
11212 11213 915 868 916 868 1 0 36 35 -21172 32 1
11213 11807 916 868 916 868 0 0 35 35 0 594 0
11807 11808 916 868 915 868 0 1 35 34 21385 32 1
11808 11810 915 868 917 868 1 0 34 32 -21385 32 2
11810 11968 917 868 917 868 0 0 32 32 0 158 0
11968 11970 917 868 915 868 0 1 32 30 21453 32 2
11970 11971 915 868 915 868 1 1 30 30 0 1 0
11971 11972 915 868 915 869 1 0 30 29 -21453 32 1
11972 12570 915 869 915 869 0 0 29 29 0 598 0
12570 12571 915 869 915 868 0 1 29 28 21668 32 1
12571 12572 915 868 916 868 1 0 28 27 -21668 32 1
12572 12705 916 868 916 868 0 0 27 27 0 133 0
12705 12706 916 868 915 868 0 1 27 26 21707 32 1
12706 12707 915 868 916 868 1 0 26 25 -21707 32 1
12707 13282 916 868 916 868 0 0 25 25 0 575 0
13282 13283 916 868 915 868 0 1 25 24 21937 32 1
13283 13289 915 868 920 869 1 0 24 18 -21937 32 6
13289 13772 920 869 920 869 0 0 18 18 0 483 0
13772 13778 920 869 915 868 0 1 18 12 22119 32 6
13778 13779 915 868 915 868 1 1 12 12 0 1 0
13779 13780 915 868 916 868 1 0 12 11 -22119 32 1
13780 14086 916 868 916 868 0 0 11 11 0 306 0
14086 14087 916 868 915 868 0 1 11 10 22246 32 1
14087 14088 915 868 916 868 1 0 10 9 -22246 32 1
14088 15501 916 868 916 868 0 0 9 9 0 1413 0
15501 15502 916 868 915 868 0 1 9 8 22803 32 1
15502 15506 915 868 919 868 1 0 8 4 -22803 32 4
15506 43263 919 868 919 868 0 0 4 4 0 27757 0
43263 43267 919 868 915 868 0 0 4 0 1000000000 0 4
--------------------------------------
--------------------------------------
EV6
--------------------------------------
Num TPs served = 25
TPs served = 23572 23588 23603 23819 23831 25478 26526 26553 26738 27087 27318 28059 28277 29444 30040 30070 30078 30385 30514 31745 32110 32123 32246 43682 48109
Total energy used = 100
--------------------------------------
Schedule:
0 17326 915 868 915 868 0 0 100 100 0 17326 0
17326 17326 915 868 915 868 0 1 100 100 23572 32 0
17326 17328 915 868 917 868 1 0 100 98 -23572 32 2
17328 17376 917 868 917 868 0 0 98 98 0 48 0
17376 17378 917 868 915 868 0 1 98 96 23588 32 2
17378 17379 915 868 916 868 1 0 96 95 -23588 32 1
17379 17414 916 868 916 868 0 0 95 95 0 35 0
17414 17415 916 868 915 868 0 1 95 94 23603 32 1
17415 17416 915 868 916 868 1 0 94 93 -23603 32 1
17416 17914 916 868 916 868 0 0 93 93 0 498 0
17914 17915 916 868 915 868 0 1 93 92 23831 32 1
17915 17915 915 868 915 868 1 2 92 92 23819 8 0
17915 17916 915 868 916 868 2 1 92 91 -23831 32 1
17916 17917 916 868 917 868 1 0 91 90 -23819 8 1
17917 21548 917 868 917 868 0 0 90 90 0 3631 0
21548 21550 917 868 915 868 0 1 90 88 43682 32 2
21550 21550 915 868 915 868 1 2 88 88 25478 29 0
21550 21551 915 868 915 868 2 2 88 88 0 1 0
21551 21552 915 868 916 868 2 1 88 87 -43682 32 1
21552 21554 916 868 918 868 1 0 87 85 -25478 28 2
21554 23688 918 868 918 868 0 0 85 85 0 2134 0
23688 23691 918 868 915 868 0 1 85 82 26526 32 3
23691 23698 915 868 919 871 1 0 82 75 -26526 32 7
23698 23748 919 871 919 871 0 0 75 75 0 50 0
23748 23755 919 871 915 868 0 1 75 68 26553 32 7
23755 23756 915 868 916 868 1 0 68 67 -26553 32 1
23756 24128 916 868 916 868 0 0 67 67 0 372 0
24128 24129 916 868 915 868 0 1 67 66 26738 32 1
24129 24132 915 868 915 868 1 1 66 66 0 3 0
24132 24137 915 868 920 868 1 0 66 61 -26738 32 5
24137 24810 920 868 920 868 0 0 61 61 0 673 0
24810 24815 920 868 915 868 0 1 61 56 27087 32 5
24815 24821 915 868 915 868 1 1 56 56 0 6 0
24821 24822 915 868 915 869 1 0 56 55 -27087 32 1
24822 25226 915 869 915 869 0 0 55 55 0 404 0
25226 25227 915 869 915 868 0 1 55 54 27318 32 1
25227 25228 915 868 915 868 1 1 54 54 0 1 0
25228 25229 915 868 916 868 1 0 54 53 -27318 32 1
25229 26628 916 868 916 868 0 0 53 53 0 1399 0
26628 26629 916 868 915 868 0 1 53 52 28059 32 1
26629 26631 915 868 917 868 1 0 52 50 -28059 32 2
26631 27069 917 868 917 868 0 0 50 50 0 438 0
27069 27071 917 868 915 868 0 1 50 48 28277 32 2
27071 27073 915 868 916 869 1 0 48 46 -28277 32 2
27073 29421 916 869 916 869 0 0 46 46 0 2348 0
29421 29423 916 869 915 868 0 1 46 44 48109 32 2
29423 29423 915 868 915 868 1 2 44 44 29444 14 0
29423 29424 915 868 916 868 2 1 44 43 -48109 32 1
29424 29425 916 868 916 869 1 0 43 42 -29444 14 1
29425 30550 916 869 916 869 0 0 42 42 0 1125 0
30550 30552 916 869 915 868 0 1 42 40 30040 32 2
30552 30554 915 868 917 868 1 0 40 38 -30040 32 2
30554 30624 917 868 917 868 0 0 38 38 0 70 0
30624 30626 917 868 915 868 0 1 38 36 30078 32 2
30626 30626 915 868 915 868 1 2 36 36 30070 8 0
30626 30627 915 868 915 869 2 1 36 35 -30078 32 1
30627 30630 915 869 917 868 1 0 35 32 -30070 8 3
30630 31236 917 868 917 868 0 0 32 32 0 606 0
31236 31238 917 868 915 868 0 1 32 30 30385 32 2
31238 31240 915 868 915 870 1 0 30 28 -30385 32 2
31240 31470 915 870 915 870 0 0 28 28 0 230 0
31470 31472 915 870 915 868 0 1 28 26 30514 32 2
31472 31473 915 868 916 868 1 0 26 25 -30514 32 1
31473 34171 916 868 916 868 0 0 25 25 0 2698 0
34171 34172 916 868 915 868 0 1 25 24 31745 32 1
34172 34173 915 868 916 868 1 0 24 23 -31745 32 1
34173 34957 916 868 916 868 0 0 23 23 0 784 0
34957 34958 916 868 915 868 0 1 23 22 32110 32 1
34958 34959 915 868 915 868 1 1 22 22 0 1 0
34959 34960 915 868 915 869 1 0 22 21 -32110 32 1
34960 34992 915 869 915 869 0 0 21 21 0 32 0
34992 34993 915 869 915 868 0 1 21 20 32123 32 1
34993 34995 915 868 915 868 1 1 20 20 0 2 0
34995 35000 915 868 920 868 1 0 20 15 -32123 32 5
35000 35321 920 868 920 868 0 0 15 15 0 321 0
35321 35326 920 868 915 868 0 1 15 10 32246 32 5
35326 35327 915 868 915 868 1 1 10 10 0 1 0
35327 35332 915 868 920 868 1 0 10 5 -32246 32 5
35332 43262 920 868 920 868 0 0 5 5 0 7930 0
43262 43267 920 868 915 868 0 0 5 0 1000000000 0 5
--------------------------------------
--------------------------------------
EV7
--------------------------------------
Num TPs served = 24
TPs served = 33335 33483 33810 33905 34801 36134 36416 37093 37114 37945 37995 38008 38132 38307 38341 39393 39556 40477 41513 41520 41645 42110 42490 43953
Total energy used = 100
--------------------------------------
Schedule:
0 2889 915 868 915 868 0 0 100 100 0 2889 0
2889 2889 915 868 915 868 0 1 100 100 36134 32 0
2889 2892 915 868 916 870 1 0 100 97 -36134 32 3
2892 3698 916 870 916 870 0 0 97 97 0 806 0
3698 3701 916 870 915 868 0 1 97 94 36416 32 3
3701 3702 915 868 915 868 1 1 94 94 0 1 0
3702 3705 915 868 917 869 1 0 94 91 -36416 32 3
3705 5696 917 869 917 869 0 0 91 91 0 1991 0
5696 5699 917 869 915 868 0 1 91 88 37093 32 3
5699 5700 915 868 916 868 1 0 88 87 -37093 32 1
5700 5765 916 868 916 868 0 0 87 87 0 65 0
5765 5766 916 868 915 868 0 1 87 86 37114 32 1
5766 5770 915 868 918 869 1 0 86 82 -37114 32 4
5770 8096 918 869 918 869 0 0 82 82 0 2326 0
8096 8100 918 869 915 868 0 1 82 78 37945 32 4
8100 8103 915 868 915 868 1 1 78 78 0 3 0
8103 8107 915 868 915 872 1 0 78 74 -37945 32 4
8107 8236 915 872 915 872 0 0 74 74 0 129 0
8236 8240 915 872 915 868 0 1 74 70 37995 32 4
8240 8241 915 868 915 868 1 1 70 70 0 1 0
8241 8244 915 868 915 871 1 0 70 67 -37995 32 3
8244 8292 915 871 915 871 0 0 67 67 0 48 0
8292 8295 915 871 915 868 0 1 67 64 38008 32 3
8295 8296 915 868 915 868 1 1 64 64 0 1 0
8296 8297 915 868 916 868 1 0 64 63 -38008 32 1
8297 8675 916 868 916 868 0 0 63 63 0 378 0
8675 8676 916 868 915 868 0 1 63 62 38132 32 1
8676 8677 915 868 915 869 1 0 62 61 -38132 32 1
8677 9117 915 869 915 869 0 0 61 61 0 440 0
9117 9118 915 869 915 868 0 1 61 60 38307 32 1
9118 9127 915 868 915 868 1 1 60 60 0 9 0
9127 9131 915 868 915 872 1 0 60 56 -38307 32 4
9131 9206 915 872 915 872 0 0 56 56 0 75 0
9206 9210 915 872 915 868 0 1 56 52 38341 32 4
9210 9216 915 868 921 868 1 0 52 46 -38341 32 6
9216 11801 921 868 921 868 0 0 46 46 0 2585 0
11801 11807 921 868 915 868 0 1 46 40 39393 32 6
11807 11809 915 868 915 868 1 1 40 40 0 2 0
11809 11812 915 868 918 868 1 0 40 37 -39393 32 3
11812 12243 918 868 918 868 0 0 37 37 0 431 0
12243 12246 918 868 915 868 0 1 37 34 39556 32 3
12246 12248 915 868 917 868 1 0 34 32 -39556 32 2
12248 14663 917 868 917 868 0 0 32 32 0 2415 0
14663 14665 917 868 915 868 0 1 32 30 40477 32 2
14665 14666 915 868 916 868 1 0 30 29 -40477 32 1
14666 17056 916 868 916 868 0 0 29 29 0 2390 0
17056 17057 916 868 915 868 0 1 29 28 41520 32 1
17057 17057 915 868 915 868 1 2 28 28 41513 18 0
17057 17058 915 868 916 868 2 1 28 27 -41520 32 1
17058 17058 916 868 916 868 1 0 27 27 -41513 18 0
17058 17352 916 868 916 868 0 0 27 27 0 294 0
17352 17353 916 868 915 868 0 1 27 26 41645 32 1
17353 17355 915 868 915 868 1 1 26 26 0 2 0
17355 17357 915 868 916 869 1 0 26 24 -41645 32 2
17357 18346 916 869 916 869 0 0 24 24 0 989 0
18346 18348 916 869 915 868 0 1 24 22 42110 32 2
18348 18349 915 868 915 868 1 1 22 22 0 1 0
18349 18351 915 868 916 869 1 0 22 20 -42110 32 2
18351 19144 916 869 916 869 0 0 20 20 0 793 0
19144 19146 916 869 915 868 0 1 20 18 42490 32 2
19146 19147 915 868 916 868 1 0 18 17 -42490 32 1
19147 22081 916 868 916 868 0 0 17 17 0 2934 0
22081 22082 916 868 915 868 0 1 17 16 43953 32 1
22082 22083 915 868 915 868 1 1 16 16 0 1 0
22083 22084 915 868 916 868 1 0 16 15 -43953 32 1
22084 38015 916 868 916 868 0 0 15 15 0 15931 0
38015 38016 916 868 915 868 0 1 15 14 33335 32 1
38016 38019 915 868 915 868 1 1 14 14 0 3 0
38019 38021 915 868 915 870 1 0 14 12 -33335 32 2
38021 38357 915 870 915 870 0 0 12 12 0 336 0
38357 38359 915 870 915 868 0 1 12 10 33483 32 2
38359 38362 915 868 915 868 1 1 10 10 0 3 0
38362 38364 915 868 915 870 1 0 10 8 -33483 32 2
38364 39316 915 870 915 870 0 0 8 8 0 952 0
39316 39318 915 870 915 868 0 1 8 6 33810 32 2
39318 39319 915 868 916 868 1 0 6 5 -33810 32 1
39319 39516 916 868 916 868 0 0 5 5 0 197 0
39516 39517 916 868 915 868 0 1 5 4 33905 32 1
39517 39518 915 868 916 868 1 0 4 3 -33905 32 1
39518 42137 916 868 916 868 0 0 3 3 0 2619 0
42137 42138 916 868 915 868 0 1 3 2 34801 32 1
42138 42139 915 868 916 868 1 0 2 1 -34801 32 1
42139 43266 916 868 916 868 0 0 1 1 0 1127 0
43266 43267 916 868 915 868 0 0 1 0 1000000000 0 1
--------------------------------------
--------------------------------------
EV8
--------------------------------------
Num TPs served = 15
TPs served = 42323 44105 44114 44430 44815 44877 45337 45745 47838 47930 47934 47996 48364 48612 48632
Total energy used = 100
--------------------------------------
Schedule:
0 18761 915 868 915 868 0 0 100 100 0 18761 0
18761 18761 915 868 915 868 0 1 100 100 42323 32 0
18761 18765 915 868 916 871 1 0 100 96 -42323 32 4
18765 22387 916 871 916 871 0 0 96 96 0 3622 0
22387 22391 916 871 915 868 0 1 96 92 44114 32 4
22391 22391 915 868 915 868 1 2 92 92 44105 5 0
22391 22393 915 868 915 868 2 2 92 92 0 2 0
22393 22394 915 868 916 868 2 1 92 91 -44114 32 1
22394 22395 916 868 917 868 1 0 91 90 -44105 3 1
22395 22991 917 868 917 868 0 0 90 90 0 596 0
22991 22993 917 868 915 868 0 1 90 88 44430 32 2
22993 22995 915 868 917 868 1 0 88 86 -44430 32 2
22995 23694 917 868 917 868 0 0 86 86 0 699 0
23694 23696 917 868 915 868 0 1 86 84 44815 32 2
23696 23702 915 868 921 868 1 0 84 78 -44815 32 6
23702 23798 921 868 921 868 0 0 78 78 0 96 0
23798 23804 921 868 915 868 0 1 78 72 44877 32 6
23804 23805 915 868 915 868 1 1 72 72 0 1 0
23805 23807 915 868 916 869 1 0 72 70 -44877 32 2
23807 24611 916 869 916 869 0 0 70 70 0 804 0
24611 24613 916 869 915 868 0 1 70 68 45337 32 2
24613 24615 915 868 915 870 1 0 68 66 -45337 32 2
24615 25316 915 870 915 870 0 0 66 66 0 701 0
25316 25318 915 870 915 868 0 1 66 64 45745 32 2
25318 25320 915 868 915 870 1 0 64 62 -45745 32 2
25320 28931 915 870 915 870 0 0 62 62 0 3611 0
28931 28933 915 870 915 868 0 1 62 60 47838 32 2
28933 28935 915 868 915 868 1 1 60 60 0 2 0
28935 28943 915 868 922 869 1 0 60 52 -47838 32 8
28943 29093 922 869 922 869 0 0 52 52 0 150 0
29093 29101 922 869 915 868 0 1 52 44 47934 32 8
29101 29101 915 868 915 868 1 2 44 44 47930 27 0
29101 29103 915 868 917 868 2 1 44 42 -47934 32 2
29103 29109 917 868 923 868 1 0 42 36 -47930 27 6
29109 29196 923 868 923 868 0 0 36 36 0 87 0
29196 29204 923 868 915 868 0 1 36 28 47996 32 8
29204 29205 915 868 915 868 1 1 28 28 0 1 0
29205 29206 915 868 916 868 1 0 28 27 -47996 32 1
29206 29895 916 868 916 868 0 0 27 27 0 689 0
29895 29896 916 868 915 868 0 1 27 26 48364 32 1
29896 29898 915 868 915 870 1 0 26 24 -48364 32 2
29898 30365 915 870 915 870 0 0 24 24 0 467 0
30365 30367 915 870 915 868 0 1 24 22 48632 32 2
30367 30367 915 868 915 868 1 2 22 22 48612 2 0
30367 30370 915 868 918 868 2 1 22 19 -48632 32 3
30370 30378 918 868 922 872 1 0 19 11 -48612 4 8
30378 43256 922 872 922 872 0 0 11 11 0 12878 0
43256 43267 922 872 915 868 0 0 11 0 1000000000 0 11
--------------------------------------
--------------------------------------
EV9
--------------------------------------
Num TPs served = 4
TPs served = 48669 49084 49920 49990
Total energy used = 66
--------------------------------------
Schedule:
0 30434 915 868 915 868 0 0 100 100 0 30434 0
30434 30434 915 868 915 868 0 1 100 100 48669 32 0
30434 30435 915 868 916 868 1 0 100 99 -48669 32 1
30435 31164 916 868 916 868 0 0 99 99 0 729 0
31164 31165 916 868 915 868 0 1 99 98 49084 32 1
31165 31168 915 868 918 868 1 0 98 95 -49084 32 3
31168 32612 918 868 918 868 0 0 95 95 0 1444 0
32612 32615 918 868 915 868 0 1 95 92 49920 32 3
32615 32617 915 868 915 868 1 1 92 92 0 2 0
32617 32643 915 868 937 872 1 0 92 66 -49920 32 26
32643 32717 937 872 937 872 0 0 66 66 0 74 0
32717 32743 937 872 915 868 0 1 66 40 49990 32 26
32743 32746 915 868 918 868 1 0 40 37 -49990 32 3
32746 43264 918 868 918 868 0 0 37 37 0 10518 0
43264 43267 918 868 915 868 0 0 37 34 1000000000 0 3
--------------------------------------
--------------------------------------
EV10
--------------------------------------
Num TPs served = 0
TPs served = 
Total energy used = 0
--------------------------------------
Schedule:
0 43265 915 868 915 868 0 0 100 100 0 43265 0
43265 43266 915 868 915 868 0 0 100 100 0 0 0
43266 43267 915 868 915 868 0 0 100 100 0 0 0
--------------------------------------

-------------------------------------------------------------------------

TPs

-------------------------------------------------------------------------

----------------------
TP34 allocated to 1
----------------------

----------------------
TP415 allocated to 2
----------------------

----------------------
TP1044 allocated to 2
----------------------

----------------------
TP1355 allocated to 2
----------------------

----------------------
TP2184 allocated to 2
----------------------

----------------------
TP2188 allocated to 2
----------------------

----------------------
TP2700 allocated to 2
----------------------

----------------------
TP3035 allocated to 2
----------------------

----------------------
TP3232 allocated to 2
----------------------

----------------------
TP3288 allocated to 2
----------------------

----------------------
TP3420 allocated to 2
----------------------

----------------------
TP4112 allocated to 2
----------------------

----------------------
TP4374 allocated to 2
----------------------

----------------------
TP4427 allocated to 2
----------------------

----------------------
TP5266 allocated to 2
----------------------

----------------------
TP5826 allocated to 2
----------------------

----------------------
TP6012 allocated to 2
----------------------

----------------------
TP6045 allocated to 2
----------------------

----------------------
TP6060 allocated to 2
----------------------

----------------------
TP6203 allocated to 2
----------------------

----------------------
TP6894 allocated to 2
----------------------

----------------------
TP7544 allocated to 2
----------------------

----------------------
TP7792 allocated to 2
----------------------

----------------------
TP7850 allocated to 2
----------------------

----------------------
TP7899 allocated to 2
----------------------

----------------------
TP8259 allocated to 2
----------------------

----------------------
TP8289 allocated to 3
----------------------

----------------------
TP8548 allocated to 3
----------------------

----------------------
TP8858 allocated to 3
----------------------

----------------------
TP9052 allocated to 2
----------------------

----------------------
TP9077 allocated to 2
----------------------

----------------------
TP9408 allocated to 2
----------------------

----------------------
TP9544 allocated to 3
----------------------

----------------------
TP9776 allocated to 3
----------------------

----------------------
TP9825 allocated to 3
----------------------

----------------------
TP9903 allocated to 3
----------------------

----------------------
TP10485 allocated to 3
----------------------

----------------------
TP10552 allocated to 3
----------------------

----------------------
TP10779 allocated to 3
----------------------

----------------------
TP10861 allocated to 3
----------------------

----------------------
TP11027 allocated to 3
----------------------

----------------------
TP12054 allocated to 3
----------------------

----------------------
TP12143 allocated to 3
----------------------

----------------------
TP12187 allocated to 2
----------------------

----------------------
TP12433 allocated to 3
----------------------

----------------------
TP12565 allocated to 4
----------------------

----------------------
TP12679 allocated to 3
----------------------

----------------------
TP13114 allocated to 4
----------------------

----------------------
TP13367 allocated to 4
----------------------

----------------------
TP13834 allocated to 4
----------------------

----------------------
TP14192 allocated to 2
----------------------

----------------------
TP14906 allocated to 4
----------------------

----------------------
TP14965 allocated to 4
----------------------

----------------------
TP15101 allocated to 4
----------------------

----------------------
TP15177 allocated to 4
----------------------

----------------------
TP15357 allocated to 4
----------------------

----------------------
TP15628 allocated to 4
----------------------

----------------------
TP15679 allocated to 4
----------------------

----------------------
TP15787 allocated to 4
----------------------

----------------------
TP15939 allocated to 4
----------------------

----------------------
TP16569 allocated to 4
----------------------

----------------------
TP17104 allocated to 4
----------------------

----------------------
TP17116 allocated to 4
----------------------

----------------------
TP17276 allocated to 4
----------------------

----------------------
TP17985 allocated to 5
----------------------

----------------------
TP18032 allocated to 2
----------------------

----------------------
TP18454 allocated to 5
----------------------

----------------------
TP18551 allocated to 5
----------------------

----------------------
TP18634 allocated to 5
----------------------

----------------------
TP19135 allocated to 2
----------------------

----------------------
TP19674 allocated to 5
----------------------

----------------------
TP20034 allocated to 5
----------------------

----------------------
TP20672 allocated to 5
----------------------

----------------------
TP20781 allocated to 5
----------------------

----------------------
TP20824 allocated to 5
----------------------

----------------------
TP20950 allocated to 5
----------------------

----------------------
TP21172 allocated to 5
----------------------

----------------------
TP21385 allocated to 5
----------------------

----------------------
TP21391 allocated to 2
----------------------

----------------------
TP21453 allocated to 5
----------------------

----------------------
TP21668 allocated to 5
----------------------

----------------------
TP21707 allocated to 5
----------------------

----------------------
TP21937 allocated to 5
----------------------

----------------------
TP22119 allocated to 5
----------------------

----------------------
TP22246 allocated to 5
----------------------

----------------------
TP22288 allocated to 2
----------------------

----------------------
TP22803 allocated to 5
----------------------

----------------------
TP22950 allocated to 2
----------------------

----------------------
TP23092 allocated to 2
----------------------

----------------------
TP23572 allocated to 6
----------------------

----------------------
TP23588 allocated to 6
----------------------

----------------------
TP23603 allocated to 6
----------------------

----------------------
TP23819 allocated to 6
----------------------

----------------------
TP23831 allocated to 6
----------------------

----------------------
TP24710 allocated to 2
----------------------

----------------------
TP25478 allocated to 6
----------------------

----------------------
TP25681 allocated to 2
----------------------

----------------------
TP26105 allocated to 2
----------------------

----------------------
TP26526 allocated to 6
----------------------

----------------------
TP26553 allocated to 6
----------------------

----------------------
TP26588 allocated to 2
----------------------

----------------------
TP26738 allocated to 6
----------------------

----------------------
TP27087 allocated to 6
----------------------

----------------------
TP27272 allocated to 2
----------------------

----------------------
TP27308 allocated to 2
----------------------

----------------------
TP27318 allocated to 6
----------------------

----------------------
TP28059 allocated to 6
----------------------

----------------------
TP28277 allocated to 6
----------------------

----------------------
TP29444 allocated to 6
----------------------

----------------------
TP30040 allocated to 6
----------------------

----------------------
TP30070 allocated to 6
----------------------

----------------------
TP30078 allocated to 6
----------------------

----------------------
TP30385 allocated to 6
----------------------

----------------------
TP30514 allocated to 6
----------------------

----------------------
TP31745 allocated to 6
----------------------

----------------------
TP32110 allocated to 6
----------------------

----------------------
TP32123 allocated to 6
----------------------

----------------------
TP32246 allocated to 6
----------------------

----------------------
TP33335 allocated to 7
----------------------

----------------------
TP33483 allocated to 7
----------------------

----------------------
TP33810 allocated to 7
----------------------

----------------------
TP33905 allocated to 7
----------------------

----------------------
TP34620 allocated to 2
----------------------

----------------------
TP34801 allocated to 7
----------------------

----------------------
TP34987 allocated to 4
----------------------

----------------------
TP36134 allocated to 7
----------------------

----------------------
TP36416 allocated to 7
----------------------

----------------------
TP37093 allocated to 7
----------------------

----------------------
TP37114 allocated to 7
----------------------

----------------------
TP37573 allocated to 5
----------------------

----------------------
TP37859 allocated to 2
----------------------

----------------------
TP37945 allocated to 7
----------------------

----------------------
TP37995 allocated to 7
----------------------

----------------------
TP38008 allocated to 7
----------------------

----------------------
TP38132 allocated to 7
----------------------

----------------------
TP38307 allocated to 7
----------------------

----------------------
TP38341 allocated to 7
----------------------

----------------------
TP38616 allocated to 2
----------------------

----------------------
TP38750 allocated to 2
----------------------

----------------------
TP39393 allocated to 7
----------------------

----------------------
TP39556 allocated to 7
----------------------

----------------------
TP39757 allocated to 2
----------------------

----------------------
TP40477 allocated to 7
----------------------

----------------------
TP40655 allocated to 2
----------------------

----------------------
TP41513 allocated to 7
----------------------

----------------------
TP41520 allocated to 7
----------------------

----------------------
TP41645 allocated to 7
----------------------

----------------------
TP42110 allocated to 7
----------------------

----------------------
TP42323 allocated to 8
----------------------

----------------------
TP42490 allocated to 7
----------------------

----------------------
TP43682 allocated to 6
----------------------

----------------------
TP43907 allocated to 3
----------------------

----------------------
TP43953 allocated to 7
----------------------

----------------------
TP44105 allocated to 8
----------------------

----------------------
TP44114 allocated to 8
----------------------

----------------------
TP44430 allocated to 8
----------------------

----------------------
TP44815 allocated to 8
----------------------

----------------------
TP44877 allocated to 8
----------------------

----------------------
TP44961 allocated to 2
----------------------

----------------------
TP45337 allocated to 8
----------------------

----------------------
TP45745 allocated to 8
----------------------

----------------------
TP47838 allocated to 8
----------------------

----------------------
TP47930 allocated to 8
----------------------

----------------------
TP47934 allocated to 8
----------------------

----------------------
TP47996 allocated to 8
----------------------

----------------------
TP48109 allocated to 6
----------------------

----------------------
TP48364 allocated to 8
----------------------

----------------------
TP48612 allocated to 8
----------------------

----------------------
TP48632 allocated to 8
----------------------

----------------------
TP48669 allocated to 9
----------------------

----------------------
TP49084 allocated to 9
----------------------

----------------------
TP49920 allocated to 9
----------------------

----------------------
TP49990 allocated to 9
----------------------

-------------------------------------------------------------------------

Ride-sharing vs Individual Mode - Num Vehicles and Distance Comparisson 

-------------------------------------------------------------------------
Individual Mode = 173 vehicles.
Ride-sharing Mode = 10 vehicles. The 10 ride-sharing vehicles + 0 vehicles of the individuals not served by the ride-sharing service.
-------------------------------------------------------------------------
Individual Mode = 413 distance.
Ride-sharing Mode = 766 distance. 766 from the EV fleet + 0 from the distance of the trips not covered individuals had to do with their own vehicle.
-------------------------------------------------------------------------
