-------------------------------------------------------------------------
TPs satisfied = 92; Total TPs = 193; Percentage Satisfied + 47.699999999999996%
-------------------------------------------------------------------------

-------------------------------------------------------------------------

EVs

-------------------------------------------------------------------------
--------------------------------------
EV1
--------------------------------------
Num TPs served = 44
TPs served = 454 799 1598 1697 1764 1963 2207 2213 2228 2932 3382 4150 4938 5038 5079 5283 5447 5477 5701 5869 5959 10804 14002 16926 17503 20642 21769 22324 26140 26957 29355 29419 29882 30976 31581 32028 34473 35152 39549 39973 41033 43858 43899 48305
Total energy used = 100
--------------------------------------
Schedule:
0 279 244 620 244 620 0 0 100 100 0 279 0
279 279 244 620 244 620 0 1 100 100 17503 32 0
279 280 244 620 244 620 1 1 100 100 0 1 0
280 280 244 620 244 620 1 0 100 100 -17503 32 0
280 825 244 620 244 620 0 0 100 100 0 545 0
825 825 244 620 244 620 0 1 100 100 454 32 0
825 828 244 620 247 620 1 0 100 97 -454 32 3
828 1424 247 620 247 620 0 0 97 97 0 596 0
1424 1427 247 620 244 620 0 1 97 94 799 32 3
1427 1429 244 620 244 620 1 1 94 94 0 2 0
1429 1435 244 620 249 621 1 0 94 88 -799 32 6
1435 2777 249 621 249 621 0 0 88 88 0 1342 0
2777 2783 249 621 244 620 0 1 88 82 1598 32 6
2783 2787 244 620 246 622 1 0 82 78 -1598 32 4
2787 2960 246 622 246 622 0 0 78 78 0 173 0
2960 2964 246 622 244 620 0 1 78 74 1697 32 4
2964 2965 244 620 244 620 1 1 74 74 0 1 0
2965 2965 244 620 244 620 1 0 74 74 -1697 32 0
2965 3081 244 620 244 620 0 0 74 74 0 116 0
3081 3081 244 620 244 620 0 1 74 74 1764 32 0
3081 3082 244 620 245 620 1 0 74 73 -1764 32 1
3082 3452 245 620 245 620 0 0 73 73 0 370 0
3452 3453 245 620 244 620 0 1 73 72 1963 32 1
3453 3455 244 620 244 620 1 1 72 72 0 2 0
3455 3459 244 620 246 622 1 0 72 68 -1963 32 4
3459 3909 246 622 246 622 0 0 68 68 0 450 0
3909 3913 246 622 244 620 0 1 68 64 2213 32 4
3913 3913 244 620 244 620 1 2 64 64 2207 20 0
3913 3916 244 620 245 622 2 1 64 61 -2213 32 3
3916 3920 245 622 248 623 1 0 61 57 -2207 21 4
3920 3936 248 623 248 623 0 0 57 57 0 16 0
3936 3943 248 623 244 620 0 1 57 50 2228 32 7
3943 3952 244 620 253 620 1 0 50 41 -2228 32 9
3952 5220 253 620 253 620 0 0 41 41 0 1268 0
5220 5229 253 620 244 620 0 1 41 32 2932 32 9
5229 5231 244 620 246 620 1 0 32 30 -2932 32 2
5231 6018 246 620 246 620 0 0 30 30 0 787 0
6018 6020 246 620 244 620 0 1 30 28 3382 32 2
6020 6021 244 620 245 620 1 0 28 27 -3382 32 1
6021 7467 245 620 245 620 0 0 27 27 0 1446 0
7467 7468 245 620 244 620 0 1 27 26 4150 32 1
7468 7469 244 620 244 620 1 1 26 26 0 1 0
7469 7469 244 620 244 620 1 0 26 26 -4150 32 0
7469 8963 244 620 244 620 0 0 26 26 0 1494 0
8963 8963 244 620 244 620 0 1 26 26 4938 32 0
8963 8966 244 620 247 620 1 0 26 23 -4938 32 3
8966 9130 247 620 247 620 0 0 23 23 0 164 0
9130 9133 247 620 244 620 0 1 23 20 5038 32 3
9133 9135 244 620 244 620 1 1 20 20 0 2 0
9135 9137 244 620 246 620 1 0 20 18 -5038 32 2
9137 9204 246 620 246 620 0 0 18 18 0 67 0
9204 9206 246 620 244 620 0 1 18 16 5079 32 2
9206 9208 244 620 244 620 1 1 16 16 0 2 0
9208 9210 244 620 246 620 1 0 16 14 -5079 32 2
9210 9599 246 620 246 620 0 0 14 14 0 389 0
9599 9601 246 620 244 620 0 1 14 12 5283 32 2
9601 9603 244 620 244 620 1 1 12 12 0 2 0
9603 9603 244 620 244 620 1 0 12 12 -5283 32 0
9603 9809 244 620 244 620 0 0 12 12 0 206 0
9809 9809 244 620 244 620 0 1 12 12 20642 32 0
9809 9810 244 620 244 620 1 1 12 12 0 1 0
9810 9810 244 620 244 620 1 0 12 12 -20642 32 0
9810 9905 244 620 244 620 0 0 12 12 0 95 0
9905 9905 244 620 244 620 0 1 12 12 5447 32 0
9905 9906 244 620 244 620 1 1 12 12 0 1 0
9906 9907 244 620 245 620 1 0 12 11 -5447 32 1
9907 9960 245 620 245 620 0 0 11 11 0 53 0
9960 9961 245 620 244 620 0 1 11 10 5477 32 1
9961 9962 244 620 244 620 1 1 10 10 0 1 0
9962 9962 244 620 244 620 1 0 10 10 -5477 32 0
9962 10421 244 620 244 620 0 0 10 10 0 459 0
10421 10421 244 620 244 620 0 1 10 10 5701 32 0
10421 10422 244 620 245 620 1 0 10 9 -5701 32 1
10422 10733 245 620 245 620 0 0 9 9 0 311 0
10733 10734 245 620 244 620 0 1 9 8 5869 32 1
10734 10735 244 620 244 620 1 1 8 8 0 1 0
10735 10738 244 620 246 621 1 0 8 5 -5869 32 3
10738 10901 246 621 246 621 0 0 5 5 0 163 0
10901 10904 246 621 244 620 0 1 5 2 5959 32 3
10904 10906 244 620 244 620 1 1 2 2 0 2 0
10906 10907 244 620 245 620 1 0 2 1 -5959 32 1
10907 12224 245 620 245 620 0 0 1 1 0 1317 0
12224 12225 245 620 244 620 0 1 1 0 39549 32 1
12225 12228 244 620 244 620 1 1 0 0 0 3 0
12228 12228 244 620 244 620 1 0 0 0 -39549 32 0
12228 12866 244 620 244 620 0 0 0 0 0 638 0
12866 12866 244 620 244 620 0 1 0 0 21769 32 0
12866 12868 244 620 244 620 1 1 0 0 0 2 0
12868 12868 244 620 244 620 1 0 0 0 -21769 32 0
12868 13348 244 620 244 620 0 0 0 0 0 480 0
13348 13348 244 620 244 620 0 1 0 0 39973 32 0
13348 13349 244 620 244 620 1 1 0 0 0 1 0
13349 13349 244 620 244 620 1 0 0 0 -39973 32 0
13349 14292 244 620 244 620 0 0 0 0 0 943 0
14292 14292 244 620 244 620 0 1 0 0 22324 32 0
14292 14293 244 620 244 620 1 1 0 0 0 1 0
14293 14293 244 620 244 620 1 0 0 0 -22324 32 0
14293 15946 244 620 244 620 0 0 0 0 0 1653 0
15946 15946 244 620 244 620 0 1 0 0 41033 32 0
15946 15948 244 620 244 620 1 1 0 0 0 2 0
15948 15948 244 620 244 620 1 0 0 0 -41033 32 0
15948 21888 244 620 244 620 0 0 0 0 0 5940 0
21888 21888 244 620 244 620 0 1 0 0 43858 32 0
21888 21889 244 620 244 620 1 1 0 0 0 1 0
21889 21889 244 620 244 620 1 0 0 0 -43858 32 0
21889 21971 244 620 244 620 0 0 0 0 0 82 0
21971 21971 244 620 244 620 0 1 0 0 43899 32 0
21971 21972 244 620 244 620 1 1 0 0 0 1 0
21972 21972 244 620 244 620 1 0 0 0 -43899 32 0
21972 22747 244 620 244 620 0 0 0 0 0 775 0
22747 22747 244 620 244 620 0 1 0 0 10804 32 0
22747 22748 244 620 244 620 1 1 0 0 0 1 0
22748 22748 244 620 244 620 1 0 0 0 -10804 32 0
22748 22934 244 620 244 620 0 0 0 0 0 186 0
22934 22934 244 620 244 620 0 1 0 0 26140 32 0
22934 22937 244 620 244 620 1 1 0 0 0 3 0
22937 22937 244 620 244 620 1 0 0 0 -26140 32 0
22937 24563 244 620 244 620 0 0 0 0 0 1626 0
24563 24563 244 620 244 620 0 1 0 0 26957 32 0
24563 24568 244 620 244 620 1 1 0 0 0 5 0
24568 24568 244 620 244 620 1 0 0 0 -26957 32 0
24568 29218 244 620 244 620 0 0 0 0 0 4650 0
29218 29218 244 620 244 620 0 1 0 0 29355 32 0
29218 29221 244 620 244 620 1 1 0 0 0 3 0
29221 29221 244 620 244 620 1 0 0 0 -29355 32 0
29221 29355 244 620 244 620 0 0 0 0 0 134 0
29355 29355 244 620 244 620 0 1 0 0 29419 32 0
29355 29358 244 620 244 620 1 1 0 0 0 3 0
29358 29358 244 620 244 620 1 0 0 0 -29419 32 0
29358 29792 244 620 244 620 0 0 0 0 0 434 0
29792 29792 244 620 244 620 0 1 0 0 48305 32 0
29792 29796 244 620 244 620 1 1 0 0 0 4 0
29796 29796 244 620 244 620 1 0 0 0 -48305 32 0
29796 30248 244 620 244 620 0 0 0 0 0 452 0
30248 30248 244 620 244 620 0 1 0 0 29882 32 0
30248 30251 244 620 244 620 1 1 0 0 0 3 0
30251 30251 244 620 244 620 1 0 0 0 -29882 32 0
30251 32442 244 620 244 620 0 0 0 0 0 2191 0
32442 32442 244 620 244 620 0 1 0 0 30976 32 0
32442 32444 244 620 244 620 1 1 0 0 0 2 0
32444 32444 244 620 244 620 1 0 0 0 -30976 32 0
32444 33796 244 620 244 620 0 0 0 0 0 1352 0
33796 33796 244 620 244 620 0 1 0 0 31581 32 0
33796 33799 244 620 244 620 1 1 0 0 0 3 0
33799 33799 244 620 244 620 1 0 0 0 -31581 32 0
33799 33982 244 620 244 620 0 0 0 0 0 183 0
33982 33982 244 620 244 620 0 1 0 0 14002 32 0
33982 33983 244 620 244 620 1 1 0 0 0 1 0
33983 33983 244 620 244 620 1 0 0 0 -14002 32 0
33983 34760 244 620 244 620 0 0 0 0 0 777 0
34760 34760 244 620 244 620 0 1 0 0 32028 32 0
34760 34761 244 620 244 620 1 1 0 0 0 1 0
34761 34761 244 620 244 620 1 0 0 0 -32028 32 0
34761 41165 244 620 244 620 0 0 0 0 0 6404 0
41165 41165 244 620 244 620 0 1 0 0 34473 32 0
41165 41167 244 620 244 620 1 1 0 0 0 2 0
41167 41167 244 620 244 620 1 0 0 0 -34473 32 0
41167 42365 244 620 244 620 0 0 0 0 0 1198 0
42365 42365 244 620 244 620 0 1 0 0 16926 32 0
42365 42367 244 620 244 620 1 1 0 0 0 2 0
42367 42367 244 620 244 620 1 0 0 0 -16926 32 0
42367 43218 244 620 244 620 0 0 0 0 0 851 0
43218 43218 244 620 244 620 0 1 0 0 35152 32 0
43218 43219 244 620 244 620 1 1 0 0 0 1 0
43219 43219 244 620 244 620 1 0 0 0 -35152 32 0
43219 43267 244 620 244 620 0 0 0 0 0 48 0
43267 43267 244 620 244 620 0 0 0 0 1000000000 0 0
--------------------------------------
--------------------------------------
EV2
--------------------------------------
Num TPs served = 22
TPs served = 6661 7070 7147 7250 7404 7788 8040 8811 8823 8904 9233 9236 9257 9639 10350 10768 10925 11380 11524 11954 12169 12243
Total energy used = 100
--------------------------------------
Schedule:
0 12291 244 620 244 620 0 0 100 100 0 12291 0
12291 12291 244 620 244 620 0 1 100 100 6661 32 0
12291 12298 244 620 251 620 1 0 100 93 -6661 32 7
12298 13148 251 620 251 620 0 0 93 93 0 850 0
13148 13155 251 620 244 620 0 1 93 86 7070 32 7
13155 13157 244 620 244 620 1 1 86 86 0 2 0
13157 13158 244 620 245 620 1 0 86 85 -7070 32 1
13158 13339 245 620 245 620 0 0 85 85 0 181 0
13339 13340 245 620 244 620 0 1 85 84 7147 32 1
13340 13343 244 620 247 620 1 0 84 81 -7147 32 3
13343 13580 247 620 247 620 0 0 81 81 0 237 0
13580 13583 247 620 244 620 0 1 81 78 7250 32 3
13583 13586 244 620 247 620 1 0 78 75 -7250 32 3
13586 13876 247 620 247 620 0 0 75 75 0 290 0
13876 13879 247 620 244 620 0 1 75 72 7404 32 3
13879 13881 244 620 244 620 1 1 72 72 0 2 0
13881 13886 244 620 248 621 1 0 72 67 -7404 32 5
13886 14732 248 621 248 621 0 0 67 67 0 846 0
14732 14737 248 621 244 620 0 1 67 62 7788 32 5
14737 14738 244 620 244 620 1 1 62 62 0 1 0
14738 14740 244 620 246 620 1 0 62 60 -7788 32 2
14740 15287 246 620 246 620 0 0 60 60 0 547 0
15287 15289 246 620 244 620 0 1 60 58 8040 32 2
15289 15291 244 620 244 622 1 0 58 56 -8040 32 2
15291 17180 244 622 244 622 0 0 56 56 0 1889 0
17180 17182 244 622 244 620 0 1 56 54 8823 32 2
17182 17182 244 620 244 620 1 2 54 54 8811 7 0
17182 17183 244 620 245 620 2 1 54 53 -8823 32 1
17183 17185 245 620 244 621 1 0 53 51 -8811 6 2
17185 17401 244 621 244 621 0 0 51 51 0 216 0
17401 17402 244 621 244 620 0 1 51 50 8904 32 1
17402 17403 244 620 244 620 1 1 50 50 0 1 0
17403 17405 244 620 246 620 1 0 50 48 -8904 32 2
17405 18294 246 620 246 620 0 0 48 48 0 889 0
18294 18296 246 620 244 620 0 1 48 46 9236 32 2
18296 18296 244 620 244 620 1 2 46 46 9233 27 0
18296 18297 244 620 244 620 2 2 46 46 0 1 0
18297 18298 244 620 245 620 2 1 46 45 -9236 32 1
18298 18299 245 620 246 620 1 0 45 44 -9233 26 1
18299 18358 246 620 246 620 0 0 44 44 0 59 0
18358 18360 246 620 244 620 0 1 44 42 9257 32 2
18360 18361 244 620 245 620 1 0 42 41 -9257 32 1
18361 19388 245 620 245 620 0 0 41 41 0 1027 0
19388 19389 245 620 244 620 0 1 41 40 9639 32 1
19389 19390 244 620 244 620 1 1 40 40 0 1 0
19390 19393 244 620 246 621 1 0 40 37 -9639 32 3
19393 21416 246 621 246 621 0 0 37 37 0 2023 0
21416 21419 246 621 244 620 0 1 37 34 10350 32 3
21419 21424 244 620 249 620 1 0 34 29 -10350 32 5
21424 22631 249 620 249 620 0 0 29 29 0 1207 0
22631 22636 249 620 244 620 0 1 29 24 10768 32 5
22636 22637 244 620 244 621 1 0 24 23 -10768 32 1
22637 23140 244 621 244 621 0 0 23 23 0 503 0
23140 23141 244 621 244 620 0 1 23 22 10925 32 1
23141 23142 244 620 245 620 1 0 22 21 -10925 32 1
23142 24576 245 620 245 620 0 0 21 21 0 1434 0
24576 24577 245 620 244 620 0 1 21 20 11380 32 1
24577 24581 244 620 247 621 1 0 20 16 -11380 32 4
24581 25062 247 621 247 621 0 0 16 16 0 481 0
25062 25066 247 621 244 620 0 1 16 12 11524 32 4
25066 25067 244 620 245 620 1 0 12 11 -11524 32 1
25067 26557 245 620 245 620 0 0 11 11 0 1490 0
26557 26558 245 620 244 620 0 1 11 10 11954 32 1
26558 26560 244 620 245 621 1 0 10 8 -11954 32 2
26560 27273 245 621 245 621 0 0 8 8 0 713 0
27273 27275 245 621 244 620 0 1 8 6 12169 32 2
27275 27276 244 620 244 620 1 1 6 6 0 1 0
27276 27278 244 620 244 622 1 0 6 4 -12169 32 2
27278 27535 244 622 244 622 0 0 4 4 0 257 0
27535 27537 244 622 244 620 0 1 4 2 12243 32 2
27537 27538 244 620 245 620 1 0 2 1 -12243 32 1
27538 43266 245 620 245 620 0 0 1 1 0 15728 0
43266 43267 245 620 244 620 0 0 1 0 1000000000 0 1
--------------------------------------
--------------------------------------
EV3
--------------------------------------
Num TPs served = 26
TPs served = 12653 13190 13278 13414 13779 13916 13999 14200 14236 14383 14486 14698 14833 14949 15122 15258 15711 15714 16132 16240 16467 17037 17209 17730 19525 32024
Total energy used = 100
--------------------------------------
Schedule:
0 966 244 620 244 620 0 0 100 100 0 966 0
966 966 244 620 244 620 0 1 100 100 17730 32 0
966 967 244 620 244 621 1 0 100 99 -17730 32 1
967 6652 244 621 244 621 0 0 99 99 0 5685 0
6652 6653 244 621 244 620 0 1 99 98 19525 32 1
6653 6654 244 620 244 621 1 0 98 97 -19525 32 1
6654 29014 244 621 244 621 0 0 97 97 0 22360 0
29014 29015 244 621 244 620 0 1 97 96 12653 32 1
29015 29018 244 620 247 620 1 0 96 93 -12653 32 3
29018 30938 247 620 247 620 0 0 93 93 0 1920 0
30938 30941 247 620 244 620 0 1 93 90 13190 32 3
30941 30944 244 620 245 622 1 0 90 87 -13190 32 3
30944 31231 245 622 245 622 0 0 87 87 0 287 0
31231 31234 245 622 244 620 0 1 87 84 13278 32 3
31234 31235 244 620 245 620 1 0 84 83 -13278 32 1
31235 31768 245 620 245 620 0 0 83 83 0 533 0
31768 31769 245 620 244 620 0 1 83 82 13414 32 1
31769 31771 244 620 246 620 1 0 82 80 -13414 32 2
31771 33126 246 620 246 620 0 0 80 80 0 1355 0
33126 33128 246 620 244 620 0 1 80 78 13779 32 2
33128 33130 244 620 245 621 1 0 78 76 -13779 32 2
33130 33636 245 621 245 621 0 0 76 76 0 506 0
33636 33638 245 621 244 620 0 1 76 74 13916 32 2
33638 33639 244 620 244 620 1 1 74 74 0 1 0
33639 33640 244 620 245 620 1 0 74 73 -13916 32 1
33640 33976 245 620 245 620 0 0 73 73 0 336 0
33976 33977 245 620 244 620 0 1 73 72 13999 32 1
33977 33980 244 620 246 621 1 0 72 69 -13999 32 3
33980 34753 246 621 246 621 0 0 69 69 0 773 0
34753 34756 246 621 244 620 0 1 69 66 32024 32 3
34756 34756 244 620 244 620 1 2 66 66 14200 10 0
34756 34757 244 620 245 620 2 1 66 65 -32024 32 1
34757 34759 245 620 245 622 1 0 65 63 -14200 10 2
34759 34884 245 622 245 622 0 0 63 63 0 125 0
34884 34887 245 622 244 620 0 1 63 60 14236 32 3
34887 34889 244 620 246 620 1 0 60 58 -14236 32 2
34889 35432 246 620 246 620 0 0 58 58 0 543 0
35432 35434 246 620 244 620 0 1 58 56 14383 32 2
35434 35437 244 620 244 620 1 1 56 56 0 3 0
35437 35441 244 620 247 621 1 0 56 52 -14383 32 4
35441 35794 247 621 247 621 0 0 52 52 0 353 0
35794 35798 247 621 244 620 0 1 52 48 14486 32 4
35798 35799 244 620 244 621 1 0 48 47 -14486 32 1
35799 36667 244 621 244 621 0 0 47 47 0 868 0
36667 36668 244 621 244 620 0 1 47 46 14698 32 1
36668 36670 244 620 246 620 1 0 46 44 -14698 32 2
36670 37176 246 620 246 620 0 0 44 44 0 506 0
37176 37178 246 620 244 620 0 1 44 42 14833 32 2
37178 37179 244 620 245 620 1 0 42 41 -14833 32 1
37179 37632 245 620 245 620 0 0 41 41 0 453 0
37632 37633 245 620 244 620 0 1 41 40 14949 32 1
37633 37636 244 620 244 623 1 0 40 37 -14949 32 3
37636 38296 244 623 244 623 0 0 37 37 0 660 0
38296 38299 244 623 244 620 0 1 37 34 15122 32 3
38299 38303 244 620 244 620 1 1 34 34 0 4 0
38303 38305 244 620 244 622 1 0 34 32 -15122 32 2
38305 38793 244 622 244 622 0 0 32 32 0 488 0
38793 38795 244 622 244 620 0 1 32 30 15258 32 2
38795 38796 244 620 244 621 1 0 30 29 -15258 32 1
38796 40230 244 621 244 621 0 0 29 29 0 1434 0
40230 40231 244 621 244 620 0 1 29 28 15714 32 1
40231 40231 244 620 244 620 1 2 28 28 15711 28 0
40231 40232 244 620 244 620 2 2 28 28 0 1 0
40232 40233 244 620 245 620 2 1 28 27 -15714 32 1
40233 40236 245 620 248 620 1 0 27 24 -15711 28 3
40236 41000 248 620 248 620 0 0 24 24 0 764 0
41000 41004 248 620 244 620 0 1 24 20 16132 32 4
41004 41008 244 620 247 621 1 0 20 16 -16132 32 4
41008 41176 247 621 247 621 0 0 16 16 0 168 0
41176 41180 247 621 244 620 0 1 16 12 16240 32 4
41180 41181 244 620 244 620 1 1 12 12 0 1 0
41181 41183 244 620 244 622 1 0 12 10 -16240 32 2
41183 41543 244 622 244 622 0 0 10 10 0 360 0
41543 41545 244 622 244 620 0 1 10 8 16467 32 2
41545 41546 244 620 244 620 1 1 8 8 0 1 0
41546 41547 244 620 245 620 1 0 8 7 -16467 32 1
41547 42579 245 620 245 620 0 0 7 7 0 1032 0
42579 42580 245 620 244 620 0 1 7 6 17037 32 1
42580 42581 244 620 245 620 1 0 6 5 -17037 32 1
42581 42855 245 620 245 620 0 0 5 5 0 274 0
42855 42856 245 620 244 620 0 1 5 4 17209 32 1
42856 42857 244 620 244 620 1 1 4 4 0 1 0
42857 42859 244 620 245 621 1 0 4 2 -17209 32 2
42859 43265 245 621 245 621 0 0 2 2 0 406 0
43265 43267 245 621 244 620 0 0 2 0 1000000000 0 2
--------------------------------------

-------------------------------------------------------------------------

TPs

-------------------------------------------------------------------------

----------------------
TP454 allocated to 1
----------------------

----------------------
TP799 allocated to 1
----------------------

----------------------
TP1598 allocated to 1
----------------------

----------------------
TP1697 allocated to 1
----------------------

----------------------
TP1764 allocated to 1
----------------------

----------------------
TP1963 allocated to 1
----------------------

----------------------
TP2207 allocated to 1
----------------------

----------------------
TP2213 allocated to 1
----------------------

----------------------
TP2228 allocated to 1
----------------------

----------------------
TP2932 allocated to 1
----------------------

----------------------
TP3382 allocated to 1
----------------------

----------------------
TP4150 allocated to 1
----------------------

----------------------
TP4938 allocated to 1
----------------------

----------------------
TP5038 allocated to 1
----------------------

----------------------
TP5079 allocated to 1
----------------------

----------------------
TP5283 allocated to 1
----------------------

----------------------
TP5447 allocated to 1
----------------------

----------------------
TP5477 allocated to 1
----------------------

----------------------
TP5701 allocated to 1
----------------------

----------------------
TP5869 allocated to 1
----------------------

----------------------
TP5959 allocated to 1
----------------------

----------------------
TP6661 allocated to 2
----------------------

----------------------
TP7070 allocated to 2
----------------------

----------------------
TP7147 allocated to 2
----------------------

----------------------
TP7250 allocated to 2
----------------------

----------------------
TP7404 allocated to 2
----------------------

----------------------
TP7788 allocated to 2
----------------------

----------------------
TP8040 allocated to 2
----------------------

----------------------
TP8811 allocated to 2
----------------------

----------------------
TP8823 allocated to 2
----------------------

----------------------
TP8904 allocated to 2
----------------------

----------------------
TP9233 allocated to 2
----------------------

----------------------
TP9236 allocated to 2
----------------------

----------------------
TP9257 allocated to 2
----------------------

----------------------
TP9639 allocated to 2
----------------------

----------------------
TP10350 allocated to 2
----------------------

----------------------
TP10768 allocated to 2
----------------------

----------------------
TP10804 allocated to 1
----------------------

----------------------
TP10925 allocated to 2
----------------------

----------------------
TP11380 allocated to 2
----------------------

----------------------
TP11524 allocated to 2
----------------------

----------------------
TP11954 allocated to 2
----------------------

----------------------
TP12169 allocated to 2
----------------------

----------------------
TP12243 allocated to 2
----------------------

----------------------
TP12653 allocated to 3
----------------------

----------------------
TP13190 allocated to 3
----------------------

----------------------
TP13278 allocated to 3
----------------------

----------------------
TP13414 allocated to 3
----------------------

----------------------
TP13779 allocated to 3
----------------------

----------------------
TP13916 allocated to 3
----------------------

----------------------
TP13999 allocated to 3
----------------------

----------------------
TP14002 allocated to 1
----------------------

----------------------
TP14200 allocated to 3
----------------------

----------------------
TP14236 allocated to 3
----------------------

----------------------
TP14383 allocated to 3
----------------------

----------------------
TP14486 allocated to 3
----------------------

----------------------
TP14698 allocated to 3
----------------------

----------------------
TP14833 allocated to 3
----------------------

----------------------
TP14949 allocated to 3
----------------------

----------------------
TP15122 allocated to 3
----------------------

----------------------
TP15258 allocated to 3
----------------------

----------------------
TP15711 allocated to 3
----------------------

----------------------
TP15714 allocated to 3
----------------------

----------------------
TP16132 allocated to 3
----------------------

----------------------
TP16240 allocated to 3
----------------------

----------------------
TP16467 allocated to 3
----------------------

----------------------
TP16926 allocated to 1
----------------------

----------------------
TP17037 allocated to 3
----------------------

----------------------
TP17209 allocated to 3
----------------------

----------------------
TP17503 allocated to 1
----------------------

----------------------
TP17730 allocated to 3
----------------------

----------------------
TP18083 not allocated
----------------------

----------------------
TP18211 not allocated
----------------------

----------------------
TP18436 not allocated
----------------------

----------------------
TP18467 not allocated
----------------------

----------------------
TP18870 not allocated
----------------------

----------------------
TP19183 not allocated
----------------------

----------------------
TP19245 not allocated
----------------------

----------------------
TP19495 not allocated
----------------------

----------------------
TP19525 allocated to 3
----------------------

----------------------
TP19838 not allocated
----------------------

----------------------
TP20603 not allocated
----------------------

----------------------
TP20642 allocated to 1
----------------------

----------------------
TP20893 not allocated
----------------------

----------------------
TP20930 not allocated
----------------------

----------------------
TP21165 not allocated
----------------------

----------------------
TP21482 not allocated
----------------------

----------------------
TP21539 not allocated
----------------------

----------------------
TP21769 allocated to 1
----------------------

----------------------
TP21840 not allocated
----------------------

----------------------
TP21845 not allocated
----------------------

----------------------
TP22249 not allocated
----------------------

----------------------
TP22324 allocated to 1
----------------------

----------------------
TP22579 not allocated
----------------------

----------------------
TP22630 not allocated
----------------------

----------------------
TP22696 not allocated
----------------------

----------------------
TP22819 not allocated
----------------------

----------------------
TP23214 not allocated
----------------------

----------------------
TP23438 not allocated
----------------------

----------------------
TP23529 not allocated
----------------------

----------------------
TP23580 not allocated
----------------------

----------------------
TP23675 not allocated
----------------------

----------------------
TP24151 not allocated
----------------------

----------------------
TP24178 not allocated
----------------------

----------------------
TP24466 not allocated
----------------------

----------------------
TP24838 not allocated
----------------------

----------------------
TP24841 not allocated
----------------------

----------------------
TP25805 not allocated
----------------------

----------------------
TP26140 allocated to 1
----------------------

----------------------
TP26160 not allocated
----------------------

----------------------
TP26230 not allocated
----------------------

----------------------
TP26300 not allocated
----------------------

----------------------
TP26957 allocated to 1
----------------------

----------------------
TP27158 not allocated
----------------------

----------------------
TP27338 not allocated
----------------------

----------------------
TP27489 not allocated
----------------------

----------------------
TP27736 not allocated
----------------------

----------------------
TP28254 not allocated
----------------------

----------------------
TP28414 not allocated
----------------------

----------------------
TP28921 not allocated
----------------------

----------------------
TP29355 allocated to 1
----------------------

----------------------
TP29419 allocated to 1
----------------------

----------------------
TP29882 allocated to 1
----------------------

----------------------
TP29966 not allocated
----------------------

----------------------
TP29995 not allocated
----------------------

----------------------
TP30150 not allocated
----------------------

----------------------
TP30976 allocated to 1
----------------------

----------------------
TP31581 allocated to 1
----------------------

----------------------
TP31596 not allocated
----------------------

----------------------
TP32024 allocated to 3
----------------------

----------------------
TP32028 allocated to 1
----------------------

----------------------
TP32614 not allocated
----------------------

----------------------
TP32852 not allocated
----------------------

----------------------
TP33241 not allocated
----------------------

----------------------
TP33281 not allocated
----------------------

----------------------
TP33331 not allocated
----------------------

----------------------
TP33830 not allocated
----------------------

----------------------
TP34331 not allocated
----------------------

----------------------
TP34473 allocated to 1
----------------------

----------------------
TP34918 not allocated
----------------------

----------------------
TP35152 allocated to 1
----------------------

----------------------
TP35277 not allocated
----------------------

----------------------
TP36053 not allocated
----------------------

----------------------
TP36530 not allocated
----------------------

----------------------
TP36936 not allocated
----------------------

----------------------
TP37113 not allocated
----------------------

----------------------
TP37564 not allocated
----------------------

----------------------
TP38281 not allocated
----------------------

----------------------
TP38336 not allocated
----------------------

----------------------
TP38385 not allocated
----------------------

----------------------
TP38411 not allocated
----------------------

----------------------
TP38978 not allocated
----------------------

----------------------
TP38993 not allocated
----------------------

----------------------
TP39101 not allocated
----------------------

----------------------
TP39215 not allocated
----------------------

----------------------
TP39376 not allocated
----------------------

----------------------
TP39471 not allocated
----------------------

----------------------
TP39502 not allocated
----------------------

----------------------
TP39505 not allocated
----------------------

----------------------
TP39549 allocated to 1
----------------------

----------------------
TP39660 not allocated
----------------------

----------------------
TP39973 allocated to 1
----------------------

----------------------
TP41024 not allocated
----------------------

----------------------
TP41033 allocated to 1
----------------------

----------------------
TP41172 not allocated
----------------------

----------------------
TP42161 not allocated
----------------------

----------------------
TP42769 not allocated
----------------------

----------------------
TP43523 not allocated
----------------------

----------------------
TP43666 not allocated
----------------------

----------------------
TP43689 not allocated
----------------------

----------------------
TP43830 not allocated
----------------------

----------------------
TP43858 allocated to 1
----------------------

----------------------
TP43899 allocated to 1
----------------------

----------------------
TP44003 not allocated
----------------------

----------------------
TP44159 not allocated
----------------------

----------------------
TP44601 not allocated
----------------------

----------------------
TP44767 not allocated
----------------------

----------------------
TP45245 not allocated
----------------------

----------------------
TP45733 not allocated
----------------------

----------------------
TP46186 not allocated
----------------------

----------------------
TP46329 not allocated
----------------------

----------------------
TP46598 not allocated
----------------------

----------------------
TP46768 not allocated
----------------------

----------------------
TP46995 not allocated
----------------------

----------------------
TP47727 not allocated
----------------------

----------------------
TP47842 not allocated
----------------------

----------------------
TP47975 not allocated
----------------------

----------------------
TP48305 allocated to 1
----------------------

----------------------
TP48853 not allocated
----------------------

----------------------
TP48914 not allocated
----------------------

----------------------
TP49107 not allocated
----------------------

----------------------
TP49413 not allocated
----------------------

----------------------
TP49692 not allocated
----------------------

-------------------------------------------------------------------------

Ride-sharing vs Individual Mode - Num Vehicles and Distance Comparisson 

-------------------------------------------------------------------------
Individual Mode = 193 vehicles.
Ride-sharing Mode = 104 vehicles. The 3 ride-sharing vehicles + 101 vehicles of the individuals not served by the ride-sharing service.
-------------------------------------------------------------------------
Individual Mode = 393 distance.
Ride-sharing Mode = 537 distance. 300 from the EV fleet + 237 from the distance of the trips not covered individuals had to do with their own vehicle.
-------------------------------------------------------------------------
