1000 1000 271
4
1 0 0 793
2 0 447 793
3 447 0 793
4 447 447 793
4
1 1 0 0 1 10
2 2 0 447 1 10
3 3 447 0 1 10
4 4 447 447 1 10
8
1 1 0 100 3
0
2 1 0 100 3
0
3 2 0 100 3
0
4 2 0 100 3
0
5 3 0 100 3
0
6 3 0 100 3
0
7 4 0 100 3
0
8 4 0 100 3
0
50
2 2 -1
1 19 19 34 24 2 136 22 206 20
9 1 -1
2 15 15 34 16 3 137 23 207 20
11 4 -1
3 4 4 12 16 4 138 24 208 20
21 4 -1
4 9 9 22 16 5 139 25 209 20
33 4 -1
5 15 15 35 15 6 140 26 210 20
44 1 -1
6 15 15 15 35 7 141 27 211 20
49 4 -1
7 4 4 17 11 8 142 28 212 20
12 4 -1
8 1 1 9 12 9 143 28 212 19
34 2 -1
9 14 14 22 25 10 144 29 213 19
37 1 -1
10 4 4 19 8 11 145 30 214 19
40 4 -1
11 3 3 19 6 12 146 31 215 19
48 1 -1
12 0 0 9 9 13 147 31 215 18
22 1 -1
13 10 10 13 24 14 148 31 215 17
31 1 -1
14 1 1 2 17 15 149 32 216 17
35 1 -1
15 15 15 21 26 16 150 33 217 17
46 4 -1
16 7 7 20 11 17 151 34 218 17
5 1 -1
17 16 16 29 19 18 152 34 218 16
30 2 -1
18 0 0 16 0 19 153 35 219 16
1 2 -1
19 10 10 12 23 20 154 35 219 15
26 4 -1
20 5 5 17 8 21 155 36 220 15
47 4 -1
21 4 4 18 5 22 156 37 221 15
6 1 -1
22 5 5 14 10 23 157 37 221 14
14 1 -1
23 3 3 9 11 24 158 38 222 14
43 2 -1
24 10 10 22 12 25 159 39 223 14
28 2 -1
25 11 11 12 23 26 160 39 223 13
50 2 -1
26 11 11 18 17 27 161 40 224 13
13 4 -1
27 3 3 12 6 28 162 40 224 12
20 4 -1
28 1 1 7 7 29 163 41 225 12
23 4 -1
29 10 10 22 10 30 164 42 226 12
41 1 -1
30 5 5 10 12 31 165 43 227 12
29 2 -1
31 6 6 14 9 32 166 43 227 11
10 2 -1
32 3 3 11 5 33 167 43 227 10
15 4 -1
33 6 6 9 13 34 168 44 228 10
17 2 -1
34 9 9 19 9 35 169 45 229 10
24 2 -1
35 2 2 4 10 36 170 46 230 10
27 1 -1
36 2 2 10 4 37 171 47 231 10
36 4 -1
37 3 3 9 7 38 172 48 232 10
4 1 -1
38 7 7 9 14 39 173 48 232 9
7 4 -1
39 6 6 10 11 40 174 49 233 9
16 4 -1
40 8 8 15 10 41 175 50 234 9
8 4 -1
41 8 8 12 12 42 176 50 234 8
39 1 -1
42 5 5 11 7 43 177 51 235 8
42 4 -1
43 4 4 5 11 44 178 52 236 8
32 4 -1
44 4 4 10 5 45 179 52 236 7
38 1 -1
45 4 4 11 4 46 180 53 237 7
45 4 -1
46 3 3 4 9 47 181 54 238 7
3 4 -1
47 1 1 3 5 48 182 54 238 6
18 2 -1
48 0 0 6 0 49 183 55 239 6
19 4 -1
49 0 0 4 2 50 184 56 240 6
25 4 -1
50 0 0 6 0 51 185 57 241 6
