1000 1000 2644
16
1 0 0 2191
2 0 224 2191
3 0 448 2191
4 0 672 2191
5 223 0 2191
6 223 224 2191
7 223 448 2191
8 223 672 2191
9 446 0 2191
10 446 224 2191
11 446 448 2191
12 446 672 2191
13 669 0 2191
14 669 224 2191
15 669 448 2191
16 669 672 2191
16
1 1 0 0 1 10
2 2 0 224 1 10
3 3 0 448 1 10
4 4 0 672 1 10
5 5 223 0 1 10
6 6 223 224 1 10
7 7 223 448 1 10
8 8 223 672 1 10
9 9 446 0 1 10
10 10 446 224 1 10
11 11 446 448 1 10
12 12 446 672 1 10
13 13 669 0 1 10
14 14 669 224 1 10
15 15 669 448 1 10
16 16 669 672 1 10
32
1 1 0 100 3
0
2 1 0 100 3
0
3 2 0 100 3
0
4 2 0 100 3
0
5 3 0 100 3
0
6 3 0 100 3
0
7 4 0 100 3
0
8 4 0 100 3
0
9 5 0 100 3
0
10 5 0 100 3
0
11 6 0 100 3
0
12 6 0 100 3
0
13 7 0 100 3
0
14 7 0 100 3
0
15 8 0 100 3
0
16 8 0 100 3
0
17 9 0 100 3
0
18 9 0 100 3
0
19 10 0 100 3
0
20 10 0 100 3
0
21 11 0 100 3
0
22 11 0 100 3
0
23 12 0 100 3
0
24 12 0 100 3
0
25 13 0 100 3
0
26 13 0 100 3
0
27 14 0 100 3
0
28 14 0 100 3
0
29 15 0 100 3
0
30 15 0 100 3
0
31 16 0 100 3
0
32 16 0 100 3
0
500
18 8 -1
1 10 10 20 20 2 927 22 997 20
29 1 -1
2 3 3 16 10 3 928 23 998 20
38 10 -1
3 17 17 19 35 4 929 24 999 20
87 4 -1
4 0 0 8 12 5 930 25 1000 20
89 4 -1
5 16 16 35 17 6 931 26 1001 20
91 4 -1
6 3 3 5 21 7 932 27 1002 20
92 11 -1
7 20 20 20 40 8 933 28 1003 20
108 5 -1
8 13 13 29 17 9 934 29 1004 20
116 4 -1
9 9 9 23 15 10 935 30 1005 20
143 8 -1
10 10 10 13 27 11 936 31 1006 20
175 3 -1
11 11 11 29 13 12 937 32 1007 20
183 1 -1
12 0 0 5 15 13 938 33 1008 20
189 4 -1
13 6 6 21 11 14 939 34 1009 20
215 4 -1
14 8 8 14 22 15 940 35 1010 20
216 7 -1
15 20 20 23 37 16 941 36 1011 20
227 12 -1
16 9 9 21 17 17 942 37 1012 20
233 10 -1
17 18 18 27 29 18 943 38 1013 20
234 12 -1
18 17 17 22 32 19 944 39 1014 20
252 3 -1
19 2 2 13 11 20 945 40 1015 20
257 5 -1
20 13 13 32 14 21 946 41 1016 20
258 4 -1
21 6 6 19 13 22 947 42 1017 20
268 4 -1
22 2 2 14 10 23 948 43 1018 20
270 1 -1
23 3 3 3 23 24 949 44 1019 20
283 4 -1
24 16 16 28 24 25 950 45 1020 20
298 14 -1
25 5 5 11 19 26 951 46 1021 20
331 4 -1
26 2 2 6 18 27 952 47 1022 20
361 10 -1
27 13 13 26 20 28 953 48 1023 20
362 4 -1
28 2 2 14 10 29 954 49 1024 20
369 4 -1
29 8 8 15 21 30 955 50 1025 20
379 3 -1
30 15 15 35 15 31 956 51 1026 20
386 4 -1
31 18 18 24 32 32 957 52 1027 20
391 5 -1
32 15 15 33 17 33 958 53 1028 20
407 5 -1
33 2 2 18 6 34 959 54 1029 20
429 11 -1
34 20 20 33 27 35 960 55 1030 20
445 14 -1
35 14 14 15 33 36 961 56 1031 20
457 3 -1
36 2 2 9 15 37 962 57 1032 20
459 7 -1
37 17 17 25 29 38 963 58 1033 20
464 13 -1
38 12 12 31 13 39 964 59 1034 20
466 1 -1
39 20 20 35 25 40 965 60 1035 20
477 11 -1
40 17 17 32 22 41 966 61 1036 20
480 4 -1
41 12 12 13 31 42 967 62 1037 20
483 4 -1
42 17 17 25 29 43 968 63 1038 20
486 5 -1
43 6 6 9 23 44 969 64 1039 20
487 3 -1
44 8 8 8 28 45 970 65 1040 20
40 14 -1
45 14 14 14 33 46 971 65 1040 19
52 8 -1
46 11 11 30 11 47 972 66 1041 19
72 14 -1
47 7 7 24 9 48 973 67 1042 19
75 1 -1
48 6 6 9 22 49 974 68 1043 19
113 14 -1
49 14 14 17 30 50 975 69 1044 19
134 13 -1
50 8 8 15 20 51 976 70 1045 19
139 5 -1
51 3 3 11 14 52 977 71 1046 19
145 4 -1
52 8 8 8 27 53 978 72 1047 19
171 5 -1
53 11 11 28 13 54 979 73 1048 19
238 4 -1
54 14 14 17 30 55 980 74 1049 19
254 14 -1
55 15 15 19 30 56 981 75 1050 19
279 13 -1
56 0 0 1 18 57 982 76 1051 19
320 5 -1
57 17 17 26 27 58 983 77 1052 19
365 7 -1
58 7 7 22 11 59 984 78 1053 19
378 5 -1
59 11 11 11 30 60 985 79 1054 19
437 10 -1
60 19 19 31 26 61 986 80 1055 19
446 7 -1
61 0 0 1 18 62 987 81 1056 19
500 4 -1
62 15 15 24 25 63 988 82 1057 19
1 13 -1
63 0 0 15 3 64 989 82 1057 18
65 14 -1
64 5 5 7 21 65 990 83 1058 18
118 3 -1
65 17 17 30 22 66 991 84 1059 18
147 1 -1
66 2 2 5 17 67 992 85 1060 18
161 14 -1
67 17 17 31 21 68 993 86 1061 18
172 8 -1
68 2 2 2 20 69 994 87 1062 18
190 10 -1
69 13 13 17 27 70 995 88 1063 18
194 14 -1
70 5 5 18 10 71 996 89 1064 18
197 7 -1
71 10 10 28 10 72 997 90 1065 18
249 11 -1
72 10 10 11 27 73 998 91 1066 18
260 7 -1
73 11 11 23 17 74 999 92 1067 18
261 1 -1
74 6 6 14 16 75 1000 93 1068 18
347 12 -1
75 2 2 20 2 76 1001 94 1069 18
368 10 -1
76 11 11 29 11 77 1002 95 1070 18
397 12 -1
77 14 14 31 15 78 1003 96 1071 18
405 11 -1
78 16 16 25 25 79 1004 97 1072 18
408 11 -1
79 16 16 16 34 80 1005 98 1073 18
409 5 -1
80 13 13 15 29 81 1006 99 1074 18
415 13 -1
81 18 18 29 25 82 1007 100 1075 18
427 4 -1
82 16 16 30 20 83 1008 101 1076 18
431 4 -1
83 8 8 13 21 84 1009 102 1077 18
447 8 -1
84 16 16 31 19 85 1010 103 1078 18
448 8 -1
85 3 3 19 5 86 1011 104 1079 18
452 8 -1
86 11 11 26 14 87 1012 105 1080 18
455 7 -1
87 13 13 14 30 88 1013 106 1081 18
467 4 -1
88 2 2 17 5 89 1014 107 1082 18
495 3 -1
89 3 3 8 16 90 1015 108 1083 18
498 8 -1
90 13 13 20 24 91 1016 109 1084 18
35 14 -1
91 5 5 6 21 92 1017 109 1084 17
45 10 -1
92 13 13 27 16 93 1018 110 1085 17
48 10 -1
93 14 14 27 18 94 1019 111 1086 17
70 7 -1
94 11 11 11 28 95 1020 112 1087 17
106 3 -1
95 4 4 18 7 96 1021 113 1088 17
107 14 -1
96 11 11 26 13 97 1022 114 1089 17
131 13 -1
97 1 1 12 7 98 1023 115 1090 17
136 12 -1
98 2 2 19 2 99 1024 116 1091 17
141 3 -1
99 13 13 29 14 100 1025 117 1092 17
154 4 -1
100 2 2 4 17 101 1026 118 1093 17
155 3 -1
101 0 0 10 7 102 1027 119 1094 17
170 14 -1
102 6 6 9 20 103 1028 120 1095 17
213 3 -1
103 10 10 17 20 104 1029 121 1096 17
221 4 -1
104 4 4 4 21 105 1030 122 1097 17
232 13 -1
105 3 3 18 5 106 1031 123 1098 17
239 4 -1
106 3 3 8 15 107 1032 124 1099 17
280 5 -1
107 7 7 8 23 108 1033 125 1100 17
292 3 -1
108 13 13 15 28 109 1034 126 1101 17
314 14 -1
109 2 2 5 16 110 1035 127 1102 17
336 7 -1
110 3 3 13 10 111 1036 128 1103 17
339 4 -1
111 13 13 18 25 112 1037 129 1104 17
342 5 -1
112 4 4 5 20 113 1038 130 1105 17
348 12 -1
113 0 0 13 4 114 1039 131 1106 17
349 4 -1
114 12 12 15 26 115 1040 132 1107 17
374 5 -1
115 6 6 9 20 116 1041 133 1108 17
376 5 -1
116 12 12 28 13 117 1042 134 1109 17
434 1 -1
117 0 0 4 13 118 1043 135 1110 17
436 5 -1
118 9 9 12 23 119 1044 136 1111 17
443 1 -1
119 15 15 31 16 120 1045 137 1112 17
475 11 -1
120 3 3 11 12 121 1046 138 1113 17
493 14 -1
121 11 11 22 17 122 1047 139 1114 17
496 5 -1
122 2 2 3 18 123 1048 140 1115 17
3 4 -1
123 9 9 24 10 124 1049 140 1115 16
9 10 -1
124 16 16 29 19 125 1050 141 1116 16
12 8 -1
125 11 11 17 21 126 1051 142 1117 16
16 14 -1
126 15 15 15 31 127 1052 143 1118 16
20 4 -1
127 0 0 2 14 128 1053 144 1119 16
22 11 -1
128 3 3 16 6 129 1054 145 1120 16
58 3 -1
129 7 7 18 12 130 1055 146 1121 16
71 4 -1
130 2 2 10 10 131 1056 147 1122 16
84 11 -1
131 14 14 19 25 132 1057 148 1123 16
90 13 -1
132 3 3 12 10 133 1058 149 1124 16
112 14 -1
133 6 6 13 15 134 1059 150 1125 16
146 14 -1
134 1 1 16 2 135 1060 151 1126 16
150 13 -1
135 11 11 14 24 136 1061 152 1127 16
166 11 -1
136 6 6 9 19 137 1062 153 1128 16
176 14 -1
137 0 0 15 1 138 1063 154 1129 16
182 4 -1
138 12 12 18 22 139 1064 155 1130 16
206 5 -1
139 16 16 17 31 140 1065 156 1131 16
223 1 -1
140 14 14 22 22 141 1066 157 1132 16
235 14 -1
141 11 11 27 11 142 1067 158 1133 16
241 4 -1
142 5 5 9 17 143 1068 159 1134 16
243 7 -1
143 9 9 12 22 144 1069 160 1135 16
245 14 -1
144 11 11 16 22 145 1070 161 1136 16
253 10 -1
145 13 13 16 26 146 1071 162 1137 16
264 8 -1
146 9 9 18 16 147 1072 163 1138 16
269 12 -1
147 3 3 17 5 148 1073 164 1139 16
277 3 -1
148 8 8 8 24 149 1074 165 1140 16
288 4 -1
149 14 14 24 20 150 1075 166 1141 16
289 4 -1
150 14 14 25 19 151 1076 167 1142 16
290 3 -1
151 1 1 15 3 152 1077 168 1143 16
302 4 -1
152 14 14 17 27 153 1078 169 1144 16
306 13 -1
153 1 1 3 15 154 1079 170 1145 16
310 4 -1
154 6 6 10 18 155 1080 171 1146 16
313 5 -1
155 16 16 25 23 156 1081 172 1147 16
318 7 -1
156 16 16 24 24 157 1082 173 1148 16
329 5 -1
157 12 12 19 21 158 1083 174 1149 16
332 5 -1
158 7 7 16 14 159 1084 175 1150 16
343 5 -1
159 15 15 20 26 160 1085 176 1151 16
351 11 -1
160 14 14 23 21 161 1086 177 1152 16
403 4 -1
161 4 4 8 16 162 1087 178 1153 16
417 4 -1
162 4 4 5 19 163 1088 179 1154 16
438 10 -1
163 3 3 19 3 164 1089 180 1155 16
444 3 -1
164 6 6 10 18 165 1090 181 1156 16
473 3 -1
165 5 5 6 20 166 1091 182 1157 16
476 5 -1
166 0 0 10 6 167 1092 183 1158 16
497 4 -1
167 4 4 13 11 168 1093 184 1159 16
14 3 -1
168 5 5 10 15 169 1094 184 1159 15
28 5 -1
169 10 10 11 24 170 1095 185 1160 15
31 5 -1
170 2 2 2 17 171 1096 186 1161 15
33 12 -1
171 7 7 8 21 172 1097 187 1162 15
44 8 -1
172 8 8 14 17 173 1098 188 1163 15
77 4 -1
173 12 12 26 13 174 1099 189 1164 15
82 5 -1
174 1 1 2 15 175 1100 190 1165 15
169 8 -1
175 5 5 9 16 176 1101 191 1166 15
218 7 -1
176 10 10 16 19 177 1102 192 1167 15
294 3 -1
177 10 10 23 12 178 1103 193 1168 15
304 3 -1
178 9 9 11 22 179 1104 194 1169 15
316 1 -1
179 13 13 17 24 180 1105 195 1170 15
317 7 -1
180 5 5 18 7 181 1106 196 1171 15
321 11 -1
181 1 1 11 6 182 1107 197 1172 15
324 8 -1
182 13 13 22 19 183 1108 198 1173 15
325 13 -1
183 14 14 23 20 184 1109 199 1174 15
363 4 -1
184 15 15 18 27 185 1110 200 1175 15
375 14 -1
185 11 11 18 19 186 1111 201 1176 15
385 4 -1
186 8 8 18 13 187 1112 202 1177 15
388 14 -1
187 10 10 22 13 188 1113 203 1178 15
393 3 -1
188 12 12 24 15 189 1114 204 1179 15
402 4 -1
189 14 14 29 14 190 1115 205 1180 15
421 10 -1
190 7 7 17 12 191 1116 206 1181 15
422 11 -1
191 13 13 25 16 192 1117 207 1182 15
424 1 -1
192 4 4 15 8 193 1118 208 1183 15
430 1 -1
193 4 4 8 15 194 1119 209 1184 15
432 1 -1
194 15 15 29 16 195 1120 210 1185 15
442 5 -1
195 2 2 14 5 196 1121 211 1186 15
450 1 -1
196 5 5 6 19 197 1122 212 1187 15
481 8 -1
197 7 7 13 16 198 1123 213 1188 15
2 3 -1
198 10 10 10 24 199 1124 213 1188 14
26 8 -1
199 8 8 8 22 200 1125 214 1189 14
43 7 -1
200 5 5 15 9 201 1126 215 1190 14
49 10 -1
201 1 1 10 6 202 1127 216 1191 14
78 10 -1
202 5 5 12 12 203 1128 217 1192 14
83 11 -1
203 9 9 10 22 204 1129 218 1193 14
132 4 -1
204 4 4 13 9 205 1130 219 1194 14
151 5 -1
205 0 0 10 4 206 1131 220 1195 14
193 4 -1
206 9 9 16 16 207 1132 221 1196 14
220 5 -1
207 7 7 15 13 208 1133 222 1197 14
228 3 -1
208 5 5 18 6 209 1134 223 1198 14
251 7 -1
209 4 4 15 7 210 1135 224 1199 14
262 8 -1
210 9 9 9 23 211 1136 225 1200 14
272 11 -1
211 3 3 17 3 212 1137 226 1201 14
286 5 -1
212 1 1 8 8 213 1138 227 1202 14
287 13 -1
213 3 3 6 14 214 1139 228 1203 14
345 7 -1
214 1 1 11 5 215 1140 229 1204 14
353 11 -1
215 6 6 8 18 216 1141 230 1205 14
366 12 -1
216 2 2 16 2 217 1142 231 1206 14
371 4 -1
217 8 8 16 14 218 1143 232 1207 14
372 4 -1
218 13 13 21 19 219 1144 233 1208 14
389 4 -1
219 1 1 2 14 220 1145 234 1209 14
482 14 -1
220 9 9 17 15 221 1146 235 1210 14
499 8 -1
221 9 9 19 13 222 1147 236 1211 14
8 7 -1
222 1 1 14 1 223 1148 236 1211 13
19 7 -1
223 6 6 12 13 224 1149 237 1212 13
25 7 -1
224 10 10 23 10 225 1150 238 1213 13
30 13 -1
225 1 1 9 6 226 1151 239 1214 13
59 5 -1
226 13 13 23 16 227 1152 240 1215 13
66 10 -1
227 3 3 13 6 228 1153 241 1216 13
86 7 -1
228 7 7 18 9 229 1154 242 1217 13
97 10 -1
229 4 4 11 10 230 1155 243 1218 13
103 3 -1
230 0 0 4 9 231 1156 244 1219 13
109 5 -1
231 0 0 1 12 232 1157 245 1220 13
126 3 -1
232 5 5 18 5 233 1158 246 1221 13
160 7 -1
233 0 0 0 13 234 1159 247 1222 13
163 7 -1
234 13 13 16 23 235 1160 248 1223 13
184 3 -1
235 1 1 7 8 236 1161 249 1224 13
187 5 -1
236 12 12 12 25 237 1162 250 1225 13
191 4 -1
237 4 4 6 15 238 1163 251 1226 13
199 5 -1
238 1 1 7 8 239 1164 252 1227 13
202 5 -1
239 11 11 16 19 240 1165 253 1228 13
224 3 -1
240 3 3 6 13 241 1166 254 1229 13
226 4 -1
241 10 10 13 20 242 1167 255 1230 13
248 14 -1
242 5 5 10 13 243 1168 256 1231 13
256 8 -1
243 10 10 10 23 244 1169 257 1232 13
265 3 -1
244 8 8 13 16 245 1170 258 1233 13
278 5 -1
245 5 5 12 11 246 1171 259 1234 13
291 4 -1
246 11 11 17 18 247 1172 260 1235 13
300 13 -1
247 3 3 5 14 248 1173 261 1236 13
323 13 -1
248 13 13 16 23 249 1174 262 1237 13
346 14 -1
249 2 2 14 3 250 1175 263 1238 13
350 4 -1
250 1 1 6 9 251 1176 264 1239 13
364 7 -1
251 2 2 8 9 252 1177 265 1240 13
370 4 -1
252 4 4 17 4 253 1178 266 1241 13
383 1 -1
253 8 8 15 14 254 1179 267 1242 13
414 5 -1
254 3 3 11 8 255 1180 268 1243 13
423 14 -1
255 1 1 12 3 256 1181 269 1244 13
451 10 -1
256 11 11 20 15 257 1182 270 1245 13
462 5 -1
257 5 5 5 18 258 1183 271 1246 13
469 7 -1
258 12 12 19 18 259 1184 272 1247 13
484 3 -1
259 5 5 7 16 260 1185 273 1248 13
488 4 -1
260 1 1 2 13 261 1186 274 1249 13
17 8 -1
261 11 11 14 20 262 1187 274 1249 12
46 3 -1
262 1 1 5 9 263 1188 275 1250 12
53 14 -1
263 1 1 11 3 264 1189 276 1251 12
68 5 -1
264 2 2 6 10 265 1190 277 1252 12
74 12 -1
265 4 4 13 7 266 1191 278 1253 12
119 4 -1
266 12 12 17 19 267 1192 279 1254 12
123 10 -1
267 1 1 9 5 268 1193 280 1255 12
144 14 -1
268 4 4 16 4 269 1194 281 1256 12
153 5 -1
269 9 9 20 10 270 1195 282 1257 12
178 4 -1
270 9 9 17 13 271 1196 283 1258 12
186 5 -1
271 9 9 17 13 272 1197 284 1259 12
195 4 -1
272 12 12 23 13 273 1198 285 1260 12
196 10 -1
273 4 4 13 7 274 1199 286 1261 12
212 12 -1
274 0 0 5 7 275 1200 287 1262 12
237 7 -1
275 5 5 9 13 276 1201 288 1263 12
330 4 -1
276 8 8 12 16 277 1202 289 1264 12
337 14 -1
277 3 3 5 13 278 1203 290 1265 12
340 4 -1
278 5 5 11 11 279 1204 291 1266 12
413 7 -1
279 2 2 13 3 280 1205 292 1267 12
419 14 -1
280 4 4 16 4 281 1206 293 1268 12
428 14 -1
281 11 11 22 12 282 1207 294 1269 12
490 5 -1
282 6 6 10 14 283 1208 295 1270 12
491 13 -1
283 5 5 16 6 284 1209 296 1271 12
6 7 -1
284 10 10 10 21 285 1210 296 1271 11
24 10 -1
285 3 3 3 14 286 1211 297 1272 11
54 10 -1
286 9 9 11 18 287 1212 298 1273 11
79 14 -1
287 4 4 13 6 288 1213 299 1274 11
110 13 -1
288 2 2 12 3 289 1214 300 1275 11
114 5 -1
289 3 3 9 8 290 1215 301 1276 11
137 14 -1
290 0 0 9 2 291 1216 302 1277 11
138 12 -1
291 8 8 12 15 292 1217 303 1278 11
159 10 -1
292 3 3 5 12 293 1218 304 1279 11
214 5 -1
293 3 3 7 10 294 1219 305 1280 11
219 3 -1
294 8 8 11 16 295 1220 306 1281 11
242 7 -1
295 8 8 10 17 296 1221 307 1282 11
246 11 -1
296 7 7 14 11 297 1222 308 1283 11
255 13 -1
297 10 10 20 11 298 1223 309 1284 11
309 7 -1
298 2 2 9 6 299 1224 310 1285 11
311 14 -1
299 6 6 10 13 300 1225 311 1286 11
315 14 -1
300 8 8 16 11 301 1226 312 1287 11
334 12 -1
301 6 6 8 15 302 1227 313 1288 11
352 5 -1
302 3 3 14 3 303 1228 314 1289 11
358 11 -1
303 4 4 10 9 304 1229 315 1290 11
384 3 -1
304 6 6 16 7 305 1230 316 1291 11
411 4 -1
305 10 10 18 13 306 1231 317 1292 11
420 4 -1
306 1 1 5 8 307 1232 318 1293 11
425 7 -1
307 7 7 11 14 308 1233 319 1294 11
439 7 -1
308 0 0 11 0 309 1234 320 1295 11
440 12 -1
309 8 8 16 11 310 1235 321 1296 11
449 3 -1
310 4 4 7 12 311 1236 322 1297 11
458 8 -1
311 1 1 4 9 312 1237 323 1298 11
460 8 -1
312 5 5 13 8 313 1238 324 1299 11
492 14 -1
313 10 10 16 15 314 1239 325 1300 11
11 12 -1
314 8 8 8 18 315 1240 325 1300 10
23 4 -1
315 7 7 15 9 316 1241 326 1301 10
41 13 -1
316 3 3 5 11 317 1242 327 1302 10
47 10 -1
317 0 0 5 5 318 1243 328 1303 10
51 10 -1
318 7 7 10 14 319 1244 329 1304 10
61 5 -1
319 10 10 10 20 320 1245 330 1305 10
62 14 -1
320 0 0 0 10 321 1246 331 1306 10
117 11 -1
321 4 4 13 5 322 1247 332 1307 10
125 13 -1
322 8 8 16 10 323 1248 333 1308 10
130 14 -1
323 2 2 12 2 324 1249 334 1309 10
135 14 -1
324 5 5 12 8 325 1250 335 1310 10
164 13 -1
325 0 0 2 8 326 1251 336 1311 10
177 13 -1
326 1 1 1 11 327 1252 337 1312 10
250 14 -1
327 8 8 13 13 328 1253 338 1313 10
263 1 -1
328 0 0 2 8 329 1254 339 1314 10
266 4 -1
329 6 6 12 10 330 1255 340 1315 10
271 5 -1
330 5 5 15 5 331 1256 341 1316 10
275 4 -1
331 0 0 10 0 332 1257 342 1317 10
308 7 -1
332 1 1 6 6 333 1258 343 1318 10
312 1 -1
333 5 5 12 8 334 1259 344 1319 10
360 3 -1
334 8 8 13 13 335 1260 345 1320 10
390 10 -1
335 3 3 10 6 336 1261 346 1321 10
398 14 -1
336 3 3 3 13 337 1262 347 1322 10
454 5 -1
337 7 7 16 8 338 1263 348 1323 10
461 13 -1
338 3 3 13 3 339 1264 349 1324 10
474 3 -1
339 0 0 1 9 340 1265 350 1325 10
478 14 -1
340 2 2 4 10 341 1266 351 1326 10
479 13 -1
341 2 2 9 5 342 1267 352 1327 10
4 12 -1
342 6 6 10 11 343 1268 352 1327 9
10 14 -1
343 1 1 3 8 344 1269 353 1328 9
36 1 -1
344 2 2 8 5 345 1270 354 1329 9
55 4 -1
345 0 0 7 2 346 1271 355 1330 9
60 14 -1
346 3 3 3 12 347 1272 356 1331 9
67 8 -1
347 3 3 9 6 348 1273 357 1332 9
69 14 -1
348 4 4 13 4 349 1274 358 1333 9
85 10 -1
349 7 7 13 10 350 1275 359 1334 9
93 14 -1
350 5 5 10 9 351 1276 360 1335 9
95 1 -1
351 9 9 17 10 352 1277 361 1336 9
99 3 -1
352 6 6 8 13 353 1278 362 1337 9
100 5 -1
353 2 2 7 6 354 1279 363 1338 9
102 4 -1
354 0 0 8 1 355 1280 364 1339 9
111 5 -1
355 6 6 13 8 356 1281 365 1340 9
121 3 -1
356 5 5 11 8 357 1282 366 1341 9
124 10 -1
357 8 8 8 17 358 1283 367 1342 9
152 8 -1
358 9 9 13 14 359 1284 368 1343 9
173 4 -1
359 7 7 7 16 360 1285 369 1344 9
179 4 -1
360 1 1 4 7 361 1286 370 1345 9
192 4 -1
361 7 7 10 13 362 1287 371 1346 9
198 12 -1
362 1 1 5 6 363 1288 372 1347 9
222 10 -1
363 3 3 6 9 364 1289 373 1348 9
273 13 -1
364 6 6 12 9 365 1290 374 1349 9
274 13 -1
365 9 9 13 14 366 1291 375 1350 9
282 14 -1
366 3 3 10 5 367 1292 376 1351 9
299 10 -1
367 9 9 17 10 368 1293 377 1352 9
303 13 -1
368 1 1 7 4 369 1294 378 1353 9
338 14 -1
369 1 1 10 1 370 1295 379 1354 9
359 8 -1
370 3 3 4 11 371 1296 380 1355 9
392 3 -1
371 8 8 13 12 372 1297 381 1356 9
410 3 -1
372 2 2 3 10 373 1298 382 1357 9
418 3 -1
373 3 3 12 3 374 1299 383 1358 9
465 4 -1
374 3 3 5 10 375 1300 384 1359 9
468 5 -1
375 8 8 16 9 376 1301 385 1360 9
470 14 -1
376 2 2 4 9 377 1302 386 1361 9
485 13 -1
377 5 5 9 10 378 1303 387 1362 9
494 3 -1
378 0 0 4 5 379 1304 388 1363 9
21 7 -1
379 6 6 10 10 380 1305 388 1363 8
37 4 -1
380 6 6 6 14 381 1306 389 1364 8
39 4 -1
381 6 6 9 11 382 1307 390 1365 8
42 11 -1
382 8 8 15 9 383 1308 391 1366 8
57 3 -1
383 0 0 2 6 384 1309 392 1367 8
63 4 -1
384 1 1 3 7 385 1310 393 1368 8
64 3 -1
385 0 0 6 2 386 1311 394 1369 8
76 14 -1
386 5 5 12 6 387 1312 395 1370 8
88 13 -1
387 3 3 3 11 388 1313 396 1371 8
98 7 -1
388 3 3 11 3 389 1314 397 1372 8
104 14 -1
389 2 2 6 6 390 1315 398 1373 8
120 4 -1
390 7 7 8 14 391 1316 399 1374 8
127 14 -1
391 5 5 7 11 392 1317 400 1375 8
128 5 -1
392 6 6 8 12 393 1318 401 1376 8
142 10 -1
393 5 5 5 13 394 1319 402 1377 8
157 10 -1
394 7 7 10 12 395 1320 403 1378 8
158 14 -1
395 8 8 16 8 396 1321 404 1379 8
185 11 -1
396 7 7 7 15 397 1322 405 1380 8
203 14 -1
397 5 5 11 7 398 1323 406 1381 8
207 4 -1
398 1 1 1 9 399 1324 407 1382 8
209 11 -1
399 8 8 9 15 400 1325 408 1383 8
210 12 -1
400 0 0 7 1 401 1326 409 1384 8
217 4 -1
401 5 5 11 7 402 1327 410 1385 8
230 4 -1
402 5 5 6 12 403 1328 411 1386 8
236 4 -1
403 5 5 6 12 404 1329 412 1387 8
240 3 -1
404 7 7 15 7 405 1330 413 1388 8
244 3 -1
405 7 7 10 12 406 1331 414 1389 8
247 4 -1
406 7 7 11 11 407 1332 415 1390 8
259 10 -1
407 0 0 6 2 408 1333 416 1391 8
293 13 -1
408 4 4 8 8 409 1334 417 1392 8
295 7 -1
409 8 8 10 14 410 1335 418 1393 8
296 4 -1
410 3 3 10 4 411 1336 419 1394 8
319 4 -1
411 3 3 7 7 412 1337 420 1395 8
326 11 -1
412 3 3 10 4 413 1338 421 1396 8
327 4 -1
413 0 0 2 6 414 1339 422 1397 8
328 3 -1
414 5 5 10 8 415 1340 423 1398 8
335 8 -1
415 5 5 10 8 416 1341 424 1399 8
355 5 -1
416 8 8 15 9 417 1342 425 1400 8
356 10 -1
417 4 4 10 6 418 1343 426 1401 8
367 5 -1
418 0 0 8 0 419 1344 427 1402 8
377 12 -1
419 4 4 12 4 420 1345 428 1403 8
380 5 -1
420 3 3 4 10 421 1346 429 1404 8
400 14 -1
421 6 6 8 12 422 1347 430 1405 8
406 4 -1
422 3 3 9 5 423 1348 431 1406 8
433 4 -1
423 3 3 8 6 424 1349 432 1407 8
456 14 -1
424 4 4 9 7 425 1350 433 1408 8
463 14 -1
425 5 5 6 12 426 1351 434 1409 8
489 13 -1
426 6 6 6 14 427 1352 435 1410 8
5 7 -1
427 5 5 8 9 428 1353 435 1410 7
13 5 -1
428 1 1 1 8 429 1354 436 1411 7
15 8 -1
429 3 3 6 7 430 1355 437 1412 7
27 3 -1
430 1 1 8 1 431 1356 438 1413 7
32 14 -1
431 4 4 11 4 432 1357 439 1414 7
73 13 -1
432 0 0 5 2 433 1358 440 1415 7
80 14 -1
433 3 3 4 9 434 1359 441 1416 7
94 14 -1
434 3 3 3 10 435 1360 442 1417 7
96 8 -1
435 3 3 3 10 436 1361 443 1418 7
101 5 -1
436 4 4 5 10 437 1362 444 1419 7
105 3 -1
437 5 5 10 7 438 1363 445 1420 7
115 10 -1
438 4 4 6 9 439 1364 446 1421 7
122 5 -1
439 5 5 9 8 440 1365 447 1422 7
129 14 -1
440 3 3 6 7 441 1366 448 1423 7
140 3 -1
441 0 0 7 0 442 1367 449 1424 7
148 8 -1
442 4 4 10 5 443 1368 450 1425 7
156 8 -1
443 7 7 7 14 444 1369 451 1426 7
162 12 -1
444 0 0 4 3 445 1370 452 1427 7
165 3 -1
445 2 2 4 7 446 1371 453 1428 7
167 7 -1
446 3 3 7 6 447 1372 454 1429 7
174 4 -1
447 3 3 10 3 448 1373 455 1430 7
180 1 -1
448 3 3 10 3 449 1374 456 1431 7
181 4 -1
449 2 2 4 7 450 1375 457 1432 7
188 3 -1
450 5 5 7 10 451 1376 458 1433 7
200 13 -1
451 1 1 3 6 452 1377 459 1434 7
201 13 -1
452 5 5 6 11 453 1378 460 1435 7
204 10 -1
453 5 5 7 10 454 1379 461 1436 7
208 4 -1
454 1 1 2 7 455 1380 462 1437 7
225 1 -1
455 5 5 7 10 456 1381 463 1438 7
229 14 -1
456 4 4 4 11 457 1382 464 1439 7
284 8 -1
457 7 7 14 7 458 1383 465 1440 7
285 3 -1
458 2 2 6 5 459 1384 466 1441 7
301 11 -1
459 3 3 4 9 460 1385 467 1442 7
333 8 -1
460 1 1 3 6 461 1386 468 1443 7
341 5 -1
461 6 6 9 10 462 1387 469 1444 7
344 8 -1
462 1 1 5 4 463 1388 470 1445 7
354 5 -1
463 5 5 5 12 464 1389 471 1446 7
357 7 -1
464 2 2 5 6 465 1390 472 1447 7
381 10 -1
465 7 7 8 13 466 1391 473 1448 7
382 4 -1
466 1 1 5 4 467 1392 474 1449 7
394 4 -1
467 1 1 8 1 468 1393 475 1450 7
395 13 -1
468 6 6 10 9 469 1394 476 1451 7
399 3 -1
469 0 0 2 5 470 1395 477 1452 7
401 12 -1
470 3 3 7 6 471 1396 478 1453 7
416 1 -1
471 0 0 3 4 472 1397 479 1454 7
441 4 -1
472 0 0 1 6 473 1398 480 1455 7
471 14 -1
473 2 2 6 5 474 1399 481 1456 7
7 3 -1
474 1 1 6 2 475 1400 481 1456 6
34 14 -1
475 2 2 7 3 476 1401 482 1457 6
50 10 -1
476 4 4 9 5 477 1402 483 1458 6
56 10 -1
477 4 4 5 9 478 1403 484 1459 6
81 8 -1
478 2 2 4 6 479 1404 485 1460 6
133 11 -1
479 5 5 9 7 480 1405 486 1461 6
149 4 -1
480 2 2 8 2 481 1406 487 1462 6
168 11 -1
481 1 1 2 6 482 1407 488 1463 6
205 3 -1
482 6 6 11 7 483 1408 489 1464 6
211 11 -1
483 1 1 3 5 484 1409 490 1465 6
231 3 -1
484 1 1 5 3 485 1410 491 1466 6
267 14 -1
485 5 5 5 11 486 1411 492 1467 6
276 3 -1
486 2 2 4 6 487 1412 493 1468 6
281 1 -1
487 3 3 8 4 488 1413 494 1469 6
297 3 -1
488 1 1 4 4 489 1414 495 1470 6
305 12 -1
489 3 3 4 8 490 1415 496 1471 6
307 8 -1
490 2 2 6 4 491 1416 497 1472 6
322 3 -1
491 3 3 3 9 492 1417 498 1473 6
373 4 -1
492 2 2 3 7 493 1418 499 1474 6
387 3 -1
493 3 3 4 8 494 1419 500 1475 6
396 1 -1
494 3 3 3 9 495 1420 501 1476 6
404 5 -1
495 4 4 5 9 496 1421 502 1477 6
412 12 -1
496 5 5 8 8 497 1422 503 1478 6
426 7 -1
497 0 0 1 5 498 1423 504 1479 6
435 14 -1
498 4 4 10 4 499 1424 505 1480 6
453 14 -1
499 3 3 7 5 500 1425 506 1481 6
472 12 -1
500 6 6 6 12 501 1426 507 1482 6
