1000 1000 5196
9
1 0 0 8226
2 0 316 8226
3 0 632 8226
4 316 0 8226
5 316 316 8226
6 316 632 8226
7 632 0 8226
8 632 316 8226
9 632 632 8226
9
1 1 0 0 1 10
2 2 0 316 1 10
3 3 0 632 1 10
4 4 316 0 1 10
5 5 316 316 1 10
6 6 316 632 1 10
7 7 632 0 1 10
8 8 632 316 1 10
9 9 632 632 1 10
18
1 1 0 100 3
0
2 1 0 100 3
0
3 2 0 100 3
0
4 2 0 100 3
0
5 3 0 100 3
0
6 3 0 100 3
0
7 4 0 100 3
0
8 4 0 100 3
0
9 5 0 100 3
0
10 5 0 100 3
0
11 6 0 100 3
0
12 6 0 100 3
0
13 7 0 100 3
0
14 7 0 100 3
0
15 8 0 100 3
0
16 8 0 100 3
0
17 9 0 100 3
0
18 9 0 100 3
0
1000
576 4 -1
1 7 7 37 26 2 1778 51 1877 49
779 4 -1
2 9 9 41 12 3 1779 38 1864 35
738 4 -1
3 24 24 39 35 4 1780 30 1856 26
8 9 -1
4 9 9 17 21 5 1781 25 1851 20
12 1 -1
5 11 11 17 25 6 1782 26 1852 20
21 4 -1
6 8 8 22 14 7 1783 27 1853 20
56 2 -1
7 6 6 7 25 8 1784 28 1854 20
60 2 -1
8 0 0 13 7 9 1785 29 1855 20
78 2 -1
9 19 19 37 21 10 1786 30 1856 20
107 9 -1
10 14 14 19 29 11 1787 31 1857 20
130 4 -1
11 12 12 16 28 12 1788 32 1858 20
146 4 -1
12 9 9 9 29 13 1789 33 1859 20
193 4 -1
13 17 17 26 28 14 1790 34 1860 20
235 4 -1
14 14 14 31 17 15 1791 35 1861 20
270 4 -1
15 5 5 5 25 16 1792 36 1862 20
273 4 -1
16 17 17 29 25 17 1793 37 1863 20
309 4 -1
17 2 2 6 18 18 1794 38 1864 20
339 4 -1
18 6 6 17 15 19 1795 39 1865 20
358 9 -1
19 12 12 24 20 20 1796 40 1866 20
366 9 -1
20 15 15 29 21 21 1797 41 1867 20
373 5 -1
21 16 16 19 33 22 1798 42 1868 20
398 9 -1
22 6 6 17 15 23 1799 43 1869 20
403 4 -1
23 11 11 25 17 24 1800 44 1870 20
431 5 -1
24 7 7 19 15 25 1801 45 1871 20
455 5 -1
25 17 17 32 22 26 1802 46 1872 20
467 4 -1
26 0 0 10 10 27 1803 47 1873 20
491 1 -1
27 6 6 25 7 28 1804 48 1874 20
538 9 -1
28 7 7 12 22 29 1805 49 1875 20
540 5 -1
29 19 19 31 27 30 1806 50 1876 20
587 9 -1
30 9 9 14 24 31 1807 51 1877 20
589 4 -1
31 15 15 22 28 32 1808 52 1878 20
597 9 -1
32 7 7 23 11 33 1809 53 1879 20
605 4 -1
33 14 14 16 32 34 1810 54 1880 20
606 1 -1
34 0 0 13 7 35 1811 55 1881 20
628 5 -1
35 16 16 33 19 36 1812 56 1882 20
651 9 -1
36 6 6 17 15 37 1813 57 1883 20
675 9 -1
37 9 9 24 14 38 1814 58 1884 20
684 9 -1
38 5 5 19 11 39 1815 59 1885 20
691 9 -1
39 11 11 30 12 40 1816 60 1886 20
693 1 -1
40 16 16 31 21 41 1817 61 1887 20
694 1 -1
41 17 17 18 36 42 1818 62 1888 20
696 4 -1
42 20 20 30 30 43 1819 63 1889 20
721 5 -1
43 6 6 24 8 44 1820 64 1890 20
765 9 -1
44 17 17 30 24 45 1821 65 1891 20
784 4 -1
45 15 15 32 18 46 1822 66 1892 20
820 9 -1
46 9 9 10 28 47 1823 67 1893 20
848 9 -1
47 0 0 9 11 48 1824 68 1894 20
854 9 -1
48 18 18 19 37 49 1825 69 1895 20
870 5 -1
49 18 18 37 19 50 1826 70 1896 20
871 9 -1
50 12 12 22 22 51 1827 71 1897 20
896 1 -1
51 3 3 22 4 52 1828 72 1898 20
902 9 -1
52 0 0 4 16 53 1829 73 1899 20
907 5 -1
53 2 2 21 3 54 1830 74 1900 20
910 9 -1
54 19 19 28 30 55 1831 75 1901 20
921 9 -1
55 2 2 9 15 56 1832 76 1902 20
931 1 -1
56 15 15 29 21 57 1833 77 1903 20
935 2 -1
57 5 5 20 10 58 1834 78 1904 20
952 9 -1
58 10 10 16 24 59 1835 79 1905 20
953 1 -1
59 19 19 28 30 60 1836 80 1906 20
967 9 -1
60 20 20 33 27 61 1837 81 1907 20
968 9 -1
61 17 17 21 33 62 1838 82 1908 20
981 4 -1
62 3 3 15 11 63 1839 83 1909 20
992 4 -1
63 18 18 33 23 64 1840 84 1910 20
998 4 -1
64 20 20 30 30 65 1841 85 1911 20
40 9 -1
65 14 14 25 22 66 1842 85 1911 19
74 4 -1
66 8 8 15 20 67 1843 86 1912 19
75 4 -1
67 4 4 9 18 68 1844 87 1913 19
131 5 -1
68 5 5 16 13 69 1845 88 1914 19
141 4 -1
69 15 15 20 29 70 1846 89 1915 19
161 9 -1
70 9 9 18 19 71 1847 90 1916 19
175 4 -1
71 17 17 17 36 72 1848 91 1917 19
206 1 -1
72 6 6 12 19 73 1849 92 1918 19
231 5 -1
73 3 3 8 17 74 1850 93 1919 19
237 9 -1
74 5 5 18 11 75 1851 94 1920 19
239 9 -1
75 2 2 4 19 76 1852 95 1921 19
246 4 -1
76 17 17 33 20 77 1853 96 1922 19
266 4 -1
77 14 14 16 31 78 1854 97 1923 19
274 9 -1
78 7 7 13 20 79 1855 98 1924 19
285 1 -1
79 0 0 8 11 80 1856 99 1925 19
306 4 -1
80 4 4 11 16 81 1857 100 1926 19
344 4 -1
81 13 13 24 21 82 1858 101 1927 19
375 2 -1
82 12 12 30 13 83 1859 102 1928 19
404 9 -1
83 9 9 10 27 84 1860 103 1929 19
419 5 -1
84 18 18 21 34 85 1861 104 1930 19
432 4 -1
85 9 9 23 14 86 1862 105 1931 19
443 2 -1
86 8 8 25 10 87 1863 106 1932 19
444 9 -1
87 10 10 21 18 88 1864 107 1933 19
484 5 -1
88 5 5 23 6 89 1865 108 1934 19
485 4 -1
89 19 19 37 20 90 1866 109 1935 19
498 2 -1
90 18 18 31 24 91 1867 110 1936 19
512 5 -1
91 12 12 23 20 92 1868 111 1937 19
547 1 -1
92 8 8 9 26 93 1869 112 1938 19
549 2 -1
93 9 9 25 12 94 1870 113 1939 19
577 9 -1
94 2 2 13 10 95 1871 114 1940 19
603 5 -1
95 7 7 23 10 96 1872 115 1941 19
617 1 -1
96 10 10 13 26 97 1873 116 1942 19
623 4 -1
97 0 0 11 8 98 1874 117 1943 19
678 4 -1
98 19 19 22 35 99 1875 118 1944 19
685 4 -1
99 16 16 27 24 100 1876 119 1945 19
690 9 -1
100 8 8 11 24 101 1877 120 1946 19
705 9 -1
101 9 9 15 22 102 1878 121 1947 19
709 9 -1
102 10 10 16 23 103 1879 122 1948 19
746 1 -1
103 4 4 18 9 104 1880 123 1949 19
776 9 -1
104 7 7 26 7 105 1881 124 1950 19
825 2 -1
105 12 12 12 31 106 1882 125 1951 19
905 9 -1
106 1 1 17 4 107 1883 126 1952 19
948 9 -1
107 4 4 20 7 108 1884 127 1953 19
996 5 -1
108 10 10 16 23 109 1885 128 1954 19
999 9 -1
109 4 4 15 12 110 1886 129 1955 19
13 1 -1
110 10 10 26 12 111 1887 129 1955 18
16 4 -1
111 16 16 25 25 112 1888 130 1956 18
22 9 -1
112 2 2 12 10 113 1889 131 1957 18
43 4 -1
113 3 3 13 11 114 1890 132 1958 18
85 1 -1
114 4 4 6 20 115 1891 133 1959 18
86 4 -1
115 12 12 23 19 116 1892 134 1960 18
99 4 -1
116 10 10 10 28 117 1893 135 1961 18
118 4 -1
117 6 6 17 13 118 1894 136 1962 18
137 1 -1
118 5 5 12 16 119 1895 137 1963 18
154 9 -1
119 9 9 21 15 120 1896 138 1964 18
166 5 -1
120 4 4 4 22 121 1897 139 1965 18
205 4 -1
121 3 3 20 4 122 1898 140 1966 18
224 9 -1
122 13 13 17 27 123 1899 141 1967 18
261 5 -1
123 3 3 10 14 124 1900 142 1968 18
264 5 -1
124 14 14 30 16 125 1901 143 1969 18
280 5 -1
125 5 5 9 19 126 1902 144 1970 18
293 9 -1
126 9 9 11 25 127 1903 145 1971 18
297 9 -1
127 18 18 26 28 128 1904 146 1972 18
299 1 -1
128 10 10 20 18 129 1905 147 1973 18
313 9 -1
129 13 13 17 27 130 1906 148 1974 18
315 4 -1
130 13 13 26 18 131 1907 149 1975 18
320 5 -1
131 8 8 14 20 132 1908 150 1976 18
323 1 -1
132 18 18 28 26 133 1909 151 1977 18
331 1 -1
133 4 4 11 15 134 1910 152 1978 18
343 9 -1
134 5 5 17 11 135 1911 153 1979 18
350 4 -1
135 9 9 13 23 136 1912 154 1980 18
362 4 -1
136 3 3 19 5 137 1913 155 1981 18
381 9 -1
137 11 11 23 17 138 1914 156 1982 18
382 2 -1
138 18 18 19 35 139 1915 157 1983 18
400 4 -1
139 9 9 9 27 140 1916 158 1984 18
409 9 -1
140 3 3 19 5 141 1917 159 1985 18
425 4 -1
141 3 3 5 19 142 1918 160 1986 18
430 4 -1
142 5 5 15 13 143 1919 161 1987 18
470 2 -1
143 9 9 11 25 144 1920 162 1988 18
480 9 -1
144 2 2 20 2 145 1921 163 1989 18
483 4 -1
145 11 11 21 19 146 1922 164 1990 18
513 4 -1
146 1 1 10 10 147 1923 165 1991 18
516 4 -1
147 14 14 32 14 148 1924 166 1992 18
526 2 -1
148 2 2 9 13 149 1925 167 1993 18
530 4 -1
149 8 8 20 14 150 1926 168 1994 18
542 5 -1
150 3 3 5 19 151 1927 169 1995 18
555 9 -1
151 9 9 15 21 152 1928 170 1996 18
558 4 -1
152 15 15 21 27 153 1929 171 1997 18
566 5 -1
153 16 16 33 17 154 1930 172 1998 18
581 2 -1
154 1 1 11 9 155 1931 173 1999 18
586 5 -1
155 4 4 22 4 156 1932 174 2000 18
594 9 -1
156 14 14 21 25 157 1933 175 2001 18
609 1 -1
157 10 10 26 12 158 1934 176 2002 18
612 4 -1
158 13 13 24 20 159 1935 177 2003 18
632 2 -1
159 4 4 6 20 160 1936 178 2004 18
646 9 -1
160 18 18 22 32 161 1937 179 2005 18
669 4 -1
161 0 0 18 0 162 1938 180 2006 18
711 9 -1
162 16 16 22 28 163 1939 181 2007 18
723 2 -1
163 0 0 1 17 164 1940 182 2008 18
747 2 -1
164 6 6 21 9 165 1941 183 2009 18
751 4 -1
165 1 1 15 5 166 1942 184 2010 18
782 5 -1
166 2 2 12 10 167 1943 185 2011 18
792 1 -1
167 10 10 25 13 168 1944 186 2012 18
808 4 -1
168 6 6 20 10 169 1945 187 2013 18
816 5 -1
169 2 2 15 7 170 1946 188 2014 18
834 5 -1
170 9 9 26 10 171 1947 189 2015 18
838 2 -1
171 0 0 5 13 172 1948 190 2016 18
852 4 -1
172 9 9 20 16 173 1949 191 2017 18
855 4 -1
173 14 14 29 17 174 1950 192 2018 18
873 4 -1
174 4 4 14 12 175 1951 193 2019 18
889 5 -1
175 9 9 17 19 176 1952 194 2020 18
894 4 -1
176 3 3 10 14 177 1953 195 2021 18
901 9 -1
177 11 11 27 13 178 1954 196 2022 18
954 9 -1
178 17 17 31 21 179 1955 197 2023 18
978 4 -1
179 16 16 27 23 180 1956 198 2024 18
991 9 -1
180 17 17 17 35 181 1957 199 2025 18
1000 4 -1
181 17 17 22 30 182 1958 200 2026 18
3 4 -1
182 7 7 16 15 183 1959 200 2026 17
17 5 -1
183 10 10 25 12 184 1960 201 2027 17
18 9 -1
184 10 10 26 11 185 1961 202 2028 17
26 2 -1
185 13 13 17 26 186 1962 203 2029 17
27 2 -1
186 17 17 28 23 187 1963 204 2030 17
35 1 -1
187 10 10 13 24 188 1964 205 2031 17
46 2 -1
188 7 7 12 19 189 1965 206 2032 17
53 4 -1
189 7 7 24 7 190 1966 207 2033 17
65 5 -1
190 17 17 33 18 191 1967 208 2034 17
76 4 -1
191 10 10 19 18 192 1968 209 2035 17
81 1 -1
192 4 4 18 7 193 1969 210 2036 17
106 2 -1
193 15 15 27 20 194 1970 211 2037 17
120 4 -1
194 9 9 22 13 195 1971 212 2038 17
121 9 -1
195 11 11 21 18 196 1972 213 2039 17
143 4 -1
196 17 17 30 21 197 1973 214 2040 17
162 1 -1
197 1 1 13 6 198 1974 215 2041 17
197 4 -1
198 1 1 10 9 199 1975 216 2042 17
219 9 -1
199 1 1 11 8 200 1976 217 2043 17
232 4 -1
200 2 2 5 16 201 1977 218 2044 17
233 4 -1
201 0 0 8 9 202 1978 219 2045 17
238 9 -1
202 2 2 15 6 203 1979 220 2046 17
269 9 -1
203 7 7 13 18 204 1980 221 2047 17
290 5 -1
204 3 3 12 11 205 1981 222 2048 17
296 5 -1
205 4 4 6 19 206 1982 223 2049 17
298 1 -1
206 2 2 16 5 207 1983 224 2050 17
312 4 -1
207 10 10 24 13 208 1984 225 2051 17
387 4 -1
208 10 10 11 26 209 1985 226 2052 17
389 4 -1
209 3 3 15 8 210 1986 227 2053 17
399 1 -1
210 5 5 18 9 211 1987 228 2054 17
412 4 -1
211 6 6 15 14 212 1988 229 2055 17
435 4 -1
212 10 10 19 18 213 1989 230 2056 17
463 9 -1
213 1 1 7 12 214 1990 231 2057 17
477 4 -1
214 3 3 14 9 215 1991 232 2058 17
514 4 -1
215 1 1 2 17 216 1992 233 2059 17
521 4 -1
216 6 6 18 11 217 1993 234 2060 17
529 4 -1
217 5 5 15 12 218 1994 235 2061 17
533 4 -1
218 12 12 26 15 219 1995 236 2062 17
565 4 -1
219 3 3 13 10 220 1996 237 2063 17
575 4 -1
220 7 7 19 12 221 1997 238 2064 17
622 4 -1
221 3 3 3 20 222 1998 239 2065 17
635 4 -1
222 3 3 7 16 223 1999 240 2066 17
637 9 -1
223 8 8 22 11 224 2000 241 2067 17
638 2 -1
224 13 13 27 16 225 2001 242 2068 17
640 2 -1
225 17 17 21 30 226 2002 243 2069 17
659 1 -1
226 0 0 11 6 227 2003 244 2070 17
730 4 -1
227 1 1 5 14 228 2004 245 2071 17
745 9 -1
228 16 16 26 23 229 2005 246 2072 17
777 2 -1
229 8 8 10 23 230 2006 247 2073 17
785 1 -1
230 6 6 16 13 231 2007 248 2074 17
835 9 -1
231 13 13 13 30 232 2008 249 2075 17
875 4 -1
232 3 3 14 9 233 2009 250 2076 17
884 2 -1
233 5 5 6 21 234 2010 251 2077 17
890 4 -1
234 8 8 23 10 235 2011 252 2078 17
893 4 -1
235 4 4 4 21 236 2012 253 2079 17
898 4 -1
236 7 7 18 13 237 2013 254 2080 17
917 4 -1
237 7 7 12 19 238 2014 255 2081 17
918 9 -1
238 14 14 25 20 239 2015 256 2082 17
926 4 -1
239 5 5 15 12 240 2016 257 2083 17
933 9 -1
240 11 11 19 20 241 2017 258 2084 17
939 9 -1
241 14 14 19 26 242 2018 259 2085 17
955 4 -1
242 7 7 19 12 243 2019 260 2086 17
23 9 -1
243 2 2 6 14 244 2020 260 2086 16
59 5 -1
244 12 12 19 21 245 2021 261 2087 16
95 4 -1
245 0 0 9 7 246 2022 262 2088 16
109 5 -1
246 3 3 8 14 247 2023 263 2089 16
123 4 -1
247 6 6 8 20 248 2024 264 2090 16
145 2 -1
248 5 5 21 5 249 2025 265 2091 16
151 1 -1
249 16 16 22 26 250 2026 266 2092 16
177 1 -1
250 0 0 1 15 251 2027 267 2093 16
181 4 -1
251 8 8 12 20 252 2028 268 2094 16
182 4 -1
252 15 15 16 30 253 2029 269 2095 16
187 4 -1
253 3 3 10 12 254 2030 270 2096 16
252 4 -1
254 7 7 10 20 255 2031 271 2097 16
256 9 -1
255 13 13 24 18 256 2032 272 2098 16
262 5 -1
256 6 6 12 16 257 2033 273 2099 16
272 4 -1
257 1 1 17 1 258 2034 274 2100 16
294 4 -1
258 3 3 11 11 259 2035 275 2101 16
319 9 -1
259 11 11 11 27 260 2036 276 2102 16
333 4 -1
260 6 6 9 19 261 2037 277 2103 16
372 4 -1
261 16 16 24 24 262 2038 278 2104 16
383 5 -1
262 16 16 26 22 263 2039 279 2105 16
438 4 -1
263 6 6 14 14 264 2040 280 2106 16
447 1 -1
264 3 3 5 17 265 2041 281 2107 16
461 9 -1
265 13 13 24 18 266 2042 282 2108 16
464 1 -1
266 12 12 13 27 267 2043 283 2109 16
468 4 -1
267 1 1 9 9 268 2044 284 2110 16
471 1 -1
268 7 7 8 22 269 2045 285 2111 16
486 4 -1
269 12 12 28 12 270 2046 286 2112 16
497 4 -1
270 12 12 18 22 271 2047 287 2113 16
501 9 -1
271 14 14 18 26 272 2048 288 2114 16
503 9 -1
272 4 4 6 18 273 2049 289 2115 16
553 4 -1
273 10 10 10 26 274 2050 290 2116 16
554 4 -1
274 9 9 20 14 275 2051 291 2117 16
556 9 -1
275 15 15 30 16 276 2052 292 2118 16
557 2 -1
276 2 2 5 15 277 2053 293 2119 16
601 1 -1
277 2 2 5 15 278 2054 294 2120 16
624 9 -1
278 4 4 6 18 279 2055 295 2121 16
643 9 -1
279 8 8 12 20 280 2056 296 2122 16
644 2 -1
280 13 13 15 27 281 2057 297 2123 16
668 4 -1
281 12 12 23 17 282 2058 298 2124 16
676 2 -1
282 16 16 22 26 283 2059 299 2125 16
708 1 -1
283 7 7 18 12 284 2060 300 2126 16
722 9 -1
284 7 7 21 9 285 2061 301 2127 16
739 4 -1
285 5 5 8 18 286 2062 302 2128 16
761 4 -1
286 3 3 7 15 287 2063 303 2129 16
763 1 -1
287 9 9 15 19 288 2064 304 2130 16
796 5 -1
288 0 0 11 5 289 2065 305 2131 16
806 9 -1
289 9 9 14 20 290 2066 306 2132 16
807 4 -1
290 13 13 14 28 291 2067 307 2133 16
899 5 -1
291 15 15 25 21 292 2068 308 2134 16
900 9 -1
292 14 14 16 28 293 2069 309 2135 16
906 1 -1
293 8 8 19 13 294 2070 310 2136 16
941 9 -1
294 0 0 9 7 295 2071 311 2137 16
993 4 -1
295 3 3 18 4 296 2072 312 2138 16
19 2 -1
296 0 0 12 3 297 2073 312 2138 15
25 1 -1
297 3 3 7 14 298 2074 313 2139 15
44 4 -1
298 3 3 15 6 299 2075 314 2140 15
70 5 -1
299 0 0 4 11 300 2076 315 2141 15
77 4 -1
300 2 2 2 17 301 2077 316 2142 15
80 4 -1
301 13 13 25 16 302 2078 317 2143 15
117 5 -1
302 11 11 20 17 303 2079 318 2144 15
119 1 -1
303 1 1 9 8 304 2080 319 2145 15
124 4 -1
304 11 11 23 14 305 2081 320 2146 15
126 2 -1
305 6 6 18 9 306 2082 321 2147 15
134 5 -1
306 11 11 11 26 307 2083 322 2148 15
149 1 -1
307 14 14 15 28 308 2084 323 2149 15
165 1 -1
308 6 6 15 12 309 2085 324 2150 15
199 1 -1
309 4 4 8 15 310 2086 325 2151 15
241 4 -1
310 10 10 10 25 311 2087 326 2152 15
271 4 -1
311 13 13 26 15 312 2088 327 2153 15
276 4 -1
312 15 15 20 25 313 2089 328 2154 15
277 9 -1
313 4 4 7 16 314 2090 329 2155 15
291 4 -1
314 14 14 16 27 315 2091 330 2156 15
292 4 -1
315 15 15 28 17 316 2092 331 2157 15
307 4 -1
316 6 6 9 18 317 2093 332 2158 15
310 4 -1
317 13 13 17 24 318 2094 333 2159 15
321 2 -1
318 2 2 13 6 319 2095 334 2160 15
324 4 -1
319 5 5 12 13 320 2096 335 2161 15
325 9 -1
320 15 15 15 30 321 2097 336 2162 15
332 4 -1
321 4 4 8 15 322 2098 337 2163 15
363 2 -1
322 1 1 8 9 323 2099 338 2164 15
407 4 -1
323 15 15 21 24 324 2100 339 2165 15
413 9 -1
324 0 0 9 6 325 2101 340 2166 15
414 5 -1
325 12 12 20 19 326 2102 341 2167 15
434 4 -1
326 9 9 17 16 327 2103 342 2168 15
446 4 -1
327 14 14 21 22 328 2104 343 2169 15
448 1 -1
328 3 3 12 9 329 2105 344 2170 15
500 4 -1
329 13 13 25 16 330 2106 345 2171 15
506 4 -1
330 1 1 5 12 331 2107 346 2172 15
525 4 -1
331 10 10 15 20 332 2108 347 2173 15
548 4 -1
332 4 4 7 16 333 2109 348 2174 15
595 4 -1
333 7 7 13 16 334 2110 349 2175 15
598 4 -1
334 9 9 14 19 335 2111 350 2176 15
614 4 -1
335 1 1 2 15 336 2112 351 2177 15
615 4 -1
336 15 15 26 19 337 2113 352 2178 15
619 9 -1
337 5 5 6 19 338 2114 353 2179 15
631 4 -1
338 12 12 15 24 339 2115 354 2180 15
695 4 -1
339 3 3 15 6 340 2116 355 2181 15
719 9 -1
340 3 3 17 4 341 2117 356 2182 15
754 4 -1
341 2 2 9 10 342 2118 357 2183 15
770 2 -1
342 13 13 28 13 343 2119 358 2184 15
772 4 -1
343 14 14 26 17 344 2120 359 2185 15
775 4 -1
344 11 11 14 23 345 2121 360 2186 15
830 4 -1
345 5 5 9 16 346 2122 361 2187 15
857 5 -1
346 8 8 15 16 347 2123 362 2188 15
874 4 -1
347 12 12 13 26 348 2124 363 2189 15
880 4 -1
348 0 0 12 3 349 2125 364 2190 15
913 1 -1
349 0 0 11 4 350 2126 365 2191 15
929 4 -1
350 6 6 15 12 351 2127 366 2192 15
946 4 -1
351 2 2 11 8 352 2128 367 2193 15
973 4 -1
352 1 1 8 9 353 2129 368 2194 15
995 5 -1
353 10 10 18 17 354 2130 369 2195 15
33 4 -1
354 7 7 10 18 355 2131 369 2195 14
100 4 -1
355 14 14 16 26 356 2132 370 2196 14
103 4 -1
356 1 1 9 7 357 2133 371 2197 14
108 4 -1
357 5 5 14 10 358 2134 372 2198 14
159 5 -1
358 7 7 15 13 359 2135 373 2199 14
196 1 -1
359 1 1 10 6 360 2136 374 2200 14
218 1 -1
360 5 5 10 14 361 2137 375 2201 14
222 1 -1
361 7 7 17 11 362 2138 376 2202 14
229 5 -1
362 13 13 13 27 363 2139 377 2203 14
236 4 -1
363 0 0 8 6 364 2140 378 2204 14
243 4 -1
364 6 6 6 20 365 2141 379 2205 14
286 4 -1
365 10 10 24 10 366 2142 380 2206 14
329 4 -1
366 13 13 27 13 367 2143 381 2207 14
351 1 -1
367 2 2 15 3 368 2144 382 2208 14
352 5 -1
368 3 3 5 15 369 2145 383 2209 14
356 1 -1
369 1 1 9 7 370 2146 384 2210 14
359 4 -1
370 11 11 24 12 371 2147 385 2211 14
371 4 -1
371 6 6 8 18 372 2148 386 2212 14
374 4 -1
372 1 1 4 12 373 2149 387 2213 14
380 2 -1
373 14 14 18 24 374 2150 388 2214 14
384 4 -1
374 3 3 10 10 375 2151 389 2215 14
390 5 -1
375 9 9 13 19 376 2152 390 2216 14
393 4 -1
376 4 4 13 9 377 2153 391 2217 14
410 4 -1
377 5 5 15 9 378 2154 392 2218 14
426 4 -1
378 0 0 8 6 379 2155 393 2219 14
469 2 -1
379 14 14 14 28 380 2156 394 2220 14
535 1 -1
380 1 1 8 8 381 2157 395 2221 14
580 4 -1
381 0 0 7 7 382 2158 396 2222 14
584 4 -1
382 4 4 5 17 383 2159 397 2223 14
588 9 -1
383 12 12 12 26 384 2160 398 2224 14
590 2 -1
384 14 14 24 18 385 2161 399 2225 14
596 4 -1
385 7 7 12 16 386 2162 400 2226 14
618 2 -1
386 0 0 11 3 387 2163 401 2227 14
620 4 -1
387 14 14 16 26 388 2164 402 2228 14
626 9 -1
388 4 4 11 11 389 2165 403 2229 14
652 5 -1
389 3 3 6 14 390 2166 404 2230 14
656 9 -1
390 12 12 14 24 391 2167 405 2231 14
657 5 -1
391 9 9 9 23 392 2168 406 2232 14
663 9 -1
392 9 9 9 23 393 2169 407 2233 14
666 4 -1
393 13 13 13 27 394 2170 408 2234 14
670 1 -1
394 11 11 22 14 395 2171 409 2235 14
673 9 -1
395 3 3 12 8 396 2172 410 2236 14
687 4 -1
396 4 4 16 6 397 2173 411 2237 14
710 1 -1
397 11 11 18 18 398 2174 412 2238 14
713 1 -1
398 5 5 5 19 399 2175 413 2239 14
724 4 -1
399 9 9 10 22 400 2176 414 2240 14
748 4 -1
400 9 9 9 23 401 2177 415 2241 14
753 2 -1
401 4 4 4 18 402 2178 416 2242 14
757 5 -1
402 1 1 8 8 403 2179 417 2243 14
778 9 -1
403 6 6 11 15 404 2180 418 2244 14
790 4 -1
404 9 9 19 13 405 2181 419 2245 14
795 2 -1
405 10 10 24 10 406 2182 420 2246 14
831 5 -1
406 10 10 20 14 407 2183 421 2247 14
837 1 -1
407 11 11 19 17 408 2184 422 2248 14
839 4 -1
408 4 4 18 4 409 2185 423 2249 14
842 9 -1
409 2 2 4 14 410 2186 424 2250 14
879 9 -1
410 11 11 22 14 411 2187 425 2251 14
882 4 -1
411 3 3 11 9 412 2188 426 2252 14
909 9 -1
412 13 13 21 19 413 2189 427 2253 14
914 9 -1
413 14 14 16 26 414 2190 428 2254 14
920 4 -1
414 3 3 7 13 415 2191 429 2255 14
923 4 -1
415 12 12 25 13 416 2192 430 2256 14
943 4 -1
416 3 3 11 9 417 2193 431 2257 14
956 9 -1
417 14 14 25 17 418 2194 432 2258 14
988 4 -1
418 9 9 10 22 419 2195 433 2259 14
989 9 -1
419 7 7 11 17 420 2196 434 2260 14
14 4 -1
420 12 12 21 16 421 2197 434 2260 13
20 9 -1
421 3 3 16 3 422 2198 435 2261 13
71 4 -1
422 0 0 2 11 423 2199 436 2262 13
83 4 -1
423 2 2 14 3 424 2200 437 2263 13
93 4 -1
424 0 0 6 7 425 2201 438 2264 13
113 4 -1
425 6 6 15 10 426 2202 439 2265 13
114 4 -1
426 6 6 15 10 427 2203 440 2266 13
116 2 -1
427 11 11 23 12 428 2204 441 2267 13
132 5 -1
428 4 4 6 15 429 2205 442 2268 13
150 5 -1
429 10 10 13 20 430 2206 443 2269 13
160 4 -1
430 6 6 7 18 431 2207 444 2270 13
163 9 -1
431 13 13 13 26 432 2208 445 2271 13
170 1 -1
432 4 4 17 4 433 2209 446 2272 13
184 4 -1
433 3 3 13 6 434 2210 447 2273 13
191 9 -1
434 7 7 8 19 435 2211 448 2274 13
192 4 -1
435 11 11 11 24 436 2212 449 2275 13
212 2 -1
436 8 8 13 16 437 2213 450 2276 13
220 4 -1
437 5 5 15 8 438 2214 451 2277 13
245 4 -1
438 12 12 13 24 439 2215 452 2278 13
251 1 -1
439 5 5 17 6 440 2216 453 2279 13
257 4 -1
440 8 8 13 16 441 2217 454 2280 13
265 4 -1
441 11 11 13 22 442 2218 455 2281 13
278 4 -1
442 10 10 12 21 443 2219 456 2282 13
347 4 -1
443 10 10 14 19 444 2220 457 2283 13
349 4 -1
444 3 3 10 9 445 2221 458 2284 13
392 4 -1
445 0 0 8 5 446 2222 459 2285 13
422 2 -1
446 7 7 9 18 447 2223 460 2286 13
482 4 -1
447 6 6 14 11 448 2224 461 2287 13
487 5 -1
448 1 1 14 1 449 2225 462 2288 13
496 9 -1
449 4 4 17 4 450 2226 463 2289 13
499 1 -1
450 0 0 8 5 451 2227 464 2290 13
522 1 -1
451 13 13 18 21 452 2228 465 2291 13
537 4 -1
452 1 1 13 2 453 2229 466 2292 13
546 9 -1
453 0 0 4 9 454 2230 467 2293 13
569 2 -1
454 4 4 7 14 455 2231 468 2294 13
591 4 -1
455 3 3 13 6 456 2232 469 2295 13
602 5 -1
456 10 10 17 16 457 2233 470 2296 13
607 4 -1
457 13 13 21 18 458 2234 471 2297 13
610 4 -1
458 4 4 10 11 459 2235 472 2298 13
611 4 -1
459 7 7 20 7 460 2236 473 2299 13
641 4 -1
460 2 2 8 9 461 2237 474 2300 13
648 4 -1
461 9 9 17 14 462 2238 475 2301 13
681 9 -1
462 13 13 19 20 463 2239 476 2302 13
686 9 -1
463 1 1 13 2 464 2240 477 2303 13
703 9 -1
464 13 13 21 18 465 2241 478 2304 13
704 1 -1
465 5 5 10 13 466 2242 479 2305 13
715 4 -1
466 2 2 11 6 467 2243 480 2306 13
731 9 -1
467 13 13 24 15 468 2244 481 2307 13
733 4 -1
468 6 6 17 8 469 2245 482 2308 13
734 9 -1
469 12 12 13 24 470 2246 483 2309 13
743 5 -1
470 9 9 13 18 471 2247 484 2310 13
773 9 -1
471 6 6 13 12 472 2248 485 2311 13
780 9 -1
472 12 12 12 25 473 2249 486 2312 13
797 1 -1
473 12 12 15 22 474 2250 487 2313 13
804 4 -1
474 4 4 6 15 475 2251 488 2314 13
843 4 -1
475 8 8 19 10 476 2252 489 2315 13
867 1 -1
476 13 13 26 13 477 2253 490 2316 13
877 9 -1
477 9 9 10 21 478 2254 491 2317 13
887 4 -1
478 1 1 11 4 479 2255 492 2318 13
932 4 -1
479 4 4 14 7 480 2256 493 2319 13
936 1 -1
480 13 13 24 15 481 2257 494 2320 13
942 9 -1
481 1 1 11 4 482 2258 495 2321 13
959 4 -1
482 6 6 17 8 483 2259 496 2322 13
997 2 -1
483 6 6 18 7 484 2260 497 2323 13
2 9 -1
484 4 4 9 11 485 2261 497 2323 12
15 2 -1
485 11 11 21 13 486 2262 498 2324 12
28 9 -1
486 0 0 9 3 487 2263 499 2325 12
31 2 -1
487 12 12 16 20 488 2264 500 2326 12
36 4 -1
488 10 10 16 16 489 2265 501 2327 12
67 9 -1
489 0 0 0 12 490 2266 502 2328 12
68 4 -1
490 6 6 17 7 491 2267 503 2329 12
91 4 -1
491 2 2 12 4 492 2268 504 2330 12
153 9 -1
492 10 10 11 21 493 2269 505 2331 12
189 4 -1
493 3 3 15 3 494 2270 506 2332 12
190 5 -1
494 4 4 13 7 495 2271 507 2333 12
195 4 -1
495 9 9 20 10 496 2272 508 2334 12
203 5 -1
496 9 9 15 15 497 2273 509 2335 12
204 1 -1
497 10 10 16 16 498 2274 510 2336 12
207 4 -1
498 0 0 7 5 499 2275 511 2337 12
214 1 -1
499 10 10 18 14 500 2276 512 2338 12
216 4 -1
500 12 12 12 24 501 2277 513 2339 12
221 4 -1
501 11 11 21 13 502 2278 514 2340 12
223 1 -1
502 0 0 11 1 503 2279 515 2341 12
230 2 -1
503 2 2 7 9 504 2280 516 2342 12
240 4 -1
504 8 8 20 8 505 2281 517 2343 12
281 4 -1
505 2 2 10 6 506 2282 518 2344 12
283 9 -1
506 5 5 10 12 507 2283 519 2345 12
302 9 -1
507 11 11 23 11 508 2284 520 2346 12
314 2 -1
508 5 5 16 6 509 2285 521 2347 12
334 9 -1
509 9 9 9 21 510 2286 522 2348 12
355 9 -1
510 6 6 14 10 511 2287 523 2349 12
402 2 -1
511 6 6 17 7 512 2288 524 2350 12
416 4 -1
512 12 12 21 15 513 2289 525 2351 12
417 4 -1
513 11 11 20 14 514 2290 526 2352 12
420 2 -1
514 10 10 17 15 515 2291 527 2353 12
450 4 -1
515 12 12 22 14 516 2292 528 2354 12
451 5 -1
516 9 9 15 15 517 2293 529 2355 12
459 5 -1
517 3 3 15 3 518 2294 530 2356 12
466 9 -1
518 8 8 9 19 519 2295 531 2357 12
476 1 -1
519 1 1 4 10 520 2296 532 2358 12
478 4 -1
520 2 2 3 13 521 2297 533 2359 12
489 1 -1
521 11 11 13 21 522 2298 534 2360 12
508 4 -1
522 1 1 4 10 523 2299 535 2361 12
510 9 -1
523 8 8 10 18 524 2300 536 2362 12
532 1 -1
524 10 10 18 14 525 2301 537 2363 12
545 1 -1
525 6 6 11 13 526 2302 538 2364 12
564 4 -1
526 12 12 24 12 527 2303 539 2365 12
567 2 -1
527 10 10 22 10 528 2304 540 2366 12
571 4 -1
528 0 0 2 10 529 2305 541 2367 12
579 4 -1
529 10 10 14 18 530 2306 542 2368 12
599 4 -1
530 0 0 10 2 531 2307 543 2369 12
613 1 -1
531 2 2 3 13 532 2308 544 2370 12
629 2 -1
532 12 12 22 14 533 2309 545 2371 12
649 9 -1
533 10 10 11 21 534 2310 546 2372 12
661 4 -1
534 4 4 14 6 535 2311 547 2373 12
679 1 -1
535 8 8 12 16 536 2312 548 2374 12
688 1 -1
536 7 7 19 7 537 2313 549 2375 12
689 5 -1
537 4 4 6 14 538 2314 550 2376 12
712 9 -1
538 2 2 7 9 539 2315 551 2377 12
742 9 -1
539 11 11 15 19 540 2316 552 2378 12
764 4 -1
540 10 10 11 21 541 2317 553 2379 12
768 4 -1
541 8 8 14 14 542 2318 554 2380 12
811 4 -1
542 9 9 14 16 543 2319 555 2381 12
812 9 -1
543 0 0 8 4 544 2320 556 2382 12
827 4 -1
544 1 1 2 12 545 2321 557 2383 12
845 5 -1
545 12 12 20 16 546 2322 558 2384 12
862 4 -1
546 4 4 5 15 547 2323 559 2385 12
883 9 -1
547 9 9 9 21 548 2324 560 2386 12
885 4 -1
548 1 1 4 10 549 2325 561 2387 12
888 9 -1
549 10 10 15 17 550 2326 562 2388 12
912 4 -1
550 6 6 17 7 551 2327 563 2389 12
916 4 -1
551 10 10 18 14 552 2328 564 2390 12
925 2 -1
552 10 10 18 14 553 2329 565 2391 12
928 2 -1
553 10 10 10 22 554 2330 566 2392 12
957 4 -1
554 9 9 13 17 555 2331 567 2393 12
969 5 -1
555 4 4 10 10 556 2332 568 2394 12
975 4 -1
556 5 5 17 5 557 2333 569 2395 12
990 4 -1
557 6 6 9 15 558 2334 570 2396 12
10 4 -1
558 8 8 14 13 559 2335 570 2396 11
30 4 -1
559 7 7 16 9 560 2336 571 2397 11
54 9 -1
560 2 2 12 3 561 2337 572 2398 11
79 9 -1
561 0 0 11 0 562 2338 573 2399 11
82 5 -1
562 2 2 11 4 563 2339 574 2400 11
102 5 -1
563 11 11 19 14 564 2340 575 2401 11
104 4 -1
564 8 8 14 13 565 2341 576 2402 11
110 4 -1
565 10 10 17 14 566 2342 577 2403 11
125 5 -1
566 9 9 9 20 567 2343 578 2404 11
128 5 -1
567 3 3 10 7 568 2344 579 2405 11
138 5 -1
568 4 4 11 8 569 2345 580 2406 11
139 4 -1
569 11 11 15 18 570 2346 581 2407 11
164 9 -1
570 9 9 16 13 571 2347 582 2408 11
167 9 -1
571 0 0 5 6 572 2348 583 2409 11
171 1 -1
572 1 1 4 9 573 2349 584 2410 11
172 9 -1
573 8 8 13 14 574 2350 585 2411 11
174 5 -1
574 1 1 2 11 575 2351 586 2412 11
198 4 -1
575 6 6 9 14 576 2352 587 2413 11
211 4 -1
576 0 0 8 3 577 2353 588 2414 11
217 4 -1
577 2 2 10 5 578 2354 589 2415 11
253 9 -1
578 11 11 12 21 579 2355 590 2416 11
255 4 -1
579 4 4 15 4 580 2356 591 2417 11
263 4 -1
580 7 7 10 15 581 2357 592 2418 11
268 4 -1
581 1 1 6 7 582 2358 593 2419 11
287 5 -1
582 9 9 20 9 583 2359 594 2420 11
300 9 -1
583 0 0 4 7 584 2360 595 2421 11
337 5 -1
584 5 5 7 14 585 2361 596 2422 11
342 4 -1
585 3 3 6 11 586 2362 597 2423 11
386 5 -1
586 8 8 13 14 587 2363 598 2424 11
394 9 -1
587 1 1 4 9 588 2364 599 2425 11
396 4 -1
588 6 6 8 15 589 2365 600 2426 11
411 4 -1
589 3 3 10 7 590 2366 601 2427 11
423 4 -1
590 11 11 12 21 591 2367 602 2428 11
437 4 -1
591 6 6 11 12 592 2368 603 2429 11
440 4 -1
592 11 11 11 22 593 2369 604 2430 11
442 5 -1
593 10 10 11 20 594 2370 605 2431 11
460 5 -1
594 5 5 5 16 595 2371 606 2432 11
472 5 -1
595 1 1 10 3 596 2372 607 2433 11
490 4 -1
596 10 10 15 16 597 2373 608 2434 11
492 4 -1
597 8 8 12 15 598 2374 609 2435 11
511 4 -1
598 3 3 13 4 599 2375 610 2436 11
551 4 -1
599 5 5 7 14 600 2376 611 2437 11
583 4 -1
600 3 3 5 12 601 2377 612 2438 11
600 4 -1
601 6 6 15 8 602 2378 613 2439 11
621 4 -1
602 0 0 8 3 603 2379 614 2440 11
642 1 -1
603 10 10 19 12 604 2380 615 2441 11
660 1 -1
604 9 9 19 10 605 2381 616 2442 11
664 4 -1
605 8 8 12 15 606 2382 617 2443 11
680 4 -1
606 4 4 4 15 607 2383 618 2444 11
697 4 -1
607 11 11 21 12 608 2384 619 2445 11
727 4 -1
608 6 6 16 7 609 2385 620 2446 11
749 4 -1
609 9 9 17 12 610 2386 621 2447 11
752 9 -1
610 1 1 6 7 611 2387 622 2448 11
760 1 -1
611 0 0 1 10 612 2388 623 2449 11
762 9 -1
612 5 5 11 10 613 2389 624 2450 11
787 2 -1
613 0 0 0 11 614 2390 625 2451 11
793 2 -1
614 9 9 18 11 615 2391 626 2452 11
794 1 -1
615 10 10 20 11 616 2392 627 2453 11
810 4 -1
616 9 9 16 13 617 2393 628 2454 11
815 4 -1
617 6 6 11 12 618 2394 629 2455 11
817 9 -1
618 5 5 12 9 619 2395 630 2456 11
824 2 -1
619 11 11 11 22 620 2396 631 2457 11
851 5 -1
620 2 2 13 2 621 2397 632 2458 11
856 4 -1
621 5 5 14 7 622 2398 633 2459 11
860 4 -1
622 3 3 9 8 623 2399 634 2460 11
891 1 -1
623 3 3 10 7 624 2400 635 2461 11
911 9 -1
624 4 4 8 11 625 2401 636 2462 11
924 9 -1
625 3 3 9 8 626 2402 637 2463 11
983 9 -1
626 9 9 18 11 627 2403 638 2464 11
37 1 -1
627 4 4 14 4 628 2404 638 2464 10
51 1 -1
628 5 5 10 10 629 2405 639 2465 10
57 1 -1
629 10 10 19 11 630 2406 640 2466 10
58 1 -1
630 6 6 8 14 631 2407 641 2467 10
61 9 -1
631 0 0 3 7 632 2408 642 2468 10
69 4 -1
632 1 1 11 1 633 2409 643 2469 10
155 4 -1
633 3 3 9 7 634 2410 644 2470 10
180 4 -1
634 8 8 16 10 635 2411 645 2471 10
188 1 -1
635 6 6 10 12 636 2412 646 2472 10
200 9 -1
636 8 8 13 13 637 2413 647 2473 10
208 4 -1
637 0 0 9 1 638 2414 648 2474 10
228 5 -1
638 7 7 11 13 639 2415 649 2475 10
242 1 -1
639 2 2 7 7 640 2416 650 2476 10
267 1 -1
640 10 10 10 20 641 2417 651 2477 10
275 4 -1
641 5 5 8 12 642 2418 652 2478 10
279 2 -1
642 9 9 17 11 643 2419 653 2479 10
301 1 -1
643 8 8 18 8 644 2420 654 2480 10
316 4 -1
644 6 6 11 11 645 2421 655 2481 10
322 2 -1
645 8 8 13 13 646 2422 656 2482 10
328 4 -1
646 9 9 16 12 647 2423 657 2483 10
345 1 -1
647 8 8 8 18 648 2424 658 2484 10
354 5 -1
648 7 7 13 11 649 2425 659 2485 10
360 9 -1
649 2 2 10 4 650 2426 660 2486 10
368 2 -1
650 3 3 6 10 651 2427 661 2487 10
370 4 -1
651 4 4 14 4 652 2428 662 2488 10
376 4 -1
652 5 5 15 5 653 2429 663 2489 10
385 4 -1
653 1 1 7 5 654 2430 664 2490 10
388 1 -1
654 8 8 10 16 655 2431 665 2491 10
405 5 -1
655 6 6 15 7 656 2432 666 2492 10
408 9 -1
656 0 0 8 2 657 2433 667 2493 10
439 4 -1
657 0 0 8 2 658 2434 668 2494 10
449 4 -1
658 9 9 16 12 659 2435 669 2495 10
458 4 -1
659 7 7 13 11 660 2436 670 2496 10
473 9 -1
660 1 1 8 4 661 2437 671 2497 10
474 4 -1
661 0 0 1 9 662 2438 672 2498 10
475 4 -1
662 4 4 5 13 663 2439 673 2499 10
479 1 -1
663 4 4 8 10 664 2440 674 2500 10
504 9 -1
664 7 7 13 11 665 2441 675 2501 10
518 4 -1
665 10 10 10 20 666 2442 676 2502 10
520 9 -1
666 0 0 4 6 667 2443 677 2503 10
523 1 -1
667 6 6 6 16 668 2444 678 2504 10
528 9 -1
668 1 1 4 8 669 2445 679 2505 10
552 4 -1
669 0 0 3 7 670 2446 680 2506 10
560 9 -1
670 2 2 12 2 671 2447 681 2507 10
563 5 -1
671 3 3 5 11 672 2448 682 2508 10
568 4 -1
672 5 5 12 8 673 2449 683 2509 10
570 4 -1
673 6 6 15 7 674 2450 684 2510 10
572 1 -1
674 6 6 12 10 675 2451 685 2511 10
578 4 -1
675 10 10 12 18 676 2452 686 2512 10
585 4 -1
676 7 7 10 14 677 2453 687 2513 10
634 9 -1
677 8 8 15 11 678 2454 688 2514 10
636 9 -1
678 10 10 13 17 679 2455 689 2515 10
655 1 -1
679 1 1 7 5 680 2456 690 2516 10
683 5 -1
680 4 4 7 11 681 2457 691 2517 10
701 2 -1
681 10 10 13 17 682 2458 692 2518 10
750 4 -1
682 0 0 4 6 683 2459 693 2519 10
758 2 -1
683 8 8 9 17 684 2460 694 2520 10
759 9 -1
684 6 6 14 8 685 2461 695 2521 10
774 4 -1
685 7 7 14 10 686 2462 696 2522 10
786 4 -1
686 4 4 8 10 687 2463 697 2523 10
801 5 -1
687 9 9 15 13 688 2464 698 2524 10
809 4 -1
688 3 3 8 8 689 2465 699 2525 10
840 9 -1
689 6 6 14 8 690 2466 700 2526 10
844 4 -1
690 0 0 7 3 691 2467 701 2527 10
868 4 -1
691 10 10 10 20 692 2468 702 2528 10
878 2 -1
692 9 9 15 13 693 2469 703 2529 10
903 2 -1
693 4 4 12 6 694 2470 704 2530 10
904 4 -1
694 5 5 5 15 695 2471 705 2531 10
915 4 -1
695 10 10 10 20 696 2472 706 2532 10
922 5 -1
696 6 6 14 8 697 2473 707 2533 10
930 1 -1
697 2 2 11 3 698 2474 708 2534 10
945 4 -1
698 10 10 12 18 699 2475 709 2535 10
949 9 -1
699 6 6 16 6 700 2476 710 2536 10
958 9 -1
700 9 9 10 18 701 2477 711 2537 10
963 9 -1
701 6 6 14 8 702 2478 712 2538 10
976 4 -1
702 4 4 10 8 703 2479 713 2539 10
979 9 -1
703 9 9 13 15 704 2480 714 2540 10
980 9 -1
704 3 3 10 6 705 2481 715 2541 10
4 9 -1
705 6 6 15 6 706 2482 715 2541 9
5 4 -1
706 9 9 10 17 707 2483 716 2542 9
6 9 -1
707 5 5 11 8 708 2484 717 2543 9
29 4 -1
708 4 4 10 7 709 2485 718 2544 9
34 4 -1
709 2 2 4 9 710 2486 719 2545 9
52 1 -1
710 1 1 2 9 711 2487 720 2546 9
84 9 -1
711 4 4 7 10 712 2488 721 2547 9
87 4 -1
712 4 4 10 7 713 2489 722 2548 9
90 4 -1
713 7 7 10 13 714 2490 723 2549 9
105 4 -1
714 8 8 8 17 715 2491 724 2550 9
111 9 -1
715 6 6 10 11 716 2492 725 2551 9
140 4 -1
716 3 3 3 12 717 2493 726 2552 9
142 4 -1
717 6 6 14 7 718 2494 727 2553 9
148 9 -1
718 4 4 6 11 719 2495 728 2554 9
152 2 -1
719 8 8 12 13 720 2496 729 2555 9
156 4 -1
720 7 7 8 15 721 2497 730 2556 9
158 4 -1
721 9 9 17 10 722 2498 731 2557 9
168 2 -1
722 6 6 12 9 723 2499 732 2558 9
173 2 -1
723 6 6 13 8 724 2500 733 2559 9
179 4 -1
724 0 0 8 1 725 2501 734 2560 9
194 9 -1
725 2 2 7 6 726 2502 735 2561 9
215 4 -1
726 0 0 5 4 727 2503 736 2562 9
249 9 -1
727 5 5 9 10 728 2504 737 2563 9
260 5 -1
728 8 8 11 14 729 2505 738 2564 9
282 9 -1
729 1 1 3 8 730 2506 739 2565 9
288 2 -1
730 8 8 16 9 731 2507 740 2566 9
289 4 -1
731 7 7 10 13 732 2508 741 2567 9
303 2 -1
732 6 6 9 12 733 2509 742 2568 9
346 4 -1
733 4 4 5 12 734 2510 743 2569 9
357 2 -1
734 1 1 1 10 735 2511 744 2570 9
418 9 -1
735 9 9 11 16 736 2512 745 2571 9
421 1 -1
736 7 7 13 10 737 2513 746 2572 9
428 5 -1
737 5 5 11 8 738 2514 747 2573 9
436 5 -1
738 0 0 2 7 739 2515 748 2574 9
465 9 -1
739 8 8 8 17 740 2516 749 2575 9
488 5 -1
740 7 7 14 9 741 2517 750 2576 9
502 1 -1
741 4 4 6 11 742 2518 751 2577 9
527 4 -1
742 3 3 7 8 743 2519 752 2578 9
531 1 -1
743 6 6 9 12 744 2520 753 2579 9
574 5 -1
744 3 3 10 5 745 2521 754 2580 9
582 1 -1
745 8 8 9 16 746 2522 755 2581 9
592 5 -1
746 8 8 8 17 747 2523 756 2582 9
608 9 -1
747 6 6 8 13 748 2524 757 2583 9
630 4 -1
748 6 6 8 13 749 2525 758 2584 9
653 2 -1
749 2 2 7 6 750 2526 759 2585 9
662 5 -1
750 3 3 8 7 751 2527 760 2586 9
672 1 -1
751 4 4 4 13 752 2528 761 2587 9
677 9 -1
752 1 1 9 2 753 2529 762 2588 9
714 4 -1
753 9 9 13 14 754 2530 763 2589 9
718 9 -1
754 8 8 9 16 755 2531 764 2590 9
740 2 -1
755 1 1 7 4 756 2532 765 2591 9
756 4 -1
756 3 3 9 6 757 2533 766 2592 9
771 1 -1
757 0 0 3 6 758 2534 767 2593 9
800 4 -1
758 5 5 13 6 759 2535 768 2594 9
818 4 -1
759 8 8 9 16 760 2536 769 2595 9
836 9 -1
760 3 3 10 5 761 2537 770 2596 9
859 4 -1
761 4 4 6 11 762 2538 771 2597 9
866 4 -1
762 3 3 3 12 763 2539 772 2598 9
886 5 -1
763 5 5 11 8 764 2540 773 2599 9
897 9 -1
764 9 9 13 14 765 2541 774 2600 9
934 4 -1
765 4 4 5 12 766 2542 775 2601 9
940 9 -1
766 4 4 11 6 767 2543 776 2602 9
950 5 -1
767 5 5 11 8 768 2544 777 2603 9
970 4 -1
768 7 7 10 13 769 2545 778 2604 9
984 5 -1
769 9 9 12 15 770 2546 779 2605 9
986 4 -1
770 7 7 16 7 771 2547 780 2606 9
987 4 -1
771 1 1 5 6 772 2548 781 2607 9
994 5 -1
772 6 6 10 11 773 2549 782 2608 9
1 4 -1
773 3 3 5 9 774 2550 782 2608 8
11 4 -1
774 0 0 0 8 775 2551 783 2609 8
24 4 -1
775 0 0 3 5 776 2552 784 2610 8
39 4 -1
776 0 0 2 6 777 2553 785 2611 8
42 2 -1
777 2 2 9 3 778 2554 786 2612 8
47 4 -1
778 5 5 5 13 779 2555 787 2613 8
50 2 -1
779 6 6 14 6 780 2556 788 2614 8
55 1 -1
780 5 5 5 13 781 2557 789 2615 8
63 4 -1
781 2 2 5 7 782 2558 790 2616 8
64 9 -1
782 6 6 12 8 783 2559 791 2617 8
66 9 -1
783 4 4 10 6 784 2560 792 2618 8
89 9 -1
784 6 6 12 8 785 2561 793 2619 8
94 4 -1
785 2 2 6 6 786 2562 794 2620 8
98 1 -1
786 6 6 7 13 787 2563 795 2621 8
101 5 -1
787 3 3 11 3 788 2564 796 2622 8
115 9 -1
788 1 1 2 8 789 2565 797 2623 8
127 4 -1
789 2 2 8 4 790 2566 798 2624 8
147 2 -1
790 0 0 8 0 791 2567 799 2625 8
185 1 -1
791 0 0 2 6 792 2568 800 2626 8
186 4 -1
792 5 5 6 12 793 2569 801 2627 8
210 4 -1
793 0 0 0 8 794 2570 802 2628 8
213 1 -1
794 6 6 13 7 795 2571 803 2629 8
225 4 -1
795 8 8 16 8 796 2572 804 2630 8
234 4 -1
796 8 8 10 14 797 2573 805 2631 8
244 1 -1
797 8 8 12 12 798 2574 806 2632 8
247 2 -1
798 7 7 7 15 799 2575 807 2633 8
259 5 -1
799 0 0 0 8 800 2576 808 2634 8
295 1 -1
800 1 1 3 7 801 2577 809 2635 8
305 2 -1
801 2 2 4 8 802 2578 810 2636 8
326 9 -1
802 7 7 10 12 803 2579 811 2637 8
327 4 -1
803 7 7 14 8 804 2580 812 2638 8
335 9 -1
804 5 5 6 12 805 2581 813 2639 8
340 4 -1
805 1 1 7 3 806 2582 814 2640 8
348 4 -1
806 5 5 10 8 807 2583 815 2641 8
367 9 -1
807 0 0 8 0 808 2584 816 2642 8
391 9 -1
808 2 2 10 2 809 2585 817 2643 8
406 1 -1
809 4 4 8 8 810 2586 818 2644 8
424 4 -1
810 7 7 15 7 811 2587 819 2645 8
427 4 -1
811 8 8 11 13 812 2588 820 2646 8
429 4 -1
812 5 5 9 9 813 2589 821 2647 8
433 4 -1
813 4 4 12 4 814 2590 822 2648 8
452 2 -1
814 4 4 7 9 815 2591 823 2649 8
453 5 -1
815 7 7 7 15 816 2592 824 2650 8
456 5 -1
816 4 4 10 6 817 2593 825 2651 8
457 2 -1
817 4 4 10 6 818 2594 826 2652 8
494 2 -1
818 3 3 10 4 819 2595 827 2653 8
505 9 -1
819 4 4 11 5 820 2596 828 2654 8
544 2 -1
820 0 0 5 3 821 2597 829 2655 8
550 1 -1
821 6 6 6 14 822 2598 830 2656 8
573 2 -1
822 6 6 13 7 823 2599 831 2657 8
625 9 -1
823 5 5 11 7 824 2600 832 2658 8
650 9 -1
824 7 7 11 11 825 2601 833 2659 8
665 5 -1
825 6 6 13 7 826 2602 834 2660 8
692 4 -1
826 2 2 6 6 827 2603 835 2661 8
700 4 -1
827 3 3 9 5 828 2604 836 2662 8
706 4 -1
828 6 6 11 9 829 2605 837 2663 8
716 4 -1
829 8 8 15 9 830 2606 838 2664 8
735 4 -1
830 5 5 7 11 831 2607 839 2665 8
767 4 -1
831 5 5 5 13 832 2608 840 2666 8
791 4 -1
832 8 8 15 9 833 2609 841 2667 8
799 2 -1
833 7 7 11 11 834 2610 842 2668 8
805 4 -1
834 4 4 8 8 835 2611 843 2669 8
814 5 -1
835 2 2 2 10 836 2612 844 2670 8
821 4 -1
836 7 7 15 7 837 2613 845 2671 8
833 9 -1
837 1 1 5 5 838 2614 846 2672 8
841 9 -1
838 8 8 16 8 839 2615 847 2673 8
850 1 -1
839 4 4 6 10 840 2616 848 2674 8
865 4 -1
840 8 8 15 9 841 2617 849 2675 8
872 4 -1
841 6 6 12 8 842 2618 850 2676 8
881 4 -1
842 5 5 9 9 843 2619 851 2677 8
908 5 -1
843 7 7 13 9 844 2620 852 2678 8
938 9 -1
844 8 8 8 16 845 2621 853 2679 8
966 4 -1
845 1 1 6 4 846 2622 854 2680 8
977 1 -1
846 4 4 10 6 847 2623 855 2681 8
982 4 -1
847 1 1 7 3 848 2624 856 2682 8
985 1 -1
848 1 1 5 5 849 2625 857 2683 8
7 9 -1
849 5 5 9 8 850 2626 857 2683 7
9 4 -1
850 4 4 10 5 851 2627 858 2684 7
32 4 -1
851 7 7 7 14 852 2628 859 2685 7
38 1 -1
852 5 5 5 12 853 2629 860 2686 7
41 4 -1
853 5 5 10 7 854 2630 861 2687 7
45 2 -1
854 0 0 7 0 855 2631 862 2688 7
62 4 -1
855 2 2 8 3 856 2632 863 2689 7
92 4 -1
856 1 1 3 6 857 2633 864 2690 7
96 4 -1
857 2 2 5 6 858 2634 865 2691 7
112 5 -1
858 3 3 8 5 859 2635 866 2692 7
122 2 -1
859 5 5 10 7 860 2636 867 2693 7
129 5 -1
860 2 2 6 5 861 2637 868 2694 7
144 9 -1
861 6 6 7 12 862 2638 869 2695 7
157 4 -1
862 0 0 4 3 863 2639 870 2696 7
201 5 -1
863 1 1 4 5 864 2640 871 2697 7
202 4 -1
864 7 7 13 8 865 2641 872 2698 7
209 9 -1
865 6 6 11 8 866 2642 873 2699 7
226 4 -1
866 4 4 5 10 867 2643 874 2700 7
254 9 -1
867 6 6 9 10 868 2644 875 2701 7
284 4 -1
868 5 5 7 10 869 2645 876 2702 7
304 5 -1
869 4 4 8 7 870 2646 877 2703 7
311 4 -1
870 3 3 6 7 871 2647 878 2704 7
318 5 -1
871 7 7 7 14 872 2648 879 2705 7
330 4 -1
872 0 0 1 6 873 2649 880 2706 7
336 5 -1
873 4 4 5 10 874 2650 881 2707 7
353 4 -1
874 7 7 7 14 875 2651 882 2708 7
361 4 -1
875 5 5 6 11 876 2652 883 2709 7
369 4 -1
876 5 5 7 10 877 2653 884 2710 7
379 9 -1
877 1 1 8 1 878 2654 885 2711 7
395 4 -1
878 7 7 9 12 879 2655 886 2712 7
397 4 -1
879 6 6 10 9 880 2656 887 2713 7
401 1 -1
880 2 2 6 5 881 2657 888 2714 7
415 1 -1
881 3 3 4 9 882 2658 889 2715 7
495 5 -1
882 4 4 6 9 883 2659 890 2716 7
507 2 -1
883 7 7 7 14 884 2660 891 2717 7
509 4 -1
884 1 1 1 8 885 2661 892 2718 7
515 9 -1
885 0 0 1 6 886 2662 893 2719 7
519 1 -1
886 7 7 11 10 887 2663 894 2720 7
524 4 -1
887 4 4 11 4 888 2664 895 2721 7
536 4 -1
888 2 2 4 7 889 2665 896 2722 7
543 9 -1
889 4 4 9 6 890 2666 897 2723 7
559 5 -1
890 0 0 2 5 891 2667 898 2724 7
562 4 -1
891 1 1 7 2 892 2668 899 2725 7
593 9 -1
892 0 0 7 0 893 2669 900 2726 7
604 4 -1
893 6 6 10 9 894 2670 901 2727 7
616 1 -1
894 3 3 5 8 895 2671 902 2728 7
633 4 -1
895 1 1 4 5 896 2672 903 2729 7
647 9 -1
896 2 2 2 9 897 2673 904 2730 7
671 9 -1
897 7 7 10 11 898 2674 905 2731 7
674 9 -1
898 7 7 12 9 899 2675 906 2732 7
699 2 -1
899 7 7 13 8 900 2676 907 2733 7
702 4 -1
900 5 5 6 11 901 2677 908 2734 7
707 9 -1
901 1 1 4 5 902 2678 909 2735 7
717 4 -1
902 7 7 10 11 903 2679 910 2736 7
720 1 -1
903 7 7 14 7 904 2680 911 2737 7
725 9 -1
904 3 3 7 6 905 2681 912 2738 7
726 4 -1
905 3 3 10 3 906 2682 913 2739 7
736 4 -1
906 2 2 2 9 907 2683 914 2740 7
737 4 -1
907 0 0 5 2 908 2684 915 2741 7
741 4 -1
908 1 1 2 7 909 2685 916 2742 7
766 4 -1
909 3 3 10 3 910 2686 917 2743 7
769 5 -1
910 4 4 6 9 911 2687 918 2744 7
781 4 -1
911 3 3 9 4 912 2688 919 2745 7
783 5 -1
912 7 7 9 12 913 2689 920 2746 7
788 4 -1
913 5 5 10 7 914 2690 921 2747 7
789 4 -1
914 5 5 9 8 915 2691 922 2748 7
798 9 -1
915 4 4 10 5 916 2692 923 2749 7
802 4 -1
916 3 3 6 7 917 2693 924 2750 7
803 2 -1
917 0 0 6 1 918 2694 925 2751 7
813 5 -1
918 4 4 11 4 919 2695 926 2752 7
822 2 -1
919 2 2 5 6 920 2696 927 2753 7
823 9 -1
920 4 4 4 11 921 2697 928 2754 7
826 4 -1
921 4 4 5 10 922 2698 929 2755 7
828 2 -1
922 4 4 8 7 923 2699 930 2756 7
849 9 -1
923 0 0 6 1 924 2700 931 2757 7
858 1 -1
924 2 2 6 5 925 2701 932 2758 7
863 4 -1
925 0 0 4 3 926 2702 933 2759 7
864 9 -1
926 5 5 12 5 927 2703 934 2760 7
869 2 -1
927 5 5 12 5 928 2704 935 2761 7
892 2 -1
928 3 3 6 7 929 2705 936 2762 7
937 9 -1
929 1 1 8 1 930 2706 937 2763 7
960 4 -1
930 6 6 8 11 931 2707 938 2764 7
961 4 -1
931 4 4 10 5 932 2708 939 2765 7
962 4 -1
932 0 0 2 5 933 2709 940 2766 7
964 4 -1
933 1 1 8 1 934 2710 941 2767 7
965 5 -1
934 0 0 1 6 935 2711 942 2768 7
971 1 -1
935 5 5 12 5 936 2712 943 2769 7
972 5 -1
936 6 6 13 6 937 2713 944 2770 7
974 9 -1
937 6 6 12 7 938 2714 945 2771 7
48 4 -1
938 3 3 3 9 939 2715 945 2771 6
49 4 -1
939 1 1 7 1 940 2716 946 2772 6
72 9 -1
940 0 0 2 4 941 2717 947 2773 6
73 4 -1
941 1 1 2 6 942 2718 948 2774 6
88 4 -1
942 6 6 7 11 943 2719 949 2775 6
97 2 -1
943 5 5 9 7 944 2720 950 2776 6
133 5 -1
944 3 3 3 9 945 2721 951 2777 6
135 9 -1
945 0 0 0 6 946 2722 952 2778 6
136 4 -1
946 0 0 2 4 947 2723 953 2779 6
169 4 -1
947 1 1 4 4 948 2724 954 2780 6
176 5 -1
948 6 6 12 6 949 2725 955 2781 6
178 1 -1
949 3 3 3 9 950 2726 956 2782 6
183 9 -1
950 5 5 8 8 951 2727 957 2783 6
227 5 -1
951 0 0 5 1 952 2728 958 2784 6
248 4 -1
952 4 4 6 8 953 2729 959 2785 6
250 9 -1
953 4 4 4 10 954 2730 960 2786 6
258 4 -1
954 1 1 5 3 955 2731 961 2787 6
308 4 -1
955 4 4 4 10 956 2732 962 2788 6
317 9 -1
956 4 4 8 6 957 2733 963 2789 6
338 4 -1
957 6 6 11 7 958 2734 964 2790 6
341 1 -1
958 5 5 9 7 959 2735 965 2791 6
364 1 -1
959 2 2 3 7 960 2736 966 2792 6
365 4 -1
960 1 1 3 5 961 2737 967 2793 6
377 4 -1
961 0 0 2 4 962 2738 968 2794 6
378 1 -1
962 2 2 5 5 963 2739 969 2795 6
441 5 -1
963 5 5 9 7 964 2740 970 2796 6
445 4 -1
964 4 4 6 8 965 2741 971 2797 6
454 4 -1
965 3 3 5 7 966 2742 972 2798 6
462 4 -1
966 6 6 8 10 967 2743 973 2799 6
481 2 -1
967 0 0 6 0 968 2744 974 2800 6
493 1 -1
968 2 2 2 8 969 2745 975 2801 6
517 9 -1
969 2 2 6 4 970 2746 976 2802 6
534 2 -1
970 3 3 8 4 971 2747 977 2803 6
539 4 -1
971 6 6 7 11 972 2748 978 2804 6
541 4 -1
972 1 1 6 2 973 2749 979 2805 6
561 4 -1
973 2 2 4 6 974 2750 980 2806 6
627 1 -1
974 3 3 5 7 975 2751 981 2807 6
639 2 -1
975 0 0 0 6 976 2752 982 2808 6
645 4 -1
976 2 2 7 3 977 2753 983 2809 6
654 4 -1
977 6 6 10 8 978 2754 984 2810 6
658 4 -1
978 4 4 5 9 979 2755 985 2811 6
667 5 -1
979 1 1 2 6 980 2756 986 2812 6
682 2 -1
980 2 2 2 8 981 2757 987 2813 6
698 5 -1
981 5 5 5 11 982 2758 988 2814 6
728 1 -1
982 1 1 6 2 983 2759 989 2815 6
729 1 -1
983 0 0 6 0 984 2760 990 2816 6
732 2 -1
984 1 1 5 3 985 2761 991 2817 6
744 4 -1
985 3 3 8 4 986 2762 992 2818 6
755 9 -1
986 3 3 5 7 987 2763 993 2819 6
819 4 -1
987 3 3 3 9 988 2764 994 2820 6
829 9 -1
988 4 4 6 8 989 2765 995 2821 6
832 2 -1
989 5 5 6 10 990 2766 996 2822 6
846 9 -1
990 2 2 6 4 991 2767 997 2823 6
847 4 -1
991 0 0 3 3 992 2768 998 2824 6
853 2 -1
992 2 2 5 5 993 2769 999 2825 6
861 1 -1
993 0 0 2 4 994 2770 1000 2826 6
876 2 -1
994 5 5 6 10 995 2771 1001 2827 6
895 9 -1
995 1 1 5 3 996 2772 1002 2828 6
919 9 -1
996 1 1 1 7 997 2773 1003 2829 6
927 1 -1
997 6 6 12 6 998 2774 1004 2830 6
944 4 -1
998 2 2 3 7 999 2775 1005 2831 6
947 9 -1
999 3 3 8 4 1000 2776 1006 2832 6
951 4 -1
1000 4 4 9 5 1001 2777 1007 2833 6
