1000 1000 5193
49
1 0 0 1360
2 0 141 1360
3 0 282 1360
4 0 423 1360
5 0 564 1360
6 0 705 1360
7 0 846 1360
8 141 0 1360
9 141 141 1360
10 141 282 1360
11 141 423 1360
12 141 564 1360
13 141 705 1360
14 141 846 1360
15 282 0 1360
16 282 141 1360
17 282 282 1360
18 282 423 1360
19 282 564 1360
20 282 705 1360
21 282 846 1360
22 423 0 1360
23 423 141 1360
24 423 282 1360
25 423 423 1360
26 423 564 1360
27 423 705 1360
28 423 846 1360
29 564 0 1360
30 564 141 1360
31 564 282 1360
32 564 423 1360
33 564 564 1360
34 564 705 1360
35 564 846 1360
36 705 0 1360
37 705 141 1360
38 705 282 1360
39 705 423 1360
40 705 564 1360
41 705 705 1360
42 705 846 1360
43 846 0 1360
44 846 141 1360
45 846 282 1360
46 846 423 1360
47 846 564 1360
48 846 705 1360
49 846 846 1360
49
1 1 0 0 1 10
2 2 0 141 1 10
3 3 0 282 1 10
4 4 0 423 1 10
5 5 0 564 1 10
6 6 0 705 1 10
7 7 0 846 1 10
8 8 141 0 1 10
9 9 141 141 1 10
10 10 141 282 1 10
11 11 141 423 1 10
12 12 141 564 1 10
13 13 141 705 1 10
14 14 141 846 1 10
15 15 282 0 1 10
16 16 282 141 1 10
17 17 282 282 1 10
18 18 282 423 1 10
19 19 282 564 1 10
20 20 282 705 1 10
21 21 282 846 1 10
22 22 423 0 1 10
23 23 423 141 1 10
24 24 423 282 1 10
25 25 423 423 1 10
26 26 423 564 1 10
27 27 423 705 1 10
28 28 423 846 1 10
29 29 564 0 1 10
30 30 564 141 1 10
31 31 564 282 1 10
32 32 564 423 1 10
33 33 564 564 1 10
34 34 564 705 1 10
35 35 564 846 1 10
36 36 705 0 1 10
37 37 705 141 1 10
38 38 705 282 1 10
39 39 705 423 1 10
40 40 705 564 1 10
41 41 705 705 1 10
42 42 705 846 1 10
43 43 846 0 1 10
44 44 846 141 1 10
45 45 846 282 1 10
46 46 846 423 1 10
47 47 846 564 1 10
48 48 846 705 1 10
49 49 846 846 1 10
98
1 1 0 100 3
0
2 1 0 100 3
0
3 2 0 100 3
0
4 2 0 100 3
0
5 3 0 100 3
0
6 3 0 100 3
0
7 4 0 100 3
0
8 4 0 100 3
0
9 5 0 100 3
0
10 5 0 100 3
0
11 6 0 100 3
0
12 6 0 100 3
0
13 7 0 100 3
0
14 7 0 100 3
0
15 8 0 100 3
0
16 8 0 100 3
0
17 9 0 100 3
0
18 9 0 100 3
0
19 10 0 100 3
0
20 10 0 100 3
0
21 11 0 100 3
0
22 11 0 100 3
0
23 12 0 100 3
0
24 12 0 100 3
0
25 13 0 100 3
0
26 13 0 100 3
0
27 14 0 100 3
0
28 14 0 100 3
0
29 15 0 100 3
0
30 15 0 100 3
0
31 16 0 100 3
0
32 16 0 100 3
0
33 17 0 100 3
0
34 17 0 100 3
0
35 18 0 100 3
0
36 18 0 100 3
0
37 19 0 100 3
0
38 19 0 100 3
0
39 20 0 100 3
0
40 20 0 100 3
0
41 21 0 100 3
0
42 21 0 100 3
0
43 22 0 100 3
0
44 22 0 100 3
0
45 23 0 100 3
0
46 23 0 100 3
0
47 24 0 100 3
0
48 24 0 100 3
0
49 25 0 100 3
0
50 25 0 100 3
0
51 26 0 100 3
0
52 26 0 100 3
0
53 27 0 100 3
0
54 27 0 100 3
0
55 28 0 100 3
0
56 28 0 100 3
0
57 29 0 100 3
0
58 29 0 100 3
0
59 30 0 100 3
0
60 30 0 100 3
0
61 31 0 100 3
0
62 31 0 100 3
0
63 32 0 100 3
0
64 32 0 100 3
0
65 33 0 100 3
0
66 33 0 100 3
0
67 34 0 100 3
0
68 34 0 100 3
0
69 35 0 100 3
0
70 35 0 100 3
0
71 36 0 100 3
0
72 36 0 100 3
0
73 37 0 100 3
0
74 37 0 100 3
0
75 38 0 100 3
0
76 38 0 100 3
0
77 39 0 100 3
0
78 39 0 100 3
0
79 40 0 100 3
0
80 40 0 100 3
0
81 41 0 100 3
0
82 41 0 100 3
0
83 42 0 100 3
0
84 42 0 100 3
0
85 43 0 100 3
0
86 43 0 100 3
0
87 44 0 100 3
0
88 44 0 100 3
0
89 45 0 100 3
0
90 45 0 100 3
0
91 46 0 100 3
0
92 46 0 100 3
0
93 47 0 100 3
0
94 47 0 100 3
0
95 48 0 100 3
0
96 48 0 100 3
0
97 49 0 100 3
0
98 49 0 100 3
0
1000
576 15 -1
1 14 14 56 21 2 1778 51 1877 49
779 7 -1
2 25 25 29 56 3 1779 38 1864 35
738 27 -1
3 14 14 18 36 4 1780 30 1856 26
47 4 -1
4 4 4 20 8 5 1781 25 1851 20
73 15 -1
5 15 15 28 22 6 1782 26 1852 20
93 41 -1
6 13 13 20 26 7 1783 27 1853 20
108 4 -1
7 12 12 14 30 8 1784 28 1854 20
112 29 -1
8 16 16 17 35 9 1785 29 1855 20
117 5 -1
9 11 11 20 22 10 1786 30 1856 20
145 15 -1
10 18 18 32 24 11 1787 31 1857 20
158 15 -1
11 19 19 25 33 12 1788 32 1858 20
167 33 -1
12 3 3 23 3 13 1789 33 1859 20
171 40 -1
13 14 14 29 19 14 1790 34 1860 20
206 40 -1
14 17 17 33 21 15 1791 35 1861 20
253 22 -1
15 3 3 22 4 16 1792 36 1862 20
286 44 -1
16 15 15 35 15 17 1793 37 1863 20
328 33 -1
17 15 15 31 19 18 1794 38 1864 20
337 41 -1
18 1 1 6 16 19 1795 39 1865 20
340 11 -1
19 9 9 29 9 20 1796 40 1866 20
364 13 -1
20 15 15 18 32 21 1797 41 1867 20
387 46 -1
21 9 9 24 14 22 1798 42 1868 20
409 48 -1
22 4 4 23 5 23 1799 43 1869 20
415 38 -1
23 14 14 26 22 24 1800 44 1870 20
436 48 -1
24 5 5 12 18 25 1801 45 1871 20
442 30 -1
25 1 1 8 14 26 1802 46 1872 20
448 15 -1
26 5 5 22 8 27 1803 47 1873 20
453 46 -1
27 6 6 19 13 28 1804 48 1874 20
456 11 -1
28 6 6 15 17 29 1805 49 1875 20
460 35 -1
29 14 14 27 21 30 1806 50 1876 20
463 22 -1
30 5 5 24 6 31 1807 51 1877 20
464 1 -1
31 18 18 29 27 32 1808 52 1878 20
511 13 -1
32 10 10 21 19 33 1809 53 1879 20
513 38 -1
33 5 5 17 13 34 1810 54 1880 20
530 22 -1
34 19 19 39 19 35 1811 55 1881 20
534 44 -1
35 7 7 8 26 36 1812 56 1882 20
547 1 -1
36 13 13 18 28 37 1813 57 1883 20
561 41 -1
37 18 18 24 32 38 1814 58 1884 20
563 45 -1
38 3 3 13 13 39 1815 59 1885 20
566 33 -1
39 18 18 18 38 40 1816 60 1886 20
572 13 -1
40 1 1 4 18 41 1817 61 1887 20
586 44 -1
41 14 14 20 28 42 1818 62 1888 20
599 44 -1
42 4 4 8 20 43 1819 63 1889 20
614 15 -1
43 12 12 20 24 44 1820 64 1890 20
641 22 -1
44 19 19 31 27 45 1821 65 1891 20
688 40 -1
45 4 4 6 22 46 1822 66 1892 20
703 31 -1
46 3 3 11 15 47 1823 67 1893 20
706 38 -1
47 1 1 16 6 48 1824 68 1894 20
713 7 -1
48 18 18 31 25 49 1825 69 1895 20
741 46 -1
49 4 4 24 4 50 1826 70 1896 20
752 40 -1
50 15 15 32 18 51 1827 71 1897 20
762 38 -1
51 8 8 27 9 52 1828 72 1898 20
768 44 -1
52 2 2 11 13 53 1829 73 1899 20
774 45 -1
53 4 4 22 6 54 1830 74 1900 20
784 1 -1
54 0 0 17 3 55 1831 75 1901 20
788 7 -1
55 12 12 14 30 56 1832 76 1902 20
811 15 -1
56 18 18 35 21 57 1833 77 1903 20
849 27 -1
57 2 2 11 13 58 1834 78 1904 20
858 30 -1
58 17 17 34 20 59 1835 79 1905 20
859 27 -1
59 1 1 1 21 60 1836 80 1906 20
880 43 -1
60 7 7 12 22 61 1837 81 1907 20
883 22 -1
61 13 13 26 20 62 1838 82 1908 20
918 18 -1
62 19 19 22 36 63 1839 83 1909 20
931 38 -1
63 14 14 32 16 64 1840 84 1910 20
967 46 -1
64 8 8 18 18 65 1841 85 1911 20
973 13 -1
65 19 19 25 33 66 1842 86 1912 20
979 30 -1
66 20 20 36 24 67 1843 87 1913 20
982 7 -1
67 20 20 34 26 68 1844 88 1914 20
26 15 -1
68 5 5 13 16 69 1845 88 1914 19
27 1 -1
69 10 10 17 22 70 1846 89 1915 19
40 35 -1
70 14 14 14 33 71 1847 90 1916 19
75 41 -1
71 4 4 17 10 72 1848 91 1917 19
99 38 -1
72 17 17 22 31 73 1849 92 1918 19
136 30 -1
73 0 0 10 9 74 1850 93 1919 19
137 25 -1
74 5 5 15 14 75 1851 94 1920 19
154 27 -1
75 9 9 28 9 76 1852 95 1921 19
181 46 -1
76 11 11 20 21 77 1853 96 1922 19
204 14 -1
77 11 11 21 20 78 1854 97 1923 19
248 46 -1
78 19 19 23 34 79 1855 98 1924 19
264 4 -1
79 7 7 14 19 80 1856 99 1925 19
275 33 -1
80 8 8 13 22 81 1857 100 1926 19
277 11 -1
81 13 13 15 30 82 1858 101 1927 19
293 4 -1
82 0 0 14 5 83 1859 102 1928 19
314 43 -1
83 16 16 30 21 84 1860 103 1929 19
317 18 -1
84 13 13 19 26 85 1861 104 1930 19
379 43 -1
85 10 10 24 15 86 1862 105 1931 19
421 30 -1
86 15 15 23 26 87 1863 106 1932 19
427 35 -1
87 12 12 20 23 88 1864 107 1933 19
430 8 -1
88 10 10 17 22 89 1865 108 1934 19
434 27 -1
89 6 6 14 17 90 1866 109 1935 19
443 27 -1
90 13 13 22 23 91 1867 110 1936 19
501 15 -1
91 1 1 8 13 92 1868 111 1937 19
505 4 -1
92 19 19 19 38 93 1869 112 1938 19
525 22 -1
93 6 6 15 16 94 1870 113 1939 19
533 4 -1
94 0 0 18 1 95 1871 114 1940 19
535 15 -1
95 11 11 14 27 96 1872 115 1941 19
540 38 -1
96 11 11 13 28 97 1873 116 1942 19
541 27 -1
97 5 5 11 18 98 1874 117 1943 19
542 5 -1
98 12 12 25 18 99 1875 118 1944 19
553 38 -1
99 3 3 5 20 100 1876 119 1945 19
571 18 -1
100 7 7 11 22 101 1877 120 1946 19
602 11 -1
101 8 8 17 18 102 1878 121 1947 19
606 1 -1
102 11 11 23 18 103 1879 122 1948 19
637 27 -1
103 12 12 29 14 104 1880 123 1949 19
653 30 -1
104 7 7 9 24 105 1881 124 1950 19
664 44 -1
105 12 12 15 28 106 1882 125 1951 19
689 35 -1
106 4 4 13 14 107 1883 126 1952 19
698 21 -1
107 16 16 16 35 108 1884 127 1953 19
708 38 -1
108 14 14 14 33 109 1885 128 1954 19
729 13 -1
109 5 5 10 19 110 1886 129 1955 19
740 46 -1
110 13 13 15 30 111 1887 130 1956 19
767 40 -1
111 6 6 20 11 112 1888 131 1957 19
776 11 -1
112 8 8 9 26 113 1889 132 1958 19
808 17 -1
113 19 19 38 19 114 1890 133 1959 19
831 38 -1
114 19 19 27 30 115 1891 134 1960 19
919 27 -1
115 4 4 19 8 116 1892 135 1961 19
933 38 -1
116 16 16 18 33 117 1893 136 1962 19
941 27 -1
117 8 8 9 26 118 1894 137 1963 19
980 33 -1
118 4 4 7 20 119 1895 138 1964 19
987 14 -1
119 6 6 24 7 120 1896 139 1965 19
22 38 -1
120 10 10 20 18 121 1897 139 1965 18
34 22 -1
121 1 1 2 18 122 1898 140 1966 18
74 11 -1
122 16 16 26 24 123 1899 141 1967 18
89 9 -1
123 9 9 13 23 124 1900 142 1968 18
96 48 -1
124 3 3 13 11 125 1901 143 1969 18
118 44 -1
125 10 10 14 24 126 1902 144 1970 18
155 15 -1
126 11 11 23 17 127 1903 145 1971 18
211 15 -1
127 6 6 15 15 128 1904 146 1972 18
215 7 -1
128 13 13 27 17 129 1905 147 1973 18
216 41 -1
129 15 15 24 24 130 1906 148 1974 18
230 27 -1
130 3 3 12 12 131 1907 149 1975 18
235 31 -1
131 9 9 19 17 132 1908 150 1976 18
269 43 -1
132 17 17 30 22 133 1909 151 1977 18
273 35 -1
133 4 4 19 7 134 1910 152 1978 18
276 38 -1
134 4 4 20 6 135 1911 153 1979 18
285 18 -1
135 1 1 2 18 136 1912 154 1980 18
305 41 -1
136 16 16 31 19 137 1913 155 1981 18
329 46 -1
137 4 4 8 18 138 1914 156 1982 18
330 43 -1
138 4 4 16 10 139 1915 157 1983 18
332 25 -1
139 6 6 13 17 140 1916 158 1984 18
355 35 -1
140 1 1 18 2 141 1917 159 1985 18
383 33 -1
141 16 16 22 28 142 1918 160 1986 18
404 33 -1
142 5 5 13 15 143 1919 161 1987 18
416 8 -1
143 2 2 5 17 144 1920 162 1988 18
432 40 -1
144 13 13 27 17 145 1921 163 1989 18
446 43 -1
145 10 10 17 21 146 1922 164 1990 18
459 35 -1
146 12 12 15 27 147 1923 165 1991 18
461 33 -1
147 15 15 26 22 148 1924 166 1992 18
462 41 -1
148 7 7 8 24 149 1925 167 1993 18
466 44 -1
149 14 14 24 22 150 1926 168 1994 18
484 48 -1
150 0 0 16 2 151 1927 169 1995 18
499 38 -1
151 2 2 7 15 152 1928 170 1996 18
503 31 -1
152 15 15 24 24 153 1929 171 1997 18
521 27 -1
153 6 6 22 8 154 1930 172 1998 18
550 22 -1
154 5 5 12 16 155 1931 173 1999 18
558 38 -1
155 9 9 15 21 156 1932 174 2000 18
577 27 -1
156 2 2 18 4 157 1933 175 2001 18
583 38 -1
157 1 1 13 7 158 1934 176 2002 18
587 44 -1
158 1 1 3 17 159 1935 177 2003 18
619 15 -1
159 16 16 26 24 160 1936 178 2004 18
665 46 -1
160 4 4 19 7 161 1937 179 2005 18
723 21 -1
161 3 3 9 15 162 1938 180 2006 18
733 38 -1
162 8 8 25 9 163 1939 181 2007 18
749 33 -1
163 13 13 31 13 164 1940 182 2008 18
797 38 -1
164 0 0 17 1 165 1941 183 2009 18
806 4 -1
165 14 14 29 17 166 1942 184 2010 18
807 33 -1
166 15 15 27 21 167 1943 185 2011 18
816 41 -1
167 5 5 19 9 168 1944 186 2012 18
822 1 -1
168 12 12 23 19 169 1945 187 2013 18
836 35 -1
169 1 1 10 10 170 1946 188 2014 18
852 1 -1
170 8 8 13 21 171 1947 189 2015 18
869 5 -1
171 8 8 16 18 172 1948 190 2016 18
871 46 -1
172 11 11 12 28 173 1949 191 2017 18
878 14 -1
173 11 11 17 23 174 1950 192 2018 18
893 32 -1
174 10 10 11 27 175 1951 193 2019 18
897 8 -1
175 9 9 9 27 176 1952 194 2020 18
917 1 -1
176 9 9 26 10 177 1953 195 2021 18
924 14 -1
177 7 7 8 24 178 1954 196 2022 18
927 7 -1
178 0 0 6 12 179 1955 197 2023 18
952 44 -1
179 2 2 15 7 180 1956 198 2024 18
955 4 -1
180 5 5 22 6 181 1957 199 2025 18
963 33 -1
181 17 17 18 34 182 1958 200 2026 18
964 11 -1
182 6 6 9 21 183 1959 201 2027 18
969 11 -1
183 7 7 20 12 184 1960 202 2028 18
977 13 -1
184 3 3 8 16 185 1961 203 2029 18
995 44 -1
185 14 14 22 24 186 1962 204 2030 18
1 7 -1
186 11 11 26 13 187 1963 204 2030 17
6 4 -1
187 4 4 11 14 188 1964 205 2031 17
10 7 -1
188 7 7 24 7 189 1965 206 2032 17
35 25 -1
189 12 12 21 20 190 1966 207 2033 17
53 46 -1
190 16 16 31 18 191 1967 208 2034 17
113 7 -1
191 5 5 10 17 192 1968 209 2035 17
132 14 -1
192 0 0 1 16 193 1969 210 2036 17
147 33 -1
193 12 12 22 19 194 1970 211 2037 17
162 13 -1
194 3 3 7 16 195 1971 212 2038 17
176 46 -1
195 10 10 10 27 196 1972 213 2039 17
190 13 -1
196 17 17 23 28 197 1973 214 2040 17
200 33 -1
197 0 0 12 5 198 1974 215 2041 17
207 35 -1
198 15 15 22 25 199 1975 216 2042 17
226 33 -1
199 0 0 1 16 200 1976 217 2043 17
301 21 -1
200 15 15 30 17 201 1977 218 2044 17
304 13 -1
201 7 7 18 13 202 1978 219 2045 17
320 22 -1
202 5 5 21 6 203 1979 220 2046 17
345 33 -1
203 12 12 27 14 204 1980 221 2047 17
356 44 -1
204 16 16 29 20 205 1981 222 2048 17
359 38 -1
205 6 6 8 21 206 1982 223 2049 17
370 38 -1
206 0 0 13 4 207 1983 224 2050 17
377 44 -1
207 16 16 20 29 208 1984 225 2051 17
397 44 -1
208 4 4 6 19 209 1985 226 2052 17
408 41 -1
209 0 0 10 7 210 1986 227 2053 17
419 30 -1
210 0 0 12 5 211 1987 228 2054 17
449 27 -1
211 12 12 19 22 212 1988 229 2055 17
504 25 -1
212 12 12 20 21 213 1989 230 2056 17
517 30 -1
213 6 6 11 18 214 1990 231 2057 17
594 33 -1
214 12 12 24 17 215 1991 232 2058 17
621 1 -1
215 6 6 11 18 216 1992 233 2059 17
638 8 -1
216 10 10 23 14 217 1993 234 2060 17
658 13 -1
217 16 16 17 32 218 1994 235 2061 17
661 40 -1
218 13 13 23 20 219 1995 236 2062 17
675 14 -1
219 10 10 12 25 220 1996 237 2063 17
685 22 -1
220 16 16 27 22 221 1997 238 2064 17
687 38 -1
221 8 8 23 10 222 1998 239 2065 17
702 14 -1
222 11 11 13 26 223 1999 240 2066 17
754 30 -1
223 13 13 21 22 224 2000 241 2067 17
757 15 -1
224 14 14 22 23 225 2001 242 2068 17
785 48 -1
225 15 15 15 32 226 2002 243 2069 17
792 31 -1
226 15 15 29 18 227 2003 244 2070 17
794 1 -1
227 15 15 27 20 228 2004 245 2071 17
829 32 -1
228 4 4 19 6 229 2005 246 2072 17
839 38 -1
229 17 17 25 26 230 2006 247 2073 17
863 45 -1
230 3 3 7 16 231 2007 248 2074 17
882 33 -1
231 2 2 16 5 232 2008 249 2075 17
891 35 -1
232 17 17 22 29 233 2009 250 2076 17
921 27 -1
233 10 10 15 22 234 2010 251 2077 17
928 44 -1
234 14 14 22 23 235 2011 252 2078 17
983 31 -1
235 8 8 12 21 236 2012 253 2079 17
15 1 -1
236 13 13 29 13 237 2013 253 2079 16
29 43 -1
237 9 9 9 25 238 2014 254 2080 16
31 32 -1
238 3 3 17 5 239 2015 255 2081 16
38 11 -1
239 11 11 22 16 240 2016 256 2082 16
58 44 -1
240 4 4 8 16 241 2017 257 2083 16
65 35 -1
241 3 3 17 5 242 2018 258 2084 16
81 29 -1
242 14 14 18 26 243 2019 259 2085 16
83 15 -1
243 16 16 22 26 244 2020 260 2086 16
86 35 -1
244 3 3 15 7 245 2021 261 2087 16
88 46 -1
245 2 2 16 4 246 2022 262 2088 16
103 38 -1
246 15 15 15 31 247 2023 263 2089 16
105 46 -1
247 9 9 22 12 248 2024 264 2090 16
121 33 -1
248 13 13 23 19 249 2025 265 2091 16
130 1 -1
249 5 5 18 8 250 2026 266 2092 16
141 11 -1
250 6 6 17 11 251 2027 267 2093 16
146 38 -1
251 8 8 24 8 252 2028 268 2094 16
182 13 -1
252 9 9 16 18 253 2029 269 2095 16
186 38 -1
253 11 11 17 21 254 2030 270 2096 16
209 32 -1
254 15 15 28 18 255 2031 271 2097 16
245 46 -1
255 16 16 32 16 256 2032 272 2098 16
262 41 -1
256 0 0 2 14 257 2033 273 2099 16
284 40 -1
257 13 13 14 28 258 2034 274 2100 16
289 1 -1
258 1 1 4 14 259 2035 275 2101 16
306 22 -1
259 6 6 12 16 260 2036 276 2102 16
319 15 -1
260 7 7 20 10 261 2037 277 2103 16
322 15 -1
261 3 3 9 13 262 2038 278 2104 16
325 15 -1
262 2 2 11 9 263 2039 279 2105 16
333 38 -1
263 13 13 16 26 264 2040 280 2106 16
339 4 -1
264 6 6 11 17 265 2041 281 2107 16
343 38 -1
265 12 12 14 26 266 2042 282 2108 16
362 13 -1
266 15 15 15 31 267 2043 283 2109 16
374 38 -1
267 10 10 11 25 268 2044 284 2110 16
375 27 -1
268 12 12 23 17 269 2045 285 2111 16
410 46 -1
269 13 13 23 19 270 2046 286 2112 16
413 17 -1
270 10 10 18 18 271 2047 287 2113 16
414 40 -1
271 10 10 26 10 272 2048 288 2114 16
422 22 -1
272 3 3 19 3 273 2049 289 2115 16
423 1 -1
273 2 2 11 9 274 2050 290 2116 16
431 44 -1
274 13 13 20 22 275 2051 291 2117 16
441 13 -1
275 5 5 9 17 276 2052 292 2118 16
489 40 -1
276 6 6 8 20 277 2053 293 2119 16
497 15 -1
277 3 3 12 10 278 2054 294 2120 16
507 40 -1
278 10 10 13 23 279 2055 295 2121 16
522 11 -1
279 8 8 20 12 280 2056 296 2122 16
539 1 -1
280 14 14 23 21 281 2057 297 2123 16
557 13 -1
281 1 1 16 2 282 2058 298 2124 16
568 38 -1
282 10 10 11 25 283 2059 299 2125 16
573 35 -1
283 2 2 5 15 284 2060 300 2126 16
575 17 -1
284 9 9 14 20 285 2061 301 2127 16
596 45 -1
285 6 6 7 21 286 2062 302 2128 16
601 48 -1
286 10 10 24 12 287 2063 303 2129 16
611 33 -1
287 10 10 11 25 288 2064 304 2130 16
616 43 -1
288 6 6 13 15 289 2065 305 2131 16
617 35 -1
289 0 0 12 4 290 2066 306 2132 16
618 35 -1
290 11 11 21 17 291 2067 307 2133 16
624 25 -1
291 14 14 18 26 292 2068 308 2134 16
639 35 -1
292 15 15 25 21 293 2069 309 2135 16
643 1 -1
293 9 9 24 10 294 2070 310 2136 16
648 40 -1
294 12 12 21 19 295 2071 311 2137 16
650 30 -1
295 15 15 21 25 296 2072 312 2138 16
652 38 -1
296 15 15 25 21 297 2073 313 2139 16
659 9 -1
297 7 7 16 14 298 2074 314 2140 16
701 38 -1
298 2 2 5 15 299 2075 315 2141 16
705 44 -1
299 12 12 26 14 300 2076 316 2142 16
722 5 -1
300 3 3 3 19 301 2077 317 2143 16
763 44 -1
301 5 5 9 17 302 2078 318 2144 16
778 15 -1
302 8 8 14 18 303 2079 319 2145 16
802 35 -1
303 8 8 12 20 304 2080 320 2146 16
815 45 -1
304 6 6 19 9 305 2081 321 2147 16
817 46 -1
305 13 13 22 20 306 2082 322 2148 16
834 38 -1
306 9 9 21 13 307 2083 323 2149 16
857 40 -1
307 9 9 12 22 308 2084 324 2150 16
881 41 -1
308 7 7 15 15 309 2085 325 2151 16
887 41 -1
309 14 14 14 30 310 2086 326 2152 16
889 22 -1
310 15 15 25 21 311 2087 327 2153 16
892 27 -1
311 4 4 15 9 312 2088 328 2154 16
923 11 -1
312 15 15 28 18 313 2089 329 2155 16
929 22 -1
313 11 11 21 17 314 2090 330 2156 16
946 14 -1
314 12 12 26 14 315 2091 331 2157 16
957 40 -1
315 10 10 13 23 316 2092 332 2158 16
30 31 -1
316 4 4 15 8 317 2093 332 2158 15
45 40 -1
317 9 9 24 9 318 2094 333 2159 15
48 9 -1
318 4 4 7 16 319 2095 334 2160 15
54 44 -1
319 2 2 2 17 320 2096 335 2161 15
70 11 -1
320 12 12 20 19 321 2097 336 2162 15
77 27 -1
321 2 2 16 3 322 2098 337 2163 15
82 45 -1
322 5 5 9 16 323 2099 338 2164 15
120 8 -1
323 12 12 19 20 324 2100 339 2165 15
123 4 -1
324 2 2 4 15 325 2101 340 2166 15
142 44 -1
325 1 1 7 10 326 2102 341 2167 15
148 8 -1
326 0 0 10 5 327 2103 342 2168 15
156 14 -1
327 15 15 25 20 328 2104 343 2169 15
212 38 -1
328 15 15 18 27 329 2105 344 2170 15
217 18 -1
329 5 5 10 15 330 2106 345 2171 15
220 22 -1
330 2 2 5 14 331 2107 346 2172 15
221 33 -1
331 8 8 23 8 332 2108 347 2173 15
223 21 -1
332 9 9 14 19 333 2109 348 2174 15
232 11 -1
333 7 7 19 10 334 2110 349 2175 15
241 1 -1
334 9 9 24 9 335 2111 350 2176 15
266 1 -1
335 10 10 13 22 336 2112 351 2177 15
272 1 -1
336 8 8 17 14 337 2113 352 2178 15
321 7 -1
337 13 13 14 27 338 2114 353 2179 15
324 48 -1
338 7 7 16 13 339 2115 354 2180 15
354 46 -1
339 10 10 17 18 340 2116 355 2181 15
363 1 -1
340 3 3 8 13 341 2117 356 2182 15
373 29 -1
341 10 10 11 24 342 2118 357 2183 15
376 31 -1
342 3 3 13 8 343 2119 358 2184 15
384 11 -1
343 3 3 3 18 344 2120 359 2185 15
386 14 -1
344 7 7 11 18 345 2121 360 2186 15
418 45 -1
345 3 3 16 5 346 2122 361 2187 15
425 4 -1
346 15 15 19 26 347 2123 362 2188 15
444 38 -1
347 8 8 13 18 348 2124 363 2189 15
455 8 -1
348 6 6 21 6 349 2125 364 2190 15
471 17 -1
349 7 7 22 7 350 2126 365 2191 15
472 1 -1
350 0 0 12 3 351 2127 366 2192 15
473 33 -1
351 10 10 16 19 352 2128 367 2193 15
477 41 -1
352 14 14 15 28 353 2129 368 2194 15
482 40 -1
353 4 4 9 14 354 2130 369 2195 15
519 44 -1
354 3 3 3 18 355 2131 370 2196 15
528 27 -1
355 5 5 5 20 356 2132 371 2197 15
537 44 -1
356 2 2 8 11 357 2133 372 2198 15
545 13 -1
357 4 4 17 6 358 2134 373 2199 15
559 1 -1
358 8 8 9 22 359 2135 374 2200 15
615 5 -1
359 7 7 11 18 360 2136 375 2201 15
626 15 -1
360 13 13 24 17 361 2137 376 2202 15
651 29 -1
361 0 0 3 12 362 2138 377 2203 15
660 1 -1
362 3 3 15 6 363 2139 378 2204 15
680 38 -1
363 5 5 7 18 364 2140 379 2205 15
695 13 -1
364 13 13 25 16 365 2141 380 2206 15
795 33 -1
365 1 1 11 6 366 2142 381 2207 15
824 43 -1
366 8 8 12 19 367 2143 382 2208 15
833 7 -1
367 7 7 11 18 368 2144 383 2209 15
838 1 -1
368 0 0 15 0 369 2145 384 2210 15
843 45 -1
369 2 2 10 9 370 2146 385 2211 15
845 21 -1
370 5 5 10 15 371 2147 386 2212 15
862 9 -1
371 14 14 20 23 372 2148 387 2213 15
895 29 -1
372 0 0 9 6 373 2149 388 2214 15
901 22 -1
373 9 9 15 18 374 2150 389 2215 15
903 38 -1
374 8 8 8 23 375 2151 390 2216 15
911 14 -1
375 6 6 14 13 376 2152 391 2217 15
912 35 -1
376 4 4 5 18 377 2153 392 2218 15
922 38 -1
377 12 12 14 25 378 2154 393 2219 15
926 40 -1
378 4 4 6 17 379 2155 394 2220 15
930 44 -1
379 15 15 20 25 380 2156 395 2221 15
932 32 -1
380 4 4 9 14 381 2157 396 2222 15
950 11 -1
381 14 14 26 17 382 2158 397 2223 15
965 27 -1
382 8 8 22 9 383 2159 398 2224 15
989 1 -1
383 4 4 19 4 384 2160 399 2225 15
993 4 -1
384 13 13 14 27 385 2161 400 2226 15
1000 40 -1
385 7 7 16 13 386 2162 401 2227 15
41 5 -1
386 7 7 20 8 387 2163 401 2227 14
44 41 -1
387 14 14 24 18 388 2164 402 2228 14
100 1 -1
388 10 10 16 18 389 2165 403 2229 14
109 44 -1
389 6 6 19 7 390 2166 404 2230 14
174 43 -1
390 0 0 2 12 391 2167 405 2231 14
227 22 -1
391 7 7 20 8 392 2168 406 2232 14
249 38 -1
392 12 12 21 17 393 2169 407 2233 14
251 40 -1
393 8 8 19 11 394 2170 408 2234 14
252 44 -1
394 8 8 17 13 395 2171 409 2235 14
287 22 -1
395 1 1 8 8 396 2172 410 2236 14
297 33 -1
396 12 12 19 19 397 2173 411 2237 14
310 33 -1
397 7 7 19 9 398 2174 412 2238 14
351 35 -1
398 9 9 15 17 399 2175 413 2239 14
378 1 -1
399 8 8 14 16 400 2176 414 2240 14
407 15 -1
400 10 10 14 20 401 2177 415 2241 14
428 35 -1
401 13 13 13 27 402 2178 416 2242 14
445 8 -1
402 4 4 6 16 403 2179 417 2243 14
458 18 -1
403 2 2 12 6 404 2180 418 2244 14
469 33 -1
404 6 6 18 8 405 2181 419 2245 14
496 40 -1
405 12 12 14 24 406 2182 420 2246 14
506 43 -1
406 9 9 15 17 407 2183 421 2247 14
509 45 -1
407 6 6 15 11 408 2184 422 2248 14
554 32 -1
408 3 3 10 10 409 2185 423 2249 14
569 43 -1
409 4 4 10 12 410 2186 424 2250 14
574 40 -1
410 2 2 16 2 411 2187 425 2251 14
584 1 -1
411 12 12 17 21 412 2188 426 2252 14
588 44 -1
412 1 1 8 8 413 2189 427 2253 14
608 33 -1
413 7 7 9 19 414 2190 428 2254 14
623 46 -1
414 4 4 11 11 415 2191 429 2255 14
629 13 -1
415 6 6 9 17 416 2192 430 2256 14
635 22 -1
416 5 5 13 11 417 2193 431 2257 14
657 25 -1
417 7 7 11 17 418 2194 432 2258 14
666 44 -1
418 10 10 10 24 419 2195 433 2259 14
683 22 -1
419 10 10 14 20 420 2196 434 2260 14
707 9 -1
420 0 0 7 7 421 2197 435 2261 14
735 1 -1
421 12 12 23 15 422 2198 436 2262 14
769 35 -1
422 5 5 13 11 423 2199 437 2263 14
770 21 -1
423 14 14 18 24 424 2200 438 2264 14
810 5 -1
424 9 9 19 13 425 2201 439 2265 14
874 40 -1
425 7 7 11 17 426 2202 440 2266 14
875 29 -1
426 12 12 23 15 427 2203 441 2267 14
909 13 -1
427 6 6 6 20 428 2204 442 2268 14
940 33 -1
428 7 7 18 10 429 2205 443 2269 14
958 14 -1
429 6 6 18 8 430 2206 444 2270 14
959 41 -1
430 8 8 20 10 431 2207 445 2271 14
988 8 -1
431 9 9 19 13 432 2208 446 2272 14
997 35 -1
432 8 8 16 14 433 2209 447 2273 14
3 38 -1
433 5 5 5 18 434 2210 447 2273 13
14 33 -1
434 11 11 22 13 435 2211 448 2274 13
18 44 -1
435 0 0 11 2 436 2212 449 2275 13
57 18 -1
436 7 7 7 20 437 2213 450 2276 13
71 8 -1
437 3 3 10 9 438 2214 451 2277 13
72 31 -1
438 6 6 9 16 439 2215 452 2278 13
95 11 -1
439 4 4 13 8 440 2216 453 2279 13
114 4 -1
440 10 10 22 11 441 2217 454 2280 13
160 38 -1
441 3 3 13 6 442 2218 455 2281 13
175 11 -1
442 12 12 24 13 443 2219 456 2282 13
178 44 -1
443 7 7 16 11 444 2220 457 2283 13
184 13 -1
444 13 13 14 25 445 2221 458 2284 13
191 11 -1
445 1 1 6 9 446 2222 459 2285 13
213 41 -1
446 1 1 6 9 447 2223 460 2286 13
219 1 -1
447 7 7 8 19 448 2224 461 2287 13
239 44 -1
448 6 6 19 6 449 2225 462 2288 13
240 15 -1
449 6 6 17 8 450 2226 463 2289 13
242 13 -1
450 6 6 16 9 451 2227 464 2290 13
254 15 -1
451 6 6 14 11 452 2228 465 2291 13
265 4 -1
452 12 12 19 18 453 2229 466 2292 13
278 1 -1
453 0 0 13 0 454 2230 467 2293 13
280 33 -1
454 3 3 9 10 455 2231 468 2294 13
292 30 -1
455 1 1 5 10 456 2232 469 2295 13
311 43 -1
456 13 13 16 23 457 2233 470 2296 13
313 44 -1
457 1 1 12 3 458 2234 471 2297 13
341 32 -1
458 7 7 20 7 459 2235 472 2298 13
349 46 -1
459 4 4 7 14 460 2236 473 2299 13
380 27 -1
460 5 5 17 6 461 2237 474 2300 13
394 11 -1
461 12 12 21 16 462 2238 475 2301 13
402 1 -1
462 3 3 7 12 463 2239 476 2302 13
412 44 -1
463 10 10 21 12 464 2240 477 2303 13
437 18 -1
464 9 9 10 21 465 2241 478 2304 13
438 14 -1
465 13 13 23 16 466 2242 479 2305 13
440 44 -1
466 5 5 12 11 467 2243 480 2306 13
454 4 -1
467 12 12 13 24 468 2244 481 2307 13
468 43 -1
468 5 5 12 11 469 2245 482 2308 13
475 15 -1
469 3 3 11 8 470 2246 483 2309 13
491 14 -1
470 9 9 14 17 471 2247 484 2310 13
502 17 -1
471 0 0 10 3 472 2248 485 2311 13
546 1 -1
472 4 4 17 4 473 2249 486 2312 13
562 22 -1
473 4 4 11 10 474 2250 487 2313 13
644 44 -1
474 5 5 5 18 475 2251 488 2314 13
645 44 -1
475 7 7 20 7 476 2252 489 2315 13
656 1 -1
476 0 0 3 10 477 2253 490 2316 13
673 1 -1
477 9 9 13 18 478 2254 491 2317 13
684 18 -1
478 0 0 4 9 479 2255 492 2318 13
696 45 -1
479 2 2 8 9 480 2256 493 2319 13
710 44 -1
480 8 8 21 8 481 2257 494 2320 13
715 46 -1
481 2 2 11 6 482 2258 495 2321 13
743 15 -1
482 9 9 18 13 483 2259 496 2322 13
747 25 -1
483 3 3 5 14 484 2260 497 2323 13
750 33 -1
484 6 6 14 11 485 2261 498 2324 13
751 46 -1
485 4 4 10 11 486 2262 499 2325 13
753 43 -1
486 12 12 19 18 487 2263 500 2326 13
760 8 -1
487 9 9 9 22 488 2264 501 2327 13
796 43 -1
488 11 11 12 23 489 2265 502 2328 13
809 25 -1
489 5 5 5 18 490 2266 503 2329 13
812 33 -1
490 5 5 13 10 491 2267 504 2330 13
819 46 -1
491 5 5 15 8 492 2268 505 2331 13
848 1 -1
492 5 5 11 12 493 2269 506 2332 13
854 46 -1
493 3 3 6 13 494 2270 507 2333 13
867 15 -1
494 7 7 8 19 495 2271 508 2334 13
879 33 -1
495 7 7 20 7 496 2272 509 2335 13
885 40 -1
496 3 3 3 16 497 2273 510 2336 13
902 44 -1
497 13 13 23 16 498 2274 511 2337 13
906 41 -1
498 10 10 14 19 499 2275 512 2338 13
942 31 -1
499 10 10 15 18 500 2276 513 2339 13
956 41 -1
500 12 12 20 17 501 2277 514 2340 13
968 11 -1
501 5 5 9 14 502 2278 515 2341 13
992 41 -1
502 11 11 17 18 503 2279 516 2342 13
8 48 -1
503 9 9 9 21 504 2280 516 2342 12
13 27 -1
504 5 5 6 16 505 2281 517 2343 12
20 48 -1
505 6 6 9 15 506 2282 518 2344 12
68 4 -1
506 5 5 12 10 507 2283 519 2345 12
110 17 -1
507 10 10 20 12 508 2284 520 2346 12
124 41 -1
508 10 10 16 16 509 2285 521 2347 12
139 27 -1
509 9 9 20 10 510 2286 522 2348 12
149 4 -1
510 8 8 8 20 511 2287 523 2349 12
153 33 -1
511 10 10 11 21 512 2288 524 2350 12
161 1 -1
512 5 5 5 17 513 2289 525 2351 12
166 33 -1
513 0 0 4 8 514 2290 526 2352 12
169 27 -1
514 9 9 20 10 515 2291 527 2353 12
188 22 -1
515 5 5 12 10 516 2292 528 2354 12
195 27 -1
516 5 5 17 5 517 2293 529 2355 12
196 48 -1
517 2 2 12 4 518 2294 530 2356 12
203 13 -1
518 9 9 18 12 519 2295 531 2357 12
257 18 -1
519 8 8 15 13 520 2296 532 2358 12
268 40 -1
520 10 10 16 16 521 2297 533 2359 12
271 17 -1
521 10 10 18 14 522 2298 534 2360 12
294 22 -1
522 9 9 12 18 523 2299 535 2361 12
312 25 -1
523 6 6 16 8 524 2300 536 2362 12
315 13 -1
524 9 9 17 13 525 2301 537 2363 12
318 46 -1
525 9 9 18 12 526 2302 538 2364 12
342 9 -1
526 1 1 11 3 527 2303 539 2365 12
346 35 -1
527 6 6 8 16 528 2304 540 2366 12
353 40 -1
528 8 8 15 13 529 2305 541 2367 12
369 27 -1
529 4 4 7 13 530 2306 542 2368 12
371 13 -1
530 7 7 13 13 531 2307 543 2369 12
417 14 -1
531 11 11 16 18 532 2308 544 2370 12
494 40 -1
532 9 9 18 12 533 2309 545 2371 12
532 13 -1
533 9 9 17 13 534 2310 546 2372 12
598 35 -1
534 8 8 11 17 535 2311 547 2373 12
610 44 -1
535 4 4 13 7 536 2312 548 2374 12
613 31 -1
536 12 12 13 23 537 2313 549 2375 12
631 22 -1
537 1 1 1 13 538 2314 550 2376 12
634 40 -1
538 3 3 15 3 539 2315 551 2377 12
649 32 -1
539 1 1 6 8 540 2316 552 2378 12
654 22 -1
540 6 6 13 11 541 2317 553 2379 12
667 38 -1
541 7 7 16 10 542 2318 554 2380 12
678 15 -1
542 6 6 8 16 543 2319 555 2381 12
682 14 -1
543 4 4 12 8 544 2320 556 2382 12
691 43 -1
544 1 1 5 9 545 2321 557 2383 12
709 14 -1
545 0 0 2 10 546 2322 558 2384 12
719 40 -1
546 11 11 11 23 547 2323 559 2385 12
724 15 -1
547 12 12 16 20 548 2324 560 2386 12
748 43 -1
548 6 6 9 15 549 2325 561 2387 12
789 46 -1
549 8 8 10 18 550 2326 562 2388 12
800 1 -1
550 11 11 18 16 551 2327 563 2389 12
850 41 -1
551 10 10 22 10 552 2328 564 2390 12
872 30 -1
552 12 12 20 16 553 2329 565 2391 12
899 14 -1
553 5 5 14 8 554 2330 566 2392 12
916 8 -1
554 5 5 11 11 555 2331 567 2393 12
936 15 -1
555 7 7 18 8 556 2332 568 2394 12
939 15 -1
556 8 8 19 9 557 2333 569 2395 12
986 7 -1
557 9 9 17 13 558 2334 570 2396 12
994 44 -1
558 12 12 21 15 559 2335 571 2397 12
11 40 -1
559 6 6 8 15 560 2336 571 2397 11
19 44 -1
560 11 11 15 18 561 2337 572 2398 11
28 29 -1
561 3 3 10 7 562 2338 573 2399 11
37 1 -1
562 7 7 10 15 563 2339 574 2400 11
50 46 -1
563 1 1 11 2 564 2340 575 2401 11
52 21 -1
564 8 8 19 8 565 2341 576 2402 11
66 22 -1
565 5 5 14 7 566 2342 577 2403 11
76 18 -1
566 8 8 13 14 567 2343 578 2404 11
79 7 -1
567 11 11 16 17 568 2344 579 2405 11
87 35 -1
568 5 5 15 6 569 2345 580 2406 11
91 44 -1
569 7 7 15 10 570 2346 581 2407 11
92 15 -1
570 2 2 7 8 571 2347 582 2408 11
97 43 -1
571 3 3 3 14 572 2348 583 2409 11
101 25 -1
572 3 3 12 5 573 2349 584 2410 11
115 33 -1
573 2 2 8 7 574 2350 585 2411 11
131 43 -1
574 9 9 11 18 575 2351 586 2412 11
134 46 -1
575 7 7 15 10 576 2352 587 2413 11
138 22 -1
576 9 9 15 14 577 2353 588 2414 11
143 44 -1
577 3 3 5 12 578 2354 589 2415 11
144 33 -1
578 2 2 4 11 579 2355 590 2416 11
150 5 -1
579 11 11 11 22 580 2356 591 2417 11
177 43 -1
580 2 2 10 5 581 2357 592 2418 11
194 38 -1
581 5 5 11 10 582 2358 593 2419 11
202 22 -1
582 0 0 8 3 583 2359 594 2420 11
228 18 -1
583 7 7 11 14 584 2360 595 2421 11
250 43 -1
584 6 6 14 9 585 2361 596 2422 11
255 44 -1
585 5 5 8 13 586 2362 597 2423 11
256 22 -1
586 5 5 13 8 587 2363 598 2424 11
270 29 -1
587 3 3 11 6 588 2364 599 2425 11
291 11 -1
588 4 4 8 11 589 2365 600 2426 11
307 38 -1
589 0 0 0 11 590 2366 601 2427 11
334 40 -1
590 10 10 11 20 591 2367 602 2428 11
352 38 -1
591 1 1 3 10 592 2368 603 2429 11
358 43 -1
592 10 10 12 19 593 2369 604 2430 11
368 22 -1
593 10 10 16 15 594 2370 605 2431 11
389 40 -1
594 7 7 15 10 595 2371 606 2432 11
411 32 -1
595 10 10 21 10 596 2372 607 2433 11
435 38 -1
596 4 4 10 9 597 2373 608 2434 11
439 21 -1
597 2 2 4 11 598 2374 609 2435 11
450 30 -1
598 2 2 5 10 599 2375 610 2436 11
480 18 -1
599 8 8 8 19 600 2376 611 2437 11
518 1 -1
600 3 3 4 13 601 2377 612 2438 11
544 40 -1
601 4 4 6 13 602 2378 613 2439 11
565 38 -1
602 1 1 10 3 603 2379 614 2440 11
591 35 -1
603 10 10 18 13 604 2380 615 2441 11
600 29 -1
604 3 3 10 7 605 2381 616 2442 11
605 38 -1
605 6 6 7 16 606 2382 617 2443 11
642 44 -1
606 5 5 13 8 607 2383 618 2444 11
655 25 -1
607 2 2 7 8 608 2384 619 2445 11
663 1 -1
608 10 10 10 21 609 2385 620 2446 11
668 8 -1
609 6 6 10 13 610 2386 621 2447 11
676 11 -1
610 1 1 2 11 611 2387 622 2448 11
690 11 -1
611 4 4 6 13 612 2388 623 2449 11
692 32 -1
612 9 9 12 17 613 2389 624 2450 11
693 18 -1
613 5 5 15 6 614 2390 625 2451 11
694 38 -1
614 7 7 18 7 615 2391 626 2452 11
700 15 -1
615 4 4 4 15 616 2392 627 2453 11
745 27 -1
616 11 11 22 11 617 2393 628 2454 11
746 48 -1
617 5 5 15 6 618 2394 629 2455 11
777 1 -1
618 11 11 22 11 619 2395 630 2456 11
780 13 -1
619 1 1 5 8 620 2396 631 2457 11
793 11 -1
620 2 2 4 11 621 2397 632 2458 11
801 35 -1
621 10 10 18 13 622 2398 633 2459 11
804 46 -1
622 8 8 18 9 623 2399 634 2460 11
821 40 -1
623 9 9 14 15 624 2400 635 2461 11
825 40 -1
624 7 7 13 12 625 2401 636 2462 11
837 40 -1
625 3 3 14 3 626 2402 637 2463 11
841 13 -1
626 10 10 16 15 627 2403 638 2464 11
851 11 -1
627 11 11 12 21 628 2404 639 2465 11
855 14 -1
628 6 6 9 14 629 2405 640 2466 11
856 11 -1
629 10 10 19 12 630 2406 641 2467 11
866 21 -1
630 7 7 17 8 631 2407 642 2468 11
873 40 -1
631 11 11 19 14 632 2408 643 2469 11
890 25 -1
632 6 6 17 6 633 2409 644 2470 11
898 9 -1
633 5 5 16 5 634 2410 645 2471 11
905 13 -1
634 2 2 7 8 635 2411 646 2472 11
913 43 -1
635 8 8 10 17 636 2412 647 2473 11
925 22 -1
636 10 10 12 19 637 2413 648 2474 11
947 14 -1
637 10 10 19 12 638 2414 649 2475 11
2 8 -1
638 5 5 13 7 639 2415 649 2475 10
9 40 -1
639 6 6 7 15 640 2416 650 2476 10
17 1 -1
640 8 8 9 17 641 2417 651 2477 10
23 35 -1
641 6 6 11 11 642 2418 652 2478 10
49 46 -1
642 1 1 5 7 643 2419 653 2479 10
51 25 -1
643 9 9 19 9 644 2420 654 2480 10
55 40 -1
644 10 10 16 14 645 2421 655 2481 10
61 27 -1
645 5 5 11 9 646 2422 656 2482 10
67 14 -1
646 4 4 6 12 647 2423 657 2483 10
78 48 -1
647 9 9 14 14 648 2424 658 2484 10
85 22 -1
648 6 6 14 8 649 2425 659 2485 10
98 38 -1
649 3 3 8 8 650 2426 660 2486 10
152 41 -1
650 1 1 6 6 651 2427 661 2487 10
168 1 -1
651 6 6 10 12 652 2428 662 2488 10
180 40 -1
652 9 9 18 10 653 2429 663 2489 10
197 40 -1
653 5 5 5 15 654 2430 664 2490 10
222 40 -1
654 8 8 17 9 655 2431 665 2491 10
225 41 -1
655 10 10 16 14 656 2432 666 2492 10
258 40 -1
656 0 0 9 1 657 2433 667 2493 10
260 38 -1
657 8 8 16 10 658 2434 668 2494 10
281 33 -1
658 8 8 12 14 659 2435 669 2495 10
283 30 -1
659 8 8 8 18 660 2436 670 2496 10
290 44 -1
660 6 6 7 15 661 2437 671 2497 10
331 13 -1
661 10 10 14 16 662 2438 672 2498 10
338 33 -1
662 9 9 19 9 663 2439 673 2499 10
360 40 -1
663 5 5 11 9 664 2440 674 2500 10
361 30 -1
664 3 3 11 5 665 2441 675 2501 10
366 38 -1
665 4 4 4 14 666 2442 676 2502 10
396 33 -1
666 10 10 10 20 667 2443 677 2503 10
452 46 -1
667 3 3 13 3 668 2444 678 2504 10
474 41 -1
668 6 6 6 16 669 2445 679 2505 10
479 30 -1
669 0 0 6 4 670 2446 680 2506 10
498 35 -1
670 10 10 12 18 671 2447 681 2507 10
523 31 -1
671 2 2 4 10 672 2448 682 2508 10
551 14 -1
672 6 6 12 10 673 2449 683 2509 10
560 48 -1
673 0 0 7 3 674 2450 684 2510 10
564 38 -1
674 8 8 9 17 675 2451 685 2511 10
578 22 -1
675 8 8 18 8 676 2452 686 2512 10
579 11 -1
676 1 1 6 6 677 2453 687 2513 10
585 44 -1
677 8 8 17 9 678 2454 688 2514 10
622 48 -1
678 9 9 9 19 679 2455 689 2515 10
632 22 -1
679 3 3 7 9 680 2456 690 2516 10
636 43 -1
680 9 9 17 11 681 2457 691 2517 10
697 40 -1
681 5 5 14 6 682 2458 692 2518 10
712 40 -1
682 3 3 11 5 683 2459 693 2519 10
755 48 -1
683 3 3 6 10 684 2460 694 2520 10
758 41 -1
684 5 5 6 14 685 2461 695 2521 10
759 27 -1
685 1 1 10 2 686 2462 696 2522 10
787 22 -1
686 4 4 11 7 687 2463 697 2523 10
798 17 -1
687 1 1 2 10 688 2464 698 2524 10
835 9 -1
688 7 7 8 16 689 2465 699 2525 10
840 46 -1
689 10 10 19 11 690 2466 700 2526 10
860 18 -1
690 0 0 5 5 691 2467 701 2527 10
868 11 -1
691 4 4 13 5 692 2468 702 2528 10
870 41 -1
692 8 8 16 10 693 2469 703 2529 10
877 29 -1
693 7 7 8 16 694 2470 704 2530 10
884 11 -1
694 3 3 9 7 695 2471 705 2531 10
896 48 -1
695 4 4 12 6 696 2472 706 2532 10
904 41 -1
696 4 4 13 5 697 2473 707 2533 10
907 33 -1
697 1 1 1 11 698 2474 708 2534 10
944 27 -1
698 4 4 12 6 699 2475 709 2535 10
945 4 -1
699 9 9 9 19 700 2476 710 2536 10
949 22 -1
700 10 10 20 10 701 2477 711 2537 10
953 32 -1
701 5 5 14 6 702 2478 712 2538 10
954 17 -1
702 0 0 9 1 703 2479 713 2539 10
976 22 -1
703 0 0 6 4 704 2480 714 2540 10
984 30 -1
704 2 2 10 4 705 2481 715 2541 10
4 17 -1
705 7 7 10 13 706 2482 715 2541 9
60 44 -1
706 3 3 9 6 707 2483 716 2542 9
69 40 -1
707 8 8 17 8 708 2484 717 2543 9
80 8 -1
708 3 3 9 6 709 2485 718 2544 9
104 38 -1
709 3 3 10 5 710 2486 719 2545 9
107 25 -1
710 7 7 8 15 711 2487 720 2546 9
111 11 -1
711 9 9 11 16 712 2488 721 2547 9
151 35 -1
712 1 1 2 9 713 2489 722 2548 9
170 22 -1
713 3 3 6 9 714 2490 723 2549 9
173 35 -1
714 4 4 12 5 715 2491 724 2550 9
179 14 -1
715 8 8 11 14 716 2492 725 2551 9
193 30 -1
716 0 0 4 5 717 2493 726 2552 9
218 22 -1
717 3 3 3 12 718 2494 727 2553 9
236 41 -1
718 3 3 8 7 719 2495 728 2554 9
246 17 -1
719 4 4 10 7 720 2496 729 2555 9
279 32 -1
720 0 0 8 1 721 2497 730 2556 9
282 38 -1
721 6 6 12 9 722 2498 731 2557 9
288 15 -1
722 0 0 5 4 723 2499 732 2558 9
299 22 -1
723 1 1 6 5 724 2500 733 2559 9
303 40 -1
724 5 5 6 13 725 2501 734 2560 9
308 45 -1
725 1 1 1 10 726 2502 735 2561 9
388 22 -1
726 6 6 6 15 727 2503 736 2562 9
391 1 -1
727 3 3 7 8 728 2504 737 2563 9
393 14 -1
728 5 5 6 13 729 2505 738 2564 9
398 40 -1
729 3 3 11 4 730 2506 739 2565 9
400 5 -1
730 2 2 8 5 731 2507 740 2566 9
465 38 -1
731 6 6 14 7 732 2508 741 2567 9
485 38 -1
732 1 1 4 7 733 2509 742 2568 9
488 38 -1
733 8 8 17 8 734 2510 743 2569 9
500 27 -1
734 6 6 7 14 735 2511 744 2570 9
514 44 -1
735 1 1 5 6 736 2512 745 2571 9
531 22 -1
736 3 3 11 4 737 2513 746 2572 9
555 31 -1
737 2 2 6 7 738 2514 747 2573 9
589 21 -1
738 7 7 8 15 739 2515 748 2574 9
592 32 -1
739 8 8 11 14 740 2516 749 2575 9
595 15 -1
740 9 9 17 10 741 2517 750 2576 9
604 48 -1
741 6 6 14 7 742 2518 751 2577 9
612 15 -1
742 9 9 16 11 743 2519 752 2578 9
627 22 -1
743 2 2 3 10 744 2520 753 2579 9
640 43 -1
744 8 8 10 15 745 2521 754 2580 9
669 38 -1
745 8 8 15 10 746 2522 755 2581 9
670 33 -1
746 6 6 7 14 747 2523 756 2582 9
672 31 -1
747 9 9 14 13 748 2524 757 2583 9
716 46 -1
748 6 6 15 6 749 2525 758 2584 9
718 17 -1
749 4 4 9 8 750 2526 759 2585 9
727 44 -1
750 2 2 5 8 751 2527 760 2586 9
728 22 -1
751 9 9 13 14 752 2528 761 2587 9
731 27 -1
752 5 5 13 6 753 2529 762 2588 9
732 35 -1
753 9 9 9 18 754 2530 763 2589 9
737 15 -1
754 9 9 12 15 755 2531 764 2590 9
744 48 -1
755 6 6 15 6 756 2532 765 2591 9
771 46 -1
756 6 6 15 6 757 2533 766 2592 9
782 1 -1
757 6 6 10 11 758 2534 767 2593 9
786 33 -1
758 4 4 7 10 759 2535 768 2594 9
820 22 -1
759 4 4 8 9 760 2536 769 2595 9
827 38 -1
760 4 4 6 11 761 2537 770 2596 9
842 43 -1
761 6 6 9 12 762 2538 771 2597 9
846 17 -1
762 0 0 8 1 763 2539 772 2598 9
853 33 -1
763 6 6 12 9 764 2540 773 2599 9
876 38 -1
764 7 7 9 14 765 2541 774 2600 9
886 38 -1
765 8 8 17 8 766 2542 775 2601 9
894 29 -1
766 0 0 1 8 767 2543 776 2602 9
975 8 -1
767 3 3 3 12 768 2544 777 2603 9
991 32 -1
768 8 8 9 16 769 2545 778 2604 9
998 31 -1
769 1 1 2 9 770 2546 779 2605 9
39 5 -1
770 6 6 10 10 771 2547 779 2605 8
42 22 -1
771 0 0 8 0 772 2548 780 2606 8
43 15 -1
772 0 0 5 3 773 2549 781 2607 8
63 22 -1
773 6 6 6 14 774 2550 782 2608 8
64 9 -1
774 5 5 7 11 775 2551 783 2609 8
94 17 -1
775 4 4 9 7 776 2552 784 2610 8
125 7 -1
776 7 7 8 14 777 2553 785 2611 8
126 38 -1
777 1 1 3 7 778 2554 786 2612 8
127 1 -1
778 5 5 7 11 779 2555 787 2613 8
140 38 -1
779 0 0 2 6 780 2556 788 2614 8
157 38 -1
780 4 4 7 9 781 2557 789 2615 8
164 7 -1
781 0 0 4 4 782 2558 790 2616 8
183 13 -1
782 0 0 6 2 783 2559 791 2617 8
185 41 -1
783 5 5 7 11 784 2560 792 2618 8
187 1 -1
784 2 2 2 10 785 2561 793 2619 8
208 41 -1
785 1 1 3 7 786 2562 794 2620 8
210 40 -1
786 3 3 9 5 787 2563 795 2621 8
214 40 -1
787 2 2 3 9 788 2564 796 2622 8
231 13 -1
788 8 8 14 10 789 2565 797 2623 8
233 45 -1
789 3 3 6 8 790 2566 798 2624 8
237 18 -1
790 0 0 0 8 791 2567 799 2625 8
243 13 -1
791 5 5 7 11 792 2568 800 2626 8
244 18 -1
792 2 2 8 4 793 2569 801 2627 8
247 38 -1
793 1 1 7 3 794 2570 802 2628 8
259 27 -1
794 2 2 2 10 795 2571 803 2629 8
261 8 -1
795 0 0 8 0 796 2572 804 2630 8
263 41 -1
796 4 4 5 11 797 2573 805 2631 8
295 38 -1
797 8 8 9 15 798 2574 806 2632 8
300 21 -1
798 8 8 8 16 799 2575 807 2633 8
309 38 -1
799 1 1 7 3 800 2576 808 2634 8
326 33 -1
800 3 3 10 4 801 2577 809 2635 8
327 46 -1
801 8 8 13 11 802 2578 810 2636 8
335 44 -1
802 8 8 11 13 803 2579 811 2637 8
350 1 -1
803 4 4 4 12 804 2580 812 2638 8
357 44 -1
804 8 8 14 10 805 2581 813 2639 8
365 44 -1
805 0 0 7 1 806 2582 814 2640 8
367 31 -1
806 6 6 7 13 807 2583 815 2641 8
381 38 -1
807 5 5 5 13 808 2584 816 2642 8
385 13 -1
808 6 6 10 10 809 2585 817 2643 8
406 41 -1
809 2 2 2 10 810 2586 818 2644 8
420 1 -1
810 8 8 13 11 811 2587 819 2645 8
424 33 -1
811 2 2 3 9 812 2588 820 2646 8
429 38 -1
812 6 6 6 14 813 2589 821 2647 8
433 43 -1
813 4 4 9 7 814 2590 822 2648 8
492 11 -1
814 0 0 6 2 815 2591 823 2649 8
493 31 -1
815 7 7 14 8 816 2592 824 2650 8
495 29 -1
816 3 3 10 4 817 2593 825 2651 8
538 17 -1
817 3 3 6 8 818 2594 826 2652 8
552 43 -1
818 2 2 5 7 819 2595 827 2653 8
556 13 -1
819 0 0 0 8 820 2596 828 2654 8
570 30 -1
820 0 0 1 7 821 2597 829 2655 8
580 44 -1
821 6 6 8 12 822 2598 830 2656 8
590 4 -1
822 1 1 6 4 823 2599 831 2657 8
607 46 -1
823 3 3 10 4 824 2600 832 2658 8
609 7 -1
824 1 1 6 4 825 2601 833 2659 8
628 22 -1
825 7 7 15 7 826 2602 834 2660 8
671 38 -1
826 7 7 7 15 827 2603 835 2661 8
677 9 -1
827 3 3 4 10 828 2604 836 2662 8
679 9 -1
828 5 5 6 12 829 2605 837 2663 8
730 14 -1
829 5 5 6 12 830 2606 838 2664 8
734 41 -1
830 2 2 8 4 831 2607 839 2665 8
775 29 -1
831 3 3 9 5 832 2608 840 2666 8
790 46 -1
832 2 2 10 2 833 2609 841 2667 8
791 14 -1
833 0 0 0 8 834 2610 842 2668 8
799 35 -1
834 3 3 8 6 835 2611 843 2669 8
805 11 -1
835 8 8 11 13 836 2612 844 2670 8
814 38 -1
836 0 0 6 2 837 2613 845 2671 8
865 44 -1
837 1 1 3 7 838 2614 846 2672 8
908 11 -1
838 7 7 14 8 839 2615 847 2673 8
910 29 -1
839 5 5 9 9 840 2616 848 2674 8
915 9 -1
840 1 1 4 6 841 2617 849 2675 8
938 46 -1
841 8 8 10 14 842 2618 850 2676 8
966 38 -1
842 8 8 13 11 843 2619 851 2677 8
990 1 -1
843 5 5 9 9 844 2620 852 2678 8
996 1 -1
844 1 1 2 8 845 2621 853 2679 8
999 13 -1
845 2 2 10 2 846 2622 854 2680 8
5 44 -1
846 5 5 10 7 847 2623 854 2680 7
12 1 -1
847 0 0 7 0 848 2624 855 2681 7
16 1 -1
848 1 1 4 5 849 2625 856 2682 7
21 13 -1
849 7 7 10 11 850 2626 857 2683 7
25 17 -1
850 4 4 4 11 851 2627 858 2684 7
32 38 -1
851 4 4 4 11 852 2628 859 2685 7
46 43 -1
852 0 0 3 4 853 2629 860 2686 7
59 22 -1
853 0 0 2 5 854 2630 861 2687 7
62 44 -1
854 3 3 10 3 855 2631 862 2688 7
84 46 -1
855 6 6 10 9 856 2632 863 2689 7
90 9 -1
856 7 7 9 12 857 2633 864 2690 7
102 11 -1
857 5 5 12 5 858 2634 865 2691 7
106 27 -1
858 5 5 9 8 859 2635 866 2692 7
122 43 -1
859 4 4 4 11 860 2636 867 2693 7
129 1 -1
860 4 4 11 4 861 2637 868 2694 7
135 15 -1
861 6 6 6 13 862 2638 869 2695 7
159 7 -1
862 7 7 7 14 863 2639 870 2696 7
189 18 -1
863 0 0 7 0 864 2640 871 2697 7
192 45 -1
864 5 5 11 6 865 2641 872 2698 7
198 40 -1
865 1 1 3 6 866 2642 873 2699 7
199 15 -1
866 4 4 9 6 867 2643 874 2700 7
201 5 -1
867 6 6 9 10 868 2644 875 2701 7
205 1 -1
868 0 0 4 3 869 2645 876 2702 7
224 7 -1
869 7 7 14 7 870 2646 877 2703 7
229 11 -1
870 5 5 8 9 871 2647 878 2704 7
234 13 -1
871 1 1 3 6 872 2648 879 2705 7
296 29 -1
872 3 3 7 6 873 2649 880 2706 7
298 5 -1
873 3 3 9 4 874 2650 881 2707 7
323 11 -1
874 3 3 5 8 875 2651 882 2708 7
347 48 -1
875 7 7 14 7 876 2652 883 2709 7
348 22 -1
876 1 1 5 4 877 2653 884 2710 7
382 7 -1
877 6 6 9 10 878 2654 885 2711 7
392 1 -1
878 2 2 9 2 879 2655 886 2712 7
395 40 -1
879 1 1 7 2 880 2656 887 2713 7
401 48 -1
880 0 0 0 7 881 2657 888 2714 7
405 5 -1
881 5 5 7 10 882 2658 889 2715 7
457 11 -1
882 1 1 2 7 883 2659 890 2716 7
467 38 -1
883 2 2 3 8 884 2660 891 2717 7
470 40 -1
884 0 0 0 7 885 2661 892 2718 7
476 8 -1
885 1 1 7 2 886 2662 893 2719 7
478 46 -1
886 0 0 6 1 887 2663 894 2720 7
481 17 -1
887 4 4 4 11 888 2664 895 2721 7
483 35 -1
888 2 2 9 2 889 2665 896 2722 7
486 35 -1
889 4 4 11 4 890 2666 897 2723 7
490 30 -1
890 4 4 6 9 891 2667 898 2724 7
512 38 -1
891 1 1 4 5 892 2668 899 2725 7
516 14 -1
892 5 5 5 12 893 2669 900 2726 7
524 27 -1
893 3 3 6 7 894 2670 901 2727 7
526 38 -1
894 0 0 7 0 895 2671 902 2728 7
527 46 -1
895 6 6 8 11 896 2672 903 2729 7
536 13 -1
896 3 3 10 3 897 2673 904 2730 7
543 17 -1
897 7 7 12 9 898 2674 905 2731 7
567 8 -1
898 5 5 6 11 899 2675 906 2732 7
582 18 -1
899 0 0 1 6 900 2676 907 2733 7
593 33 -1
900 1 1 6 3 901 2677 908 2734 7
603 9 -1
901 2 2 7 4 902 2678 909 2735 7
630 38 -1
902 3 3 5 8 903 2679 910 2736 7
633 11 -1
903 1 1 3 6 904 2680 911 2737 7
647 41 -1
904 0 0 0 7 905 2681 912 2738 7
674 22 -1
905 1 1 2 7 906 2682 913 2739 7
681 45 -1
906 1 1 3 6 907 2683 914 2740 7
686 35 -1
907 2 2 6 5 908 2684 915 2741 7
699 38 -1
908 7 7 9 12 909 2685 916 2742 7
711 1 -1
909 2 2 7 4 910 2686 917 2743 7
714 25 -1
910 1 1 7 2 911 2687 918 2744 7
717 18 -1
911 2 2 8 3 912 2688 919 2745 7
720 11 -1
912 6 6 9 10 913 2689 920 2746 7
721 15 -1
913 3 3 10 3 914 2690 921 2747 7
725 46 -1
914 5 5 11 6 915 2691 922 2748 7
726 31 -1
915 1 1 1 8 916 2692 923 2749 7
736 44 -1
916 3 3 10 3 917 2693 924 2750 7
756 1 -1
917 3 3 8 5 918 2694 925 2751 7
766 9 -1
918 3 3 9 4 919 2695 926 2752 7
773 41 -1
919 4 4 10 5 920 2696 927 2753 7
783 32 -1
920 2 2 3 8 921 2697 928 2754 7
803 14 -1
921 4 4 4 11 922 2698 929 2755 7
813 21 -1
922 1 1 3 6 923 2699 930 2756 7
823 1 -1
923 5 5 11 6 924 2700 931 2757 7
828 44 -1
924 7 7 8 13 925 2701 932 2758 7
844 17 -1
925 0 0 4 3 926 2702 933 2759 7
861 33 -1
926 1 1 5 4 927 2703 934 2760 7
900 27 -1
927 7 7 10 11 928 2704 935 2761 7
914 46 -1
928 2 2 2 9 929 2705 936 2762 7
920 38 -1
929 2 2 7 4 930 2706 937 2763 7
935 27 -1
930 7 7 10 11 931 2707 938 2764 7
937 14 -1
931 4 4 10 5 932 2708 939 2765 7
960 40 -1
932 1 1 2 7 933 2709 940 2766 7
961 22 -1
933 2 2 3 8 934 2710 941 2767 7
962 44 -1
934 7 7 8 13 935 2711 942 2768 7
972 1 -1
935 6 6 12 7 936 2712 943 2769 7
974 18 -1
936 4 4 6 9 937 2713 944 2770 7
978 27 -1
937 2 2 6 5 938 2714 945 2771 7
981 8 -1
938 3 3 5 8 939 2715 946 2772 7
985 40 -1
939 1 1 6 3 940 2716 947 2773 7
7 40 -1
940 1 1 1 7 941 2717 947 2773 6
24 11 -1
941 2 2 2 8 942 2718 948 2774 6
33 40 -1
942 1 1 4 4 943 2719 949 2775 6
36 4 -1
943 4 4 7 7 944 2720 950 2776 6
56 41 -1
944 3 3 4 8 945 2721 951 2777 6
116 14 -1
945 6 6 9 9 946 2722 952 2778 6
119 11 -1
946 1 1 7 1 947 2723 953 2779 6
128 43 -1
947 2 2 4 6 948 2724 954 2780 6
133 41 -1
948 0 0 5 1 949 2725 955 2781 6
163 5 -1
949 3 3 7 5 950 2726 956 2782 6
165 44 -1
950 2 2 6 4 951 2727 957 2783 6
172 41 -1
951 3 3 5 7 952 2728 958 2784 6
238 25 -1
952 2 2 4 6 953 2729 959 2785 6
267 1 -1
953 4 4 4 10 954 2730 960 2786 6
274 13 -1
954 4 4 7 7 955 2731 961 2787 6
302 21 -1
955 6 6 6 12 956 2732 962 2788 6
316 21 -1
956 2 2 3 7 957 2733 963 2789 6
336 1 -1
957 0 0 2 4 958 2734 964 2790 6
344 32 -1
958 5 5 6 10 959 2735 965 2791 6
372 1 -1
959 4 4 6 8 960 2736 966 2792 6
390 13 -1
960 1 1 4 4 961 2737 967 2793 6
399 1 -1
961 5 5 6 10 962 2738 968 2794 6
403 44 -1
962 6 6 7 11 963 2739 969 2795 6
426 15 -1
963 4 4 4 10 964 2740 970 2796 6
447 38 -1
964 2 2 8 2 965 2741 971 2797 6
451 21 -1
965 3 3 3 9 966 2742 972 2798 6
487 48 -1
966 2 2 2 8 967 2743 973 2799 6
508 15 -1
967 2 2 4 6 968 2744 974 2800 6
510 22 -1
968 1 1 1 7 969 2745 975 2801 6
515 22 -1
969 0 0 4 2 970 2746 976 2802 6
520 22 -1
970 3 3 4 8 971 2747 977 2803 6
529 14 -1
971 6 6 8 10 972 2748 978 2804 6
548 17 -1
972 2 2 5 5 973 2749 979 2805 6
549 27 -1
973 0 0 0 6 974 2750 980 2806 6
581 40 -1
974 1 1 2 6 975 2751 981 2807 6
597 17 -1
975 3 3 4 8 976 2752 982 2808 6
620 9 -1
976 4 4 9 5 977 2753 983 2809 6
625 1 -1
977 0 0 0 6 978 2754 984 2810 6
646 38 -1
978 3 3 9 3 979 2755 985 2811 6
662 29 -1
979 3 3 7 5 980 2756 986 2812 6
704 38 -1
980 6 6 7 11 981 2757 987 2813 6
739 21 -1
981 0 0 5 1 982 2758 988 2814 6
742 14 -1
982 5 5 9 7 983 2759 989 2815 6
761 17 -1
983 5 5 11 5 984 2760 990 2816 6
764 22 -1
984 2 2 8 2 985 2761 991 2817 6
765 46 -1
985 2 2 6 4 986 2762 992 2818 6
772 14 -1
986 4 4 8 6 987 2763 993 2819 6
781 38 -1
987 0 0 0 6 988 2764 994 2820 6
818 38 -1
988 6 6 8 10 989 2765 995 2821 6
826 44 -1
989 6 6 9 9 990 2766 996 2822 6
830 25 -1
990 5 5 6 10 991 2767 997 2823 6
832 8 -1
991 2 2 7 3 992 2768 998 2824 6
847 33 -1
992 1 1 2 6 993 2769 999 2825 6
864 45 -1
993 5 5 10 6 994 2770 1000 2826 6
888 14 -1
994 1 1 7 1 995 2771 1001 2827 6
934 30 -1
995 1 1 4 4 996 2772 1002 2828 6
943 1 -1
996 1 1 4 4 997 2773 1003 2829 6
948 13 -1
997 4 4 9 5 998 2774 1004 2830 6
951 41 -1
998 3 3 5 7 999 2775 1005 2831 6
970 9 -1
999 6 6 12 6 1000 2776 1006 2832 6
971 41 -1
1000 4 4 7 7 1001 2777 1007 2833 6
