1000 1000 5197
16
1 0 0 4540
2 0 224 4540
3 0 448 4540
4 0 672 4540
5 223 0 4540
6 223 224 4540
7 223 448 4540
8 223 672 4540
9 446 0 4540
10 446 224 4540
11 446 448 4540
12 446 672 4540
13 669 0 4540
14 669 224 4540
15 669 448 4540
16 669 672 4540
16
1 1 0 0 1 10
2 2 0 224 1 10
3 3 0 448 1 10
4 4 0 672 1 10
5 5 223 0 1 10
6 6 223 224 1 10
7 7 223 448 1 10
8 8 223 672 1 10
9 9 446 0 1 10
10 10 446 224 1 10
11 11 446 448 1 10
12 12 446 672 1 10
13 13 669 0 1 10
14 14 669 224 1 10
15 15 669 448 1 10
16 16 669 672 1 10
32
1 1 0 100 3
0
2 1 0 100 3
0
3 2 0 100 3
0
4 2 0 100 3
0
5 3 0 100 3
0
6 3 0 100 3
0
7 4 0 100 3
0
8 4 0 100 3
0
9 5 0 100 3
0
10 5 0 100 3
0
11 6 0 100 3
0
12 6 0 100 3
0
13 7 0 100 3
0
14 7 0 100 3
0
15 8 0 100 3
0
16 8 0 100 3
0
17 9 0 100 3
0
18 9 0 100 3
0
19 10 0 100 3
0
20 10 0 100 3
0
21 11 0 100 3
0
22 11 0 100 3
0
23 12 0 100 3
0
24 12 0 100 3
0
25 13 0 100 3
0
26 13 0 100 3
0
27 14 0 100 3
0
28 14 0 100 3
0
29 15 0 100 3
0
30 15 0 100 3
0
31 16 0 100 3
0
32 16 0 100 3
0
1000
576 12 -1
1 25 25 40 59 2 1778 51 1877 49
779 1 -1
2 23 23 32 49 3 1779 38 1864 35
738 3 -1
3 11 11 30 18 4 1780 30 1856 26
38 1 -1
4 4 4 22 6 5 1781 25 1851 20
44 12 -1
5 18 18 25 31 6 1782 26 1852 20
47 10 -1
6 15 15 23 27 7 1783 27 1853 20
54 1 -1
7 19 19 27 31 8 1784 28 1854 20
81 8 -1
8 16 16 31 21 9 1785 29 1855 20
110 8 -1
9 6 6 22 10 10 1786 30 1856 20
117 14 -1
10 15 15 19 31 11 1787 31 1857 20
146 14 -1
11 7 7 21 13 12 1788 32 1858 20
189 11 -1
12 15 15 24 26 13 1789 33 1859 20
208 11 -1
13 19 19 27 31 14 1790 34 1860 20
225 13 -1
14 9 9 27 11 15 1791 35 1861 20
233 12 -1
15 16 16 34 18 16 1792 36 1862 20
236 15 -1
16 13 13 22 24 17 1793 37 1863 20
245 12 -1
17 6 6 8 24 18 1794 38 1864 20
260 10 -1
18 0 0 15 5 19 1795 39 1865 20
281 2 -1
19 14 14 32 16 20 1796 40 1866 20
303 8 -1
20 17 17 31 23 21 1797 41 1867 20
317 12 -1
21 5 5 16 14 22 1798 42 1868 20
345 2 -1
22 7 7 9 25 23 1799 43 1869 20
353 1 -1
23 0 0 13 7 24 1800 44 1870 20
371 1 -1
24 5 5 19 11 25 1801 45 1871 20
392 3 -1
25 14 14 19 29 26 1802 46 1872 20
397 12 -1
26 20 20 34 26 27 1803 47 1873 20
415 12 -1
27 12 12 25 19 28 1804 48 1874 20
436 1 -1
28 0 0 14 6 29 1805 49 1875 20
455 12 -1
29 6 6 7 25 30 1806 50 1876 20
462 14 -1
30 18 18 19 37 31 1807 51 1877 20
488 15 -1
31 2 2 2 22 32 1808 52 1878 20
492 12 -1
32 6 6 23 9 33 1809 53 1879 20
514 11 -1
33 13 13 25 21 34 1810 54 1880 20
519 14 -1
34 12 12 19 25 35 1811 55 1881 20
553 14 -1
35 15 15 19 31 36 1812 56 1882 20
621 8 -1
36 11 11 12 30 37 1813 57 1883 20
646 15 -1
37 0 0 4 16 38 1814 58 1884 20
665 1 -1
38 5 5 23 7 39 1815 59 1885 20
670 14 -1
39 5 5 8 22 40 1816 60 1886 20
689 15 -1
40 2 2 13 11 41 1817 61 1887 20
697 11 -1
41 14 14 18 30 42 1818 62 1888 20
711 2 -1
42 9 9 9 29 43 1819 63 1889 20
716 15 -1
43 4 4 21 7 44 1820 64 1890 20
731 1 -1
44 11 11 30 12 45 1821 65 1891 20
739 14 -1
45 19 19 33 25 46 1822 66 1892 20
758 11 -1
46 1 1 13 9 47 1823 67 1893 20
773 11 -1
47 3 3 9 17 48 1824 68 1894 20
781 12 -1
48 6 6 20 12 49 1825 69 1895 20
808 11 -1
49 20 20 36 24 50 1826 70 1896 20
940 3 -1
50 8 8 22 14 51 1827 71 1897 20
957 12 -1
51 3 3 15 11 52 1828 72 1898 20
958 15 -1
52 10 10 15 25 53 1829 73 1899 20
975 10 -1
53 14 14 26 22 54 1830 74 1900 20
12 10 -1
54 14 14 33 14 55 1831 74 1900 19
26 13 -1
55 18 18 34 21 56 1832 75 1901 19
40 14 -1
56 17 17 35 18 57 1833 76 1902 19
67 11 -1
57 9 9 11 26 58 1834 77 1903 19
75 11 -1
58 19 19 31 26 59 1835 78 1904 19
135 1 -1
59 5 5 20 9 60 1836 79 1905 19
152 11 -1
60 6 6 20 11 61 1837 80 1906 19
174 12 -1
61 16 16 31 20 62 1838 81 1907 19
181 11 -1
62 7 7 7 26 63 1839 82 1908 19
196 8 -1
63 12 12 23 20 64 1840 83 1909 19
214 2 -1
64 12 12 20 23 65 1841 84 1910 19
241 11 -1
65 0 0 10 9 66 1842 85 1911 19
270 8 -1
66 3 3 19 6 67 1843 86 1912 19
288 2 -1
67 6 6 6 25 68 1844 87 1913 19
289 12 -1
68 13 13 21 24 69 1845 88 1914 19
300 11 -1
69 5 5 14 15 70 1846 89 1915 19
311 3 -1
70 12 12 28 15 71 1847 90 1916 19
384 2 -1
71 14 14 33 14 72 1848 91 1917 19
417 8 -1
72 2 2 11 12 73 1849 92 1918 19
434 11 -1
73 11 11 11 30 74 1850 93 1919 19
454 12 -1
74 3 3 13 12 75 1851 94 1920 19
459 12 -1
75 1 1 19 2 76 1852 95 1921 19
567 1 -1
76 4 4 6 21 77 1853 96 1922 19
577 12 -1
77 6 6 25 6 78 1854 97 1923 19
589 1 -1
78 18 18 26 29 79 1855 98 1924 19
597 15 -1
79 1 1 19 2 80 1856 99 1925 19
602 11 -1
80 15 15 31 18 81 1857 100 1926 19
603 2 -1
81 19 19 31 26 82 1858 101 1927 19
611 10 -1
82 9 9 18 19 83 1859 102 1928 19
648 11 -1
83 4 4 6 21 84 1860 103 1929 19
667 3 -1
84 12 12 25 18 85 1861 104 1930 19
680 11 -1
85 8 8 16 19 86 1862 105 1931 19
694 15 -1
86 9 9 17 20 87 1863 106 1932 19
704 11 -1
87 8 8 26 9 88 1864 107 1933 19
708 15 -1
88 2 2 10 13 89 1865 108 1934 19
714 13 -1
89 11 11 13 28 90 1866 109 1935 19
724 11 -1
90 11 11 12 29 91 1867 110 1936 19
745 10 -1
91 0 0 16 3 92 1868 111 1937 19
760 1 -1
92 3 3 18 7 93 1869 112 1938 19
771 15 -1
93 8 8 16 19 94 1870 113 1939 19
778 3 -1
94 12 12 12 31 95 1871 114 1940 19
794 1 -1
95 11 11 30 11 96 1872 115 1941 19
824 11 -1
96 8 8 17 18 97 1873 116 1942 19
825 15 -1
97 18 18 20 35 98 1874 117 1943 19
870 1 -1
98 6 6 7 24 99 1875 118 1944 19
876 14 -1
99 15 15 25 24 100 1876 119 1945 19
889 11 -1
100 4 4 11 16 101 1877 120 1946 19
890 12 -1
101 9 9 21 16 102 1878 121 1947 19
900 10 -1
102 3 3 9 16 103 1879 122 1948 19
901 12 -1
103 9 9 13 24 104 1880 123 1949 19
905 12 -1
104 17 17 28 25 105 1881 124 1950 19
910 12 -1
105 8 8 27 8 106 1882 125 1951 19
926 12 -1
106 1 1 3 18 107 1883 126 1952 19
943 1 -1
107 1 1 13 8 108 1884 127 1953 19
986 11 -1
108 16 16 35 16 109 1885 128 1954 19
987 12 -1
109 5 5 13 16 110 1886 129 1955 19
1000 12 -1
110 16 16 33 18 111 1887 130 1956 19
16 15 -1
111 11 11 12 28 112 1888 130 1956 18
25 12 -1
112 18 18 36 18 113 1889 131 1957 18
59 3 -1
113 8 8 19 15 114 1890 132 1958 18
104 15 -1
114 1 1 19 1 115 1891 133 1959 18
118 3 -1
115 0 0 17 1 116 1892 134 1960 18
126 8 -1
116 5 5 6 22 117 1893 135 1961 18
144 13 -1
117 12 12 24 18 118 1894 136 1962 18
148 10 -1
118 18 18 31 23 119 1895 137 1963 18
186 15 -1
119 11 11 11 29 120 1896 138 1964 18
194 1 -1
120 4 4 12 14 121 1897 139 1965 18
198 13 -1
121 9 9 26 10 122 1898 140 1966 18
200 11 -1
122 18 18 29 25 123 1899 141 1967 18
206 3 -1
123 17 17 27 25 124 1900 142 1968 18
228 10 -1
124 14 14 23 23 125 1901 143 1969 18
239 15 -1
125 11 11 13 27 126 1902 144 1970 18
269 8 -1
126 10 10 18 20 127 1903 145 1971 18
285 3 -1
127 4 4 7 19 128 1904 146 1972 18
351 14 -1
128 6 6 22 8 129 1905 147 1973 18
352 1 -1
129 5 5 6 22 130 1906 148 1974 18
369 11 -1
130 0 0 3 15 131 1907 149 1975 18
381 15 -1
131 1 1 2 18 132 1908 150 1976 18
412 11 -1
132 7 7 11 21 133 1909 151 1977 18
442 11 -1
133 2 2 3 19 134 1910 152 1978 18
449 12 -1
134 0 0 8 10 135 1911 153 1979 18
450 11 -1
135 13 13 16 28 136 1912 154 1980 18
451 12 -1
136 10 10 22 16 137 1913 155 1981 18
456 1 -1
137 8 8 15 19 138 1914 156 1982 18
506 3 -1
138 12 12 17 25 139 1915 157 1983 18
520 15 -1
139 12 12 21 21 140 1916 158 1984 18
528 10 -1
140 2 2 6 16 141 1917 159 1985 18
635 12 -1
141 16 16 24 26 142 1918 160 1986 18
664 11 -1
142 12 12 21 21 143 1919 161 1987 18
668 3 -1
143 9 9 17 19 144 1920 162 1988 18
673 12 -1
144 15 15 17 31 145 1921 163 1989 18
705 1 -1
145 6 6 24 6 146 1922 164 1990 18
723 10 -1
146 15 15 25 23 147 1923 165 1991 18
737 12 -1
147 7 7 8 24 148 1924 166 1992 18
741 14 -1
148 17 17 29 23 149 1925 167 1993 18
743 14 -1
149 4 4 15 11 150 1926 168 1994 18
749 15 -1
150 8 8 16 18 151 1927 169 1995 18
755 12 -1
151 16 16 27 23 152 1928 170 1996 18
765 13 -1
152 10 10 25 13 153 1929 171 1997 18
777 8 -1
153 7 7 8 24 154 1930 172 1998 18
791 13 -1
154 5 5 8 20 155 1931 173 1999 18
810 3 -1
155 10 10 21 17 156 1932 174 2000 18
818 15 -1
156 11 11 23 17 157 1933 175 2001 18
822 12 -1
157 4 4 22 4 158 1934 176 2002 18
833 3 -1
158 16 16 22 28 159 1935 177 2003 18
842 2 -1
159 16 16 29 21 160 1936 178 2004 18
877 11 -1
160 11 11 20 20 161 1937 179 2005 18
878 11 -1
161 14 14 26 20 162 1938 180 2006 18
885 10 -1
162 14 14 25 21 163 1939 181 2007 18
913 2 -1
163 15 15 28 20 164 1940 182 2008 18
914 11 -1
164 7 7 9 23 165 1941 183 2009 18
932 14 -1
165 6 6 18 12 166 1942 184 2010 18
934 10 -1
166 7 7 12 20 167 1943 185 2011 18
18 15 -1
167 5 5 14 13 168 1944 185 2011 17
29 14 -1
168 10 10 19 18 169 1945 186 2012 17
34 3 -1
169 8 8 22 11 170 1946 187 2013 17
35 3 -1
170 4 4 16 9 171 1947 188 2014 17
46 12 -1
171 15 15 27 20 172 1948 189 2015 17
48 13 -1
172 8 8 19 14 173 1949 190 2016 17
49 11 -1
173 6 6 11 18 174 1950 191 2017 17
69 12 -1
174 0 0 11 6 175 1951 192 2018 17
93 3 -1
175 10 10 27 10 176 1952 193 2019 17
102 15 -1
176 5 5 12 15 177 1953 194 2020 17
120 11 -1
177 3 3 17 6 178 1954 195 2021 17
123 12 -1
178 2 2 19 2 179 1955 196 2022 17
128 15 -1
179 11 11 15 24 180 1956 197 2023 17
183 15 -1
180 11 11 16 23 181 1957 198 2024 17
203 12 -1
181 2 2 6 15 182 1958 199 2025 17
213 10 -1
182 11 11 25 14 183 1959 200 2026 17
215 11 -1
183 5 5 7 20 184 1960 201 2027 17
218 12 -1
184 2 2 8 13 185 1961 202 2028 17
240 11 -1
185 13 13 16 27 186 1962 203 2029 17
264 3 -1
186 4 4 21 4 187 1963 204 2030 17
267 15 -1
187 16 16 29 20 188 1964 205 2031 17
280 11 -1
188 8 8 9 24 189 1965 206 2032 17
286 12 -1
189 1 1 7 12 190 1966 207 2033 17
302 12 -1
190 6 6 20 9 191 1967 208 2034 17
316 1 -1
191 15 15 24 23 192 1968 209 2035 17
336 15 -1
192 15 15 18 29 193 1969 210 2036 17
339 3 -1
193 14 14 26 19 194 1970 211 2037 17
347 12 -1
194 13 13 24 19 195 1971 212 2038 17
349 13 -1
195 1 1 14 5 196 1972 213 2039 17
375 11 -1
196 2 2 18 3 197 1973 214 2040 17
390 11 -1
197 16 16 18 31 198 1974 215 2041 17
431 2 -1
198 0 0 5 12 199 1975 216 2042 17
444 11 -1
199 2 2 7 14 200 1976 217 2043 17
466 8 -1
200 14 14 21 24 201 1977 218 2044 17
470 13 -1
201 12 12 16 25 202 1978 219 2045 17
509 12 -1
202 3 3 7 16 203 1979 220 2046 17
513 10 -1
203 11 11 24 15 204 1980 221 2047 17
539 11 -1
204 17 17 17 34 205 1981 222 2048 17
548 3 -1
205 3 3 19 4 206 1982 223 2049 17
551 11 -1
206 9 9 25 10 207 1983 224 2050 17
558 11 -1
207 6 6 16 13 208 1984 225 2051 17
571 11 -1
208 15 15 24 23 209 1985 226 2052 17
572 1 -1
209 1 1 7 12 210 1986 227 2053 17
601 1 -1
210 14 14 25 20 211 1987 228 2054 17
604 11 -1
211 4 4 11 14 212 1988 229 2055 17
609 15 -1
212 2 2 19 2 213 1989 230 2056 17
639 3 -1
213 7 7 11 20 214 1990 231 2057 17
652 12 -1
214 11 11 15 24 215 1991 232 2058 17
656 13 -1
215 12 12 15 26 216 1992 233 2059 17
679 12 -1
216 9 9 17 18 217 1993 234 2060 17
687 12 -1
217 14 14 28 17 218 1994 235 2061 17
700 12 -1
218 6 6 20 9 219 1995 236 2062 17
740 11 -1
219 1 1 13 6 220 1996 237 2063 17
756 11 -1
220 13 13 13 30 221 1997 238 2064 17
772 3 -1
221 0 0 14 3 222 1998 239 2065 17
775 2 -1
222 6 6 21 8 223 1999 240 2066 17
800 10 -1
223 14 14 22 23 224 2000 241 2067 17
843 12 -1
224 4 4 13 12 225 2001 242 2068 17
844 2 -1
225 4 4 19 6 226 2002 243 2069 17
854 2 -1
226 8 8 8 25 227 2003 244 2070 17
871 15 -1
227 14 14 23 22 228 2004 245 2071 17
892 1 -1
228 15 15 25 22 229 2005 246 2072 17
896 12 -1
229 8 8 24 9 230 2006 247 2073 17
897 13 -1
230 2 2 18 3 231 2007 248 2074 17
907 13 -1
231 1 1 6 13 232 2008 249 2075 17
911 11 -1
232 9 9 15 20 233 2009 250 2076 17
924 11 -1
233 15 15 20 27 234 2010 251 2077 17
938 1 -1
234 5 5 16 11 235 2011 252 2078 17
970 13 -1
235 5 5 21 6 236 2012 253 2079 17
989 11 -1
236 16 16 18 31 237 2013 254 2080 17
997 15 -1
237 4 4 10 15 238 2014 255 2081 17
998 14 -1
238 13 13 25 18 239 2015 256 2082 17
10 11 -1
239 16 16 32 16 240 2016 256 2082 16
21 15 -1
240 11 11 22 16 241 2017 257 2083 16
45 14 -1
241 16 16 17 31 242 2018 258 2084 16
52 1 -1
242 11 11 16 22 243 2019 259 2085 16
62 12 -1
243 10 10 25 11 244 2020 260 2086 16
76 11 -1
244 13 13 24 18 245 2021 261 2087 16
90 15 -1
245 0 0 6 10 246 2022 262 2088 16
91 11 -1
246 10 10 12 24 247 2023 263 2089 16
97 1 -1
247 4 4 19 5 248 2024 264 2090 16
105 8 -1
248 2 2 14 6 249 2025 265 2091 16
147 15 -1
249 6 6 19 9 250 2026 266 2092 16
155 10 -1
250 12 12 17 23 251 2027 267 2093 16
157 12 -1
251 7 7 18 12 252 2028 268 2094 16
166 1 -1
252 7 7 8 22 253 2029 269 2095 16
168 12 -1
253 5 5 16 10 254 2030 270 2096 16
182 11 -1
254 1 1 5 13 255 2031 271 2097 16
252 11 -1
255 16 16 24 24 256 2032 272 2098 16
253 12 -1
256 9 9 15 19 257 2033 273 2099 16
254 13 -1
257 2 2 4 16 258 2034 274 2100 16
275 1 -1
258 5 5 9 17 259 2035 275 2101 16
279 12 -1
259 1 1 2 16 260 2036 276 2102 16
291 12 -1
260 4 4 15 9 261 2037 277 2103 16
298 1 -1
261 4 4 20 4 262 2038 278 2104 16
312 14 -1
262 8 8 21 11 263 2039 279 2105 16
328 11 -1
263 14 14 28 16 264 2040 280 2106 16
341 2 -1
264 5 5 9 17 265 2041 281 2107 16
359 3 -1
265 4 4 19 5 266 2042 282 2108 16
370 15 -1
266 6 6 17 11 267 2043 283 2109 16
379 13 -1
267 12 12 24 16 268 2044 284 2110 16
385 14 -1
268 5 5 19 7 269 2045 285 2111 16
387 1 -1
269 1 1 1 17 270 2046 286 2112 16
452 10 -1
270 16 16 31 17 271 2047 287 2113 16
457 2 -1
271 9 9 21 13 272 2048 288 2114 16
471 15 -1
272 7 7 8 22 273 2049 289 2115 16
485 1 -1
273 1 1 5 13 274 2050 290 2116 16
494 12 -1
274 10 10 22 14 275 2051 291 2117 16
497 13 -1
275 9 9 12 22 276 2052 292 2118 16
504 15 -1
276 11 11 26 12 277 2053 293 2119 16
505 2 -1
277 16 16 32 16 278 2054 294 2120 16
512 10 -1
278 13 13 24 18 279 2055 295 2121 16
521 12 -1
279 0 0 13 3 280 2056 296 2122 16
533 14 -1
280 9 9 13 21 281 2057 297 2123 16
574 13 -1
281 1 1 2 16 282 2058 298 2124 16
579 2 -1
282 2 2 4 16 283 2059 299 2125 16
583 15 -1
283 1 1 15 3 284 2060 300 2126 16
586 13 -1
284 12 12 22 18 285 2061 301 2127 16
590 11 -1
285 2 2 11 9 286 2062 302 2128 16
595 8 -1
286 15 15 29 17 287 2063 303 2129 16
607 15 -1
287 2 2 9 11 288 2064 304 2130 16
643 13 -1
288 0 0 7 9 289 2065 305 2131 16
650 1 -1
289 1 1 17 1 290 2066 306 2132 16
657 8 -1
290 5 5 14 12 291 2067 307 2133 16
684 12 -1
291 4 4 15 9 292 2068 308 2134 16
722 1 -1
292 7 7 17 13 293 2069 309 2135 16
732 3 -1
293 2 2 14 6 294 2070 310 2136 16
763 12 -1
294 10 10 17 19 295 2071 311 2137 16
786 11 -1
295 10 10 10 26 296 2072 312 2138 16
788 11 -1
296 8 8 17 15 297 2073 313 2139 16
834 15 -1
297 13 13 20 22 298 2074 314 2140 16
862 13 -1
298 6 6 12 16 299 2075 315 2141 16
925 12 -1
299 4 4 7 17 300 2076 316 2142 16
948 8 -1
300 16 16 22 26 301 2077 317 2143 16
1 12 -1
301 12 12 16 23 302 2078 317 2143 15
19 14 -1
302 14 14 27 16 303 2079 318 2144 15
24 12 -1
303 6 6 17 10 304 2080 319 2145 15
33 10 -1
304 2 2 14 5 305 2081 320 2146 15
77 15 -1
305 5 5 9 16 306 2082 321 2147 15
78 1 -1
306 8 8 8 23 307 2083 322 2148 15
84 11 -1
307 3 3 8 13 308 2084 323 2149 15
88 11 -1
308 5 5 8 17 309 2085 324 2150 15
103 2 -1
309 4 4 10 13 310 2086 325 2151 15
115 12 -1
310 14 14 27 16 311 2087 326 2152 15
132 3 -1
311 2 2 14 5 312 2088 327 2153 15
139 11 -1
312 15 15 18 27 313 2089 328 2154 15
145 11 -1
313 10 10 17 18 314 2090 329 2155 15
150 1 -1
314 3 3 11 10 315 2091 330 2156 15
161 13 -1
315 10 10 15 20 316 2092 331 2157 15
167 11 -1
316 6 6 19 8 317 2093 332 2158 15
170 3 -1
317 15 15 18 27 318 2094 333 2159 15
222 11 -1
318 15 15 29 16 319 2095 334 2160 15
250 11 -1
319 1 1 12 5 320 2096 335 2161 15
284 15 -1
320 2 2 7 12 321 2097 336 2162 15
308 11 -1
321 11 11 18 19 322 2098 337 2163 15
321 14 -1
322 13 13 21 20 323 2099 338 2164 15
324 3 -1
323 14 14 21 22 324 2100 339 2165 15
330 10 -1
324 1 1 4 13 325 2101 340 2166 15
358 10 -1
325 8 8 14 17 326 2102 341 2167 15
363 14 -1
326 0 0 13 2 327 2103 342 2168 15
382 11 -1
327 12 12 25 14 328 2104 343 2169 15
386 2 -1
328 0 0 0 15 329 2105 344 2170 15
393 1 -1
329 2 2 4 15 330 2106 345 2171 15
440 15 -1
330 3 3 8 13 331 2107 346 2172 15
484 11 -1
331 1 1 8 9 332 2108 347 2173 15
489 12 -1
332 2 2 6 13 333 2109 348 2174 15
499 3 -1
333 8 8 20 11 334 2110 349 2175 15
501 12 -1
334 8 8 19 12 335 2111 350 2176 15
534 15 -1
335 12 12 15 24 336 2112 351 2177 15
552 1 -1
336 15 15 22 23 337 2113 352 2178 15
559 12 -1
337 5 5 11 14 338 2114 353 2179 15
562 11 -1
338 3 3 3 18 339 2115 354 2180 15
568 11 -1
339 12 12 15 24 340 2116 355 2181 15
596 12 -1
340 13 13 15 26 341 2117 356 2182 15
615 3 -1
341 6 6 17 10 342 2118 357 2183 15
623 10 -1
342 5 5 17 8 343 2119 358 2184 15
625 14 -1
343 2 2 8 11 344 2120 359 2185 15
637 10 -1
344 13 13 19 22 345 2121 360 2186 15
658 1 -1
345 10 10 18 17 346 2122 361 2187 15
669 1 -1
346 12 12 16 23 347 2123 362 2188 15
686 15 -1
347 13 13 16 25 348 2124 363 2189 15
690 12 -1
348 12 12 12 27 349 2125 364 2190 15
693 15 -1
349 10 10 25 10 350 2126 365 2191 15
734 1 -1
350 10 10 17 18 351 2127 366 2192 15
751 14 -1
351 13 13 25 16 352 2128 367 2193 15
782 10 -1
352 0 0 7 8 353 2129 368 2194 15
798 11 -1
353 13 13 21 20 354 2130 369 2195 15
807 8 -1
354 10 10 11 24 355 2131 370 2196 15
830 11 -1
355 1 1 15 2 356 2132 371 2197 15
866 10 -1
356 0 0 10 5 357 2133 372 2198 15
882 13 -1
357 11 11 11 26 358 2134 373 2199 15
909 15 -1
358 2 2 7 12 359 2135 374 2200 15
915 15 -1
359 13 13 26 15 360 2136 375 2201 15
917 11 -1
360 5 5 8 17 361 2137 376 2202 15
919 11 -1
361 0 0 10 5 362 2138 377 2203 15
921 14 -1
362 10 10 19 16 363 2139 378 2204 15
923 8 -1
363 1 1 1 16 364 2140 379 2205 15
929 11 -1
364 14 14 15 28 365 2141 380 2206 15
933 3 -1
365 8 8 9 22 366 2142 381 2207 15
951 1 -1
366 12 12 19 20 367 2143 382 2208 15
954 15 -1
367 2 2 11 8 368 2144 383 2209 15
955 11 -1
368 10 10 20 15 369 2145 384 2210 15
971 14 -1
369 10 10 20 15 370 2146 385 2211 15
2 3 -1
370 6 6 14 12 371 2147 385 2211 14
9 3 -1
371 7 7 14 14 372 2148 386 2212 14
15 1 -1
372 13 13 22 18 373 2149 387 2213 14
27 1 -1
373 5 5 15 9 374 2150 388 2214 14
50 3 -1
374 11 11 14 22 375 2151 389 2215 14
60 15 -1
375 7 7 13 15 376 2152 390 2216 14
94 2 -1
376 6 6 20 6 377 2153 391 2217 14
106 11 -1
377 9 9 19 13 378 2154 392 2218 14
113 12 -1
378 12 12 12 26 379 2155 393 2219 14
125 2 -1
379 4 4 12 10 380 2156 394 2220 14
151 10 -1
380 3 3 12 8 381 2157 395 2221 14
177 1 -1
381 0 0 10 4 382 2158 396 2222 14
221 2 -1
382 4 4 18 4 383 2159 397 2223 14
249 8 -1
383 7 7 19 9 384 2160 398 2224 14
290 14 -1
384 2 2 5 13 385 2161 399 2225 14
293 11 -1
385 8 8 20 10 386 2162 400 2226 14
294 2 -1
386 5 5 7 17 387 2163 401 2227 14
332 11 -1
387 2 2 15 3 388 2164 402 2228 14
334 12 -1
388 5 5 11 13 389 2165 403 2229 14
338 11 -1
389 8 8 12 18 390 2166 404 2230 14
340 1 -1
390 4 4 9 13 391 2167 405 2231 14
342 13 -1
391 4 4 13 9 392 2168 406 2232 14
346 12 -1
392 4 4 10 12 393 2169 407 2233 14
354 14 -1
393 9 9 11 21 394 2170 408 2234 14
362 1 -1
394 5 5 11 13 395 2171 409 2235 14
374 13 -1
395 0 0 13 1 396 2172 410 2236 14
380 14 -1
396 4 4 14 8 397 2173 411 2237 14
394 15 -1
397 10 10 12 22 398 2174 412 2238 14
408 11 -1
398 3 3 5 15 399 2175 413 2239 14
413 10 -1
399 7 7 19 9 400 2176 414 2240 14
427 11 -1
400 1 1 4 12 401 2177 415 2241 14
480 11 -1
401 9 9 14 18 402 2178 416 2242 14
482 1 -1
402 10 10 11 23 403 2179 417 2243 14
490 12 -1
403 7 7 19 9 404 2180 418 2244 14
511 10 -1
404 9 9 17 15 405 2181 419 2245 14
538 11 -1
405 12 12 20 18 406 2182 420 2246 14
547 11 -1
406 2 2 16 2 407 2183 421 2247 14
581 2 -1
407 8 8 14 16 408 2184 422 2248 14
584 8 -1
408 5 5 17 7 409 2185 423 2249 14
587 14 -1
409 5 5 15 9 410 2186 424 2250 14
588 11 -1
410 7 7 15 13 411 2187 425 2251 14
641 12 -1
411 1 1 12 4 412 2188 426 2252 14
683 12 -1
412 13 13 18 22 413 2189 427 2253 14
703 3 -1
413 8 8 15 15 414 2190 428 2254 14
719 14 -1
414 9 9 13 19 415 2191 429 2255 14
728 15 -1
415 0 0 7 7 416 2192 430 2256 14
753 11 -1
416 12 12 22 16 417 2193 431 2257 14
790 12 -1
417 12 12 18 20 418 2194 432 2258 14
815 1 -1
418 7 7 14 14 419 2195 433 2259 14
821 12 -1
419 9 9 20 12 420 2196 434 2260 14
835 11 -1
420 3 3 12 8 421 2197 435 2261 14
852 10 -1
421 7 7 16 12 422 2198 436 2262 14
858 12 -1
422 10 10 18 16 423 2199 437 2263 14
875 11 -1
423 9 9 21 11 424 2200 438 2264 14
880 8 -1
424 12 12 21 17 425 2201 439 2265 14
953 15 -1
425 8 8 22 8 426 2202 440 2266 14
980 14 -1
426 4 4 12 10 427 2203 441 2267 14
983 10 -1
427 4 4 5 17 428 2204 442 2268 14
985 12 -1
428 2 2 10 8 429 2205 443 2269 14
988 2 -1
429 4 4 18 4 430 2206 444 2270 14
993 12 -1
430 0 0 2 12 431 2207 445 2271 14
3 11 -1
431 1 1 8 7 432 2208 445 2271 13
6 15 -1
432 13 13 18 21 433 2209 446 2272 13
7 2 -1
433 3 3 9 10 434 2210 447 2273 13
8 3 -1
434 13 13 21 18 435 2211 448 2274 13
17 10 -1
435 9 9 11 20 436 2212 449 2275 13
83 11 -1
436 8 8 17 12 437 2213 450 2276 13
100 12 -1
437 13 13 14 25 438 2214 451 2277 13
101 12 -1
438 3 3 14 5 439 2215 452 2278 13
140 12 -1
439 11 11 23 12 440 2216 453 2279 13
158 3 -1
440 3 3 5 14 441 2217 454 2280 13
160 11 -1
441 8 8 21 8 442 2218 455 2281 13
169 12 -1
442 3 3 5 14 443 2219 456 2282 13
171 15 -1
443 8 8 14 15 444 2220 457 2283 13
184 15 -1
444 9 9 11 20 445 2221 458 2284 13
191 8 -1
445 0 0 10 3 446 2222 459 2285 13
207 2 -1
446 5 5 9 14 447 2223 460 2286 13
220 1 -1
447 4 4 7 14 448 2224 461 2287 13
234 15 -1
448 11 11 22 13 449 2225 462 2288 13
238 12 -1
449 11 11 17 18 450 2226 463 2289 13
265 11 -1
450 3 3 10 9 451 2227 464 2290 13
278 12 -1
451 13 13 23 16 452 2228 465 2291 13
297 1 -1
452 4 4 10 11 453 2229 466 2292 13
315 12 -1
453 5 5 10 13 454 2230 467 2293 13
365 10 -1
454 12 12 14 23 455 2231 468 2294 13
391 11 -1
455 2 2 5 12 456 2232 469 2295 13
399 12 -1
456 10 10 13 20 457 2233 470 2296 13
416 13 -1
457 1 1 3 12 458 2234 471 2297 13
438 10 -1
458 8 8 21 8 459 2235 472 2298 13
439 12 -1
459 3 3 7 12 460 2236 473 2299 13
443 13 -1
460 3 3 9 10 461 2237 474 2300 13
446 15 -1
461 12 12 16 21 462 2238 475 2301 13
500 1 -1
462 7 7 18 9 463 2239 476 2302 13
525 11 -1
463 7 7 14 13 464 2240 477 2303 13
546 12 -1
464 13 13 22 17 465 2241 478 2304 13
555 15 -1
465 9 9 14 17 466 2242 479 2305 13
566 12 -1
466 4 4 10 11 467 2243 480 2306 13
569 12 -1
467 3 3 5 14 468 2244 481 2307 13
608 12 -1
468 1 1 13 2 469 2245 482 2308 13
630 1 -1
469 9 9 16 15 470 2246 483 2309 13
640 14 -1
470 11 11 14 21 471 2247 484 2310 13
715 11 -1
471 2 2 4 13 472 2248 485 2311 13
747 11 -1
472 7 7 15 12 473 2249 486 2312 13
784 12 -1
473 11 11 16 19 474 2250 487 2313 13
789 12 -1
474 7 7 18 9 475 2251 488 2314 13
853 10 -1
475 2 2 14 3 476 2252 489 2315 13
861 10 -1
476 1 1 12 3 477 2253 490 2316 13
867 1 -1
477 0 0 0 13 478 2254 491 2317 13
879 2 -1
478 2 2 7 10 479 2255 492 2318 13
884 1 -1
479 1 1 11 4 480 2256 493 2319 13
893 1 -1
480 3 3 12 7 481 2257 494 2320 13
936 12 -1
481 6 6 7 18 482 2258 495 2321 13
939 3 -1
482 3 3 11 8 483 2259 496 2322 13
942 11 -1
483 4 4 9 12 484 2260 497 2323 13
968 11 -1
484 6 6 16 9 485 2261 498 2324 13
981 13 -1
485 3 3 15 4 486 2262 499 2325 13
68 15 -1
486 9 9 17 13 487 2263 499 2325 12
70 10 -1
487 9 9 13 17 488 2264 500 2326 12
73 12 -1
488 3 3 15 3 489 2265 501 2327 12
98 11 -1
489 11 11 23 11 490 2266 502 2328 12
109 1 -1
490 9 9 9 21 491 2267 503 2329 12
114 15 -1
491 7 7 8 18 492 2268 504 2330 12
131 8 -1
492 1 1 6 8 493 2269 505 2331 12
153 3 -1
493 7 7 16 10 494 2270 506 2332 12
172 11 -1
494 2 2 8 8 495 2271 507 2333 12
180 10 -1
495 9 9 19 11 496 2272 508 2334 12
192 15 -1
496 3 3 5 13 497 2273 509 2335 12
195 13 -1
497 2 2 11 5 498 2274 510 2336 12
199 10 -1
498 3 3 9 9 499 2275 511 2337 12
205 11 -1
499 2 2 5 11 500 2276 512 2338 12
224 11 -1
500 9 9 16 14 501 2277 513 2339 12
229 1 -1
501 6 6 17 7 502 2278 514 2340 12
318 15 -1
502 9 9 16 14 503 2279 515 2341 12
320 12 -1
503 2 2 12 4 504 2280 516 2342 12
325 10 -1
504 4 4 10 10 505 2281 517 2343 12
368 11 -1
505 7 7 15 11 506 2282 518 2344 12
420 8 -1
506 11 11 21 13 507 2283 519 2345 12
441 11 -1
507 5 5 12 10 508 2284 520 2346 12
445 2 -1
508 2 2 12 4 509 2285 521 2347 12
472 13 -1
509 8 8 17 11 510 2286 522 2348 12
473 13 -1
510 1 1 12 2 511 2287 523 2349 12
478 15 -1
511 7 7 7 19 512 2288 524 2350 12
481 11 -1
512 4 4 5 15 513 2289 525 2351 12
535 8 -1
513 2 2 5 11 514 2290 526 2352 12
540 12 -1
514 5 5 15 7 515 2291 527 2353 12
550 12 -1
515 9 9 9 21 516 2292 528 2354 12
573 3 -1
516 6 6 11 13 517 2293 529 2355 12
580 11 -1
517 3 3 13 5 518 2294 530 2356 12
591 2 -1
518 12 12 16 20 519 2295 531 2357 12
613 8 -1
519 0 0 4 8 520 2296 532 2358 12
614 12 -1
520 12 12 20 16 521 2297 533 2359 12
627 14 -1
521 1 1 9 5 522 2298 534 2360 12
645 15 -1
522 12 12 23 13 523 2299 535 2361 12
649 8 -1
523 10 10 14 18 524 2300 536 2362 12
651 15 -1
524 3 3 9 9 525 2301 537 2363 12
661 15 -1
525 8 8 9 19 526 2302 538 2364 12
676 1 -1
526 5 5 16 6 527 2303 539 2365 12
696 14 -1
527 7 7 14 12 528 2304 540 2366 12
698 12 -1
528 4 4 15 5 529 2305 541 2367 12
701 3 -1
529 1 1 8 6 530 2306 542 2368 12
707 10 -1
530 4 4 8 12 531 2307 543 2369 12
729 1 -1
531 11 11 17 17 532 2308 544 2370 12
761 11 -1
532 0 0 11 1 533 2309 545 2371 12
764 11 -1
533 1 1 6 8 534 2310 546 2372 12
785 1 -1
534 3 3 15 3 535 2311 547 2373 12
795 10 -1
535 3 3 6 12 536 2312 548 2374 12
860 15 -1
536 3 3 4 14 537 2313 549 2375 12
899 11 -1
537 3 3 4 14 538 2314 550 2376 12
916 11 -1
538 8 8 16 12 539 2315 551 2377 12
922 1 -1
539 2 2 5 11 540 2316 552 2378 12
928 11 -1
540 12 12 14 22 541 2317 553 2379 12
931 10 -1
541 11 11 15 19 542 2318 554 2380 12
946 10 -1
542 9 9 19 11 543 2319 555 2381 12
947 15 -1
543 9 9 15 15 544 2320 556 2382 12
959 11 -1
544 0 0 3 9 545 2321 557 2383 12
963 11 -1
545 6 6 11 13 546 2322 558 2384 12
969 12 -1
546 5 5 11 11 547 2323 559 2385 12
979 2 -1
547 12 12 19 17 548 2324 560 2386 12
994 15 -1
548 8 8 11 17 549 2325 561 2387 12
996 12 -1
549 6 6 16 8 550 2326 562 2388 12
5 13 -1
550 3 3 3 14 551 2327 562 2388 11
41 2 -1
551 9 9 11 18 552 2328 563 2389 11
43 1 -1
552 9 9 14 15 553 2329 564 2390 11
56 2 -1
553 7 7 11 14 554 2330 565 2391 11
57 8 -1
554 2 2 10 5 555 2331 566 2392 11
65 15 -1
555 11 11 15 18 556 2332 567 2393 11
66 15 -1
556 11 11 16 17 557 2333 568 2394 11
74 1 -1
557 10 10 11 20 558 2334 569 2395 11
79 11 -1
558 1 1 9 4 559 2335 570 2396 11
95 2 -1
559 4 4 5 14 560 2336 571 2397 11
138 12 -1
560 5 5 15 6 561 2337 572 2398 11
162 15 -1
561 3 3 4 13 562 2338 573 2399 11
176 14 -1
562 8 8 12 15 563 2339 574 2400 11
197 8 -1
563 1 1 12 1 564 2340 575 2401 11
216 12 -1
564 4 4 15 4 565 2341 576 2402 11
255 1 -1
565 3 3 6 11 566 2342 577 2403 11
304 3 -1
566 1 1 5 8 567 2343 578 2404 11
309 13 -1
567 9 9 11 18 568 2344 579 2405 11
319 2 -1
568 0 0 7 4 569 2345 580 2406 11
322 8 -1
569 3 3 14 3 570 2346 581 2407 11
350 2 -1
570 6 6 16 7 571 2347 582 2408 11
356 11 -1
571 2 2 11 4 572 2348 583 2409 11
366 11 -1
572 1 1 9 4 573 2349 584 2410 11
388 11 -1
573 6 6 8 15 574 2350 585 2411 11
402 15 -1
574 11 11 11 22 575 2351 586 2412 11
411 8 -1
575 9 9 20 9 576 2352 587 2413 11
414 12 -1
576 1 1 6 7 577 2353 588 2414 11
419 14 -1
577 3 3 4 13 578 2354 589 2415 11
421 13 -1
578 1 1 10 3 579 2355 590 2416 11
432 2 -1
579 3 3 13 4 580 2356 591 2417 11
453 12 -1
580 0 0 8 3 581 2357 592 2418 11
461 1 -1
581 5 5 14 7 582 2358 593 2419 11
469 8 -1
582 7 7 14 11 583 2359 594 2420 11
503 10 -1
583 4 4 7 12 584 2360 595 2421 11
517 12 -1
584 9 9 13 16 585 2361 596 2422 11
518 3 -1
585 8 8 17 10 586 2362 597 2423 11
563 11 -1
586 8 8 16 11 587 2363 598 2424 11
600 13 -1
587 1 1 1 12 588 2364 599 2425 11
620 13 -1
588 0 0 10 1 589 2365 600 2426 11
622 10 -1
589 1 1 4 9 590 2366 601 2427 11
642 12 -1
590 1 1 10 3 591 2367 602 2428 11
663 11 -1
591 5 5 14 7 592 2368 603 2429 11
666 10 -1
592 1 1 10 3 593 2369 604 2430 11
677 1 -1
593 11 11 19 14 594 2370 605 2431 11
702 12 -1
594 1 1 7 6 595 2371 606 2432 11
730 12 -1
595 2 2 5 10 596 2372 607 2433 11
750 11 -1
596 3 3 11 6 597 2373 608 2434 11
767 15 -1
597 9 9 20 9 598 2374 609 2435 11
793 1 -1
598 4 4 12 7 599 2375 610 2436 11
796 11 -1
599 8 8 14 13 600 2376 611 2437 11
817 15 -1
600 4 4 6 13 601 2377 612 2438 11
820 12 -1
601 6 6 15 8 602 2378 613 2439 11
841 8 -1
602 2 2 8 7 603 2379 614 2440 11
851 3 -1
603 11 11 17 16 604 2380 615 2441 11
855 8 -1
604 9 9 11 18 605 2381 616 2442 11
856 3 -1
605 10 10 21 10 606 2382 617 2443 11
873 12 -1
606 10 10 10 21 607 2383 618 2444 11
952 12 -1
607 9 9 18 11 608 2384 619 2445 11
978 3 -1
608 10 10 11 20 609 2385 620 2446 11
992 12 -1
609 4 4 9 10 610 2386 621 2447 11
11 12 -1
610 7 7 11 13 611 2387 621 2447 10
14 15 -1
611 8 8 17 9 612 2388 622 2448 10
51 11 -1
612 8 8 14 12 613 2389 623 2449 10
55 14 -1
613 10 10 19 11 614 2390 624 2450 10
58 2 -1
614 0 0 10 0 615 2391 625 2451 10
61 12 -1
615 9 9 13 15 616 2392 626 2452 10
71 12 -1
616 0 0 4 6 617 2393 627 2453 10
107 15 -1
617 7 7 12 12 618 2394 628 2454 10
116 2 -1
618 10 10 13 17 619 2395 629 2455 10
121 15 -1
619 3 3 10 6 620 2396 630 2456 10
134 12 -1
620 0 0 5 5 621 2397 631 2457 10
142 12 -1
621 8 8 10 16 622 2398 632 2458 10
159 15 -1
622 7 7 8 16 623 2399 633 2459 10
209 10 -1
623 5 5 9 11 624 2400 634 2460 10
217 13 -1
624 5 5 10 10 625 2401 635 2461 10
223 11 -1
625 5 5 9 11 626 2402 636 2462 10
251 11 -1
626 2 2 9 5 627 2403 637 2463 10
256 8 -1
627 9 9 13 15 628 2404 638 2464 10
273 15 -1
628 9 9 9 19 629 2405 639 2465 10
277 15 -1
629 8 8 16 10 630 2406 640 2466 10
283 12 -1
630 1 1 2 10 631 2407 641 2467 10
287 15 -1
631 4 4 14 4 632 2408 642 2468 10
292 12 -1
632 5 5 11 9 633 2409 643 2469 10
299 14 -1
633 1 1 7 5 634 2410 644 2470 10
344 12 -1
634 10 10 14 16 635 2411 645 2471 10
360 1 -1
635 10 10 13 17 636 2412 646 2472 10
396 12 -1
636 6 6 10 12 637 2413 647 2473 10
407 12 -1
637 1 1 5 7 638 2414 648 2474 10
410 11 -1
638 7 7 16 8 639 2415 649 2475 10
426 1 -1
639 2 2 6 8 640 2416 650 2476 10
428 10 -1
640 10 10 14 16 641 2417 651 2477 10
437 1 -1
641 0 0 7 3 642 2418 652 2478 10
458 3 -1
642 9 9 9 19 643 2419 653 2479 10
463 12 -1
643 6 6 11 11 644 2420 654 2480 10
474 12 -1
644 3 3 12 4 645 2421 655 2481 10
475 2 -1
645 9 9 10 18 646 2422 656 2482 10
476 3 -1
646 5 5 11 9 647 2423 657 2483 10
479 14 -1
647 3 3 8 8 648 2424 658 2484 10
486 11 -1
648 7 7 13 11 649 2425 659 2485 10
498 11 -1
649 10 10 10 20 650 2426 660 2486 10
507 13 -1
650 7 7 11 13 651 2427 661 2487 10
516 15 -1
651 1 1 3 9 652 2428 662 2488 10
522 15 -1
652 9 9 10 18 653 2429 663 2489 10
523 1 -1
653 0 0 8 2 654 2430 664 2490 10
544 10 -1
654 0 0 9 1 655 2431 665 2491 10
560 1 -1
655 2 2 5 9 656 2432 666 2492 10
565 1 -1
656 2 2 2 12 657 2433 667 2493 10
570 1 -1
657 10 10 10 20 658 2434 668 2494 10
578 10 -1
658 9 9 14 14 659 2435 669 2495 10
585 10 -1
659 3 3 5 11 660 2436 670 2496 10
594 10 -1
660 2 2 2 12 661 2437 671 2497 10
606 11 -1
661 2 2 12 2 662 2438 672 2498 10
616 11 -1
662 9 9 17 11 663 2439 673 2499 10
626 2 -1
663 5 5 12 8 664 2440 674 2500 10
632 8 -1
664 7 7 17 7 665 2441 675 2501 10
636 1 -1
665 7 7 12 12 666 2442 676 2502 10
678 13 -1
666 1 1 2 10 667 2443 677 2503 10
685 10 -1
667 4 4 4 14 668 2444 678 2504 10
709 15 -1
668 10 10 14 16 669 2445 679 2505 10
710 12 -1
669 6 6 13 9 670 2446 680 2506 10
733 11 -1
670 5 5 7 13 671 2447 681 2507 10
759 2 -1
671 1 1 3 9 672 2448 682 2508 10
762 1 -1
672 0 0 9 1 673 2449 683 2509 10
787 12 -1
673 2 2 6 8 674 2450 684 2510 10
792 3 -1
674 5 5 11 9 675 2451 685 2511 10
802 1 -1
675 6 6 12 10 676 2452 686 2512 10
806 2 -1
676 7 7 14 10 677 2453 687 2513 10
819 13 -1
677 0 0 5 5 678 2454 688 2514 10
836 10 -1
678 6 6 9 13 679 2455 689 2515 10
840 3 -1
679 3 3 12 4 680 2456 690 2516 10
868 12 -1
680 6 6 11 11 681 2457 691 2517 10
869 3 -1
681 6 6 12 10 682 2458 692 2518 10
881 2 -1
682 5 5 6 14 683 2459 693 2519 10
894 12 -1
683 5 5 14 6 684 2460 694 2520 10
904 11 -1
684 10 10 10 20 685 2461 695 2521 10
927 14 -1
685 9 9 15 13 686 2462 696 2522 10
944 12 -1
686 1 1 1 11 687 2463 697 2523 10
945 3 -1
687 3 3 10 6 688 2464 698 2524 10
949 11 -1
688 0 0 2 8 689 2465 699 2525 10
956 13 -1
689 10 10 14 16 690 2466 700 2526 10
965 11 -1
690 8 8 11 15 691 2467 701 2527 10
973 11 -1
691 9 9 10 18 692 2468 702 2528 10
976 12 -1
692 2 2 9 5 693 2469 703 2529 10
4 11 -1
693 9 9 10 17 694 2470 703 2529 9
13 15 -1
694 0 0 3 6 695 2471 704 2530 9
20 12 -1
695 4 4 13 4 696 2472 705 2531 9
28 12 -1
696 7 7 9 14 697 2473 706 2532 9
36 15 -1
697 8 8 8 17 698 2474 707 2533 9
80 2 -1
698 3 3 3 12 699 2475 708 2534 9
82 2 -1
699 0 0 0 9 700 2476 709 2535 9
85 8 -1
700 2 2 7 6 701 2477 710 2536 9
87 15 -1
701 8 8 10 15 702 2478 711 2537 9
92 14 -1
702 7 7 13 10 703 2479 712 2538 9
96 13 -1
703 5 5 5 14 704 2480 713 2539 9
99 8 -1
704 9 9 15 12 705 2481 714 2540 9
111 8 -1
705 7 7 10 13 706 2482 715 2541 9
119 12 -1
706 1 1 7 4 707 2483 716 2542 9
143 11 -1
707 4 4 4 13 708 2484 717 2543 9
165 12 -1
708 3 3 8 7 709 2485 718 2544 9
173 1 -1
709 6 6 14 7 710 2486 719 2545 9
175 13 -1
710 5 5 10 9 711 2487 720 2546 9
178 10 -1
711 6 6 13 8 712 2488 721 2547 9
179 11 -1
712 0 0 4 5 713 2489 722 2548 9
212 14 -1
713 9 9 18 9 714 2490 723 2549 9
219 11 -1
714 9 9 14 13 715 2491 724 2550 9
227 15 -1
715 4 4 8 9 716 2492 725 2551 9
243 15 -1
716 0 0 6 3 717 2493 726 2552 9
248 2 -1
717 3 3 5 10 718 2494 727 2553 9
257 1 -1
718 6 6 9 12 719 2495 728 2554 9
262 1 -1
719 2 2 9 4 720 2496 729 2555 9
268 15 -1
720 0 0 8 1 721 2497 730 2556 9
271 14 -1
721 6 6 14 7 722 2498 731 2557 9
272 3 -1
722 2 2 4 9 723 2499 732 2558 9
274 1 -1
723 2 2 9 4 724 2500 733 2559 9
276 8 -1
724 3 3 11 4 725 2501 734 2560 9
282 14 -1
725 8 8 15 10 726 2502 735 2561 9
296 3 -1
726 9 9 10 17 727 2503 736 2562 9
310 12 -1
727 3 3 3 12 728 2504 737 2563 9
314 11 -1
728 5 5 8 11 729 2505 738 2564 9
337 15 -1
729 8 8 14 11 730 2506 739 2565 9
355 14 -1
730 6 6 12 9 731 2507 740 2566 9
357 12 -1
731 8 8 17 8 732 2508 741 2567 9
364 11 -1
732 4 4 12 5 733 2509 742 2568 9
376 12 -1
733 6 6 8 13 734 2510 743 2569 9
383 15 -1
734 4 4 6 11 735 2511 744 2570 9
403 12 -1
735 5 5 12 7 736 2512 745 2571 9
405 11 -1
736 8 8 17 8 737 2513 746 2572 9
424 15 -1
737 4 4 11 6 738 2514 747 2573 9
435 12 -1
738 0 0 0 9 739 2515 748 2574 9
447 14 -1
739 7 7 12 11 740 2516 749 2575 9
464 12 -1
740 3 3 10 5 741 2517 750 2576 9
465 3 -1
741 9 9 10 17 742 2518 751 2577 9
491 2 -1
742 0 0 9 0 743 2519 752 2578 9
495 15 -1
743 9 9 13 14 744 2520 753 2579 9
496 11 -1
744 6 6 7 14 745 2521 754 2580 9
510 14 -1
745 8 8 16 9 746 2522 755 2581 9
515 11 -1
746 4 4 10 7 747 2523 756 2582 9
530 11 -1
747 9 9 17 10 748 2524 757 2583 9
531 11 -1
748 4 4 4 13 749 2525 758 2584 9
545 10 -1
749 7 7 16 7 750 2526 759 2585 9
561 8 -1
750 9 9 18 9 751 2527 760 2586 9
592 1 -1
751 7 7 8 15 752 2528 761 2587 9
619 12 -1
752 5 5 10 9 753 2529 762 2588 9
653 1 -1
753 6 6 8 13 754 2530 763 2589 9
660 8 -1
754 6 6 7 14 755 2531 764 2590 9
662 11 -1
755 1 1 8 3 756 2532 765 2591 9
671 2 -1
756 8 8 12 13 757 2533 766 2592 9
672 13 -1
757 2 2 2 11 758 2534 767 2593 9
695 11 -1
758 3 3 4 11 759 2535 768 2594 9
706 12 -1
759 9 9 11 16 760 2536 769 2595 9
718 10 -1
760 8 8 17 8 761 2537 770 2596 9
727 12 -1
761 0 0 5 4 762 2538 771 2597 9
742 12 -1
762 6 6 9 12 763 2539 772 2598 9
744 12 -1
763 1 1 5 6 764 2540 773 2599 9
754 12 -1
764 2 2 2 11 765 2541 774 2600 9
757 11 -1
765 3 3 12 3 766 2542 775 2601 9
774 1 -1
766 9 9 11 16 767 2543 776 2602 9
776 15 -1
767 7 7 13 10 768 2544 777 2603 9
801 8 -1
768 6 6 6 15 769 2545 778 2604 9
829 11 -1
769 6 6 15 6 770 2546 779 2605 9
838 13 -1
770 1 1 6 5 771 2547 780 2606 9
839 12 -1
771 7 7 11 12 772 2548 781 2607 9
846 1 -1
772 4 4 8 9 773 2549 782 2608 9
857 12 -1
773 0 0 7 2 774 2550 783 2609 9
886 14 -1
774 6 6 8 13 775 2551 784 2610 9
887 13 -1
775 0 0 2 7 776 2552 785 2611 9
891 11 -1
776 6 6 7 14 777 2553 786 2612 9
895 11 -1
777 4 4 9 8 778 2554 787 2613 9
903 11 -1
778 9 9 13 14 779 2555 788 2614 9
935 8 -1
779 4 4 4 13 780 2556 789 2615 9
982 2 -1
780 2 2 4 9 781 2557 790 2616 9
995 14 -1
781 6 6 14 7 782 2558 791 2617 9
22 11 -1
782 4 4 8 8 783 2559 791 2617 8
37 12 -1
783 2 2 8 4 784 2560 792 2618 8
39 1 -1
784 1 1 6 4 785 2561 793 2619 8
42 14 -1
785 7 7 14 8 786 2562 794 2620 8
63 3 -1
786 7 7 8 14 787 2563 795 2621 8
64 10 -1
787 8 8 10 14 788 2564 796 2622 8
108 15 -1
788 0 0 7 1 789 2565 797 2623 8
112 12 -1
789 1 1 5 5 790 2566 798 2624 8
127 13 -1
790 5 5 6 12 791 2567 799 2625 8
141 8 -1
791 7 7 13 9 792 2568 800 2626 8
164 12 -1
792 8 8 16 8 793 2569 801 2627 8
185 10 -1
793 8 8 8 16 794 2570 802 2628 8
187 12 -1
794 6 6 14 6 795 2571 803 2629 8
190 11 -1
795 6 6 9 11 796 2572 804 2630 8
210 12 -1
796 6 6 13 7 797 2573 805 2631 8
211 2 -1
797 4 4 10 6 798 2574 806 2632 8
232 1 -1
798 5 5 7 11 799 2575 807 2633 8
235 11 -1
799 8 8 15 9 800 2576 808 2634 8
237 14 -1
800 4 4 6 10 801 2577 809 2635 8
242 10 -1
801 6 6 11 9 802 2578 810 2636 8
244 15 -1
802 6 6 11 9 803 2579 811 2637 8
247 15 -1
803 1 1 7 3 804 2580 812 2638 8
258 11 -1
804 6 6 14 6 805 2581 813 2639 8
259 13 -1
805 5 5 12 6 806 2582 814 2640 8
295 13 -1
806 4 4 11 5 807 2583 815 2641 8
301 15 -1
807 0 0 7 1 808 2584 816 2642 8
305 15 -1
808 7 7 11 11 809 2585 817 2643 8
307 2 -1
809 8 8 14 10 810 2586 818 2644 8
323 12 -1
810 4 4 4 12 811 2587 819 2645 8
326 11 -1
811 2 2 7 5 812 2588 820 2646 8
327 11 -1
812 4 4 8 8 813 2589 821 2647 8
331 12 -1
813 1 1 3 7 814 2590 822 2648 8
333 12 -1
814 5 5 12 6 815 2591 823 2649 8
335 11 -1
815 8 8 16 8 816 2592 824 2650 8
343 8 -1
816 1 1 4 6 817 2593 825 2651 8
367 10 -1
817 5 5 10 8 818 2594 826 2652 8
400 12 -1
818 0 0 1 7 819 2595 827 2653 8
406 11 -1
819 2 2 9 3 820 2596 828 2654 8
422 11 -1
820 6 6 13 7 821 2597 829 2655 8
423 12 -1
821 1 1 3 7 822 2598 830 2656 8
429 3 -1
822 6 6 9 11 823 2599 831 2657 8
433 15 -1
823 4 4 10 6 824 2600 832 2658 8
460 14 -1
824 2 2 2 10 825 2601 833 2659 8
508 3 -1
825 4 4 7 9 826 2602 834 2660 8
527 10 -1
826 6 6 14 6 827 2603 835 2661 8
529 11 -1
827 4 4 9 7 828 2604 836 2662 8
532 2 -1
828 0 0 3 5 829 2605 837 2663 8
549 11 -1
829 5 5 6 12 830 2606 838 2664 8
554 2 -1
830 6 6 12 8 831 2607 839 2665 8
557 13 -1
831 2 2 6 6 832 2608 840 2666 8
599 12 -1
832 0 0 2 6 833 2609 841 2667 8
605 2 -1
833 8 8 15 9 834 2610 842 2668 8
624 15 -1
834 3 3 5 9 835 2611 843 2669 8
628 11 -1
835 7 7 15 7 836 2612 844 2670 8
631 15 -1
836 0 0 7 1 837 2613 845 2671 8
659 12 -1
837 4 4 12 4 838 2614 846 2672 8
682 15 -1
838 0 0 8 0 839 2615 847 2673 8
688 12 -1
839 6 6 12 8 840 2616 848 2674 8
735 15 -1
840 8 8 10 14 841 2617 849 2675 8
768 3 -1
841 0 0 0 8 842 2618 850 2676 8
769 11 -1
842 7 7 15 7 843 2619 851 2677 8
780 11 -1
843 2 2 7 5 844 2620 852 2678 8
799 12 -1
844 0 0 2 6 845 2621 853 2679 8
805 12 -1
845 5 5 13 5 846 2622 854 2680 8
809 11 -1
846 8 8 8 16 847 2623 855 2681 8
814 14 -1
847 0 0 2 6 848 2624 856 2682 8
845 11 -1
848 0 0 1 7 849 2625 857 2683 8
848 15 -1
849 4 4 8 8 850 2626 858 2684 8
865 11 -1
850 2 2 6 6 851 2627 859 2685 8
898 14 -1
851 8 8 9 15 852 2628 860 2686 8
902 3 -1
852 5 5 10 8 853 2629 861 2687 8
908 12 -1
853 2 2 10 2 854 2630 862 2688 8
912 12 -1
854 1 1 8 2 855 2631 863 2689 8
918 14 -1
855 4 4 5 11 856 2632 864 2690 8
930 12 -1
856 3 3 10 4 857 2633 865 2691 8
941 14 -1
857 7 7 7 15 858 2634 866 2692 8
964 1 -1
858 6 6 13 7 859 2635 867 2693 8
966 1 -1
859 6 6 7 13 860 2636 868 2694 8
967 15 -1
860 6 6 7 13 861 2637 869 2695 8
990 13 -1
861 3 3 8 6 862 2638 870 2696 8
30 8 -1
862 7 7 12 9 863 2639 870 2696 7
32 12 -1
863 7 7 7 14 864 2640 871 2697 7
53 12 -1
864 0 0 3 4 865 2641 872 2698 7
72 15 -1
865 4 4 5 10 866 2642 873 2699 7
86 12 -1
866 3 3 7 6 867 2643 874 2700 7
89 15 -1
867 7 7 13 8 868 2644 875 2701 7
122 15 -1
868 2 2 4 7 869 2645 876 2702 7
124 3 -1
869 2 2 8 3 870 2646 877 2703 7
129 14 -1
870 2 2 7 4 871 2647 878 2704 7
130 10 -1
871 0 0 0 7 872 2648 879 2705 7
137 15 -1
872 7 7 8 13 873 2649 880 2706 7
149 11 -1
873 6 6 8 11 874 2650 881 2707 7
156 1 -1
874 3 3 8 5 875 2651 882 2708 7
163 11 -1
875 0 0 5 2 876 2652 883 2709 7
201 11 -1
876 2 2 9 2 877 2653 884 2710 7
226 8 -1
877 6 6 13 6 878 2654 885 2711 7
263 15 -1
878 4 4 5 10 879 2655 886 2712 7
361 11 -1
879 7 7 13 8 880 2656 887 2713 7
373 8 -1
880 5 5 9 8 881 2657 888 2714 7
378 1 -1
881 6 6 8 11 882 2658 889 2715 7
395 1 -1
882 2 2 3 8 883 2659 890 2716 7
398 12 -1
883 4 4 9 6 884 2660 891 2717 7
401 12 -1
884 1 1 4 5 885 2661 892 2718 7
404 3 -1
885 5 5 12 5 886 2662 893 2719 7
409 8 -1
886 4 4 6 9 887 2663 894 2720 7
418 2 -1
887 4 4 6 9 888 2664 895 2721 7
425 12 -1
888 7 7 11 10 889 2665 896 2722 7
467 12 -1
889 6 6 13 6 890 2666 897 2723 7
468 2 -1
890 4 4 11 4 891 2667 898 2724 7
487 11 -1
891 5 5 6 11 892 2668 899 2725 7
524 10 -1
892 0 0 6 1 893 2669 900 2726 7
526 12 -1
893 2 2 7 4 894 2670 901 2727 7
536 1 -1
894 0 0 6 1 895 2671 902 2728 7
537 14 -1
895 0 0 1 6 896 2672 903 2729 7
541 8 -1
896 4 4 4 11 897 2673 904 2730 7
543 10 -1
897 1 1 6 3 898 2674 905 2731 7
575 14 -1
898 3 3 9 4 899 2675 906 2732 7
593 1 -1
899 2 2 6 5 900 2676 907 2733 7
610 12 -1
900 3 3 3 10 901 2677 908 2734 7
612 1 -1
901 4 4 11 4 902 2678 909 2735 7
618 15 -1
902 1 1 5 4 903 2679 910 2736 7
633 1 -1
903 1 1 4 5 904 2680 911 2737 7
634 12 -1
904 2 2 5 6 905 2681 912 2738 7
638 15 -1
905 6 6 10 9 906 2682 913 2739 7
644 11 -1
906 3 3 3 10 907 2683 914 2740 7
647 15 -1
907 6 6 12 7 908 2684 915 2741 7
654 15 -1
908 2 2 6 5 909 2685 916 2742 7
655 13 -1
909 1 1 2 7 910 2686 917 2743 7
674 11 -1
910 5 5 10 7 911 2687 918 2744 7
681 11 -1
911 2 2 4 7 912 2688 919 2745 7
699 13 -1
912 6 6 8 11 913 2689 920 2746 7
712 14 -1
913 5 5 9 8 914 2690 921 2747 7
713 15 -1
914 6 6 8 11 915 2691 922 2748 7
717 15 -1
915 3 3 9 4 916 2692 923 2749 7
720 2 -1
916 0 0 1 6 917 2693 924 2750 7
721 12 -1
917 2 2 7 4 918 2694 925 2751 7
725 10 -1
918 1 1 7 2 919 2695 926 2752 7
726 11 -1
919 7 7 7 14 920 2696 927 2753 7
736 1 -1
920 5 5 11 6 921 2697 928 2754 7
748 15 -1
921 5 5 11 6 922 2698 929 2755 7
752 13 -1
922 1 1 4 5 923 2699 930 2756 7
766 1 -1
923 2 2 3 8 924 2700 931 2757 7
783 1 -1
924 5 5 12 5 925 2701 932 2758 7
803 12 -1
925 1 1 6 3 926 2702 933 2759 7
811 2 -1
926 6 6 11 8 927 2703 934 2760 7
812 12 -1
927 5 5 8 9 928 2704 935 2761 7
813 12 -1
928 3 3 10 3 929 2705 936 2762 7
816 3 -1
929 7 7 14 7 930 2706 937 2763 7
823 1 -1
930 1 1 4 5 931 2707 938 2764 7
828 15 -1
931 2 2 9 2 932 2708 939 2765 7
831 1 -1
932 0 0 1 6 933 2709 940 2766 7
837 2 -1
933 4 4 11 4 934 2710 941 2767 7
847 14 -1
934 5 5 11 6 935 2711 942 2768 7
850 1 -1
935 6 6 10 9 936 2712 943 2769 7
859 11 -1
936 5 5 9 8 937 2713 944 2770 7
872 12 -1
937 4 4 10 5 938 2714 945 2771 7
888 15 -1
938 4 4 5 10 939 2715 946 2772 7
906 15 -1
939 0 0 7 0 940 2716 947 2773 7
920 8 -1
940 2 2 3 8 941 2717 948 2774 7
937 11 -1
941 5 5 12 5 942 2718 949 2775 7
950 15 -1
942 2 2 4 7 943 2719 950 2776 7
960 11 -1
943 7 7 8 13 944 2720 951 2777 7
961 8 -1
944 5 5 9 8 945 2721 952 2778 7
962 12 -1
945 1 1 1 8 946 2722 953 2779 7
972 8 -1
946 1 1 5 4 947 2723 954 2780 7
974 11 -1
947 3 3 7 6 948 2724 955 2781 7
984 15 -1
948 3 3 3 10 949 2725 956 2782 7
999 12 -1
949 2 2 7 4 950 2726 957 2783 7
23 14 -1
950 5 5 7 9 951 2727 957 2783 6
31 13 -1
951 1 1 4 4 952 2728 958 2784 6
133 13 -1
952 4 4 5 9 953 2729 959 2785 6
136 15 -1
953 5 5 7 9 954 2730 960 2786 6
154 12 -1
954 1 1 2 6 955 2731 961 2787 6
188 14 -1
955 1 1 2 6 956 2732 962 2788 6
193 1 -1
956 1 1 6 2 957 2733 963 2789 6
202 14 -1
957 5 5 6 10 958 2734 964 2790 6
204 11 -1
958 2 2 6 4 959 2735 965 2791 6
230 12 -1
959 0 0 4 2 960 2736 966 2792 6
231 10 -1
960 5 5 7 9 961 2737 967 2793 6
246 11 -1
961 6 6 12 6 962 2738 968 2794 6
261 3 -1
962 6 6 12 6 963 2739 969 2795 6
266 13 -1
963 3 3 3 9 964 2740 970 2796 6
306 15 -1
964 6 6 6 12 965 2741 971 2797 6
313 13 -1
965 0 0 3 3 966 2742 972 2798 6
329 14 -1
966 2 2 4 6 967 2743 973 2799 6
348 2 -1
967 4 4 4 10 968 2744 974 2800 6
372 15 -1
968 3 3 4 8 969 2745 975 2801 6
377 13 -1
969 0 0 6 0 970 2746 976 2802 6
389 15 -1
970 4 4 6 8 971 2747 977 2803 6
430 15 -1
971 6 6 11 7 972 2748 978 2804 6
448 15 -1
972 0 0 0 6 973 2749 979 2805 6
477 12 -1
973 4 4 6 8 974 2750 980 2806 6
483 1 -1
974 3 3 8 4 975 2751 981 2807 6
493 12 -1
975 1 1 7 1 976 2752 982 2808 6
502 14 -1
976 0 0 6 0 977 2753 983 2809 6
542 12 -1
977 5 5 11 5 978 2754 984 2810 6
556 3 -1
978 3 3 8 4 979 2755 985 2811 6
564 12 -1
979 3 3 5 7 980 2756 986 2812 6
582 1 -1
980 4 4 8 6 981 2757 987 2813 6
598 14 -1
981 2 2 5 5 982 2758 988 2814 6
617 2 -1
982 2 2 4 6 983 2759 989 2815 6
629 1 -1
983 3 3 4 8 984 2760 990 2816 6
675 11 -1
984 2 2 6 4 985 2761 991 2817 6
691 2 -1
985 2 2 6 4 986 2762 992 2818 6
692 14 -1
986 3 3 3 9 987 2763 993 2819 6
746 11 -1
987 5 5 7 9 988 2764 994 2820 6
770 11 -1
988 0 0 3 3 989 2765 995 2821 6
797 11 -1
989 1 1 1 7 990 2766 996 2822 6
804 2 -1
990 3 3 4 8 991 2767 997 2823 6
826 12 -1
991 0 0 6 0 992 2768 998 2824 6
827 11 -1
992 1 1 3 5 993 2769 999 2825 6
832 2 -1
993 0 0 5 1 994 2770 1000 2826 6
849 12 -1
994 3 3 4 8 995 2771 1001 2827 6
863 11 -1
995 6 6 7 11 996 2772 1002 2828 6
864 1 -1
996 2 2 7 3 997 2773 1003 2829 6
874 12 -1
997 4 4 5 9 998 2774 1004 2830 6
883 11 -1
998 6 6 12 6 999 2775 1005 2831 6
977 13 -1
999 5 5 5 11 1000 2776 1006 2832 6
991 11 -1
1000 1 1 6 2 1001 2777 1007 2833 6
