1000 1000 5197
49
1 0 0 1342
2 0 141 1342
3 0 282 1342
4 0 423 1342
5 0 564 1342
6 0 705 1342
7 0 846 1342
8 141 0 1342
9 141 141 1342
10 141 282 1342
11 141 423 1342
12 141 564 1342
13 141 705 1342
14 141 846 1342
15 282 0 1342
16 282 141 1342
17 282 282 1342
18 282 423 1342
19 282 564 1342
20 282 705 1342
21 282 846 1342
22 423 0 1342
23 423 141 1342
24 423 282 1342
25 423 423 1342
26 423 564 1342
27 423 705 1342
28 423 846 1342
29 564 0 1342
30 564 141 1342
31 564 282 1342
32 564 423 1342
33 564 564 1342
34 564 705 1342
35 564 846 1342
36 705 0 1342
37 705 141 1342
38 705 282 1342
39 705 423 1342
40 705 564 1342
41 705 705 1342
42 705 846 1342
43 846 0 1342
44 846 141 1342
45 846 282 1342
46 846 423 1342
47 846 564 1342
48 846 705 1342
49 846 846 1342
49
1 1 0 0 1 10
2 2 0 141 1 10
3 3 0 282 1 10
4 4 0 423 1 10
5 5 0 564 1 10
6 6 0 705 1 10
7 7 0 846 1 10
8 8 141 0 1 10
9 9 141 141 1 10
10 10 141 282 1 10
11 11 141 423 1 10
12 12 141 564 1 10
13 13 141 705 1 10
14 14 141 846 1 10
15 15 282 0 1 10
16 16 282 141 1 10
17 17 282 282 1 10
18 18 282 423 1 10
19 19 282 564 1 10
20 20 282 705 1 10
21 21 282 846 1 10
22 22 423 0 1 10
23 23 423 141 1 10
24 24 423 282 1 10
25 25 423 423 1 10
26 26 423 564 1 10
27 27 423 705 1 10
28 28 423 846 1 10
29 29 564 0 1 10
30 30 564 141 1 10
31 31 564 282 1 10
32 32 564 423 1 10
33 33 564 564 1 10
34 34 564 705 1 10
35 35 564 846 1 10
36 36 705 0 1 10
37 37 705 141 1 10
38 38 705 282 1 10
39 39 705 423 1 10
40 40 705 564 1 10
41 41 705 705 1 10
42 42 705 846 1 10
43 43 846 0 1 10
44 44 846 141 1 10
45 45 846 282 1 10
46 46 846 423 1 10
47 47 846 564 1 10
48 48 846 705 1 10
49 49 846 846 1 10
98
1 1 0 100 3
0
2 1 0 100 3
0
3 2 0 100 3
0
4 2 0 100 3
0
5 3 0 100 3
0
6 3 0 100 3
0
7 4 0 100 3
0
8 4 0 100 3
0
9 5 0 100 3
0
10 5 0 100 3
0
11 6 0 100 3
0
12 6 0 100 3
0
13 7 0 100 3
0
14 7 0 100 3
0
15 8 0 100 3
0
16 8 0 100 3
0
17 9 0 100 3
0
18 9 0 100 3
0
19 10 0 100 3
0
20 10 0 100 3
0
21 11 0 100 3
0
22 11 0 100 3
0
23 12 0 100 3
0
24 12 0 100 3
0
25 13 0 100 3
0
26 13 0 100 3
0
27 14 0 100 3
0
28 14 0 100 3
0
29 15 0 100 3
0
30 15 0 100 3
0
31 16 0 100 3
0
32 16 0 100 3
0
33 17 0 100 3
0
34 17 0 100 3
0
35 18 0 100 3
0
36 18 0 100 3
0
37 19 0 100 3
0
38 19 0 100 3
0
39 20 0 100 3
0
40 20 0 100 3
0
41 21 0 100 3
0
42 21 0 100 3
0
43 22 0 100 3
0
44 22 0 100 3
0
45 23 0 100 3
0
46 23 0 100 3
0
47 24 0 100 3
0
48 24 0 100 3
0
49 25 0 100 3
0
50 25 0 100 3
0
51 26 0 100 3
0
52 26 0 100 3
0
53 27 0 100 3
0
54 27 0 100 3
0
55 28 0 100 3
0
56 28 0 100 3
0
57 29 0 100 3
0
58 29 0 100 3
0
59 30 0 100 3
0
60 30 0 100 3
0
61 31 0 100 3
0
62 31 0 100 3
0
63 32 0 100 3
0
64 32 0 100 3
0
65 33 0 100 3
0
66 33 0 100 3
0
67 34 0 100 3
0
68 34 0 100 3
0
69 35 0 100 3
0
70 35 0 100 3
0
71 36 0 100 3
0
72 36 0 100 3
0
73 37 0 100 3
0
74 37 0 100 3
0
75 38 0 100 3
0
76 38 0 100 3
0
77 39 0 100 3
0
78 39 0 100 3
0
79 40 0 100 3
0
80 40 0 100 3
0
81 41 0 100 3
0
82 41 0 100 3
0
83 42 0 100 3
0
84 42 0 100 3
0
85 43 0 100 3
0
86 43 0 100 3
0
87 44 0 100 3
0
88 44 0 100 3
0
89 45 0 100 3
0
90 45 0 100 3
0
91 46 0 100 3
0
92 46 0 100 3
0
93 47 0 100 3
0
94 47 0 100 3
0
95 48 0 100 3
0
96 48 0 100 3
0
97 49 0 100 3
0
98 49 0 100 3
0
1000
576 4 -1
1 17 17 25 58 2 1778 51 1877 49
779 31 -1
2 33 33 51 50 3 1779 38 1864 35
738 44 -1
3 11 11 16 32 4 1780 30 1856 26
7 4 -1
4 0 0 8 12 5 1781 25 1851 20
8 33 -1
5 3 3 22 4 6 1782 26 1852 20
30 13 -1
6 20 20 33 27 7 1783 27 1853 20
31 11 -1
7 13 13 28 18 8 1784 28 1854 20
57 38 -1
8 5 5 10 20 9 1785 29 1855 20
91 34 -1
9 13 13 24 22 10 1786 30 1856 20
140 18 -1
10 16 16 28 24 11 1787 31 1857 20
143 18 -1
11 9 9 18 20 12 1788 32 1858 20
186 44 -1
12 1 1 14 8 13 1789 33 1859 20
239 18 -1
13 4 4 17 11 14 1790 34 1860 20
245 15 -1
14 6 6 23 9 15 1791 35 1861 20
267 23 -1
15 20 20 21 39 16 1792 36 1862 20
277 36 -1
16 11 11 17 25 17 1793 37 1863 20
306 39 -1
17 10 10 13 27 18 1794 38 1864 20
317 15 -1
18 9 9 20 18 19 1795 39 1865 20
339 6 -1
19 15 15 32 18 20 1796 40 1866 20
359 17 -1
20 7 7 17 17 21 1797 41 1867 20
380 7 -1
21 10 10 25 15 22 1798 42 1868 20
400 7 -1
22 14 14 26 22 23 1799 43 1869 20
442 44 -1
23 8 8 19 17 24 1800 44 1870 20
444 7 -1
24 11 11 20 22 25 1801 45 1871 20
472 15 -1
25 2 2 17 7 26 1802 46 1872 20
490 10 -1
26 10 10 30 10 27 1803 47 1873 20
510 25 -1
27 1 1 21 1 28 1804 48 1874 20
541 24 -1
28 15 15 18 32 29 1805 49 1875 20
559 18 -1
29 9 9 9 29 30 1806 50 1876 20
562 10 -1
30 11 11 15 27 31 1807 51 1877 20
563 12 -1
31 17 17 29 25 32 1808 52 1878 20
571 7 -1
32 15 15 34 16 33 1809 53 1879 20
577 12 -1
33 5 5 22 8 34 1810 54 1880 20
641 4 -1
34 6 6 25 7 35 1811 55 1881 20
650 20 -1
35 5 5 18 12 36 1812 56 1882 20
653 36 -1
36 10 10 14 26 37 1813 57 1883 20
655 13 -1
37 17 17 18 36 38 1814 58 1884 20
663 44 -1
38 8 8 25 11 39 1815 59 1885 20
667 1 -1
39 9 9 11 27 40 1816 60 1886 20
701 7 -1
40 12 12 31 13 41 1817 61 1887 20
711 4 -1
41 9 9 21 17 42 1818 62 1888 20
712 29 -1
42 13 13 26 20 43 1819 63 1889 20
745 29 -1
43 8 8 17 19 44 1820 64 1890 20
770 33 -1
44 5 5 7 23 45 1821 65 1891 20
791 6 -1
45 0 0 6 14 46 1822 66 1892 20
794 37 -1
46 10 10 12 28 47 1823 67 1893 20
805 24 -1
47 20 20 37 23 48 1824 68 1894 20
807 35 -1
48 11 11 30 12 49 1825 69 1895 20
810 37 -1
49 16 16 28 24 50 1826 70 1896 20
857 40 -1
50 18 18 21 35 51 1827 71 1897 20
912 13 -1
51 7 7 22 12 52 1828 72 1898 20
927 47 -1
52 19 19 30 28 53 1829 73 1899 20
984 35 -1
53 16 16 22 30 54 1830 74 1900 20
992 39 -1
54 13 13 29 17 55 1831 75 1901 20
1 7 -1
55 4 4 17 10 56 1832 75 1901 19
13 23 -1
56 15 15 28 21 57 1833 76 1902 19
27 10 -1
57 0 0 3 16 58 1834 77 1903 19
40 10 -1
58 5 5 8 21 59 1835 78 1904 19
55 7 -1
59 9 9 25 12 60 1836 79 1905 19
73 25 -1
60 6 6 22 9 61 1837 80 1906 19
75 10 -1
61 19 19 36 21 62 1838 81 1907 19
82 29 -1
62 3 3 9 16 63 1839 82 1908 19
172 7 -1
63 4 4 18 9 64 1840 83 1909 19
190 4 -1
64 12 12 13 30 65 1841 84 1910 19
198 3 -1
65 10 10 19 20 66 1842 85 1911 19
230 31 -1
66 0 0 18 1 67 1843 86 1912 19
251 38 -1
67 5 5 15 14 68 1844 87 1913 19
253 15 -1
68 11 11 25 16 69 1845 88 1914 19
276 33 -1
69 12 12 20 23 70 1846 89 1915 19
342 7 -1
70 16 16 16 35 71 1847 90 1916 19
415 33 -1
71 13 13 15 30 72 1848 91 1917 19
417 4 -1
72 11 11 19 22 73 1849 92 1918 19
427 23 -1
73 0 0 2 17 74 1850 93 1919 19
481 23 -1
74 12 12 28 15 75 1851 94 1920 19
489 7 -1
75 6 6 8 23 76 1852 95 1921 19
492 18 -1
76 5 5 24 5 77 1853 96 1922 19
499 4 -1
77 3 3 3 22 78 1854 97 1923 19
505 33 -1
78 15 15 17 32 79 1855 98 1924 19
507 15 -1
79 12 12 26 17 80 1856 99 1925 19
515 4 -1
80 4 4 4 23 81 1857 100 1926 19
527 17 -1
81 18 18 27 28 82 1858 101 1927 19
530 18 -1
82 10 10 29 10 83 1859 102 1928 19
548 34 -1
83 17 17 34 19 84 1860 103 1929 19
572 15 -1
84 12 12 22 21 85 1861 104 1930 19
573 31 -1
85 5 5 14 15 86 1862 105 1931 19
574 4 -1
86 8 8 15 20 87 1863 106 1932 19
575 4 -1
87 5 5 20 9 88 1864 107 1933 19
582 15 -1
88 15 15 24 25 89 1865 108 1934 19
597 6 -1
89 9 9 17 20 90 1866 109 1935 19
608 34 -1
90 3 3 3 22 91 1867 110 1936 19
622 18 -1
91 18 18 29 26 92 1868 111 1937 19
691 7 -1
92 1 1 4 17 93 1869 112 1938 19
721 13 -1
93 3 3 4 21 94 1870 113 1939 19
741 13 -1
94 4 4 8 19 95 1871 114 1940 19
761 3 -1
95 4 4 10 17 96 1872 115 1941 19
775 18 -1
96 0 0 2 17 97 1873 116 1942 19
778 40 -1
97 11 11 28 13 98 1874 117 1943 19
834 13 -1
98 17 17 27 26 99 1875 118 1944 19
842 7 -1
99 6 6 9 22 100 1876 119 1945 19
884 8 -1
100 13 13 21 24 101 1877 120 1946 19
885 10 -1
101 18 18 23 32 102 1878 121 1947 19
923 33 -1
102 2 2 19 4 103 1879 122 1948 19
933 35 -1
103 9 9 13 24 104 1880 123 1949 19
943 1 -1
104 8 8 23 12 105 1881 124 1950 19
944 46 -1
105 17 17 30 23 106 1882 125 1951 19
946 44 -1
106 16 16 33 18 107 1883 126 1952 19
948 46 -1
107 10 10 28 11 108 1884 127 1953 19
985 20 -1
108 15 15 29 20 109 1885 128 1954 19
990 41 -1
109 19 19 20 37 110 1886 129 1955 19
1000 44 -1
110 7 7 8 25 111 1887 130 1956 19
21 22 -1
111 13 13 14 30 112 1888 130 1956 18
54 4 -1
112 15 15 31 17 113 1889 131 1957 18
58 18 -1
113 15 15 33 15 114 1890 132 1958 18
65 25 -1
114 17 17 25 27 115 1891 133 1959 18
70 3 -1
115 16 16 31 19 116 1892 134 1960 18
110 4 -1
116 6 6 12 18 117 1893 135 1961 18
118 35 -1
117 18 18 36 18 118 1894 136 1962 18
134 22 -1
118 15 15 28 20 119 1895 137 1963 18
146 1 -1
119 0 0 11 7 120 1896 138 1964 18
151 7 -1
120 18 18 27 27 121 1897 139 1965 18
165 22 -1
121 11 11 17 23 122 1898 140 1966 18
181 44 -1
122 17 17 23 29 123 1899 141 1967 18
199 46 -1
123 7 7 8 24 124 1900 142 1968 18
215 37 -1
124 3 3 21 3 125 1901 143 1969 18
221 41 -1
125 13 13 15 29 126 1902 144 1970 18
250 44 -1
126 11 11 18 22 127 1903 145 1971 18
274 15 -1
127 13 13 22 22 128 1904 146 1972 18
279 7 -1
128 5 5 7 21 129 1905 147 1973 18
285 4 -1
129 9 9 25 11 130 1906 148 1974 18
290 33 -1
130 3 3 13 11 131 1907 149 1975 18
314 33 -1
131 11 11 22 18 132 1908 150 1976 18
322 29 -1
132 2 2 3 19 133 1909 151 1977 18
332 31 -1
133 10 10 23 15 134 1910 152 1978 18
385 7 -1
134 9 9 20 16 135 1911 153 1979 18
393 7 -1
135 2 2 5 17 136 1912 154 1980 18
422 25 -1
136 5 5 7 21 137 1913 155 1981 18
425 38 -1
137 7 7 20 12 138 1914 156 1982 18
454 40 -1
138 8 8 21 13 139 1915 157 1983 18
503 31 -1
139 8 8 25 9 140 1916 158 1984 18
534 12 -1
140 14 14 20 26 141 1917 159 1985 18
537 12 -1
141 3 3 19 5 142 1918 160 1986 18
570 3 -1
142 14 14 21 25 143 1919 161 1987 18
580 8 -1
143 2 2 13 9 144 1920 162 1988 18
601 4 -1
144 12 12 23 19 145 1921 163 1989 18
607 7 -1
145 15 15 32 16 146 1922 164 1990 18
625 38 -1
146 4 4 14 12 147 1923 165 1991 18
628 3 -1
147 6 6 24 6 148 1924 166 1992 18
632 18 -1
148 17 17 34 18 149 1925 167 1993 18
635 10 -1
149 10 10 22 16 150 1926 168 1994 18
638 3 -1
150 0 0 13 5 151 1927 169 1995 18
648 8 -1
151 17 17 26 26 152 1928 170 1996 18
654 7 -1
152 15 15 21 27 153 1929 171 1997 18
659 3 -1
153 7 7 18 14 154 1930 172 1998 18
682 18 -1
154 16 16 29 21 155 1931 173 1999 18
716 3 -1
155 10 10 27 11 156 1932 174 2000 18
723 4 -1
156 16 16 22 28 157 1933 175 2001 18
734 23 -1
157 4 4 19 7 158 1934 176 2002 18
744 3 -1
158 3 3 8 16 159 1935 177 2003 18
750 47 -1
159 15 15 33 15 160 1936 178 2004 18
753 18 -1
160 18 18 26 28 161 1937 179 2005 18
758 38 -1
161 13 13 18 26 162 1938 180 2006 18
764 15 -1
162 13 13 18 26 163 1939 181 2007 18
777 38 -1
163 3 3 4 20 164 1940 182 2008 18
781 10 -1
164 3 3 13 11 165 1941 183 2009 18
785 4 -1
165 7 7 7 25 166 1942 184 2010 18
786 7 -1
166 5 5 21 7 167 1943 185 2011 18
790 29 -1
167 15 15 29 19 168 1944 186 2012 18
792 15 -1
168 17 17 20 32 169 1945 187 2013 18
796 46 -1
169 14 14 25 21 170 1946 188 2014 18
802 3 -1
170 4 4 5 21 171 1947 189 2015 18
812 17 -1
171 7 7 7 25 172 1948 190 2016 18
820 33 -1
172 6 6 19 11 173 1949 191 2017 18
835 13 -1
173 13 13 29 15 174 1950 192 2018 18
855 38 -1
174 5 5 16 12 175 1951 193 2019 18
870 4 -1
175 15 15 20 28 176 1952 194 2020 18
890 23 -1
176 12 12 15 27 177 1953 195 2021 18
902 39 -1
177 5 5 19 9 178 1954 196 2022 18
913 8 -1
178 6 6 19 11 179 1955 197 2023 18
925 25 -1
179 9 9 24 12 180 1956 198 2024 18
928 38 -1
180 4 4 21 5 181 1957 199 2025 18
935 18 -1
181 3 3 9 15 182 1958 200 2026 18
939 38 -1
182 3 3 11 13 183 1959 201 2027 18
940 7 -1
183 5 5 14 14 184 1960 202 2028 18
957 44 -1
184 16 16 27 23 185 1961 203 2029 18
969 31 -1
185 6 6 7 23 186 1962 204 2030 18
999 25 -1
186 15 15 30 18 187 1963 205 2031 18
9 29 -1
187 2 2 2 19 188 1964 205 2031 17
35 31 -1
188 2 2 19 2 189 1965 206 2032 17
67 3 -1
189 1 1 12 7 190 1966 207 2033 17
94 38 -1
190 0 0 4 13 191 1967 208 2034 17
98 35 -1
191 11 11 21 18 192 1968 209 2035 17
100 18 -1
192 3 3 8 15 193 1969 210 2036 17
102 31 -1
193 4 4 6 19 194 1970 211 2037 17
109 4 -1
194 10 10 27 10 195 1971 212 2038 17
119 33 -1
195 9 9 12 23 196 1972 213 2039 17
135 39 -1
196 4 4 21 4 197 1973 214 2040 17
144 25 -1
197 7 7 14 17 198 1974 215 2041 17
188 8 -1
198 11 11 25 14 199 1975 216 2042 17
203 34 -1
199 13 13 14 29 200 1976 217 2043 17
213 37 -1
200 16 16 16 33 201 1977 218 2044 17
227 38 -1
201 4 4 14 11 202 1978 219 2045 17
232 3 -1
202 4 4 20 5 203 1979 220 2046 17
243 3 -1
203 4 4 21 4 204 1980 221 2047 17
296 39 -1
204 16 16 17 32 205 1981 222 2048 17
325 6 -1
205 2 2 13 8 206 1982 223 2049 17
345 7 -1
206 14 14 25 20 207 1983 224 2050 17
366 22 -1
207 15 15 32 15 208 1984 225 2051 17
376 8 -1
208 2 2 5 16 209 1985 226 2052 17
381 15 -1
209 16 16 32 17 210 1986 227 2053 17
420 7 -1
210 1 1 4 15 211 1987 228 2054 17
421 37 -1
211 8 8 9 24 212 1988 229 2055 17
453 31 -1
212 13 13 21 22 213 1989 230 2056 17
462 7 -1
213 15 15 28 19 214 1990 231 2057 17
493 7 -1
214 12 12 16 25 215 1991 232 2058 17
498 12 -1
215 10 10 10 27 216 1992 233 2059 17
526 7 -1
216 5 5 18 9 217 1993 234 2060 17
542 33 -1
217 17 17 31 20 218 1994 235 2061 17
552 7 -1
218 3 3 8 15 219 1995 236 2062 17
568 29 -1
219 4 4 10 15 220 1996 237 2063 17
596 7 -1
220 5 5 13 14 221 1997 238 2064 17
623 7 -1
221 11 11 15 24 222 1998 239 2065 17
634 8 -1
222 0 0 9 8 223 1999 240 2066 17
640 8 -1
223 16 16 31 18 224 2000 241 2067 17
651 37 -1
224 0 0 16 1 225 2001 242 2068 17
658 12 -1
225 17 17 24 27 226 2002 243 2069 17
669 47 -1
226 1 1 7 12 227 2003 244 2070 17
695 40 -1
227 1 1 14 5 228 2004 245 2071 17
705 37 -1
228 9 9 19 16 229 2005 246 2072 17
735 12 -1
229 4 4 17 8 230 2006 247 2073 17
754 17 -1
230 15 15 31 16 231 2007 248 2074 17
769 13 -1
231 4 4 21 4 232 2008 249 2075 17
795 25 -1
232 6 6 10 19 233 2009 250 2076 17
850 13 -1
233 9 9 26 9 234 2010 251 2077 17
878 11 -1
234 16 16 31 18 235 2011 252 2078 17
880 23 -1
235 17 17 33 18 236 2012 253 2079 17
897 35 -1
236 12 12 25 16 237 2013 254 2080 17
900 44 -1
237 7 7 23 8 238 2014 255 2081 17
905 36 -1
238 15 15 16 31 239 2015 256 2082 17
950 31 -1
239 1 1 10 9 240 2016 257 2083 17
980 23 -1
240 17 17 20 31 241 2017 258 2084 17
991 23 -1
241 7 7 14 17 242 2018 259 2085 17
997 8 -1
242 8 8 10 23 243 2019 260 2086 17
2 37 -1
243 7 7 14 16 244 2020 260 2086 16
5 38 -1
244 10 10 20 16 245 2021 261 2087 16
72 36 -1
245 6 6 20 8 246 2022 262 2088 16
78 39 -1
246 6 6 6 22 247 2023 263 2089 16
81 6 -1
247 4 4 13 11 248 2024 264 2090 16
96 7 -1
248 1 1 13 5 249 2025 265 2091 16
103 23 -1
249 2 2 12 8 250 2026 266 2092 16
175 4 -1
250 2 2 2 18 251 2027 267 2093 16
176 3 -1
251 14 14 21 23 252 2028 268 2094 16
182 35 -1
252 15 15 21 25 253 2029 269 2095 16
187 6 -1
253 5 5 21 5 254 2030 270 2096 16
192 33 -1
254 7 7 18 12 255 2031 271 2097 16
208 20 -1
255 7 7 7 23 256 2032 272 2098 16
222 33 -1
256 10 10 26 10 257 2033 273 2099 16
252 31 -1
257 14 14 28 16 258 2034 274 2100 16
256 23 -1
258 0 0 12 4 259 2035 275 2101 16
258 39 -1
259 5 5 15 11 260 2036 276 2102 16
262 39 -1
260 2 2 12 8 261 2037 277 2103 16
286 22 -1
261 15 15 25 21 262 2038 278 2104 16
310 23 -1
262 1 1 14 4 263 2039 279 2105 16
313 46 -1
263 2 2 14 6 264 2040 280 2106 16
316 1 -1
264 2 2 4 16 265 2041 281 2107 16
337 40 -1
265 1 1 3 15 266 2042 282 2108 16
338 33 -1
266 16 16 26 22 267 2043 283 2109 16
375 7 -1
267 6 6 11 17 268 2044 284 2110 16
403 12 -1
268 16 16 23 25 269 2045 285 2111 16
407 17 -1
269 13 13 23 19 270 2046 286 2112 16
413 33 -1
270 15 15 18 28 271 2047 287 2113 16
439 24 -1
271 7 7 22 8 272 2048 288 2114 16
446 40 -1
272 16 16 23 25 273 2049 289 2115 16
450 18 -1
273 14 14 28 16 274 2050 290 2116 16
460 47 -1
274 2 2 2 18 275 2051 291 2117 16
476 4 -1
275 11 11 27 11 276 2052 292 2118 16
494 38 -1
276 4 4 13 11 277 2053 293 2119 16
497 8 -1
277 7 7 14 16 278 2054 294 2120 16
519 44 -1
278 7 7 12 18 279 2055 295 2121 16
521 44 -1
279 10 10 13 23 280 2056 296 2122 16
550 6 -1
280 7 7 8 22 281 2057 297 2123 16
583 13 -1
281 1 1 14 4 282 2058 298 2124 16
602 44 -1
282 2 2 10 10 283 2059 299 2125 16
611 23 -1
283 8 8 23 9 284 2060 300 2126 16
643 36 -1
284 0 0 11 5 285 2061 301 2127 16
652 34 -1
285 0 0 14 2 286 2062 302 2128 16
661 46 -1
286 15 15 25 21 287 2063 303 2129 16
673 36 -1
287 10 10 13 23 288 2064 304 2130 16
710 12 -1
288 11 11 21 17 289 2065 305 2131 16
722 31 -1
289 9 9 25 9 290 2066 306 2132 16
731 34 -1
290 13 13 28 14 291 2067 307 2133 16
762 15 -1
291 4 4 11 13 292 2068 308 2134 16
763 33 -1
292 11 11 19 19 293 2069 309 2135 16
782 4 -1
293 16 16 23 25 294 2070 310 2136 16
784 13 -1
294 11 11 15 23 295 2071 311 2137 16
809 1 -1
295 16 16 30 18 296 2072 312 2138 16
859 12 -1
296 8 8 20 12 297 2073 313 2139 16
891 40 -1
297 5 5 13 13 298 2074 314 2140 16
967 12 -1
298 7 7 7 23 299 2075 315 2141 16
971 34 -1
299 15 15 18 28 300 2076 316 2142 16
973 39 -1
300 5 5 6 20 301 2077 317 2143 16
19 29 -1
301 12 12 26 13 302 2078 317 2143 15
45 39 -1
302 2 2 7 12 303 2079 318 2144 15
56 34 -1
303 1 1 11 6 304 2080 319 2145 15
77 39 -1
304 5 5 6 19 305 2081 320 2146 15
85 33 -1
305 10 10 19 16 306 2082 321 2147 15
90 1 -1
306 0 0 1 14 307 2083 322 2148 15
93 47 -1
307 7 7 12 17 308 2084 323 2149 15
166 41 -1
308 8 8 10 21 309 2085 324 2150 15
169 33 -1
309 0 0 13 2 310 2086 325 2151 15
174 15 -1
310 5 5 6 19 311 2087 326 2152 15
205 25 -1
311 0 0 9 6 312 2088 327 2153 15
211 38 -1
312 13 13 16 25 313 2089 328 2154 15
214 33 -1
313 14 14 15 28 314 2090 329 2155 15
254 44 -1
314 10 10 15 20 315 2091 330 2156 15
284 38 -1
315 5 5 18 7 316 2092 331 2157 15
318 44 -1
316 10 10 13 22 317 2093 332 2158 15
321 25 -1
317 7 7 10 19 318 2094 333 2159 15
324 4 -1
318 5 5 10 15 319 2095 334 2160 15
333 39 -1
319 2 2 13 6 320 2096 335 2161 15
363 12 -1
320 0 0 8 7 321 2097 336 2162 15
371 33 -1
321 12 12 15 24 322 2098 337 2163 15
379 44 -1
322 4 4 12 11 323 2099 338 2164 15
390 46 -1
323 3 3 5 16 324 2100 339 2165 15
428 15 -1
324 7 7 19 10 325 2101 340 2166 15
467 13 -1
325 11 11 16 21 326 2102 341 2167 15
469 10 -1
326 8 8 19 12 327 2103 342 2168 15
495 10 -1
327 0 0 13 2 328 2104 343 2169 15
514 34 -1
328 2 2 17 2 329 2105 344 2170 15
528 3 -1
329 4 4 17 6 330 2106 345 2171 15
539 7 -1
330 15 15 23 22 331 2107 346 2172 15
557 13 -1
331 9 9 24 9 332 2108 347 2173 15
558 7 -1
332 0 0 0 15 333 2109 348 2174 15
567 10 -1
333 0 0 3 12 334 2110 349 2175 15
578 33 -1
334 11 11 20 17 335 2111 350 2176 15
590 3 -1
335 9 9 12 21 336 2112 351 2177 15
594 34 -1
336 10 10 17 18 337 2113 352 2178 15
604 33 -1
337 1 1 14 3 338 2114 353 2179 15
615 44 -1
338 4 4 15 8 339 2115 354 2180 15
617 37 -1
339 6 6 19 8 340 2116 355 2181 15
624 41 -1
340 4 4 13 10 341 2117 356 2182 15
639 29 -1
341 8 8 17 14 342 2118 357 2183 15
644 12 -1
342 15 15 20 25 343 2119 358 2184 15
657 37 -1
343 6 6 12 15 344 2120 359 2185 15
700 31 -1
344 12 12 25 14 345 2121 360 2186 15
702 34 -1
345 8 8 10 21 346 2122 361 2187 15
706 15 -1
346 12 12 18 21 347 2123 362 2188 15
709 36 -1
347 11 11 20 17 348 2124 363 2189 15
727 4 -1
348 3 3 17 4 349 2125 364 2190 15
728 24 -1
349 3 3 10 11 350 2126 365 2191 15
755 15 -1
350 6 6 20 7 351 2127 366 2192 15
771 25 -1
351 7 7 14 15 352 2128 367 2193 15
773 4 -1
352 12 12 25 14 353 2129 368 2194 15
780 22 -1
353 2 2 5 14 354 2130 369 2195 15
815 7 -1
354 6 6 20 7 355 2131 370 2196 15
829 40 -1
355 12 12 20 19 356 2132 371 2197 15
833 10 -1
356 3 3 9 12 357 2133 372 2198 15
838 12 -1
357 13 13 24 17 358 2134 373 2199 15
864 15 -1
358 0 0 7 8 359 2135 374 2200 15
869 4 -1
359 7 7 10 19 360 2136 375 2201 15
879 40 -1
360 9 9 11 22 361 2137 376 2202 15
906 11 -1
361 13 13 28 13 362 2138 377 2203 15
919 46 -1
362 15 15 28 17 363 2139 378 2204 15
921 13 -1
363 15 15 25 20 364 2140 379 2205 15
924 34 -1
364 8 8 19 12 365 2141 380 2206 15
934 8 -1
365 4 4 4 19 366 2142 381 2207 15
959 40 -1
366 5 5 12 13 367 2143 382 2208 15
977 13 -1
367 9 9 14 19 368 2144 383 2209 15
982 23 -1
368 11 11 21 16 369 2145 384 2210 15
10 23 -1
369 5 5 16 8 370 2146 384 2210 14
28 40 -1
370 6 6 18 8 371 2147 385 2211 14
38 18 -1
371 10 10 15 19 372 2148 386 2212 14
50 22 -1
372 4 4 4 18 373 2149 387 2213 14
52 13 -1
373 7 7 19 9 374 2150 388 2214 14
80 8 -1
374 1 1 4 12 375 2151 389 2215 14
116 23 -1
375 0 0 8 6 376 2152 390 2216 14
117 41 -1
376 5 5 5 19 377 2153 391 2217 14
131 37 -1
377 4 4 11 11 378 2154 392 2218 14
150 38 -1
378 7 7 14 14 379 2155 393 2219 14
170 37 -1
379 1 1 8 8 380 2156 394 2220 14
194 47 -1
380 8 8 21 9 381 2157 395 2221 14
204 11 -1
381 8 8 8 22 382 2158 396 2222 14
219 1 -1
382 10 10 23 11 383 2159 397 2223 14
266 37 -1
383 13 13 18 22 384 2160 398 2224 14
305 15 -1
384 12 12 15 23 385 2161 399 2225 14
331 25 -1
385 9 9 11 21 386 2162 400 2226 14
362 18 -1
386 8 8 18 12 387 2163 401 2227 14
368 24 -1
387 9 9 13 19 388 2164 402 2228 14
369 4 -1
388 14 14 18 24 389 2165 403 2229 14
392 3 -1
389 1 1 9 7 390 2166 404 2230 14
449 25 -1
390 9 9 17 15 391 2167 405 2231 14
473 44 -1
391 4 4 7 15 392 2168 406 2232 14
511 4 -1
392 5 5 17 7 393 2169 407 2233 14
533 34 -1
393 2 2 14 4 394 2170 408 2234 14
545 18 -1
394 9 9 13 19 395 2171 409 2235 14
584 37 -1
395 2 2 10 8 396 2172 410 2236 14
587 25 -1
396 8 8 16 14 397 2173 411 2237 14
588 18 -1
397 14 14 25 17 398 2174 412 2238 14
589 7 -1
398 0 0 5 9 399 2175 413 2239 14
598 35 -1
399 14 14 22 20 400 2176 414 2240 14
599 17 -1
400 5 5 9 15 401 2177 415 2241 14
681 3 -1
401 6 6 8 18 402 2178 416 2242 14
739 7 -1
402 0 0 11 3 403 2179 417 2243 14
788 31 -1
403 5 5 15 9 404 2180 418 2244 14
804 34 -1
404 12 12 22 16 405 2181 419 2245 14
852 7 -1
405 2 2 5 13 406 2182 420 2246 14
853 24 -1
406 14 14 26 16 407 2183 421 2247 14
874 25 -1
407 3 3 4 16 408 2184 422 2248 14
892 11 -1
408 11 11 16 20 409 2185 423 2249 14
911 10 -1
409 2 2 8 10 410 2186 424 2250 14
936 31 -1
410 1 1 10 6 411 2187 425 2251 14
986 4 -1
411 11 11 18 18 412 2188 426 2252 14
988 34 -1
412 5 5 7 17 413 2189 427 2253 14
993 33 -1
413 7 7 11 17 414 2190 428 2254 14
11 10 -1
414 8 8 13 16 415 2191 428 2254 13
18 38 -1
415 0 0 5 8 416 2192 429 2255 13
33 8 -1
416 4 4 5 16 417 2193 430 2256 13
41 39 -1
417 11 11 17 18 418 2194 431 2257 13
43 46 -1
418 8 8 15 14 419 2195 432 2258 13
76 38 -1
419 1 1 14 1 420 2196 433 2259 13
84 33 -1
420 4 4 13 8 421 2197 434 2260 13
89 22 -1
421 4 4 17 4 422 2198 435 2261 13
113 34 -1
422 4 4 11 10 423 2199 436 2262 13
125 7 -1
423 7 7 12 15 424 2200 437 2263 13
130 4 -1
424 1 1 13 2 425 2201 438 2264 13
136 4 -1
425 13 13 24 15 426 2202 439 2265 13
141 8 -1
426 3 3 7 12 427 2203 440 2266 13
149 22 -1
427 13 13 23 16 428 2204 441 2267 13
156 31 -1
428 6 6 17 8 429 2205 442 2268 13
160 11 -1
429 5 5 17 6 430 2206 443 2269 13
184 38 -1
430 2 2 2 15 431 2207 444 2270 13
191 18 -1
431 9 9 9 22 432 2208 445 2271 13
200 33 -1
432 2 2 5 12 433 2209 446 2272 13
207 39 -1
433 2 2 4 13 434 2210 447 2273 13
212 44 -1
434 3 3 13 6 435 2211 448 2274 13
220 34 -1
435 12 12 17 20 436 2212 449 2275 13
225 38 -1
436 6 6 6 19 437 2213 450 2276 13
229 33 -1
437 7 7 19 8 438 2214 451 2277 13
240 25 -1
438 2 2 7 10 439 2215 452 2278 13
260 13 -1
439 5 5 14 9 440 2216 453 2279 13
264 8 -1
440 11 11 20 15 441 2217 454 2280 13
265 31 -1
441 11 11 14 21 442 2218 455 2281 13
268 44 -1
442 7 7 12 15 443 2219 456 2282 13
272 3 -1
443 0 0 5 8 444 2220 457 2283 13
278 7 -1
444 4 4 15 6 445 2221 458 2284 13
334 33 -1
445 13 13 22 17 446 2222 459 2285 13
341 1 -1
446 10 10 22 11 447 2223 460 2286 13
353 34 -1
447 9 9 14 17 448 2224 461 2287 13
372 7 -1
448 0 0 2 11 449 2225 462 2288 13
391 44 -1
449 8 8 21 8 450 2226 463 2289 13
438 13 -1
450 4 4 6 15 451 2227 464 2290 13
451 33 -1
451 0 0 13 0 452 2228 465 2291 13
478 24 -1
452 1 1 3 12 453 2229 466 2292 13
487 7 -1
453 4 4 9 12 454 2230 467 2293 13
508 25 -1
454 1 1 4 11 455 2231 468 2294 13
520 12 -1
455 13 13 20 19 456 2232 469 2295 13
546 44 -1
456 3 3 16 3 457 2233 470 2296 13
569 44 -1
457 2 2 4 13 458 2234 471 2297 13
605 22 -1
458 6 6 15 10 459 2235 472 2298 13
629 3 -1
459 2 2 10 7 460 2236 473 2299 13
645 34 -1
460 8 8 17 12 461 2237 474 2300 13
656 22 -1
461 13 13 24 15 462 2238 475 2301 13
662 15 -1
462 0 0 9 4 463 2239 476 2302 13
675 41 -1
463 8 8 9 20 464 2240 477 2303 13
697 39 -1
464 3 3 4 15 465 2241 478 2304 13
715 25 -1
465 8 8 15 14 466 2242 479 2305 13
724 22 -1
466 6 6 17 8 467 2243 480 2306 13
729 40 -1
467 2 2 3 14 468 2244 481 2307 13
730 23 -1
468 7 7 9 18 469 2245 482 2308 13
732 34 -1
469 5 5 7 16 470 2246 483 2309 13
749 18 -1
470 4 4 7 14 471 2247 484 2310 13
787 31 -1
471 5 5 5 18 472 2248 485 2311 13
811 7 -1
472 11 11 22 13 473 2249 486 2312 13
816 41 -1
473 4 4 11 10 474 2250 487 2313 13
827 34 -1
474 2 2 5 12 475 2251 488 2314 13
836 34 -1
475 6 6 6 19 476 2252 489 2315 13
843 39 -1
476 12 12 16 21 477 2253 490 2316 13
849 15 -1
477 8 8 15 14 478 2254 491 2317 13
861 38 -1
478 8 8 10 19 479 2255 492 2318 13
867 47 -1
479 6 6 17 8 480 2256 493 2319 13
901 41 -1
480 2 2 3 14 481 2257 494 2320 13
910 29 -1
481 10 10 16 17 482 2258 495 2321 13
942 33 -1
482 1 1 8 7 483 2259 496 2322 13
947 25 -1
483 12 12 25 12 484 2260 497 2323 13
955 41 -1
484 1 1 6 9 485 2261 498 2324 13
964 25 -1
485 5 5 8 15 486 2262 499 2325 13
995 47 -1
486 12 12 17 20 487 2263 500 2326 13
3 3 -1
487 11 11 13 21 488 2264 500 2326 12
68 13 -1
488 1 1 1 13 489 2265 501 2327 12
112 39 -1
489 9 9 17 13 490 2266 502 2328 12
121 34 -1
490 10 10 21 11 491 2267 503 2329 12
126 44 -1
491 2 2 3 13 492 2268 504 2330 12
128 10 -1
492 1 1 5 9 493 2269 505 2331 12
153 3 -1
493 8 8 17 11 494 2270 506 2332 12
168 4 -1
494 8 8 14 14 495 2271 507 2333 12
180 47 -1
495 7 7 18 8 496 2272 508 2334 12
195 37 -1
496 4 4 11 9 497 2273 509 2335 12
202 7 -1
497 3 3 10 8 498 2274 510 2336 12
216 33 -1
498 3 3 12 6 499 2275 511 2337 12
217 18 -1
499 5 5 11 11 500 2276 512 2338 12
236 4 -1
500 2 2 11 5 501 2277 513 2339 12
257 22 -1
501 11 11 20 14 502 2278 514 2340 12
288 47 -1
502 2 2 3 13 503 2279 515 2341 12
292 44 -1
503 12 12 14 22 504 2280 516 2342 12
309 4 -1
504 2 2 13 3 505 2281 517 2343 12
311 46 -1
505 9 9 20 10 506 2282 518 2344 12
315 40 -1
506 9 9 15 15 507 2283 519 2345 12
351 25 -1
507 12 12 15 21 508 2284 520 2346 12
374 4 -1
508 7 7 10 16 509 2285 521 2347 12
431 29 -1
509 2 2 11 5 510 2286 522 2348 12
432 38 -1
510 4 4 14 6 511 2287 523 2349 12
435 17 -1
511 4 4 13 7 512 2288 524 2350 12
458 29 -1
512 10 10 21 11 513 2289 525 2351 12
477 4 -1
513 2 2 7 9 514 2290 526 2352 12
485 18 -1
514 2 2 8 8 515 2291 527 2353 12
506 33 -1
515 0 0 11 1 516 2292 528 2354 12
512 7 -1
516 6 6 14 10 517 2293 529 2355 12
535 34 -1
517 10 10 22 10 518 2294 530 2356 12
549 29 -1
518 12 12 12 24 519 2295 531 2357 12
556 44 -1
519 12 12 23 13 520 2296 532 2358 12
561 47 -1
520 8 8 12 16 521 2297 533 2359 12
566 23 -1
521 0 0 5 7 522 2298 534 2360 12
581 34 -1
522 10 10 10 22 523 2299 535 2361 12
606 10 -1
523 7 7 15 11 524 2300 536 2362 12
613 7 -1
524 2 2 3 13 525 2301 537 2363 12
620 10 -1
525 10 10 14 18 526 2302 538 2364 12
649 38 -1
526 5 5 15 7 527 2303 539 2365 12
660 47 -1
527 9 9 17 13 528 2304 540 2366 12
684 7 -1
528 2 2 7 9 529 2305 541 2367 12
685 18 -1
529 0 0 1 11 530 2306 542 2368 12
692 1 -1
530 8 8 8 20 531 2307 543 2369 12
714 29 -1
531 0 0 4 8 532 2308 544 2370 12
748 7 -1
532 3 3 9 9 533 2309 545 2371 12
765 15 -1
533 12 12 23 13 534 2310 546 2372 12
776 29 -1
534 1 1 12 2 535 2311 547 2373 12
800 31 -1
535 11 11 17 17 536 2312 548 2374 12
846 23 -1
536 5 5 5 17 537 2313 549 2375 12
895 41 -1
537 7 7 15 11 538 2314 550 2376 12
914 20 -1
538 9 9 21 9 539 2315 551 2377 12
916 1 -1
539 0 0 3 9 540 2316 552 2378 12
929 24 -1
540 10 10 11 21 541 2317 553 2379 12
951 11 -1
541 1 1 5 9 542 2318 554 2380 12
956 4 -1
542 9 9 13 17 543 2319 555 2381 12
12 44 -1
543 4 4 4 15 544 2320 555 2381 11
15 29 -1
544 11 11 16 17 545 2321 556 2382 11
20 40 -1
545 10 10 13 18 546 2322 557 2383 11
25 33 -1
546 6 6 14 9 547 2323 558 2384 11
53 18 -1
547 7 7 17 8 548 2324 559 2385 11
79 44 -1
548 5 5 13 8 549 2325 560 2386 11
86 40 -1
549 10 10 14 17 550 2326 561 2387 11
87 17 -1
550 5 5 15 6 551 2327 562 2388 11
101 29 -1
551 3 3 9 8 552 2328 563 2389 11
106 11 -1
552 5 5 16 5 553 2329 564 2390 11
114 44 -1
553 10 10 18 13 554 2330 565 2391 11
138 47 -1
554 7 7 18 7 555 2331 566 2392 11
147 44 -1
555 10 10 16 15 556 2332 567 2393 11
159 7 -1
556 9 9 11 18 557 2333 568 2394 11
197 25 -1
557 6 6 16 7 558 2334 569 2395 11
209 41 -1
558 3 3 11 6 559 2335 570 2396 11
218 33 -1
559 0 0 1 10 560 2336 571 2397 11
255 25 -1
560 1 1 6 7 561 2337 572 2398 11
261 1 -1
561 4 4 9 10 562 2338 573 2399 11
269 15 -1
562 3 3 3 14 563 2339 574 2400 11
287 34 -1
563 11 11 13 20 564 2340 575 2401 11
289 44 -1
564 5 5 14 7 565 2341 576 2402 11
294 11 -1
565 5 5 16 5 566 2342 577 2403 11
300 23 -1
566 10 10 14 17 567 2343 578 2404 11
303 34 -1
567 8 8 14 13 568 2344 579 2405 11
344 4 -1
568 5 5 14 7 569 2345 580 2406 11
358 24 -1
569 5 5 12 9 570 2346 581 2407 11
365 38 -1
570 5 5 8 13 571 2347 582 2408 11
408 44 -1
571 8 8 18 9 572 2348 583 2409 11
411 36 -1
572 5 5 13 8 573 2349 584 2410 11
418 40 -1
573 5 5 10 11 574 2350 585 2411 11
426 47 -1
574 3 3 5 12 575 2351 586 2412 11
430 47 -1
575 2 2 8 7 576 2352 587 2413 11
445 47 -1
576 10 10 19 12 577 2353 588 2414 11
447 20 -1
577 11 11 12 21 578 2354 589 2415 11
456 8 -1
578 7 7 11 14 579 2355 590 2416 11
468 3 -1
579 4 4 4 15 580 2356 591 2417 11
470 29 -1
580 4 4 12 7 581 2357 592 2418 11
475 47 -1
581 0 0 3 8 582 2358 593 2419 11
482 18 -1
582 9 9 19 10 583 2359 594 2420 11
502 25 -1
583 5 5 6 15 584 2360 595 2421 11
522 44 -1
584 9 9 18 11 585 2361 596 2422 11
525 4 -1
585 4 4 5 14 586 2362 597 2423 11
532 1 -1
586 5 5 8 13 587 2363 598 2424 11
538 3 -1
587 0 0 7 4 588 2364 599 2425 11
600 41 -1
588 1 1 10 3 589 2365 600 2426 11
626 7 -1
589 2 2 2 13 590 2366 601 2427 11
642 22 -1
590 10 10 18 13 591 2367 602 2428 11
719 34 -1
591 10 10 13 18 592 2368 603 2429 11
740 7 -1
592 10 10 21 10 593 2369 604 2430 11
752 11 -1
593 2 2 6 9 594 2370 605 2431 11
793 10 -1
594 0 0 1 10 595 2371 606 2432 11
826 34 -1
595 11 11 22 11 596 2372 607 2433 11
837 18 -1
596 10 10 15 16 597 2373 608 2434 11
844 7 -1
597 3 3 9 8 598 2374 609 2435 11
845 33 -1
598 5 5 16 5 599 2375 610 2436 11
851 34 -1
599 4 4 12 7 600 2376 611 2437 11
856 23 -1
600 11 11 18 15 601 2377 612 2438 11
881 47 -1
601 7 7 16 9 602 2378 613 2439 11
926 35 -1
602 9 9 19 10 603 2379 614 2440 11
931 11 -1
603 6 6 7 16 604 2380 615 2441 11
965 25 -1
604 4 4 14 5 605 2381 616 2442 11
968 38 -1
605 7 7 10 15 606 2382 617 2443 11
975 34 -1
606 8 8 8 19 607 2383 618 2444 11
978 25 -1
607 8 8 14 13 608 2384 619 2445 11
996 31 -1
608 3 3 4 13 609 2385 620 2446 11
998 38 -1
609 1 1 12 1 610 2386 621 2447 11
17 11 -1
610 6 6 10 12 611 2387 621 2447 10
23 34 -1
611 1 1 6 6 612 2388 622 2448 10
29 18 -1
612 7 7 9 15 613 2389 623 2449 10
34 4 -1
613 6 6 12 10 614 2390 624 2450 10
36 31 -1
614 6 6 9 13 615 2391 625 2451 10
44 38 -1
615 4 4 12 6 616 2392 626 2452 10
46 46 -1
616 7 7 12 12 617 2393 627 2453 10
47 15 -1
617 9 9 12 16 618 2394 628 2454 10
51 13 -1
618 1 1 7 5 619 2395 629 2455 10
59 34 -1
619 8 8 11 15 620 2396 630 2456 10
61 10 -1
620 1 1 3 9 621 2397 631 2457 10
107 11 -1
621 2 2 12 2 622 2398 632 2458 10
115 3 -1
622 4 4 5 13 623 2399 633 2459 10
132 34 -1
623 10 10 13 17 624 2400 634 2460 10
148 3 -1
624 10 10 20 10 625 2401 635 2461 10
189 33 -1
625 1 1 1 11 626 2402 636 2462 10
196 47 -1
626 10 10 12 18 627 2403 637 2463 10
241 31 -1
627 8 8 10 16 628 2404 638 2464 10
270 18 -1
628 7 7 7 17 629 2405 639 2465 10
301 25 -1
629 5 5 15 5 630 2406 640 2466 10
304 25 -1
630 6 6 7 15 631 2407 641 2467 10
308 29 -1
631 3 3 9 7 632 2408 642 2468 10
328 47 -1
632 9 9 18 10 633 2409 643 2469 10
329 23 -1
633 7 7 8 16 634 2410 644 2470 10
348 8 -1
634 1 1 4 8 635 2411 645 2471 10
354 29 -1
635 4 4 6 12 636 2412 646 2472 10
360 7 -1
636 1 1 3 9 637 2413 647 2473 10
370 35 -1
637 9 9 16 12 638 2414 648 2474 10
373 6 -1
638 1 1 2 10 639 2415 649 2475 10
384 20 -1
639 1 1 3 9 640 2416 650 2476 10
388 33 -1
640 0 0 4 6 641 2417 651 2477 10
414 12 -1
641 6 6 16 6 642 2418 652 2478 10
424 37 -1
642 2 2 8 6 643 2419 653 2479 10
443 44 -1
643 9 9 14 14 644 2420 654 2480 10
448 11 -1
644 2 2 6 8 645 2421 655 2481 10
452 44 -1
645 0 0 10 0 646 2422 656 2482 10
471 38 -1
646 2 2 5 9 647 2423 657 2483 10
474 40 -1
647 7 7 7 17 648 2424 658 2484 10
479 47 -1
648 3 3 5 11 649 2425 659 2485 10
513 35 -1
649 9 9 14 14 650 2426 660 2486 10
518 37 -1
650 10 10 14 16 651 2427 661 2487 10
523 41 -1
651 1 1 11 1 652 2428 662 2488 10
540 4 -1
652 8 8 13 13 653 2429 663 2489 10
560 13 -1
653 1 1 8 4 654 2430 664 2490 10
585 41 -1
654 2 2 2 12 655 2431 665 2491 10
610 34 -1
655 0 0 3 7 656 2432 666 2492 10
612 10 -1
656 4 4 12 6 657 2433 667 2493 10
619 38 -1
657 8 8 13 13 658 2434 668 2494 10
630 44 -1
658 3 3 6 10 659 2435 669 2495 10
636 4 -1
659 8 8 8 18 660 2436 670 2496 10
666 25 -1
660 6 6 13 9 661 2437 671 2497 10
671 33 -1
661 5 5 10 10 662 2438 672 2498 10
689 44 -1
662 7 7 17 7 663 2439 673 2499 10
696 33 -1
663 5 5 14 6 664 2440 674 2500 10
707 17 -1
664 6 6 14 8 665 2441 675 2501 10
756 47 -1
665 5 5 9 11 666 2442 676 2502 10
759 46 -1
666 1 1 5 7 667 2443 677 2503 10
760 38 -1
667 7 7 10 14 668 2444 678 2504 10
789 17 -1
668 2 2 7 7 669 2445 679 2505 10
824 15 -1
669 1 1 10 2 670 2446 680 2506 10
825 37 -1
670 9 9 9 19 671 2447 681 2507 10
830 38 -1
671 2 2 4 10 672 2448 682 2508 10
840 11 -1
672 0 0 5 5 673 2449 683 2509 10
868 46 -1
673 1 1 7 5 674 2450 684 2510 10
873 12 -1
674 3 3 4 12 675 2451 685 2511 10
904 22 -1
675 4 4 13 5 676 2452 686 2512 10
920 29 -1
676 5 5 10 10 677 2453 687 2513 10
945 13 -1
677 6 6 12 10 678 2454 688 2514 10
949 12 -1
678 2 2 2 12 679 2455 689 2515 10
954 38 -1
679 0 0 6 4 680 2456 690 2516 10
976 3 -1
680 3 3 13 3 681 2457 691 2517 10
994 34 -1
681 7 7 14 10 682 2458 692 2518 10
4 47 -1
682 3 3 4 11 683 2459 692 2518 9
16 7 -1
683 7 7 12 11 684 2460 693 2519 9
37 40 -1
684 6 6 6 15 685 2461 694 2520 9
48 46 -1
685 3 3 7 8 686 2462 695 2521 9
49 4 -1
686 2 2 2 11 687 2463 696 2522 9
62 24 -1
687 6 6 6 15 688 2464 697 2523 9
83 31 -1
688 8 8 13 12 689 2465 698 2524 9
95 47 -1
689 0 0 2 7 690 2466 699 2525 9
108 13 -1
690 1 1 6 5 691 2467 700 2526 9
111 4 -1
691 7 7 8 15 692 2468 701 2527 9
120 8 -1
692 4 4 11 6 693 2469 702 2528 9
142 18 -1
693 1 1 2 9 694 2470 703 2529 9
152 37 -1
694 9 9 10 17 695 2471 704 2530 9
163 33 -1
695 6 6 7 14 696 2472 705 2531 9
167 18 -1
696 8 8 14 11 697 2473 706 2532 9
173 24 -1
697 5 5 10 9 698 2474 707 2533 9
178 34 -1
698 2 2 7 6 699 2475 708 2534 9
179 25 -1
699 8 8 12 13 700 2476 709 2535 9
183 13 -1
700 2 2 5 8 701 2477 710 2536 9
193 6 -1
701 0 0 8 1 702 2478 711 2537 9
228 31 -1
702 8 8 17 8 703 2479 712 2538 9
231 12 -1
703 7 7 14 9 704 2480 713 2539 9
234 18 -1
704 8 8 13 12 705 2481 714 2540 9
242 13 -1
705 3 3 12 3 706 2482 715 2541 9
248 47 -1
706 1 1 2 9 707 2483 716 2542 9
249 4 -1
707 1 1 7 4 708 2484 717 2543 9
273 33 -1
708 5 5 12 7 709 2485 718 2544 9
280 46 -1
709 1 1 1 10 710 2486 719 2545 9
282 34 -1
710 0 0 7 2 711 2487 720 2546 9
302 4 -1
711 1 1 7 4 712 2488 721 2547 9
319 44 -1
712 1 1 6 5 713 2489 722 2548 9
323 12 -1
713 3 3 7 8 714 2490 723 2549 9
336 7 -1
714 1 1 4 7 715 2491 724 2550 9
343 7 -1
715 7 7 10 13 716 2492 725 2551 9
355 33 -1
716 1 1 9 2 717 2493 726 2552 9
377 29 -1
717 5 5 8 11 718 2494 727 2553 9
378 7 -1
718 4 4 9 8 719 2495 728 2554 9
404 24 -1
719 9 9 11 16 720 2496 729 2555 9
410 13 -1
720 2 2 2 11 721 2497 730 2556 9
436 41 -1
721 3 3 10 5 722 2498 731 2557 9
440 4 -1
722 9 9 11 16 723 2499 732 2558 9
441 18 -1
723 2 2 10 3 724 2500 733 2559 9
455 11 -1
724 5 5 9 10 725 2501 734 2560 9
457 34 -1
725 6 6 14 7 726 2502 735 2561 9
461 38 -1
726 4 4 12 5 727 2503 736 2562 9
465 3 -1
727 5 5 11 8 728 2504 737 2563 9
483 37 -1
728 9 9 14 13 729 2505 738 2564 9
486 31 -1
729 1 1 5 6 730 2506 739 2565 9
516 11 -1
730 0 0 6 3 731 2507 740 2566 9
531 38 -1
731 1 1 7 4 732 2508 741 2567 9
547 11 -1
732 8 8 12 13 733 2509 742 2568 9
553 44 -1
733 6 6 8 13 734 2510 743 2569 9
554 23 -1
734 5 5 7 12 735 2511 744 2570 9
565 40 -1
735 8 8 9 16 736 2512 745 2571 9
592 34 -1
736 8 8 17 8 737 2513 746 2572 9
595 29 -1
737 9 9 17 10 738 2514 747 2573 9
609 34 -1
738 9 9 16 11 739 2515 748 2574 9
618 7 -1
739 8 8 10 15 740 2516 749 2575 9
631 31 -1
740 1 1 10 1 741 2517 750 2576 9
637 25 -1
741 5 5 11 8 742 2518 751 2577 9
665 11 -1
742 4 4 13 4 743 2519 752 2578 9
672 40 -1
743 1 1 7 4 744 2520 753 2579 9
676 18 -1
744 6 6 8 13 745 2521 754 2580 9
679 15 -1
745 9 9 14 13 746 2522 755 2581 9
687 38 -1
746 6 6 8 13 747 2523 756 2582 9
694 15 -1
747 1 1 8 3 748 2524 757 2583 9
703 6 -1
748 3 3 12 3 749 2525 758 2584 9
718 10 -1
749 5 5 14 5 750 2526 759 2585 9
733 38 -1
750 9 9 18 9 751 2527 760 2586 9
737 7 -1
751 9 9 9 18 752 2528 761 2587 9
751 34 -1
752 8 8 9 16 753 2529 762 2588 9
757 38 -1
753 2 2 11 2 754 2530 763 2589 9
767 39 -1
754 2 2 2 11 755 2531 764 2590 9
772 12 -1
755 9 9 15 12 756 2532 765 2591 9
774 7 -1
756 3 3 8 7 757 2533 766 2592 9
806 29 -1
757 6 6 15 6 758 2534 767 2593 9
817 31 -1
758 5 5 10 9 759 2535 768 2594 9
821 37 -1
759 5 5 5 14 760 2536 769 2595 9
848 15 -1
760 7 7 12 11 761 2537 770 2596 9
854 29 -1
761 6 6 9 12 762 2538 771 2597 9
863 13 -1
762 1 1 6 5 763 2539 772 2598 9
872 25 -1
763 4 4 5 12 764 2540 773 2599 9
876 23 -1
764 3 3 8 7 765 2541 774 2600 9
882 47 -1
765 1 1 4 7 766 2542 775 2601 9
886 13 -1
766 4 4 12 5 767 2543 776 2602 9
915 38 -1
767 8 8 9 16 768 2544 777 2603 9
938 24 -1
768 3 3 11 4 769 2545 778 2604 9
958 10 -1
769 5 5 14 5 770 2546 779 2605 9
970 46 -1
770 9 9 10 17 771 2547 780 2606 9
987 33 -1
771 8 8 15 10 772 2548 781 2607 9
24 29 -1
772 8 8 11 13 773 2549 781 2607 8
39 44 -1
773 2 2 7 5 774 2550 782 2608 8
42 20 -1
774 4 4 12 4 775 2551 783 2609 8
63 44 -1
775 6 6 7 13 776 2552 784 2610 8
64 7 -1
776 8 8 14 10 777 2553 785 2611 8
97 12 -1
777 7 7 12 10 778 2554 786 2612 8
99 33 -1
778 5 5 13 5 779 2555 787 2613 8
105 13 -1
779 5 5 9 9 780 2556 788 2614 8
122 17 -1
780 0 0 4 4 781 2557 789 2615 8
127 6 -1
781 3 3 6 8 782 2558 790 2616 8
145 38 -1
782 2 2 3 9 783 2559 791 2617 8
154 7 -1
783 6 6 7 13 784 2560 792 2618 8
155 25 -1
784 4 4 6 10 785 2561 793 2619 8
185 40 -1
785 3 3 7 7 786 2562 794 2620 8
210 25 -1
786 5 5 6 12 787 2563 795 2621 8
223 17 -1
787 5 5 11 7 788 2564 796 2622 8
235 39 -1
788 8 8 15 9 789 2565 797 2623 8
244 41 -1
789 6 6 7 13 790 2566 798 2624 8
247 15 -1
790 4 4 6 10 791 2567 799 2625 8
259 4 -1
791 8 8 9 15 792 2568 800 2626 8
271 7 -1
792 2 2 6 6 793 2569 801 2627 8
281 13 -1
793 5 5 6 12 794 2570 802 2628 8
295 25 -1
794 0 0 7 1 795 2571 803 2629 8
326 40 -1
795 0 0 2 6 796 2572 804 2630 8
327 4 -1
796 3 3 4 10 797 2573 805 2631 8
335 4 -1
797 4 4 6 10 798 2574 806 2632 8
347 10 -1
798 1 1 5 5 799 2575 807 2633 8
349 38 -1
799 4 4 12 4 800 2576 808 2634 8
350 31 -1
800 6 6 11 9 801 2577 809 2635 8
357 8 -1
801 4 4 6 10 802 2578 810 2636 8
367 33 -1
802 5 5 11 7 803 2579 811 2637 8
383 46 -1
803 7 7 8 14 804 2580 812 2638 8
389 31 -1
804 4 4 6 10 805 2581 813 2639 8
406 20 -1
805 2 2 6 6 806 2582 814 2640 8
409 31 -1
806 3 3 9 5 807 2583 815 2641 8
433 22 -1
807 8 8 9 15 808 2584 816 2642 8
437 33 -1
808 1 1 5 5 809 2585 817 2643 8
459 7 -1
809 8 8 14 10 810 2586 818 2644 8
466 38 -1
810 6 6 14 6 811 2587 819 2645 8
488 7 -1
811 4 4 5 11 812 2588 820 2646 8
500 1 -1
812 7 7 8 14 813 2589 821 2647 8
517 39 -1
813 0 0 8 0 814 2590 822 2648 8
555 7 -1
814 5 5 13 5 815 2591 823 2649 8
579 44 -1
815 1 1 5 5 816 2592 824 2650 8
664 38 -1
816 0 0 0 8 817 2593 825 2651 8
668 7 -1
817 8 8 10 14 818 2594 826 2652 8
670 15 -1
818 6 6 8 12 819 2595 827 2653 8
677 15 -1
819 4 4 5 11 820 2596 828 2654 8
678 36 -1
820 4 4 7 9 821 2597 829 2655 8
680 6 -1
821 7 7 11 11 822 2598 830 2656 8
683 7 -1
822 0 0 4 4 823 2599 831 2657 8
698 4 -1
823 0 0 7 1 824 2600 832 2658 8
704 11 -1
824 8 8 9 15 825 2601 833 2659 8
797 12 -1
825 6 6 13 7 826 2602 834 2660 8
799 47 -1
826 8 8 11 13 827 2603 835 2661 8
801 29 -1
827 4 4 10 6 828 2604 836 2662 8
814 7 -1
828 3 3 11 3 829 2605 837 2663 8
819 6 -1
829 5 5 11 7 830 2606 838 2664 8
862 3 -1
830 7 7 13 9 831 2607 839 2665 8
865 7 -1
831 1 1 8 2 832 2608 840 2666 8
866 15 -1
832 0 0 7 1 833 2609 841 2667 8
871 17 -1
833 5 5 7 11 834 2610 842 2668 8
875 18 -1
834 7 7 8 14 835 2611 843 2669 8
889 20 -1
835 2 2 7 5 836 2612 844 2670 8
894 18 -1
836 5 5 9 9 837 2613 845 2671 8
903 39 -1
837 2 2 6 6 838 2614 846 2672 8
908 11 -1
838 6 6 7 13 839 2615 847 2673 8
922 11 -1
839 6 6 7 13 840 2616 848 2674 8
930 4 -1
840 7 7 11 11 841 2617 849 2675 8
963 6 -1
841 1 1 1 9 842 2618 850 2676 8
966 4 -1
842 7 7 14 8 843 2619 851 2677 8
981 4 -1
843 1 1 4 6 844 2620 852 2678 8
14 34 -1
844 4 4 10 5 845 2621 852 2678 7
22 4 -1
845 5 5 10 7 846 2622 853 2679 7
32 7 -1
846 5 5 11 6 847 2623 854 2680 7
60 25 -1
847 3 3 7 6 848 2624 855 2681 7
69 46 -1
848 2 2 3 8 849 2625 856 2682 7
71 47 -1
849 5 5 9 8 850 2626 857 2683 7
74 44 -1
850 2 2 5 6 851 2627 858 2684 7
88 3 -1
851 4 4 9 6 852 2628 859 2685 7
104 31 -1
852 0 0 5 2 853 2629 860 2686 7
124 15 -1
853 3 3 7 6 854 2630 861 2687 7
129 33 -1
854 6 6 10 9 855 2631 862 2688 7
139 3 -1
855 0 0 3 4 856 2632 863 2689 7
158 1 -1
856 6 6 10 9 857 2633 864 2690 7
164 29 -1
857 7 7 8 13 858 2634 865 2691 7
201 11 -1
858 3 3 4 9 859 2635 866 2692 7
224 25 -1
859 2 2 2 9 860 2636 867 2693 7
238 33 -1
860 2 2 6 5 861 2637 868 2694 7
275 20 -1
861 5 5 5 12 862 2638 869 2695 7
291 31 -1
862 7 7 7 14 863 2639 870 2696 7
297 25 -1
863 0 0 4 3 864 2640 871 2697 7
299 34 -1
864 7 7 13 8 865 2641 872 2698 7
307 34 -1
865 5 5 6 11 866 2642 873 2699 7
312 4 -1
866 6 6 10 9 867 2643 874 2700 7
330 44 -1
867 2 2 5 6 868 2644 875 2701 7
352 38 -1
868 3 3 8 5 869 2645 876 2702 7
361 11 -1
869 5 5 8 9 870 2646 877 2703 7
382 3 -1
870 6 6 9 10 871 2647 878 2704 7
395 1 -1
871 3 3 5 8 872 2648 879 2705 7
396 47 -1
872 4 4 5 10 873 2649 880 2706 7
397 4 -1
873 7 7 9 12 874 2650 881 2707 7
401 7 -1
874 5 5 9 8 875 2651 882 2708 7
402 7 -1
875 0 0 7 0 876 2652 883 2709 7
405 7 -1
876 5 5 9 8 877 2653 884 2710 7
412 4 -1
877 1 1 1 8 878 2654 885 2711 7
416 1 -1
878 3 3 5 8 879 2655 886 2712 7
419 10 -1
879 3 3 5 8 880 2656 887 2713 7
423 3 -1
880 6 6 8 11 881 2657 888 2714 7
429 39 -1
881 3 3 4 9 882 2658 889 2715 7
434 13 -1
882 3 3 3 10 883 2659 890 2716 7
463 36 -1
883 2 2 2 9 884 2660 891 2717 7
480 22 -1
884 0 0 3 4 885 2661 892 2718 7
491 46 -1
885 0 0 2 5 886 2662 893 2719 7
496 20 -1
886 5 5 7 10 887 2663 894 2720 7
504 4 -1
887 3 3 4 9 888 2664 895 2721 7
509 34 -1
888 0 0 3 4 889 2665 896 2722 7
524 36 -1
889 3 3 6 7 890 2666 897 2723 7
536 15 -1
890 1 1 5 4 891 2667 898 2724 7
543 46 -1
891 1 1 1 8 892 2668 899 2725 7
544 23 -1
892 6 6 11 8 893 2669 900 2726 7
551 38 -1
893 0 0 2 5 894 2670 901 2727 7
564 31 -1
894 3 3 5 8 895 2671 902 2728 7
591 11 -1
895 2 2 2 9 896 2672 903 2729 7
593 29 -1
896 1 1 3 6 897 2673 904 2730 7
603 15 -1
897 1 1 4 5 898 2674 905 2731 7
614 38 -1
898 0 0 6 1 899 2675 906 2732 7
616 25 -1
899 0 0 0 7 900 2676 907 2733 7
633 23 -1
900 3 3 7 6 901 2677 908 2734 7
647 25 -1
901 2 2 8 3 902 2678 909 2735 7
674 33 -1
902 6 6 9 10 903 2679 910 2736 7
686 17 -1
903 7 7 9 12 904 2680 911 2737 7
690 25 -1
904 4 4 5 10 905 2681 912 2738 7
693 18 -1
905 6 6 10 9 906 2682 913 2739 7
699 25 -1
906 6 6 7 12 907 2683 914 2740 7
708 6 -1
907 3 3 6 7 908 2684 915 2741 7
713 34 -1
908 1 1 6 3 909 2685 916 2742 7
717 31 -1
909 5 5 8 9 910 2686 917 2743 7
720 31 -1
910 4 4 11 4 911 2687 918 2744 7
725 44 -1
911 5 5 11 6 912 2688 919 2745 7
726 7 -1
912 0 0 7 0 913 2689 920 2746 7
736 1 -1
913 7 7 11 10 914 2690 921 2747 7
746 38 -1
914 5 5 7 10 915 2691 922 2748 7
766 31 -1
915 6 6 7 12 916 2692 923 2749 7
768 40 -1
916 2 2 2 9 917 2693 924 2750 7
783 46 -1
917 2 2 9 2 918 2694 925 2751 7
798 3 -1
918 2 2 6 5 919 2695 926 2752 7
803 6 -1
919 6 6 8 11 920 2696 927 2753 7
813 1 -1
920 4 4 4 11 921 2697 928 2754 7
818 13 -1
921 7 7 10 11 922 2698 929 2755 7
823 18 -1
922 7 7 14 7 923 2699 930 2756 7
828 4 -1
923 1 1 4 5 924 2700 931 2757 7
831 34 -1
924 6 6 12 7 925 2701 932 2758 7
841 25 -1
925 4 4 6 9 926 2702 933 2759 7
893 3 -1
926 0 0 0 7 927 2703 934 2760 7
898 44 -1
927 3 3 9 4 928 2704 935 2761 7
899 33 -1
928 7 7 10 11 929 2705 936 2762 7
909 1 -1
929 1 1 1 8 930 2706 937 2763 7
917 25 -1
930 4 4 8 7 931 2707 938 2764 7
932 44 -1
931 1 1 3 6 932 2708 939 2765 7
937 7 -1
932 1 1 2 7 933 2709 940 2766 7
960 39 -1
933 2 2 7 4 934 2710 941 2767 7
961 10 -1
934 1 1 6 3 935 2711 942 2768 7
962 31 -1
935 5 5 9 8 936 2712 943 2769 7
972 31 -1
936 7 7 8 13 937 2713 944 2770 7
974 15 -1
937 0 0 6 1 938 2714 945 2771 7
979 22 -1
938 4 4 9 6 939 2715 946 2772 7
983 13 -1
939 7 7 8 13 940 2716 947 2773 7
6 34 -1
940 3 3 7 5 941 2717 947 2773 6
26 7 -1
941 6 6 12 6 942 2718 948 2774 6
66 33 -1
942 6 6 7 11 943 2719 949 2775 6
92 39 -1
943 2 2 2 8 944 2720 950 2776 6
123 4 -1
944 3 3 9 3 945 2721 951 2777 6
133 44 -1
945 0 0 2 4 946 2722 952 2778 6
137 33 -1
946 5 5 8 8 947 2723 953 2779 6
157 34 -1
947 0 0 5 1 948 2724 954 2780 6
161 20 -1
948 1 1 5 3 949 2725 955 2781 6
162 35 -1
949 4 4 8 6 950 2726 956 2782 6
171 15 -1
950 2 2 4 6 951 2727 957 2783 6
177 40 -1
951 2 2 8 2 952 2728 958 2784 6
206 6 -1
952 0 0 5 1 953 2729 959 2785 6
226 8 -1
953 0 0 5 1 954 2730 960 2786 6
233 17 -1
954 3 3 6 6 955 2731 961 2787 6
237 15 -1
955 1 1 4 4 956 2732 962 2788 6
246 35 -1
956 0 0 0 6 957 2733 963 2789 6
263 23 -1
957 3 3 8 4 958 2734 964 2790 6
283 20 -1
958 3 3 3 9 959 2735 965 2791 6
293 7 -1
959 5 5 8 8 960 2736 966 2792 6
298 13 -1
960 2 2 2 8 961 2737 967 2793 6
320 6 -1
961 1 1 6 2 962 2738 968 2794 6
340 10 -1
962 2 2 3 7 963 2739 969 2795 6
346 29 -1
963 6 6 12 6 964 2740 970 2796 6
356 24 -1
964 4 4 5 9 965 2741 971 2797 6
364 4 -1
965 5 5 10 6 966 2742 972 2798 6
386 33 -1
966 1 1 6 2 967 2743 973 2799 6
387 4 -1
967 1 1 6 2 968 2744 974 2800 6
394 38 -1
968 1 1 1 7 969 2745 975 2801 6
398 7 -1
969 3 3 7 5 970 2746 976 2802 6
399 1 -1
970 0 0 1 5 971 2747 977 2803 6
464 13 -1
971 5 5 6 10 972 2748 978 2804 6
484 15 -1
972 2 2 2 8 973 2749 979 2805 6
501 35 -1
973 1 1 6 2 974 2750 980 2806 6
529 4 -1
974 3 3 5 7 975 2751 981 2807 6
586 8 -1
975 6 6 8 10 976 2752 982 2808 6
621 7 -1
976 5 5 7 9 977 2753 983 2809 6
627 20 -1
977 0 0 6 0 978 2754 984 2810 6
646 33 -1
978 3 3 5 7 979 2755 985 2811 6
688 13 -1
979 3 3 4 8 980 2756 986 2812 6
742 4 -1
980 3 3 3 9 981 2757 987 2813 6
743 4 -1
981 3 3 5 7 982 2758 988 2814 6
747 4 -1
982 3 3 4 8 983 2759 989 2815 6
808 25 -1
983 0 0 4 2 984 2760 990 2816 6
822 1 -1
984 5 5 9 7 985 2761 991 2817 6
832 3 -1
985 6 6 12 6 986 2762 992 2818 6
839 31 -1
986 5 5 8 8 987 2763 993 2819 6
847 38 -1
987 3 3 7 5 988 2764 994 2820 6
858 38 -1
988 4 4 4 10 989 2765 995 2821 6
860 3 -1
989 5 5 6 10 990 2766 996 2822 6
877 18 -1
990 0 0 6 0 991 2767 997 2823 6
883 4 -1
991 6 6 7 11 992 2768 998 2824 6
887 4 -1
992 0 0 4 2 993 2769 999 2825 6
888 3 -1
993 1 1 2 6 994 2770 1000 2826 6
896 33 -1
994 5 5 11 5 995 2771 1001 2827 6
907 35 -1
995 2 2 5 5 996 2772 1002 2828 6
918 29 -1
996 5 5 9 7 997 2773 1003 2829 6
941 1 -1
997 2 2 6 4 998 2774 1004 2830 6
952 25 -1
998 5 5 7 9 999 2775 1005 2831 6
953 41 -1
999 0 0 1 5 1000 2776 1006 2832 6
989 4 -1
1000 5 5 10 6 1001 2777 1007 2833 6
