-------------------------------------------------------------------------
TPs satisfied = 143; Total TPs = 182; Percentage Satisfied + 78.60000000000001%
-------------------------------------------------------------------------

-------------------------------------------------------------------------

EVs

-------------------------------------------------------------------------
--------------------------------------
EV1
--------------------------------------
Num TPs served = 45
TPs served = 700 809 1009 1190 1281 1288 1753 1993 2125 2634 3141 3152 3164 3256 3863 3872 4051 4338 4924 5188 6251 6558 8125 9147 12103 14448 19206 22663 28826 31452 31500 33058 33269 35382 36267 37063 41160 41341 42163 42355 44852 45107 46473 46868 48181
Total energy used = 100
--------------------------------------
Schedule:
0 701 915 248 915 248 0 0 100 100 0 701 0
701 701 915 248 915 248 0 1 100 100 35382 32 0
701 704 915 248 915 248 1 1 100 100 0 3 0
704 704 915 248 915 248 1 0 100 100 -35382 32 0
704 1252 915 248 915 248 0 0 100 100 0 548 0
1252 1252 915 248 915 248 0 1 100 100 700 32 0
1252 1253 915 248 916 248 1 0 100 99 -700 32 1
1253 1445 916 248 916 248 0 0 99 99 0 192 0
1445 1446 916 248 915 248 0 1 99 98 809 32 1
1446 1448 915 248 915 248 1 1 98 98 0 2 0
1448 1448 915 248 915 248 1 0 98 98 -809 32 0
1448 1778 915 248 915 248 0 0 98 98 0 330 0
1778 1778 915 248 915 248 0 1 98 98 1009 32 0
1778 1779 915 248 915 248 1 1 98 98 0 1 0
1779 1780 915 248 916 248 1 0 98 97 -1009 32 1
1780 2076 916 248 916 248 0 0 97 97 0 296 0
2076 2077 916 248 915 248 0 1 97 96 1190 32 1
2077 2079 915 248 917 248 1 0 96 94 -1190 32 2
2079 2256 917 248 917 248 0 0 94 94 0 177 0
2256 2258 917 248 915 248 0 1 94 92 1288 32 2
2258 2258 915 248 915 248 1 2 92 92 1281 19 0
2258 2261 915 248 915 248 2 2 92 92 0 3 0
2261 2263 915 248 917 248 2 1 92 90 -1288 32 2
2263 2267 917 248 915 250 1 0 90 86 -1281 12 4
2267 3060 915 250 915 250 0 0 86 86 0 793 0
3060 3062 915 250 915 248 0 1 86 84 1753 32 2
3062 3063 915 248 915 249 1 0 84 83 -1753 32 1
3063 3269 915 249 915 249 0 0 83 83 0 206 0
3269 3270 915 249 915 248 0 1 83 82 36267 32 1
3270 3273 915 248 915 248 1 1 82 82 0 3 0
3273 3273 915 248 915 248 1 0 82 82 -36267 32 0
3273 3507 915 248 915 248 0 0 82 82 0 234 0
3507 3507 915 248 915 248 0 1 82 82 1993 32 0
3507 3508 915 248 915 248 1 1 82 82 0 1 0
3508 3509 915 248 916 248 1 0 82 81 -1993 32 1
3509 3741 916 248 916 248 0 0 81 81 0 232 0
3741 3742 916 248 915 248 0 1 81 80 2125 32 1
3742 3743 915 248 915 249 1 0 80 79 -2125 32 1
3743 4685 915 249 915 249 0 0 79 79 0 942 0
4685 4686 915 249 915 248 0 1 79 78 2634 32 1
4686 4687 915 248 915 248 1 1 78 78 0 1 0
4687 4690 915 248 918 248 1 0 78 75 -2634 32 3
4690 5606 918 248 918 248 0 0 75 75 0 916 0
5606 5609 918 248 915 248 0 1 75 72 37063 32 3
5609 5619 915 248 915 248 1 1 72 72 0 10 0
5619 5619 915 248 915 248 1 2 72 72 19206 32 0
5619 5619 915 248 915 248 2 3 72 72 3152 32 0
5619 5619 915 248 915 248 3 4 72 72 3141 11 0
5619 5620 915 248 915 249 4 3 72 71 -3152 32 1
5620 5625 915 249 919 248 3 2 71 66 -37063 20 5
5625 5627 919 248 921 248 2 1 66 64 -3141 9 2
5627 5637 921 248 921 248 1 1 64 64 0 10 0
5637 5643 921 248 915 248 1 2 64 58 3164 32 6
5643 5647 915 248 917 250 2 1 58 54 -19206 8 4
5647 5655 917 250 924 251 1 0 54 46 -3164 32 8
5655 5785 924 251 924 251 0 0 46 46 0 130 0
5785 5797 924 251 915 248 0 1 46 34 3256 32 12
5797 5799 915 248 915 248 1 1 34 34 0 2 0
5799 5799 915 248 915 248 1 0 34 34 -3256 32 0
5799 6941 915 248 915 248 0 0 34 34 0 1142 0
6941 6941 915 248 915 248 0 1 34 34 3872 32 0
6941 6941 915 248 915 248 1 2 34 34 3863 17 0
6941 6945 915 248 918 249 2 1 34 30 -3872 32 4
6945 6946 918 249 918 248 1 0 30 29 -3863 15 1
6946 7287 918 248 918 248 0 0 29 29 0 341 0
7287 7290 918 248 915 248 0 1 29 26 4051 32 3
7290 7292 915 248 915 248 1 1 26 26 0 2 0
7292 7297 915 248 920 248 1 0 26 21 -4051 32 5
7297 7796 920 248 920 248 0 0 21 21 0 499 0
7796 7801 920 248 915 248 0 1 21 16 4338 32 5
7801 7802 915 248 915 248 1 1 16 16 0 1 0
7802 7802 915 248 915 248 1 0 16 16 -4338 32 0
7802 8944 915 248 915 248 0 0 16 16 0 1142 0
8944 8944 915 248 915 248 0 1 16 16 4924 32 0
8944 8947 915 248 915 251 1 0 16 13 -4924 32 3
8947 9417 915 251 915 251 0 0 13 13 0 470 0
9417 9420 915 251 915 248 0 1 13 10 5188 32 3
9420 9421 915 248 916 248 1 0 10 9 -5188 32 1
9421 11467 916 248 916 248 0 0 9 9 0 2046 0
11467 11468 916 248 915 248 0 1 9 8 6251 32 1
11468 11469 915 248 915 248 1 1 8 8 0 1 0
11469 11471 915 248 917 248 1 0 8 6 -6251 32 2
11471 12061 917 248 917 248 0 0 6 6 0 590 0
12061 12063 917 248 915 248 0 1 6 4 6558 32 2
12063 12064 915 248 915 248 1 1 4 4 0 1 0
12064 12065 915 248 916 248 1 0 4 3 -6558 32 1
12065 15148 916 248 916 248 0 0 3 3 0 3083 0
15148 15149 916 248 915 248 0 1 3 2 22663 32 1
15149 15153 915 248 915 248 1 1 2 2 0 4 0
15153 15153 915 248 915 248 1 0 2 2 -22663 32 0
15153 15506 915 248 915 248 0 0 2 2 0 353 0
15506 15506 915 248 915 248 0 1 2 2 8125 32 0
15506 15507 915 248 915 248 1 1 2 2 0 1 0
15507 15507 915 248 915 248 1 0 2 2 -8125 32 0
15507 16220 915 248 915 248 0 0 2 2 0 713 0
16220 16220 915 248 915 248 0 1 2 2 41160 32 0
16220 16221 915 248 915 248 1 1 2 2 0 1 0
16221 16221 915 248 915 248 1 0 2 2 -41160 32 0
16221 16654 915 248 915 248 0 0 2 2 0 433 0
16654 16654 915 248 915 248 0 1 2 2 41341 32 0
16654 16655 915 248 915 248 1 1 2 2 0 1 0
16655 16655 915 248 915 248 1 0 2 2 -41341 32 0
16655 18015 915 248 915 248 0 0 2 2 0 1360 0
18015 18015 915 248 915 248 0 1 2 2 9147 32 0
18015 18016 915 248 915 248 1 1 2 2 0 1 0
18016 18017 915 248 915 249 1 0 2 1 -9147 32 1
18017 18470 915 249 915 249 0 0 1 1 0 453 0
18470 18471 915 249 915 248 0 1 1 0 42163 32 1
18471 18473 915 248 915 248 1 1 0 0 0 2 0
18473 18473 915 248 915 248 1 0 0 0 -42163 32 0
18473 18820 915 248 915 248 0 0 0 0 0 347 0
18820 18820 915 248 915 248 0 1 0 0 42355 32 0
18820 18821 915 248 915 248 1 1 0 0 0 1 0
18821 18821 915 248 915 248 1 0 0 0 -42355 32 0
18821 23769 915 248 915 248 0 0 0 0 0 4948 0
23769 23769 915 248 915 248 0 1 0 0 44852 32 0
23769 23771 915 248 915 248 1 1 0 0 0 2 0
23771 23771 915 248 915 248 1 0 0 0 -44852 32 0
23771 24222 915 248 915 248 0 0 0 0 0 451 0
24222 24222 915 248 915 248 0 1 0 0 45107 32 0
24222 24223 915 248 915 248 1 1 0 0 0 1 0
24223 24223 915 248 915 248 1 0 0 0 -45107 32 0
24223 26638 915 248 915 248 0 0 0 0 0 2415 0
26638 26638 915 248 915 248 0 1 0 0 46473 32 0
26638 26639 915 248 915 248 1 1 0 0 0 1 0
26639 26639 915 248 915 248 1 0 0 0 -46473 32 0
26639 27107 915 248 915 248 0 0 0 0 0 468 0
27107 27107 915 248 915 248 0 1 0 0 12103 32 0
27107 27111 915 248 915 248 1 1 0 0 0 4 0
27111 27111 915 248 915 248 1 0 0 0 -12103 32 0
27111 27328 915 248 915 248 0 0 0 0 0 217 0
27328 27328 915 248 915 248 0 1 0 0 46868 32 0
27328 27331 915 248 915 248 1 1 0 0 0 3 0
27331 27331 915 248 915 248 1 0 0 0 -46868 32 0
27331 28117 915 248 915 248 0 0 0 0 0 786 0
28117 28117 915 248 915 248 0 1 0 0 28826 32 0
28117 28119 915 248 915 248 1 1 0 0 0 2 0
28119 28119 915 248 915 248 1 0 0 0 -28826 32 0
28119 29563 915 248 915 248 0 0 0 0 0 1444 0
29563 29563 915 248 915 248 0 1 0 0 48181 32 0
29563 29565 915 248 915 248 1 1 0 0 0 2 0
29565 29565 915 248 915 248 1 0 0 0 -48181 32 0
29565 33496 915 248 915 248 0 0 0 0 0 3931 0
33496 33496 915 248 915 248 0 1 0 0 31452 32 0
33496 33497 915 248 915 248 1 1 0 0 0 1 0
33497 33497 915 248 915 248 1 0 0 0 -31452 32 0
33497 33605 915 248 915 248 0 0 0 0 0 108 0
33605 33605 915 248 915 248 0 1 0 0 31500 32 0
33605 33610 915 248 915 248 1 1 0 0 0 5 0
33610 33610 915 248 915 248 1 0 0 0 -31500 32 0
33610 35680 915 248 915 248 0 0 0 0 0 2070 0
35680 35680 915 248 915 248 0 1 0 0 14448 32 0
35680 35682 915 248 915 248 1 1 0 0 0 2 0
35682 35682 915 248 915 248 1 0 0 0 -14448 32 0
35682 37337 915 248 915 248 0 0 0 0 0 1655 0
37337 37337 915 248 915 248 0 1 0 0 33058 32 0
37337 37338 915 248 915 248 1 1 0 0 0 1 0
37338 37338 915 248 915 248 1 0 0 0 -33058 32 0
37338 37839 915 248 915 248 0 0 0 0 0 501 0
37839 37839 915 248 915 248 0 1 0 0 33269 32 0
37839 37841 915 248 915 248 1 1 0 0 0 2 0
37841 37841 915 248 915 248 1 0 0 0 -33269 32 0
37841 43267 915 248 915 248 0 0 0 0 0 5426 0
43267 43267 915 248 915 248 0 0 0 0 1000000000 0 0
--------------------------------------
--------------------------------------
EV2
--------------------------------------
Num TPs served = 18
TPs served = 4289 6510 7101 7752 8120 8868 9310 9665 10221 10230 10278 10349 10464 10714 10883 11312 11596 11916
Total energy used = 100
--------------------------------------
Schedule:
0 7701 915 248 915 248 0 0 100 100 0 7701 0
7701 7701 915 248 915 248 0 1 100 100 4289 32 0
7701 7712 915 248 918 256 1 0 100 89 -4289 32 11
7712 11954 918 256 918 256 0 0 89 89 0 4242 0
11954 11965 918 256 915 248 0 1 89 78 6510 32 11
11965 11971 915 248 921 248 1 0 78 72 -6510 32 6
11971 13233 921 248 921 248 0 0 72 72 0 1262 0
13233 13239 921 248 915 248 0 1 72 66 7101 32 6
13239 13241 915 248 915 250 1 0 66 64 -7101 32 2
13241 14661 915 250 915 250 0 0 64 64 0 1420 0
14661 14663 915 250 915 248 0 1 64 62 7752 32 2
14663 14664 915 248 915 248 1 1 62 62 0 1 0
14664 14666 915 248 916 249 1 0 62 60 -7752 32 2
14666 15497 916 249 916 249 0 0 60 60 0 831 0
15497 15499 916 249 915 248 0 1 60 58 8120 32 2
15499 15501 915 248 915 250 1 0 58 56 -8120 32 2
15501 17299 915 250 915 250 0 0 56 56 0 1798 0
17299 17301 915 250 915 248 0 1 56 54 8868 32 2
17301 17305 915 248 919 248 1 0 54 50 -8868 32 4
17305 18515 919 248 919 248 0 0 50 50 0 1210 0
18515 18519 919 248 915 248 0 1 50 46 9310 32 4
18519 18520 915 248 915 248 1 1 46 46 0 1 0
18520 18521 915 248 915 249 1 0 46 45 -9310 32 1
18521 19451 915 249 915 249 0 0 45 45 0 930 0
19451 19452 915 249 915 248 0 1 45 44 9665 32 1
19452 19455 915 248 915 251 1 0 44 41 -9665 32 3
19455 21026 915 251 915 251 0 0 41 41 0 1571 0
21026 21029 915 251 915 248 0 1 41 38 10221 32 3
21029 21061 915 248 915 248 1 1 38 38 0 32 0
21061 21061 915 248 915 248 1 2 38 38 10230 32 0
21061 21062 915 248 915 249 2 1 38 37 -10221 0 1
21062 21064 915 249 915 249 1 1 37 37 0 2 0
21064 21069 915 249 919 248 1 0 37 32 -10230 32 5
21069 21199 919 248 919 248 0 0 32 32 0 130 0
21199 21203 919 248 915 248 0 1 32 28 10278 32 4
21203 21209 915 248 915 248 1 1 28 28 0 6 0
21209 21212 915 248 916 250 1 0 28 25 -10278 32 3
21212 21415 916 250 916 250 0 0 25 25 0 203 0
21415 21418 916 250 915 248 0 1 25 22 10349 32 3
21418 21420 915 248 917 248 1 0 22 20 -10349 32 2
21420 21745 917 248 917 248 0 0 20 20 0 325 0
21745 21747 917 248 915 248 0 1 20 18 10464 32 2
21747 21748 915 248 916 248 1 0 18 17 -10464 32 1
21748 22453 916 248 916 248 0 0 17 17 0 705 0
22453 22454 916 248 915 248 0 1 17 16 10714 32 1
22454 22456 915 248 915 250 1 0 16 14 -10714 32 2
22456 23010 915 250 915 250 0 0 14 14 0 554 0
23010 23012 915 250 915 248 0 1 14 12 10883 32 2
23012 23013 915 248 915 248 1 1 12 12 0 1 0
23013 23014 915 248 916 248 1 0 12 11 -10883 32 1
23014 24290 916 248 916 248 0 0 11 11 0 1276 0
24290 24291 916 248 915 248 0 1 11 10 11312 32 1
24291 24294 915 248 918 248 1 0 10 7 -11312 32 3
24294 25334 918 248 918 248 0 0 7 7 0 1040 0
25334 25337 918 248 915 248 0 1 7 4 11596 32 3
25337 25338 915 248 915 248 1 1 4 4 0 1 0
25338 25339 915 248 916 248 1 0 4 3 -11596 32 1
25339 26398 916 248 916 248 0 0 3 3 0 1059 0
26398 26399 916 248 915 248 0 1 3 2 11916 32 1
26399 26400 915 248 916 248 1 0 2 1 -11916 32 1
26400 43266 916 248 916 248 0 0 1 1 0 16866 0
43266 43267 916 248 915 248 0 0 1 0 1000000000 0 1
--------------------------------------
--------------------------------------
EV3
--------------------------------------
Num TPs served = 16
TPs served = 11762 11956 11973 12291 12785 13131 13137 13404 13431 13945 14294 15066 15250 15304 33347 46432
Total energy used = 100
--------------------------------------
Schedule:
0 25884 915 248 915 248 0 0 100 100 0 25884 0
25884 25884 915 248 915 248 0 1 100 100 11762 32 0
25884 25887 915 248 918 248 1 0 100 97 -11762 32 3
25887 26550 918 248 918 248 0 0 97 97 0 663 0
26550 26553 918 248 915 248 0 1 97 94 46432 32 3
26553 26563 915 248 915 248 1 1 94 94 0 10 0
26563 26563 915 248 915 248 1 2 94 94 11956 32 0
26563 26564 915 248 916 248 2 1 94 93 -46432 23 1
26564 26565 916 248 916 249 1 0 93 92 -11956 32 1
26565 26631 916 249 916 249 0 0 92 92 0 66 0
26631 26633 916 249 915 248 0 1 92 90 11973 32 2
26633 26634 915 248 916 248 1 0 90 89 -11973 32 1
26634 27735 916 248 916 248 0 0 89 89 0 1101 0
27735 27736 916 248 915 248 0 1 89 88 12291 32 1
27736 27755 915 248 934 248 1 0 88 69 -12291 32 19
27755 29467 934 248 934 248 0 0 69 69 0 1712 0
29467 29486 934 248 915 248 0 1 69 50 12785 32 19
29486 29488 915 248 915 250 1 0 50 48 -12785 32 2
29488 30778 915 250 915 250 0 0 48 48 0 1290 0
30778 30780 915 250 915 248 0 1 48 46 13137 32 2
30780 30780 915 248 915 248 1 2 46 46 13131 13 0
30780 30782 915 248 916 249 2 1 46 44 -13137 32 2
30782 30787 916 249 920 248 1 0 44 39 -13131 11 5
30787 31727 920 248 920 248 0 0 39 39 0 940 0
31727 31732 920 248 915 248 0 1 39 34 13404 32 5
31732 31734 915 248 916 249 1 0 34 32 -13404 32 2
31734 31845 916 249 916 249 0 0 32 32 0 111 0
31845 31847 916 249 915 248 0 1 32 30 13431 32 2
31847 31854 915 248 915 248 1 1 30 30 0 7 0
31854 31860 915 248 919 250 1 0 30 24 -13431 32 6
31860 33741 919 250 919 250 0 0 24 24 0 1881 0
33741 33747 919 250 915 248 0 1 24 18 13945 32 6
33747 33750 915 248 916 250 1 0 18 15 -13945 32 3
33750 35079 916 250 916 250 0 0 15 15 0 1329 0
35079 35082 916 250 915 248 0 1 15 12 14294 32 3
35082 35084 915 248 915 248 1 1 12 12 0 2 0
35084 35086 915 248 915 250 1 0 12 10 -14294 32 2
35086 38040 915 250 915 250 0 0 10 10 0 2954 0
38040 38042 915 250 915 248 0 1 10 8 33347 32 2
38042 38042 915 248 915 248 1 2 8 8 15066 22 0
38042 38043 915 248 915 248 2 2 8 8 0 1 0
38043 38044 915 248 916 248 2 1 8 7 -33347 32 1
38044 38045 916 248 916 249 1 0 7 6 -15066 22 1
38045 38774 916 249 916 249 0 0 6 6 0 729 0
38774 38776 916 249 915 248 0 1 6 4 15250 32 2
38776 38783 915 248 915 248 1 1 4 4 0 7 0
38783 38784 915 248 915 249 1 0 4 3 -15250 32 1
38784 39017 915 249 915 249 0 0 3 3 0 233 0
39017 39018 915 249 915 248 0 1 3 2 15304 32 1
39018 39019 915 248 916 248 1 0 2 1 -15304 32 1
39019 43266 916 248 916 248 0 0 1 1 0 4247 0
43266 43267 916 248 915 248 0 0 1 0 1000000000 0 1
--------------------------------------
--------------------------------------
EV4
--------------------------------------
Num TPs served = 25
TPs served = 15482 15837 15975 16101 16542 17456 17756 19079 19358 19391 19724 19788 20510 20758 20765 20850 21787 21794 21852 22816 22843 22984 23402 23508 40847
Total energy used = 100
--------------------------------------
Schedule:
0 93 915 248 915 248 0 0 100 100 0 93 0
93 93 915 248 915 248 0 1 100 100 17456 32 0
93 94 915 248 915 248 1 1 100 100 0 1 0
94 95 915 248 916 248 1 0 100 99 -17456 32 1
95 1032 916 248 916 248 0 0 99 99 0 937 0
1032 1033 916 248 915 248 0 1 99 98 17756 32 1
1033 1035 915 248 917 248 1 0 98 96 -17756 32 2
1035 5228 917 248 917 248 0 0 96 96 0 4193 0
5228 5230 917 248 915 248 0 1 96 94 19079 32 2
5230 5231 915 248 915 248 1 1 94 94 0 1 0
5231 5232 915 248 916 248 1 0 94 93 -19079 32 1
5232 6067 916 248 916 248 0 0 93 93 0 835 0
6067 6068 916 248 915 248 0 1 93 92 19358 32 1
6068 6071 915 248 916 250 1 0 92 89 -19358 32 3
6071 6182 916 250 916 250 0 0 89 89 0 111 0
6182 6185 916 250 915 248 0 1 89 86 19391 32 3
6185 6187 915 248 915 248 1 1 86 86 0 2 0
6187 6188 915 248 916 248 1 0 86 85 -19391 32 1
6188 7213 916 248 916 248 0 0 85 85 0 1025 0
7213 7214 916 248 915 248 0 1 85 84 19724 32 1
7214 7216 915 248 915 250 1 0 84 82 -19724 32 2
7216 7379 915 250 915 250 0 0 82 82 0 163 0
7379 7381 915 250 915 248 0 1 82 80 19788 32 2
7381 7382 915 248 915 248 1 1 80 80 0 1 0
7382 7385 915 248 915 251 1 0 80 77 -19788 32 3
7385 9466 915 251 915 251 0 0 77 77 0 2081 0
9466 9469 915 251 915 248 0 1 77 74 20510 32 3
9469 9472 915 248 918 248 1 0 74 71 -20510 32 3
9472 10136 918 248 918 248 0 0 71 71 0 664 0
10136 10139 918 248 915 248 0 1 71 68 20765 32 3
10139 10139 915 248 915 248 1 2 68 68 20758 16 0
10139 10147 915 248 922 249 2 1 68 60 -20765 32 8
10147 10154 922 249 916 248 1 0 60 53 -20758 2 7
10154 10384 916 248 916 248 0 0 53 53 0 230 0
10384 10385 916 248 915 248 0 1 53 52 20850 32 1
10385 10389 915 248 919 248 1 0 52 48 -20850 32 4
10389 12924 919 248 919 248 0 0 48 48 0 2535 0
12924 12928 919 248 915 248 0 1 48 44 21794 32 4
12928 12928 915 248 915 248 1 2 44 44 21787 19 0
12928 12929 915 248 916 248 2 1 44 43 -21794 32 1
12929 12930 916 248 917 248 1 0 43 42 -21787 20 1
12930 13057 917 248 917 248 0 0 42 42 0 127 0
13057 13059 917 248 915 248 0 1 42 40 21852 32 2
13059 13062 915 248 915 248 1 1 40 40 0 3 0
13062 13063 915 248 915 249 1 0 40 39 -21852 32 1
13063 15539 915 249 915 249 0 0 39 39 0 2476 0
15539 15540 915 249 915 248 0 1 39 38 40847 32 1
15540 15540 915 248 915 248 1 2 38 38 22816 26 0
15540 15541 915 248 915 248 2 2 38 38 0 1 0
15541 15544 915 248 918 248 2 1 38 35 -40847 32 3
15544 15547 918 248 918 251 1 0 35 32 -22816 28 3
15547 15602 918 251 918 251 0 0 32 32 0 55 0
15602 15608 918 251 915 248 0 1 32 26 22843 32 6
15608 15610 915 248 917 248 1 0 26 24 -22843 32 2
15610 15918 917 248 917 248 0 0 24 24 0 308 0
15918 15920 917 248 915 248 0 1 24 22 22984 32 2
15920 15921 915 248 915 248 1 1 22 22 0 1 0
15921 15924 915 248 918 248 1 0 22 19 -22984 32 3
15924 16950 918 248 918 248 0 0 19 19 0 1026 0
16950 16953 918 248 915 248 0 1 19 16 23402 32 3
16953 16954 915 248 915 248 1 1 16 16 0 1 0
16954 16955 915 248 916 248 1 0 16 15 -23402 32 1
16955 17190 916 248 916 248 0 0 15 15 0 235 0
17190 17191 916 248 915 248 0 1 15 14 23508 32 1
17191 17192 915 248 916 248 1 0 14 13 -23508 32 1
17192 39655 916 248 916 248 0 0 13 13 0 22463 0
39655 39656 916 248 915 248 0 1 13 12 15482 32 1
39656 39657 915 248 916 248 1 0 12 11 -15482 32 1
39657 40459 916 248 916 248 0 0 11 11 0 802 0
40459 40460 916 248 915 248 0 1 11 10 15837 32 1
40460 40461 915 248 915 248 1 1 10 10 0 1 0
40461 40462 915 248 915 249 1 0 10 9 -15837 32 1
40462 40690 915 249 915 249 0 0 9 9 0 228 0
40690 40691 915 249 915 248 0 1 9 8 15975 32 1
40691 40692 915 248 915 248 1 1 8 8 0 1 0
40692 40693 915 248 915 249 1 0 8 7 -15975 32 1
40693 40948 915 249 915 249 0 0 7 7 0 255 0
40948 40949 915 249 915 248 0 1 7 6 16101 32 1
40949 40950 915 248 916 248 1 0 6 5 -16101 32 1
40950 41670 916 248 916 248 0 0 5 5 0 720 0
41670 41671 916 248 915 248 0 1 5 4 16542 32 1
41671 41673 915 248 916 249 1 0 4 2 -16542 32 2
41673 43265 916 249 916 249 0 0 2 2 0 1592 0
43265 43267 916 249 915 248 0 0 2 0 1000000000 0 2
--------------------------------------
--------------------------------------
EV5
--------------------------------------
Num TPs served = 13
TPs served = 23155 23788 24033 24635 24687 24991 25244 25457 25682 26250 26356 41210 42105
Total energy used = 100
--------------------------------------
Schedule:
0 16333 915 248 915 248 0 0 100 100 0 16333 0
16333 16333 915 248 915 248 0 1 100 100 41210 32 0
16333 16356 915 248 915 248 1 1 100 100 0 23 0
16356 16356 915 248 915 248 1 2 100 100 23155 32 0
16356 16362 915 248 921 248 2 1 100 94 -41210 10 6
16362 16363 921 248 921 248 1 1 94 94 0 1 0
16363 16380 921 248 937 249 1 0 94 77 -23155 32 17
16380 17795 937 249 937 249 0 0 77 77 0 1415 0
17795 17818 937 249 915 248 0 1 77 54 23788 32 23
17818 17820 915 248 917 248 1 0 54 52 -23788 32 2
17820 18336 917 248 917 248 0 0 52 52 0 516 0
18336 18338 917 248 915 248 0 1 52 50 42105 32 2
18338 18358 915 248 915 248 1 1 50 50 0 20 0
18358 18358 915 248 915 248 1 2 50 50 24033 32 0
18358 18359 915 248 916 248 2 1 50 49 -42105 13 1
18359 18360 916 248 916 248 1 1 49 49 0 1 0
18360 18360 916 248 916 248 1 0 49 49 -24033 32 0
18360 19693 916 248 916 248 0 0 49 49 0 1333 0
19693 19694 916 248 915 248 0 1 49 48 24635 32 1
19694 19695 915 248 915 248 1 1 48 48 0 1 0
19695 19696 915 248 916 248 1 0 48 47 -24635 32 1
19696 19791 916 248 916 248 0 0 47 47 0 95 0
19791 19792 916 248 915 248 0 1 47 46 24687 32 1
19792 19795 915 248 918 248 1 0 46 43 -24687 32 3
19795 20491 918 248 918 248 0 0 43 43 0 696 0
20491 20494 918 248 915 248 0 1 43 40 24991 32 3
20494 20497 915 248 918 248 1 0 40 37 -24991 32 3
20497 21024 918 248 918 248 0 0 37 37 0 527 0
21024 21027 918 248 915 248 0 1 37 34 25244 32 3
21027 21029 915 248 915 248 1 1 34 34 0 2 0
21029 21033 915 248 919 248 1 0 34 30 -25244 32 4
21033 21490 919 248 919 248 0 0 30 30 0 457 0
21490 21494 919 248 915 248 0 1 30 26 25457 32 4
21494 21495 915 248 916 248 1 0 26 25 -25457 32 1
21495 21990 916 248 916 248 0 0 25 25 0 495 0
21990 21991 916 248 915 248 0 1 25 24 25682 32 1
21991 21996 915 248 916 252 1 0 24 19 -25682 32 5
21996 23173 916 252 916 252 0 0 19 19 0 1177 0
23173 23178 916 252 915 248 0 1 19 14 26250 32 5
23178 23182 915 248 919 248 1 0 14 10 -26250 32 4
23182 23391 919 248 919 248 0 0 10 10 0 209 0
23391 23395 919 248 915 248 0 1 10 6 26356 32 4
23395 23398 915 248 918 248 1 0 6 3 -26356 32 3
23398 43264 918 248 918 248 0 0 3 3 0 19866 0
43264 43267 918 248 915 248 0 0 3 0 1000000000 0 3
--------------------------------------
--------------------------------------
EV6
--------------------------------------
Num TPs served = 26
TPs served = 26656 26716 27689 27798 27962 28159 28223 28435 29861 30169 30177 32069 32682 32937 33212 33400 34033 34905 35935 35946 36764 37179 37579 38987 39436 48890
Total energy used = 100
--------------------------------------
Schedule:
0 2323 915 248 915 248 0 0 100 100 0 2323 0
2323 2323 915 248 915 248 0 1 100 100 35946 32 0
2323 2323 915 248 915 248 1 2 100 100 35935 9 0
2323 2324 915 248 915 249 2 1 100 99 -35946 32 1
2324 2326 915 249 916 248 1 0 99 97 -35935 7 2
2326 4769 916 248 916 248 0 0 97 97 0 2443 0
4769 4770 916 248 915 248 0 1 97 96 36764 32 1
4770 4771 915 248 915 249 1 0 96 95 -36764 32 1
4771 5982 915 249 915 249 0 0 95 95 0 1211 0
5982 5983 915 249 915 248 0 1 95 94 37179 32 1
5983 5985 915 248 917 248 1 0 94 92 -37179 32 2
5985 7127 917 248 917 248 0 0 92 92 0 1142 0
7127 7129 917 248 915 248 0 1 92 90 37579 32 2
7129 7133 915 248 917 250 1 0 90 86 -37579 32 4
7133 10820 917 250 917 250 0 0 86 86 0 3687 0
10820 10824 917 250 915 248 0 1 86 82 38987 32 4
10824 10825 915 248 915 248 1 1 82 82 0 1 0
10825 10827 915 248 916 249 1 0 82 80 -38987 32 2
10827 11918 916 249 916 249 0 0 80 80 0 1091 0
11918 11920 916 249 915 248 0 1 80 78 39436 32 2
11920 11921 915 248 916 248 1 0 78 77 -39436 32 1
11921 23973 916 248 916 248 0 0 77 77 0 12052 0
23973 23974 916 248 915 248 0 1 77 76 26656 32 1
23974 23980 915 248 921 248 1 0 76 70 -26656 32 6
23980 24079 921 248 921 248 0 0 70 70 0 99 0
24079 24085 921 248 915 248 0 1 70 64 26716 32 6
24085 24086 915 248 915 248 1 1 64 64 0 1 0
24086 24087 915 248 915 249 1 0 64 63 -26716 32 1
24087 25925 915 249 915 249 0 0 63 63 0 1838 0
25925 25926 915 249 915 248 0 1 63 62 27689 32 1
25926 25928 915 248 917 248 1 0 62 60 -27689 32 2
25928 26132 917 248 917 248 0 0 60 60 0 204 0
26132 26134 917 248 915 248 0 1 60 58 27798 32 2
26134 26136 915 248 917 248 1 0 58 56 -27798 32 2
26136 26433 917 248 917 248 0 0 56 56 0 297 0
26433 26435 917 248 915 248 0 1 56 54 27962 32 2
26435 26436 915 248 916 248 1 0 54 53 -27962 32 1
26436 26829 916 248 916 248 0 0 53 53 0 393 0
26829 26830 916 248 915 248 0 1 53 52 28159 32 1
26830 26831 915 248 916 248 1 0 52 51 -28159 32 1
26831 26948 916 248 916 248 0 0 51 51 0 117 0
26948 26949 916 248 915 248 0 1 51 50 28223 32 1
26949 26950 915 248 916 248 1 0 50 49 -28223 32 1
26950 27359 916 248 916 248 0 0 49 49 0 409 0
27359 27360 916 248 915 248 0 1 49 48 28435 32 1
27360 27361 915 248 915 248 1 1 48 48 0 1 0
27361 27362 915 248 916 248 1 0 48 47 -28435 32 1
27362 30206 916 248 916 248 0 0 47 47 0 2844 0
30206 30207 916 248 915 248 0 1 47 46 29861 32 1
30207 30208 915 248 916 248 1 0 46 45 -29861 32 1
30208 30826 916 248 916 248 0 0 45 45 0 618 0
30826 30827 916 248 915 248 0 1 45 44 48890 32 1
30827 30827 915 248 915 248 1 2 44 44 30177 14 0
30827 30827 915 248 915 248 2 3 44 44 30169 3 0
30827 30828 915 248 916 248 3 2 44 43 -48890 32 1
30828 30830 916 248 917 249 2 1 43 41 -30177 14 2
30830 30831 917 249 917 248 1 0 41 40 -30169 1 1
30831 34866 917 248 917 248 0 0 40 40 0 4035 0
34866 34868 917 248 915 248 0 1 40 38 32069 32 2
34868 34869 915 248 915 248 1 1 38 38 0 1 0
34869 34870 915 248 915 249 1 0 38 37 -32069 32 1
34870 36333 915 249 915 249 0 0 37 37 0 1463 0
36333 36334 915 249 915 248 0 1 37 36 32682 32 1
36334 36336 915 248 917 248 1 0 36 34 -32682 32 2
36336 37005 917 248 917 248 0 0 34 34 0 669 0
37005 37007 917 248 915 248 0 1 34 32 32937 32 2
37007 37010 915 248 917 249 1 0 32 29 -32937 32 3
37010 37699 917 249 917 249 0 0 29 29 0 689 0
37699 37702 917 249 915 248 0 1 29 26 33212 32 3
37702 37705 915 248 915 251 1 0 26 23 -33212 32 3
37705 38158 915 251 915 251 0 0 23 23 0 453 0
38158 38161 915 251 915 248 0 1 23 20 33400 32 3
38161 38163 915 248 917 248 1 0 20 18 -33400 32 2
38163 39850 917 248 917 248 0 0 18 18 0 1687 0
39850 39852 917 248 915 248 0 1 18 16 34033 32 2
39852 39853 915 248 915 248 1 1 16 16 0 1 0
39853 39856 915 248 918 248 1 0 16 13 -34033 32 3
39856 42473 918 248 918 248 0 0 13 13 0 2617 0
42473 42476 918 248 915 248 0 1 13 10 34905 32 3
42476 42481 915 248 919 249 1 0 10 5 -34905 32 5
42481 43262 919 249 919 249 0 0 5 5 0 781 0
43262 43267 919 249 915 248 0 0 5 0 1000000000 0 5
--------------------------------------

-------------------------------------------------------------------------

TPs

-------------------------------------------------------------------------

----------------------
TP700 allocated to 1
----------------------

----------------------
TP809 allocated to 1
----------------------

----------------------
TP1009 allocated to 1
----------------------

----------------------
TP1190 allocated to 1
----------------------

----------------------
TP1281 allocated to 1
----------------------

----------------------
TP1288 allocated to 1
----------------------

----------------------
TP1753 allocated to 1
----------------------

----------------------
TP1993 allocated to 1
----------------------

----------------------
TP2125 allocated to 1
----------------------

----------------------
TP2634 allocated to 1
----------------------

----------------------
TP3141 allocated to 1
----------------------

----------------------
TP3152 allocated to 1
----------------------

----------------------
TP3164 allocated to 1
----------------------

----------------------
TP3256 allocated to 1
----------------------

----------------------
TP3863 allocated to 1
----------------------

----------------------
TP3872 allocated to 1
----------------------

----------------------
TP4051 allocated to 1
----------------------

----------------------
TP4289 allocated to 2
----------------------

----------------------
TP4338 allocated to 1
----------------------

----------------------
TP4924 allocated to 1
----------------------

----------------------
TP5188 allocated to 1
----------------------

----------------------
TP6251 allocated to 1
----------------------

----------------------
TP6510 allocated to 2
----------------------

----------------------
TP6558 allocated to 1
----------------------

----------------------
TP7101 allocated to 2
----------------------

----------------------
TP7752 allocated to 2
----------------------

----------------------
TP8120 allocated to 2
----------------------

----------------------
TP8125 allocated to 1
----------------------

----------------------
TP8868 allocated to 2
----------------------

----------------------
TP9147 allocated to 1
----------------------

----------------------
TP9310 allocated to 2
----------------------

----------------------
TP9665 allocated to 2
----------------------

----------------------
TP10221 allocated to 2
----------------------

----------------------
TP10230 allocated to 2
----------------------

----------------------
TP10278 allocated to 2
----------------------

----------------------
TP10349 allocated to 2
----------------------

----------------------
TP10464 allocated to 2
----------------------

----------------------
TP10714 allocated to 2
----------------------

----------------------
TP10883 allocated to 2
----------------------

----------------------
TP11312 allocated to 2
----------------------

----------------------
TP11596 allocated to 2
----------------------

----------------------
TP11762 allocated to 3
----------------------

----------------------
TP11916 allocated to 2
----------------------

----------------------
TP11956 allocated to 3
----------------------

----------------------
TP11973 allocated to 3
----------------------

----------------------
TP12103 allocated to 1
----------------------

----------------------
TP12291 allocated to 3
----------------------

----------------------
TP12785 allocated to 3
----------------------

----------------------
TP13131 allocated to 3
----------------------

----------------------
TP13137 allocated to 3
----------------------

----------------------
TP13404 allocated to 3
----------------------

----------------------
TP13431 allocated to 3
----------------------

----------------------
TP13945 allocated to 3
----------------------

----------------------
TP14294 allocated to 3
----------------------

----------------------
TP14448 allocated to 1
----------------------

----------------------
TP15066 allocated to 3
----------------------

----------------------
TP15250 allocated to 3
----------------------

----------------------
TP15304 allocated to 3
----------------------

----------------------
TP15482 allocated to 4
----------------------

----------------------
TP15837 allocated to 4
----------------------

----------------------
TP15975 allocated to 4
----------------------

----------------------
TP16101 allocated to 4
----------------------

----------------------
TP16542 allocated to 4
----------------------

----------------------
TP17456 allocated to 4
----------------------

----------------------
TP17756 allocated to 4
----------------------

----------------------
TP19079 allocated to 4
----------------------

----------------------
TP19206 allocated to 1
----------------------

----------------------
TP19358 allocated to 4
----------------------

----------------------
TP19391 allocated to 4
----------------------

----------------------
TP19724 allocated to 4
----------------------

----------------------
TP19788 allocated to 4
----------------------

----------------------
TP20510 allocated to 4
----------------------

----------------------
TP20758 allocated to 4
----------------------

----------------------
TP20765 allocated to 4
----------------------

----------------------
TP20850 allocated to 4
----------------------

----------------------
TP21787 allocated to 4
----------------------

----------------------
TP21794 allocated to 4
----------------------

----------------------
TP21852 allocated to 4
----------------------

----------------------
TP22663 allocated to 1
----------------------

----------------------
TP22816 allocated to 4
----------------------

----------------------
TP22843 allocated to 4
----------------------

----------------------
TP22984 allocated to 4
----------------------

----------------------
TP23155 allocated to 5
----------------------

----------------------
TP23402 allocated to 4
----------------------

----------------------
TP23508 allocated to 4
----------------------

----------------------
TP23788 allocated to 5
----------------------

----------------------
TP24033 allocated to 5
----------------------

----------------------
TP24635 allocated to 5
----------------------

----------------------
TP24687 allocated to 5
----------------------

----------------------
TP24991 allocated to 5
----------------------

----------------------
TP25244 allocated to 5
----------------------

----------------------
TP25457 allocated to 5
----------------------

----------------------
TP25682 allocated to 5
----------------------

----------------------
TP26250 allocated to 5
----------------------

----------------------
TP26356 allocated to 5
----------------------

----------------------
TP26656 allocated to 6
----------------------

----------------------
TP26716 allocated to 6
----------------------

----------------------
TP27689 allocated to 6
----------------------

----------------------
TP27798 allocated to 6
----------------------

----------------------
TP27962 allocated to 6
----------------------

----------------------
TP28159 allocated to 6
----------------------

----------------------
TP28223 allocated to 6
----------------------

----------------------
TP28435 allocated to 6
----------------------

----------------------
TP28826 allocated to 1
----------------------

----------------------
TP29861 allocated to 6
----------------------

----------------------
TP30169 allocated to 6
----------------------

----------------------
TP30177 allocated to 6
----------------------

----------------------
TP31452 allocated to 1
----------------------

----------------------
TP31500 allocated to 1
----------------------

----------------------
TP32069 allocated to 6
----------------------

----------------------
TP32682 allocated to 6
----------------------

----------------------
TP32937 allocated to 6
----------------------

----------------------
TP33058 allocated to 1
----------------------

----------------------
TP33212 allocated to 6
----------------------

----------------------
TP33269 allocated to 1
----------------------

----------------------
TP33347 allocated to 3
----------------------

----------------------
TP33400 allocated to 6
----------------------

----------------------
TP34033 allocated to 6
----------------------

----------------------
TP34576 not allocated
----------------------

----------------------
TP34905 allocated to 6
----------------------

----------------------
TP35382 allocated to 1
----------------------

----------------------
TP35935 allocated to 6
----------------------

----------------------
TP35946 allocated to 6
----------------------

----------------------
TP36267 allocated to 1
----------------------

----------------------
TP36764 allocated to 6
----------------------

----------------------
TP37063 allocated to 1
----------------------

----------------------
TP37179 allocated to 6
----------------------

----------------------
TP37579 allocated to 6
----------------------

----------------------
TP37968 not allocated
----------------------

----------------------
TP38987 allocated to 6
----------------------

----------------------
TP39421 not allocated
----------------------

----------------------
TP39436 allocated to 6
----------------------

----------------------
TP39670 not allocated
----------------------

----------------------
TP39999 not allocated
----------------------

----------------------
TP40025 not allocated
----------------------

----------------------
TP40182 not allocated
----------------------

----------------------
TP40847 allocated to 4
----------------------

----------------------
TP40906 not allocated
----------------------

----------------------
TP41137 not allocated
----------------------

----------------------
TP41160 allocated to 1
----------------------

----------------------
TP41210 allocated to 5
----------------------

----------------------
TP41252 not allocated
----------------------

----------------------
TP41271 not allocated
----------------------

----------------------
TP41341 allocated to 1
----------------------

----------------------
TP41430 not allocated
----------------------

----------------------
TP41647 not allocated
----------------------

----------------------
TP41662 not allocated
----------------------

----------------------
TP42105 allocated to 5
----------------------

----------------------
TP42124 not allocated
----------------------

----------------------
TP42162 not allocated
----------------------

----------------------
TP42163 allocated to 1
----------------------

----------------------
TP42288 not allocated
----------------------

----------------------
TP42355 allocated to 1
----------------------

----------------------
TP42404 not allocated
----------------------

----------------------
TP42589 not allocated
----------------------

----------------------
TP43047 not allocated
----------------------

----------------------
TP43386 not allocated
----------------------

----------------------
TP43914 not allocated
----------------------

----------------------
TP44039 not allocated
----------------------

----------------------
TP44451 not allocated
----------------------

----------------------
TP44570 not allocated
----------------------

----------------------
TP44733 not allocated
----------------------

----------------------
TP44774 not allocated
----------------------

----------------------
TP44852 allocated to 1
----------------------

----------------------
TP45107 allocated to 1
----------------------

----------------------
TP45367 not allocated
----------------------

----------------------
TP45418 not allocated
----------------------

----------------------
TP45624 not allocated
----------------------

----------------------
TP45682 not allocated
----------------------

----------------------
TP46432 allocated to 3
----------------------

----------------------
TP46473 allocated to 1
----------------------

----------------------
TP46649 not allocated
----------------------

----------------------
TP46652 not allocated
----------------------

----------------------
TP46868 allocated to 1
----------------------

----------------------
TP46975 not allocated
----------------------

----------------------
TP47651 not allocated
----------------------

----------------------
TP48181 allocated to 1
----------------------

----------------------
TP48273 not allocated
----------------------

----------------------
TP48890 allocated to 6
----------------------

----------------------
TP48979 not allocated
----------------------

----------------------
TP49642 not allocated
----------------------

----------------------
TP49832 not allocated
----------------------

-------------------------------------------------------------------------

Ride-sharing vs Individual Mode - Num Vehicles and Distance Comparisson 

-------------------------------------------------------------------------
Individual Mode = 182 vehicles.
Ride-sharing Mode = 45 vehicles. The 6 ride-sharing vehicles + 39 vehicles of the individuals not served by the ride-sharing service.
-------------------------------------------------------------------------
Individual Mode = 437 distance.
Ride-sharing Mode = 708 distance. 600 from the EV fleet + 108 from the distance of the trips not covered individuals had to do with their own vehicle.
-------------------------------------------------------------------------
