-------------------------------------------------------------------------
TPs satisfied = 126; Total TPs = 183; Percentage Satisfied + 68.89999999999999%
-------------------------------------------------------------------------

-------------------------------------------------------------------------

EVs

-------------------------------------------------------------------------
--------------------------------------
EV1
--------------------------------------
Num TPs served = 54
TPs served = 187 209 426 466 521 582 656 1046 1188 1342 1393 1617 2056 2596 2765 3474 4129 4332 4569 5160 5398 6591 6675 7229 7356 7884 9861 10010 10674 11083 11577 11718 12787 18470 18613 19895 20228 21152 24600 25881 26909 28285 28870 30201 34529 35913 38393 39316 40458 40818 41944 45234 45801 46487
Total energy used = 100
--------------------------------------
Schedule:
0 359 122 744 122 744 0 0 100 100 0 359 0
359 359 122 744 122 744 0 1 100 100 187 32 0
359 362 122 744 123 746 1 0 100 97 -187 32 3
362 400 123 746 123 746 0 0 97 97 0 38 0
400 403 123 746 122 744 0 1 97 94 209 32 3
403 404 122 744 122 744 1 1 94 94 0 1 0
404 404 122 744 122 744 1 0 94 94 -209 32 0
404 782 122 744 122 744 0 0 94 94 0 378 0
782 782 122 744 122 744 0 1 94 94 426 32 0
782 783 122 744 122 744 1 1 94 94 0 1 0
783 783 122 744 122 744 1 0 94 94 -426 32 0
783 839 122 744 122 744 0 0 94 94 0 56 0
839 839 122 744 122 744 0 1 94 94 466 32 0
839 841 122 744 123 745 1 0 94 92 -466 32 2
841 935 123 745 123 745 0 0 92 92 0 94 0
935 937 123 745 122 744 0 1 92 90 521 32 2
937 938 122 744 123 744 1 0 90 89 -521 32 1
938 1047 123 744 123 744 0 0 89 89 0 109 0
1047 1048 123 744 122 744 0 1 89 88 582 32 1
1048 1049 122 744 123 744 1 0 88 87 -582 32 1
1049 1170 123 744 123 744 0 0 87 87 0 121 0
1170 1171 123 744 122 744 0 1 87 86 656 32 1
1171 1172 122 744 123 744 1 0 86 85 -656 32 1
1172 1838 123 744 123 744 0 0 85 85 0 666 0
1838 1839 123 744 122 744 0 1 85 84 1046 32 1
1839 1841 122 744 122 744 1 1 84 84 0 2 0
1841 1844 122 744 125 744 1 0 84 81 -1046 32 3
1844 2070 125 744 125 744 0 0 81 81 0 226 0
2070 2073 125 744 122 744 0 1 81 78 1188 32 3
2073 2074 122 744 123 744 1 0 78 77 -1188 32 1
2074 2246 123 744 123 744 0 0 77 77 0 172 0
2246 2247 123 744 122 744 0 1 77 76 35913 32 1
2247 2251 122 744 122 744 1 1 76 76 0 4 0
2251 2251 122 744 122 744 1 0 76 76 -35913 32 0
2251 2356 122 744 122 744 0 0 76 76 0 105 0
2356 2356 122 744 122 744 0 1 76 76 1342 32 0
2356 2361 122 744 127 744 1 0 76 71 -1342 32 5
2361 2429 127 744 127 744 0 0 71 71 0 68 0
2429 2434 127 744 122 744 0 1 71 66 1393 32 5
2434 2437 122 744 122 747 1 0 66 63 -1393 32 3
2437 2824 122 747 122 747 0 0 63 63 0 387 0
2824 2827 122 747 122 744 0 1 63 60 1617 32 3
2827 2829 122 744 122 746 1 0 60 58 -1617 32 2
2829 3289 122 746 122 746 0 0 58 58 0 460 0
3289 3291 122 746 122 744 0 1 58 56 18470 32 2
3291 3292 122 744 122 744 1 1 56 56 0 1 0
3292 3292 122 744 122 744 1 0 56 56 -18470 32 0
3292 3613 122 744 122 744 0 0 56 56 0 321 0
3613 3613 122 744 122 744 0 1 56 56 2056 32 0
3613 3614 122 744 122 744 1 1 56 56 0 1 0
3614 3615 122 744 123 744 1 0 56 55 -2056 32 1
3615 3749 123 744 123 744 0 0 55 55 0 134 0
3749 3750 123 744 122 744 0 1 55 54 18613 32 1
3750 3753 122 744 122 744 1 1 54 54 0 3 0
3753 3753 122 744 122 744 1 0 54 54 -18613 32 0
3753 4609 122 744 122 744 0 0 54 54 0 856 0
4609 4609 122 744 122 744 0 1 54 54 2596 32 0
4609 4611 122 744 122 744 1 1 54 54 0 2 0
4611 4611 122 744 122 744 1 0 54 54 -2596 32 0
4611 4933 122 744 122 744 0 0 54 54 0 322 0
4933 4933 122 744 122 744 0 1 54 54 2765 32 0
4933 4934 122 744 123 744 1 0 54 53 -2765 32 1
4934 6190 123 744 123 744 0 0 53 53 0 1256 0
6190 6191 123 744 122 744 0 1 53 52 3474 32 1
6191 6192 122 744 122 744 1 1 52 52 0 1 0
6192 6192 122 744 122 744 1 0 52 52 -3474 32 0
6192 7426 122 744 122 744 0 0 52 52 0 1234 0
7426 7426 122 744 122 744 0 1 52 52 4129 32 0
7426 7427 122 744 122 744 1 1 52 52 0 1 0
7427 7430 122 744 125 744 1 0 52 49 -4129 32 3
7430 7735 125 744 125 744 0 0 49 49 0 305 0
7735 7738 125 744 122 744 0 1 49 46 19895 32 3
7738 7740 122 744 122 744 1 1 46 46 0 2 0
7740 7740 122 744 122 744 1 0 46 46 -19895 32 0
7740 7788 122 744 122 744 0 0 46 46 0 48 0
7788 7788 122 744 122 744 0 1 46 46 4332 32 0
7788 7789 122 744 122 744 1 1 46 46 0 1 0
7789 7792 122 744 125 744 1 0 46 43 -4332 32 3
7792 8258 125 744 125 744 0 0 43 43 0 466 0
8258 8261 125 744 122 744 0 1 43 40 4569 32 3
8261 8267 122 744 128 744 1 0 40 34 -4569 32 6
8267 8689 128 744 128 744 0 0 34 34 0 422 0
8689 8695 128 744 122 744 0 1 34 28 20228 32 6
8695 8697 122 744 122 744 1 1 28 28 0 2 0
8697 8697 122 744 122 744 1 0 28 28 -20228 32 0
8697 9342 122 744 122 744 0 0 28 28 0 645 0
9342 9342 122 744 122 744 0 1 28 28 38393 32 0
9342 9367 122 744 122 744 1 1 28 28 0 25 0
9367 9367 122 744 122 744 1 2 28 28 5160 32 0
9367 9368 122 744 123 744 2 1 28 27 -38393 8 1
9368 9368 123 744 123 744 1 0 27 27 -5160 32 0
9368 9817 123 744 123 744 0 0 27 27 0 449 0
9817 9818 123 744 122 744 0 1 27 26 5398 32 1
9818 9821 122 744 122 744 1 1 26 26 0 3 0
9821 9827 122 744 128 744 1 0 26 20 -5398 32 6
9827 11159 128 744 128 744 0 0 20 20 0 1332 0
11159 11165 128 744 122 744 0 1 20 14 21152 32 6
11165 11167 122 744 122 744 1 1 14 14 0 2 0
11167 11167 122 744 122 744 1 0 14 14 -21152 32 0
11167 11588 122 744 122 744 0 0 14 14 0 421 0
11588 11588 122 744 122 744 0 1 14 14 39316 32 0
11588 11590 122 744 122 744 1 1 14 14 0 2 0
11590 11590 122 744 122 744 1 0 14 14 -39316 32 0
11590 12141 122 744 122 744 0 0 14 14 0 551 0
12141 12141 122 744 122 744 0 1 14 14 6591 32 0
12141 12145 122 744 122 744 1 1 14 14 0 4 0
12145 12146 122 744 122 745 1 0 14 13 -6591 32 1
12146 12317 122 745 122 745 0 0 13 13 0 171 0
12317 12318 122 745 122 744 0 1 13 12 6675 32 1
12318 12322 122 744 122 744 1 1 12 12 0 4 0
12322 12323 122 744 122 745 1 0 12 11 -6675 32 1
12323 13521 122 745 122 745 0 0 11 11 0 1198 0
13521 13522 122 745 122 744 0 1 11 10 7229 32 1
13522 13524 122 744 123 745 1 0 10 8 -7229 32 2
13524 13780 123 745 123 745 0 0 8 8 0 256 0
13780 13782 123 745 122 744 0 1 8 6 7356 32 2
13782 13783 122 744 122 744 1 1 6 6 0 1 0
13783 13783 122 744 122 744 1 0 6 6 -7356 32 0
13783 14615 122 744 122 744 0 0 6 6 0 832 0
14615 14615 122 744 122 744 0 1 6 6 40458 32 0
14615 14616 122 744 122 744 1 1 6 6 0 1 0
14616 14616 122 744 122 744 1 0 6 6 -40458 32 0
14616 14947 122 744 122 744 0 0 6 6 0 331 0
14947 14947 122 744 122 744 0 1 6 6 7884 32 0
14947 14950 122 744 122 744 1 1 6 6 0 3 0
14950 14951 122 744 123 744 1 0 6 5 -7884 32 1
14951 15478 123 744 123 744 0 0 5 5 0 527 0
15478 15479 123 744 122 744 0 1 5 4 40818 32 1
15479 15480 122 744 122 744 1 1 4 4 0 1 0
15480 15480 122 744 122 744 1 0 4 4 -40818 32 0
15480 17982 122 744 122 744 0 0 4 4 0 2502 0
17982 17982 122 744 122 744 0 1 4 4 41944 32 0
17982 17985 122 744 122 744 1 1 4 4 0 3 0
17985 17985 122 744 122 744 1 0 4 4 -41944 32 0
17985 19617 122 744 122 744 0 0 4 4 0 1632 0
19617 19617 122 744 122 744 0 1 4 4 24600 32 0
19617 19619 122 744 122 744 1 1 4 4 0 2 0
19619 19619 122 744 122 744 1 0 4 4 -24600 32 0
19619 20050 122 744 122 744 0 0 4 4 0 431 0
20050 20050 122 744 122 744 0 1 4 4 9861 32 0
20050 20051 122 744 123 744 1 0 4 3 -9861 32 1
20051 20446 123 744 123 744 0 0 3 3 0 395 0
20446 20447 123 744 122 744 0 1 3 2 10010 32 1
20447 20449 122 744 122 744 1 1 2 2 0 2 0
20449 20450 122 744 123 744 1 0 2 1 -10010 32 1
20450 22305 123 744 123 744 0 0 1 1 0 1855 0
22305 22306 123 744 122 744 0 1 1 0 10674 32 1
22306 22312 122 744 122 744 1 1 0 0 0 6 0
22312 22312 122 744 122 744 1 0 0 0 -10674 32 0
22312 22393 122 744 122 744 0 0 0 0 0 81 0
22393 22393 122 744 122 744 0 1 0 0 25881 32 0
22393 22394 122 744 122 744 1 1 0 0 0 1 0
22394 22394 122 744 122 744 1 0 0 0 -25881 32 0
22394 23629 122 744 122 744 0 0 0 0 0 1235 0
23629 23629 122 744 122 744 0 1 0 0 11083 32 0
23629 23631 122 744 122 744 1 1 0 0 0 2 0
23631 23631 122 744 122 744 1 0 0 0 -11083 32 0
23631 24426 122 744 122 744 0 0 0 0 0 795 0
24426 24426 122 744 122 744 0 1 0 0 45234 32 0
24426 24428 122 744 122 744 1 1 0 0 0 2 0
24428 24428 122 744 122 744 1 0 0 0 -45234 32 0
24428 24480 122 744 122 744 0 0 0 0 0 52 0
24480 24480 122 744 122 744 0 1 0 0 26909 32 0
24480 24482 122 744 122 744 1 1 0 0 0 2 0
24482 24482 122 744 122 744 1 0 0 0 -26909 32 0
24482 25292 122 744 122 744 0 0 0 0 0 810 0
25292 25292 122 744 122 744 0 1 0 0 11577 32 0
25292 25294 122 744 122 744 1 1 0 0 0 2 0
25294 25294 122 744 122 744 1 0 0 0 -11577 32 0
25294 25417 122 744 122 744 0 0 0 0 0 123 0
25417 25417 122 744 122 744 0 1 0 0 45801 32 0
25417 25420 122 744 122 744 1 1 0 0 0 3 0
25420 25420 122 744 122 744 1 0 0 0 -45801 32 0
25420 25754 122 744 122 744 0 0 0 0 0 334 0
25754 25754 122 744 122 744 0 1 0 0 11718 32 0
25754 25755 122 744 122 744 1 1 0 0 0 1 0
25755 25755 122 744 122 744 1 0 0 0 -11718 32 0
25755 26666 122 744 122 744 0 0 0 0 0 911 0
26666 26666 122 744 122 744 0 1 0 0 46487 32 0
26666 26667 122 744 122 744 1 1 0 0 0 1 0
26667 26667 122 744 122 744 1 0 0 0 -46487 32 0
26667 27089 122 744 122 744 0 0 0 0 0 422 0
27089 27089 122 744 122 744 0 1 0 0 28285 32 0
27089 27090 122 744 122 744 1 1 0 0 0 1 0
27090 27090 122 744 122 744 1 0 0 0 -28285 32 0
27090 28202 122 744 122 744 0 0 0 0 0 1112 0
28202 28202 122 744 122 744 0 1 0 0 28870 32 0
28202 28203 122 744 122 744 1 1 0 0 0 1 0
28203 28203 122 744 122 744 1 0 0 0 -28870 32 0
28203 29489 122 744 122 744 0 0 0 0 0 1286 0
29489 29489 122 744 122 744 0 1 0 0 12787 32 0
29489 29491 122 744 122 744 1 1 0 0 0 2 0
29491 29491 122 744 122 744 1 0 0 0 -12787 32 0
29491 30849 122 744 122 744 0 0 0 0 0 1358 0
30849 30849 122 744 122 744 0 1 0 0 30201 32 0
30849 30852 122 744 122 744 1 1 0 0 0 3 0
30852 30852 122 744 122 744 1 0 0 0 -30201 32 0
30852 41330 122 744 122 744 0 0 0 0 0 10478 0
41330 41330 122 744 122 744 0 1 0 0 34529 32 0
41330 41331 122 744 122 744 1 1 0 0 0 1 0
41331 41331 122 744 122 744 1 0 0 0 -34529 32 0
41331 43267 122 744 122 744 0 0 0 0 0 1936 0
43267 43267 122 744 122 744 0 0 0 0 1000000000 0 0
--------------------------------------
--------------------------------------
EV2
--------------------------------------
Num TPs served = 15
TPs served = 5957 7923 10234 10447 10474 10504 10703 10879 11223 11428 11526 11801 11853 12045 12208
Total energy used = 100
--------------------------------------
Schedule:
0 10900 122 744 122 744 0 0 100 100 0 10900 0
10900 10900 122 744 122 744 0 1 100 100 5957 32 0
10900 10909 122 744 127 748 1 0 100 91 -5957 32 9
10909 15023 127 748 127 748 0 0 91 91 0 4114 0
15023 15032 127 748 122 744 0 1 91 82 7923 32 9
15032 15033 122 744 122 744 1 1 82 82 0 1 0
15033 15037 122 744 122 748 1 0 82 78 -7923 32 4
15037 21066 122 748 122 748 0 0 78 78 0 6029 0
21066 21070 122 748 122 744 0 1 78 74 10234 32 4
21070 21072 122 744 124 744 1 0 74 72 -10234 32 2
21072 21691 124 744 124 744 0 0 72 72 0 619 0
21691 21693 124 744 122 744 0 1 72 70 10447 32 2
21693 21697 122 744 123 747 1 0 70 66 -10447 32 4
21697 21770 123 747 123 747 0 0 66 66 0 73 0
21770 21774 123 747 122 744 0 1 66 62 10474 32 4
21774 21775 122 744 123 744 1 0 62 61 -10474 32 1
21775 21846 123 744 123 744 0 0 61 61 0 71 0
21846 21847 123 744 122 744 0 1 61 60 10504 32 1
21847 21852 122 744 125 746 1 0 60 55 -10504 32 5
21852 22422 125 746 125 746 0 0 55 55 0 570 0
22422 22427 125 746 122 744 0 1 55 50 10703 32 5
22427 22430 122 744 124 745 1 0 50 47 -10703 32 3
22430 22995 124 745 124 745 0 0 47 47 0 565 0
22995 22998 124 745 122 744 0 1 47 44 10879 32 3
22998 22999 122 744 123 744 1 0 44 43 -10879 32 1
22999 24011 123 744 123 744 0 0 43 43 0 1012 0
24011 24012 123 744 122 744 0 1 43 42 11223 32 1
24012 24013 122 744 122 745 1 0 42 41 -11223 32 1
24013 24738 122 745 122 745 0 0 41 41 0 725 0
24738 24739 122 745 122 744 0 1 41 40 11428 32 1
24739 24743 122 744 124 746 1 0 40 36 -11428 32 4
24743 25067 124 746 124 746 0 0 36 36 0 324 0
25067 25071 124 746 122 744 0 1 36 32 11526 32 4
25071 25072 122 744 122 744 1 1 32 32 0 1 0
25072 25073 122 744 122 745 1 0 32 31 -11526 32 1
25073 26011 122 745 122 745 0 0 31 31 0 938 0
26011 26012 122 745 122 744 0 1 31 30 11801 32 1
26012 26013 122 744 122 744 1 1 30 30 0 1 0
26013 26015 122 744 124 744 1 0 30 28 -11801 32 2
26015 26185 124 744 124 744 0 0 28 28 0 170 0
26185 26187 124 744 122 744 0 1 28 26 11853 32 2
26187 26192 122 744 125 746 1 0 26 21 -11853 32 5
26192 26883 125 746 125 746 0 0 21 21 0 691 0
26883 26888 125 746 122 744 0 1 21 16 12045 32 5
26888 26895 122 744 126 747 1 0 16 9 -12045 32 7
26895 27392 126 747 126 747 0 0 9 9 0 497 0
27392 27399 126 747 122 744 0 1 9 2 12208 32 7
27399 27400 122 744 122 744 1 1 2 2 0 1 0
27400 27401 122 744 122 745 1 0 2 1 -12208 32 1
27401 43266 122 745 122 745 0 0 1 1 0 15865 0
43266 43267 122 745 122 744 0 0 1 0 1000000000 0 1
--------------------------------------
--------------------------------------
EV3
--------------------------------------
Num TPs served = 16
TPs served = 12910 13085 13129 13504 14025 14184 14378 14410 14472 14784 14858 15236 15574 15624 16652 16900
Total energy used = 100
--------------------------------------
Schedule:
0 29965 122 744 122 744 0 0 100 100 0 29965 0
29965 29965 122 744 122 744 0 1 100 100 12910 32 0
29965 29966 122 744 122 744 1 1 100 100 0 1 0
29966 29973 122 744 129 744 1 0 100 93 -12910 32 7
29973 30609 129 744 129 744 0 0 93 93 0 636 0
30609 30616 129 744 122 744 0 1 93 86 13085 32 7
30616 30618 122 744 124 744 1 0 86 84 -13085 32 2
30618 30756 124 744 124 744 0 0 84 84 0 138 0
30756 30758 124 744 122 744 0 1 84 82 13129 32 2
30758 30760 122 744 122 744 1 1 82 82 0 2 0
30760 30766 122 744 125 747 1 0 82 76 -13129 32 6
30766 32114 125 747 125 747 0 0 76 76 0 1348 0
32114 32120 125 747 122 744 0 1 76 70 13504 32 6
32120 32122 122 744 122 744 1 1 70 70 0 2 0
32122 32124 122 744 123 745 1 0 70 68 -13504 32 2
32124 34074 123 745 123 745 0 0 68 68 0 1950 0
34074 34076 123 745 122 744 0 1 68 66 14025 32 2
34076 34081 122 744 127 744 1 0 66 61 -14025 32 5
34081 34669 127 744 127 744 0 0 61 61 0 588 0
34669 34674 127 744 122 744 0 1 61 56 14184 32 5
34674 34679 122 744 126 745 1 0 56 51 -14184 32 5
34679 35399 126 745 126 745 0 0 51 51 0 720 0
35399 35404 126 745 122 744 0 1 51 46 14378 32 5
35404 35405 122 744 122 744 1 1 46 46 0 1 0
35405 35408 122 744 125 744 1 0 46 43 -14378 32 3
35408 35528 125 744 125 744 0 0 43 43 0 120 0
35528 35531 125 744 122 744 0 1 43 40 14410 32 3
35531 35532 122 744 122 744 1 1 40 40 0 1 0
35532 35533 122 744 123 744 1 0 40 39 -14410 32 1
35533 35753 123 744 123 744 0 0 39 39 0 220 0
35753 35754 123 744 122 744 0 1 39 38 14472 32 1
35754 35756 122 744 123 745 1 0 38 36 -14472 32 2
35756 37009 123 745 123 745 0 0 36 36 0 1253 0
37009 37011 123 745 122 744 0 1 36 34 14784 32 2
37011 37016 122 744 126 745 1 0 34 29 -14784 32 5
37016 37281 126 745 126 745 0 0 29 29 0 265 0
37281 37286 126 745 122 744 0 1 29 24 14858 32 5
37286 37288 122 744 124 744 1 0 24 22 -14858 32 2
37288 38727 124 744 124 744 0 0 22 22 0 1439 0
38727 38729 124 744 122 744 0 1 22 20 15236 32 2
38729 38731 122 744 122 744 1 1 20 20 0 2 0
38731 38733 122 744 122 746 1 0 20 18 -15236 32 2
38733 39942 122 746 122 746 0 0 18 18 0 1209 0
39942 39944 122 746 122 744 0 1 18 16 15574 32 2
39944 39945 122 744 122 744 1 1 16 16 0 1 0
39945 39946 122 744 123 744 1 0 16 15 -15574 32 1
39946 40064 123 744 123 744 0 0 15 15 0 118 0
40064 40065 123 744 122 744 0 1 15 14 15624 32 1
40065 40066 122 744 123 744 1 0 14 13 -15624 32 1
40066 41871 123 744 123 744 0 0 13 13 0 1805 0
41871 41872 123 744 122 744 0 1 13 12 16652 32 1
41872 41874 122 744 122 744 1 1 12 12 0 2 0
41874 41879 122 744 127 744 1 0 12 7 -16652 32 5
41879 42311 127 744 127 744 0 0 7 7 0 432 0
42311 42316 127 744 122 744 0 1 7 2 16900 32 5
42316 42317 122 744 123 744 1 0 2 1 -16900 32 1
42317 43266 123 744 123 744 0 0 1 1 0 949 0
43266 43267 123 744 122 744 0 0 1 0 1000000000 0 1
--------------------------------------
--------------------------------------
EV4
--------------------------------------
Num TPs served = 20
TPs served = 17192 17666 17799 18340 18383 18579 18814 19676 19786 19937 20391 20437 20770 21217 21700 21934 21969 22523 22573 22661
Total energy used = 100
--------------------------------------
Schedule:
0 784 122 744 122 744 0 0 100 100 0 784 0
784 784 122 744 122 744 0 1 100 100 17666 32 0
784 785 122 744 122 744 1 1 100 100 0 1 0
785 786 122 744 122 745 1 0 100 99 -17666 32 1
786 1194 122 745 122 745 0 0 99 99 0 408 0
1194 1195 122 745 122 744 0 1 99 98 17799 32 1
1195 1196 122 744 122 744 1 1 98 98 0 1 0
1196 1199 122 744 125 744 1 0 98 95 -17799 32 3
1199 2883 125 744 125 744 0 0 95 95 0 1684 0
2883 2886 125 744 122 744 0 1 95 92 18340 32 3
2886 2887 122 744 122 744 1 1 92 92 0 1 0
2887 2888 122 744 123 744 1 0 92 91 -18340 32 1
2888 3036 123 744 123 744 0 0 91 91 0 148 0
3036 3037 123 744 122 744 0 1 91 90 18383 32 1
3037 3039 122 744 122 746 1 0 90 88 -18383 32 2
3039 3661 122 746 122 746 0 0 88 88 0 622 0
3661 3663 122 746 122 744 0 1 88 86 18579 32 2
3663 3666 122 744 122 744 1 1 86 86 0 3 0
3666 3667 122 744 122 745 1 0 86 85 -18579 32 1
3667 4413 122 745 122 745 0 0 85 85 0 746 0
4413 4414 122 745 122 744 0 1 85 84 18814 32 1
4414 4422 122 744 130 744 1 0 84 76 -18814 32 8
4422 7094 130 744 130 744 0 0 76 76 0 2672 0
7094 7102 130 744 122 744 0 1 76 68 19676 32 8
7102 7103 122 744 123 744 1 0 68 67 -19676 32 1
7103 7376 123 744 123 744 0 0 67 67 0 273 0
7376 7377 123 744 122 744 0 1 67 66 19786 32 1
7377 7380 122 744 125 744 1 0 66 63 -19786 32 3
7380 7853 125 744 125 744 0 0 63 63 0 473 0
7853 7856 125 744 122 744 0 1 63 60 19937 32 3
7856 7857 122 744 122 744 1 1 60 60 0 1 0
7857 7862 122 744 127 744 1 0 60 55 -19937 32 5
7862 9137 127 744 127 744 0 0 55 55 0 1275 0
9137 9142 127 744 122 744 0 1 55 50 20391 32 5
9142 9143 122 744 123 744 1 0 50 49 -20391 32 1
9143 9260 123 744 123 744 0 0 49 49 0 117 0
9260 9261 123 744 122 744 0 1 49 48 20437 32 1
9261 9262 122 744 122 744 1 1 48 48 0 1 0
9262 9263 122 744 123 744 1 0 48 47 -20437 32 1
9263 10153 123 744 123 744 0 0 47 47 0 890 0
10153 10154 123 744 122 744 0 1 47 46 20770 32 1
10154 10155 122 744 122 744 1 1 46 46 0 1 0
10155 10157 122 744 124 744 1 0 46 44 -20770 32 2
10157 11335 124 744 124 744 0 0 44 44 0 1178 0
11335 11337 124 744 122 744 0 1 44 42 21217 32 2
11337 11339 122 744 122 744 1 1 42 42 0 2 0
11339 11343 122 744 124 746 1 0 42 38 -21217 32 4
11343 12681 124 746 124 746 0 0 38 38 0 1338 0
12681 12685 124 746 122 744 0 1 38 34 21700 32 4
12685 12686 122 744 122 744 1 1 34 34 0 1 0
12686 12687 122 744 122 745 1 0 34 33 -21700 32 1
12687 13274 122 745 122 745 0 0 33 33 0 587 0
13274 13275 122 745 122 744 0 1 33 32 21934 32 1
13275 13279 122 744 125 745 1 0 32 28 -21934 32 4
13279 13383 125 745 125 745 0 0 28 28 0 104 0
13383 13387 125 745 122 744 0 1 28 24 21969 32 4
13387 13389 122 744 123 745 1 0 24 22 -21969 32 2
13389 14785 123 745 123 745 0 0 22 22 0 1396 0
14785 14787 123 745 122 744 0 1 22 20 22523 32 2
14787 14790 122 744 124 745 1 0 20 17 -22523 32 3
14790 14903 124 745 124 745 0 0 17 17 0 113 0
14903 14906 124 745 122 744 0 1 17 14 22573 32 3
14906 14908 122 744 122 744 1 1 14 14 0 2 0
14908 14911 122 744 124 745 1 0 14 11 -22573 32 3
14911 15143 124 745 124 745 0 0 11 11 0 232 0
15143 15146 124 745 122 744 0 1 11 8 22661 32 3
15146 15149 122 744 122 744 1 1 8 8 0 3 0
15149 15150 122 744 123 744 1 0 8 7 -22661 32 1
15150 42827 123 744 123 744 0 0 7 7 0 27677 0
42827 42828 123 744 122 744 0 1 7 6 17192 32 1
42828 42831 122 744 125 744 1 0 6 3 -17192 32 3
42831 43264 125 744 125 744 0 0 3 3 0 433 0
43264 43267 125 744 122 744 0 0 3 0 1000000000 0 3
--------------------------------------
--------------------------------------
EV5
--------------------------------------
Num TPs served = 21
TPs served = 22603 22605 22814 23083 23131 23246 23282 23288 23433 23833 24327 24485 24782 25346 26245 26674 26854 27550 28272 28450 29425
Total energy used = 100
--------------------------------------
Schedule:
0 15003 122 744 122 744 0 0 100 100 0 15003 0
15003 15003 122 744 122 744 0 1 100 100 22605 32 0
15003 15003 122 744 122 744 1 2 100 100 22603 28 0
15003 15011 122 744 122 744 2 2 100 100 0 8 0
15011 15020 122 744 130 745 2 1 100 91 -22605 32 9
15020 15030 130 745 124 749 1 0 91 81 -22603 17 10
15030 15523 124 749 124 749 0 0 81 81 0 493 0
15523 15530 124 749 122 744 0 1 81 74 22814 32 7
15530 15531 122 744 122 744 1 1 74 74 0 1 0
15531 15532 122 744 123 744 1 0 74 73 -22814 32 1
15532 16167 123 744 123 744 0 0 73 73 0 635 0
16167 16168 123 744 122 744 0 1 73 72 23083 32 1
16168 16172 122 744 126 744 1 0 72 68 -23083 32 4
16172 16304 126 744 126 744 0 0 68 68 0 132 0
16304 16308 126 744 122 744 0 1 68 64 23131 32 4
16308 16313 122 744 123 748 1 0 64 59 -23131 32 5
16313 16572 123 748 123 748 0 0 59 59 0 259 0
16572 16577 123 748 122 744 0 1 59 54 23246 32 5
16577 16579 122 744 123 745 1 0 54 52 -23246 32 2
16579 16684 123 745 123 745 0 0 52 52 0 105 0
16684 16686 123 745 122 744 0 1 52 50 23288 32 2
16686 16686 122 744 122 744 1 2 50 50 23282 15 0
16686 16687 122 744 123 744 2 1 50 49 -23288 32 1
16687 16688 123 744 124 744 1 0 49 48 -23282 15 1
16688 17031 124 744 124 744 0 0 48 48 0 343 0
17031 17033 124 744 122 744 0 1 48 46 23433 32 2
17033 17037 122 744 126 744 1 0 46 42 -23433 32 4
17037 17914 126 744 126 744 0 0 42 42 0 877 0
17914 17918 126 744 122 744 0 1 42 38 23833 32 4
17918 17921 122 744 122 744 1 1 38 38 0 3 0
17921 17922 122 744 123 744 1 0 38 37 -23833 32 1
17922 19002 123 744 123 744 0 0 37 37 0 1080 0
19002 19003 123 744 122 744 0 1 37 36 24327 32 1
19003 19006 122 744 125 744 1 0 36 33 -24327 32 3
19006 19355 125 744 125 744 0 0 33 33 0 349 0
19355 19358 125 744 122 744 0 1 33 30 24485 32 3
19358 19359 122 744 122 745 1 0 30 29 -24485 32 1
19359 20016 122 745 122 745 0 0 29 29 0 657 0
20016 20017 122 745 122 744 0 1 29 28 24782 32 1
20017 20019 122 744 122 746 1 0 28 26 -24782 32 2
20019 21266 122 746 122 746 0 0 26 26 0 1247 0
21266 21268 122 746 122 744 0 1 26 24 25346 32 2
21268 21269 122 744 123 744 1 0 24 23 -25346 32 1
21269 23163 123 744 123 744 0 0 23 23 0 1894 0
23163 23164 123 744 122 744 0 1 23 22 26245 32 1
23164 23165 122 744 122 744 1 1 22 22 0 1 0
23165 23166 122 744 123 744 1 0 22 21 -26245 32 1
23166 24005 123 744 123 744 0 0 21 21 0 839 0
24005 24006 123 744 122 744 0 1 21 20 26674 32 1
24006 24007 122 744 123 744 1 0 20 19 -26674 32 1
24007 24360 123 744 123 744 0 0 19 19 0 353 0
24360 24361 123 744 122 744 0 1 19 18 26854 32 1
24361 24362 122 744 122 744 1 1 18 18 0 1 0
24362 24365 122 744 123 746 1 0 18 15 -26854 32 3
24365 25651 123 746 123 746 0 0 15 15 0 1286 0
25651 25654 123 746 122 744 0 1 15 12 27550 32 3
25654 25655 122 744 122 744 1 1 12 12 0 1 0
25655 25656 122 744 123 744 1 0 12 11 -27550 32 1
25656 27063 123 744 123 744 0 0 11 11 0 1407 0
27063 27064 123 744 122 744 0 1 11 10 28272 32 1
27064 27067 122 744 125 744 1 0 10 7 -28272 32 3
27067 27392 125 744 125 744 0 0 7 7 0 325 0
27392 27395 125 744 122 744 0 1 7 4 28450 32 3
27395 27396 122 744 123 744 1 0 4 3 -28450 32 1
27396 29367 123 744 123 744 0 0 3 3 0 1971 0
29367 29368 123 744 122 744 0 1 3 2 29425 32 1
29368 29369 122 744 122 744 1 1 2 2 0 1 0
29369 29370 122 744 123 744 1 0 2 1 -29425 32 1
29370 43266 123 744 123 744 0 0 1 1 0 13896 0
43266 43267 123 744 122 744 0 0 1 0 1000000000 0 1
--------------------------------------

-------------------------------------------------------------------------

TPs

-------------------------------------------------------------------------

----------------------
TP187 allocated to 1
----------------------

----------------------
TP209 allocated to 1
----------------------

----------------------
TP426 allocated to 1
----------------------

----------------------
TP466 allocated to 1
----------------------

----------------------
TP521 allocated to 1
----------------------

----------------------
TP582 allocated to 1
----------------------

----------------------
TP656 allocated to 1
----------------------

----------------------
TP1046 allocated to 1
----------------------

----------------------
TP1188 allocated to 1
----------------------

----------------------
TP1342 allocated to 1
----------------------

----------------------
TP1393 allocated to 1
----------------------

----------------------
TP1617 allocated to 1
----------------------

----------------------
TP2056 allocated to 1
----------------------

----------------------
TP2596 allocated to 1
----------------------

----------------------
TP2765 allocated to 1
----------------------

----------------------
TP3474 allocated to 1
----------------------

----------------------
TP4129 allocated to 1
----------------------

----------------------
TP4332 allocated to 1
----------------------

----------------------
TP4569 allocated to 1
----------------------

----------------------
TP5160 allocated to 1
----------------------

----------------------
TP5398 allocated to 1
----------------------

----------------------
TP5957 allocated to 2
----------------------

----------------------
TP6591 allocated to 1
----------------------

----------------------
TP6675 allocated to 1
----------------------

----------------------
TP7229 allocated to 1
----------------------

----------------------
TP7356 allocated to 1
----------------------

----------------------
TP7884 allocated to 1
----------------------

----------------------
TP7923 allocated to 2
----------------------

----------------------
TP9861 allocated to 1
----------------------

----------------------
TP10010 allocated to 1
----------------------

----------------------
TP10234 allocated to 2
----------------------

----------------------
TP10447 allocated to 2
----------------------

----------------------
TP10474 allocated to 2
----------------------

----------------------
TP10504 allocated to 2
----------------------

----------------------
TP10674 allocated to 1
----------------------

----------------------
TP10703 allocated to 2
----------------------

----------------------
TP10879 allocated to 2
----------------------

----------------------
TP11083 allocated to 1
----------------------

----------------------
TP11223 allocated to 2
----------------------

----------------------
TP11428 allocated to 2
----------------------

----------------------
TP11526 allocated to 2
----------------------

----------------------
TP11577 allocated to 1
----------------------

----------------------
TP11718 allocated to 1
----------------------

----------------------
TP11801 allocated to 2
----------------------

----------------------
TP11853 allocated to 2
----------------------

----------------------
TP12045 allocated to 2
----------------------

----------------------
TP12208 allocated to 2
----------------------

----------------------
TP12787 allocated to 1
----------------------

----------------------
TP12910 allocated to 3
----------------------

----------------------
TP13085 allocated to 3
----------------------

----------------------
TP13129 allocated to 3
----------------------

----------------------
TP13504 allocated to 3
----------------------

----------------------
TP14025 allocated to 3
----------------------

----------------------
TP14184 allocated to 3
----------------------

----------------------
TP14378 allocated to 3
----------------------

----------------------
TP14410 allocated to 3
----------------------

----------------------
TP14472 allocated to 3
----------------------

----------------------
TP14784 allocated to 3
----------------------

----------------------
TP14858 allocated to 3
----------------------

----------------------
TP15236 allocated to 3
----------------------

----------------------
TP15574 allocated to 3
----------------------

----------------------
TP15624 allocated to 3
----------------------

----------------------
TP16652 allocated to 3
----------------------

----------------------
TP16900 allocated to 3
----------------------

----------------------
TP17192 allocated to 4
----------------------

----------------------
TP17666 allocated to 4
----------------------

----------------------
TP17799 allocated to 4
----------------------

----------------------
TP18340 allocated to 4
----------------------

----------------------
TP18383 allocated to 4
----------------------

----------------------
TP18470 allocated to 1
----------------------

----------------------
TP18579 allocated to 4
----------------------

----------------------
TP18613 allocated to 1
----------------------

----------------------
TP18814 allocated to 4
----------------------

----------------------
TP19676 allocated to 4
----------------------

----------------------
TP19786 allocated to 4
----------------------

----------------------
TP19895 allocated to 1
----------------------

----------------------
TP19937 allocated to 4
----------------------

----------------------
TP20228 allocated to 1
----------------------

----------------------
TP20391 allocated to 4
----------------------

----------------------
TP20437 allocated to 4
----------------------

----------------------
TP20770 allocated to 4
----------------------

----------------------
TP21152 allocated to 1
----------------------

----------------------
TP21217 allocated to 4
----------------------

----------------------
TP21700 allocated to 4
----------------------

----------------------
TP21934 allocated to 4
----------------------

----------------------
TP21969 allocated to 4
----------------------

----------------------
TP22523 allocated to 4
----------------------

----------------------
TP22573 allocated to 4
----------------------

----------------------
TP22603 allocated to 5
----------------------

----------------------
TP22605 allocated to 5
----------------------

----------------------
TP22661 allocated to 4
----------------------

----------------------
TP22814 allocated to 5
----------------------

----------------------
TP23083 allocated to 5
----------------------

----------------------
TP23131 allocated to 5
----------------------

----------------------
TP23246 allocated to 5
----------------------

----------------------
TP23282 allocated to 5
----------------------

----------------------
TP23288 allocated to 5
----------------------

----------------------
TP23433 allocated to 5
----------------------

----------------------
TP23833 allocated to 5
----------------------

----------------------
TP24327 allocated to 5
----------------------

----------------------
TP24485 allocated to 5
----------------------

----------------------
TP24600 allocated to 1
----------------------

----------------------
TP24782 allocated to 5
----------------------

----------------------
TP25346 allocated to 5
----------------------

----------------------
TP25881 allocated to 1
----------------------

----------------------
TP26245 allocated to 5
----------------------

----------------------
TP26674 allocated to 5
----------------------

----------------------
TP26854 allocated to 5
----------------------

----------------------
TP26909 allocated to 1
----------------------

----------------------
TP27550 allocated to 5
----------------------

----------------------
TP28272 allocated to 5
----------------------

----------------------
TP28285 allocated to 1
----------------------

----------------------
TP28450 allocated to 5
----------------------

----------------------
TP28494 not allocated
----------------------

----------------------
TP28870 allocated to 1
----------------------

----------------------
TP29310 not allocated
----------------------

----------------------
TP29397 not allocated
----------------------

----------------------
TP29425 allocated to 5
----------------------

----------------------
TP29649 not allocated
----------------------

----------------------
TP29760 not allocated
----------------------

----------------------
TP30201 allocated to 1
----------------------

----------------------
TP30289 not allocated
----------------------

----------------------
TP30352 not allocated
----------------------

----------------------
TP30690 not allocated
----------------------

----------------------
TP30831 not allocated
----------------------

----------------------
TP30950 not allocated
----------------------

----------------------
TP31755 not allocated
----------------------

----------------------
TP32046 not allocated
----------------------

----------------------
TP32134 not allocated
----------------------

----------------------
TP32321 not allocated
----------------------

----------------------
TP33348 not allocated
----------------------

----------------------
TP34398 not allocated
----------------------

----------------------
TP34529 allocated to 1
----------------------

----------------------
TP34558 not allocated
----------------------

----------------------
TP34589 not allocated
----------------------

----------------------
TP34944 not allocated
----------------------

----------------------
TP34972 not allocated
----------------------

----------------------
TP35913 allocated to 1
----------------------

----------------------
TP36017 not allocated
----------------------

----------------------
TP36255 not allocated
----------------------

----------------------
TP36579 not allocated
----------------------

----------------------
TP36983 not allocated
----------------------

----------------------
TP37457 not allocated
----------------------

----------------------
TP38393 allocated to 1
----------------------

----------------------
TP39250 not allocated
----------------------

----------------------
TP39316 allocated to 1
----------------------

----------------------
TP39504 not allocated
----------------------

----------------------
TP39592 not allocated
----------------------

----------------------
TP40233 not allocated
----------------------

----------------------
TP40367 not allocated
----------------------

----------------------
TP40458 allocated to 1
----------------------

----------------------
TP40519 not allocated
----------------------

----------------------
TP40590 not allocated
----------------------

----------------------
TP40818 allocated to 1
----------------------

----------------------
TP40907 not allocated
----------------------

----------------------
TP41944 allocated to 1
----------------------

----------------------
TP42025 not allocated
----------------------

----------------------
TP42428 not allocated
----------------------

----------------------
TP42592 not allocated
----------------------

----------------------
TP42811 not allocated
----------------------

----------------------
TP42821 not allocated
----------------------

----------------------
TP43167 not allocated
----------------------

----------------------
TP43278 not allocated
----------------------

----------------------
TP44636 not allocated
----------------------

----------------------
TP44924 not allocated
----------------------

----------------------
TP44997 not allocated
----------------------

----------------------
TP45167 not allocated
----------------------

----------------------
TP45234 allocated to 1
----------------------

----------------------
TP45618 not allocated
----------------------

----------------------
TP45771 not allocated
----------------------

----------------------
TP45791 not allocated
----------------------

----------------------
TP45801 allocated to 1
----------------------

----------------------
TP46487 allocated to 1
----------------------

----------------------
TP46708 not allocated
----------------------

----------------------
TP47602 not allocated
----------------------

----------------------
TP47920 not allocated
----------------------

----------------------
TP48086 not allocated
----------------------

----------------------
TP48374 not allocated
----------------------

----------------------
TP48436 not allocated
----------------------

----------------------
TP48478 not allocated
----------------------

----------------------
TP48773 not allocated
----------------------

----------------------
TP49170 not allocated
----------------------

----------------------
TP49406 not allocated
----------------------

-------------------------------------------------------------------------

Ride-sharing vs Individual Mode - Num Vehicles and Distance Comparisson 

-------------------------------------------------------------------------
Individual Mode = 183 vehicles.
Ride-sharing Mode = 62 vehicles. The 5 ride-sharing vehicles + 57 vehicles of the individuals not served by the ride-sharing service.
-------------------------------------------------------------------------
Individual Mode = 446 distance.
Ride-sharing Mode = 691 distance. 500 from the EV fleet + 191 from the distance of the trips not covered individuals had to do with their own vehicle.
-------------------------------------------------------------------------
