-------------------------------------------------------------------------
TPs satisfied = 76; Total TPs = 192; Percentage Satisfied + 39.6%
-------------------------------------------------------------------------

-------------------------------------------------------------------------

EVs

-------------------------------------------------------------------------
--------------------------------------
EV1
--------------------------------------
Num TPs served = 35
TPs served = 25 95 317 722 851 1273 1521 2328 2697 3042 3228 3854 4242 6280 6963 12592 12734 18437 19257 19752 22983 24174 24474 24647 25909 27919 30225 30569 34367 37339 39588 42197 43206 43966 47005
Total energy used = 100
--------------------------------------
Schedule:
0 71 183 496 183 496 0 0 100 100 0 71 0
71 71 183 496 183 496 0 1 100 100 25 32 0
71 72 183 496 184 496 1 0 100 99 -25 32 1
72 188 184 496 184 496 0 0 99 99 0 116 0
188 189 184 496 183 496 0 1 99 98 95 32 1
189 194 183 496 188 496 1 0 98 93 -95 32 5
194 606 188 496 188 496 0 0 93 93 0 412 0
606 611 188 496 183 496 0 1 93 88 317 32 5
611 616 183 496 185 499 1 0 88 83 -317 32 5
616 1285 185 499 185 499 0 0 83 83 0 669 0
1285 1290 185 499 183 496 0 1 83 78 722 32 5
1290 1295 183 496 183 496 1 1 78 78 0 5 0
1295 1306 183 496 188 502 1 0 78 67 -722 32 11
1306 1495 188 502 188 502 0 0 67 67 0 189 0
1495 1506 188 502 183 496 0 1 67 56 851 32 11
1506 1507 183 496 183 496 1 1 56 56 0 1 0
1507 1517 183 496 192 497 1 0 56 46 -851 32 10
1517 2220 192 497 192 497 0 0 46 46 0 703 0
2220 2230 192 497 183 496 0 1 46 36 1273 32 10
2230 2233 183 496 186 496 1 0 36 33 -1273 32 3
2233 2647 186 496 186 496 0 0 33 33 0 414 0
2647 2650 186 496 183 496 0 1 33 30 1521 32 3
2650 2651 183 496 184 496 1 0 30 29 -1521 32 1
2651 3202 184 496 184 496 0 0 29 29 0 551 0
3202 3203 184 496 183 496 0 1 29 28 18437 32 1
3203 3204 183 496 183 496 1 1 28 28 0 1 0
3204 3204 183 496 183 496 1 0 28 28 -18437 32 0
3204 4137 183 496 183 496 0 0 28 28 0 933 0
4137 4137 183 496 183 496 0 1 28 28 2328 32 0
4137 4139 183 496 185 496 1 0 28 26 -2328 32 2
4139 4790 185 496 185 496 0 0 26 26 0 651 0
4790 4792 185 496 183 496 0 1 26 24 2697 32 2
4792 4793 183 496 184 496 1 0 24 23 -2697 32 1
4793 5434 184 496 184 496 0 0 23 23 0 641 0
5434 5435 184 496 183 496 0 1 23 22 3042 32 1
5435 5439 183 496 186 497 1 0 22 18 -3042 32 4
5439 5762 186 497 186 497 0 0 18 18 0 323 0
5762 5766 186 497 183 496 0 1 18 14 19257 32 4
5766 5766 183 496 183 496 1 2 14 14 3228 15 0
5766 5767 183 496 183 497 2 1 14 13 -19257 32 1
5767 5773 183 497 188 498 1 0 13 7 -3228 21 6
5773 6417 188 498 188 498 0 0 7 7 0 644 0
6417 6424 188 498 183 496 0 1 7 0 37339 32 7
6424 6427 183 496 183 496 1 1 0 0 0 3 0
6427 6427 183 496 183 496 1 0 0 0 -37339 32 0
6427 6909 183 496 183 496 0 0 0 0 0 482 0
6909 6909 183 496 183 496 0 1 0 0 3854 32 0
6909 6911 183 496 183 496 1 1 0 0 0 2 0
6911 6911 183 496 183 496 1 0 0 0 -3854 32 0
6911 7277 183 496 183 496 0 0 0 0 0 366 0
7277 7277 183 496 183 496 0 1 0 0 19752 32 0
7277 7280 183 496 183 496 1 1 0 0 0 3 0
7280 7280 183 496 183 496 1 0 0 0 -19752 32 0
7280 7624 183 496 183 496 0 0 0 0 0 344 0
7624 7624 183 496 183 496 0 1 0 0 4242 32 0
7624 7630 183 496 183 496 1 1 0 0 0 6 0
7630 7630 183 496 183 496 1 0 0 0 -4242 32 0
7630 11527 183 496 183 496 0 0 0 0 0 3897 0
11527 11527 183 496 183 496 0 1 0 0 6280 32 0
11527 11531 183 496 183 496 1 1 0 0 0 4 0
11531 11531 183 496 183 496 1 0 0 0 -6280 32 0
11531 12330 183 496 183 496 0 0 0 0 0 799 0
12330 12330 183 496 183 496 0 1 0 0 39588 32 0
12330 12331 183 496 183 496 1 1 0 0 0 1 0
12331 12331 183 496 183 496 1 0 0 0 -39588 32 0
12331 12932 183 496 183 496 0 0 0 0 0 601 0
12932 12932 183 496 183 496 0 1 0 0 6963 32 0
12932 12933 183 496 183 496 1 1 0 0 0 1 0
12933 12933 183 496 183 496 1 0 0 0 -6963 32 0
12933 15918 183 496 183 496 0 0 0 0 0 2985 0
15918 15918 183 496 183 496 0 1 0 0 22983 32 0
15918 15920 183 496 183 496 1 1 0 0 0 2 0
15920 15920 183 496 183 496 1 0 0 0 -22983 32 0
15920 18532 183 496 183 496 0 0 0 0 0 2612 0
18532 18532 183 496 183 496 0 1 0 0 42197 32 0
18532 18534 183 496 183 496 1 1 0 0 0 2 0
18534 18534 183 496 183 496 1 0 0 0 -42197 32 0
18534 18669 183 496 183 496 0 0 0 0 0 135 0
18669 18669 183 496 183 496 0 1 0 0 24174 32 0
18669 18670 183 496 183 496 1 1 0 0 0 1 0
18670 18670 183 496 183 496 1 0 0 0 -24174 32 0
18670 19334 183 496 183 496 0 0 0 0 0 664 0
19334 19334 183 496 183 496 0 1 0 0 24474 32 0
19334 19335 183 496 183 496 1 1 0 0 0 1 0
19335 19335 183 496 183 496 1 0 0 0 -24474 32 0
19335 19715 183 496 183 496 0 0 0 0 0 380 0
19715 19715 183 496 183 496 0 1 0 0 24647 32 0
19715 19717 183 496 183 496 1 1 0 0 0 2 0
19717 19717 183 496 183 496 1 0 0 0 -24647 32 0
19717 20615 183 496 183 496 0 0 0 0 0 898 0
20615 20615 183 496 183 496 0 1 0 0 43206 32 0
20615 20616 183 496 183 496 1 1 0 0 0 1 0
20616 20616 183 496 183 496 1 0 0 0 -43206 32 0
20616 22103 183 496 183 496 0 0 0 0 0 1487 0
22103 22103 183 496 183 496 0 1 0 0 43966 32 0
22103 22104 183 496 183 496 1 1 0 0 0 1 0
22104 22104 183 496 183 496 1 0 0 0 -43966 32 0
22104 22462 183 496 183 496 0 0 0 0 0 358 0
22462 22462 183 496 183 496 0 1 0 0 25909 32 0
22462 22465 183 496 183 496 1 1 0 0 0 3 0
22465 22465 183 496 183 496 1 0 0 0 -25909 32 0
22465 26354 183 496 183 496 0 0 0 0 0 3889 0
26354 26354 183 496 183 496 0 1 0 0 27919 32 0
26354 26355 183 496 183 496 1 1 0 0 0 1 0
26355 26355 183 496 183 496 1 0 0 0 -27919 32 0
26355 27565 183 496 183 496 0 0 0 0 0 1210 0
27565 27565 183 496 183 496 0 1 0 0 47005 32 0
27565 27568 183 496 183 496 1 1 0 0 0 3 0
27568 27568 183 496 183 496 1 0 0 0 -47005 32 0
27568 28787 183 496 183 496 0 0 0 0 0 1219 0
28787 28787 183 496 183 496 0 1 0 0 12592 32 0
28787 28789 183 496 183 496 1 1 0 0 0 2 0
28789 28789 183 496 183 496 1 0 0 0 -12592 32 0
28789 29333 183 496 183 496 0 0 0 0 0 544 0
29333 29333 183 496 183 496 0 1 0 0 12734 32 0
29333 29334 183 496 183 496 1 1 0 0 0 1 0
29334 29334 183 496 183 496 1 0 0 0 -12734 32 0
29334 30895 183 496 183 496 0 0 0 0 0 1561 0
30895 30895 183 496 183 496 0 1 0 0 30225 32 0
30895 30897 183 496 183 496 1 1 0 0 0 2 0
30897 30897 183 496 183 496 1 0 0 0 -30225 32 0
30897 31575 183 496 183 496 0 0 0 0 0 678 0
31575 31575 183 496 183 496 0 1 0 0 30569 32 0
31575 31576 183 496 183 496 1 1 0 0 0 1 0
31576 31576 183 496 183 496 1 0 0 0 -30569 32 0
31576 40840 183 496 183 496 0 0 0 0 0 9264 0
40840 40840 183 496 183 496 0 1 0 0 34367 32 0
40840 40841 183 496 183 496 1 1 0 0 0 1 0
40841 40841 183 496 183 496 1 0 0 0 -34367 32 0
40841 43267 183 496 183 496 0 0 0 0 0 2426 0
43267 43267 183 496 183 496 0 0 0 0 1000000000 0 0
--------------------------------------
--------------------------------------
EV2
--------------------------------------
Num TPs served = 20
TPs served = 3607 3730 3996 4403 4878 4970 5031 5193 5660 5852 5865 6005 6295 6660 6863 8188 8213 8561 9057 9513
Total energy used = 100
--------------------------------------
Schedule:
0 6460 183 496 183 496 0 0 100 100 0 6460 0
6460 6460 183 496 183 496 0 1 100 100 3607 32 0
6460 6461 183 496 183 497 1 0 100 99 -3607 32 1
6461 6695 183 497 183 497 0 0 99 99 0 234 0
6695 6696 183 497 183 496 0 1 99 98 3730 32 1
6696 6698 183 496 184 497 1 0 98 96 -3730 32 2
6698 7191 184 497 184 497 0 0 96 96 0 493 0
7191 7193 184 497 183 496 0 1 96 94 3996 32 2
7193 7195 183 496 185 496 1 0 94 92 -3996 32 2
7195 7917 185 496 185 496 0 0 92 92 0 722 0
7917 7919 185 496 183 496 0 1 92 90 4403 32 2
7919 7935 183 496 199 496 1 0 90 74 -4403 32 16
7935 8842 199 496 199 496 0 0 74 74 0 907 0
8842 8858 199 496 183 496 0 1 74 58 4878 32 16
8858 8859 183 496 184 496 1 0 58 57 -4878 32 1
8859 9014 184 496 184 496 0 0 57 57 0 155 0
9014 9015 184 496 183 496 0 1 57 56 4970 32 1
9015 9017 183 496 185 496 1 0 56 54 -4970 32 2
9017 9120 185 496 185 496 0 0 54 54 0 103 0
9120 9122 185 496 183 496 0 1 54 52 5031 32 2
9122 9124 183 496 183 496 1 1 52 52 0 2 0
9124 9126 183 496 184 497 1 0 52 50 -5031 32 2
9126 9426 184 497 184 497 0 0 50 50 0 300 0
9426 9428 184 497 183 496 0 1 50 48 5193 32 2
9428 9430 183 496 185 496 1 0 48 46 -5193 32 2
9430 10342 185 496 185 496 0 0 46 46 0 912 0
10342 10344 185 496 183 496 0 1 46 44 5660 32 2
10344 10346 183 496 185 496 1 0 44 42 -5660 32 2
10346 10724 185 496 185 496 0 0 42 42 0 378 0
10724 10726 185 496 183 496 0 1 42 40 5865 32 2
10726 10726 183 496 183 496 1 2 40 40 5852 13 0
10726 10729 183 496 183 496 2 2 40 40 0 3 0
10729 10730 183 496 184 496 2 1 40 39 -5865 32 1
10730 10732 184 496 185 497 1 0 39 37 -5852 10 2
10732 10992 185 497 185 497 0 0 37 37 0 260 0
10992 10995 185 497 183 496 0 1 37 34 6005 32 3
10995 10998 183 496 183 496 1 1 34 34 0 3 0
10998 11000 183 496 184 497 1 0 34 32 -6005 32 2
11000 11553 184 497 184 497 0 0 32 32 0 553 0
11553 11555 184 497 183 496 0 1 32 30 6295 32 2
11555 11557 183 496 184 497 1 0 30 28 -6295 32 2
11557 12287 184 497 184 497 0 0 28 28 0 730 0
12287 12289 184 497 183 496 0 1 28 26 6660 32 2
12289 12296 183 496 190 496 1 0 26 19 -6660 32 7
12296 12691 190 496 190 496 0 0 19 19 0 395 0
12691 12698 190 496 183 496 0 1 19 12 6863 32 7
12698 12699 183 496 183 496 1 1 12 12 0 1 0
12699 12700 183 496 184 496 1 0 12 11 -6863 32 1
12700 15653 184 496 184 496 0 0 11 11 0 2953 0
15653 15654 184 496 183 496 0 1 11 10 8188 32 1
15654 15655 183 496 183 496 1 1 10 10 0 1 0
15655 15656 183 496 183 497 1 0 10 9 -8188 32 1
15656 15713 183 497 183 497 0 0 9 9 0 57 0
15713 15714 183 497 183 496 0 1 9 8 8213 32 1
15714 15716 183 496 183 496 1 1 8 8 0 2 0
15716 15717 183 496 184 496 1 0 8 7 -8213 32 1
15717 16523 184 496 184 496 0 0 7 7 0 806 0
16523 16524 184 496 183 496 0 1 7 6 8561 32 1
16524 16526 183 496 183 496 1 1 6 6 0 2 0
16526 16527 183 496 184 496 1 0 6 5 -8561 32 1
16527 17779 184 496 184 496 0 0 5 5 0 1252 0
17779 17780 184 496 183 496 0 1 5 4 9057 32 1
17780 17781 183 496 184 496 1 0 4 3 -9057 32 1
17781 19061 184 496 184 496 0 0 3 3 0 1280 0
19061 19062 184 496 183 496 0 1 3 2 9513 32 1
19062 19063 183 496 184 496 1 0 2 1 -9513 32 1
19063 43266 184 496 184 496 0 0 1 1 0 24203 0
43266 43267 184 496 183 496 0 0 1 0 1000000000 0 1
--------------------------------------
--------------------------------------
EV3
--------------------------------------
Num TPs served = 21
TPs served = 9199 9267 9345 9400 9475 9985 9997 10168 10985 11078 11363 11417 11539 11922 11968 12333 12469 12499 13002 13842 15280
Total energy used = 100
--------------------------------------
Schedule:
0 18182 183 496 183 496 0 0 100 100 0 18182 0
18182 18182 183 496 183 496 0 1 100 100 9199 32 0
18182 18184 183 496 185 496 1 0 100 98 -9199 32 2
18184 18385 185 496 185 496 0 0 98 98 0 201 0
18385 18387 185 496 183 496 0 1 98 96 9267 32 2
18387 18389 183 496 185 496 1 0 96 94 -9267 32 2
18389 18603 185 496 185 496 0 0 94 94 0 214 0
18603 18605 185 496 183 496 0 1 94 92 9345 32 2
18605 18608 183 496 183 496 1 1 92 92 0 3 0
18608 18610 183 496 183 498 1 0 92 90 -9345 32 2
18610 18758 183 498 183 498 0 0 90 90 0 148 0
18758 18760 183 498 183 496 0 1 90 88 9400 32 2
18760 18762 183 496 183 496 1 1 88 88 0 2 0
18762 18764 183 496 185 496 1 0 88 86 -9400 32 2
18764 18944 185 496 185 496 0 0 86 86 0 180 0
18944 18946 185 496 183 496 0 1 86 84 9475 32 2
18946 18947 183 496 183 496 1 1 84 84 0 1 0
18947 18949 183 496 185 496 1 0 84 82 -9475 32 2
18949 20360 185 496 185 496 0 0 82 82 0 1411 0
20360 20362 185 496 183 496 0 1 82 80 9985 32 2
20362 20364 183 496 184 497 1 0 80 78 -9985 32 2
20364 20404 184 497 184 497 0 0 78 78 0 40 0
20404 20406 184 497 183 496 0 1 78 76 9997 32 2
20406 20408 183 496 185 496 1 0 76 74 -9997 32 2
20408 20879 185 496 185 496 0 0 74 74 0 471 0
20879 20881 185 496 183 496 0 1 74 72 10168 32 2
20881 20882 183 496 184 496 1 0 72 71 -10168 32 1
20882 23334 184 496 184 496 0 0 71 71 0 2452 0
23334 23335 184 496 183 496 0 1 71 70 10985 32 1
23335 23336 183 496 183 496 1 1 70 70 0 1 0
23336 23338 183 496 185 496 1 0 70 68 -10985 32 2
23338 23616 185 496 185 496 0 0 68 68 0 278 0
23616 23618 185 496 183 496 0 1 68 66 11078 32 2
23618 23620 183 496 183 498 1 0 66 64 -11078 32 2
23620 24477 183 498 183 498 0 0 64 64 0 857 0
24477 24479 183 498 183 496 0 1 64 62 11363 32 2
24479 24480 183 496 183 497 1 0 62 61 -11363 32 1
24480 24704 183 497 183 497 0 0 61 61 0 224 0
24704 24705 183 497 183 496 0 1 61 60 11417 32 1
24705 24708 183 496 183 496 1 1 60 60 0 3 0
24708 24715 183 496 187 499 1 0 60 53 -11417 32 7
24715 25107 187 499 187 499 0 0 53 53 0 392 0
25107 25114 187 499 183 496 0 1 53 46 11539 32 7
25114 25120 183 496 189 496 1 0 46 40 -11539 32 6
25120 26425 189 496 189 496 0 0 40 40 0 1305 0
26425 26431 189 496 183 496 0 1 40 34 11922 32 6
26431 26432 183 496 183 497 1 0 34 33 -11922 32 1
26432 26608 183 497 183 497 0 0 33 33 0 176 0
26608 26609 183 497 183 496 0 1 33 32 11968 32 1
26609 26610 183 496 183 496 1 1 32 32 0 1 0
26610 26611 183 496 184 496 1 0 32 31 -11968 32 1
26611 27863 184 496 184 496 0 0 31 31 0 1252 0
27863 27864 184 496 183 496 0 1 31 30 12333 32 1
27864 27867 183 496 186 496 1 0 30 27 -12333 32 3
27867 28317 186 496 186 496 0 0 27 27 0 450 0
28317 28320 186 496 183 496 0 1 27 24 12469 32 3
28320 28322 183 496 185 496 1 0 24 22 -12469 32 2
28322 28436 185 496 185 496 0 0 22 22 0 114 0
28436 28438 185 496 183 496 0 1 22 20 12499 32 2
28438 28439 183 496 183 496 1 1 20 20 0 1 0
28439 28442 183 496 184 498 1 0 20 17 -12499 32 3
28442 30299 184 498 184 498 0 0 17 17 0 1857 0
30299 30302 184 498 183 496 0 1 17 14 13002 32 3
30302 30306 183 496 187 496 1 0 14 10 -13002 32 4
30306 33351 187 496 187 496 0 0 10 10 0 3045 0
33351 33355 187 496 183 496 0 1 10 6 13842 32 4
33355 33357 183 496 185 496 1 0 6 4 -13842 32 2
33357 38896 185 496 185 496 0 0 4 4 0 5539 0
38896 38898 185 496 183 496 0 1 4 2 15280 32 2
38898 38899 183 496 183 496 1 1 2 2 0 1 0
38899 38900 183 496 184 496 1 0 2 1 -15280 32 1
38900 43266 184 496 184 496 0 0 1 1 0 4366 0
43266 43267 184 496 183 496 0 0 1 0 1000000000 0 1
--------------------------------------

-------------------------------------------------------------------------

TPs

-------------------------------------------------------------------------

----------------------
TP25 allocated to 1
----------------------

----------------------
TP95 allocated to 1
----------------------

----------------------
TP317 allocated to 1
----------------------

----------------------
TP722 allocated to 1
----------------------

----------------------
TP851 allocated to 1
----------------------

----------------------
TP1273 allocated to 1
----------------------

----------------------
TP1521 allocated to 1
----------------------

----------------------
TP2328 allocated to 1
----------------------

----------------------
TP2697 allocated to 1
----------------------

----------------------
TP3042 allocated to 1
----------------------

----------------------
TP3228 allocated to 1
----------------------

----------------------
TP3607 allocated to 2
----------------------

----------------------
TP3730 allocated to 2
----------------------

----------------------
TP3854 allocated to 1
----------------------

----------------------
TP3996 allocated to 2
----------------------

----------------------
TP4242 allocated to 1
----------------------

----------------------
TP4403 allocated to 2
----------------------

----------------------
TP4878 allocated to 2
----------------------

----------------------
TP4970 allocated to 2
----------------------

----------------------
TP5031 allocated to 2
----------------------

----------------------
TP5193 allocated to 2
----------------------

----------------------
TP5660 allocated to 2
----------------------

----------------------
TP5852 allocated to 2
----------------------

----------------------
TP5865 allocated to 2
----------------------

----------------------
TP6005 allocated to 2
----------------------

----------------------
TP6280 allocated to 1
----------------------

----------------------
TP6295 allocated to 2
----------------------

----------------------
TP6660 allocated to 2
----------------------

----------------------
TP6863 allocated to 2
----------------------

----------------------
TP6963 allocated to 1
----------------------

----------------------
TP8188 allocated to 2
----------------------

----------------------
TP8213 allocated to 2
----------------------

----------------------
TP8561 allocated to 2
----------------------

----------------------
TP9057 allocated to 2
----------------------

----------------------
TP9199 allocated to 3
----------------------

----------------------
TP9267 allocated to 3
----------------------

----------------------
TP9345 allocated to 3
----------------------

----------------------
TP9400 allocated to 3
----------------------

----------------------
TP9475 allocated to 3
----------------------

----------------------
TP9513 allocated to 2
----------------------

----------------------
TP9985 allocated to 3
----------------------

----------------------
TP9997 allocated to 3
----------------------

----------------------
TP10168 allocated to 3
----------------------

----------------------
TP10985 allocated to 3
----------------------

----------------------
TP11078 allocated to 3
----------------------

----------------------
TP11363 allocated to 3
----------------------

----------------------
TP11417 allocated to 3
----------------------

----------------------
TP11539 allocated to 3
----------------------

----------------------
TP11922 allocated to 3
----------------------

----------------------
TP11968 allocated to 3
----------------------

----------------------
TP12333 allocated to 3
----------------------

----------------------
TP12469 allocated to 3
----------------------

----------------------
TP12499 allocated to 3
----------------------

----------------------
TP12592 allocated to 1
----------------------

----------------------
TP12734 allocated to 1
----------------------

----------------------
TP13002 allocated to 3
----------------------

----------------------
TP13047 not allocated
----------------------

----------------------
TP13470 not allocated
----------------------

----------------------
TP13490 not allocated
----------------------

----------------------
TP13617 not allocated
----------------------

----------------------
TP13842 allocated to 3
----------------------

----------------------
TP14327 not allocated
----------------------

----------------------
TP14815 not allocated
----------------------

----------------------
TP14914 not allocated
----------------------

----------------------
TP15280 allocated to 3
----------------------

----------------------
TP15290 not allocated
----------------------

----------------------
TP15459 not allocated
----------------------

----------------------
TP15856 not allocated
----------------------

----------------------
TP16078 not allocated
----------------------

----------------------
TP16655 not allocated
----------------------

----------------------
TP16662 not allocated
----------------------

----------------------
TP17083 not allocated
----------------------

----------------------
TP17292 not allocated
----------------------

----------------------
TP17655 not allocated
----------------------

----------------------
TP17766 not allocated
----------------------

----------------------
TP18216 not allocated
----------------------

----------------------
TP18437 allocated to 1
----------------------

----------------------
TP19257 allocated to 1
----------------------

----------------------
TP19305 not allocated
----------------------

----------------------
TP19752 allocated to 1
----------------------

----------------------
TP20125 not allocated
----------------------

----------------------
TP20784 not allocated
----------------------

----------------------
TP21008 not allocated
----------------------

----------------------
TP21140 not allocated
----------------------

----------------------
TP21586 not allocated
----------------------

----------------------
TP21691 not allocated
----------------------

----------------------
TP21757 not allocated
----------------------

----------------------
TP21907 not allocated
----------------------

----------------------
TP22800 not allocated
----------------------

----------------------
TP22983 allocated to 1
----------------------

----------------------
TP23507 not allocated
----------------------

----------------------
TP23585 not allocated
----------------------

----------------------
TP24095 not allocated
----------------------

----------------------
TP24125 not allocated
----------------------

----------------------
TP24174 allocated to 1
----------------------

----------------------
TP24453 not allocated
----------------------

----------------------
TP24474 allocated to 1
----------------------

----------------------
TP24647 allocated to 1
----------------------

----------------------
TP24657 not allocated
----------------------

----------------------
TP25276 not allocated
----------------------

----------------------
TP25328 not allocated
----------------------

----------------------
TP25481 not allocated
----------------------

----------------------
TP25510 not allocated
----------------------

----------------------
TP25528 not allocated
----------------------

----------------------
TP25909 allocated to 1
----------------------

----------------------
TP26350 not allocated
----------------------

----------------------
TP26400 not allocated
----------------------

----------------------
TP26450 not allocated
----------------------

----------------------
TP26593 not allocated
----------------------

----------------------
TP26983 not allocated
----------------------

----------------------
TP27357 not allocated
----------------------

----------------------
TP27390 not allocated
----------------------

----------------------
TP27405 not allocated
----------------------

----------------------
TP27643 not allocated
----------------------

----------------------
TP27761 not allocated
----------------------

----------------------
TP27839 not allocated
----------------------

----------------------
TP27919 allocated to 1
----------------------

----------------------
TP28382 not allocated
----------------------

----------------------
TP28691 not allocated
----------------------

----------------------
TP29198 not allocated
----------------------

----------------------
TP29314 not allocated
----------------------

----------------------
TP29720 not allocated
----------------------

----------------------
TP29754 not allocated
----------------------

----------------------
TP30225 allocated to 1
----------------------

----------------------
TP30453 not allocated
----------------------

----------------------
TP30569 allocated to 1
----------------------

----------------------
TP30640 not allocated
----------------------

----------------------
TP30719 not allocated
----------------------

----------------------
TP30994 not allocated
----------------------

----------------------
TP31765 not allocated
----------------------

----------------------
TP32415 not allocated
----------------------

----------------------
TP32702 not allocated
----------------------

----------------------
TP32847 not allocated
----------------------

----------------------
TP33380 not allocated
----------------------

----------------------
TP33578 not allocated
----------------------

----------------------
TP33699 not allocated
----------------------

----------------------
TP34060 not allocated
----------------------

----------------------
TP34367 allocated to 1
----------------------

----------------------
TP34544 not allocated
----------------------

----------------------
TP35031 not allocated
----------------------

----------------------
TP35193 not allocated
----------------------

----------------------
TP35316 not allocated
----------------------

----------------------
TP35626 not allocated
----------------------

----------------------
TP35694 not allocated
----------------------

----------------------
TP35860 not allocated
----------------------

----------------------
TP35975 not allocated
----------------------

----------------------
TP36865 not allocated
----------------------

----------------------
TP36919 not allocated
----------------------

----------------------
TP37022 not allocated
----------------------

----------------------
TP37271 not allocated
----------------------

----------------------
TP37339 allocated to 1
----------------------

----------------------
TP37894 not allocated
----------------------

----------------------
TP38610 not allocated
----------------------

----------------------
TP39588 allocated to 1
----------------------

----------------------
TP40107 not allocated
----------------------

----------------------
TP40387 not allocated
----------------------

----------------------
TP41222 not allocated
----------------------

----------------------
TP41313 not allocated
----------------------

----------------------
TP41340 not allocated
----------------------

----------------------
TP41432 not allocated
----------------------

----------------------
TP41632 not allocated
----------------------

----------------------
TP41685 not allocated
----------------------

----------------------
TP41755 not allocated
----------------------

----------------------
TP41759 not allocated
----------------------

----------------------
TP41875 not allocated
----------------------

----------------------
TP41968 not allocated
----------------------

----------------------
TP42197 allocated to 1
----------------------

----------------------
TP42669 not allocated
----------------------

----------------------
TP42740 not allocated
----------------------

----------------------
TP42801 not allocated
----------------------

----------------------
TP43024 not allocated
----------------------

----------------------
TP43206 allocated to 1
----------------------

----------------------
TP43211 not allocated
----------------------

----------------------
TP43355 not allocated
----------------------

----------------------
TP43371 not allocated
----------------------

----------------------
TP43850 not allocated
----------------------

----------------------
TP43966 allocated to 1
----------------------

----------------------
TP44238 not allocated
----------------------

----------------------
TP44335 not allocated
----------------------

----------------------
TP44342 not allocated
----------------------

----------------------
TP44666 not allocated
----------------------

----------------------
TP45173 not allocated
----------------------

----------------------
TP45729 not allocated
----------------------

----------------------
TP46122 not allocated
----------------------

----------------------
TP46500 not allocated
----------------------

----------------------
TP47005 allocated to 1
----------------------

----------------------
TP47432 not allocated
----------------------

----------------------
TP48154 not allocated
----------------------

----------------------
TP48368 not allocated
----------------------

----------------------
TP49038 not allocated
----------------------

----------------------
TP49141 not allocated
----------------------

----------------------
TP49258 not allocated
----------------------

-------------------------------------------------------------------------

Ride-sharing vs Individual Mode - Num Vehicles and Distance Comparisson 

-------------------------------------------------------------------------
Individual Mode = 192 vehicles.
Ride-sharing Mode = 119 vehicles. The 3 ride-sharing vehicles + 116 vehicles of the individuals not served by the ride-sharing service.
-------------------------------------------------------------------------
Individual Mode = 470 distance.
Ride-sharing Mode = 618 distance. 300 from the EV fleet + 318 from the distance of the trips not covered individuals had to do with their own vehicle.
-------------------------------------------------------------------------
