-------------------------------------------------------------------------
TPs satisfied = 158; Total TPs = 186; Percentage Satisfied + 84.89999999999999%
-------------------------------------------------------------------------

-------------------------------------------------------------------------

EVs

-------------------------------------------------------------------------
--------------------------------------
EV1
--------------------------------------
Num TPs served = 34
TPs served = 61 650 827 869 1212 2123 2528 2726 2837 4121 4681 4697 4701 4727 4821 4882 5277 8420 13805 15987 17526 18092 18832 18957 19994 21567 24859 31074 32699 34028 35177 37273 39700 47994
Total energy used = 100
--------------------------------------
Schedule:
0 117 488 186 488 186 0 0 100 100 0 117 0
117 117 488 186 488 186 0 1 100 100 35177 32 0
117 138 488 186 488 186 1 1 100 100 0 21 0
138 138 488 186 488 186 1 2 100 100 61 32 0
138 139 488 186 488 187 2 1 100 99 -35177 11 1
139 140 488 187 488 187 1 1 99 99 0 1 0
140 148 488 187 494 189 1 0 99 91 -61 32 8
148 342 494 189 494 189 0 0 91 91 0 194 0
342 351 494 189 488 186 0 1 91 82 17526 32 9
351 352 488 186 488 186 1 1 82 82 0 1 0
352 352 488 186 488 186 1 0 82 82 -17526 32 0
352 1161 488 186 488 186 0 0 82 82 0 809 0
1161 1161 488 186 488 186 0 1 82 82 650 32 0
1161 1162 488 186 489 186 1 0 82 81 -650 32 1
1162 1471 489 186 489 186 0 0 81 81 0 309 0
1471 1472 489 186 488 186 0 1 81 80 827 32 1
1472 1475 488 186 491 186 1 0 80 77 -827 32 3
1475 1535 491 186 491 186 0 0 77 77 0 60 0
1535 1538 491 186 488 186 0 1 77 74 869 32 3
1538 1540 488 186 490 186 1 0 74 72 -869 32 2
1540 2089 490 186 490 186 0 0 72 72 0 549 0
2089 2091 490 186 488 186 0 1 72 70 18092 32 2
2091 2092 488 186 488 186 1 1 70 70 0 1 0
2092 2092 488 186 488 186 1 0 70 70 -18092 32 0
2092 2111 488 186 488 186 0 0 70 70 0 19 0
2111 2111 488 186 488 186 0 1 70 70 1212 32 0
2111 2112 488 186 488 186 1 1 70 70 0 1 0
2112 2118 488 186 493 187 1 0 70 64 -1212 32 6
2118 3733 493 187 493 187 0 0 64 64 0 1615 0
3733 3739 493 187 488 186 0 1 64 58 2123 32 6
3739 3741 488 186 488 186 1 1 58 58 0 2 0
3741 3741 488 186 488 186 1 0 58 58 -2123 32 0
3741 4474 488 186 488 186 0 0 58 58 0 733 0
4474 4474 488 186 488 186 0 1 58 58 18832 32 0
4474 4476 488 186 488 186 1 1 58 58 0 2 0
4476 4476 488 186 488 186 1 0 58 58 -18832 32 0
4476 4486 488 186 488 186 0 0 58 58 0 10 0
4486 4486 488 186 488 186 0 1 58 58 2528 32 0
4486 4494 488 186 488 186 1 1 58 58 0 8 0
4494 4498 488 186 490 188 1 0 58 54 -2528 32 4
4498 4856 490 188 490 188 0 0 54 54 0 358 0
4856 4860 490 188 488 186 0 1 54 50 18957 32 4
4860 4860 488 186 488 186 1 2 50 50 2726 19 0
4860 4862 488 186 490 186 2 1 50 48 -18957 32 2
4862 4865 490 186 493 186 1 0 48 45 -2726 20 3
4865 5057 493 186 493 186 0 0 45 45 0 192 0
5057 5062 493 186 488 186 0 1 45 40 2837 32 5
5062 5063 488 186 488 186 1 1 40 40 0 1 0
5063 5063 488 186 488 186 1 0 40 40 -2837 32 0
5063 6249 488 186 488 186 0 0 40 40 0 1186 0
6249 6249 488 186 488 186 0 1 40 40 37273 32 0
6249 6251 488 186 488 186 1 1 40 40 0 2 0
6251 6251 488 186 488 186 1 0 40 40 -37273 32 0
6251 7412 488 186 488 186 0 0 40 40 0 1161 0
7412 7412 488 186 488 186 0 1 40 40 4121 32 0
7412 7413 488 186 488 186 1 1 40 40 0 1 0
7413 7425 488 186 490 196 1 0 40 28 -4121 32 12
7425 8021 490 196 490 196 0 0 28 28 0 596 0
8021 8033 490 196 488 186 0 1 28 16 19994 32 12
8033 8034 488 186 488 186 1 1 16 16 0 1 0
8034 8034 488 186 488 186 1 0 16 16 -19994 32 0
8034 8480 488 186 488 186 0 0 16 16 0 446 0
8480 8480 488 186 488 186 0 1 16 16 4681 32 0
8480 8481 488 186 489 186 1 0 16 15 -4681 32 1
8481 8530 489 186 489 186 0 0 15 15 0 49 0
8530 8531 489 186 488 186 0 1 15 14 4701 32 1
8531 8531 488 186 488 186 1 2 14 14 4697 21 0
8531 8532 488 186 488 187 2 1 14 13 -4701 32 1
8532 8534 488 187 490 187 1 0 13 11 -4697 21 2
8534 8585 490 187 490 187 0 0 11 11 0 51 0
8585 8588 490 187 488 186 0 1 11 8 4727 32 3
8588 8589 488 186 488 186 1 1 8 8 0 1 0
8589 8590 488 186 489 186 1 0 8 7 -4727 32 1
8590 8745 489 186 489 186 0 0 7 7 0 155 0
8745 8746 489 186 488 186 0 1 7 6 4821 32 1
8746 8747 488 186 488 186 1 1 6 6 0 1 0
8747 8749 488 186 490 186 1 0 6 4 -4821 32 2
8749 8863 490 186 490 186 0 0 4 4 0 114 0
8863 8865 490 186 488 186 0 1 4 2 4882 32 2
8865 8866 488 186 488 186 1 1 2 2 0 1 0
8866 8866 488 186 488 186 1 0 2 2 -4882 32 0
8866 9589 488 186 488 186 0 0 2 2 0 723 0
9589 9589 488 186 488 186 0 1 2 2 5277 32 0
9589 9590 488 186 489 186 1 0 2 1 -5277 32 1
9590 12274 489 186 489 186 0 0 1 1 0 2684 0
12274 12275 489 186 488 186 0 1 1 0 21567 32 1
12275 12276 488 186 488 186 1 1 0 0 0 1 0
12276 12276 488 186 488 186 1 0 0 0 -21567 32 0
12276 12607 488 186 488 186 0 0 0 0 0 331 0
12607 12607 488 186 488 186 0 1 0 0 39700 32 0
12607 12608 488 186 488 186 1 1 0 0 0 1 0
12608 12608 488 186 488 186 1 0 0 0 -39700 32 0
12608 16192 488 186 488 186 0 0 0 0 0 3584 0
16192 16192 488 186 488 186 0 1 0 0 8420 32 0
16192 16193 488 186 488 186 1 1 0 0 0 1 0
16193 16193 488 186 488 186 1 0 0 0 -8420 32 0
16193 20164 488 186 488 186 0 0 0 0 0 3971 0
20164 20164 488 186 488 186 0 1 0 0 24859 32 0
20164 20165 488 186 488 186 1 1 0 0 0 1 0
20165 20165 488 186 488 186 1 0 0 0 -24859 32 0
20165 29201 488 186 488 186 0 0 0 0 0 9036 0
29201 29201 488 186 488 186 0 1 0 0 47994 32 0
29201 29202 488 186 488 186 1 1 0 0 0 1 0
29202 29202 488 186 488 186 1 0 0 0 -47994 32 0
29202 32651 488 186 488 186 0 0 0 0 0 3449 0
32651 32651 488 186 488 186 0 1 0 0 31074 32 0
32651 32652 488 186 488 186 1 1 0 0 0 1 0
32652 32652 488 186 488 186 1 0 0 0 -31074 32 0
32652 33217 488 186 488 186 0 0 0 0 0 565 0
33217 33217 488 186 488 186 0 1 0 0 13805 32 0
33217 33218 488 186 488 186 1 1 0 0 0 1 0
33218 33218 488 186 488 186 1 0 0 0 -13805 32 0
33218 36375 488 186 488 186 0 0 0 0 0 3157 0
36375 36375 488 186 488 186 0 1 0 0 32699 32 0
36375 36377 488 186 488 186 1 1 0 0 0 2 0
36377 36377 488 186 488 186 1 0 0 0 -32699 32 0
36377 39838 488 186 488 186 0 0 0 0 0 3461 0
39838 39838 488 186 488 186 0 1 0 0 34028 32 0
39838 39839 488 186 488 186 1 1 0 0 0 1 0
39839 39839 488 186 488 186 1 0 0 0 -34028 32 0
39839 40717 488 186 488 186 0 0 0 0 0 878 0
40717 40717 488 186 488 186 0 1 0 0 15987 32 0
40717 40723 488 186 488 186 1 1 0 0 0 6 0
40723 40723 488 186 488 186 1 0 0 0 -15987 32 0
40723 43267 488 186 488 186 0 0 0 0 0 2544 0
43267 43267 488 186 488 186 0 0 0 0 1000000000 0 0
--------------------------------------
--------------------------------------
EV2
--------------------------------------
Num TPs served = 21
TPs served = 5341 5404 5934 6705 6887 6928 8337 8570 8604 8902 9426 10020 10060 10149 10880 11171 11337 12082 12160 13216 38579
Total energy used = 100
--------------------------------------
Schedule:
0 9714 488 186 488 186 0 0 100 100 0 9714 0
9714 9714 488 186 488 186 0 1 100 100 5341 32 0
9714 9715 488 186 488 186 1 1 100 100 0 1 0
9715 9728 488 186 501 186 1 0 100 87 -5341 32 13
9728 9826 501 186 501 186 0 0 87 87 0 98 0
9826 9839 501 186 488 186 0 1 87 74 38579 32 13
9839 9839 488 186 488 186 1 2 74 74 5404 20 0
9839 9840 488 186 489 186 2 1 74 73 -38579 32 1
9840 9840 489 186 489 186 1 0 73 73 -5404 20 0
9840 10857 489 186 489 186 0 0 73 73 0 1017 0
10857 10858 489 186 488 186 0 1 73 72 5934 32 1
10858 10859 488 186 488 187 1 0 72 71 -5934 32 1
10859 12370 488 187 488 187 0 0 71 71 0 1511 0
12370 12371 488 187 488 186 0 1 71 70 6705 32 1
12371 12374 488 186 488 186 1 1 70 70 0 3 0
12374 12375 488 186 488 187 1 0 70 69 -6705 32 1
12375 12755 488 187 488 187 0 0 69 69 0 380 0
12755 12756 488 187 488 186 0 1 69 68 6887 32 1
12756 12757 488 186 488 186 1 1 68 68 0 1 0
12757 12758 488 186 488 187 1 0 68 67 -6887 32 1
12758 12850 488 187 488 187 0 0 67 67 0 92 0
12850 12851 488 187 488 186 0 1 67 66 6928 32 1
12851 12852 488 186 488 187 1 0 66 65 -6928 32 1
12852 16017 488 187 488 187 0 0 65 65 0 3165 0
16017 16018 488 187 488 186 0 1 65 64 8337 32 1
16018 16019 488 186 488 186 1 1 64 64 0 1 0
16019 16022 488 186 489 188 1 0 64 61 -8337 32 3
16022 16532 489 188 489 188 0 0 61 61 0 510 0
16532 16535 489 188 488 186 0 1 61 58 8570 32 3
16535 16536 488 186 489 186 1 0 58 57 -8570 32 1
16536 16628 489 186 489 186 0 0 57 57 0 92 0
16628 16629 489 186 488 186 0 1 57 56 8604 32 1
16629 16631 488 186 488 186 1 1 56 56 0 2 0
16631 16635 488 186 492 186 1 0 56 52 -8604 32 4
16635 17393 492 186 492 186 0 0 52 52 0 758 0
17393 17397 492 186 488 186 0 1 52 48 8902 32 4
17397 17398 488 186 489 186 1 0 48 47 -8902 32 1
17398 18828 489 186 489 186 0 0 47 47 0 1430 0
18828 18829 489 186 488 186 0 1 47 46 9426 32 1
18829 18831 488 186 489 187 1 0 46 44 -9426 32 2
18831 20477 489 187 489 187 0 0 44 44 0 1646 0
20477 20479 489 187 488 186 0 1 44 42 10020 32 2
20479 20480 488 186 488 186 1 1 42 42 0 1 0
20480 20489 488 186 497 186 1 0 42 33 -10020 32 9
20489 20563 497 186 497 186 0 0 33 33 0 74 0
20563 20572 497 186 488 186 0 1 33 24 10060 32 9
20572 20574 488 186 490 186 1 0 24 22 -10060 32 2
20574 20812 490 186 490 186 0 0 22 22 0 238 0
20812 20814 490 186 488 186 0 1 22 20 10149 32 2
20814 20815 488 186 488 187 1 0 20 19 -10149 32 1
20815 23000 488 187 488 187 0 0 19 19 0 2185 0
23000 23001 488 187 488 186 0 1 19 18 10880 32 1
23001 23003 488 186 488 186 1 1 18 18 0 2 0
23003 23004 488 186 488 187 1 0 18 17 -10880 32 1
23004 23870 488 187 488 187 0 0 17 17 0 866 0
23870 23871 488 187 488 186 0 1 17 16 11171 32 1
23871 23872 488 186 489 186 1 0 16 15 -11171 32 1
23872 24374 489 186 489 186 0 0 15 15 0 502 0
24374 24375 489 186 488 186 0 1 15 14 11337 32 1
24375 24378 488 186 488 189 1 0 14 11 -11337 32 3
24378 27000 488 189 488 189 0 0 11 11 0 2622 0
27000 27003 488 189 488 186 0 1 11 8 12082 32 3
27003 27004 488 186 489 186 1 0 8 7 -12082 32 1
27004 27252 489 186 489 186 0 0 7 7 0 248 0
27252 27253 489 186 488 186 0 1 7 6 12160 32 1
27253 27255 488 186 490 186 1 0 6 4 -12160 32 2
27255 31017 490 186 490 186 0 0 4 4 0 3762 0
31017 31019 490 186 488 186 0 1 4 2 13216 32 2
31019 31020 488 186 489 186 1 0 2 1 -13216 32 1
31020 43266 489 186 489 186 0 0 1 1 0 12246 0
43266 43267 489 186 488 186 0 0 1 0 1000000000 0 1
--------------------------------------
--------------------------------------
EV3
--------------------------------------
Num TPs served = 23
TPs served = 13372 13525 13630 14138 14212 14454 14526 14653 14692 14751 15735 15749 15872 15888 16121 16688 16793 16961 17335 17554 17706 17981 18376
Total energy used = 100
--------------------------------------
Schedule:
0 439 488 186 488 186 0 0 100 100 0 439 0
439 439 488 186 488 186 0 1 100 100 17554 32 0
439 440 488 186 489 186 1 0 100 99 -17554 32 1
440 892 489 186 489 186 0 0 99 99 0 452 0
892 893 489 186 488 186 0 1 99 98 17706 32 1
893 895 488 186 488 188 1 0 98 96 -17706 32 2
895 1744 488 188 488 188 0 0 96 96 0 849 0
1744 1746 488 188 488 186 0 1 96 94 17981 32 2
1746 1747 488 186 488 186 1 1 94 94 0 1 0
1747 1748 488 186 489 186 1 0 94 93 -17981 32 1
1748 3013 489 186 489 186 0 0 93 93 0 1265 0
3013 3014 489 186 488 186 0 1 93 92 18376 32 1
3014 3016 488 186 489 187 1 0 92 90 -18376 32 2
3016 31591 489 187 489 187 0 0 90 90 0 28575 0
31591 31593 489 187 488 186 0 1 90 88 13372 32 2
31593 31596 488 186 490 187 1 0 88 85 -13372 32 3
31596 32210 490 187 490 187 0 0 85 85 0 614 0
32210 32213 490 187 488 186 0 1 85 82 13525 32 3
32213 32214 488 186 488 186 1 1 82 82 0 1 0
32214 32215 488 186 488 187 1 0 82 81 -13525 32 1
32215 32583 488 187 488 187 0 0 81 81 0 368 0
32583 32584 488 187 488 186 0 1 81 80 13630 32 1
32584 32587 488 186 490 187 1 0 80 77 -13630 32 3
32587 34481 490 187 490 187 0 0 77 77 0 1894 0
34481 34484 490 187 488 186 0 1 77 74 14138 32 3
34484 34487 488 186 488 189 1 0 74 71 -14138 32 3
34487 34801 488 189 488 189 0 0 71 71 0 314 0
34801 34804 488 189 488 186 0 1 71 68 14212 32 3
34804 34806 488 186 490 186 1 0 68 66 -14212 32 2
34806 35688 490 186 490 186 0 0 66 66 0 882 0
35688 35690 490 186 488 186 0 1 66 64 14454 32 2
35690 35691 488 186 488 186 1 1 64 64 0 1 0
35691 35692 488 186 489 186 1 0 64 63 -14454 32 1
35692 35958 489 186 489 186 0 0 63 63 0 266 0
35958 35959 489 186 488 186 0 1 63 62 14526 32 1
35959 35962 488 186 491 186 1 0 62 59 -14526 32 3
35962 36472 491 186 491 186 0 0 59 59 0 510 0
36472 36475 491 186 488 186 0 1 59 56 14653 32 3
36475 36479 488 186 492 186 1 0 56 52 -14653 32 4
36479 36640 492 186 492 186 0 0 52 52 0 161 0
36640 36644 492 186 488 186 0 1 52 48 14692 32 4
36644 36645 488 186 488 186 1 1 48 48 0 1 0
36645 36647 488 186 490 186 1 0 48 46 -14692 32 2
36647 36881 490 186 490 186 0 0 46 46 0 234 0
36881 36883 490 186 488 186 0 1 46 44 14751 32 2
36883 36884 488 186 488 186 1 1 44 44 0 1 0
36884 36885 488 186 489 186 1 0 44 43 -14751 32 1
36885 40299 489 186 489 186 0 0 43 43 0 3414 0
40299 40300 489 186 488 186 0 1 43 42 15749 32 1
40300 40300 488 186 488 186 1 2 42 42 15735 11 0
40300 40305 488 186 488 186 2 2 42 42 0 5 0
40305 40307 488 186 488 188 2 1 42 40 -15749 32 2
40307 40309 488 188 488 190 1 0 40 38 -15735 8 2
40309 40529 488 190 488 190 0 0 38 38 0 220 0
40529 40533 488 190 488 186 0 1 38 34 15888 32 4
40533 40533 488 186 488 186 1 2 34 34 15872 5 0
40533 40535 488 186 490 186 2 1 34 32 -15888 32 2
40535 40538 490 186 489 188 1 0 32 29 -15872 3 3
40538 40984 489 188 489 188 0 0 29 29 0 446 0
40984 40987 489 188 488 186 0 1 29 26 16121 32 3
40987 40988 488 186 489 186 1 0 26 25 -16121 32 1
40988 41930 489 186 489 186 0 0 25 25 0 942 0
41930 41931 489 186 488 186 0 1 25 24 16688 32 1
41931 41932 488 186 489 186 1 0 24 23 -16688 32 1
41932 42119 489 186 489 186 0 0 23 23 0 187 0
42119 42120 489 186 488 186 0 1 23 22 16793 32 1
42120 42125 488 186 492 187 1 0 22 17 -16793 32 5
42125 42429 492 187 492 187 0 0 17 17 0 304 0
42429 42434 492 187 488 186 0 1 17 12 16961 32 5
42434 42436 488 186 490 186 1 0 12 10 -16961 32 2
42436 43061 490 186 490 186 0 0 10 10 0 625 0
43061 43063 490 186 488 186 0 1 10 8 17335 32 2
43063 43068 488 186 488 186 1 1 8 8 0 5 0
43068 43072 488 186 492 186 1 0 8 4 -17335 32 4
43072 43263 492 186 492 186 0 0 4 4 0 191 0
43263 43267 492 186 488 186 0 0 4 0 1000000000 0 4
--------------------------------------
--------------------------------------
EV4
--------------------------------------
Num TPs served = 24
TPs served = 18923 18937 19326 19359 19578 20721 21532 21687 21888 21920 22042 22080 22253 22986 23181 23307 23623 23638 23642 23841 24160 24615 24738 39550
Total energy used = 100
--------------------------------------
Schedule:
0 4754 488 186 488 186 0 0 100 100 0 4754 0
4754 4754 488 186 488 186 0 1 100 100 18923 32 0
4754 4756 488 186 489 187 1 0 100 98 -18923 32 2
4756 4796 489 187 489 187 0 0 98 98 0 40 0
4796 4798 489 187 488 186 0 1 98 96 18937 32 2
4798 4799 488 186 489 186 1 0 96 95 -18937 32 1
4799 5968 489 186 489 186 0 0 95 95 0 1169 0
5968 5969 489 186 488 186 0 1 95 94 19326 32 1
5969 5973 488 186 488 190 1 0 94 90 -19326 32 4
5973 6074 488 190 488 190 0 0 90 90 0 101 0
6074 6078 488 190 488 186 0 1 90 86 19359 32 4
6078 6081 488 186 491 186 1 0 86 83 -19359 32 3
6081 6801 491 186 491 186 0 0 83 83 0 720 0
6801 6804 491 186 488 186 0 1 83 80 19578 32 3
6804 6806 488 186 488 186 1 1 80 80 0 2 0
6806 6809 488 186 491 186 1 0 80 77 -19578 32 3
6809 10015 491 186 491 186 0 0 77 77 0 3206 0
10015 10018 491 186 488 186 0 1 77 74 20721 32 3
10018 10019 488 186 488 186 1 1 74 74 0 1 0
10019 10020 488 186 489 186 1 0 74 73 -20721 32 1
10020 12225 489 186 489 186 0 0 73 73 0 2205 0
12225 12226 489 186 488 186 0 1 73 72 39550 32 1
12226 12226 488 186 488 186 1 2 72 72 21532 4 0
12226 12228 488 186 488 186 2 2 72 72 0 2 0
12228 12229 488 186 488 187 2 1 72 71 -39550 32 1
12229 12230 488 187 489 187 1 0 71 70 -21532 3 1
12230 12646 489 187 489 187 0 0 70 70 0 416 0
12646 12648 489 187 488 186 0 1 70 68 21687 32 2
12648 12650 488 186 490 186 1 0 68 66 -21687 32 2
12650 13138 490 186 490 186 0 0 66 66 0 488 0
13138 13140 490 186 488 186 0 1 66 64 21888 32 2
13140 13141 488 186 489 186 1 0 64 63 -21888 32 1
13141 13232 489 186 489 186 0 0 63 63 0 91 0
13232 13233 489 186 488 186 0 1 63 62 21920 32 1
13233 13236 488 186 491 186 1 0 62 59 -21920 32 3
13236 13569 491 186 491 186 0 0 59 59 0 333 0
13569 13572 491 186 488 186 0 1 59 56 22042 32 3
13572 13574 488 186 489 187 1 0 56 54 -22042 32 2
13574 13673 489 187 489 187 0 0 54 54 0 99 0
13673 13675 489 187 488 186 0 1 54 52 22080 32 2
13675 13677 488 186 488 186 1 1 52 52 0 2 0
13677 13680 488 186 491 186 1 0 52 49 -22080 32 3
13680 14104 491 186 491 186 0 0 49 49 0 424 0
14104 14107 491 186 488 186 0 1 49 46 22253 32 3
14107 14108 488 186 488 187 1 0 46 45 -22253 32 1
14108 15942 488 187 488 187 0 0 45 45 0 1834 0
15942 15943 488 187 488 186 0 1 45 44 22986 32 1
15943 15944 488 186 489 186 1 0 44 43 -22986 32 1
15944 16426 489 186 489 186 0 0 43 43 0 482 0
16426 16427 489 186 488 186 0 1 43 42 23181 32 1
16427 16430 488 186 491 186 1 0 42 39 -23181 32 3
16430 16730 491 186 491 186 0 0 39 39 0 300 0
16730 16733 491 186 488 186 0 1 39 36 23307 32 3
16733 16737 488 186 488 186 1 1 36 36 0 4 0
16737 16740 488 186 491 186 1 0 36 33 -23307 32 3
16740 17456 491 186 491 186 0 0 33 33 0 716 0
17456 17459 491 186 488 186 0 1 33 30 23623 32 3
17459 17463 488 186 491 187 1 0 30 26 -23623 32 4
17463 17495 491 187 491 187 0 0 26 26 0 32 0
17495 17499 491 187 488 186 0 1 26 22 23642 32 4
17499 17499 488 186 488 186 1 2 22 22 23638 25 0
17499 17500 488 186 488 186 2 2 22 22 0 1 0
17500 17501 488 186 489 186 2 1 22 21 -23642 32 1
17501 17504 489 186 488 188 1 0 21 18 -23638 22 3
17504 17927 488 188 488 188 0 0 18 18 0 423 0
17927 17929 488 188 488 186 0 1 18 16 23841 32 2
17929 17931 488 186 488 188 1 0 16 14 -23841 32 2
17931 18640 488 188 488 188 0 0 14 14 0 709 0
18640 18642 488 188 488 186 0 1 14 12 24160 32 2
18642 18643 488 186 489 186 1 0 12 11 -24160 32 1
18643 19650 489 186 489 186 0 0 11 11 0 1007 0
19650 19651 489 186 488 186 0 1 11 10 24615 32 1
19651 19652 488 186 488 186 1 1 10 10 0 1 0
19652 19654 488 186 489 187 1 0 10 8 -24615 32 2
19654 19921 489 187 489 187 0 0 8 8 0 267 0
19921 19923 489 187 488 186 0 1 8 6 24738 32 2
19923 19926 488 186 491 186 1 0 6 3 -24738 32 3
19926 43264 491 186 491 186 0 0 3 3 0 23338 0
43264 43267 491 186 488 186 0 0 3 0 1000000000 0 3
--------------------------------------
--------------------------------------
EV5
--------------------------------------
Num TPs served = 27
TPs served = 24807 27511 27690 27751 27878 28757 29207 29740 29901 30048 30050 30384 30414 30740 30742 30970 31055 31325 31404 31960 32467 34128 34212 34252 34455 34695 34830
Total energy used = 100
--------------------------------------
Schedule:
0 20065 488 186 488 186 0 0 100 100 0 20065 0
20065 20065 488 186 488 186 0 1 100 100 24807 32 0
20065 20067 488 186 490 186 1 0 100 98 -24807 32 2
20067 25584 490 186 490 186 0 0 98 98 0 5517 0
25584 25586 490 186 488 186 0 1 98 96 27511 32 2
25586 25590 488 186 489 189 1 0 96 92 -27511 32 4
25590 25923 489 189 489 189 0 0 92 92 0 333 0
25923 25927 489 189 488 186 0 1 92 88 27690 32 4
25927 25928 488 186 489 186 1 0 88 87 -27690 32 1
25928 26038 489 186 489 186 0 0 87 87 0 110 0
26038 26039 489 186 488 186 0 1 87 86 27751 32 1
26039 26041 488 186 490 186 1 0 86 84 -27751 32 2
26041 26273 490 186 490 186 0 0 84 84 0 232 0
26273 26275 490 186 488 186 0 1 84 82 27878 32 2
26275 26277 488 186 488 186 1 1 82 82 0 2 0
26277 26279 488 186 490 186 1 0 82 80 -27878 32 2
26279 27969 490 186 490 186 0 0 80 80 0 1690 0
27969 27971 490 186 488 186 0 1 80 78 28757 32 2
27971 27975 488 186 488 190 1 0 78 74 -28757 32 4
27975 28904 488 190 488 190 0 0 74 74 0 929 0
28904 28908 488 190 488 186 0 1 74 70 29207 32 4
28908 28909 488 186 488 187 1 0 70 69 -29207 32 1
28909 29959 488 187 488 187 0 0 69 69 0 1050 0
29959 29960 488 187 488 186 0 1 69 68 29740 32 1
29960 29961 488 186 488 186 1 1 68 68 0 1 0
29961 29962 488 186 489 186 1 0 68 67 -29740 32 1
29962 30282 489 186 489 186 0 0 67 67 0 320 0
30282 30283 489 186 488 186 0 1 67 66 29901 32 1
30283 30284 488 186 488 186 1 1 66 66 0 1 0
30284 30287 488 186 490 187 1 0 66 63 -29901 32 3
30287 30568 490 187 490 187 0 0 63 63 0 281 0
30568 30571 490 187 488 186 0 1 63 60 30050 32 3
30571 30571 488 186 488 186 1 2 60 60 30048 28 0
30571 30573 488 186 488 186 2 2 60 60 0 2 0
30573 30575 488 186 490 186 2 1 60 58 -30050 32 2
30575 30578 490 186 488 187 1 0 58 55 -30048 22 3
30578 31235 488 187 488 187 0 0 55 55 0 657 0
31235 31236 488 187 488 186 0 1 55 54 30384 32 1
31236 31237 488 186 488 187 1 0 54 53 -30384 32 1
31237 31289 488 187 488 187 0 0 53 53 0 52 0
31289 31290 488 187 488 186 0 1 53 52 30414 32 1
31290 31291 488 186 489 186 1 0 52 51 -30414 32 1
31291 31966 489 186 489 186 0 0 51 51 0 675 0
31966 31967 489 186 488 186 0 1 51 50 30742 32 1
31967 31967 488 186 488 186 1 2 50 50 30740 27 0
31967 31969 488 186 488 188 2 1 50 48 -30742 32 2
31969 31973 488 188 490 186 1 0 48 44 -30740 23 4
31973 32431 490 186 490 186 0 0 44 44 0 458 0
32431 32433 490 186 488 186 0 1 44 42 30970 32 2
32433 32434 488 186 488 186 1 1 42 42 0 1 0
32434 32435 488 186 488 187 1 0 42 41 -30970 32 1
32435 32614 488 187 488 187 0 0 41 41 0 179 0
32614 32615 488 187 488 186 0 1 41 40 31055 32 1
32615 32617 488 186 488 186 1 1 40 40 0 2 0
32617 32622 488 186 492 187 1 0 40 35 -31055 32 5
32622 33218 492 187 492 187 0 0 35 35 0 596 0
33218 33223 492 187 488 186 0 1 35 30 31325 32 5
33223 33224 488 186 488 186 1 1 30 30 0 1 0
33224 33225 488 186 489 186 1 0 30 29 -31325 32 1
33225 33388 489 186 489 186 0 0 29 29 0 163 0
33388 33389 489 186 488 186 0 1 29 28 31404 32 1
33389 33394 488 186 488 186 1 1 28 28 0 5 0
33394 33395 488 186 489 186 1 0 28 27 -31404 32 1
33395 34605 489 186 489 186 0 0 27 27 0 1210 0
34605 34606 489 186 488 186 0 1 27 26 31960 32 1
34606 34608 488 186 488 188 1 0 26 24 -31960 32 2
34608 35834 488 188 488 188 0 0 24 24 0 1226 0
35834 35836 488 188 488 186 0 1 24 22 32467 32 2
35836 35838 488 186 488 186 1 1 22 22 0 2 0
35838 35841 488 186 491 186 1 0 22 19 -32467 32 3
35841 40159 491 186 491 186 0 0 19 19 0 4318 0
40159 40162 491 186 488 186 0 1 19 16 34128 32 3
40162 40164 488 186 488 188 1 0 16 14 -34128 32 2
40164 40376 488 188 488 188 0 0 14 14 0 212 0
40376 40378 488 188 488 186 0 1 14 12 34212 32 2
40378 40379 488 186 488 187 1 0 12 11 -34212 32 1
40379 40481 488 187 488 187 0 0 11 11 0 102 0
40481 40482 488 187 488 186 0 1 11 10 34252 32 1
40482 40483 488 186 488 186 1 1 10 10 0 1 0
40483 40484 488 186 489 186 1 0 10 9 -34252 32 1
40484 41114 489 186 489 186 0 0 9 9 0 630 0
41114 41115 489 186 488 186 0 1 9 8 34455 32 1
41115 41116 488 186 489 186 1 0 8 7 -34455 32 1
41116 41819 489 186 489 186 0 0 7 7 0 703 0
41819 41820 489 186 488 186 0 1 7 6 34695 32 1
41820 41822 488 186 490 186 1 0 6 4 -34695 32 2
41822 42229 490 186 490 186 0 0 4 4 0 407 0
42229 42231 490 186 488 186 0 1 4 2 34830 32 2
42231 42232 488 186 488 186 1 1 2 2 0 1 0
42232 42233 488 186 488 187 1 0 2 1 -34830 32 1
42233 43266 488 187 488 187 0 0 1 1 0 1033 0
43266 43267 488 187 488 186 0 0 1 0 1000000000 0 1
--------------------------------------
--------------------------------------
EV6
--------------------------------------
Num TPs served = 9
TPs served = 33994 35017 35708 35983 36127 36313 36514 36601 37482
Total energy used = 100
--------------------------------------
Schedule:
0 1646 488 186 488 186 0 0 100 100 0 1646 0
1646 1646 488 186 488 186 0 1 100 100 35708 32 0
1646 1649 488 186 489 188 1 0 100 97 -35708 32 3
1649 2417 489 188 489 188 0 0 97 97 0 768 0
2417 2420 489 188 488 186 0 1 97 94 35983 32 3
2420 2421 488 186 488 186 1 1 94 94 0 1 0
2421 2442 488 186 507 188 1 0 94 73 -35983 32 21
2442 2850 507 188 507 188 0 0 73 73 0 408 0
2850 2871 507 188 488 186 0 1 73 52 36127 32 21
2871 2874 488 186 491 186 1 0 52 49 -36127 32 3
2874 3399 491 186 491 186 0 0 49 49 0 525 0
3399 3402 491 186 488 186 0 1 49 46 36313 32 3
3402 3403 488 186 488 186 1 1 46 46 0 1 0
3403 3405 488 186 490 186 1 0 46 44 -36313 32 2
3405 3978 490 186 490 186 0 0 44 44 0 573 0
3978 3980 490 186 488 186 0 1 44 42 36514 32 2
3980 3982 488 186 488 188 1 0 42 40 -36514 32 2
3982 4244 488 188 488 188 0 0 40 40 0 262 0
4244 4246 488 188 488 186 0 1 40 38 36601 32 2
4246 4251 488 186 491 188 1 0 38 33 -36601 32 5
4251 6859 491 188 491 188 0 0 33 33 0 2608 0
6859 6864 491 188 488 186 0 1 33 28 37482 32 5
6864 6867 488 186 488 186 1 1 28 28 0 3 0
6867 6869 488 186 489 187 1 0 28 26 -37482 32 2
6869 39759 489 187 489 187 0 0 26 26 0 32890 0
39759 39761 489 187 488 186 0 1 26 24 33994 32 2
39761 39770 488 186 488 195 1 0 24 15 -33994 32 9
39770 42793 488 195 488 195 0 0 15 15 0 3023 0
42793 42802 488 195 488 186 0 1 15 6 35017 32 9
42802 42818 488 186 488 186 1 1 6 6 0 16 0
42818 42821 488 186 489 188 1 0 6 3 -35017 32 3
42821 43264 489 188 489 188 0 0 3 3 0 443 0
43264 43267 489 188 488 186 0 0 3 0 1000000000 0 3
--------------------------------------
--------------------------------------
EV7
--------------------------------------
Num TPs served = 20
TPs served = 36778 37402 38109 38909 38949 39012 39077 39146 41084 41150 41216 41231 41619 41714 41904 42246 42817 43246 43554 43601
Total energy used = 100
--------------------------------------
Schedule:
0 4810 488 186 488 186 0 0 100 100 0 4810 0
4810 4810 488 186 488 186 0 1 100 100 36778 32 0
4810 4811 488 186 488 186 1 1 100 100 0 1 0
4811 4815 488 186 492 186 1 0 100 96 -36778 32 4
4815 6616 492 186 492 186 0 0 96 96 0 1801 0
6616 6620 492 186 488 186 0 1 96 92 37402 32 4
6620 6625 488 186 491 188 1 0 92 87 -37402 32 5
6625 8588 491 188 491 188 0 0 87 87 0 1963 0
8588 8593 491 188 488 186 0 1 87 82 38109 32 5
8593 8594 488 186 488 187 1 0 82 81 -38109 32 1
8594 10662 488 187 488 187 0 0 81 81 0 2068 0
10662 10663 488 187 488 186 0 1 81 80 38909 32 1
10663 10665 488 186 488 188 1 0 80 78 -38909 32 2
10665 10749 488 188 488 188 0 0 78 78 0 84 0
10749 10751 488 188 488 186 0 1 78 76 38949 32 2
10751 10752 488 186 489 186 1 0 76 75 -38949 32 1
10752 10881 489 186 489 186 0 0 75 75 0 129 0
10881 10882 489 186 488 186 0 1 75 74 39012 32 1
10882 10883 488 186 488 186 1 1 74 74 0 1 0
10883 10886 488 186 488 189 1 0 74 71 -39012 32 3
10886 11040 488 189 488 189 0 0 71 71 0 154 0
11040 11043 488 189 488 186 0 1 71 68 39077 32 3
11043 11044 488 186 489 186 1 0 68 67 -39077 32 1
11044 11186 489 186 489 186 0 0 67 67 0 142 0
11186 11187 489 186 488 186 0 1 67 66 39146 32 1
11187 11190 488 186 489 188 1 0 66 63 -39146 32 3
11190 16052 489 188 489 188 0 0 63 63 0 4862 0
16052 16055 489 188 488 186 0 1 63 60 41084 32 3
16055 16057 488 186 490 186 1 0 60 58 -41084 32 2
16057 16206 490 186 490 186 0 0 58 58 0 149 0
16206 16208 490 186 488 186 0 1 58 56 41150 32 2
16208 16209 488 186 489 186 1 0 56 55 -41150 32 1
16209 16371 489 186 489 186 0 0 55 55 0 162 0
16371 16372 489 186 488 186 0 1 55 54 41231 32 1
16372 16372 488 186 488 186 1 2 54 54 41216 3 0
16372 16373 488 186 489 186 2 1 54 53 -41231 32 1
16373 16374 489 186 489 187 1 0 53 52 -41216 3 1
16374 17288 489 187 489 187 0 0 52 52 0 914 0
17288 17290 489 187 488 186 0 1 52 50 41619 32 2
17290 17291 488 186 489 186 1 0 50 49 -41619 32 1
17291 17500 489 186 489 186 0 0 49 49 0 209 0
17500 17501 489 186 488 186 0 1 49 48 41714 32 1
17501 17506 488 186 491 188 1 0 48 43 -41714 32 5
17506 17896 491 188 491 188 0 0 43 43 0 390 0
17896 17901 491 188 488 186 0 1 43 38 41904 32 5
17901 17902 488 186 489 186 1 0 38 37 -41904 32 1
17902 18626 489 186 489 186 0 0 37 37 0 724 0
18626 18627 489 186 488 186 0 1 37 36 42246 32 1
18627 18628 488 186 488 186 1 1 36 36 0 1 0
18628 18641 488 186 499 188 1 0 36 23 -42246 32 13
18641 19842 499 188 499 188 0 0 23 23 0 1201 0
19842 19855 499 188 488 186 0 1 23 10 42817 32 13
19855 19857 488 186 490 186 1 0 10 8 -42817 32 2
19857 20687 490 186 490 186 0 0 8 8 0 830 0
20687 20689 490 186 488 186 0 1 8 6 43246 32 2
20689 20690 488 186 489 186 1 0 6 5 -43246 32 1
20690 21308 489 186 489 186 0 0 5 5 0 618 0
21308 21309 489 186 488 186 0 1 5 4 43554 32 1
21309 21310 488 186 489 186 1 0 4 3 -43554 32 1
21310 21401 489 186 489 186 0 0 3 3 0 91 0
21401 21402 489 186 488 186 0 1 3 2 43601 32 1
21402 21403 488 186 488 187 1 0 2 1 -43601 32 1
21403 43266 488 187 488 187 0 0 1 1 0 21863 0
43266 43267 488 187 488 186 0 0 1 0 1000000000 0 1
--------------------------------------

-------------------------------------------------------------------------

TPs

-------------------------------------------------------------------------

----------------------
TP61 allocated to 1
----------------------

----------------------
TP650 allocated to 1
----------------------

----------------------
TP827 allocated to 1
----------------------

----------------------
TP869 allocated to 1
----------------------

----------------------
TP1212 allocated to 1
----------------------

----------------------
TP2123 allocated to 1
----------------------

----------------------
TP2528 allocated to 1
----------------------

----------------------
TP2726 allocated to 1
----------------------

----------------------
TP2837 allocated to 1
----------------------

----------------------
TP4121 allocated to 1
----------------------

----------------------
TP4681 allocated to 1
----------------------

----------------------
TP4697 allocated to 1
----------------------

----------------------
TP4701 allocated to 1
----------------------

----------------------
TP4727 allocated to 1
----------------------

----------------------
TP4821 allocated to 1
----------------------

----------------------
TP4882 allocated to 1
----------------------

----------------------
TP5277 allocated to 1
----------------------

----------------------
TP5341 allocated to 2
----------------------

----------------------
TP5404 allocated to 2
----------------------

----------------------
TP5934 allocated to 2
----------------------

----------------------
TP6705 allocated to 2
----------------------

----------------------
TP6887 allocated to 2
----------------------

----------------------
TP6928 allocated to 2
----------------------

----------------------
TP8337 allocated to 2
----------------------

----------------------
TP8420 allocated to 1
----------------------

----------------------
TP8570 allocated to 2
----------------------

----------------------
TP8604 allocated to 2
----------------------

----------------------
TP8902 allocated to 2
----------------------

----------------------
TP9426 allocated to 2
----------------------

----------------------
TP10020 allocated to 2
----------------------

----------------------
TP10060 allocated to 2
----------------------

----------------------
TP10149 allocated to 2
----------------------

----------------------
TP10880 allocated to 2
----------------------

----------------------
TP11171 allocated to 2
----------------------

----------------------
TP11337 allocated to 2
----------------------

----------------------
TP12082 allocated to 2
----------------------

----------------------
TP12160 allocated to 2
----------------------

----------------------
TP13216 allocated to 2
----------------------

----------------------
TP13372 allocated to 3
----------------------

----------------------
TP13525 allocated to 3
----------------------

----------------------
TP13630 allocated to 3
----------------------

----------------------
TP13805 allocated to 1
----------------------

----------------------
TP14138 allocated to 3
----------------------

----------------------
TP14212 allocated to 3
----------------------

----------------------
TP14454 allocated to 3
----------------------

----------------------
TP14526 allocated to 3
----------------------

----------------------
TP14653 allocated to 3
----------------------

----------------------
TP14692 allocated to 3
----------------------

----------------------
TP14751 allocated to 3
----------------------

----------------------
TP15735 allocated to 3
----------------------

----------------------
TP15749 allocated to 3
----------------------

----------------------
TP15872 allocated to 3
----------------------

----------------------
TP15888 allocated to 3
----------------------

----------------------
TP15987 allocated to 1
----------------------

----------------------
TP16121 allocated to 3
----------------------

----------------------
TP16688 allocated to 3
----------------------

----------------------
TP16793 allocated to 3
----------------------

----------------------
TP16961 allocated to 3
----------------------

----------------------
TP17335 allocated to 3
----------------------

----------------------
TP17526 allocated to 1
----------------------

----------------------
TP17554 allocated to 3
----------------------

----------------------
TP17706 allocated to 3
----------------------

----------------------
TP17981 allocated to 3
----------------------

----------------------
TP18092 allocated to 1
----------------------

----------------------
TP18376 allocated to 3
----------------------

----------------------
TP18832 allocated to 1
----------------------

----------------------
TP18923 allocated to 4
----------------------

----------------------
TP18937 allocated to 4
----------------------

----------------------
TP18957 allocated to 1
----------------------

----------------------
TP19326 allocated to 4
----------------------

----------------------
TP19359 allocated to 4
----------------------

----------------------
TP19578 allocated to 4
----------------------

----------------------
TP19994 allocated to 1
----------------------

----------------------
TP20721 allocated to 4
----------------------

----------------------
TP21532 allocated to 4
----------------------

----------------------
TP21567 allocated to 1
----------------------

----------------------
TP21687 allocated to 4
----------------------

----------------------
TP21888 allocated to 4
----------------------

----------------------
TP21920 allocated to 4
----------------------

----------------------
TP22042 allocated to 4
----------------------

----------------------
TP22080 allocated to 4
----------------------

----------------------
TP22253 allocated to 4
----------------------

----------------------
TP22986 allocated to 4
----------------------

----------------------
TP23181 allocated to 4
----------------------

----------------------
TP23307 allocated to 4
----------------------

----------------------
TP23623 allocated to 4
----------------------

----------------------
TP23638 allocated to 4
----------------------

----------------------
TP23642 allocated to 4
----------------------

----------------------
TP23841 allocated to 4
----------------------

----------------------
TP24160 allocated to 4
----------------------

----------------------
TP24615 allocated to 4
----------------------

----------------------
TP24738 allocated to 4
----------------------

----------------------
TP24807 allocated to 5
----------------------

----------------------
TP24859 allocated to 1
----------------------

----------------------
TP27511 allocated to 5
----------------------

----------------------
TP27690 allocated to 5
----------------------

----------------------
TP27751 allocated to 5
----------------------

----------------------
TP27878 allocated to 5
----------------------

----------------------
TP28757 allocated to 5
----------------------

----------------------
TP29207 allocated to 5
----------------------

----------------------
TP29740 allocated to 5
----------------------

----------------------
TP29901 allocated to 5
----------------------

----------------------
TP30048 allocated to 5
----------------------

----------------------
TP30050 allocated to 5
----------------------

----------------------
TP30384 allocated to 5
----------------------

----------------------
TP30414 allocated to 5
----------------------

----------------------
TP30740 allocated to 5
----------------------

----------------------
TP30742 allocated to 5
----------------------

----------------------
TP30970 allocated to 5
----------------------

----------------------
TP31055 allocated to 5
----------------------

----------------------
TP31074 allocated to 1
----------------------

----------------------
TP31325 allocated to 5
----------------------

----------------------
TP31404 allocated to 5
----------------------

----------------------
TP31960 allocated to 5
----------------------

----------------------
TP32467 allocated to 5
----------------------

----------------------
TP32699 allocated to 1
----------------------

----------------------
TP33994 allocated to 6
----------------------

----------------------
TP34028 allocated to 1
----------------------

----------------------
TP34128 allocated to 5
----------------------

----------------------
TP34212 allocated to 5
----------------------

----------------------
TP34252 allocated to 5
----------------------

----------------------
TP34455 allocated to 5
----------------------

----------------------
TP34695 allocated to 5
----------------------

----------------------
TP34830 allocated to 5
----------------------

----------------------
TP35017 allocated to 6
----------------------

----------------------
TP35177 allocated to 1
----------------------

----------------------
TP35708 allocated to 6
----------------------

----------------------
TP35983 allocated to 6
----------------------

----------------------
TP36127 allocated to 6
----------------------

----------------------
TP36313 allocated to 6
----------------------

----------------------
TP36514 allocated to 6
----------------------

----------------------
TP36601 allocated to 6
----------------------

----------------------
TP36778 allocated to 7
----------------------

----------------------
TP37273 allocated to 1
----------------------

----------------------
TP37402 allocated to 7
----------------------

----------------------
TP37482 allocated to 6
----------------------

----------------------
TP38109 allocated to 7
----------------------

----------------------
TP38579 allocated to 2
----------------------

----------------------
TP38909 allocated to 7
----------------------

----------------------
TP38949 allocated to 7
----------------------

----------------------
TP39012 allocated to 7
----------------------

----------------------
TP39077 allocated to 7
----------------------

----------------------
TP39146 allocated to 7
----------------------

----------------------
TP39550 allocated to 4
----------------------

----------------------
TP39700 allocated to 1
----------------------

----------------------
TP41084 allocated to 7
----------------------

----------------------
TP41150 allocated to 7
----------------------

----------------------
TP41216 allocated to 7
----------------------

----------------------
TP41231 allocated to 7
----------------------

----------------------
TP41619 allocated to 7
----------------------

----------------------
TP41714 allocated to 7
----------------------

----------------------
TP41904 allocated to 7
----------------------

----------------------
TP42246 allocated to 7
----------------------

----------------------
TP42817 allocated to 7
----------------------

----------------------
TP43246 allocated to 7
----------------------

----------------------
TP43554 allocated to 7
----------------------

----------------------
TP43601 allocated to 7
----------------------

----------------------
TP43854 not allocated
----------------------

----------------------
TP44298 not allocated
----------------------

----------------------
TP44616 not allocated
----------------------

----------------------
TP44708 not allocated
----------------------

----------------------
TP45004 not allocated
----------------------

----------------------
TP45143 not allocated
----------------------

----------------------
TP45168 not allocated
----------------------

----------------------
TP45419 not allocated
----------------------

----------------------
TP45656 not allocated
----------------------

----------------------
TP45895 not allocated
----------------------

----------------------
TP45948 not allocated
----------------------

----------------------
TP46239 not allocated
----------------------

----------------------
TP46583 not allocated
----------------------

----------------------
TP46732 not allocated
----------------------

----------------------
TP46963 not allocated
----------------------

----------------------
TP47103 not allocated
----------------------

----------------------
TP47287 not allocated
----------------------

----------------------
TP47353 not allocated
----------------------

----------------------
TP47862 not allocated
----------------------

----------------------
TP47994 allocated to 1
----------------------

----------------------
TP48415 not allocated
----------------------

----------------------
TP48514 not allocated
----------------------

----------------------
TP48567 not allocated
----------------------

----------------------
TP48629 not allocated
----------------------

----------------------
TP48757 not allocated
----------------------

----------------------
TP48870 not allocated
----------------------

----------------------
TP49135 not allocated
----------------------

----------------------
TP49185 not allocated
----------------------

----------------------
TP49643 not allocated
----------------------

-------------------------------------------------------------------------

Ride-sharing vs Individual Mode - Num Vehicles and Distance Comparisson 

-------------------------------------------------------------------------
Individual Mode = 186 vehicles.
Ride-sharing Mode = 35 vehicles. The 7 ride-sharing vehicles + 28 vehicles of the individuals not served by the ride-sharing service.
-------------------------------------------------------------------------
Individual Mode = 432 distance.
Ride-sharing Mode = 772 distance. 700 from the EV fleet + 72 from the distance of the trips not covered individuals had to do with their own vehicle.
-------------------------------------------------------------------------
