-------------------------------------------------------------------------
TPs satisfied = 205; Total TPs = 205; Percentage Satisfied + 100.0%
-------------------------------------------------------------------------

-------------------------------------------------------------------------

EVs

-------------------------------------------------------------------------
--------------------------------------
EV1
--------------------------------------
Num TPs served = 52
TPs served = 96 355 429 530 637 683 748 844 1610 1938 2047 2255 2781 2850 3289 3311 3708 3988 4102 5024 5139 5403 5719 6986 7724 7980 8464 8599 9360 11798 13569 13687 15157 17659 19288 19363 19801 27609 27801 31582 32238 33373 33657 35942 36411 36686 40685 42039 42266 48850 49215 49528
Total energy used = 100
--------------------------------------
Schedule:
0 192 854 372 854 372 0 0 100 100 0 192 0
192 192 854 372 854 372 0 1 100 100 96 32 0
192 195 854 372 854 372 1 1 100 100 0 3 0
195 198 854 372 857 372 1 0 100 97 -96 32 3
198 670 857 372 857 372 0 0 97 97 0 472 0
670 673 857 372 854 372 0 1 97 94 355 32 3
673 675 854 372 856 372 1 0 94 92 -355 32 2
675 767 856 372 856 372 0 0 92 92 0 92 0
767 769 856 372 854 372 0 1 92 90 17659 32 2
769 785 854 372 854 372 1 1 90 90 0 16 0
785 785 854 372 854 372 1 2 90 90 429 32 0
785 786 854 372 855 372 2 1 90 89 -17659 16 1
786 786 855 372 855 372 1 0 89 89 -429 32 0
786 956 855 372 855 372 0 0 89 89 0 170 0
956 957 855 372 854 372 0 1 89 88 530 32 1
957 960 854 372 857 372 1 0 88 85 -530 32 3
960 1138 857 372 857 372 0 0 85 85 0 178 0
1138 1141 857 372 854 372 0 1 85 82 637 32 3
1141 1142 854 372 854 372 1 1 82 82 0 1 0
1142 1144 854 372 856 372 1 0 82 80 -637 32 2
1144 1221 856 372 856 372 0 0 80 80 0 77 0
1221 1223 856 372 854 372 0 1 80 78 683 32 2
1223 1225 854 372 854 372 1 1 78 78 0 2 0
1225 1225 854 372 854 372 1 0 78 78 -683 32 0
1225 1347 854 372 854 372 0 0 78 78 0 122 0
1347 1347 854 372 854 372 0 1 78 78 748 32 0
1347 1350 854 372 854 372 1 1 78 78 0 3 0
1350 1352 854 372 855 373 1 0 78 76 -748 32 2
1352 1495 855 373 855 373 0 0 76 76 0 143 0
1495 1497 855 373 854 372 0 1 76 74 844 32 2
1497 1499 854 372 855 373 1 0 74 72 -844 32 2
1499 2309 855 373 855 373 0 0 72 72 0 810 0
2309 2311 855 373 854 372 0 1 72 70 35942 32 2
2311 2313 854 372 854 372 1 1 70 70 0 2 0
2313 2313 854 372 854 372 1 0 70 70 -35942 32 0
2313 2816 854 372 854 372 0 0 70 70 0 503 0
2816 2816 854 372 854 372 0 1 70 70 1610 32 0
2816 2818 854 372 854 374 1 0 70 68 -1610 32 2
2818 3406 854 374 854 374 0 0 68 68 0 588 0
3406 3408 854 374 854 372 0 1 68 66 1938 32 2
3408 3411 854 372 855 374 1 0 66 63 -1938 32 3
3411 3590 855 374 855 374 0 0 63 63 0 179 0
3590 3593 855 374 854 372 0 1 63 60 2047 32 3
3593 3596 854 372 857 372 1 0 60 57 -2047 32 3
3596 3685 857 372 857 372 0 0 57 57 0 89 0
3685 3688 857 372 854 372 0 1 57 54 36411 32 3
3688 3691 854 372 854 372 1 1 54 54 0 3 0
3691 3691 854 372 854 372 1 0 54 54 -36411 32 0
3691 4003 854 372 854 372 0 0 54 54 0 312 0
4003 4003 854 372 854 372 0 1 54 54 2255 32 0
4003 4006 854 372 854 372 1 1 54 54 0 3 0
4006 4007 854 372 855 372 1 0 54 53 -2255 32 1
4007 4546 855 372 855 372 0 0 53 53 0 539 0
4546 4547 855 372 854 372 0 1 53 52 36686 32 1
4547 4549 854 372 854 372 1 1 52 52 0 2 0
4549 4549 854 372 854 372 1 0 52 52 -36686 32 0
4549 4955 854 372 854 372 0 0 52 52 0 406 0
4955 4955 854 372 854 372 0 1 52 52 2781 32 0
4955 4957 854 372 854 372 1 1 52 52 0 2 0
4957 4959 854 372 854 374 1 0 52 50 -2781 32 2
4959 5079 854 374 854 374 0 0 50 50 0 120 0
5079 5081 854 374 854 372 0 1 50 48 2850 32 2
5081 5083 854 372 856 372 1 0 48 46 -2850 32 2
5083 5849 856 372 856 372 0 0 46 46 0 766 0
5849 5851 856 372 854 372 0 1 46 44 19288 32 2
5851 5853 854 372 854 372 1 1 44 44 0 2 0
5853 5853 854 372 854 372 1 0 44 44 -19288 32 0
5853 5866 854 372 854 372 0 0 44 44 0 13 0
5866 5866 854 372 854 372 0 1 44 44 3289 32 0
5866 5868 854 372 854 372 1 1 44 44 0 2 0
5868 5870 854 372 855 373 1 0 44 42 -3289 32 2
5870 5902 855 373 855 373 0 0 42 42 0 32 0
5902 5904 855 373 854 372 0 1 42 40 3311 32 2
5904 5908 854 372 858 372 1 0 40 36 -3311 32 4
5908 6082 858 372 858 372 0 0 36 36 0 174 0
6082 6086 858 372 854 372 0 1 36 32 19363 32 4
6086 6090 854 372 854 372 1 1 32 32 0 4 0
6090 6090 854 372 854 372 1 0 32 32 -19363 32 0
6090 6651 854 372 854 372 0 0 32 32 0 561 0
6651 6651 854 372 854 372 0 1 32 32 3708 32 0
6651 6652 854 372 854 372 1 1 32 32 0 1 0
6652 6652 854 372 854 372 1 0 32 32 -3708 32 0
6652 7175 854 372 854 372 0 0 32 32 0 523 0
7175 7175 854 372 854 372 0 1 32 32 3988 32 0
7175 7177 854 372 855 373 1 0 32 30 -3988 32 2
7177 7409 855 373 855 373 0 0 30 30 0 232 0
7409 7411 855 373 854 372 0 1 30 28 19801 32 2
7411 7411 854 372 854 372 1 2 28 28 4102 3 0
7411 7413 854 372 854 372 2 2 28 28 0 2 0
7413 7416 854 372 857 372 2 1 28 25 -19801 32 3
7416 7418 857 372 859 372 1 0 25 23 -4102 3 2
7418 9110 859 372 859 372 0 0 23 23 0 1692 0
9110 9115 859 372 854 372 0 1 23 18 5024 32 5
9115 9116 854 372 855 372 1 0 18 17 -5024 32 1
9116 9328 855 372 855 372 0 0 17 17 0 212 0
9328 9329 855 372 854 372 0 1 17 16 5139 32 1
9329 9330 854 372 854 373 1 0 16 15 -5139 32 1
9330 9824 854 373 854 373 0 0 15 15 0 494 0
9824 9825 854 373 854 372 0 1 15 14 5403 32 1
9825 9827 854 372 856 372 1 0 14 12 -5403 32 2
9827 10448 856 372 856 372 0 0 12 12 0 621 0
10448 10450 856 372 854 372 0 1 12 10 5719 32 2
10450 10459 854 372 854 372 1 1 10 10 0 9 0
10459 10460 854 372 855 372 1 0 10 9 -5719 32 1
10460 12985 855 372 855 372 0 0 9 9 0 2525 0
12985 12986 855 372 854 372 0 1 9 8 6986 32 1
12986 12989 854 372 854 372 1 1 8 8 0 3 0
12989 12989 854 372 854 372 1 0 8 8 -6986 32 0
12989 14594 854 372 854 372 0 0 8 8 0 1605 0
14594 14594 854 372 854 372 0 1 8 8 7724 32 0
14594 14595 854 372 854 372 1 1 8 8 0 1 0
14595 14596 854 372 854 373 1 0 8 7 -7724 32 1
14596 15160 854 373 854 373 0 0 7 7 0 564 0
15160 15161 854 373 854 372 0 1 7 6 40685 32 1
15161 15161 854 372 854 372 1 2 6 6 7980 27 0
15161 15162 854 372 854 373 2 1 6 5 -40685 32 1
15162 15163 854 373 854 373 1 1 5 5 0 1 0
15163 15163 854 373 854 373 1 0 5 5 -7980 32 0
15163 16285 854 373 854 373 0 0 5 5 0 1122 0
16285 16286 854 373 854 372 0 1 5 4 8464 32 1
16286 16287 854 372 854 373 1 0 4 3 -8464 32 1
16287 16616 854 373 854 373 0 0 3 3 0 329 0
16616 16617 854 373 854 372 0 1 3 2 8599 32 1
16617 16618 854 372 855 372 1 0 2 1 -8599 32 1
16618 18187 855 372 855 372 0 0 1 1 0 1569 0
18187 18188 855 372 854 372 0 1 1 0 42039 32 1
18188 18189 854 372 854 372 1 1 0 0 0 1 0
18189 18189 854 372 854 372 1 0 0 0 -42039 32 0
18189 18662 854 372 854 372 0 0 0 0 0 473 0
18662 18662 854 372 854 372 0 1 0 0 42266 32 0
18662 18662 854 372 854 372 1 2 0 0 9360 16 0
18662 18662 854 372 854 372 2 1 0 0 -9360 24 0
18662 18663 854 372 854 372 1 1 0 0 0 1 0
18663 18663 854 372 854 372 1 0 0 0 -42266 32 0
18663 25782 854 372 854 372 0 0 0 0 0 7119 0
25782 25782 854 372 854 372 0 1 0 0 27609 32 0
25782 25784 854 372 854 372 1 1 0 0 0 2 0
25784 25784 854 372 854 372 1 0 0 0 -27609 32 0
25784 26006 854 372 854 372 0 0 0 0 0 222 0
26006 26006 854 372 854 372 0 1 0 0 11798 32 0
26006 26007 854 372 854 372 1 1 0 0 0 1 0
26007 26007 854 372 854 372 1 0 0 0 -11798 32 0
26007 26137 854 372 854 372 0 0 0 0 0 130 0
26137 26137 854 372 854 372 0 1 0 0 27801 32 0
26137 26138 854 372 854 372 1 1 0 0 0 1 0
26138 26138 854 372 854 372 1 0 0 0 -27801 32 0
26138 30760 854 372 854 372 0 0 0 0 0 4622 0
30760 30760 854 372 854 372 0 1 0 0 48850 32 0
30760 30761 854 372 854 372 1 1 0 0 0 1 0
30761 30761 854 372 854 372 1 0 0 0 -48850 32 0
30761 31373 854 372 854 372 0 0 0 0 0 612 0
31373 31373 854 372 854 372 0 1 0 0 49215 32 0
31373 31374 854 372 854 372 1 1 0 0 0 1 0
31374 31374 854 372 854 372 1 0 0 0 -49215 32 0
31374 31951 854 372 854 372 0 0 0 0 0 577 0
31951 31951 854 372 854 372 0 1 0 0 49528 32 0
31951 31952 854 372 854 372 1 1 0 0 0 1 0
31952 31952 854 372 854 372 1 0 0 0 -49528 32 0
31952 32395 854 372 854 372 0 0 0 0 0 443 0
32395 32395 854 372 854 372 0 1 0 0 13569 32 0
32395 32396 854 372 854 372 1 1 0 0 0 1 0
32396 32396 854 372 854 372 1 0 0 0 -13569 32 0
32396 32772 854 372 854 372 0 0 0 0 0 376 0
32772 32772 854 372 854 372 0 1 0 0 13687 32 0
32772 32774 854 372 854 372 1 1 0 0 0 2 0
32774 32774 854 372 854 372 1 0 0 0 -13687 32 0
32774 33797 854 372 854 372 0 0 0 0 0 1023 0
33797 33797 854 372 854 372 0 1 0 0 31582 32 0
33797 33798 854 372 854 372 1 1 0 0 0 1 0
33798 33798 854 372 854 372 1 0 0 0 -31582 32 0
33798 35306 854 372 854 372 0 0 0 0 0 1508 0
35306 35306 854 372 854 372 0 1 0 0 32238 32 0
35306 35307 854 372 854 372 1 1 0 0 0 1 0
35307 35307 854 372 854 372 1 0 0 0 -32238 32 0
35307 38107 854 372 854 372 0 0 0 0 0 2800 0
38107 38107 854 372 854 372 0 1 0 0 33373 32 0
38107 38109 854 372 854 372 1 1 0 0 0 2 0
38109 38109 854 372 854 372 1 0 0 0 -33373 32 0
38109 38442 854 372 854 372 0 0 0 0 0 333 0
38442 38442 854 372 854 372 0 1 0 0 15157 32 0
38442 38444 854 372 854 372 1 1 0 0 0 2 0
38444 38444 854 372 854 372 1 0 0 0 -15157 32 0
38444 38875 854 372 854 372 0 0 0 0 0 431 0
38875 38875 854 372 854 372 0 1 0 0 33657 32 0
38875 38877 854 372 854 372 1 1 0 0 0 2 0
38877 38877 854 372 854 372 1 0 0 0 -33657 32 0
38877 43267 854 372 854 372 0 0 0 0 0 4390 0
43267 43267 854 372 854 372 0 0 0 0 1000000000 0 0
--------------------------------------
--------------------------------------
EV2
--------------------------------------
Num TPs served = 17
TPs served = 4170 5775 5876 8064 9041 9099 10412 11261 11518 11681 11799 12039 12520 12799 13240 25507 47601
Total energy used = 100
--------------------------------------
Schedule:
0 7509 854 372 854 372 0 0 100 100 0 7509 0
7509 7509 854 372 854 372 0 1 100 100 4170 32 0
7509 7510 854 372 854 372 1 1 100 100 0 1 0
7510 7520 854 372 862 374 1 0 100 90 -4170 32 10
7520 10556 862 374 862 374 0 0 90 90 0 3036 0
10556 10566 862 374 854 372 0 1 90 80 5775 32 10
10566 10576 854 372 854 372 1 1 80 80 0 10 0
10576 10581 854 372 857 374 1 0 80 75 -5775 32 5
10581 10741 857 374 857 374 0 0 75 75 0 160 0
10741 10746 857 374 854 372 0 1 75 70 5876 32 5
10746 10749 854 372 854 372 1 1 70 70 0 3 0
10749 10755 854 372 860 372 1 0 70 64 -5876 32 6
10755 15351 860 372 860 372 0 0 64 64 0 4596 0
15351 15357 860 372 854 372 0 1 64 58 8064 32 6
15357 15360 854 372 855 374 1 0 58 55 -8064 32 3
15360 17735 855 374 855 374 0 0 55 55 0 2375 0
17735 17738 855 374 854 372 0 1 55 52 9041 32 3
17738 17740 854 372 856 372 1 0 52 50 -9041 32 2
17740 17886 856 372 856 372 0 0 50 50 0 146 0
17886 17888 856 372 854 372 0 1 50 48 9099 32 2
17888 17891 854 372 857 372 1 0 48 45 -9099 32 3
17891 21605 857 372 857 372 0 0 45 45 0 3714 0
21605 21608 857 372 854 372 0 1 45 42 25507 32 3
21608 21608 854 372 854 372 1 2 42 42 10412 9 0
21608 21609 854 372 855 372 2 1 42 41 -25507 32 1
21609 21610 855 372 856 372 1 0 41 40 -10412 9 1
21610 24144 856 372 856 372 0 0 40 40 0 2534 0
24144 24146 856 372 854 372 0 1 40 38 11261 32 2
24146 24150 854 372 854 372 1 1 38 38 0 4 0
24150 24151 854 372 855 372 1 0 38 37 -11261 32 1
24151 25045 855 372 855 372 0 0 37 37 0 894 0
25045 25046 855 372 854 372 0 1 37 36 11518 32 1
25046 25049 854 372 857 372 1 0 36 33 -11518 32 3
25049 25625 857 372 857 372 0 0 33 33 0 576 0
25625 25628 857 372 854 372 0 1 33 30 11681 32 3
25628 25630 854 372 855 373 1 0 30 28 -11681 32 2
25630 26008 855 373 855 373 0 0 28 28 0 378 0
26008 26010 855 373 854 372 0 1 28 26 11799 32 2
26010 26015 854 372 857 374 1 0 26 21 -11799 32 5
26015 26858 857 374 857 374 0 0 21 21 0 843 0
26858 26863 857 374 854 372 0 1 21 16 12039 32 5
26863 26865 854 372 854 372 1 1 16 16 0 2 0
26865 26867 854 372 855 373 1 0 16 14 -12039 32 2
26867 28534 855 373 855 373 0 0 14 14 0 1667 0
28534 28536 855 373 854 372 0 1 14 12 47601 32 2
28536 28536 854 372 854 372 1 2 12 12 12520 19 0
28536 28537 854 372 854 372 2 2 12 12 0 1 0
28537 28540 854 372 857 372 2 1 12 9 -47601 32 3
28540 28540 857 372 857 372 1 0 9 9 -12520 18 0
28540 29548 857 372 857 372 0 0 9 9 0 1008 0
29548 29551 857 372 854 372 0 1 9 6 12799 32 3
29551 29553 854 372 856 372 1 0 6 4 -12799 32 2
29553 31110 856 372 856 372 0 0 4 4 0 1557 0
31110 31112 856 372 854 372 0 1 4 2 13240 32 2
31112 31114 854 372 854 372 1 1 2 2 0 2 0
31114 31115 854 372 854 373 1 0 2 1 -13240 32 1
31115 43266 854 373 854 373 0 0 1 1 0 12151 0
43266 43267 854 373 854 372 0 0 1 0 1000000000 0 1
--------------------------------------
--------------------------------------
EV3
--------------------------------------
Num TPs served = 11
TPs served = 12877 12890 12978 14573 14574 15216 15285 15516 16130 16574 17859
Total energy used = 100
--------------------------------------
Schedule:
0 1417 854 372 854 372 0 0 100 100 0 1417 0
1417 1417 854 372 854 372 0 1 100 100 17859 32 0
1417 1418 854 372 854 372 1 1 100 100 0 1 0
1418 1421 854 372 856 373 1 0 100 97 -17859 32 3
1421 29846 856 373 856 373 0 0 97 97 0 28425 0
29846 29849 856 373 854 372 0 1 97 94 12877 32 3
29849 29852 854 372 854 372 1 1 94 94 0 3 0
29852 29854 854 372 855 373 1 0 94 92 -12877 32 2
29854 29901 855 373 855 373 0 0 92 92 0 47 0
29901 29903 855 373 854 372 0 1 92 90 12890 32 2
29903 29905 854 372 854 372 1 1 90 90 0 2 0
29905 29910 854 372 856 375 1 0 90 85 -12890 32 5
29910 30210 856 375 856 375 0 0 85 85 0 300 0
30210 30215 856 375 854 372 0 1 85 80 12978 32 5
30215 30217 854 372 855 373 1 0 80 78 -12978 32 2
30217 36153 855 373 855 373 0 0 78 78 0 5936 0
36153 36155 855 373 854 372 0 1 78 76 14574 32 2
36155 36155 854 372 854 372 1 2 76 76 14573 31 0
36155 36159 854 372 857 373 2 1 76 72 -14574 32 4
36159 36160 857 373 856 373 1 0 72 71 -14573 31 1
36160 38665 856 373 856 373 0 0 71 71 0 2505 0
38665 38668 856 373 854 372 0 1 71 68 15216 32 3
38668 38670 854 372 854 372 1 1 68 68 0 2 0
38670 38677 854 372 861 372 1 0 68 61 -15216 32 7
38677 38905 861 372 861 372 0 0 61 61 0 228 0
38905 38912 861 372 854 372 0 1 61 54 15285 32 7
38912 38924 854 372 854 372 1 1 54 54 0 12 0
38924 38943 854 372 854 391 1 0 54 35 -15285 32 19
38943 39770 854 391 854 391 0 0 35 35 0 827 0
39770 39789 854 391 854 372 0 1 35 16 15516 32 19
39789 39791 854 372 855 373 1 0 16 14 -15516 32 2
39791 41000 855 373 855 373 0 0 14 14 0 1209 0
41000 41002 855 373 854 372 0 1 14 12 16130 32 2
41002 41003 854 372 854 372 1 1 12 12 0 1 0
41003 41006 854 372 857 372 1 0 12 9 -16130 32 3
41006 41738 857 372 857 372 0 0 9 9 0 732 0
41738 41741 857 372 854 372 0 1 9 6 16574 32 3
41741 41742 854 372 854 372 1 1 6 6 0 1 0
41742 41745 854 372 855 374 1 0 6 3 -16574 32 3
41745 43264 855 374 855 374 0 0 3 3 0 1519 0
43264 43267 855 374 854 372 0 0 3 0 1000000000 0 3
--------------------------------------
--------------------------------------
EV4
--------------------------------------
Num TPs served = 16
TPs served = 16899 17535 18098 18193 18661 18676 19040 19285 19628 19647 21397 21604 21809 22107 37519 39833
Total energy used = 100
--------------------------------------
Schedule:
0 385 854 372 854 372 0 0 100 100 0 385 0
385 385 854 372 854 372 0 1 100 100 17535 32 0
385 395 854 372 858 378 1 0 100 90 -17535 32 10
395 2100 858 378 858 378 0 0 90 90 0 1705 0
2100 2110 858 378 854 372 0 1 90 80 18098 32 10
2110 2111 854 372 854 372 1 1 80 80 0 1 0
2111 2113 854 372 856 372 1 0 80 78 -18098 32 2
2113 2417 856 372 856 372 0 0 78 78 0 304 0
2417 2419 856 372 854 372 0 1 78 76 18193 32 2
2419 2420 854 372 854 372 1 1 76 76 0 1 0
2420 2421 854 372 855 372 1 0 76 75 -18193 32 1
2421 3892 855 372 855 372 0 0 75 75 0 1471 0
3892 3893 855 372 854 372 0 1 75 74 18661 32 1
3893 3894 854 372 855 372 1 0 74 73 -18661 32 1
3894 3949 855 372 855 372 0 0 73 73 0 55 0
3949 3950 855 372 854 372 0 1 73 72 18676 32 1
3950 3952 854 372 854 374 1 0 72 70 -18676 32 2
3952 5120 854 374 854 374 0 0 70 70 0 1168 0
5120 5122 854 374 854 372 0 1 70 68 19040 32 2
5122 5125 854 372 854 372 1 1 68 68 0 3 0
5125 5126 854 372 855 372 1 0 68 67 -19040 32 1
5126 5838 855 372 855 372 0 0 67 67 0 712 0
5838 5839 855 372 854 372 0 1 67 66 19285 32 1
5839 5842 854 372 854 375 1 0 66 63 -19285 32 3
5842 6944 854 375 854 375 0 0 63 63 0 1102 0
6944 6947 854 375 854 372 0 1 63 60 19628 32 3
6947 6979 854 372 854 372 1 1 60 60 0 32 0
6979 6979 854 372 854 372 1 2 60 60 37519 32 0
6979 6980 854 372 855 372 2 1 60 59 -37519 32 1
6980 6981 855 372 856 372 1 0 59 58 -19628 0 1
6981 6999 856 372 856 372 0 0 58 58 0 18 0
6999 7001 856 372 854 372 0 1 58 56 19647 32 2
7001 7003 854 372 854 372 1 1 56 56 0 2 0
7003 7005 854 372 855 373 1 0 56 54 -19647 32 2
7005 11835 855 373 855 373 0 0 54 54 0 4830 0
11835 11837 855 373 854 372 0 1 54 52 21397 32 2
11837 11839 854 372 856 372 1 0 52 50 -21397 32 2
11839 12395 856 372 856 372 0 0 50 50 0 556 0
12395 12397 856 372 854 372 0 1 50 48 21604 32 2
12397 12402 854 372 854 372 1 1 48 48 0 5 0
12402 12404 854 372 855 373 1 0 48 46 -21604 32 2
12404 12936 855 373 855 373 0 0 46 46 0 532 0
12936 12938 855 373 854 372 0 1 46 44 39833 32 2
12938 12967 854 372 854 372 1 1 44 44 0 29 0
12967 12967 854 372 854 372 1 2 44 44 21809 32 0
12967 12968 854 372 855 372 2 1 44 43 -39833 3 1
12968 12969 855 372 855 372 1 1 43 43 0 1 0
12969 12970 855 372 855 373 1 0 43 42 -21809 32 1
12970 13745 855 373 855 373 0 0 42 42 0 775 0
13745 13747 855 373 854 372 0 1 42 40 22107 32 2
13747 13749 854 372 854 374 1 0 40 38 -22107 32 2
13749 42312 854 374 854 374 0 0 38 38 0 28563 0
42312 42314 854 374 854 372 0 1 38 36 16899 32 2
42314 42332 854 372 872 372 1 0 36 18 -16899 32 18
42332 43249 872 372 872 372 0 0 18 18 0 917 0
43249 43267 872 372 854 372 0 0 18 0 1000000000 0 18
--------------------------------------
--------------------------------------
EV5
--------------------------------------
Num TPs served = 20
TPs served = 23105 23201 23210 24023 24440 24732 25065 25360 25471 25487 26134 27872 27903 27909 28188 28347 28540 28570 29196 29264
Total energy used = 100
--------------------------------------
Schedule:
0 16244 854 372 854 372 0 0 100 100 0 16244 0
16244 16244 854 372 854 372 0 1 100 100 23105 32 0
16244 16245 854 372 854 372 1 1 100 100 0 1 0
16245 16247 854 372 856 372 1 0 100 98 -23105 32 2
16247 16483 856 372 856 372 0 0 98 98 0 236 0
16483 16485 856 372 854 372 0 1 98 96 23210 32 2
16485 16485 854 372 854 372 1 2 96 96 23201 10 0
16485 16486 854 372 854 372 2 2 96 96 0 1 0
16486 16487 854 372 855 372 2 1 96 95 -23210 32 1
16487 16489 855 372 854 373 1 0 95 93 -23201 8 2
16489 18334 854 373 854 373 0 0 93 93 0 1845 0
18334 18335 854 373 854 372 0 1 93 92 24023 32 1
18335 18339 854 372 858 372 1 0 92 88 -24023 32 4
18339 19260 858 372 858 372 0 0 88 88 0 921 0
19260 19264 858 372 854 372 0 1 88 84 24440 32 4
19264 19267 854 372 854 375 1 0 84 81 -24440 32 3
19267 19910 854 375 854 375 0 0 81 81 0 643 0
19910 19913 854 375 854 372 0 1 81 78 24732 32 3
19913 19916 854 372 854 372 1 1 78 78 0 3 0
19916 19919 854 372 855 374 1 0 78 75 -24732 32 3
19919 20659 855 374 855 374 0 0 75 75 0 740 0
20659 20662 855 374 854 372 0 1 75 72 25065 32 3
20662 20666 854 372 854 372 1 1 72 72 0 4 0
20666 20667 854 372 855 372 1 0 72 71 -25065 32 1
20667 21299 855 372 855 372 0 0 71 71 0 632 0
21299 21300 855 372 854 372 0 1 71 70 25360 32 1
21300 21301 854 372 854 372 1 1 70 70 0 1 0
21301 21302 854 372 854 373 1 0 70 69 -25360 32 1
21302 21531 854 373 854 373 0 0 69 69 0 229 0
21531 21532 854 373 854 372 0 1 69 68 25471 32 1
21532 21533 854 372 854 372 1 1 68 68 0 1 0
21533 21535 854 372 856 372 1 0 68 66 -25471 32 2
21535 21565 856 372 856 372 0 0 66 66 0 30 0
21565 21567 856 372 854 372 0 1 66 64 25487 32 2
21567 21568 854 372 854 372 1 1 64 64 0 1 0
21568 21575 854 372 860 373 1 0 64 57 -25487 32 7
21575 22915 860 373 860 373 0 0 57 57 0 1340 0
22915 22922 860 373 854 372 0 1 57 50 26134 32 7
22922 22923 854 372 854 372 1 1 50 50 0 1 0
22923 22926 854 372 856 373 1 0 50 47 -26134 32 3
22926 26260 856 373 856 373 0 0 47 47 0 3334 0
26260 26263 856 373 854 372 0 1 47 44 27872 32 3
26263 26269 854 372 858 374 1 0 44 38 -27872 32 6
26269 26331 858 374 858 374 0 0 38 38 0 62 0
26331 26337 858 374 854 372 0 1 38 32 27909 32 6
26337 26337 854 372 854 372 1 2 32 32 27903 17 0
26337 26339 854 372 855 373 2 1 32 30 -27909 32 2
26339 26340 855 373 854 373 1 0 30 29 -27903 17 1
26340 26874 854 373 854 373 0 0 29 29 0 534 0
26874 26875 854 373 854 372 0 1 29 28 28188 32 1
26875 26878 854 372 854 372 1 1 28 28 0 3 0
26878 26881 854 372 854 375 1 0 28 25 -28188 32 3
26881 27201 854 375 854 375 0 0 25 25 0 320 0
27201 27204 854 375 854 372 0 1 25 22 28347 32 3
27204 27205 854 372 854 372 1 1 22 22 0 1 0
27205 27206 854 372 855 372 1 0 22 21 -28347 32 1
27206 27563 855 372 855 372 0 0 21 21 0 357 0
27563 27564 855 372 854 372 0 1 21 20 28540 32 1
27564 27565 854 372 855 372 1 0 20 19 -28540 32 1
27565 27616 855 372 855 372 0 0 19 19 0 51 0
27616 27617 855 372 854 372 0 1 19 18 28570 32 1
27617 27620 854 372 857 372 1 0 18 15 -28570 32 3
27620 28887 857 372 857 372 0 0 15 15 0 1267 0
28887 28890 857 372 854 372 0 1 15 12 29196 32 3
28890 28891 854 372 854 373 1 0 12 11 -29196 32 1
28891 29024 854 373 854 373 0 0 11 11 0 133 0
29024 29025 854 373 854 372 0 1 11 10 29264 32 1
29025 29026 854 372 854 372 1 1 10 10 0 1 0
29026 29031 854 372 856 375 1 0 10 5 -29264 32 5
29031 43262 856 375 856 375 0 0 5 5 0 14231 0
43262 43267 856 375 854 372 0 0 5 0 1000000000 0 5
--------------------------------------
--------------------------------------
EV6
--------------------------------------
Num TPs served = 20
TPs served = 29529 29566 30142 30771 30773 31114 31233 31634 32140 32291 32406 32457 32692 32817 32848 33302 33355 33418 33465 48849
Total energy used = 100
--------------------------------------
Schedule:
0 29582 854 372 854 372 0 0 100 100 0 29582 0
29582 29582 854 372 854 372 0 1 100 100 29529 32 0
29582 29583 854 372 854 373 1 0 100 99 -29529 32 1
29583 29641 854 373 854 373 0 0 99 99 0 58 0
29641 29642 854 373 854 372 0 1 99 98 29566 32 1
29642 29647 854 372 859 372 1 0 98 93 -29566 32 5
29647 30753 859 372 859 372 0 0 93 93 0 1106 0
30753 30758 859 372 854 372 0 1 93 88 48849 32 5
30758 30758 854 372 854 372 1 2 88 88 30142 21 0
30758 30759 854 372 855 372 2 1 88 87 -48849 32 1
30759 30762 855 372 858 372 1 0 87 84 -30142 25 3
30762 32016 858 372 858 372 0 0 84 84 0 1254 0
32016 32020 858 372 854 372 0 1 84 80 30773 32 4
32020 32020 854 372 854 372 1 2 80 80 30771 27 0
32020 32021 854 372 855 372 2 1 80 79 -30771 28 1
32021 32027 855 372 855 372 1 1 79 79 0 6 0
32027 32039 855 372 867 372 1 0 79 67 -30773 32 12
32039 32738 867 372 867 372 0 0 67 67 0 699 0
32738 32751 867 372 854 372 0 1 67 54 31114 32 13
32751 32755 854 372 856 374 1 0 54 50 -31114 32 4
32755 33004 856 374 856 374 0 0 50 50 0 249 0
33004 33008 856 374 854 372 0 1 50 46 31233 32 4
33008 33009 854 372 855 372 1 0 46 45 -31233 32 1
33009 33903 855 372 855 372 0 0 45 45 0 894 0
33903 33904 855 372 854 372 0 1 45 44 31634 32 1
33904 33905 854 372 854 372 1 1 44 44 0 1 0
33905 33907 854 372 856 372 1 0 44 42 -31634 32 2
33907 35052 856 372 856 372 0 0 42 42 0 1145 0
35052 35054 856 372 854 372 0 1 42 40 32140 32 2
35054 35055 854 372 855 372 1 0 40 39 -32140 32 1
35055 35419 855 372 855 372 0 0 39 39 0 364 0
35419 35420 855 372 854 372 0 1 39 38 32291 32 1
35420 35421 854 372 855 372 1 0 38 37 -32291 32 1
35421 35717 855 372 855 372 0 0 37 37 0 296 0
35717 35718 855 372 854 372 0 1 37 36 32406 32 1
35718 35719 854 372 854 373 1 0 36 35 -32406 32 1
35719 35821 854 373 854 373 0 0 35 35 0 102 0
35821 35822 854 373 854 372 0 1 35 34 32457 32 1
35822 35827 854 372 859 372 1 0 34 29 -32457 32 5
35827 36359 859 372 859 372 0 0 29 29 0 532 0
36359 36364 859 372 854 372 0 1 29 24 32692 32 5
36364 36365 854 372 854 373 1 0 24 23 -32692 32 1
36365 36674 854 373 854 373 0 0 23 23 0 309 0
36674 36675 854 373 854 372 0 1 23 22 32817 32 1
36675 36676 854 372 854 372 1 1 22 22 0 1 0
36676 36677 854 372 854 373 1 0 22 21 -32817 32 1
36677 36748 854 373 854 373 0 0 21 21 0 71 0
36748 36749 854 373 854 372 0 1 21 20 32848 32 1
36749 36750 854 372 854 372 1 1 20 20 0 1 0
36750 36751 854 372 855 372 1 0 20 19 -32848 32 1
36751 37928 855 372 855 372 0 0 19 19 0 1177 0
37928 37929 855 372 854 372 0 1 19 18 33302 32 1
37929 37931 854 372 856 372 1 0 18 16 -33302 32 2
37931 38060 856 372 856 372 0 0 16 16 0 129 0
38060 38062 856 372 854 372 0 1 16 14 33355 32 2
38062 38065 854 372 856 373 1 0 14 11 -33355 32 3
38065 38207 856 373 856 373 0 0 11 11 0 142 0
38207 38210 856 373 854 372 0 1 11 8 33418 32 3
38210 38213 854 372 855 374 1 0 8 5 -33418 32 3
38213 38318 855 374 855 374 0 0 5 5 0 105 0
38318 38321 855 374 854 372 0 1 5 2 33465 32 3
38321 38322 854 372 854 372 1 1 2 2 0 1 0
38322 38323 854 372 855 372 1 0 2 1 -33465 32 1
38323 43266 855 372 855 372 0 0 1 1 0 4943 0
43266 43267 855 372 854 372 0 0 1 0 1000000000 0 1
--------------------------------------
--------------------------------------
EV7
--------------------------------------
Num TPs served = 22
TPs served = 33473 33511 33633 33881 33887 34365 34796 35348 35427 35756 36152 36161 36173 37260 37275 37607 37657 37780 37950 38445 39849 40135
Total energy used = 100
--------------------------------------
Schedule:
0 618 854 372 854 372 0 0 100 100 0 618 0
618 618 854 372 854 372 0 1 100 100 35348 32 0
618 620 854 372 854 374 1 0 100 98 -35348 32 2
620 830 854 374 854 374 0 0 98 98 0 210 0
830 832 854 374 854 372 0 1 98 96 35427 32 2
832 833 854 372 855 372 1 0 96 95 -35427 32 1
833 1788 855 372 855 372 0 0 95 95 0 955 0
1788 1789 855 372 854 372 0 1 95 94 35756 32 1
1789 1791 854 372 854 372 1 1 94 94 0 2 0
1791 1795 854 372 858 372 1 0 94 90 -35756 32 4
1795 2938 858 372 858 372 0 0 90 90 0 1143 0
2938 2942 858 372 854 372 0 1 90 86 36152 32 4
2942 2944 854 372 856 372 1 0 86 84 -36152 32 2
2944 3003 856 372 856 372 0 0 84 84 0 59 0
3003 3005 856 372 854 372 0 1 84 82 36173 32 2
3005 3005 854 372 854 372 1 2 82 82 36161 5 0
3005 3007 854 372 855 373 2 1 82 80 -36161 7 2
3007 3011 855 373 855 373 1 1 80 80 0 4 0
3011 3016 855 373 860 373 1 0 80 75 -36173 32 5
3016 6206 860 373 860 373 0 0 75 75 0 3190 0
6206 6213 860 373 854 372 0 1 75 68 37260 32 7
6213 6214 854 372 854 372 1 1 68 68 0 1 0
6214 6215 854 372 855 372 1 0 68 67 -37260 32 1
6215 6252 855 372 855 372 0 0 67 67 0 37 0
6252 6253 855 372 854 372 0 1 67 66 37275 32 1
6253 6255 854 372 855 373 1 0 66 64 -37275 32 2
6255 7206 855 373 855 373 0 0 64 64 0 951 0
7206 7208 855 373 854 372 0 1 64 62 37607 32 2
7208 7210 854 372 856 372 1 0 62 60 -37607 32 2
7210 7334 856 372 856 372 0 0 60 60 0 124 0
7334 7336 856 372 854 372 0 1 60 58 37657 32 2
7336 7338 854 372 854 372 1 1 58 58 0 2 0
7338 7340 854 372 856 372 1 0 58 56 -37657 32 2
7340 7687 856 372 856 372 0 0 56 56 0 347 0
7687 7689 856 372 854 372 0 1 56 54 37780 32 2
7689 7693 854 372 854 372 1 1 54 54 0 4 0
7693 7695 854 372 854 374 1 0 54 52 -37780 32 2
7695 8112 854 374 854 374 0 0 52 52 0 417 0
8112 8114 854 374 854 372 0 1 52 50 37950 32 2
8114 8116 854 372 854 374 1 0 50 48 -37950 32 2
8116 9495 854 374 854 374 0 0 48 48 0 1379 0
9495 9497 854 374 854 372 0 1 48 46 38445 32 2
9497 9499 854 372 854 372 1 1 46 46 0 2 0
9499 9502 854 372 856 373 1 0 46 43 -38445 32 3
9502 12985 856 373 856 373 0 0 43 43 0 3483 0
12985 12988 856 373 854 372 0 1 43 40 39849 32 3
12988 12989 854 372 854 372 1 1 40 40 0 1 0
12989 12992 854 372 854 375 1 0 40 37 -39849 32 3
12992 13813 854 375 854 375 0 0 37 37 0 821 0
13813 13816 854 375 854 372 0 1 37 34 40135 32 3
13816 13818 854 372 854 374 1 0 34 32 -40135 32 2
13818 38340 854 374 854 374 0 0 32 32 0 24522 0
38340 38342 854 374 854 372 0 1 32 30 33473 32 2
38342 38345 854 372 857 372 1 0 30 27 -33473 32 3
38345 38461 857 372 857 372 0 0 27 27 0 116 0
38461 38464 857 372 854 372 0 1 27 24 33511 32 3
38464 38465 854 372 854 372 1 1 24 24 0 1 0
38465 38467 854 372 854 374 1 0 24 22 -33511 32 2
38467 38807 854 374 854 374 0 0 22 22 0 340 0
38807 38809 854 374 854 372 0 1 22 20 33633 32 2
38809 38811 854 372 854 374 1 0 20 18 -33633 32 2
38811 39479 854 374 854 374 0 0 18 18 0 668 0
39479 39481 854 374 854 372 0 1 18 16 33887 32 2
39481 39481 854 372 854 372 1 2 16 16 33881 14 0
39481 39482 854 372 854 372 2 2 16 16 0 1 0
39482 39485 854 372 856 373 2 1 16 13 -33887 32 3
39485 39488 856 373 854 374 1 0 13 10 -33881 10 3
39488 40829 854 374 854 374 0 0 10 10 0 1341 0
40829 40831 854 374 854 372 0 1 10 8 34365 32 2
40831 40832 854 372 854 373 1 0 8 7 -34365 32 1
40832 42123 854 373 854 373 0 0 7 7 0 1291 0
42123 42124 854 373 854 372 0 1 7 6 34796 32 1
42124 42127 854 372 856 373 1 0 6 3 -34796 32 3
42127 43264 856 373 856 373 0 0 3 3 0 1137 0
43264 43267 856 373 854 372 0 0 3 0 1000000000 0 3
--------------------------------------
--------------------------------------
EV8
--------------------------------------
Num TPs served = 22
TPs served = 39934 40426 40524 40723 40808 41047 41205 41413 42047 42048 42276 42745 42780 42864 42921 42941 43286 43343 43466 43776 44150 44603
Total energy used = 100
--------------------------------------
Schedule:
0 13221 854 372 854 372 0 0 100 100 0 13221 0
13221 13221 854 372 854 372 0 1 100 100 39934 32 0
13221 13224 854 372 856 373 1 0 100 97 -39934 32 3
13224 14520 856 373 856 373 0 0 97 97 0 1296 0
14520 14523 856 373 854 372 0 1 97 94 40426 32 3
14523 14526 854 372 854 375 1 0 94 91 -40426 32 3
14526 14756 854 375 854 375 0 0 91 91 0 230 0
14756 14759 854 375 854 372 0 1 91 88 40524 32 3
14759 14760 854 372 855 372 1 0 88 87 -40524 32 1
14760 15258 855 372 855 372 0 0 87 87 0 498 0
15258 15259 855 372 854 372 0 1 87 86 40723 32 1
15259 15261 854 372 856 372 1 0 86 84 -40723 32 2
15261 15456 856 372 856 372 0 0 84 84 0 195 0
15456 15458 856 372 854 372 0 1 84 82 40808 32 2
15458 15461 854 372 854 372 1 1 82 82 0 3 0
15461 15465 854 372 854 376 1 0 82 78 -40808 32 4
15465 15980 854 376 854 376 0 0 78 78 0 515 0
15980 15984 854 376 854 372 0 1 78 74 41047 32 4
15984 15987 854 372 857 372 1 0 74 71 -41047 32 3
15987 16318 857 372 857 372 0 0 71 71 0 331 0
16318 16321 857 372 854 372 0 1 71 68 41205 32 3
16321 16323 854 372 855 373 1 0 68 66 -41205 32 2
16323 16806 855 373 855 373 0 0 66 66 0 483 0
16806 16808 855 373 854 372 0 1 66 64 41413 32 2
16808 16811 854 372 854 372 1 1 64 64 0 3 0
16811 16812 854 372 854 373 1 0 64 63 -41413 32 1
16812 18209 854 373 854 373 0 0 63 63 0 1397 0
18209 18210 854 373 854 372 0 1 63 62 42048 32 1
18210 18210 854 372 854 372 1 2 62 62 42047 27 0
18210 18212 854 372 856 372 2 1 62 60 -42048 32 2
18212 18214 856 372 857 373 1 0 60 58 -42047 28 2
18214 18673 857 373 857 373 0 0 58 58 0 459 0
18673 18677 857 373 854 372 0 1 58 54 42276 32 4
18677 18678 854 372 854 372 1 1 54 54 0 1 0
18678 18679 854 372 854 373 1 0 54 53 -42276 32 1
18679 19723 854 373 854 373 0 0 53 53 0 1044 0
19723 19724 854 373 854 372 0 1 53 52 42745 32 1
19724 19728 854 372 855 375 1 0 52 48 -42745 32 4
19728 19786 855 375 855 375 0 0 48 48 0 58 0
19786 19790 855 375 854 372 0 1 48 44 42780 32 4
19790 19791 854 372 854 372 1 1 44 44 0 1 0
19791 19792 854 372 855 372 1 0 44 43 -42780 32 1
19792 19959 855 372 855 372 0 0 43 43 0 167 0
19959 19960 855 372 854 372 0 1 43 42 42864 32 1
19960 19961 854 372 854 372 1 1 42 42 0 1 0
19961 19967 854 372 854 378 1 0 42 36 -42864 32 6
19967 20068 854 378 854 378 0 0 36 36 0 101 0
20068 20074 854 378 854 372 0 1 36 30 42921 32 6
20074 20085 854 372 854 372 1 1 30 30 0 11 0
20085 20090 854 372 855 376 1 0 30 25 -42921 32 5
20090 20118 855 376 855 376 0 0 25 25 0 28 0
20118 20123 855 376 854 372 0 1 25 20 42941 32 5
20123 20135 854 372 854 372 1 1 20 20 0 12 0
20135 20136 854 372 855 372 1 0 20 19 -42941 32 1
20136 20761 855 372 855 372 0 0 19 19 0 625 0
20761 20762 855 372 854 372 0 1 19 18 43286 32 1
20762 20763 854 372 855 372 1 0 18 17 -43286 32 1
20763 20882 855 372 855 372 0 0 17 17 0 119 0
20882 20883 855 372 854 372 0 1 17 16 43343 32 1
20883 20887 854 372 855 375 1 0 16 12 -43343 32 4
20887 21135 855 375 855 375 0 0 12 12 0 248 0
21135 21139 855 375 854 372 0 1 12 8 43466 32 4
21139 21141 854 372 854 372 1 1 8 8 0 2 0
21141 21142 854 372 854 373 1 0 8 7 -43466 32 1
21142 21735 854 373 854 373 0 0 7 7 0 593 0
21735 21736 854 373 854 372 0 1 7 6 43776 32 1
21736 21737 854 372 854 372 1 1 6 6 0 1 0
21737 21738 854 372 855 372 1 0 6 5 -43776 32 1
21738 22470 855 372 855 372 0 0 5 5 0 732 0
22470 22471 855 372 854 372 0 1 5 4 44150 32 1
22471 22472 854 372 854 372 1 1 4 4 0 1 0
22472 22473 854 372 855 372 1 0 4 3 -44150 32 1
22473 23297 855 372 855 372 0 0 3 3 0 824 0
23297 23298 855 372 854 372 0 1 3 2 44603 32 1
23298 23299 854 372 854 373 1 0 2 1 -44603 32 1
23299 43266 854 373 854 373 0 0 1 1 0 19967 0
43266 43267 854 373 854 372 0 0 1 0 1000000000 0 1
--------------------------------------
--------------------------------------
EV9
--------------------------------------
Num TPs served = 19
TPs served = 44186 44260 44286 45765 46039 46185 46389 46511 46540 46835 47097 47252 47558 47654 47714 47873 48020 48067 49402
Total energy used = 100
--------------------------------------
Schedule:
0 22538 854 372 854 372 0 0 100 100 0 22538 0
22538 22538 854 372 854 372 0 1 100 100 44186 32 0
22538 22539 854 372 854 372 1 1 100 100 0 1 0
22539 22546 854 372 857 376 1 0 100 93 -44186 32 7
22546 22659 857 376 857 376 0 0 93 93 0 113 0
22659 22666 857 376 854 372 0 1 93 86 44260 32 7
22666 22669 854 372 854 372 1 1 86 86 0 3 0
22669 22672 854 372 855 374 1 0 86 83 -44260 32 3
22672 22711 855 374 855 374 0 0 83 83 0 39 0
22711 22714 855 374 854 372 0 1 83 80 44286 32 3
22714 22717 854 372 856 373 1 0 80 77 -44286 32 3
22717 25362 856 373 856 373 0 0 77 77 0 2645 0
25362 25365 856 373 854 372 0 1 77 74 45765 32 3
25365 25366 854 372 854 373 1 0 74 73 -45765 32 1
25366 25887 854 373 854 373 0 0 73 73 0 521 0
25887 25888 854 373 854 372 0 1 73 72 46039 32 1
25888 25890 854 372 856 372 1 0 72 70 -46039 32 2
25890 26132 856 372 856 372 0 0 70 70 0 242 0
26132 26134 856 372 854 372 0 1 70 68 46185 32 2
26134 26135 854 372 855 372 1 0 68 67 -46185 32 1
26135 26467 855 372 855 372 0 0 67 67 0 332 0
26467 26468 855 372 854 372 0 1 67 66 46389 32 1
26468 26470 854 372 855 373 1 0 66 64 -46389 32 2
26470 26703 855 373 855 373 0 0 64 64 0 233 0
26703 26705 855 373 854 372 0 1 64 62 46511 32 2
26705 26706 854 372 854 372 1 1 62 62 0 1 0
26706 26709 854 372 856 373 1 0 62 59 -46511 32 3
26709 26767 856 373 856 373 0 0 59 59 0 58 0
26767 26770 856 373 854 372 0 1 59 56 46540 32 3
26770 26771 854 372 854 373 1 0 56 55 -46540 32 1
26771 27279 854 373 854 373 0 0 55 55 0 508 0
27279 27280 854 373 854 372 0 1 55 54 46835 32 1
27280 27283 854 372 857 372 1 0 54 51 -46835 32 3
27283 27716 857 372 857 372 0 0 51 51 0 433 0
27716 27719 857 372 854 372 0 1 51 48 47097 32 3
27719 27720 854 372 854 372 1 1 48 48 0 1 0
27720 27721 854 372 854 373 1 0 48 47 -47097 32 1
27721 27976 854 373 854 373 0 0 47 47 0 255 0
27976 27977 854 373 854 372 0 1 47 46 47252 32 1
27977 27978 854 372 854 372 1 1 46 46 0 1 0
27978 27985 854 372 860 373 1 0 46 39 -47252 32 7
27985 28452 860 373 860 373 0 0 39 39 0 467 0
28452 28459 860 373 854 372 0 1 39 32 47558 32 7
28459 28460 854 372 855 372 1 0 32 31 -47558 32 1
28460 28625 855 372 855 372 0 0 31 31 0 165 0
28625 28626 855 372 854 372 0 1 31 30 47654 32 1
28626 28627 854 372 854 372 1 1 30 30 0 1 0
28627 28629 854 372 856 372 1 0 30 28 -47654 32 2
28629 28720 856 372 856 372 0 0 28 28 0 91 0
28720 28722 856 372 854 372 0 1 28 26 47714 32 2
28722 28724 854 372 854 372 1 1 26 26 0 2 0
28724 28725 854 372 854 373 1 0 26 25 -47714 32 1
28725 28992 854 373 854 373 0 0 25 25 0 267 0
28992 28993 854 373 854 372 0 1 25 24 47873 32 1
28993 29002 854 372 863 372 1 0 24 15 -47873 32 9
29002 29237 863 372 863 372 0 0 15 15 0 235 0
29237 29246 863 372 854 372 0 1 15 6 48020 32 9
29246 29247 854 372 854 372 1 1 6 6 0 1 0
29247 29248 854 372 855 372 1 0 6 5 -48020 32 1
29248 29338 855 372 855 372 0 0 5 5 0 90 0
29338 29339 855 372 854 372 0 1 5 4 48067 32 1
29339 29340 854 372 854 372 1 1 4 4 0 1 0
29340 29341 854 372 854 373 1 0 4 3 -48067 32 1
29341 31725 854 373 854 373 0 0 3 3 0 2384 0
31725 31726 854 373 854 372 0 1 3 2 49402 32 1
31726 31729 854 372 854 372 1 1 2 2 0 3 0
31729 31730 854 372 854 373 1 0 2 1 -49402 32 1
31730 43266 854 373 854 373 0 0 1 1 0 11536 0
43266 43267 854 373 854 372 0 0 1 0 1000000000 0 1
--------------------------------------
--------------------------------------
EV10
--------------------------------------
Num TPs served = 6
TPs served = 48528 49067 49618 49656 49769 49895
Total energy used = 46
--------------------------------------
Schedule:
0 30191 854 372 854 372 0 0 100 100 0 30191 0
30191 30191 854 372 854 372 0 1 100 100 48528 32 0
30191 30199 854 372 858 376 1 0 100 92 -48528 32 8
30199 31125 858 376 858 376 0 0 92 92 0 926 0
31125 31133 858 376 854 372 0 1 92 84 49067 32 8
31133 31134 854 372 854 372 1 1 84 84 0 1 0
31134 31136 854 372 855 373 1 0 84 82 -49067 32 2
31136 32091 855 373 855 373 0 0 82 82 0 955 0
32091 32093 855 373 854 372 0 1 82 80 49618 32 2
32093 32095 854 372 856 372 1 0 80 78 -49618 32 2
32095 32163 856 372 856 372 0 0 78 78 0 68 0
32163 32165 856 372 854 372 0 1 78 76 49656 32 2
32165 32166 854 372 855 372 1 0 76 75 -49656 32 1
32166 32360 855 372 855 372 0 0 75 75 0 194 0
32360 32361 855 372 854 372 0 1 75 74 49769 32 1
32361 32367 854 372 854 372 1 1 74 74 0 6 0
32367 32375 854 372 862 372 1 0 74 66 -49769 32 8
32375 32567 862 372 862 372 0 0 66 66 0 192 0
32567 32575 862 372 854 372 0 1 66 58 49895 32 8
32575 32577 854 372 854 372 1 1 58 58 0 2 0
32577 32579 854 372 856 372 1 0 58 56 -49895 32 2
32579 43265 856 372 856 372 0 0 56 56 0 10686 0
43265 43267 856 372 854 372 0 0 56 54 1000000000 0 2
--------------------------------------

-------------------------------------------------------------------------

TPs

-------------------------------------------------------------------------

----------------------
TP96 allocated to 1
----------------------

----------------------
TP355 allocated to 1
----------------------

----------------------
TP429 allocated to 1
----------------------

----------------------
TP530 allocated to 1
----------------------

----------------------
TP637 allocated to 1
----------------------

----------------------
TP683 allocated to 1
----------------------

----------------------
TP748 allocated to 1
----------------------

----------------------
TP844 allocated to 1
----------------------

----------------------
TP1610 allocated to 1
----------------------

----------------------
TP1938 allocated to 1
----------------------

----------------------
TP2047 allocated to 1
----------------------

----------------------
TP2255 allocated to 1
----------------------

----------------------
TP2781 allocated to 1
----------------------

----------------------
TP2850 allocated to 1
----------------------

----------------------
TP3289 allocated to 1
----------------------

----------------------
TP3311 allocated to 1
----------------------

----------------------
TP3708 allocated to 1
----------------------

----------------------
TP3988 allocated to 1
----------------------

----------------------
TP4102 allocated to 1
----------------------

----------------------
TP4170 allocated to 2
----------------------

----------------------
TP5024 allocated to 1
----------------------

----------------------
TP5139 allocated to 1
----------------------

----------------------
TP5403 allocated to 1
----------------------

----------------------
TP5719 allocated to 1
----------------------

----------------------
TP5775 allocated to 2
----------------------

----------------------
TP5876 allocated to 2
----------------------

----------------------
TP6986 allocated to 1
----------------------

----------------------
TP7724 allocated to 1
----------------------

----------------------
TP7980 allocated to 1
----------------------

----------------------
TP8064 allocated to 2
----------------------

----------------------
TP8464 allocated to 1
----------------------

----------------------
TP8599 allocated to 1
----------------------

----------------------
TP9041 allocated to 2
----------------------

----------------------
TP9099 allocated to 2
----------------------

----------------------
TP9360 allocated to 1
----------------------

----------------------
TP10412 allocated to 2
----------------------

----------------------
TP11261 allocated to 2
----------------------

----------------------
TP11518 allocated to 2
----------------------

----------------------
TP11681 allocated to 2
----------------------

----------------------
TP11798 allocated to 1
----------------------

----------------------
TP11799 allocated to 2
----------------------

----------------------
TP12039 allocated to 2
----------------------

----------------------
TP12520 allocated to 2
----------------------

----------------------
TP12799 allocated to 2
----------------------

----------------------
TP12877 allocated to 3
----------------------

----------------------
TP12890 allocated to 3
----------------------

----------------------
TP12978 allocated to 3
----------------------

----------------------
TP13240 allocated to 2
----------------------

----------------------
TP13569 allocated to 1
----------------------

----------------------
TP13687 allocated to 1
----------------------

----------------------
TP14573 allocated to 3
----------------------

----------------------
TP14574 allocated to 3
----------------------

----------------------
TP15157 allocated to 1
----------------------

----------------------
TP15216 allocated to 3
----------------------

----------------------
TP15285 allocated to 3
----------------------

----------------------
TP15516 allocated to 3
----------------------

----------------------
TP16130 allocated to 3
----------------------

----------------------
TP16574 allocated to 3
----------------------

----------------------
TP16899 allocated to 4
----------------------

----------------------
TP17535 allocated to 4
----------------------

----------------------
TP17659 allocated to 1
----------------------

----------------------
TP17859 allocated to 3
----------------------

----------------------
TP18098 allocated to 4
----------------------

----------------------
TP18193 allocated to 4
----------------------

----------------------
TP18661 allocated to 4
----------------------

----------------------
TP18676 allocated to 4
----------------------

----------------------
TP19040 allocated to 4
----------------------

----------------------
TP19285 allocated to 4
----------------------

----------------------
TP19288 allocated to 1
----------------------

----------------------
TP19363 allocated to 1
----------------------

----------------------
TP19628 allocated to 4
----------------------

----------------------
TP19647 allocated to 4
----------------------

----------------------
TP19801 allocated to 1
----------------------

----------------------
TP21397 allocated to 4
----------------------

----------------------
TP21604 allocated to 4
----------------------

----------------------
TP21809 allocated to 4
----------------------

----------------------
TP22107 allocated to 4
----------------------

----------------------
TP23105 allocated to 5
----------------------

----------------------
TP23201 allocated to 5
----------------------

----------------------
TP23210 allocated to 5
----------------------

----------------------
TP24023 allocated to 5
----------------------

----------------------
TP24440 allocated to 5
----------------------

----------------------
TP24732 allocated to 5
----------------------

----------------------
TP25065 allocated to 5
----------------------

----------------------
TP25360 allocated to 5
----------------------

----------------------
TP25471 allocated to 5
----------------------

----------------------
TP25487 allocated to 5
----------------------

----------------------
TP25507 allocated to 2
----------------------

----------------------
TP26134 allocated to 5
----------------------

----------------------
TP27609 allocated to 1
----------------------

----------------------
TP27801 allocated to 1
----------------------

----------------------
TP27872 allocated to 5
----------------------

----------------------
TP27903 allocated to 5
----------------------

----------------------
TP27909 allocated to 5
----------------------

----------------------
TP28188 allocated to 5
----------------------

----------------------
TP28347 allocated to 5
----------------------

----------------------
TP28540 allocated to 5
----------------------

----------------------
TP28570 allocated to 5
----------------------

----------------------
TP29196 allocated to 5
----------------------

----------------------
TP29264 allocated to 5
----------------------

----------------------
TP29529 allocated to 6
----------------------

----------------------
TP29566 allocated to 6
----------------------

----------------------
TP30142 allocated to 6
----------------------

----------------------
TP30771 allocated to 6
----------------------

----------------------
TP30773 allocated to 6
----------------------

----------------------
TP31114 allocated to 6
----------------------

----------------------
TP31233 allocated to 6
----------------------

----------------------
TP31582 allocated to 1
----------------------

----------------------
TP31634 allocated to 6
----------------------

----------------------
TP32140 allocated to 6
----------------------

----------------------
TP32238 allocated to 1
----------------------

----------------------
TP32291 allocated to 6
----------------------

----------------------
TP32406 allocated to 6
----------------------

----------------------
TP32457 allocated to 6
----------------------

----------------------
TP32692 allocated to 6
----------------------

----------------------
TP32817 allocated to 6
----------------------

----------------------
TP32848 allocated to 6
----------------------

----------------------
TP33302 allocated to 6
----------------------

----------------------
TP33355 allocated to 6
----------------------

----------------------
TP33373 allocated to 1
----------------------

----------------------
TP33418 allocated to 6
----------------------

----------------------
TP33465 allocated to 6
----------------------

----------------------
TP33473 allocated to 7
----------------------

----------------------
TP33511 allocated to 7
----------------------

----------------------
TP33633 allocated to 7
----------------------

----------------------
TP33657 allocated to 1
----------------------

----------------------
TP33881 allocated to 7
----------------------

----------------------
TP33887 allocated to 7
----------------------

----------------------
TP34365 allocated to 7
----------------------

----------------------
TP34796 allocated to 7
----------------------

----------------------
TP35348 allocated to 7
----------------------

----------------------
TP35427 allocated to 7
----------------------

----------------------
TP35756 allocated to 7
----------------------

----------------------
TP35942 allocated to 1
----------------------

----------------------
TP36152 allocated to 7
----------------------

----------------------
TP36161 allocated to 7
----------------------

----------------------
TP36173 allocated to 7
----------------------

----------------------
TP36411 allocated to 1
----------------------

----------------------
TP36686 allocated to 1
----------------------

----------------------
TP37260 allocated to 7
----------------------

----------------------
TP37275 allocated to 7
----------------------

----------------------
TP37519 allocated to 4
----------------------

----------------------
TP37607 allocated to 7
----------------------

----------------------
TP37657 allocated to 7
----------------------

----------------------
TP37780 allocated to 7
----------------------

----------------------
TP37950 allocated to 7
----------------------

----------------------
TP38445 allocated to 7
----------------------

----------------------
TP39833 allocated to 4
----------------------

----------------------
TP39849 allocated to 7
----------------------

----------------------
TP39934 allocated to 8
----------------------

----------------------
TP40135 allocated to 7
----------------------

----------------------
TP40426 allocated to 8
----------------------

----------------------
TP40524 allocated to 8
----------------------

----------------------
TP40685 allocated to 1
----------------------

----------------------
TP40723 allocated to 8
----------------------

----------------------
TP40808 allocated to 8
----------------------

----------------------
TP41047 allocated to 8
----------------------

----------------------
TP41205 allocated to 8
----------------------

----------------------
TP41413 allocated to 8
----------------------

----------------------
TP42039 allocated to 1
----------------------

----------------------
TP42047 allocated to 8
----------------------

----------------------
TP42048 allocated to 8
----------------------

----------------------
TP42266 allocated to 1
----------------------

----------------------
TP42276 allocated to 8
----------------------

----------------------
TP42745 allocated to 8
----------------------

----------------------
TP42780 allocated to 8
----------------------

----------------------
TP42864 allocated to 8
----------------------

----------------------
TP42921 allocated to 8
----------------------

----------------------
TP42941 allocated to 8
----------------------

----------------------
TP43286 allocated to 8
----------------------

----------------------
TP43343 allocated to 8
----------------------

----------------------
TP43466 allocated to 8
----------------------

----------------------
TP43776 allocated to 8
----------------------

----------------------
TP44150 allocated to 8
----------------------

----------------------
TP44186 allocated to 9
----------------------

----------------------
TP44260 allocated to 9
----------------------

----------------------
TP44286 allocated to 9
----------------------

----------------------
TP44603 allocated to 8
----------------------

----------------------
TP45765 allocated to 9
----------------------

----------------------
TP46039 allocated to 9
----------------------

----------------------
TP46185 allocated to 9
----------------------

----------------------
TP46389 allocated to 9
----------------------

----------------------
TP46511 allocated to 9
----------------------

----------------------
TP46540 allocated to 9
----------------------

----------------------
TP46835 allocated to 9
----------------------

----------------------
TP47097 allocated to 9
----------------------

----------------------
TP47252 allocated to 9
----------------------

----------------------
TP47558 allocated to 9
----------------------

----------------------
TP47601 allocated to 2
----------------------

----------------------
TP47654 allocated to 9
----------------------

----------------------
TP47714 allocated to 9
----------------------

----------------------
TP47873 allocated to 9
----------------------

----------------------
TP48020 allocated to 9
----------------------

----------------------
TP48067 allocated to 9
----------------------

----------------------
TP48528 allocated to 10
----------------------

----------------------
TP48849 allocated to 6
----------------------

----------------------
TP48850 allocated to 1
----------------------

----------------------
TP49067 allocated to 10
----------------------

----------------------
TP49215 allocated to 1
----------------------

----------------------
TP49402 allocated to 9
----------------------

----------------------
TP49528 allocated to 1
----------------------

----------------------
TP49618 allocated to 10
----------------------

----------------------
TP49656 allocated to 10
----------------------

----------------------
TP49769 allocated to 10
----------------------

----------------------
TP49895 allocated to 10
----------------------

-------------------------------------------------------------------------

Ride-sharing vs Individual Mode - Num Vehicles and Distance Comparisson 

-------------------------------------------------------------------------
Individual Mode = 205 vehicles.
Ride-sharing Mode = 10 vehicles. The 10 ride-sharing vehicles + 0 vehicles of the individuals not served by the ride-sharing service.
-------------------------------------------------------------------------
Individual Mode = 495 distance.
Ride-sharing Mode = 946 distance. 946 from the EV fleet + 0 from the distance of the trips not covered individuals had to do with their own vehicle.
-------------------------------------------------------------------------
