-------------------------------------------------------------------------
TPs satisfied = 79; Total TPs = 197; Percentage Satisfied + 40.1%
-------------------------------------------------------------------------

-------------------------------------------------------------------------

EVs

-------------------------------------------------------------------------
--------------------------------------
EV1
--------------------------------------
Num TPs served = 33
TPs served = 151 788 815 864 934 1720 1760 1853 2013 2058 2346 2440 2569 2793 2906 2952 3214 3700 4250 4661 6800 11374 13412 18343 18539 21084 21469 26628 31076 34387 43498 46222 46726
Total energy used = 100
--------------------------------------
Schedule:
0 290 732 682 732 682 0 0 100 100 0 290 0
290 290 732 682 732 682 0 1 100 100 151 32 0
290 291 732 682 733 682 1 0 100 99 -151 32 1
291 1412 733 682 733 682 0 0 99 99 0 1121 0
1412 1413 733 682 732 682 0 1 99 98 788 32 1
1413 1416 732 682 735 682 1 0 98 95 -788 32 3
1416 1452 735 682 735 682 0 0 95 95 0 36 0
1452 1455 735 682 732 682 0 1 95 92 815 32 3
1455 1456 732 682 732 682 1 1 92 92 0 1 0
1456 1456 732 682 732 682 1 0 92 92 -815 32 0
1456 1532 732 682 732 682 0 0 92 92 0 76 0
1532 1532 732 682 732 682 0 1 92 92 864 32 0
1532 1534 732 682 732 684 1 0 92 90 -864 32 2
1534 1645 732 684 732 684 0 0 90 90 0 111 0
1645 1647 732 684 732 682 0 1 90 88 934 32 2
1647 1648 732 682 733 682 1 0 88 87 -934 32 1
1648 2897 733 682 733 682 0 0 87 87 0 1249 0
2897 2898 733 682 732 682 0 1 87 86 18343 32 1
2898 2899 732 682 732 682 1 1 86 86 0 1 0
2899 2899 732 682 732 682 1 0 86 86 -18343 32 0
2899 3006 732 682 732 682 0 0 86 86 0 107 0
3006 3006 732 682 732 682 0 1 86 86 1720 32 0
3006 3008 732 682 732 682 1 1 86 86 0 2 0
3008 3008 732 682 732 682 1 0 86 86 -1720 32 0
3008 3075 732 682 732 682 0 0 86 86 0 67 0
3075 3075 732 682 732 682 0 1 86 86 1760 32 0
3075 3076 732 682 732 682 1 1 86 86 0 1 0
3076 3077 732 682 733 682 1 0 86 85 -1760 32 1
3077 3241 733 682 733 682 0 0 85 85 0 164 0
3241 3242 733 682 732 682 0 1 85 84 1853 32 1
3242 3243 732 682 732 682 1 1 84 84 0 1 0
3243 3247 732 682 735 683 1 0 84 80 -1853 32 4
3247 3513 735 683 735 683 0 0 80 80 0 266 0
3513 3517 735 683 732 682 0 1 80 76 18539 32 4
3517 3518 732 682 732 682 1 1 76 76 0 1 0
3518 3518 732 682 732 682 1 0 76 76 -18539 32 0
3518 3544 732 682 732 682 0 0 76 76 0 26 0
3544 3544 732 682 732 682 0 1 76 76 2013 32 0
3544 3546 732 682 732 682 1 1 76 76 0 2 0
3546 3551 732 682 734 685 1 0 76 71 -2013 32 5
3551 3610 734 685 734 685 0 0 71 71 0 59 0
3610 3615 734 685 732 682 0 1 71 66 2058 32 5
3615 3616 732 682 732 682 1 1 66 66 0 1 0
3616 3616 732 682 732 682 1 0 66 66 -2058 32 0
3616 4162 732 682 732 682 0 0 66 66 0 546 0
4162 4162 732 682 732 682 0 1 66 66 2346 32 0
4162 4163 732 682 732 682 1 1 66 66 0 1 0
4163 4167 732 682 735 683 1 0 66 62 -2346 32 4
4167 4327 735 683 735 683 0 0 62 62 0 160 0
4327 4331 735 683 732 682 0 1 62 58 2440 32 4
4331 4335 732 682 734 684 1 0 58 54 -2440 32 4
4335 4558 734 684 734 684 0 0 54 54 0 223 0
4558 4562 734 684 732 682 0 1 54 50 2569 32 4
4562 4563 732 682 732 682 1 1 50 50 0 1 0
4563 4574 732 682 733 692 1 0 50 39 -2569 32 11
4574 4961 733 692 733 692 0 0 39 39 0 387 0
4961 4972 733 692 732 682 0 1 39 28 2793 32 11
4972 4973 732 682 732 682 1 1 28 28 0 1 0
4973 4975 732 682 732 684 1 0 28 26 -2793 32 2
4975 5177 732 684 732 684 0 0 26 26 0 202 0
5177 5179 732 684 732 682 0 1 26 24 2906 32 2
5179 5181 732 682 732 682 1 1 24 24 0 2 0
5181 5184 732 682 735 682 1 0 24 21 -2906 32 3
5184 5265 735 682 735 682 0 0 21 21 0 81 0
5265 5268 735 682 732 682 0 1 21 18 2952 32 3
5268 5269 732 682 732 682 1 1 18 18 0 1 0
5269 5275 732 682 738 682 1 0 18 12 -2952 32 6
5275 5720 738 682 738 682 0 0 12 12 0 445 0
5720 5726 738 682 732 682 0 1 12 6 3214 32 6
5726 5729 732 682 732 682 1 1 6 6 0 3 0
5729 5731 732 682 732 684 1 0 6 4 -3214 32 2
5731 6638 732 684 732 684 0 0 4 4 0 907 0
6638 6640 732 684 732 682 0 1 4 2 3700 32 2
6640 6641 732 682 732 682 1 1 2 2 0 1 0
6641 6642 732 682 732 683 1 0 2 1 -3700 32 1
6642 7634 732 683 732 683 0 0 1 1 0 992 0
7634 7635 732 683 732 682 0 1 1 0 4250 32 1
7635 7636 732 682 732 682 1 1 0 0 0 1 0
7636 7636 732 682 732 682 1 0 0 0 -4250 32 0
7636 8438 732 682 732 682 0 0 0 0 0 802 0
8438 8438 732 682 732 682 0 1 0 0 4661 32 0
8438 8439 732 682 732 682 1 1 0 0 0 1 0
8439 8439 732 682 732 682 1 0 0 0 -4661 32 0
8439 10971 732 682 732 682 0 0 0 0 0 2532 0
10971 10971 732 682 732 682 0 1 0 0 21084 32 0
10971 10972 732 682 732 682 1 1 0 0 0 1 0
10972 10972 732 682 732 682 1 0 0 0 -21084 32 0
10972 12026 732 682 732 682 0 0 0 0 0 1054 0
12026 12026 732 682 732 682 0 1 0 0 21469 32 0
12026 12028 732 682 732 682 1 1 0 0 0 2 0
12028 12028 732 682 732 682 1 0 0 0 -21469 32 0
12028 12570 732 682 732 682 0 0 0 0 0 542 0
12570 12570 732 682 732 682 0 1 0 0 6800 32 0
12570 12574 732 682 732 682 1 1 0 0 0 4 0
12574 12574 732 682 732 682 1 0 0 0 -6800 32 0
12574 21195 732 682 732 682 0 0 0 0 0 8621 0
21195 21195 732 682 732 682 0 1 0 0 43498 32 0
21195 21197 732 682 732 682 1 1 0 0 0 2 0
21197 21197 732 682 732 682 1 0 0 0 -43498 32 0
21197 23913 732 682 732 682 0 0 0 0 0 2716 0
23913 23913 732 682 732 682 0 1 0 0 26628 32 0
23913 23915 732 682 732 682 1 1 0 0 0 2 0
23915 23915 732 682 732 682 1 0 0 0 -26628 32 0
23915 24541 732 682 732 682 0 0 0 0 0 626 0
24541 24541 732 682 732 682 0 1 0 0 11374 32 0
24541 24544 732 682 732 682 1 1 0 0 0 3 0
24544 24544 732 682 732 682 1 0 0 0 -11374 32 0
24544 26181 732 682 732 682 0 0 0 0 0 1637 0
26181 26181 732 682 732 682 0 1 0 0 46222 32 0
26181 26182 732 682 732 682 1 1 0 0 0 1 0
26182 26182 732 682 732 682 1 0 0 0 -46222 32 0
26182 27104 732 682 732 682 0 0 0 0 0 922 0
27104 27104 732 682 732 682 0 1 0 0 46726 32 0
27104 27106 732 682 732 682 1 1 0 0 0 2 0
27106 27106 732 682 732 682 1 0 0 0 -46726 32 0
27106 31766 732 682 732 682 0 0 0 0 0 4660 0
31766 31766 732 682 732 682 0 1 0 0 13412 32 0
31766 31769 732 682 732 682 1 1 0 0 0 3 0
31769 31769 732 682 732 682 1 0 0 0 -13412 32 0
31769 32658 732 682 732 682 0 0 0 0 0 889 0
32658 32658 732 682 732 682 0 1 0 0 31076 32 0
32658 32660 732 682 732 682 1 1 0 0 0 2 0
32660 32660 732 682 732 682 1 0 0 0 -31076 32 0
32660 40899 732 682 732 682 0 0 0 0 0 8239 0
40899 40899 732 682 732 682 0 1 0 0 34387 32 0
40899 40900 732 682 732 682 1 1 0 0 0 1 0
40900 40900 732 682 732 682 1 0 0 0 -34387 32 0
40900 43267 732 682 732 682 0 0 0 0 0 2367 0
43267 43267 732 682 732 682 0 0 0 0 1000000000 0 0
--------------------------------------
--------------------------------------
EV2
--------------------------------------
Num TPs served = 23
TPs served = 3244 4534 4828 5633 5679 5953 6593 6650 6908 7640 7742 7856 8678 8953 9115 9316 9565 9737 9814 9910 10314 10739 10775
Total energy used = 100
--------------------------------------
Schedule:
0 5774 732 682 732 682 0 0 100 100 0 5774 0
5774 5774 732 682 732 682 0 1 100 100 3244 32 0
5774 5775 732 682 732 682 1 1 100 100 0 1 0
5775 5777 732 682 732 684 1 0 100 98 -3244 32 2
5777 8178 732 684 732 684 0 0 98 98 0 2401 0
8178 8180 732 684 732 682 0 1 98 96 4534 32 2
8180 8181 732 682 733 682 1 0 96 95 -4534 32 1
8181 8761 733 682 733 682 0 0 95 95 0 580 0
8761 8762 733 682 732 682 0 1 95 94 4828 32 1
8762 8764 732 682 732 682 1 1 94 94 0 2 0
8764 8765 732 682 733 682 1 0 94 93 -4828 32 1
8765 10287 733 682 733 682 0 0 93 93 0 1522 0
10287 10288 733 682 732 682 0 1 93 92 5633 32 1
10288 10289 732 682 733 682 1 0 92 91 -5633 32 1
10289 10376 733 682 733 682 0 0 91 91 0 87 0
10376 10377 733 682 732 682 0 1 91 90 5679 32 1
10377 10379 732 682 734 682 1 0 90 88 -5679 32 2
10379 10891 734 682 734 682 0 0 88 88 0 512 0
10891 10893 734 682 732 682 0 1 88 86 5953 32 2
10893 10894 732 682 733 682 1 0 86 85 -5953 32 1
10894 12142 733 682 733 682 0 0 85 85 0 1248 0
12142 12143 733 682 732 682 0 1 85 84 6593 32 1
12143 12144 732 682 732 682 1 1 84 84 0 1 0
12144 12145 732 682 733 682 1 0 84 83 -6593 32 1
12145 12262 733 682 733 682 0 0 83 83 0 117 0
12262 12263 733 682 732 682 0 1 83 82 6650 32 1
12263 12265 732 682 732 684 1 0 82 80 -6650 32 2
12265 12800 732 684 732 684 0 0 80 80 0 535 0
12800 12802 732 684 732 682 0 1 80 78 6908 32 2
12802 12803 732 682 732 682 1 1 78 78 0 1 0
12803 12805 732 682 734 682 1 0 78 76 -6908 32 2
12805 14403 734 682 734 682 0 0 76 76 0 1598 0
14403 14405 734 682 732 682 0 1 76 74 7640 32 2
14405 14407 732 682 733 683 1 0 74 72 -7640 32 2
14407 14639 733 683 733 683 0 0 72 72 0 232 0
14639 14641 733 683 732 682 0 1 72 70 7742 32 2
14641 14642 732 682 732 682 1 1 70 70 0 1 0
14642 14644 732 682 734 682 1 0 70 68 -7742 32 2
14644 14895 734 682 734 682 0 0 68 68 0 251 0
14895 14897 734 682 732 682 0 1 68 66 7856 32 2
14897 14902 732 682 737 682 1 0 66 61 -7856 32 5
14902 16811 737 682 737 682 0 0 61 61 0 1909 0
16811 16816 737 682 732 682 0 1 61 56 8678 32 5
16816 16817 732 682 732 682 1 1 56 56 0 1 0
16817 16821 732 682 736 682 1 0 56 52 -8678 32 4
16821 17530 736 682 736 682 0 0 52 52 0 709 0
17530 17534 736 682 732 682 0 1 52 48 8953 32 4
17534 17536 732 682 733 683 1 0 48 46 -8953 32 2
17536 17932 733 683 733 683 0 0 46 46 0 396 0
17932 17934 733 683 732 682 0 1 46 44 9115 32 2
17934 17936 732 682 734 682 1 0 44 42 -9115 32 2
17936 18538 734 682 734 682 0 0 42 42 0 602 0
18538 18540 734 682 732 682 0 1 42 40 9316 32 2
18540 18544 732 682 736 682 1 0 40 36 -9316 32 4
18544 19204 736 682 736 682 0 0 36 36 0 660 0
19204 19208 736 682 732 682 0 1 36 32 9565 32 4
19208 19210 732 682 734 682 1 0 32 30 -9565 32 2
19210 19661 734 682 734 682 0 0 30 30 0 451 0
19661 19663 734 682 732 682 0 1 30 28 9737 32 2
19663 19664 732 682 732 682 1 1 28 28 0 1 0
19664 19670 732 682 738 682 1 0 28 22 -9737 32 6
19670 19930 738 682 738 682 0 0 22 22 0 260 0
19930 19936 738 682 732 682 0 1 22 16 9814 32 6
19936 19937 732 682 732 682 1 1 16 16 0 1 0
19937 19938 732 682 733 682 1 0 16 15 -9814 32 1
19938 20140 733 682 733 682 0 0 15 15 0 202 0
20140 20141 733 682 732 682 0 1 15 14 9910 32 1
20141 20143 732 682 734 682 1 0 14 12 -9910 32 2
20143 21311 734 682 734 682 0 0 12 12 0 1168 0
21311 21313 734 682 732 682 0 1 12 10 10314 32 2
21313 21314 732 682 732 682 1 1 10 10 0 1 0
21314 21316 732 682 732 684 1 0 10 8 -10314 32 2
21316 22537 732 684 732 684 0 0 8 8 0 1221 0
22537 22539 732 684 732 682 0 1 8 6 10739 32 2
22539 22541 732 682 732 684 1 0 6 4 -10739 32 2
22541 22648 732 684 732 684 0 0 4 4 0 107 0
22648 22650 732 684 732 682 0 1 4 2 10775 32 2
22650 22651 732 682 732 682 1 1 2 2 0 1 0
22651 22652 732 682 733 682 1 0 2 1 -10775 32 1
22652 43266 733 682 733 682 0 0 1 1 0 20614 0
43266 43267 733 682 732 682 0 0 1 0 1000000000 0 1
--------------------------------------
--------------------------------------
EV3
--------------------------------------
Num TPs served = 23
TPs served = 11362 11376 11645 11674 12031 12181 12227 12324 12880 12984 13008 13096 13340 13392 14239 14521 14926 15025 15097 15183 21315 33296 45241
Total energy used = 100
--------------------------------------
Schedule:
0 11596 732 682 732 682 0 0 100 100 0 11596 0
11596 11596 732 682 732 682 0 1 100 100 21315 32 0
11596 11597 732 682 732 682 1 1 100 100 0 1 0
11597 11598 732 682 733 682 1 0 100 99 -21315 32 1
11598 24440 733 682 733 682 0 0 99 99 0 12842 0
24440 24441 733 682 732 682 0 1 99 98 45241 32 1
24441 24474 732 682 732 682 1 1 98 98 0 33 0
24474 24474 732 682 732 682 1 2 98 98 11362 32 0
24474 24478 732 682 735 683 2 1 98 94 -45241 0 4
24478 24481 735 683 737 684 1 0 94 91 -11362 32 3
24481 24545 737 684 737 684 0 0 91 91 0 64 0
24545 24552 737 684 732 682 0 1 91 84 11376 32 7
24552 24553 732 682 732 682 1 1 84 84 0 1 0
24553 24559 732 682 735 685 1 0 84 78 -11376 32 6
24559 25490 735 685 735 685 0 0 78 78 0 931 0
25490 25496 735 685 732 682 0 1 78 72 11645 32 6
25496 25498 732 682 733 683 1 0 72 70 -11645 32 2
25498 25602 733 683 733 683 0 0 70 70 0 104 0
25602 25604 733 683 732 682 0 1 70 68 11674 32 2
25604 25606 732 682 734 682 1 0 68 66 -11674 32 2
25606 26841 734 682 734 682 0 0 66 66 0 1235 0
26841 26843 734 682 732 682 0 1 66 64 12031 32 2
26843 26844 732 682 732 682 1 1 64 64 0 1 0
26844 26845 732 682 732 683 1 0 64 63 -12031 32 1
26845 27310 732 683 732 683 0 0 63 63 0 465 0
27310 27311 732 683 732 682 0 1 63 62 12181 32 1
27311 27312 732 682 732 682 1 1 62 62 0 1 0
27312 27313 732 682 733 682 1 0 62 61 -12181 32 1
27313 27471 733 682 733 682 0 0 61 61 0 158 0
27471 27472 733 682 732 682 0 1 61 60 12227 32 1
27472 27477 732 682 736 683 1 0 60 55 -12227 32 5
27477 27830 736 683 736 683 0 0 55 55 0 353 0
27830 27835 736 683 732 682 0 1 55 50 12324 32 5
27835 27836 732 682 732 682 1 1 50 50 0 1 0
27836 27837 732 682 733 682 1 0 50 49 -12324 32 1
27837 29857 733 682 733 682 0 0 49 49 0 2020 0
29857 29858 733 682 732 682 0 1 49 48 12880 32 1
29858 29860 732 682 733 683 1 0 48 46 -12880 32 2
29860 30227 733 683 733 683 0 0 46 46 0 367 0
30227 30229 733 683 732 682 0 1 46 44 12984 32 2
30229 30230 732 682 732 682 1 1 44 44 0 1 0
30230 30235 732 682 735 684 1 0 44 39 -12984 32 5
30235 30314 735 684 735 684 0 0 39 39 0 79 0
30314 30319 735 684 732 682 0 1 39 34 13008 32 5
30319 30320 732 682 732 682 1 1 34 34 0 1 0
30320 30322 732 682 734 682 1 0 34 32 -13008 32 2
30322 30663 734 682 734 682 0 0 32 32 0 341 0
30663 30665 734 682 732 682 0 1 32 30 13096 32 2
30665 30666 732 682 732 683 1 0 30 29 -13096 32 1
30666 31452 732 683 732 683 0 0 29 29 0 786 0
31452 31453 732 683 732 682 0 1 29 28 13340 32 1
31453 31454 732 682 733 682 1 0 28 27 -13340 32 1
31454 31674 733 682 733 682 0 0 27 27 0 220 0
31674 31675 733 682 732 682 0 1 27 26 13392 32 1
31675 31677 732 682 733 683 1 0 26 24 -13392 32 2
31677 34888 733 683 733 683 0 0 24 24 0 3211 0
34888 34890 733 683 732 682 0 1 24 22 14239 32 2
34890 34891 732 682 732 683 1 0 22 21 -14239 32 1
34891 35937 732 683 732 683 0 0 21 21 0 1046 0
35937 35938 732 683 732 682 0 1 21 20 14521 32 1
35938 35939 732 682 732 682 1 1 20 20 0 1 0
35939 35941 732 682 734 682 1 0 20 18 -14521 32 2
35941 37548 734 682 734 682 0 0 18 18 0 1607 0
37548 37550 734 682 732 682 0 1 18 16 14926 32 2
37550 37552 732 682 732 684 1 0 16 14 -14926 32 2
37552 37913 732 684 732 684 0 0 14 14 0 361 0
37913 37915 732 684 732 682 0 1 14 12 33296 32 2
37915 37915 732 682 732 682 1 2 12 12 15025 4 0
37915 37917 732 682 734 682 2 1 12 10 -33296 32 2
37917 37917 734 682 734 682 1 0 10 10 -15025 8 0
37917 38175 734 682 734 682 0 0 10 10 0 258 0
38175 38177 734 682 732 682 0 1 10 8 15097 32 2
38177 38179 732 682 732 684 1 0 8 6 -15097 32 2
38179 38544 732 684 732 684 0 0 6 6 0 365 0
38544 38546 732 684 732 682 0 1 6 4 15183 32 2
38546 38549 732 682 732 682 1 1 4 4 0 3 0
38549 38551 732 682 732 684 1 0 4 2 -15183 32 2
38551 43265 732 684 732 684 0 0 2 2 0 4714 0
43265 43267 732 684 732 682 0 0 2 0 1000000000 0 2
--------------------------------------

-------------------------------------------------------------------------

TPs

-------------------------------------------------------------------------

----------------------
TP151 allocated to 1
----------------------

----------------------
TP788 allocated to 1
----------------------

----------------------
TP815 allocated to 1
----------------------

----------------------
TP864 allocated to 1
----------------------

----------------------
TP934 allocated to 1
----------------------

----------------------
TP1720 allocated to 1
----------------------

----------------------
TP1760 allocated to 1
----------------------

----------------------
TP1853 allocated to 1
----------------------

----------------------
TP2013 allocated to 1
----------------------

----------------------
TP2058 allocated to 1
----------------------

----------------------
TP2346 allocated to 1
----------------------

----------------------
TP2440 allocated to 1
----------------------

----------------------
TP2569 allocated to 1
----------------------

----------------------
TP2793 allocated to 1
----------------------

----------------------
TP2906 allocated to 1
----------------------

----------------------
TP2952 allocated to 1
----------------------

----------------------
TP3214 allocated to 1
----------------------

----------------------
TP3244 allocated to 2
----------------------

----------------------
TP3700 allocated to 1
----------------------

----------------------
TP4250 allocated to 1
----------------------

----------------------
TP4534 allocated to 2
----------------------

----------------------
TP4661 allocated to 1
----------------------

----------------------
TP4828 allocated to 2
----------------------

----------------------
TP5633 allocated to 2
----------------------

----------------------
TP5679 allocated to 2
----------------------

----------------------
TP5953 allocated to 2
----------------------

----------------------
TP6593 allocated to 2
----------------------

----------------------
TP6650 allocated to 2
----------------------

----------------------
TP6800 allocated to 1
----------------------

----------------------
TP6908 allocated to 2
----------------------

----------------------
TP7640 allocated to 2
----------------------

----------------------
TP7742 allocated to 2
----------------------

----------------------
TP7856 allocated to 2
----------------------

----------------------
TP8678 allocated to 2
----------------------

----------------------
TP8953 allocated to 2
----------------------

----------------------
TP9115 allocated to 2
----------------------

----------------------
TP9316 allocated to 2
----------------------

----------------------
TP9565 allocated to 2
----------------------

----------------------
TP9737 allocated to 2
----------------------

----------------------
TP9814 allocated to 2
----------------------

----------------------
TP9910 allocated to 2
----------------------

----------------------
TP10314 allocated to 2
----------------------

----------------------
TP10739 allocated to 2
----------------------

----------------------
TP10775 allocated to 2
----------------------

----------------------
TP11362 allocated to 3
----------------------

----------------------
TP11374 allocated to 1
----------------------

----------------------
TP11376 allocated to 3
----------------------

----------------------
TP11645 allocated to 3
----------------------

----------------------
TP11674 allocated to 3
----------------------

----------------------
TP12031 allocated to 3
----------------------

----------------------
TP12181 allocated to 3
----------------------

----------------------
TP12227 allocated to 3
----------------------

----------------------
TP12324 allocated to 3
----------------------

----------------------
TP12880 allocated to 3
----------------------

----------------------
TP12984 allocated to 3
----------------------

----------------------
TP13008 allocated to 3
----------------------

----------------------
TP13096 allocated to 3
----------------------

----------------------
TP13340 allocated to 3
----------------------

----------------------
TP13392 allocated to 3
----------------------

----------------------
TP13412 allocated to 1
----------------------

----------------------
TP14239 allocated to 3
----------------------

----------------------
TP14521 allocated to 3
----------------------

----------------------
TP14926 allocated to 3
----------------------

----------------------
TP15025 allocated to 3
----------------------

----------------------
TP15097 allocated to 3
----------------------

----------------------
TP15183 allocated to 3
----------------------

----------------------
TP15476 not allocated
----------------------

----------------------
TP15717 not allocated
----------------------

----------------------
TP16295 not allocated
----------------------

----------------------
TP16418 not allocated
----------------------

----------------------
TP16434 not allocated
----------------------

----------------------
TP17500 not allocated
----------------------

----------------------
TP17786 not allocated
----------------------

----------------------
TP18295 not allocated
----------------------

----------------------
TP18343 allocated to 1
----------------------

----------------------
TP18539 allocated to 1
----------------------

----------------------
TP18648 not allocated
----------------------

----------------------
TP18962 not allocated
----------------------

----------------------
TP20213 not allocated
----------------------

----------------------
TP21001 not allocated
----------------------

----------------------
TP21071 not allocated
----------------------

----------------------
TP21084 allocated to 1
----------------------

----------------------
TP21315 allocated to 3
----------------------

----------------------
TP21373 not allocated
----------------------

----------------------
TP21428 not allocated
----------------------

----------------------
TP21469 allocated to 1
----------------------

----------------------
TP21531 not allocated
----------------------

----------------------
TP21685 not allocated
----------------------

----------------------
TP21695 not allocated
----------------------

----------------------
TP22136 not allocated
----------------------

----------------------
TP22335 not allocated
----------------------

----------------------
TP22527 not allocated
----------------------

----------------------
TP23212 not allocated
----------------------

----------------------
TP23439 not allocated
----------------------

----------------------
TP24446 not allocated
----------------------

----------------------
TP24723 not allocated
----------------------

----------------------
TP24926 not allocated
----------------------

----------------------
TP25200 not allocated
----------------------

----------------------
TP25426 not allocated
----------------------

----------------------
TP26033 not allocated
----------------------

----------------------
TP26628 allocated to 1
----------------------

----------------------
TP26755 not allocated
----------------------

----------------------
TP26809 not allocated
----------------------

----------------------
TP26822 not allocated
----------------------

----------------------
TP27052 not allocated
----------------------

----------------------
TP27055 not allocated
----------------------

----------------------
TP27066 not allocated
----------------------

----------------------
TP27305 not allocated
----------------------

----------------------
TP27531 not allocated
----------------------

----------------------
TP27636 not allocated
----------------------

----------------------
TP27788 not allocated
----------------------

----------------------
TP28257 not allocated
----------------------

----------------------
TP28754 not allocated
----------------------

----------------------
TP28790 not allocated
----------------------

----------------------
TP29276 not allocated
----------------------

----------------------
TP29281 not allocated
----------------------

----------------------
TP29369 not allocated
----------------------

----------------------
TP29424 not allocated
----------------------

----------------------
TP29505 not allocated
----------------------

----------------------
TP30190 not allocated
----------------------

----------------------
TP30442 not allocated
----------------------

----------------------
TP30980 not allocated
----------------------

----------------------
TP30987 not allocated
----------------------

----------------------
TP31076 allocated to 1
----------------------

----------------------
TP31609 not allocated
----------------------

----------------------
TP31906 not allocated
----------------------

----------------------
TP32169 not allocated
----------------------

----------------------
TP32797 not allocated
----------------------

----------------------
TP33120 not allocated
----------------------

----------------------
TP33296 allocated to 3
----------------------

----------------------
TP33543 not allocated
----------------------

----------------------
TP33741 not allocated
----------------------

----------------------
TP33745 not allocated
----------------------

----------------------
TP33770 not allocated
----------------------

----------------------
TP33822 not allocated
----------------------

----------------------
TP33988 not allocated
----------------------

----------------------
TP34377 not allocated
----------------------

----------------------
TP34387 allocated to 1
----------------------

----------------------
TP34407 not allocated
----------------------

----------------------
TP35061 not allocated
----------------------

----------------------
TP37067 not allocated
----------------------

----------------------
TP38867 not allocated
----------------------

----------------------
TP38933 not allocated
----------------------

----------------------
TP39191 not allocated
----------------------

----------------------
TP39199 not allocated
----------------------

----------------------
TP39230 not allocated
----------------------

----------------------
TP39442 not allocated
----------------------

----------------------
TP39579 not allocated
----------------------

----------------------
TP39751 not allocated
----------------------

----------------------
TP39840 not allocated
----------------------

----------------------
TP40166 not allocated
----------------------

----------------------
TP40537 not allocated
----------------------

----------------------
TP40743 not allocated
----------------------

----------------------
TP41095 not allocated
----------------------

----------------------
TP41196 not allocated
----------------------

----------------------
TP41285 not allocated
----------------------

----------------------
TP41336 not allocated
----------------------

----------------------
TP41676 not allocated
----------------------

----------------------
TP42045 not allocated
----------------------

----------------------
TP42089 not allocated
----------------------

----------------------
TP42263 not allocated
----------------------

----------------------
TP43498 allocated to 1
----------------------

----------------------
TP43581 not allocated
----------------------

----------------------
TP43674 not allocated
----------------------

----------------------
TP44136 not allocated
----------------------

----------------------
TP44149 not allocated
----------------------

----------------------
TP44160 not allocated
----------------------

----------------------
TP45194 not allocated
----------------------

----------------------
TP45241 allocated to 3
----------------------

----------------------
TP45333 not allocated
----------------------

----------------------
TP46144 not allocated
----------------------

----------------------
TP46222 allocated to 1
----------------------

----------------------
TP46231 not allocated
----------------------

----------------------
TP46237 not allocated
----------------------

----------------------
TP46431 not allocated
----------------------

----------------------
TP46645 not allocated
----------------------

----------------------
TP46658 not allocated
----------------------

----------------------
TP46724 not allocated
----------------------

----------------------
TP46726 allocated to 1
----------------------

----------------------
TP46915 not allocated
----------------------

----------------------
TP47075 not allocated
----------------------

----------------------
TP47267 not allocated
----------------------

----------------------
TP47438 not allocated
----------------------

----------------------
TP47551 not allocated
----------------------

----------------------
TP47724 not allocated
----------------------

----------------------
TP47989 not allocated
----------------------

----------------------
TP48123 not allocated
----------------------

----------------------
TP48319 not allocated
----------------------

----------------------
TP48378 not allocated
----------------------

----------------------
TP48706 not allocated
----------------------

----------------------
TP48968 not allocated
----------------------

----------------------
TP49020 not allocated
----------------------

----------------------
TP49127 not allocated
----------------------

----------------------
TP49171 not allocated
----------------------

----------------------
TP49274 not allocated
----------------------

----------------------
TP49338 not allocated
----------------------

----------------------
TP49548 not allocated
----------------------

-------------------------------------------------------------------------

Ride-sharing vs Individual Mode - Num Vehicles and Distance Comparisson 

-------------------------------------------------------------------------
Individual Mode = 197 vehicles.
Ride-sharing Mode = 121 vehicles. The 3 ride-sharing vehicles + 118 vehicles of the individuals not served by the ride-sharing service.
-------------------------------------------------------------------------
Individual Mode = 468 distance.
Ride-sharing Mode = 612 distance. 300 from the EV fleet + 312 from the distance of the trips not covered individuals had to do with their own vehicle.
-------------------------------------------------------------------------
