-------------------------------------------------------------------------
TPs satisfied = 71; Total TPs = 203; Percentage Satisfied + 35.0%
-------------------------------------------------------------------------

-------------------------------------------------------------------------

EVs

-------------------------------------------------------------------------
--------------------------------------
EV1
--------------------------------------
Num TPs served = 34
TPs served = 279 923 1027 1182 1201 2000 2098 2132 2547 2891 3008 3278 3542 3984 4173 4275 4361 4484 4521 5122 5150 9546 12474 18617 21260 23717 25562 29403 30986 35834 38935 41821 46442 47421
Total energy used = 100
--------------------------------------
Schedule:
0 549 732 434 732 434 0 0 100 100 0 549 0
549 549 732 434 732 434 0 1 100 100 279 32 0
549 553 732 434 736 434 1 0 100 96 -279 32 4
553 1624 736 434 736 434 0 0 96 96 0 1071 0
1624 1628 736 434 732 434 0 1 96 92 923 32 4
1628 1629 732 434 732 434 1 1 92 92 0 1 0
1629 1630 732 434 733 434 1 0 92 91 -923 32 1
1630 1810 733 434 733 434 0 0 91 91 0 180 0
1810 1811 733 434 732 434 0 1 91 90 1027 32 1
1811 1813 732 434 734 434 1 0 90 88 -1027 32 2
1813 1982 734 434 734 434 0 0 88 88 0 169 0
1982 1984 734 434 732 434 0 1 88 86 35834 32 2
1984 1986 732 434 732 434 1 1 86 86 0 2 0
1986 1986 732 434 732 434 1 0 86 86 -35834 32 0
1986 2093 732 434 732 434 0 0 86 86 0 107 0
2093 2093 732 434 732 434 0 1 86 86 1201 32 0
2093 2093 732 434 732 434 1 2 86 86 1182 3 0
2093 2094 732 434 733 434 2 1 86 85 -1201 32 1
2094 2096 733 434 734 435 1 0 85 83 -1182 5 2
2096 3517 734 435 734 435 0 0 83 83 0 1421 0
3517 3520 734 435 732 434 0 1 83 80 2000 32 3
3520 3523 732 434 732 434 1 1 80 80 0 3 0
3523 3528 732 434 732 439 1 0 80 75 -2000 32 5
3528 3683 732 439 732 439 0 0 75 75 0 155 0
3683 3688 732 439 732 434 0 1 75 70 2098 32 5
3688 3691 732 434 732 434 1 1 70 70 0 3 0
3691 3694 732 434 733 436 1 0 70 67 -2098 32 3
3694 3764 733 436 733 436 0 0 67 67 0 70 0
3764 3767 733 436 732 434 0 1 67 64 18617 32 3
3767 3767 732 434 732 434 1 2 64 64 2132 24 0
3767 3770 732 434 732 434 2 2 64 64 0 3 0
3770 3771 732 434 732 435 2 1 64 63 -18617 32 1
3771 3772 732 435 732 436 1 0 63 62 -2132 23 1
3772 4521 732 436 732 436 0 0 62 62 0 749 0
4521 4523 732 436 732 434 0 1 62 60 2547 32 2
4523 4526 732 434 732 434 1 1 60 60 0 3 0
4526 4528 732 434 733 435 1 0 60 58 -2547 32 2
4528 5155 733 435 733 435 0 0 58 58 0 627 0
5155 5157 733 435 732 434 0 1 58 56 2891 32 2
5157 5160 732 434 734 435 1 0 56 53 -2891 32 3
5160 5367 734 435 734 435 0 0 53 53 0 207 0
5367 5370 734 435 732 434 0 1 53 50 3008 32 3
5370 5378 732 434 732 434 1 1 50 50 0 8 0
5378 5379 732 434 733 434 1 0 50 49 -3008 32 1
5379 5845 733 434 733 434 0 0 49 49 0 466 0
5845 5846 733 434 732 434 0 1 49 48 3278 32 1
5846 5849 732 434 732 434 1 1 48 48 0 3 0
5849 5855 732 434 738 434 1 0 48 42 -3278 32 6
5855 6326 738 434 738 434 0 0 42 42 0 471 0
6326 6332 738 434 732 434 0 1 42 36 3542 32 6
6332 6336 732 434 735 435 1 0 36 32 -3542 32 4
6336 7166 735 435 735 435 0 0 32 32 0 830 0
7166 7170 735 435 732 434 0 1 32 28 3984 32 4
7170 7172 732 434 732 434 1 1 28 28 0 2 0
7172 7174 732 434 732 436 1 0 28 26 -3984 32 2
7174 7513 732 436 732 436 0 0 26 26 0 339 0
7513 7515 732 436 732 434 0 1 26 24 4173 32 2
7515 7516 732 434 732 435 1 0 24 23 -4173 32 1
7516 7675 732 435 732 435 0 0 23 23 0 159 0
7675 7676 732 435 732 434 0 1 23 22 4275 32 1
7676 7681 732 434 737 434 1 0 22 17 -4275 32 5
7681 7842 737 434 737 434 0 0 17 17 0 161 0
7842 7847 737 434 732 434 0 1 17 12 4361 32 5
7847 7848 732 434 732 434 1 1 12 12 0 1 0
7848 7850 732 434 734 434 1 0 12 10 -4361 32 2
7850 8083 734 434 734 434 0 0 10 10 0 233 0
8083 8085 734 434 732 434 0 1 10 8 4484 32 2
8085 8086 732 434 732 434 1 1 8 8 0 1 0
8086 8086 732 434 732 434 1 0 8 8 -4484 32 0
8086 8154 732 434 732 434 0 0 8 8 0 68 0
8154 8154 732 434 732 434 0 1 8 8 4521 32 0
8154 8155 732 434 733 434 1 0 8 7 -4521 32 1
8155 9297 733 434 733 434 0 0 7 7 0 1142 0
9297 9298 733 434 732 434 0 1 7 6 5122 32 1
9298 9299 732 434 732 434 1 1 6 6 0 1 0
9299 9300 732 434 732 435 1 0 6 5 -5122 32 1
9300 9351 732 435 732 435 0 0 5 5 0 51 0
9351 9352 732 435 732 434 0 1 5 4 5150 32 1
9352 9354 732 434 734 434 1 0 4 2 -5150 32 2
9354 10722 734 434 734 434 0 0 2 2 0 1368 0
10722 10724 734 434 732 434 0 1 2 0 38935 32 2
10724 10726 732 434 732 434 1 1 0 0 0 2 0
10726 10726 732 434 732 434 1 0 0 0 -38935 32 0
10726 11436 732 434 732 434 0 0 0 0 0 710 0
11436 11436 732 434 732 434 0 1 0 0 21260 32 0
11436 11439 732 434 732 434 1 1 0 0 0 3 0
11439 11439 732 434 732 434 1 0 0 0 -21260 32 0
11439 17681 732 434 732 434 0 0 0 0 0 6242 0
17681 17681 732 434 732 434 0 1 0 0 23717 32 0
17681 17682 732 434 732 434 1 1 0 0 0 1 0
17682 17682 732 434 732 434 1 0 0 0 -23717 32 0
17682 17718 732 434 732 434 0 0 0 0 0 36 0
17718 17718 732 434 732 434 0 1 0 0 41821 32 0
17718 17719 732 434 732 434 1 1 0 0 0 1 0
17719 17719 732 434 732 434 1 0 0 0 -41821 32 0
17719 19149 732 434 732 434 0 0 0 0 0 1430 0
19149 19149 732 434 732 434 0 1 0 0 9546 32 0
19149 19151 732 434 732 434 1 1 0 0 0 2 0
19151 19151 732 434 732 434 1 0 0 0 -9546 32 0
19151 21729 732 434 732 434 0 0 0 0 0 2578 0
21729 21729 732 434 732 434 0 1 0 0 25562 32 0
21729 21730 732 434 732 434 1 1 0 0 0 1 0
21730 21730 732 434 732 434 1 0 0 0 -25562 32 0
21730 26574 732 434 732 434 0 0 0 0 0 4844 0
26574 26574 732 434 732 434 0 1 0 0 46442 32 0
26574 26575 732 434 732 434 1 1 0 0 0 1 0
26575 26575 732 434 732 434 1 0 0 0 -46442 32 0
26575 28234 732 434 732 434 0 0 0 0 0 1659 0
28234 28234 732 434 732 434 0 1 0 0 47421 32 0
28234 28235 732 434 732 434 1 1 0 0 0 1 0
28235 28235 732 434 732 434 1 0 0 0 -47421 32 0
28235 28335 732 434 732 434 0 0 0 0 0 100 0
28335 28335 732 434 732 434 0 1 0 0 12474 32 0
28335 28336 732 434 732 434 1 1 0 0 0 1 0
28336 28336 732 434 732 434 1 0 0 0 -12474 32 0
28336 29314 732 434 732 434 0 0 0 0 0 978 0
29314 29314 732 434 732 434 0 1 0 0 29403 32 0
29314 29322 732 434 732 434 1 1 0 0 0 8 0
29322 29322 732 434 732 434 1 0 0 0 -29403 32 0
29322 32465 732 434 732 434 0 0 0 0 0 3143 0
32465 32465 732 434 732 434 0 1 0 0 30986 32 0
32465 32466 732 434 732 434 1 1 0 0 0 1 0
32466 32466 732 434 732 434 1 0 0 0 -30986 32 0
32466 43267 732 434 732 434 0 0 0 0 0 10801 0
43267 43267 732 434 732 434 0 0 0 0 1000000000 0 0
--------------------------------------
--------------------------------------
EV2
--------------------------------------
Num TPs served = 13
TPs served = 4400 5049 5250 5868 6301 6355 6643 6720 6971 7391 7451 7663 7701
Total energy used = 100
--------------------------------------
Schedule:
0 7912 732 434 732 434 0 0 100 100 0 7912 0
7912 7912 732 434 732 434 0 1 100 100 4400 32 0
7912 7915 732 434 732 434 1 1 100 100 0 3 0
7915 7927 732 434 742 436 1 0 100 88 -4400 32 12
7927 9142 742 436 742 436 0 0 88 88 0 1215 0
9142 9154 742 436 732 434 0 1 88 76 5049 32 12
9154 9160 732 434 738 434 1 0 76 70 -5049 32 6
9160 9530 738 434 738 434 0 0 70 70 0 370 0
9530 9536 738 434 732 434 0 1 70 64 5250 32 6
9536 9537 732 434 733 434 1 0 64 63 -5250 32 1
9537 10730 733 434 733 434 0 0 63 63 0 1193 0
10730 10731 733 434 732 434 0 1 63 62 5868 32 1
10731 10732 732 434 732 434 1 1 62 62 0 1 0
10732 10735 732 434 733 436 1 0 62 59 -5868 32 3
10735 11562 733 436 733 436 0 0 59 59 0 827 0
11562 11565 733 436 732 434 0 1 59 56 6301 32 3
11565 11571 732 434 732 434 1 1 56 56 0 6 0
11571 11572 732 434 732 435 1 0 56 55 -6301 32 1
11572 11659 732 435 732 435 0 0 55 55 0 87 0
11659 11660 732 435 732 434 0 1 55 54 6355 32 1
11660 11661 732 434 732 434 1 1 54 54 0 1 0
11661 11662 732 434 733 434 1 0 54 53 -6355 32 1
11662 12246 733 434 733 434 0 0 53 53 0 584 0
12246 12247 733 434 732 434 0 1 53 52 6643 32 1
12247 12249 732 434 732 434 1 1 52 52 0 2 0
12249 12251 732 434 732 436 1 0 52 50 -6643 32 2
12251 12392 732 436 732 436 0 0 50 50 0 141 0
12392 12394 732 436 732 434 0 1 50 48 6720 32 2
12394 12404 732 434 736 440 1 0 48 38 -6720 32 10
12404 12941 736 440 736 440 0 0 38 38 0 537 0
12941 12951 736 440 732 434 0 1 38 28 6971 32 10
12951 12952 732 434 732 434 1 1 28 28 0 1 0
12952 12955 732 434 734 435 1 0 28 25 -6971 32 3
12955 13852 734 435 734 435 0 0 25 25 0 897 0
13852 13855 734 435 732 434 0 1 25 22 7391 32 3
13855 13861 732 434 735 437 1 0 22 16 -7391 32 6
13861 14000 735 437 735 437 0 0 16 16 0 139 0
14000 14006 735 437 732 434 0 1 16 10 7451 32 6
14006 14007 732 434 732 434 1 1 10 10 0 1 0
14007 14008 732 434 732 435 1 0 10 9 -7451 32 1
14008 14468 732 435 732 435 0 0 9 9 0 460 0
14468 14469 732 435 732 434 0 1 9 8 7663 32 1
14469 14472 732 434 734 435 1 0 8 5 -7663 32 3
14472 14543 734 435 734 435 0 0 5 5 0 71 0
14543 14546 734 435 732 434 0 1 5 2 7701 32 3
14546 14547 732 434 732 434 1 1 2 2 0 1 0
14547 14548 732 434 733 434 1 0 2 1 -7701 32 1
14548 43266 733 434 733 434 0 0 1 1 0 28718 0
43266 43267 733 434 732 434 0 0 1 0 1000000000 0 1
--------------------------------------
--------------------------------------
EV3
--------------------------------------
Num TPs served = 24
TPs served = 7591 7613 7908 8377 8545 8946 8961 8965 9109 9468 9924 10019 10160 10912 11048 11398 12693 13668 14446 15230 15479 15728 42969 43323
Total energy used = 100
--------------------------------------
Schedule:
0 14288 732 434 732 434 0 0 100 100 0 14288 0
14288 14288 732 434 732 434 0 1 100 100 7591 32 0
14288 14290 732 434 732 434 1 1 100 100 0 2 0
14290 14295 732 434 737 434 1 0 100 95 -7591 32 5
14295 14346 737 434 737 434 0 0 95 95 0 51 0
14346 14351 737 434 732 434 0 1 95 90 7613 32 5
14351 14354 732 434 732 434 1 1 90 90 0 3 0
14354 14359 732 434 736 435 1 0 90 85 -7613 32 5
14359 14997 736 435 736 435 0 0 85 85 0 638 0
14997 15002 736 435 732 434 0 1 85 80 7908 32 5
15002 15003 732 434 733 434 1 0 80 79 -7908 32 1
15003 16097 733 434 733 434 0 0 79 79 0 1094 0
16097 16098 733 434 732 434 0 1 79 78 8377 32 1
16098 16101 732 434 735 434 1 0 78 75 -8377 32 3
16101 16487 735 434 735 434 0 0 75 75 0 386 0
16487 16490 735 434 732 434 0 1 75 72 8545 32 3
16490 16491 732 434 732 434 1 1 72 72 0 1 0
16491 16493 732 434 733 435 1 0 72 70 -8545 32 2
16493 17508 733 435 733 435 0 0 70 70 0 1015 0
17508 17510 733 435 732 434 0 1 70 68 8946 32 2
17510 17513 732 434 732 437 1 0 68 65 -8946 32 3
17513 17565 732 437 732 437 0 0 65 65 0 52 0
17565 17568 732 437 732 434 0 1 65 62 8965 32 3
17568 17568 732 434 732 434 1 2 62 62 8961 22 0
17568 17569 732 434 733 434 2 1 62 61 -8965 32 1
17569 17569 733 434 733 434 1 0 61 61 -8961 22 0
17569 17915 733 434 733 434 0 0 61 61 0 346 0
17915 17916 733 434 732 434 0 1 61 60 9109 32 1
17916 17924 732 434 732 434 1 1 60 60 0 8 0
17924 17929 732 434 732 439 1 0 60 55 -9109 32 5
17929 18919 732 439 732 439 0 0 55 55 0 990 0
18919 18924 732 439 732 434 0 1 55 50 9468 32 5
18924 18925 732 434 732 434 1 1 50 50 0 1 0
18925 18926 732 434 732 435 1 0 50 49 -9468 32 1
18926 20167 732 435 732 435 0 0 49 49 0 1241 0
20167 20168 732 435 732 434 0 1 49 48 42969 32 1
20168 20183 732 434 732 434 1 1 48 48 0 15 0
20183 20183 732 434 732 434 1 2 48 48 9924 32 0
20183 20184 732 434 733 434 2 1 48 47 -42969 17 1
20184 20191 733 434 740 434 1 0 47 40 -9924 32 7
20191 20468 740 434 740 434 0 0 40 40 0 277 0
20468 20476 740 434 732 434 0 1 40 32 10019 32 8
20476 20477 732 434 733 434 1 0 32 31 -10019 32 1
20477 20842 733 434 733 434 0 0 31 31 0 365 0
20842 20843 733 434 732 434 0 1 31 30 43323 32 1
20843 20853 732 434 732 434 1 1 30 30 0 10 0
20853 20853 732 434 732 434 1 2 30 30 10160 32 0
20853 20854 732 434 733 434 2 1 30 29 -43323 22 1
20854 20855 733 434 734 434 1 0 29 28 -10160 32 1
20855 23104 734 434 734 434 0 0 28 28 0 2249 0
23104 23106 734 434 732 434 0 1 28 26 10912 32 2
23106 23110 732 434 732 434 1 1 26 26 0 4 0
23110 23112 732 434 732 436 1 0 26 24 -10912 32 2
23112 23499 732 436 732 436 0 0 24 24 0 387 0
23499 23501 732 436 732 434 0 1 24 22 11048 32 2
23501 23503 732 434 734 434 1 0 22 20 -11048 32 2
23503 24645 734 434 734 434 0 0 20 20 0 1142 0
24645 24647 734 434 732 434 0 1 20 18 11398 32 2
24647 24648 732 434 733 434 1 0 18 17 -11398 32 1
24648 29178 733 434 733 434 0 0 17 17 0 4530 0
29178 29179 733 434 732 434 0 1 17 16 12693 32 1
29179 29181 732 434 732 434 1 1 16 16 0 2 0
29181 29182 732 434 733 434 1 0 16 15 -12693 32 1
29182 32697 733 434 733 434 0 0 15 15 0 3515 0
32697 32698 733 434 732 434 0 1 15 14 13668 32 1
32698 32701 732 434 735 434 1 0 14 11 -13668 32 3
32701 35668 735 434 735 434 0 0 11 11 0 2967 0
35668 35671 735 434 732 434 0 1 11 8 14446 32 3
35671 35672 732 434 732 435 1 0 8 7 -14446 32 1
35672 38708 732 435 732 435 0 0 7 7 0 3036 0
38708 38709 732 435 732 434 0 1 7 6 15230 32 1
38709 38710 732 434 732 435 1 0 6 5 -15230 32 1
38710 39642 732 435 732 435 0 0 5 5 0 932 0
39642 39643 732 435 732 434 0 1 5 4 15479 32 1
39643 39644 732 434 733 434 1 0 4 3 -15479 32 1
39644 40262 733 434 733 434 0 0 3 3 0 618 0
40262 40263 733 434 732 434 0 1 3 2 15728 32 1
40263 40264 732 434 732 434 1 1 2 2 0 1 0
40264 40265 732 434 732 435 1 0 2 1 -15728 32 1
40265 43266 732 435 732 435 0 0 1 1 0 3001 0
43266 43267 732 435 732 434 0 0 1 0 1000000000 0 1
--------------------------------------

-------------------------------------------------------------------------

TPs

-------------------------------------------------------------------------

----------------------
TP279 allocated to 1
----------------------

----------------------
TP923 allocated to 1
----------------------

----------------------
TP1027 allocated to 1
----------------------

----------------------
TP1182 allocated to 1
----------------------

----------------------
TP1201 allocated to 1
----------------------

----------------------
TP2000 allocated to 1
----------------------

----------------------
TP2098 allocated to 1
----------------------

----------------------
TP2132 allocated to 1
----------------------

----------------------
TP2547 allocated to 1
----------------------

----------------------
TP2891 allocated to 1
----------------------

----------------------
TP3008 allocated to 1
----------------------

----------------------
TP3278 allocated to 1
----------------------

----------------------
TP3542 allocated to 1
----------------------

----------------------
TP3984 allocated to 1
----------------------

----------------------
TP4173 allocated to 1
----------------------

----------------------
TP4275 allocated to 1
----------------------

----------------------
TP4361 allocated to 1
----------------------

----------------------
TP4400 allocated to 2
----------------------

----------------------
TP4484 allocated to 1
----------------------

----------------------
TP4521 allocated to 1
----------------------

----------------------
TP5049 allocated to 2
----------------------

----------------------
TP5122 allocated to 1
----------------------

----------------------
TP5150 allocated to 1
----------------------

----------------------
TP5250 allocated to 2
----------------------

----------------------
TP5868 allocated to 2
----------------------

----------------------
TP6301 allocated to 2
----------------------

----------------------
TP6355 allocated to 2
----------------------

----------------------
TP6643 allocated to 2
----------------------

----------------------
TP6720 allocated to 2
----------------------

----------------------
TP6971 allocated to 2
----------------------

----------------------
TP7391 allocated to 2
----------------------

----------------------
TP7451 allocated to 2
----------------------

----------------------
TP7591 allocated to 3
----------------------

----------------------
TP7613 allocated to 3
----------------------

----------------------
TP7663 allocated to 2
----------------------

----------------------
TP7701 allocated to 2
----------------------

----------------------
TP7908 allocated to 3
----------------------

----------------------
TP8377 allocated to 3
----------------------

----------------------
TP8545 allocated to 3
----------------------

----------------------
TP8946 allocated to 3
----------------------

----------------------
TP8961 allocated to 3
----------------------

----------------------
TP8965 allocated to 3
----------------------

----------------------
TP9109 allocated to 3
----------------------

----------------------
TP9468 allocated to 3
----------------------

----------------------
TP9546 allocated to 1
----------------------

----------------------
TP9924 allocated to 3
----------------------

----------------------
TP10019 allocated to 3
----------------------

----------------------
TP10160 allocated to 3
----------------------

----------------------
TP10912 allocated to 3
----------------------

----------------------
TP11048 allocated to 3
----------------------

----------------------
TP11398 allocated to 3
----------------------

----------------------
TP12474 allocated to 1
----------------------

----------------------
TP12693 allocated to 3
----------------------

----------------------
TP13668 allocated to 3
----------------------

----------------------
TP14446 allocated to 3
----------------------

----------------------
TP15043 not allocated
----------------------

----------------------
TP15056 not allocated
----------------------

----------------------
TP15230 allocated to 3
----------------------

----------------------
TP15479 allocated to 3
----------------------

----------------------
TP15579 not allocated
----------------------

----------------------
TP15728 allocated to 3
----------------------

----------------------
TP15824 not allocated
----------------------

----------------------
TP16374 not allocated
----------------------

----------------------
TP17183 not allocated
----------------------

----------------------
TP17423 not allocated
----------------------

----------------------
TP17515 not allocated
----------------------

----------------------
TP17642 not allocated
----------------------

----------------------
TP17727 not allocated
----------------------

----------------------
TP17955 not allocated
----------------------

----------------------
TP18183 not allocated
----------------------

----------------------
TP18269 not allocated
----------------------

----------------------
TP18341 not allocated
----------------------

----------------------
TP18417 not allocated
----------------------

----------------------
TP18617 allocated to 1
----------------------

----------------------
TP18716 not allocated
----------------------

----------------------
TP19191 not allocated
----------------------

----------------------
TP19304 not allocated
----------------------

----------------------
TP19783 not allocated
----------------------

----------------------
TP20260 not allocated
----------------------

----------------------
TP20300 not allocated
----------------------

----------------------
TP20480 not allocated
----------------------

----------------------
TP20542 not allocated
----------------------

----------------------
TP20760 not allocated
----------------------

----------------------
TP20936 not allocated
----------------------

----------------------
TP21041 not allocated
----------------------

----------------------
TP21246 not allocated
----------------------

----------------------
TP21260 allocated to 1
----------------------

----------------------
TP21268 not allocated
----------------------

----------------------
TP21464 not allocated
----------------------

----------------------
TP22242 not allocated
----------------------

----------------------
TP22374 not allocated
----------------------

----------------------
TP22532 not allocated
----------------------

----------------------
TP22555 not allocated
----------------------

----------------------
TP23000 not allocated
----------------------

----------------------
TP23197 not allocated
----------------------

----------------------
TP23314 not allocated
----------------------

----------------------
TP23717 allocated to 1
----------------------

----------------------
TP24198 not allocated
----------------------

----------------------
TP24203 not allocated
----------------------

----------------------
TP24224 not allocated
----------------------

----------------------
TP25562 allocated to 1
----------------------

----------------------
TP26237 not allocated
----------------------

----------------------
TP26294 not allocated
----------------------

----------------------
TP26403 not allocated
----------------------

----------------------
TP26765 not allocated
----------------------

----------------------
TP27083 not allocated
----------------------

----------------------
TP27319 not allocated
----------------------

----------------------
TP27482 not allocated
----------------------

----------------------
TP27549 not allocated
----------------------

----------------------
TP27573 not allocated
----------------------

----------------------
TP27670 not allocated
----------------------

----------------------
TP27765 not allocated
----------------------

----------------------
TP27870 not allocated
----------------------

----------------------
TP28073 not allocated
----------------------

----------------------
TP28252 not allocated
----------------------

----------------------
TP28418 not allocated
----------------------

----------------------
TP29232 not allocated
----------------------

----------------------
TP29403 allocated to 1
----------------------

----------------------
TP29513 not allocated
----------------------

----------------------
TP29552 not allocated
----------------------

----------------------
TP29556 not allocated
----------------------

----------------------
TP29791 not allocated
----------------------

----------------------
TP29965 not allocated
----------------------

----------------------
TP29971 not allocated
----------------------

----------------------
TP30410 not allocated
----------------------

----------------------
TP30669 not allocated
----------------------

----------------------
TP30955 not allocated
----------------------

----------------------
TP30986 allocated to 1
----------------------

----------------------
TP31444 not allocated
----------------------

----------------------
TP31614 not allocated
----------------------

----------------------
TP31638 not allocated
----------------------

----------------------
TP31717 not allocated
----------------------

----------------------
TP31921 not allocated
----------------------

----------------------
TP32005 not allocated
----------------------

----------------------
TP32130 not allocated
----------------------

----------------------
TP32286 not allocated
----------------------

----------------------
TP32325 not allocated
----------------------

----------------------
TP32633 not allocated
----------------------

----------------------
TP32839 not allocated
----------------------

----------------------
TP33010 not allocated
----------------------

----------------------
TP33274 not allocated
----------------------

----------------------
TP33311 not allocated
----------------------

----------------------
TP33415 not allocated
----------------------

----------------------
TP34067 not allocated
----------------------

----------------------
TP34138 not allocated
----------------------

----------------------
TP34292 not allocated
----------------------

----------------------
TP34683 not allocated
----------------------

----------------------
TP35113 not allocated
----------------------

----------------------
TP35326 not allocated
----------------------

----------------------
TP35834 allocated to 1
----------------------

----------------------
TP36098 not allocated
----------------------

----------------------
TP36747 not allocated
----------------------

----------------------
TP36799 not allocated
----------------------

----------------------
TP36945 not allocated
----------------------

----------------------
TP37338 not allocated
----------------------

----------------------
TP37514 not allocated
----------------------

----------------------
TP37683 not allocated
----------------------

----------------------
TP38660 not allocated
----------------------

----------------------
TP38705 not allocated
----------------------

----------------------
TP38844 not allocated
----------------------

----------------------
TP38935 allocated to 1
----------------------

----------------------
TP38963 not allocated
----------------------

----------------------
TP39201 not allocated
----------------------

----------------------
TP39367 not allocated
----------------------

----------------------
TP39543 not allocated
----------------------

----------------------
TP39795 not allocated
----------------------

----------------------
TP40144 not allocated
----------------------

----------------------
TP40463 not allocated
----------------------

----------------------
TP40931 not allocated
----------------------

----------------------
TP41002 not allocated
----------------------

----------------------
TP41406 not allocated
----------------------

----------------------
TP41821 allocated to 1
----------------------

----------------------
TP41955 not allocated
----------------------

----------------------
TP42061 not allocated
----------------------

----------------------
TP42140 not allocated
----------------------

----------------------
TP42184 not allocated
----------------------

----------------------
TP42746 not allocated
----------------------

----------------------
TP42774 not allocated
----------------------

----------------------
TP42956 not allocated
----------------------

----------------------
TP42969 allocated to 3
----------------------

----------------------
TP42976 not allocated
----------------------

----------------------
TP43007 not allocated
----------------------

----------------------
TP43060 not allocated
----------------------

----------------------
TP43323 allocated to 3
----------------------

----------------------
TP43802 not allocated
----------------------

----------------------
TP43944 not allocated
----------------------

----------------------
TP44153 not allocated
----------------------

----------------------
TP44231 not allocated
----------------------

----------------------
TP44233 not allocated
----------------------

----------------------
TP45483 not allocated
----------------------

----------------------
TP45749 not allocated
----------------------

----------------------
TP45766 not allocated
----------------------

----------------------
TP45969 not allocated
----------------------

----------------------
TP46062 not allocated
----------------------

----------------------
TP46156 not allocated
----------------------

----------------------
TP46193 not allocated
----------------------

----------------------
TP46442 allocated to 1
----------------------

----------------------
TP46744 not allocated
----------------------

----------------------
TP47421 allocated to 1
----------------------

----------------------
TP49025 not allocated
----------------------

----------------------
TP49247 not allocated
----------------------

----------------------
TP49279 not allocated
----------------------

----------------------
TP49773 not allocated
----------------------

-------------------------------------------------------------------------

Ride-sharing vs Individual Mode - Num Vehicles and Distance Comparisson 

-------------------------------------------------------------------------
Individual Mode = 203 vehicles.
Ride-sharing Mode = 135 vehicles. The 3 ride-sharing vehicles + 132 vehicles of the individuals not served by the ride-sharing service.
-------------------------------------------------------------------------
Individual Mode = 464 distance.
Ride-sharing Mode = 609 distance. 300 from the EV fleet + 309 from the distance of the trips not covered individuals had to do with their own vehicle.
-------------------------------------------------------------------------
