-------------------------------------------------------------------------
TPs satisfied = 203; Total TPs = 203; Percentage Satisfied + 100.0%
-------------------------------------------------------------------------

-------------------------------------------------------------------------

EVs

-------------------------------------------------------------------------
--------------------------------------
EV1
--------------------------------------
Num TPs served = 34
TPs served = 279 923 1027 1182 1201 2000 2098 2132 2547 2891 3008 3278 3542 3984 4173 4275 4361 4484 4521 5122 5150 9546 12474 18617 21260 23717 25562 29403 30986 35834 38935 41821 46442 47421
Total energy used = 100
--------------------------------------
Schedule:
0 549 732 434 732 434 0 0 100 100 0 549 0
549 549 732 434 732 434 0 1 100 100 279 32 0
549 553 732 434 736 434 1 0 100 96 -279 32 4
553 1624 736 434 736 434 0 0 96 96 0 1071 0
1624 1628 736 434 732 434 0 1 96 92 923 32 4
1628 1629 732 434 732 434 1 1 92 92 0 1 0
1629 1630 732 434 733 434 1 0 92 91 -923 32 1
1630 1810 733 434 733 434 0 0 91 91 0 180 0
1810 1811 733 434 732 434 0 1 91 90 1027 32 1
1811 1813 732 434 734 434 1 0 90 88 -1027 32 2
1813 1982 734 434 734 434 0 0 88 88 0 169 0
1982 1984 734 434 732 434 0 1 88 86 35834 32 2
1984 1986 732 434 732 434 1 1 86 86 0 2 0
1986 1986 732 434 732 434 1 0 86 86 -35834 32 0
1986 2093 732 434 732 434 0 0 86 86 0 107 0
2093 2093 732 434 732 434 0 1 86 86 1201 32 0
2093 2093 732 434 732 434 1 2 86 86 1182 3 0
2093 2094 732 434 733 434 2 1 86 85 -1201 32 1
2094 2096 733 434 734 435 1 0 85 83 -1182 5 2
2096 3517 734 435 734 435 0 0 83 83 0 1421 0
3517 3520 734 435 732 434 0 1 83 80 2000 32 3
3520 3523 732 434 732 434 1 1 80 80 0 3 0
3523 3528 732 434 732 439 1 0 80 75 -2000 32 5
3528 3683 732 439 732 439 0 0 75 75 0 155 0
3683 3688 732 439 732 434 0 1 75 70 2098 32 5
3688 3691 732 434 732 434 1 1 70 70 0 3 0
3691 3694 732 434 733 436 1 0 70 67 -2098 32 3
3694 3764 733 436 733 436 0 0 67 67 0 70 0
3764 3767 733 436 732 434 0 1 67 64 18617 32 3
3767 3767 732 434 732 434 1 2 64 64 2132 24 0
3767 3770 732 434 732 434 2 2 64 64 0 3 0
3770 3771 732 434 732 435 2 1 64 63 -18617 32 1
3771 3772 732 435 732 436 1 0 63 62 -2132 23 1
3772 4521 732 436 732 436 0 0 62 62 0 749 0
4521 4523 732 436 732 434 0 1 62 60 2547 32 2
4523 4526 732 434 732 434 1 1 60 60 0 3 0
4526 4528 732 434 733 435 1 0 60 58 -2547 32 2
4528 5155 733 435 733 435 0 0 58 58 0 627 0
5155 5157 733 435 732 434 0 1 58 56 2891 32 2
5157 5160 732 434 734 435 1 0 56 53 -2891 32 3
5160 5367 734 435 734 435 0 0 53 53 0 207 0
5367 5370 734 435 732 434 0 1 53 50 3008 32 3
5370 5378 732 434 732 434 1 1 50 50 0 8 0
5378 5379 732 434 733 434 1 0 50 49 -3008 32 1
5379 5845 733 434 733 434 0 0 49 49 0 466 0
5845 5846 733 434 732 434 0 1 49 48 3278 32 1
5846 5849 732 434 732 434 1 1 48 48 0 3 0
5849 5855 732 434 738 434 1 0 48 42 -3278 32 6
5855 6326 738 434 738 434 0 0 42 42 0 471 0
6326 6332 738 434 732 434 0 1 42 36 3542 32 6
6332 6336 732 434 735 435 1 0 36 32 -3542 32 4
6336 7166 735 435 735 435 0 0 32 32 0 830 0
7166 7170 735 435 732 434 0 1 32 28 3984 32 4
7170 7172 732 434 732 434 1 1 28 28 0 2 0
7172 7174 732 434 732 436 1 0 28 26 -3984 32 2
7174 7513 732 436 732 436 0 0 26 26 0 339 0
7513 7515 732 436 732 434 0 1 26 24 4173 32 2
7515 7516 732 434 732 435 1 0 24 23 -4173 32 1
7516 7675 732 435 732 435 0 0 23 23 0 159 0
7675 7676 732 435 732 434 0 1 23 22 4275 32 1
7676 7681 732 434 737 434 1 0 22 17 -4275 32 5
7681 7842 737 434 737 434 0 0 17 17 0 161 0
7842 7847 737 434 732 434 0 1 17 12 4361 32 5
7847 7848 732 434 732 434 1 1 12 12 0 1 0
7848 7850 732 434 734 434 1 0 12 10 -4361 32 2
7850 8083 734 434 734 434 0 0 10 10 0 233 0
8083 8085 734 434 732 434 0 1 10 8 4484 32 2
8085 8086 732 434 732 434 1 1 8 8 0 1 0
8086 8086 732 434 732 434 1 0 8 8 -4484 32 0
8086 8154 732 434 732 434 0 0 8 8 0 68 0
8154 8154 732 434 732 434 0 1 8 8 4521 32 0
8154 8155 732 434 733 434 1 0 8 7 -4521 32 1
8155 9297 733 434 733 434 0 0 7 7 0 1142 0
9297 9298 733 434 732 434 0 1 7 6 5122 32 1
9298 9299 732 434 732 434 1 1 6 6 0 1 0
9299 9300 732 434 732 435 1 0 6 5 -5122 32 1
9300 9351 732 435 732 435 0 0 5 5 0 51 0
9351 9352 732 435 732 434 0 1 5 4 5150 32 1
9352 9354 732 434 734 434 1 0 4 2 -5150 32 2
9354 10722 734 434 734 434 0 0 2 2 0 1368 0
10722 10724 734 434 732 434 0 1 2 0 38935 32 2
10724 10726 732 434 732 434 1 1 0 0 0 2 0
10726 10726 732 434 732 434 1 0 0 0 -38935 32 0
10726 11436 732 434 732 434 0 0 0 0 0 710 0
11436 11436 732 434 732 434 0 1 0 0 21260 32 0
11436 11439 732 434 732 434 1 1 0 0 0 3 0
11439 11439 732 434 732 434 1 0 0 0 -21260 32 0
11439 17681 732 434 732 434 0 0 0 0 0 6242 0
17681 17681 732 434 732 434 0 1 0 0 23717 32 0
17681 17682 732 434 732 434 1 1 0 0 0 1 0
17682 17682 732 434 732 434 1 0 0 0 -23717 32 0
17682 17718 732 434 732 434 0 0 0 0 0 36 0
17718 17718 732 434 732 434 0 1 0 0 41821 32 0
17718 17719 732 434 732 434 1 1 0 0 0 1 0
17719 17719 732 434 732 434 1 0 0 0 -41821 32 0
17719 19149 732 434 732 434 0 0 0 0 0 1430 0
19149 19149 732 434 732 434 0 1 0 0 9546 32 0
19149 19151 732 434 732 434 1 1 0 0 0 2 0
19151 19151 732 434 732 434 1 0 0 0 -9546 32 0
19151 21729 732 434 732 434 0 0 0 0 0 2578 0
21729 21729 732 434 732 434 0 1 0 0 25562 32 0
21729 21730 732 434 732 434 1 1 0 0 0 1 0
21730 21730 732 434 732 434 1 0 0 0 -25562 32 0
21730 26574 732 434 732 434 0 0 0 0 0 4844 0
26574 26574 732 434 732 434 0 1 0 0 46442 32 0
26574 26575 732 434 732 434 1 1 0 0 0 1 0
26575 26575 732 434 732 434 1 0 0 0 -46442 32 0
26575 28234 732 434 732 434 0 0 0 0 0 1659 0
28234 28234 732 434 732 434 0 1 0 0 47421 32 0
28234 28235 732 434 732 434 1 1 0 0 0 1 0
28235 28235 732 434 732 434 1 0 0 0 -47421 32 0
28235 28335 732 434 732 434 0 0 0 0 0 100 0
28335 28335 732 434 732 434 0 1 0 0 12474 32 0
28335 28336 732 434 732 434 1 1 0 0 0 1 0
28336 28336 732 434 732 434 1 0 0 0 -12474 32 0
28336 29314 732 434 732 434 0 0 0 0 0 978 0
29314 29314 732 434 732 434 0 1 0 0 29403 32 0
29314 29322 732 434 732 434 1 1 0 0 0 8 0
29322 29322 732 434 732 434 1 0 0 0 -29403 32 0
29322 32465 732 434 732 434 0 0 0 0 0 3143 0
32465 32465 732 434 732 434 0 1 0 0 30986 32 0
32465 32466 732 434 732 434 1 1 0 0 0 1 0
32466 32466 732 434 732 434 1 0 0 0 -30986 32 0
32466 43267 732 434 732 434 0 0 0 0 0 10801 0
43267 43267 732 434 732 434 0 0 0 0 1000000000 0 0
--------------------------------------
--------------------------------------
EV2
--------------------------------------
Num TPs served = 13
TPs served = 4400 5049 5250 5868 6301 6355 6643 6720 6971 7391 7451 7663 7701
Total energy used = 100
--------------------------------------
Schedule:
0 7912 732 434 732 434 0 0 100 100 0 7912 0
7912 7912 732 434 732 434 0 1 100 100 4400 32 0
7912 7915 732 434 732 434 1 1 100 100 0 3 0
7915 7927 732 434 742 436 1 0 100 88 -4400 32 12
7927 9142 742 436 742 436 0 0 88 88 0 1215 0
9142 9154 742 436 732 434 0 1 88 76 5049 32 12
9154 9160 732 434 738 434 1 0 76 70 -5049 32 6
9160 9530 738 434 738 434 0 0 70 70 0 370 0
9530 9536 738 434 732 434 0 1 70 64 5250 32 6
9536 9537 732 434 733 434 1 0 64 63 -5250 32 1
9537 10730 733 434 733 434 0 0 63 63 0 1193 0
10730 10731 733 434 732 434 0 1 63 62 5868 32 1
10731 10732 732 434 732 434 1 1 62 62 0 1 0
10732 10735 732 434 733 436 1 0 62 59 -5868 32 3
10735 11562 733 436 733 436 0 0 59 59 0 827 0
11562 11565 733 436 732 434 0 1 59 56 6301 32 3
11565 11571 732 434 732 434 1 1 56 56 0 6 0
11571 11572 732 434 732 435 1 0 56 55 -6301 32 1
11572 11659 732 435 732 435 0 0 55 55 0 87 0
11659 11660 732 435 732 434 0 1 55 54 6355 32 1
11660 11661 732 434 732 434 1 1 54 54 0 1 0
11661 11662 732 434 733 434 1 0 54 53 -6355 32 1
11662 12246 733 434 733 434 0 0 53 53 0 584 0
12246 12247 733 434 732 434 0 1 53 52 6643 32 1
12247 12249 732 434 732 434 1 1 52 52 0 2 0
12249 12251 732 434 732 436 1 0 52 50 -6643 32 2
12251 12392 732 436 732 436 0 0 50 50 0 141 0
12392 12394 732 436 732 434 0 1 50 48 6720 32 2
12394 12404 732 434 736 440 1 0 48 38 -6720 32 10
12404 12941 736 440 736 440 0 0 38 38 0 537 0
12941 12951 736 440 732 434 0 1 38 28 6971 32 10
12951 12952 732 434 732 434 1 1 28 28 0 1 0
12952 12955 732 434 734 435 1 0 28 25 -6971 32 3
12955 13852 734 435 734 435 0 0 25 25 0 897 0
13852 13855 734 435 732 434 0 1 25 22 7391 32 3
13855 13861 732 434 735 437 1 0 22 16 -7391 32 6
13861 14000 735 437 735 437 0 0 16 16 0 139 0
14000 14006 735 437 732 434 0 1 16 10 7451 32 6
14006 14007 732 434 732 434 1 1 10 10 0 1 0
14007 14008 732 434 732 435 1 0 10 9 -7451 32 1
14008 14468 732 435 732 435 0 0 9 9 0 460 0
14468 14469 732 435 732 434 0 1 9 8 7663 32 1
14469 14472 732 434 734 435 1 0 8 5 -7663 32 3
14472 14543 734 435 734 435 0 0 5 5 0 71 0
14543 14546 734 435 732 434 0 1 5 2 7701 32 3
14546 14547 732 434 732 434 1 1 2 2 0 1 0
14547 14548 732 434 733 434 1 0 2 1 -7701 32 1
14548 43266 733 434 733 434 0 0 1 1 0 28718 0
43266 43267 733 434 732 434 0 0 1 0 1000000000 0 1
--------------------------------------
--------------------------------------
EV3
--------------------------------------
Num TPs served = 24
TPs served = 7591 7613 7908 8377 8545 8946 8961 8965 9109 9468 9924 10019 10160 10912 11048 11398 12693 13668 14446 15230 15479 15728 42969 43323
Total energy used = 100
--------------------------------------
Schedule:
0 14288 732 434 732 434 0 0 100 100 0 14288 0
14288 14288 732 434 732 434 0 1 100 100 7591 32 0
14288 14290 732 434 732 434 1 1 100 100 0 2 0
14290 14295 732 434 737 434 1 0 100 95 -7591 32 5
14295 14346 737 434 737 434 0 0 95 95 0 51 0
14346 14351 737 434 732 434 0 1 95 90 7613 32 5
14351 14354 732 434 732 434 1 1 90 90 0 3 0
14354 14359 732 434 736 435 1 0 90 85 -7613 32 5
14359 14997 736 435 736 435 0 0 85 85 0 638 0
14997 15002 736 435 732 434 0 1 85 80 7908 32 5
15002 15003 732 434 733 434 1 0 80 79 -7908 32 1
15003 16097 733 434 733 434 0 0 79 79 0 1094 0
16097 16098 733 434 732 434 0 1 79 78 8377 32 1
16098 16101 732 434 735 434 1 0 78 75 -8377 32 3
16101 16487 735 434 735 434 0 0 75 75 0 386 0
16487 16490 735 434 732 434 0 1 75 72 8545 32 3
16490 16491 732 434 732 434 1 1 72 72 0 1 0
16491 16493 732 434 733 435 1 0 72 70 -8545 32 2
16493 17508 733 435 733 435 0 0 70 70 0 1015 0
17508 17510 733 435 732 434 0 1 70 68 8946 32 2
17510 17513 732 434 732 437 1 0 68 65 -8946 32 3
17513 17565 732 437 732 437 0 0 65 65 0 52 0
17565 17568 732 437 732 434 0 1 65 62 8965 32 3
17568 17568 732 434 732 434 1 2 62 62 8961 22 0
17568 17569 732 434 733 434 2 1 62 61 -8965 32 1
17569 17569 733 434 733 434 1 0 61 61 -8961 22 0
17569 17915 733 434 733 434 0 0 61 61 0 346 0
17915 17916 733 434 732 434 0 1 61 60 9109 32 1
17916 17924 732 434 732 434 1 1 60 60 0 8 0
17924 17929 732 434 732 439 1 0 60 55 -9109 32 5
17929 18919 732 439 732 439 0 0 55 55 0 990 0
18919 18924 732 439 732 434 0 1 55 50 9468 32 5
18924 18925 732 434 732 434 1 1 50 50 0 1 0
18925 18926 732 434 732 435 1 0 50 49 -9468 32 1
18926 20167 732 435 732 435 0 0 49 49 0 1241 0
20167 20168 732 435 732 434 0 1 49 48 42969 32 1
20168 20183 732 434 732 434 1 1 48 48 0 15 0
20183 20183 732 434 732 434 1 2 48 48 9924 32 0
20183 20184 732 434 733 434 2 1 48 47 -42969 17 1
20184 20191 733 434 740 434 1 0 47 40 -9924 32 7
20191 20468 740 434 740 434 0 0 40 40 0 277 0
20468 20476 740 434 732 434 0 1 40 32 10019 32 8
20476 20477 732 434 733 434 1 0 32 31 -10019 32 1
20477 20842 733 434 733 434 0 0 31 31 0 365 0
20842 20843 733 434 732 434 0 1 31 30 43323 32 1
20843 20853 732 434 732 434 1 1 30 30 0 10 0
20853 20853 732 434 732 434 1 2 30 30 10160 32 0
20853 20854 732 434 733 434 2 1 30 29 -43323 22 1
20854 20855 733 434 734 434 1 0 29 28 -10160 32 1
20855 23104 734 434 734 434 0 0 28 28 0 2249 0
23104 23106 734 434 732 434 0 1 28 26 10912 32 2
23106 23110 732 434 732 434 1 1 26 26 0 4 0
23110 23112 732 434 732 436 1 0 26 24 -10912 32 2
23112 23499 732 436 732 436 0 0 24 24 0 387 0
23499 23501 732 436 732 434 0 1 24 22 11048 32 2
23501 23503 732 434 734 434 1 0 22 20 -11048 32 2
23503 24645 734 434 734 434 0 0 20 20 0 1142 0
24645 24647 734 434 732 434 0 1 20 18 11398 32 2
24647 24648 732 434 733 434 1 0 18 17 -11398 32 1
24648 29178 733 434 733 434 0 0 17 17 0 4530 0
29178 29179 733 434 732 434 0 1 17 16 12693 32 1
29179 29181 732 434 732 434 1 1 16 16 0 2 0
29181 29182 732 434 733 434 1 0 16 15 -12693 32 1
29182 32697 733 434 733 434 0 0 15 15 0 3515 0
32697 32698 733 434 732 434 0 1 15 14 13668 32 1
32698 32701 732 434 735 434 1 0 14 11 -13668 32 3
32701 35668 735 434 735 434 0 0 11 11 0 2967 0
35668 35671 735 434 732 434 0 1 11 8 14446 32 3
35671 35672 732 434 732 435 1 0 8 7 -14446 32 1
35672 38708 732 435 732 435 0 0 7 7 0 3036 0
38708 38709 732 435 732 434 0 1 7 6 15230 32 1
38709 38710 732 434 732 435 1 0 6 5 -15230 32 1
38710 39642 732 435 732 435 0 0 5 5 0 932 0
39642 39643 732 435 732 434 0 1 5 4 15479 32 1
39643 39644 732 434 733 434 1 0 4 3 -15479 32 1
39644 40262 733 434 733 434 0 0 3 3 0 618 0
40262 40263 733 434 732 434 0 1 3 2 15728 32 1
40263 40264 732 434 732 434 1 1 2 2 0 1 0
40264 40265 732 434 732 435 1 0 2 1 -15728 32 1
40265 43266 732 435 732 435 0 0 1 1 0 3001 0
43266 43267 732 435 732 434 0 0 1 0 1000000000 0 1
--------------------------------------
--------------------------------------
EV4
--------------------------------------
Num TPs served = 18
TPs served = 15043 15056 15579 15824 16374 17183 17423 17515 17642 17727 17955 18183 18269 18341 18417 18716 19191 33311
Total energy used = 100
--------------------------------------
Schedule:
0 317 732 434 732 434 0 0 100 100 0 317 0
317 317 732 434 732 434 0 1 100 100 17515 32 0
317 320 732 434 735 434 1 0 100 97 -17515 32 3
320 708 735 434 735 434 0 0 97 97 0 388 0
708 711 735 434 732 434 0 1 97 94 17642 32 3
711 712 732 434 733 434 1 0 94 93 -17642 32 1
712 955 733 434 733 434 0 0 93 93 0 243 0
955 956 733 434 732 434 0 1 93 92 17727 32 1
956 957 732 434 732 434 1 1 92 92 0 1 0
957 961 732 434 732 438 1 0 92 88 -17727 32 4
961 1657 732 438 732 438 0 0 88 88 0 696 0
1657 1661 732 438 732 434 0 1 88 84 17955 32 4
1661 1663 732 434 734 434 1 0 84 82 -17955 32 2
1663 2387 734 434 734 434 0 0 82 82 0 724 0
2387 2389 734 434 732 434 0 1 82 80 18183 32 2
2389 2391 732 434 733 435 1 0 80 78 -18183 32 2
2391 2629 733 435 733 435 0 0 78 78 0 238 0
2629 2631 733 435 732 434 0 1 78 76 18269 32 2
2631 2632 732 434 732 434 1 1 76 76 0 1 0
2632 2636 732 434 736 434 1 0 76 72 -18269 32 4
2636 2886 736 434 736 434 0 0 72 72 0 250 0
2886 2890 736 434 732 434 0 1 72 68 18341 32 4
2890 2892 732 434 733 435 1 0 68 66 -18341 32 2
2892 3147 733 435 733 435 0 0 66 66 0 255 0
3147 3149 733 435 732 434 0 1 66 64 18417 32 2
3149 3150 732 434 732 434 1 1 64 64 0 1 0
3150 3152 732 434 732 436 1 0 64 62 -18417 32 2
3152 4078 732 436 732 436 0 0 62 62 0 926 0
4078 4080 732 436 732 434 0 1 62 60 18716 32 2
4080 4081 732 434 733 434 1 0 60 59 -18716 32 1
4081 5576 733 434 733 434 0 0 59 59 0 1495 0
5576 5577 733 434 732 434 0 1 59 58 19191 32 1
5577 5579 732 434 733 435 1 0 58 56 -19191 32 2
5579 37946 733 435 733 435 0 0 56 56 0 32367 0
37946 37948 733 435 732 434 0 1 56 54 33311 32 2
37948 37948 732 434 732 434 1 2 54 54 15043 31 0
37948 37950 732 434 734 434 2 1 54 52 -33311 32 2
37950 37955 734 434 734 439 1 0 52 47 -15043 32 5
37955 37985 734 439 734 439 0 0 47 47 0 30 0
37985 37992 734 439 732 434 0 1 47 40 15056 32 7
37992 37996 732 434 735 435 1 0 40 36 -15056 32 4
37996 39953 735 435 735 435 0 0 36 36 0 1957 0
39953 39957 735 435 732 434 0 1 36 32 15579 32 4
39957 39959 732 434 733 435 1 0 32 30 -15579 32 2
39959 40425 733 435 733 435 0 0 30 30 0 466 0
40425 40427 733 435 732 434 0 1 30 28 15824 32 2
40427 40428 732 434 732 434 1 1 28 28 0 1 0
40428 40429 732 434 732 435 1 0 28 27 -15824 32 1
40429 41391 732 435 732 435 0 0 27 27 0 962 0
41391 41392 732 435 732 434 0 1 27 26 16374 32 1
41392 41396 732 434 733 437 1 0 26 22 -16374 32 4
41396 42813 733 437 733 437 0 0 22 22 0 1417 0
42813 42817 733 437 732 434 0 1 22 18 17183 32 4
42817 42825 732 434 732 434 1 1 18 18 0 8 0
42825 42829 732 434 736 434 1 0 18 14 -17183 32 4
42829 43202 736 434 736 434 0 0 14 14 0 373 0
43202 43206 736 434 732 434 0 1 14 10 17423 32 4
43206 43211 732 434 734 437 1 0 10 5 -17423 32 5
43211 43262 734 437 734 437 0 0 5 5 0 51 0
43262 43267 734 437 732 434 0 0 5 0 1000000000 0 5
--------------------------------------
--------------------------------------
EV5
--------------------------------------
Num TPs served = 23
TPs served = 19304 19783 20260 20300 20480 20542 20760 20936 21041 21246 21268 21464 22242 22374 22532 22555 23000 23197 23314 24198 24203 24224 26294
Total energy used = 100
--------------------------------------
Schedule:
0 5899 732 434 732 434 0 0 100 100 0 5899 0
5899 5899 732 434 732 434 0 1 100 100 19304 32 0
5899 5901 732 434 734 434 1 0 100 98 -19304 32 2
5901 7356 734 434 734 434 0 0 98 98 0 1455 0
7356 7358 734 434 732 434 0 1 98 96 19783 32 2
7358 7360 732 434 734 434 1 0 96 94 -19783 32 2
7360 8783 734 434 734 434 0 0 94 94 0 1423 0
8783 8785 734 434 732 434 0 1 94 92 20260 32 2
8785 8790 732 434 737 434 1 0 92 87 -20260 32 5
8790 8890 737 434 737 434 0 0 87 87 0 100 0
8890 8895 737 434 732 434 0 1 87 82 20300 32 5
8895 8898 732 434 735 434 1 0 82 79 -20300 32 3
8898 9384 735 434 735 434 0 0 79 79 0 486 0
9384 9387 735 434 732 434 0 1 79 76 20480 32 3
9387 9393 732 434 738 434 1 0 76 70 -20480 32 6
9393 9551 738 434 738 434 0 0 70 70 0 158 0
9551 9557 738 434 732 434 0 1 70 64 20542 32 6
9557 9563 732 434 732 434 1 1 64 64 0 6 0
9563 9565 732 434 732 436 1 0 64 62 -20542 32 2
9565 10126 732 436 732 436 0 0 62 62 0 561 0
10126 10128 732 436 732 434 0 1 62 60 20760 32 2
10128 10129 732 434 733 434 1 0 60 59 -20760 32 1
10129 10591 733 434 733 434 0 0 59 59 0 462 0
10591 10592 733 434 732 434 0 1 59 58 20936 32 1
10592 10594 732 434 732 436 1 0 58 56 -20936 32 2
10594 10847 732 436 732 436 0 0 56 56 0 253 0
10847 10849 732 436 732 434 0 1 56 54 21041 32 2
10849 10851 732 434 732 434 1 1 54 54 0 2 0
10851 10855 732 434 734 436 1 0 54 50 -21041 32 4
10855 11402 734 436 734 436 0 0 50 50 0 547 0
11402 11406 734 436 732 434 0 1 50 46 21246 32 4
11406 11408 732 434 733 435 1 0 46 44 -21246 32 2
11408 11453 733 435 733 435 0 0 44 44 0 45 0
11453 11455 733 435 732 434 0 1 44 42 21268 32 2
11455 11456 732 434 732 434 1 1 42 42 0 1 0
11456 11457 732 434 733 434 1 0 42 41 -21268 32 1
11457 12013 733 434 733 434 0 0 41 41 0 556 0
12013 12014 733 434 732 434 0 1 41 40 21464 32 1
12014 12015 732 434 732 434 1 1 40 40 0 1 0
12015 12017 732 434 732 436 1 0 40 38 -21464 32 2
12017 14075 732 436 732 436 0 0 38 38 0 2058 0
14075 14077 732 436 732 434 0 1 38 36 22242 32 2
14077 14078 732 434 732 434 1 1 36 36 0 1 0
14078 14080 732 434 734 434 1 0 36 34 -22242 32 2
14080 14415 734 434 734 434 0 0 34 34 0 335 0
14415 14417 734 434 732 434 0 1 34 32 22374 32 2
14417 14418 732 434 732 434 1 1 32 32 0 1 0
14418 14419 732 434 733 434 1 0 32 31 -22374 32 1
14419 14807 733 434 733 434 0 0 31 31 0 388 0
14807 14808 733 434 732 434 0 1 31 30 22532 32 1
14808 14810 732 434 734 434 1 0 30 28 -22532 32 2
14810 14857 734 434 734 434 0 0 28 28 0 47 0
14857 14859 734 434 732 434 0 1 28 26 22555 32 2
14859 14861 732 434 732 434 1 1 26 26 0 2 0
14861 14862 732 434 733 434 1 0 26 25 -22555 32 1
14862 15981 733 434 733 434 0 0 25 25 0 1119 0
15981 15982 733 434 732 434 0 1 25 24 23000 32 1
15982 15983 732 434 732 435 1 0 24 23 -23000 32 1
15983 16455 732 435 732 435 0 0 23 23 0 472 0
16455 16456 732 435 732 434 0 1 23 22 23197 32 1
16456 16458 732 434 734 434 1 0 22 20 -23197 32 2
16458 16753 734 434 734 434 0 0 20 20 0 295 0
16753 16755 734 434 732 434 0 1 20 18 23314 32 2
16755 16757 732 434 734 434 1 0 18 16 -23314 32 2
16757 18719 734 434 734 434 0 0 16 16 0 1962 0
18719 18721 734 434 732 434 0 1 16 14 24203 32 2
18721 18721 732 434 732 434 1 2 14 14 24198 26 0
18721 18723 732 434 734 434 2 1 14 12 -24203 32 2
18723 18724 734 434 734 435 1 0 12 11 -24198 26 1
18724 18761 734 435 734 435 0 0 11 11 0 37 0
18761 18764 734 435 732 434 0 1 11 8 24224 32 3
18764 18767 732 434 733 436 1 0 8 5 -24224 32 3
18767 23270 733 436 733 436 0 0 5 5 0 4503 0
23270 23273 733 436 732 434 0 1 5 2 26294 32 3
23273 23274 732 434 733 434 1 0 2 1 -26294 32 1
23274 43266 733 434 733 434 0 0 1 1 0 19992 0
43266 43267 733 434 732 434 0 0 1 0 1000000000 0 1
--------------------------------------
--------------------------------------
EV6
--------------------------------------
Num TPs served = 26
TPs served = 26237 26403 26765 27083 27319 27482 27549 27573 27670 27765 27870 28073 28252 28418 29232 29513 29552 29556 29791 29965 29971 30410 30669 30955 31614 46156
Total energy used = 100
--------------------------------------
Schedule:
0 23141 732 434 732 434 0 0 100 100 0 23141 0
23141 23141 732 434 732 434 0 1 100 100 26237 32 0
23141 23142 732 434 732 434 1 1 100 100 0 1 0
23142 23149 732 434 736 437 1 0 100 93 -26237 32 7
23149 23460 736 437 736 437 0 0 93 93 0 311 0
23460 23467 736 437 732 434 0 1 93 86 26403 32 7
23467 23469 732 434 732 436 1 0 86 84 -26403 32 2
23469 24180 732 436 732 436 0 0 84 84 0 711 0
24180 24182 732 436 732 434 0 1 84 82 26765 32 2
24182 24183 732 434 732 434 1 1 82 82 0 1 0
24183 24184 732 434 733 434 1 0 82 81 -26765 32 1
24184 24807 733 434 733 434 0 0 81 81 0 623 0
24807 24808 733 434 732 434 0 1 81 80 27083 32 1
24808 24809 732 434 732 434 1 1 80 80 0 1 0
24809 24811 732 434 733 435 1 0 80 78 -27083 32 2
24811 25226 733 435 733 435 0 0 78 78 0 415 0
25226 25228 733 435 732 434 0 1 78 76 27319 32 2
25228 25232 732 434 735 435 1 0 76 72 -27319 32 4
25232 25531 735 435 735 435 0 0 72 72 0 299 0
25531 25535 735 435 732 434 0 1 72 68 27482 32 4
25535 25537 732 434 732 434 1 1 68 68 0 2 0
25537 25540 732 434 732 437 1 0 68 65 -27482 32 3
25540 25650 732 437 732 437 0 0 65 65 0 110 0
25650 25653 732 437 732 434 0 1 65 62 27549 32 3
25653 25654 732 434 733 434 1 0 62 61 -27549 32 1
25654 25701 733 434 733 434 0 0 61 61 0 47 0
25701 25702 733 434 732 434 0 1 61 60 27573 32 1
25702 25705 732 434 733 436 1 0 60 57 -27573 32 3
25705 25883 733 436 733 436 0 0 57 57 0 178 0
25883 25886 733 436 732 434 0 1 57 54 27670 32 3
25886 25888 732 434 734 434 1 0 54 52 -27670 32 2
25888 26080 734 434 734 434 0 0 52 52 0 192 0
26080 26082 734 434 732 434 0 1 52 50 46156 32 2
26082 26082 732 434 732 434 1 2 50 50 27765 14 0
26082 26083 732 434 733 434 2 1 50 49 -46156 32 1
26083 26083 733 434 733 434 1 0 49 49 -27765 14 0
26083 26260 733 434 733 434 0 0 49 49 0 177 0
26260 26261 733 434 732 434 0 1 49 48 27870 32 1
26261 26263 732 434 734 434 1 0 48 46 -27870 32 2
26263 26658 734 434 734 434 0 0 46 46 0 395 0
26658 26660 734 434 732 434 0 1 46 44 28073 32 2
26660 26662 732 434 734 434 1 0 44 42 -28073 32 2
26662 27007 734 434 734 434 0 0 42 42 0 345 0
27007 27009 734 434 732 434 0 1 42 40 28252 32 2
27009 27010 732 434 732 434 1 1 40 40 0 1 0
27010 27011 732 434 733 434 1 0 40 39 -28252 32 1
27011 27325 733 434 733 434 0 0 39 39 0 314 0
27325 27326 733 434 732 434 0 1 39 38 28418 32 1
27326 27327 732 434 733 434 1 0 38 37 -28418 32 1
27327 28958 733 434 733 434 0 0 37 37 0 1631 0
28958 28959 733 434 732 434 0 1 37 36 29232 32 1
28959 28960 732 434 732 435 1 0 36 35 -29232 32 1
28960 29549 732 435 732 435 0 0 35 35 0 589 0
29549 29550 732 435 732 434 0 1 35 34 29513 32 1
29550 29559 732 434 732 434 1 1 34 34 0 9 0
29559 29560 732 434 732 435 1 0 34 33 -29513 32 1
29560 29622 732 435 732 435 0 0 33 33 0 62 0
29622 29623 732 435 732 434 0 1 33 32 29556 32 1
29623 29623 732 434 732 434 1 2 32 32 29552 27 0
29623 29626 732 434 732 437 2 1 32 29 -29556 32 3
29626 29631 732 437 734 434 1 0 29 24 -29552 21 5
29631 30073 734 434 734 434 0 0 24 24 0 442 0
30073 30075 734 434 732 434 0 1 24 22 29791 32 2
30075 30077 732 434 734 434 1 0 22 20 -29791 32 2
30077 30417 734 434 734 434 0 0 20 20 0 340 0
30417 30419 734 434 732 434 0 1 20 18 29971 32 2
30419 30419 732 434 732 434 1 2 18 18 29965 24 0
30419 30420 732 434 732 434 2 2 18 18 0 1 0
30420 30423 732 434 734 435 2 1 18 15 -29971 32 3
30423 30425 734 435 733 434 1 0 15 13 -29965 19 2
30425 31284 733 434 733 434 0 0 13 13 0 859 0
31284 31285 733 434 732 434 0 1 13 12 30410 32 1
31285 31290 732 434 732 434 1 1 12 12 0 5 0
31290 31293 732 434 734 435 1 0 12 9 -30410 32 3
31293 31787 734 435 734 435 0 0 9 9 0 494 0
31787 31790 734 435 732 434 0 1 9 6 30669 32 3
31790 31791 732 434 733 434 1 0 6 5 -30669 32 1
31791 32405 733 434 733 434 0 0 5 5 0 614 0
32405 32406 733 434 732 434 0 1 5 4 30955 32 1
32406 32407 732 434 733 434 1 0 4 3 -30955 32 1
32407 33856 733 434 733 434 0 0 3 3 0 1449 0
33856 33857 733 434 732 434 0 1 3 2 31614 32 1
33857 33858 732 434 732 435 1 0 2 1 -31614 32 1
33858 43266 732 435 732 435 0 0 1 1 0 9408 0
43266 43267 732 435 732 434 0 0 1 0 1000000000 0 1
--------------------------------------
--------------------------------------
EV7
--------------------------------------
Num TPs served = 28
TPs served = 31444 31638 31717 31921 32005 32130 32286 32325 32633 32839 33010 33274 33415 34067 34138 34292 34683 35113 35326 36098 36747 36799 36945 37338 37514 38660 38844 39543
Total energy used = 100
--------------------------------------
Schedule:
0 565 732 434 732 434 0 0 100 100 0 565 0
565 565 732 434 732 434 0 1 100 100 35326 32 0
565 566 732 434 732 434 1 1 100 100 0 1 0
566 567 732 434 732 435 1 0 100 99 -35326 32 1
567 2777 732 435 732 435 0 0 99 99 0 2210 0
2777 2778 732 435 732 434 0 1 99 98 36098 32 1
2778 2779 732 434 733 434 1 0 98 97 -36098 32 1
2779 4712 733 434 733 434 0 0 97 97 0 1933 0
4712 4713 733 434 732 434 0 1 97 96 36747 32 1
4713 4714 732 434 732 434 1 1 96 96 0 1 0
4714 4715 732 434 733 434 1 0 96 95 -36747 32 1
4715 4874 733 434 733 434 0 0 95 95 0 159 0
4874 4875 733 434 732 434 0 1 95 94 36799 32 1
4875 4876 732 434 732 434 1 1 94 94 0 1 0
4876 4877 732 434 733 434 1 0 94 93 -36799 32 1
4877 5279 733 434 733 434 0 0 93 93 0 402 0
5279 5280 733 434 732 434 0 1 93 92 36945 32 1
5280 5285 732 434 734 437 1 0 92 87 -36945 32 5
5285 6417 734 437 734 437 0 0 87 87 0 1132 0
6417 6422 734 437 732 434 0 1 87 82 37338 32 5
6422 6425 732 434 735 434 1 0 82 79 -37338 32 3
6425 6960 735 434 735 434 0 0 79 79 0 535 0
6960 6963 735 434 732 434 0 1 79 76 37514 32 3
6963 6967 732 434 736 434 1 0 76 72 -37514 32 4
6967 10058 736 434 736 434 0 0 72 72 0 3091 0
10058 10062 736 434 732 434 0 1 72 68 38660 32 4
10062 10064 732 434 734 434 1 0 68 66 -38660 32 2
10064 10523 734 434 734 434 0 0 66 66 0 459 0
10523 10525 734 434 732 434 0 1 66 64 38844 32 2
10525 10526 732 434 733 434 1 0 64 63 -38844 32 1
10526 12205 733 434 733 434 0 0 63 63 0 1679 0
12205 12206 733 434 732 434 0 1 63 62 39543 32 1
12206 12208 732 434 732 434 1 1 62 62 0 2 0
12208 12209 732 434 733 434 1 0 62 61 -39543 32 1
12209 33476 733 434 733 434 0 0 61 61 0 21267 0
33476 33477 733 434 732 434 0 1 61 60 31444 32 1
33477 33479 732 434 732 436 1 0 60 58 -31444 32 2
33479 33911 732 436 732 436 0 0 58 58 0 432 0
33911 33913 732 436 732 434 0 1 58 56 31638 32 2
33913 33914 732 434 732 435 1 0 56 55 -31638 32 1
33914 34108 732 435 732 435 0 0 55 55 0 194 0
34108 34109 732 435 732 434 0 1 55 54 31717 32 1
34109 34112 732 434 735 434 1 0 54 51 -31717 32 3
34112 34517 735 434 735 434 0 0 51 51 0 405 0
34517 34520 735 434 732 434 0 1 51 48 31921 32 3
34520 34521 732 434 732 434 1 1 48 48 0 1 0
34521 34522 732 434 733 434 1 0 48 47 -31921 32 1
34522 34713 733 434 733 434 0 0 47 47 0 191 0
34713 34714 733 434 732 434 0 1 47 46 32005 32 1
34714 34716 732 434 732 436 1 0 46 44 -32005 32 2
34716 35016 732 436 732 436 0 0 44 44 0 300 0
35016 35018 732 436 732 434 0 1 44 42 32130 32 2
35018 35020 732 434 733 435 1 0 42 40 -32130 32 2
35020 35410 733 435 733 435 0 0 40 40 0 390 0
35410 35412 733 435 732 434 0 1 40 38 32286 32 2
35412 35413 732 434 732 435 1 0 38 37 -32286 32 1
35413 35510 732 435 732 435 0 0 37 37 0 97 0
35510 35511 732 435 732 434 0 1 37 36 32325 32 1
35511 35514 732 434 732 434 1 1 36 36 0 3 0
35514 35516 732 434 733 435 1 0 36 34 -32325 32 2
35516 36234 733 435 733 435 0 0 34 34 0 718 0
36234 36236 733 435 732 434 0 1 34 32 32633 32 2
36236 36239 732 434 735 434 1 0 32 29 -32633 32 3
36239 36721 735 434 735 434 0 0 29 29 0 482 0
36721 36724 735 434 732 434 0 1 29 26 32839 32 3
36724 36726 732 434 732 436 1 0 26 24 -32839 32 2
36726 37214 732 436 732 436 0 0 24 24 0 488 0
37214 37216 732 436 732 434 0 1 24 22 33010 32 2
37216 37217 732 434 733 434 1 0 22 21 -33010 32 1
37217 37847 733 434 733 434 0 0 21 21 0 630 0
37847 37848 733 434 732 434 0 1 21 20 33274 32 1
37848 37849 732 434 732 434 1 1 20 20 0 1 0
37849 37850 732 434 732 435 1 0 20 19 -33274 32 1
37850 38199 732 435 732 435 0 0 19 19 0 349 0
38199 38200 732 435 732 434 0 1 19 18 33415 32 1
38200 38201 732 434 732 435 1 0 18 17 -33415 32 1
38201 39961 732 435 732 435 0 0 17 17 0 1760 0
39961 39962 732 435 732 434 0 1 17 16 34067 32 1
39962 39964 732 434 732 436 1 0 16 14 -34067 32 2
39964 40179 732 436 732 436 0 0 14 14 0 215 0
40179 40181 732 436 732 434 0 1 14 12 34138 32 2
40181 40183 732 434 732 436 1 0 12 10 -34138 32 2
40183 40592 732 436 732 436 0 0 10 10 0 409 0
40592 40594 732 436 732 434 0 1 10 8 34292 32 2
40594 40595 732 434 732 434 1 1 8 8 0 1 0
40595 40596 732 434 733 434 1 0 8 7 -34292 32 1
40596 41783 733 434 733 434 0 0 7 7 0 1187 0
41783 41784 733 434 732 434 0 1 7 6 34683 32 1
41784 41785 732 434 732 434 1 1 6 6 0 1 0
41785 41786 732 434 732 435 1 0 6 5 -34683 32 1
41786 43092 732 435 732 435 0 0 5 5 0 1306 0
43092 43093 732 435 732 434 0 1 5 4 35113 32 1
43093 43095 732 434 733 435 1 0 4 2 -35113 32 2
43095 43265 733 435 733 435 0 0 2 2 0 170 0
43265 43267 733 435 732 434 0 0 2 0 1000000000 0 2
--------------------------------------
--------------------------------------
EV8
--------------------------------------
Num TPs served = 17
TPs served = 37683 38705 38963 39201 39367 39795 40144 40463 40931 41002 41406 41955 42061 42140 42184 42746 42956
Total energy used = 100
--------------------------------------
Schedule:
0 7398 732 434 732 434 0 0 100 100 0 7398 0
7398 7398 732 434 732 434 0 1 100 100 37683 32 0
7398 7400 732 434 732 434 1 1 100 100 0 2 0
7400 7409 732 434 741 434 1 0 100 91 -37683 32 9
7409 10168 741 434 741 434 0 0 91 91 0 2759 0
10168 10177 741 434 732 434 0 1 91 82 38705 32 9
10177 10180 732 434 732 434 1 1 82 82 0 3 0
10180 10187 732 434 739 434 1 0 82 75 -38705 32 7
10187 10772 739 434 739 434 0 0 75 75 0 585 0
10772 10779 739 434 732 434 0 1 75 68 38963 32 7
10779 10781 732 434 734 434 1 0 68 66 -38963 32 2
10781 11303 734 434 734 434 0 0 66 66 0 522 0
11303 11305 734 434 732 434 0 1 66 64 39201 32 2
11305 11307 732 434 734 434 1 0 64 62 -39201 32 2
11307 11748 734 434 734 434 0 0 62 62 0 441 0
11748 11750 734 434 732 434 0 1 62 60 39367 32 2
11750 11752 732 434 733 435 1 0 60 58 -39367 32 2
11752 12843 733 435 733 435 0 0 58 58 0 1091 0
12843 12845 733 435 732 434 0 1 58 56 39795 32 2
12845 12846 732 434 733 434 1 0 56 55 -39795 32 1
12846 13849 733 434 733 434 0 0 55 55 0 1003 0
13849 13850 733 434 732 434 0 1 55 54 40144 32 1
13850 13854 732 434 736 434 1 0 54 50 -40144 32 4
13854 14622 736 434 736 434 0 0 50 50 0 768 0
14622 14626 736 434 732 434 0 1 50 46 40463 32 4
14626 14631 732 434 736 435 1 0 46 41 -40463 32 5
14631 15710 736 435 736 435 0 0 41 41 0 1079 0
15710 15715 736 435 732 434 0 1 41 36 40931 32 5
15715 15716 732 434 732 434 1 1 36 36 0 1 0
15716 15717 732 434 733 434 1 0 36 35 -40931 32 1
15717 15869 733 434 733 434 0 0 35 35 0 152 0
15869 15870 733 434 732 434 0 1 35 34 41002 32 1
15870 15872 732 434 732 436 1 0 34 32 -41002 32 2
15872 16793 732 436 732 436 0 0 32 32 0 921 0
16793 16795 732 436 732 434 0 1 32 30 41406 32 2
16795 16801 732 434 737 435 1 0 30 24 -41406 32 6
16801 17993 737 435 737 435 0 0 24 24 0 1192 0
17993 17999 737 435 732 434 0 1 24 18 41955 32 6
17999 18001 732 434 734 434 1 0 18 16 -41955 32 2
18001 18241 734 434 734 434 0 0 16 16 0 240 0
18241 18243 734 434 732 434 0 1 16 14 42061 32 2
18243 18244 732 434 732 435 1 0 14 13 -42061 32 1
18244 18419 732 435 732 435 0 0 13 13 0 175 0
18419 18420 732 435 732 434 0 1 13 12 42140 32 1
18420 18421 732 434 733 434 1 0 12 11 -42140 32 1
18421 18508 733 434 733 434 0 0 11 11 0 87 0
18508 18509 733 434 732 434 0 1 11 10 42184 32 1
18509 18511 732 434 732 436 1 0 10 8 -42184 32 2
18511 19723 732 436 732 436 0 0 8 8 0 1212 0
19723 19725 732 436 732 434 0 1 8 6 42746 32 2
19725 19726 732 434 733 434 1 0 6 5 -42746 32 1
19726 20139 733 434 733 434 0 0 5 5 0 413 0
20139 20140 733 434 732 434 0 1 5 4 42956 32 1
20140 20141 732 434 732 434 1 1 4 4 0 1 0
20141 20143 732 434 732 436 1 0 4 2 -42956 32 2
20143 43265 732 436 732 436 0 0 2 2 0 23122 0
43265 43267 732 436 732 434 0 0 2 0 1000000000 0 2
--------------------------------------
--------------------------------------
EV9
--------------------------------------
Num TPs served = 19
TPs served = 42774 42976 43007 43060 43802 43944 44153 44231 44233 45483 45749 45766 45969 46062 46193 46744 49025 49247 49773
Total energy used = 100
--------------------------------------
Schedule:
0 19782 732 434 732 434 0 0 100 100 0 19782 0
19782 19782 732 434 732 434 0 1 100 100 42774 32 0
19782 19783 732 434 732 434 1 1 100 100 0 1 0
19783 19786 732 434 734 435 1 0 100 97 -42774 32 3
19786 20181 734 435 734 435 0 0 97 97 0 395 0
20181 20184 734 435 732 434 0 1 97 94 42976 32 3
20184 20186 732 434 732 436 1 0 94 92 -42976 32 2
20186 20233 732 436 732 436 0 0 92 92 0 47 0
20233 20235 732 436 732 434 0 1 92 90 43007 32 2
20235 20237 732 434 732 434 1 1 90 90 0 2 0
20237 20241 732 434 736 434 1 0 90 86 -43007 32 4
20241 20327 736 434 736 434 0 0 86 86 0 86 0
20327 20331 736 434 732 434 0 1 86 82 43060 32 4
20331 20333 732 434 732 434 1 1 82 82 0 2 0
20333 20335 732 434 734 434 1 0 82 80 -43060 32 2
20335 21778 734 434 734 434 0 0 80 80 0 1443 0
21778 21780 734 434 732 434 0 1 80 78 43802 32 2
21780 21781 732 434 732 434 1 1 78 78 0 1 0
21781 21783 732 434 734 434 1 0 78 76 -43802 32 2
21783 22066 734 434 734 434 0 0 76 76 0 283 0
22066 22068 734 434 732 434 0 1 76 74 43944 32 2
22068 22070 732 434 732 436 1 0 74 72 -43944 32 2
22070 22473 732 436 732 436 0 0 72 72 0 403 0
22473 22475 732 436 732 434 0 1 72 70 44153 32 2
22475 22481 732 434 738 434 1 0 70 64 -44153 32 6
22481 22601 738 434 738 434 0 0 64 64 0 120 0
22601 22607 738 434 732 434 0 1 64 58 44233 32 6
22607 22607 732 434 732 434 1 2 58 58 44231 30 0
22607 22609 732 434 732 436 2 1 58 56 -44233 32 2
22609 22612 732 436 733 434 1 0 56 53 -44231 26 3
22612 24870 733 434 733 434 0 0 53 53 0 2258 0
24870 24871 733 434 732 434 0 1 53 52 45483 32 1
24871 24872 732 434 733 434 1 0 52 51 -45483 32 1
24872 25326 733 434 733 434 0 0 51 51 0 454 0
25326 25327 733 434 732 434 0 1 51 50 45749 32 1
25327 25329 732 434 732 434 1 1 50 50 0 2 0
25329 25336 732 434 736 437 1 0 50 43 -45749 32 7
25336 25359 736 437 736 437 0 0 43 43 0 23 0
25359 25366 736 437 732 434 0 1 43 36 45766 32 7
25366 25376 732 434 732 434 1 1 36 36 0 10 0
25376 25378 732 434 732 436 1 0 36 34 -45766 32 2
25378 25735 732 436 732 436 0 0 34 34 0 357 0
25735 25737 732 436 732 434 0 1 34 32 45969 32 2
25737 25741 732 434 736 434 1 0 32 28 -45969 32 4
25741 25921 736 434 736 434 0 0 28 28 0 180 0
25921 25925 736 434 732 434 0 1 28 24 46062 32 4
25925 25927 732 434 734 434 1 0 24 22 -46062 32 2
25927 26141 734 434 734 434 0 0 22 22 0 214 0
26141 26143 734 434 732 434 0 1 22 20 46193 32 2
26143 26145 732 434 734 434 1 0 20 18 -46193 32 2
26145 27127 734 434 734 434 0 0 18 18 0 982 0
27127 27129 734 434 732 434 0 1 18 16 46744 32 2
27129 27130 732 434 732 434 1 1 16 16 0 1 0
27130 27132 732 434 734 434 1 0 16 14 -46744 32 2
27132 31059 734 434 734 434 0 0 14 14 0 3927 0
31059 31061 734 434 732 434 0 1 14 12 49025 32 2
31061 31064 732 434 732 434 1 1 12 12 0 3 0
31064 31065 732 434 733 434 1 0 12 11 -49025 32 1
31065 31432 733 434 733 434 0 0 11 11 0 367 0
31432 31433 733 434 732 434 0 1 11 10 49247 32 1
31433 31436 732 434 734 435 1 0 10 7 -49247 32 3
31436 32364 734 435 734 435 0 0 7 7 0 928 0
32364 32367 734 435 732 434 0 1 7 4 49773 32 3
32367 32368 732 434 732 434 1 1 4 4 0 1 0
32368 32370 732 434 733 435 1 0 4 2 -49773 32 2
32370 43265 733 435 733 435 0 0 2 2 0 10895 0
43265 43267 733 435 732 434 0 0 2 0 1000000000 0 2
--------------------------------------
--------------------------------------
EV10
--------------------------------------
Num TPs served = 1
TPs served = 49279
Total energy used = 6
--------------------------------------
Schedule:
0 31494 732 434 732 434 0 0 100 100 0 31494 0
31494 31494 732 434 732 434 0 1 100 100 49279 32 0
31494 31497 732 434 733 436 1 0 100 97 -49279 32 3
31497 43264 733 436 733 436 0 0 97 97 0 11767 0
43264 43267 733 436 732 434 0 0 97 94 1000000000 0 3
--------------------------------------

-------------------------------------------------------------------------

TPs

-------------------------------------------------------------------------

----------------------
TP279 allocated to 1
----------------------

----------------------
TP923 allocated to 1
----------------------

----------------------
TP1027 allocated to 1
----------------------

----------------------
TP1182 allocated to 1
----------------------

----------------------
TP1201 allocated to 1
----------------------

----------------------
TP2000 allocated to 1
----------------------

----------------------
TP2098 allocated to 1
----------------------

----------------------
TP2132 allocated to 1
----------------------

----------------------
TP2547 allocated to 1
----------------------

----------------------
TP2891 allocated to 1
----------------------

----------------------
TP3008 allocated to 1
----------------------

----------------------
TP3278 allocated to 1
----------------------

----------------------
TP3542 allocated to 1
----------------------

----------------------
TP3984 allocated to 1
----------------------

----------------------
TP4173 allocated to 1
----------------------

----------------------
TP4275 allocated to 1
----------------------

----------------------
TP4361 allocated to 1
----------------------

----------------------
TP4400 allocated to 2
----------------------

----------------------
TP4484 allocated to 1
----------------------

----------------------
TP4521 allocated to 1
----------------------

----------------------
TP5049 allocated to 2
----------------------

----------------------
TP5122 allocated to 1
----------------------

----------------------
TP5150 allocated to 1
----------------------

----------------------
TP5250 allocated to 2
----------------------

----------------------
TP5868 allocated to 2
----------------------

----------------------
TP6301 allocated to 2
----------------------

----------------------
TP6355 allocated to 2
----------------------

----------------------
TP6643 allocated to 2
----------------------

----------------------
TP6720 allocated to 2
----------------------

----------------------
TP6971 allocated to 2
----------------------

----------------------
TP7391 allocated to 2
----------------------

----------------------
TP7451 allocated to 2
----------------------

----------------------
TP7591 allocated to 3
----------------------

----------------------
TP7613 allocated to 3
----------------------

----------------------
TP7663 allocated to 2
----------------------

----------------------
TP7701 allocated to 2
----------------------

----------------------
TP7908 allocated to 3
----------------------

----------------------
TP8377 allocated to 3
----------------------

----------------------
TP8545 allocated to 3
----------------------

----------------------
TP8946 allocated to 3
----------------------

----------------------
TP8961 allocated to 3
----------------------

----------------------
TP8965 allocated to 3
----------------------

----------------------
TP9109 allocated to 3
----------------------

----------------------
TP9468 allocated to 3
----------------------

----------------------
TP9546 allocated to 1
----------------------

----------------------
TP9924 allocated to 3
----------------------

----------------------
TP10019 allocated to 3
----------------------

----------------------
TP10160 allocated to 3
----------------------

----------------------
TP10912 allocated to 3
----------------------

----------------------
TP11048 allocated to 3
----------------------

----------------------
TP11398 allocated to 3
----------------------

----------------------
TP12474 allocated to 1
----------------------

----------------------
TP12693 allocated to 3
----------------------

----------------------
TP13668 allocated to 3
----------------------

----------------------
TP14446 allocated to 3
----------------------

----------------------
TP15043 allocated to 4
----------------------

----------------------
TP15056 allocated to 4
----------------------

----------------------
TP15230 allocated to 3
----------------------

----------------------
TP15479 allocated to 3
----------------------

----------------------
TP15579 allocated to 4
----------------------

----------------------
TP15728 allocated to 3
----------------------

----------------------
TP15824 allocated to 4
----------------------

----------------------
TP16374 allocated to 4
----------------------

----------------------
TP17183 allocated to 4
----------------------

----------------------
TP17423 allocated to 4
----------------------

----------------------
TP17515 allocated to 4
----------------------

----------------------
TP17642 allocated to 4
----------------------

----------------------
TP17727 allocated to 4
----------------------

----------------------
TP17955 allocated to 4
----------------------

----------------------
TP18183 allocated to 4
----------------------

----------------------
TP18269 allocated to 4
----------------------

----------------------
TP18341 allocated to 4
----------------------

----------------------
TP18417 allocated to 4
----------------------

----------------------
TP18617 allocated to 1
----------------------

----------------------
TP18716 allocated to 4
----------------------

----------------------
TP19191 allocated to 4
----------------------

----------------------
TP19304 allocated to 5
----------------------

----------------------
TP19783 allocated to 5
----------------------

----------------------
TP20260 allocated to 5
----------------------

----------------------
TP20300 allocated to 5
----------------------

----------------------
TP20480 allocated to 5
----------------------

----------------------
TP20542 allocated to 5
----------------------

----------------------
TP20760 allocated to 5
----------------------

----------------------
TP20936 allocated to 5
----------------------

----------------------
TP21041 allocated to 5
----------------------

----------------------
TP21246 allocated to 5
----------------------

----------------------
TP21260 allocated to 1
----------------------

----------------------
TP21268 allocated to 5
----------------------

----------------------
TP21464 allocated to 5
----------------------

----------------------
TP22242 allocated to 5
----------------------

----------------------
TP22374 allocated to 5
----------------------

----------------------
TP22532 allocated to 5
----------------------

----------------------
TP22555 allocated to 5
----------------------

----------------------
TP23000 allocated to 5
----------------------

----------------------
TP23197 allocated to 5
----------------------

----------------------
TP23314 allocated to 5
----------------------

----------------------
TP23717 allocated to 1
----------------------

----------------------
TP24198 allocated to 5
----------------------

----------------------
TP24203 allocated to 5
----------------------

----------------------
TP24224 allocated to 5
----------------------

----------------------
TP25562 allocated to 1
----------------------

----------------------
TP26237 allocated to 6
----------------------

----------------------
TP26294 allocated to 5
----------------------

----------------------
TP26403 allocated to 6
----------------------

----------------------
TP26765 allocated to 6
----------------------

----------------------
TP27083 allocated to 6
----------------------

----------------------
TP27319 allocated to 6
----------------------

----------------------
TP27482 allocated to 6
----------------------

----------------------
TP27549 allocated to 6
----------------------

----------------------
TP27573 allocated to 6
----------------------

----------------------
TP27670 allocated to 6
----------------------

----------------------
TP27765 allocated to 6
----------------------

----------------------
TP27870 allocated to 6
----------------------

----------------------
TP28073 allocated to 6
----------------------

----------------------
TP28252 allocated to 6
----------------------

----------------------
TP28418 allocated to 6
----------------------

----------------------
TP29232 allocated to 6
----------------------

----------------------
TP29403 allocated to 1
----------------------

----------------------
TP29513 allocated to 6
----------------------

----------------------
TP29552 allocated to 6
----------------------

----------------------
TP29556 allocated to 6
----------------------

----------------------
TP29791 allocated to 6
----------------------

----------------------
TP29965 allocated to 6
----------------------

----------------------
TP29971 allocated to 6
----------------------

----------------------
TP30410 allocated to 6
----------------------

----------------------
TP30669 allocated to 6
----------------------

----------------------
TP30955 allocated to 6
----------------------

----------------------
TP30986 allocated to 1
----------------------

----------------------
TP31444 allocated to 7
----------------------

----------------------
TP31614 allocated to 6
----------------------

----------------------
TP31638 allocated to 7
----------------------

----------------------
TP31717 allocated to 7
----------------------

----------------------
TP31921 allocated to 7
----------------------

----------------------
TP32005 allocated to 7
----------------------

----------------------
TP32130 allocated to 7
----------------------

----------------------
TP32286 allocated to 7
----------------------

----------------------
TP32325 allocated to 7
----------------------

----------------------
TP32633 allocated to 7
----------------------

----------------------
TP32839 allocated to 7
----------------------

----------------------
TP33010 allocated to 7
----------------------

----------------------
TP33274 allocated to 7
----------------------

----------------------
TP33311 allocated to 4
----------------------

----------------------
TP33415 allocated to 7
----------------------

----------------------
TP34067 allocated to 7
----------------------

----------------------
TP34138 allocated to 7
----------------------

----------------------
TP34292 allocated to 7
----------------------

----------------------
TP34683 allocated to 7
----------------------

----------------------
TP35113 allocated to 7
----------------------

----------------------
TP35326 allocated to 7
----------------------

----------------------
TP35834 allocated to 1
----------------------

----------------------
TP36098 allocated to 7
----------------------

----------------------
TP36747 allocated to 7
----------------------

----------------------
TP36799 allocated to 7
----------------------

----------------------
TP36945 allocated to 7
----------------------

----------------------
TP37338 allocated to 7
----------------------

----------------------
TP37514 allocated to 7
----------------------

----------------------
TP37683 allocated to 8
----------------------

----------------------
TP38660 allocated to 7
----------------------

----------------------
TP38705 allocated to 8
----------------------

----------------------
TP38844 allocated to 7
----------------------

----------------------
TP38935 allocated to 1
----------------------

----------------------
TP38963 allocated to 8
----------------------

----------------------
TP39201 allocated to 8
----------------------

----------------------
TP39367 allocated to 8
----------------------

----------------------
TP39543 allocated to 7
----------------------

----------------------
TP39795 allocated to 8
----------------------

----------------------
TP40144 allocated to 8
----------------------

----------------------
TP40463 allocated to 8
----------------------

----------------------
TP40931 allocated to 8
----------------------

----------------------
TP41002 allocated to 8
----------------------

----------------------
TP41406 allocated to 8
----------------------

----------------------
TP41821 allocated to 1
----------------------

----------------------
TP41955 allocated to 8
----------------------

----------------------
TP42061 allocated to 8
----------------------

----------------------
TP42140 allocated to 8
----------------------

----------------------
TP42184 allocated to 8
----------------------

----------------------
TP42746 allocated to 8
----------------------

----------------------
TP42774 allocated to 9
----------------------

----------------------
TP42956 allocated to 8
----------------------

----------------------
TP42969 allocated to 3
----------------------

----------------------
TP42976 allocated to 9
----------------------

----------------------
TP43007 allocated to 9
----------------------

----------------------
TP43060 allocated to 9
----------------------

----------------------
TP43323 allocated to 3
----------------------

----------------------
TP43802 allocated to 9
----------------------

----------------------
TP43944 allocated to 9
----------------------

----------------------
TP44153 allocated to 9
----------------------

----------------------
TP44231 allocated to 9
----------------------

----------------------
TP44233 allocated to 9
----------------------

----------------------
TP45483 allocated to 9
----------------------

----------------------
TP45749 allocated to 9
----------------------

----------------------
TP45766 allocated to 9
----------------------

----------------------
TP45969 allocated to 9
----------------------

----------------------
TP46062 allocated to 9
----------------------

----------------------
TP46156 allocated to 6
----------------------

----------------------
TP46193 allocated to 9
----------------------

----------------------
TP46442 allocated to 1
----------------------

----------------------
TP46744 allocated to 9
----------------------

----------------------
TP47421 allocated to 1
----------------------

----------------------
TP49025 allocated to 9
----------------------

----------------------
TP49247 allocated to 9
----------------------

----------------------
TP49279 allocated to 10
----------------------

----------------------
TP49773 allocated to 9
----------------------

-------------------------------------------------------------------------

Ride-sharing vs Individual Mode - Num Vehicles and Distance Comparisson 

-------------------------------------------------------------------------
Individual Mode = 203 vehicles.
Ride-sharing Mode = 10 vehicles. The 10 ride-sharing vehicles + 0 vehicles of the individuals not served by the ride-sharing service.
-------------------------------------------------------------------------
Individual Mode = 464 distance.
Ride-sharing Mode = 906 distance. 906 from the EV fleet + 0 from the distance of the trips not covered individuals had to do with their own vehicle.
-------------------------------------------------------------------------
