-------------------------------------------------------------------------
TPs satisfied = 189; Total TPs = 213; Percentage Satisfied + 88.7%
-------------------------------------------------------------------------

-------------------------------------------------------------------------

EVs

-------------------------------------------------------------------------
--------------------------------------
EV1
--------------------------------------
Num TPs served = 36
TPs served = 672 713 816 1141 1204 1560 1750 1786 2010 2083 2102 2174 2179 2416 2698 2908 3540 3878 9232 10304 13896 16953 17603 18172 18392 24041 30949 35516 36905 37334 39291 39414 41840 44116 45543 49663
Total energy used = 100
--------------------------------------
Schedule:
0 600 183 372 183 372 0 0 100 100 0 600 0
600 600 183 372 183 372 0 1 100 100 17603 32 0
600 601 183 372 183 372 1 1 100 100 0 1 0
601 601 183 372 183 372 1 0 100 100 -17603 32 0
601 1113 183 372 183 372 0 0 100 100 0 512 0
1113 1113 183 372 183 372 0 1 100 100 35516 32 0
1113 1115 183 372 183 372 1 1 100 100 0 2 0
1115 1115 183 372 183 372 1 0 100 100 -35516 32 0
1115 1203 183 372 183 372 0 0 100 100 0 88 0
1203 1203 183 372 183 372 0 1 100 100 672 32 0
1203 1204 183 372 183 372 1 1 100 100 0 1 0
1204 1212 183 372 188 375 1 0 100 92 -672 32 8
1212 1264 188 375 188 375 0 0 92 92 0 52 0
1264 1272 188 375 183 372 0 1 92 84 713 32 8
1272 1274 183 372 183 372 1 1 84 84 0 2 0
1274 1276 183 372 184 373 1 0 84 82 -713 32 2
1276 1456 184 373 184 373 0 0 82 82 0 180 0
1456 1458 184 373 183 372 0 1 82 80 816 32 2
1458 1460 183 372 183 374 1 0 80 78 -816 32 2
1460 1988 183 374 183 374 0 0 78 78 0 528 0
1988 1990 183 374 183 372 0 1 78 76 1141 32 2
1990 1991 183 372 183 372 1 1 76 76 0 1 0
1991 1991 183 372 183 372 1 0 76 76 -1141 32 0
1991 2097 183 372 183 372 0 0 76 76 0 106 0
2097 2097 183 372 183 372 0 1 76 76 1204 32 0
2097 2100 183 372 186 372 1 0 76 73 -1204 32 3
2100 2354 186 372 186 372 0 0 73 73 0 254 0
2354 2357 186 372 183 372 0 1 73 70 18172 32 3
2357 2360 183 372 183 372 1 1 70 70 0 3 0
2360 2360 183 372 183 372 1 0 70 70 -18172 32 0
2360 2712 183 372 183 372 0 0 70 70 0 352 0
2712 2712 183 372 183 372 0 1 70 70 1560 32 0
2712 2715 183 372 183 375 1 0 70 67 -1560 32 3
2715 3054 183 375 183 375 0 0 67 67 0 339 0
3054 3057 183 375 183 372 0 1 67 64 18392 32 3
3057 3058 183 372 183 372 1 1 64 64 0 1 0
3058 3058 183 372 183 372 1 2 64 64 1750 32 0
3058 3059 183 372 183 373 2 1 64 63 -18392 31 1
3059 3059 183 373 183 373 1 0 63 63 -1750 32 0
3059 3121 183 373 183 373 0 0 63 63 0 62 0
3121 3122 183 373 183 372 0 1 63 62 1786 32 1
3122 3123 183 372 184 372 1 0 62 61 -1786 32 1
3123 3539 184 372 184 372 0 0 61 61 0 416 0
3539 3540 184 372 183 372 0 1 61 60 2010 32 1
3540 3541 183 372 184 372 1 0 60 59 -2010 32 1
3541 3657 184 372 184 372 0 0 59 59 0 116 0
3657 3658 184 372 183 372 0 1 59 58 2083 32 1
3658 3659 183 372 183 372 1 1 58 58 0 1 0
3659 3663 183 372 185 374 1 0 58 54 -2083 32 4
3663 3689 185 374 185 374 0 0 54 54 0 26 0
3689 3693 185 374 183 372 0 1 54 50 2102 32 4
3693 3695 183 372 184 373 1 0 50 48 -2102 32 2
3695 3848 184 373 184 373 0 0 48 48 0 153 0
3848 3850 184 373 183 372 0 1 48 46 2179 32 2
3850 3850 183 372 183 372 1 2 46 46 2174 23 0
3850 3854 183 372 184 375 2 1 46 42 -2174 25 4
3854 3870 184 375 197 372 1 0 42 26 -2179 30 16
3870 4284 197 372 197 372 0 0 26 26 0 414 0
4284 4298 197 372 183 372 0 1 26 12 2416 32 14
4298 4301 183 372 185 373 1 0 12 9 -2416 32 3
4301 4790 185 373 185 373 0 0 9 9 0 489 0
4790 4793 185 373 183 372 0 1 9 6 2698 32 3
4793 4794 183 372 184 372 1 0 6 5 -2698 32 1
4794 5161 184 372 184 372 0 0 5 5 0 367 0
5161 5162 184 372 183 372 0 1 5 4 36905 32 1
5162 5182 183 372 183 372 1 1 4 4 0 20 0
5182 5182 183 372 183 372 1 2 4 4 2908 32 0
5182 5183 183 372 184 372 2 1 4 3 -36905 12 1
5183 5183 184 372 184 372 1 0 3 3 -2908 32 0
5183 6329 184 372 184 372 0 0 3 3 0 1146 0
6329 6330 184 372 183 372 0 1 3 2 3540 32 1
6330 6331 183 372 184 372 1 0 2 1 -3540 32 1
6331 6416 184 372 184 372 0 0 1 1 0 85 0
6416 6417 184 372 183 372 0 1 1 0 37334 32 1
6417 6418 183 372 183 372 1 1 0 0 0 1 0
6418 6418 183 372 183 372 1 0 0 0 -37334 32 0
6418 6953 183 372 183 372 0 0 0 0 0 535 0
6953 6953 183 372 183 372 0 1 0 0 3878 32 0
6953 6954 183 372 183 372 1 1 0 0 0 1 0
6954 6954 183 372 183 372 1 0 0 0 -3878 32 0
6954 11539 183 372 183 372 0 0 0 0 0 4585 0
11539 11539 183 372 183 372 0 1 0 0 39291 32 0
11539 11540 183 372 183 372 1 1 0 0 0 1 0
11540 11540 183 372 183 372 1 0 0 0 -39291 32 0
11540 11862 183 372 183 372 0 0 0 0 0 322 0
11862 11862 183 372 183 372 0 1 0 0 39414 32 0
11862 11863 183 372 183 372 1 1 0 0 0 1 0
11863 11863 183 372 183 372 1 0 0 0 -39414 32 0
11863 17767 183 372 183 372 0 0 0 0 0 5904 0
17767 17767 183 372 183 372 0 1 0 0 41840 32 0
17767 17768 183 372 183 372 1 1 0 0 0 1 0
17768 17768 183 372 183 372 1 0 0 0 -41840 32 0
17768 18290 183 372 183 372 0 0 0 0 0 522 0
18290 18290 183 372 183 372 0 1 0 0 9232 32 0
18290 18292 183 372 183 372 1 1 0 0 0 2 0
18292 18292 183 372 183 372 1 0 0 0 -9232 32 0
18292 18374 183 372 183 372 0 0 0 0 0 82 0
18374 18374 183 372 183 372 0 1 0 0 24041 32 0
18374 18375 183 372 183 372 1 1 0 0 0 1 0
18375 18375 183 372 183 372 1 0 0 0 -24041 32 0
18375 21293 183 372 183 372 0 0 0 0 0 2918 0
21293 21293 183 372 183 372 0 1 0 0 10304 32 0
21293 21294 183 372 183 372 1 1 0 0 0 1 0
21294 21294 183 372 183 372 1 0 0 0 -10304 32 0
21294 22395 183 372 183 372 0 0 0 0 0 1101 0
22395 22395 183 372 183 372 0 1 0 0 44116 32 0
22395 22397 183 372 183 372 1 1 0 0 0 2 0
22397 22397 183 372 183 372 1 0 0 0 -44116 32 0
22397 24962 183 372 183 372 0 0 0 0 0 2565 0
24962 24962 183 372 183 372 0 1 0 0 45543 32 0
24962 24963 183 372 183 372 1 1 0 0 0 1 0
24963 24963 183 372 183 372 1 0 0 0 -45543 32 0
24963 32176 183 372 183 372 0 0 0 0 0 7213 0
32176 32176 183 372 183 372 0 1 0 0 49663 32 0
32176 32177 183 372 183 372 1 1 0 0 0 1 0
32177 32177 183 372 183 372 1 0 0 0 -49663 32 0
32177 32396 183 372 183 372 0 0 0 0 0 219 0
32396 32396 183 372 183 372 0 1 0 0 30949 32 0
32396 32397 183 372 183 372 1 1 0 0 0 1 0
32397 32397 183 372 183 372 1 0 0 0 -30949 32 0
32397 33557 183 372 183 372 0 0 0 0 0 1160 0
33557 33557 183 372 183 372 0 1 0 0 13896 32 0
33557 33558 183 372 183 372 1 1 0 0 0 1 0
33558 33558 183 372 183 372 1 0 0 0 -13896 32 0
33558 42416 183 372 183 372 0 0 0 0 0 8858 0
42416 42416 183 372 183 372 0 1 0 0 16953 32 0
42416 42419 183 372 183 372 1 1 0 0 0 3 0
42419 42419 183 372 183 372 1 0 0 0 -16953 32 0
42419 43267 183 372 183 372 0 0 0 0 0 848 0
43267 43267 183 372 183 372 0 0 0 0 1000000000 0 0
--------------------------------------
--------------------------------------
EV2
--------------------------------------
Num TPs served = 15
TPs served = 2759 3133 3725 3757 3928 3936 4304 4572 4737 4880 5173 5185 5453 6029 18982
Total energy used = 100
--------------------------------------
Schedule:
0 4934 183 372 183 372 0 0 100 100 0 4934 0
4934 4934 183 372 183 372 0 1 100 100 18982 32 0
4934 4934 183 372 183 372 1 2 100 100 2759 17 0
4934 4937 183 372 184 374 2 1 100 97 -18982 32 3
4937 4940 184 374 187 374 1 0 97 94 -2759 18 3
4940 5577 187 374 187 374 0 0 94 94 0 637 0
5577 5583 187 374 183 372 0 1 94 88 3133 32 6
5583 5586 183 372 183 372 1 1 88 88 0 3 0
5586 5601 183 372 197 373 1 0 88 73 -3133 32 15
5601 6672 197 373 197 373 0 0 73 73 0 1071 0
6672 6687 197 373 183 372 0 1 73 58 3725 32 15
6687 6688 183 372 183 373 1 0 58 57 -3725 32 1
6688 6741 183 373 183 373 0 0 57 57 0 53 0
6741 6742 183 373 183 372 0 1 57 56 3757 32 1
6742 6743 183 372 183 372 1 1 56 56 0 1 0
6743 6746 183 372 183 375 1 0 56 53 -3757 32 3
6746 7061 183 375 183 375 0 0 53 53 0 315 0
7061 7064 183 375 183 372 0 1 53 50 3936 32 3
7064 7064 183 372 183 372 1 2 50 50 3928 17 0
7064 7069 183 372 188 372 2 1 50 45 -3936 32 5
7069 7072 188 372 185 372 1 0 45 42 -3928 12 3
7072 7731 185 372 185 372 0 0 42 42 0 659 0
7731 7733 185 372 183 372 0 1 42 40 4304 32 2
7733 7734 183 372 183 372 1 1 40 40 0 1 0
7734 7735 183 372 183 373 1 0 40 39 -4304 32 1
7735 8266 183 373 183 373 0 0 39 39 0 531 0
8266 8267 183 373 183 372 0 1 39 38 4572 32 1
8267 8269 183 372 184 373 1 0 38 36 -4572 32 2
8269 8602 184 373 184 373 0 0 36 36 0 333 0
8602 8604 184 373 183 372 0 1 36 34 4737 32 2
8604 8605 183 372 184 372 1 0 34 33 -4737 32 1
8605 8861 184 372 184 372 0 0 33 33 0 256 0
8861 8862 184 372 183 372 0 1 33 32 4880 32 1
8862 8865 183 372 186 372 1 0 32 29 -4880 32 3
8865 9410 186 372 186 372 0 0 29 29 0 545 0
9410 9413 186 372 183 372 0 1 29 26 5185 32 3
9413 9413 183 372 183 372 1 2 26 26 5173 11 0
9413 9414 183 372 183 372 2 2 26 26 0 1 0
9414 9418 183 372 186 373 2 1 26 22 -5185 32 4
9418 9420 186 373 184 373 1 0 22 20 -5173 7 2
9420 9914 184 373 184 373 0 0 20 20 0 494 0
9914 9916 184 373 183 372 0 1 20 18 5453 32 2
9916 9917 183 372 183 372 1 1 18 18 0 1 0
9917 9924 183 372 186 376 1 0 18 11 -5453 32 7
9924 11035 186 376 186 376 0 0 11 11 0 1111 0
11035 11042 186 376 183 372 0 1 11 4 6029 32 7
11042 11043 183 372 183 372 1 1 4 4 0 1 0
11043 11045 183 372 183 374 1 0 4 2 -6029 32 2
11045 43265 183 374 183 374 0 0 2 2 0 32220 0
43265 43267 183 374 183 372 0 0 2 0 1000000000 0 2
--------------------------------------
--------------------------------------
EV3
--------------------------------------
Num TPs served = 25
TPs served = 5893 6128 7307 7338 7359 7524 7660 8449 8769 8873 8890 9015 9020 9055 9296 10204 10253 10458 10577 10829 11734 11747 11943 12568 47705
Total energy used = 100
--------------------------------------
Schedule:
0 10783 183 372 183 372 0 0 100 100 0 10783 0
10783 10783 183 372 183 372 0 1 100 100 5893 32 0
10783 10784 183 372 183 372 1 1 100 100 0 1 0
10784 10787 183 372 186 372 1 0 100 97 -5893 32 3
10787 11223 186 372 186 372 0 0 97 97 0 436 0
11223 11226 186 372 183 372 0 1 97 94 6128 32 3
11226 11227 183 372 183 372 1 1 94 94 0 1 0
11227 11228 183 372 184 372 1 0 94 93 -6128 32 1
11228 13690 184 372 184 372 0 0 93 93 0 2462 0
13690 13691 184 372 183 372 0 1 93 92 7307 32 1
13691 13693 183 372 183 374 1 0 92 90 -7307 32 2
13693 13738 183 374 183 374 0 0 90 90 0 45 0
13738 13740 183 374 183 372 0 1 90 88 7338 32 2
13740 13742 183 372 183 372 1 1 88 88 0 2 0
13742 13743 183 372 183 373 1 0 88 87 -7338 32 1
13743 13788 183 373 183 373 0 0 87 87 0 45 0
13788 13789 183 373 183 372 0 1 87 86 7359 32 1
13789 13790 183 372 183 372 1 1 86 86 0 1 0
13790 13792 183 372 185 372 1 0 86 84 -7359 32 2
13792 14159 185 372 185 372 0 0 84 84 0 367 0
14159 14161 185 372 183 372 0 1 84 82 7524 32 2
14161 14172 183 372 183 372 1 1 82 82 0 11 0
14172 14177 183 372 183 377 1 0 82 77 -7524 32 5
14177 14461 183 377 183 377 0 0 77 77 0 284 0
14461 14466 183 377 183 372 0 1 77 72 7660 32 5
14466 14467 183 372 184 372 1 0 72 71 -7660 32 1
14467 16257 184 372 184 372 0 0 71 71 0 1790 0
16257 16258 184 372 183 372 0 1 71 70 8449 32 1
16258 16259 183 372 183 372 1 1 70 70 0 1 0
16259 16260 183 372 183 373 1 0 70 69 -8449 32 1
16260 17061 183 373 183 373 0 0 69 69 0 801 0
17061 17062 183 373 183 372 0 1 69 68 8769 32 1
17062 17065 183 372 186 372 1 0 68 65 -8769 32 3
17065 17309 186 372 186 372 0 0 65 65 0 244 0
17309 17312 186 372 183 372 0 1 65 62 8873 32 3
17312 17313 183 372 183 372 1 1 62 62 0 1 0
17313 17314 183 372 183 373 1 0 62 61 -8873 32 1
17314 17356 183 373 183 373 0 0 61 61 0 42 0
17356 17357 183 373 183 372 0 1 61 60 8890 32 1
17357 17360 183 372 183 372 1 1 60 60 0 3 0
17360 17364 183 372 184 375 1 0 60 56 -8890 32 4
17364 17692 184 375 184 375 0 0 56 56 0 328 0
17692 17696 184 375 183 372 0 1 56 52 9020 32 4
17696 17696 183 372 183 372 1 2 52 52 9015 22 0
17696 17698 183 372 185 372 2 1 52 50 -9020 32 2
17698 17699 185 372 184 372 1 0 50 49 -9015 20 1
17699 17775 184 372 184 372 0 0 49 49 0 76 0
17775 17776 184 372 183 372 0 1 49 48 9055 32 1
17776 17778 183 372 185 372 1 0 48 46 -9055 32 2
17778 18480 185 372 185 372 0 0 46 46 0 702 0
18480 18482 185 372 183 372 0 1 46 44 9296 32 2
18482 18484 183 372 185 372 1 0 44 42 -9296 32 2
18484 20979 185 372 185 372 0 0 42 42 0 2495 0
20979 20981 185 372 183 372 0 1 42 40 10204 32 2
20981 20983 183 372 183 372 1 1 40 40 0 2 0
20983 20985 183 372 184 373 1 0 40 38 -10204 32 2
20985 21124 184 373 184 373 0 0 38 38 0 139 0
21124 21126 184 373 183 372 0 1 38 36 10253 32 2
21126 21131 183 372 188 372 1 0 36 31 -10253 32 5
21131 21724 188 372 188 372 0 0 31 31 0 593 0
21724 21729 188 372 183 372 0 1 31 26 10458 32 5
21729 21731 183 372 185 372 1 0 26 24 -10458 32 2
21731 22031 185 372 185 372 0 0 24 24 0 300 0
22031 22033 185 372 183 372 0 1 24 22 10577 32 2
22033 22035 183 372 185 372 1 0 22 20 -10577 32 2
22035 22830 185 372 185 372 0 0 20 20 0 795 0
22830 22832 185 372 183 372 0 1 20 18 10829 32 2
22832 22835 183 372 186 372 1 0 18 15 -10829 32 3
22835 25823 186 372 186 372 0 0 15 15 0 2988 0
25823 25826 186 372 183 372 0 1 15 12 11747 32 3
25826 25826 183 372 183 372 1 2 12 12 11734 5 0
25826 25827 183 372 184 372 2 1 12 11 -11747 32 1
25827 25830 184 372 187 372 1 0 11 8 -11734 5 3
25830 26498 187 372 187 372 0 0 8 8 0 668 0
26498 26502 187 372 183 372 0 1 8 4 11943 32 4
26502 26503 183 372 183 372 1 1 4 4 0 1 0
26503 26504 183 372 183 373 1 0 4 3 -11943 32 1
26504 28711 183 373 183 373 0 0 3 3 0 2207 0
28711 28712 183 373 183 372 0 1 3 2 47705 32 1
28712 28712 183 372 183 372 1 2 2 2 12568 9 0
28712 28713 183 372 183 372 2 2 2 2 0 1 0
28713 28714 183 372 184 372 2 1 2 1 -47705 32 1
28714 28714 184 372 184 372 1 0 1 1 -12568 9 0
28714 43266 184 372 184 372 0 0 1 1 0 14552 0
43266 43267 184 372 183 372 0 0 1 0 1000000000 0 1
--------------------------------------
--------------------------------------
EV4
--------------------------------------
Num TPs served = 14
TPs served = 13276 13337 13507 13628 14050 14292 14346 15120 15648 16175 16400 16453 17136 17195
Total energy used = 100
--------------------------------------
Schedule:
0 31227 183 372 183 372 0 0 100 100 0 31227 0
31227 31227 183 372 183 372 0 1 100 100 13276 32 0
31227 31229 183 372 184 373 1 0 100 98 -13276 32 2
31229 31433 184 373 184 373 0 0 98 98 0 204 0
31433 31435 184 373 183 372 0 1 98 96 13337 32 2
31435 31438 183 372 183 375 1 0 96 93 -13337 32 3
31438 32128 183 375 183 375 0 0 93 93 0 690 0
32128 32131 183 375 183 372 0 1 93 90 13507 32 3
32131 32134 183 372 186 372 1 0 90 87 -13507 32 3
32134 32577 186 372 186 372 0 0 87 87 0 443 0
32577 32580 186 372 183 372 0 1 87 84 13628 32 3
32580 32586 183 372 183 372 1 1 84 84 0 6 0
32586 32590 183 372 187 372 1 0 84 80 -13628 32 4
32590 34172 187 372 187 372 0 0 80 80 0 1582 0
34172 34176 187 372 183 372 0 1 80 76 14050 32 4
34176 34178 183 372 183 372 1 1 76 76 0 2 0
34178 34181 183 372 185 373 1 0 76 73 -14050 32 3
34181 35073 185 373 185 373 0 0 73 73 0 892 0
35073 35076 185 373 183 372 0 1 73 70 14292 32 3
35076 35079 183 372 186 372 1 0 70 67 -14292 32 3
35079 35283 186 372 186 372 0 0 67 67 0 204 0
35283 35286 186 372 183 372 0 1 67 64 14346 32 3
35286 35289 183 372 186 372 1 0 64 61 -14346 32 3
35289 38291 186 372 186 372 0 0 61 61 0 3002 0
38291 38294 186 372 183 372 0 1 61 58 15120 32 3
38294 38300 183 372 189 372 1 0 58 52 -15120 32 6
38300 40108 189 372 189 372 0 0 52 52 0 1808 0
40108 40114 189 372 183 372 0 1 52 46 15648 32 6
40114 40116 183 372 185 372 1 0 46 44 -15648 32 2
40116 41071 185 372 185 372 0 0 44 44 0 955 0
41071 41073 185 372 183 372 0 1 44 42 16175 32 2
41073 41076 183 372 186 372 1 0 42 39 -16175 32 3
41076 41437 186 372 186 372 0 0 39 39 0 361 0
41437 41440 186 372 183 372 0 1 39 36 16400 32 3
41440 41442 183 372 183 372 1 1 36 36 0 2 0
41442 41444 183 372 183 374 1 0 36 34 -16400 32 2
41444 41520 183 374 183 374 0 0 34 34 0 76 0
41520 41522 183 374 183 372 0 1 34 32 16453 32 2
41522 41531 183 372 192 372 1 0 32 23 -16453 32 9
41531 42734 192 372 192 372 0 0 23 23 0 1203 0
42734 42743 192 372 183 372 0 1 23 14 17136 32 9
42743 42744 183 372 183 372 1 1 14 14 0 1 0
42744 42748 183 372 186 373 1 0 14 10 -17136 32 4
42748 42830 186 373 186 373 0 0 10 10 0 82 0
42830 42834 186 373 183 372 0 1 10 6 17195 32 4
42834 42837 183 372 184 374 1 0 6 3 -17195 32 3
42837 43264 184 374 184 374 0 0 3 3 0 427 0
43264 43267 184 374 183 372 0 0 3 0 1000000000 0 3
--------------------------------------
--------------------------------------
EV5
--------------------------------------
Num TPs served = 13
TPs served = 17442 17540 18189 18339 18506 19028 19152 19248 19720 20544 20602 21566 37612
Total energy used = 100
--------------------------------------
Schedule:
0 38 183 372 183 372 0 0 100 100 0 38 0
38 38 183 372 183 372 0 1 100 100 17442 32 0
38 46 183 372 191 372 1 0 100 92 -17442 32 8
46 390 191 372 191 372 0 0 92 92 0 344 0
390 398 191 372 183 372 0 1 92 84 17540 32 8
398 400 183 372 183 372 1 1 84 84 0 2 0
400 418 183 372 200 373 1 0 84 66 -17540 32 18
418 2393 200 373 200 373 0 0 66 66 0 1975 0
2393 2411 200 373 183 372 0 1 66 48 18189 32 18
2411 2413 183 372 184 373 1 0 48 46 -18189 32 2
2413 2878 184 373 184 373 0 0 46 46 0 465 0
2878 2880 184 373 183 372 0 1 46 44 18339 32 2
2880 2882 183 372 185 372 1 0 44 42 -18339 32 2
2882 3417 185 372 185 372 0 0 42 42 0 535 0
3417 3419 185 372 183 372 0 1 42 40 18506 32 2
3419 3420 183 372 184 372 1 0 40 39 -18506 32 1
3420 5073 184 372 184 372 0 0 39 39 0 1653 0
5073 5074 184 372 183 372 0 1 39 38 19028 32 1
5074 5075 183 372 183 372 1 1 38 38 0 1 0
5075 5076 183 372 183 373 1 0 38 37 -19028 32 1
5076 5473 183 373 183 373 0 0 37 37 0 397 0
5473 5474 183 373 183 372 0 1 37 36 19152 32 1
5474 5475 183 372 183 372 1 1 36 36 0 1 0
5475 5476 183 372 184 372 1 0 36 35 -19152 32 1
5476 5742 184 372 184 372 0 0 35 35 0 266 0
5742 5743 184 372 183 372 0 1 35 34 19248 32 1
5743 5744 183 372 183 372 1 1 34 34 0 1 0
5744 5748 183 372 187 372 1 0 34 30 -19248 32 4
5748 7229 187 372 187 372 0 0 30 30 0 1481 0
7229 7233 187 372 183 372 0 1 30 26 37612 32 4
7233 7233 183 372 183 372 1 2 26 26 19720 7 0
7233 7234 183 372 183 372 2 2 26 26 0 1 0
7234 7235 183 372 184 372 2 1 26 25 -37612 32 1
7235 7240 184 372 189 372 1 0 25 20 -19720 17 5
7240 9558 189 372 189 372 0 0 20 20 0 2318 0
9558 9564 189 372 183 372 0 1 20 14 20544 32 6
9564 9565 183 372 183 372 1 1 14 14 0 1 0
9565 9570 183 372 183 377 1 0 14 9 -20544 32 5
9570 9699 183 377 183 377 0 0 9 9 0 129 0
9699 9704 183 377 183 372 0 1 9 4 20602 32 5
9704 9705 183 372 184 372 1 0 4 3 -20602 32 1
9705 12273 184 372 184 372 0 0 3 3 0 2568 0
12273 12274 184 372 183 372 0 1 3 2 21566 32 1
12274 12275 183 372 183 372 1 1 2 2 0 1 0
12275 12276 183 372 183 373 1 0 2 1 -21566 32 1
12276 43266 183 373 183 373 0 0 1 1 0 30990 0
43266 43267 183 373 183 372 0 0 1 0 1000000000 0 1
--------------------------------------
--------------------------------------
EV6
--------------------------------------
Num TPs served = 28
TPs served = 21151 21247 21258 21307 21319 21322 21529 22310 22626 22810 22811 22831 22841 23055 23720 23748 23928 24459 24694 24702 25454 25837 25918 26516 27411 28759 29683 29827
Total energy used = 100
--------------------------------------
Schedule:
0 11163 183 372 183 372 0 0 100 100 0 11163 0
11163 11163 183 372 183 372 0 1 100 100 21151 32 0
11163 11165 183 372 183 374 1 0 100 98 -21151 32 2
11165 11426 183 374 183 374 0 0 98 98 0 261 0
11426 11428 183 374 183 372 0 1 98 96 21258 32 2
11428 11428 183 372 183 372 1 2 96 96 21247 11 0
11428 11432 183 372 187 372 2 1 96 92 -21258 32 4
11432 11433 187 372 186 372 1 0 92 91 -21247 10 1
11433 11569 186 372 186 372 0 0 91 91 0 136 0
11569 11572 186 372 183 372 0 1 91 88 21307 32 3
11572 11607 183 372 183 372 1 1 88 88 0 35 0
11607 11607 183 372 183 372 1 2 88 88 21319 32 0
11607 11609 183 372 183 374 2 1 88 86 -21319 32 2
11609 11612 183 374 183 377 1 0 86 83 -21307 8 3
11612 11615 183 377 183 377 0 0 83 83 0 3 0
11615 11620 183 377 183 372 0 1 83 78 21322 32 5
11620 11622 183 372 184 373 1 0 78 76 -21322 32 2
11622 12184 184 373 184 373 0 0 76 76 0 562 0
12184 12186 184 373 183 372 0 1 76 74 21529 32 2
12186 12188 183 372 184 373 1 0 74 72 -21529 32 2
12188 14257 184 373 184 373 0 0 72 72 0 2069 0
14257 14259 184 373 183 372 0 1 72 70 22310 32 2
14259 14260 183 372 183 373 1 0 70 69 -22310 32 1
14260 15060 183 373 183 373 0 0 69 69 0 800 0
15060 15061 183 373 183 372 0 1 69 68 22626 32 1
15061 15064 183 372 183 375 1 0 68 65 -22626 32 3
15064 15519 183 375 183 375 0 0 65 65 0 455 0
15519 15522 183 375 183 372 0 1 65 62 22811 32 3
15522 15522 183 372 183 372 1 2 62 62 22810 27 0
15522 15523 183 372 183 372 2 2 62 62 0 1 0
15523 15524 183 372 184 372 2 1 62 61 -22811 32 1
15524 15528 184 372 186 374 1 0 61 57 -22810 26 4
15528 15598 186 374 186 374 0 0 57 57 0 70 0
15598 15603 186 374 183 372 0 1 57 52 22841 32 5
15603 15603 183 372 183 372 1 2 52 52 22831 8 0
15603 15604 183 372 184 372 2 1 52 51 -22841 32 1
15604 15606 184 372 183 373 1 0 51 49 -22831 6 2
15606 16108 183 373 183 373 0 0 49 49 0 502 0
16108 16109 183 373 183 372 0 1 49 48 23055 32 1
16109 16114 183 372 183 372 1 1 48 48 0 5 0
16114 16116 183 372 185 372 1 0 48 46 -23055 32 2
16116 17689 185 372 185 372 0 0 46 46 0 1573 0
17689 17691 185 372 183 372 0 1 46 44 23720 32 2
17691 17692 183 372 183 372 1 1 44 44 0 1 0
17692 17696 183 372 187 372 1 0 44 40 -23720 32 4
17696 17736 187 372 187 372 0 0 40 40 0 40 0
17736 17740 187 372 183 372 0 1 40 36 23748 32 4
17740 17742 183 372 185 372 1 0 36 34 -23748 32 2
17742 18127 185 372 185 372 0 0 34 34 0 385 0
18127 18129 185 372 183 372 0 1 34 32 23928 32 2
18129 18130 183 372 183 372 1 1 32 32 0 1 0
18130 18131 183 372 183 373 1 0 32 31 -23928 32 1
18131 19307 183 373 183 373 0 0 31 31 0 1176 0
19307 19308 183 373 183 372 0 1 31 30 24459 32 1
19308 19310 183 372 184 373 1 0 30 28 -24459 32 2
19310 19822 184 373 184 373 0 0 28 28 0 512 0
19822 19824 184 373 183 372 0 1 28 26 24702 32 2
19824 19824 183 372 183 372 1 2 26 26 24694 18 0
19824 19826 183 372 185 372 2 1 26 24 -24702 32 2
19826 19827 185 372 184 372 1 0 24 23 -24694 16 1
19827 21488 184 372 184 372 0 0 23 23 0 1661 0
21488 21489 184 372 183 372 0 1 23 22 25454 32 1
21489 21491 183 372 185 372 1 0 22 20 -25454 32 2
21491 22300 185 372 185 372 0 0 20 20 0 809 0
22300 22302 185 372 183 372 0 1 20 18 25837 32 2
22302 22303 183 372 183 373 1 0 18 17 -25837 32 1
22303 22483 183 373 183 373 0 0 17 17 0 180 0
22483 22484 183 373 183 372 0 1 17 16 25918 32 1
22484 22486 183 372 183 372 1 1 16 16 0 2 0
22486 22488 183 372 184 373 1 0 16 14 -25918 32 2
22488 23669 184 373 184 373 0 0 14 14 0 1181 0
23669 23671 184 373 183 372 0 1 14 12 26516 32 2
23671 23672 183 372 183 373 1 0 12 11 -26516 32 1
23672 25404 183 373 183 373 0 0 11 11 0 1732 0
25404 25405 183 373 183 372 0 1 11 10 27411 32 1
25405 25406 183 372 184 372 1 0 10 9 -27411 32 1
25406 27980 184 372 184 372 0 0 9 9 0 2574 0
27980 27981 184 372 183 372 0 1 9 8 28759 32 1
27981 27982 183 372 183 373 1 0 8 7 -28759 32 1
27982 29847 183 373 183 373 0 0 7 7 0 1865 0
29847 29848 183 373 183 372 0 1 7 6 29683 32 1
29848 29849 183 372 183 372 1 1 6 6 0 1 0
29849 29851 183 372 183 374 1 0 6 4 -29683 32 2
29851 30142 183 374 183 374 0 0 4 4 0 291 0
30142 30144 183 374 183 372 0 1 4 2 29827 32 2
30144 30146 183 372 183 372 1 1 2 2 0 2 0
30146 30147 183 372 183 373 1 0 2 1 -29827 32 1
30147 43266 183 373 183 373 0 0 1 1 0 13119 0
43266 43267 183 373 183 372 0 0 1 0 1000000000 0 1
--------------------------------------
--------------------------------------
EV7
--------------------------------------
Num TPs served = 14
TPs served = 28934 29906 29960 30217 30374 30586 30697 31294 31694 32534 32555 32982 33017 48572
Total energy used = 100
--------------------------------------
Schedule:
0 28349 183 372 183 372 0 0 100 100 0 28349 0
28349 28349 183 372 183 372 0 1 100 100 28934 32 0
28349 28358 183 372 192 372 1 0 100 91 -28934 32 9
28358 30257 192 372 192 372 0 0 91 91 0 1899 0
30257 30266 192 372 183 372 0 1 91 82 48572 32 9
30266 30296 183 372 183 372 1 1 82 82 0 30 0
30296 30296 183 372 183 372 1 2 82 82 29906 32 0
30296 30297 183 372 184 372 2 1 82 81 -48572 2 1
30297 30300 184 372 187 372 1 0 81 78 -29906 32 3
30300 30396 187 372 187 372 0 0 78 78 0 96 0
30396 30400 187 372 183 372 0 1 78 74 29960 32 4
30400 30401 183 372 183 372 1 1 74 74 0 1 0
30401 30410 183 372 187 377 1 0 74 65 -29960 32 9
30410 30871 187 377 187 377 0 0 65 65 0 461 0
30871 30880 187 377 183 372 0 1 65 56 30217 32 9
30880 30881 183 372 183 372 1 1 56 56 0 1 0
30881 30882 183 372 184 372 1 0 56 55 -30217 32 1
30882 31211 184 372 184 372 0 0 55 55 0 329 0
31211 31212 184 372 183 372 0 1 55 54 30374 32 1
31212 31222 183 372 192 373 1 0 54 44 -30374 32 10
31222 31598 192 373 192 373 0 0 44 44 0 376 0
31598 31608 192 373 183 372 0 1 44 34 30586 32 10
31608 31612 183 372 187 372 1 0 34 30 -30586 32 4
31612 31852 187 372 187 372 0 0 30 30 0 240 0
31852 31856 187 372 183 372 0 1 30 26 30697 32 4
31856 31858 183 372 185 372 1 0 26 24 -30697 32 2
31858 33149 185 372 185 372 0 0 24 24 0 1291 0
33149 33151 185 372 183 372 0 1 24 22 31294 32 2
33151 33152 183 372 183 372 1 1 22 22 0 1 0
33152 33153 183 372 184 372 1 0 22 21 -31294 32 1
33153 34036 184 372 184 372 0 0 21 21 0 883 0
34036 34037 184 372 183 372 0 1 21 20 31694 32 1
34037 34039 183 372 185 372 1 0 20 18 -31694 32 2
34039 35997 185 372 185 372 0 0 18 18 0 1958 0
35997 35999 185 372 183 372 0 1 18 16 32534 32 2
35999 36000 183 372 183 372 1 1 16 16 0 1 0
36000 36002 183 372 183 374 1 0 16 14 -32534 32 2
36002 36041 183 374 183 374 0 0 14 14 0 39 0
36041 36043 183 374 183 372 0 1 14 12 32555 32 2
36043 36045 183 372 183 372 1 1 12 12 0 2 0
36045 36046 183 372 183 373 1 0 12 11 -32555 32 1
36046 37142 183 373 183 373 0 0 11 11 0 1096 0
37142 37143 183 373 183 372 0 1 11 10 32982 32 1
37143 37144 183 372 183 373 1 0 10 9 -32982 32 1
37144 37230 183 373 183 373 0 0 9 9 0 86 0
37230 37231 183 373 183 372 0 1 9 8 33017 32 1
37231 37237 183 372 183 372 1 1 8 8 0 6 0
37237 37241 183 372 183 376 1 0 8 4 -33017 32 4
37241 43263 183 376 183 376 0 0 4 4 0 6022 0
43263 43267 183 376 183 372 0 0 4 0 1000000000 0 4
--------------------------------------
--------------------------------------
EV8
--------------------------------------
Num TPs served = 23
TPs served = 32511 33208 33254 33890 34054 34168 34234 34302 34429 34450 34459 34715 35232 35902 36301 36947 37072 37127 37512 37575 37675 38198 38461
Total energy used = 100
--------------------------------------
Schedule:
0 269 183 372 183 372 0 0 100 100 0 269 0
269 269 183 372 183 372 0 1 100 100 35232 32 0
269 270 183 372 183 372 1 1 100 100 0 1 0
270 271 183 372 183 373 1 0 100 99 -35232 32 1
271 2225 183 373 183 373 0 0 99 99 0 1954 0
2225 2226 183 373 183 372 0 1 99 98 35902 32 1
2226 2227 183 372 184 372 1 0 98 97 -35902 32 1
2227 3364 184 372 184 372 0 0 97 97 0 1137 0
3364 3365 184 372 183 372 0 1 97 96 36301 32 1
3365 3366 183 372 183 372 1 1 96 96 0 1 0
3366 3369 183 372 186 372 1 0 96 93 -36301 32 3
3369 5280 186 372 186 372 0 0 93 93 0 1911 0
5280 5283 186 372 183 372 0 1 93 90 36947 32 3
5283 5285 183 372 185 372 1 0 90 88 -36947 32 2
5285 5632 185 372 185 372 0 0 88 88 0 347 0
5632 5634 185 372 183 372 0 1 88 86 37072 32 2
5634 5635 183 372 183 372 1 1 86 86 0 1 0
5635 5636 183 372 184 372 1 0 86 85 -37072 32 1
5636 5818 184 372 184 372 0 0 85 85 0 182 0
5818 5819 184 372 183 372 0 1 85 84 37127 32 1
5819 5820 183 372 184 372 1 0 84 83 -37127 32 1
5820 6960 184 372 184 372 0 0 83 83 0 1140 0
6960 6961 184 372 183 372 0 1 83 82 37512 32 1
6961 6962 183 372 183 372 1 1 82 82 0 1 0
6962 6963 183 372 184 372 1 0 82 81 -37512 32 1
6963 7114 184 372 184 372 0 0 81 81 0 151 0
7114 7115 184 372 183 372 0 1 81 80 37575 32 1
7115 7117 183 372 185 372 1 0 80 78 -37575 32 2
7117 7373 185 372 185 372 0 0 78 78 0 256 0
7373 7375 185 372 183 372 0 1 78 76 37675 32 2
7375 7376 183 372 184 372 1 0 76 75 -37675 32 1
7376 8865 184 372 184 372 0 0 75 75 0 1489 0
8865 8866 184 372 183 372 0 1 75 74 38198 32 1
8866 8867 183 372 183 372 1 1 74 74 0 1 0
8867 8869 183 372 184 373 1 0 74 72 -38198 32 2
8869 9531 184 373 184 373 0 0 72 72 0 662 0
9531 9533 184 373 183 372 0 1 72 70 38461 32 2
9533 9534 183 372 183 372 1 1 70 70 0 1 0
9534 9535 183 372 184 372 1 0 70 69 -38461 32 1
9535 35940 184 372 184 372 0 0 69 69 0 26405 0
35940 35941 184 372 183 372 0 1 69 68 32511 32 1
35941 35946 183 372 183 372 1 1 68 68 0 5 0
35946 35956 183 372 184 381 1 0 68 58 -32511 32 10
35956 37683 184 381 184 381 0 0 58 58 0 1727 0
37683 37693 184 381 183 372 0 1 58 48 33208 32 10
37693 37695 183 372 185 372 1 0 48 46 -33208 32 2
37695 37798 185 372 185 372 0 0 46 46 0 103 0
37798 37800 185 372 183 372 0 1 46 44 33254 32 2
37800 37802 183 372 185 372 1 0 44 42 -33254 32 2
37802 39484 185 372 185 372 0 0 42 42 0 1682 0
39484 39486 185 372 183 372 0 1 42 40 33890 32 2
39486 39488 183 372 185 372 1 0 40 38 -33890 32 2
39488 39921 185 372 185 372 0 0 38 38 0 433 0
39921 39923 185 372 183 372 0 1 38 36 34054 32 2
39923 39926 183 372 186 372 1 0 36 33 -34054 32 3
39926 40260 186 372 186 372 0 0 33 33 0 334 0
40260 40263 186 372 183 372 0 1 33 30 34168 32 3
40263 40264 183 372 184 372 1 0 30 29 -34168 32 1
40264 40426 184 372 184 372 0 0 29 29 0 162 0
40426 40427 184 372 183 372 0 1 29 28 34234 32 1
40427 40428 183 372 183 372 1 1 28 28 0 1 0
40428 40432 183 372 186 373 1 0 28 24 -34234 32 4
40432 40621 186 373 186 373 0 0 24 24 0 189 0
40621 40625 186 373 183 372 0 1 24 20 34302 32 4
40625 40626 183 372 184 372 1 0 20 19 -34302 32 1
40626 41025 184 372 184 372 0 0 19 19 0 399 0
41025 41026 184 372 183 372 0 1 19 18 34429 32 1
41026 41028 183 372 185 372 1 0 18 16 -34429 32 2
41028 41093 185 372 185 372 0 0 16 16 0 65 0
41093 41095 185 372 183 372 0 1 16 14 34450 32 2
41095 41096 183 372 183 372 1 1 14 14 0 1 0
41096 41097 183 372 183 373 1 0 14 13 -34450 32 1
41097 41128 183 373 183 373 0 0 13 13 0 31 0
41128 41129 183 373 183 372 0 1 13 12 34459 32 1
41129 41131 183 372 185 372 1 0 12 10 -34459 32 2
41131 41886 185 372 185 372 0 0 10 10 0 755 0
41886 41888 185 372 183 372 0 1 10 8 34715 32 2
41888 41890 183 372 183 372 1 1 8 8 0 2 0
41890 41894 183 372 185 374 1 0 8 4 -34715 32 4
41894 43263 185 374 185 374 0 0 4 4 0 1369 0
43263 43267 185 374 183 372 0 0 4 0 1000000000 0 4
--------------------------------------
--------------------------------------
EV9
--------------------------------------
Num TPs served = 21
TPs served = 37804 37936 38823 38918 39115 39193 39800 39932 40512 40735 40973 41460 41492 41776 41931 42051 42899 43027 43675 44879 45214
Total energy used = 100
--------------------------------------
Schedule:
0 7747 183 372 183 372 0 0 100 100 0 7747 0
7747 7747 183 372 183 372 0 1 100 100 37804 32 0
7747 7748 183 372 183 372 1 1 100 100 0 1 0
7748 7754 183 372 189 372 1 0 100 94 -37804 32 6
7754 8070 189 372 189 372 0 0 94 94 0 316 0
8070 8076 189 372 183 372 0 1 94 88 37936 32 6
8076 8081 183 372 188 372 1 0 88 83 -37936 32 5
8081 10473 188 372 188 372 0 0 83 83 0 2392 0
10473 10478 188 372 183 372 0 1 83 78 38823 32 5
10478 10479 183 372 183 372 1 1 78 78 0 1 0
10479 10480 183 372 184 372 1 0 78 77 -38823 32 1
10480 10684 184 372 184 372 0 0 77 77 0 204 0
10684 10685 184 372 183 372 0 1 77 76 38918 32 1
10685 10690 183 372 188 372 1 0 76 71 -38918 32 5
10690 11113 188 372 188 372 0 0 71 71 0 423 0
11113 11118 188 372 183 372 0 1 71 66 39115 32 5
11118 11120 183 372 183 372 1 1 66 66 0 2 0
11120 11121 183 372 184 372 1 0 66 65 -39115 32 1
11121 11290 184 372 184 372 0 0 65 65 0 169 0
11290 11291 184 372 183 372 0 1 65 64 39193 32 1
11291 11292 183 372 183 372 1 1 64 64 0 1 0
11292 11293 183 372 184 372 1 0 64 63 -39193 32 1
11293 12859 184 372 184 372 0 0 63 63 0 1566 0
12859 12860 184 372 183 372 0 1 63 62 39800 32 1
12860 12861 183 372 183 373 1 0 62 61 -39800 32 1
12861 13216 183 373 183 373 0 0 61 61 0 355 0
13216 13217 183 373 183 372 0 1 61 60 39932 32 1
13217 13219 183 372 184 373 1 0 60 58 -39932 32 2
13219 14736 184 373 184 373 0 0 58 58 0 1517 0
14736 14738 184 373 183 372 0 1 58 56 40512 32 2
14738 14741 183 372 185 373 1 0 56 53 -40512 32 3
14741 15286 185 373 185 373 0 0 53 53 0 545 0
15286 15289 185 373 183 372 0 1 53 50 40735 32 3
15289 15291 183 372 183 372 1 1 50 50 0 2 0
15291 15295 183 372 184 375 1 0 50 46 -40735 32 4
15295 15796 184 375 184 375 0 0 46 46 0 501 0
15796 15800 184 375 183 372 0 1 46 42 40973 32 4
15800 15802 183 372 183 374 1 0 42 40 -40973 32 2
15802 16922 183 374 183 374 0 0 40 40 0 1120 0
16922 16924 183 374 183 372 0 1 40 38 41460 32 2
16924 16925 183 372 183 373 1 0 38 37 -41460 32 1
16925 16996 183 373 183 373 0 0 37 37 0 71 0
16996 16997 183 373 183 372 0 1 37 36 41492 32 1
16997 16998 183 372 184 372 1 0 36 35 -41492 32 1
16998 17630 184 372 184 372 0 0 35 35 0 632 0
17630 17631 184 372 183 372 0 1 35 34 41776 32 1
17631 17632 183 372 184 372 1 0 34 33 -41776 32 1
17632 17959 184 372 184 372 0 0 33 33 0 327 0
17959 17960 184 372 183 372 0 1 33 32 41931 32 1
17960 17961 183 372 184 372 1 0 32 31 -41931 32 1
17961 18218 184 372 184 372 0 0 31 31 0 257 0
18218 18219 184 372 183 372 0 1 31 30 42051 32 1
18219 18220 183 372 183 373 1 0 30 29 -42051 32 1
18220 20035 183 373 183 373 0 0 29 29 0 1815 0
20035 20036 183 373 183 372 0 1 29 28 42899 32 1
20036 20041 183 372 188 372 1 0 28 23 -42899 32 5
20041 20265 188 372 188 372 0 0 23 23 0 224 0
20265 20270 188 372 183 372 0 1 23 18 43027 32 5
20270 20271 183 372 183 372 1 1 18 18 0 1 0
20271 20276 183 372 185 375 1 0 18 13 -43027 32 5
20276 21529 185 375 185 375 0 0 13 13 0 1253 0
21529 21534 185 375 183 372 0 1 13 8 43675 32 5
21534 21537 183 372 183 372 1 1 8 8 0 3 0
21537 21538 183 372 184 372 1 0 8 7 -43675 32 1
21538 23807 184 372 184 372 0 0 7 7 0 2269 0
23807 23808 184 372 183 372 0 1 7 6 44879 32 1
23808 23814 183 372 183 372 1 1 6 6 0 6 0
23814 23815 183 372 184 372 1 0 6 5 -44879 32 1
23815 24393 184 372 184 372 0 0 5 5 0 578 0
24393 24394 184 372 183 372 0 1 5 4 45214 32 1
24394 24396 183 372 185 372 1 0 4 2 -45214 32 2
24396 43265 185 372 185 372 0 0 2 2 0 18869 0
43265 43267 185 372 183 372 0 0 2 0 1000000000 0 2
--------------------------------------

-------------------------------------------------------------------------

TPs

-------------------------------------------------------------------------

----------------------
TP672 allocated to 1
----------------------

----------------------
TP713 allocated to 1
----------------------

----------------------
TP816 allocated to 1
----------------------

----------------------
TP1141 allocated to 1
----------------------

----------------------
TP1204 allocated to 1
----------------------

----------------------
TP1560 allocated to 1
----------------------

----------------------
TP1750 allocated to 1
----------------------

----------------------
TP1786 allocated to 1
----------------------

----------------------
TP2010 allocated to 1
----------------------

----------------------
TP2083 allocated to 1
----------------------

----------------------
TP2102 allocated to 1
----------------------

----------------------
TP2174 allocated to 1
----------------------

----------------------
TP2179 allocated to 1
----------------------

----------------------
TP2416 allocated to 1
----------------------

----------------------
TP2698 allocated to 1
----------------------

----------------------
TP2759 allocated to 2
----------------------

----------------------
TP2908 allocated to 1
----------------------

----------------------
TP3133 allocated to 2
----------------------

----------------------
TP3540 allocated to 1
----------------------

----------------------
TP3725 allocated to 2
----------------------

----------------------
TP3757 allocated to 2
----------------------

----------------------
TP3878 allocated to 1
----------------------

----------------------
TP3928 allocated to 2
----------------------

----------------------
TP3936 allocated to 2
----------------------

----------------------
TP4304 allocated to 2
----------------------

----------------------
TP4572 allocated to 2
----------------------

----------------------
TP4737 allocated to 2
----------------------

----------------------
TP4880 allocated to 2
----------------------

----------------------
TP5173 allocated to 2
----------------------

----------------------
TP5185 allocated to 2
----------------------

----------------------
TP5453 allocated to 2
----------------------

----------------------
TP5893 allocated to 3
----------------------

----------------------
TP6029 allocated to 2
----------------------

----------------------
TP6128 allocated to 3
----------------------

----------------------
TP7307 allocated to 3
----------------------

----------------------
TP7338 allocated to 3
----------------------

----------------------
TP7359 allocated to 3
----------------------

----------------------
TP7524 allocated to 3
----------------------

----------------------
TP7660 allocated to 3
----------------------

----------------------
TP8449 allocated to 3
----------------------

----------------------
TP8769 allocated to 3
----------------------

----------------------
TP8873 allocated to 3
----------------------

----------------------
TP8890 allocated to 3
----------------------

----------------------
TP9015 allocated to 3
----------------------

----------------------
TP9020 allocated to 3
----------------------

----------------------
TP9055 allocated to 3
----------------------

----------------------
TP9232 allocated to 1
----------------------

----------------------
TP9296 allocated to 3
----------------------

----------------------
TP10204 allocated to 3
----------------------

----------------------
TP10253 allocated to 3
----------------------

----------------------
TP10304 allocated to 1
----------------------

----------------------
TP10458 allocated to 3
----------------------

----------------------
TP10577 allocated to 3
----------------------

----------------------
TP10829 allocated to 3
----------------------

----------------------
TP11734 allocated to 3
----------------------

----------------------
TP11747 allocated to 3
----------------------

----------------------
TP11943 allocated to 3
----------------------

----------------------
TP12568 allocated to 3
----------------------

----------------------
TP13276 allocated to 4
----------------------

----------------------
TP13337 allocated to 4
----------------------

----------------------
TP13507 allocated to 4
----------------------

----------------------
TP13628 allocated to 4
----------------------

----------------------
TP13896 allocated to 1
----------------------

----------------------
TP14050 allocated to 4
----------------------

----------------------
TP14292 allocated to 4
----------------------

----------------------
TP14346 allocated to 4
----------------------

----------------------
TP15120 allocated to 4
----------------------

----------------------
TP15648 allocated to 4
----------------------

----------------------
TP16175 allocated to 4
----------------------

----------------------
TP16400 allocated to 4
----------------------

----------------------
TP16453 allocated to 4
----------------------

----------------------
TP16953 allocated to 1
----------------------

----------------------
TP17136 allocated to 4
----------------------

----------------------
TP17195 allocated to 4
----------------------

----------------------
TP17442 allocated to 5
----------------------

----------------------
TP17540 allocated to 5
----------------------

----------------------
TP17603 allocated to 1
----------------------

----------------------
TP18172 allocated to 1
----------------------

----------------------
TP18189 allocated to 5
----------------------

----------------------
TP18339 allocated to 5
----------------------

----------------------
TP18392 allocated to 1
----------------------

----------------------
TP18506 allocated to 5
----------------------

----------------------
TP18982 allocated to 2
----------------------

----------------------
TP19028 allocated to 5
----------------------

----------------------
TP19152 allocated to 5
----------------------

----------------------
TP19248 allocated to 5
----------------------

----------------------
TP19720 allocated to 5
----------------------

----------------------
TP20544 allocated to 5
----------------------

----------------------
TP20602 allocated to 5
----------------------

----------------------
TP21151 allocated to 6
----------------------

----------------------
TP21247 allocated to 6
----------------------

----------------------
TP21258 allocated to 6
----------------------

----------------------
TP21307 allocated to 6
----------------------

----------------------
TP21319 allocated to 6
----------------------

----------------------
TP21322 allocated to 6
----------------------

----------------------
TP21529 allocated to 6
----------------------

----------------------
TP21566 allocated to 5
----------------------

----------------------
TP22310 allocated to 6
----------------------

----------------------
TP22626 allocated to 6
----------------------

----------------------
TP22810 allocated to 6
----------------------

----------------------
TP22811 allocated to 6
----------------------

----------------------
TP22831 allocated to 6
----------------------

----------------------
TP22841 allocated to 6
----------------------

----------------------
TP23055 allocated to 6
----------------------

----------------------
TP23720 allocated to 6
----------------------

----------------------
TP23748 allocated to 6
----------------------

----------------------
TP23928 allocated to 6
----------------------

----------------------
TP24041 allocated to 1
----------------------

----------------------
TP24459 allocated to 6
----------------------

----------------------
TP24694 allocated to 6
----------------------

----------------------
TP24702 allocated to 6
----------------------

----------------------
TP25454 allocated to 6
----------------------

----------------------
TP25837 allocated to 6
----------------------

----------------------
TP25918 allocated to 6
----------------------

----------------------
TP26516 allocated to 6
----------------------

----------------------
TP27411 allocated to 6
----------------------

----------------------
TP28759 allocated to 6
----------------------

----------------------
TP28934 allocated to 7
----------------------

----------------------
TP29683 allocated to 6
----------------------

----------------------
TP29827 allocated to 6
----------------------

----------------------
TP29906 allocated to 7
----------------------

----------------------
TP29960 allocated to 7
----------------------

----------------------
TP30217 allocated to 7
----------------------

----------------------
TP30374 allocated to 7
----------------------

----------------------
TP30586 allocated to 7
----------------------

----------------------
TP30697 allocated to 7
----------------------

----------------------
TP30949 allocated to 1
----------------------

----------------------
TP31294 allocated to 7
----------------------

----------------------
TP31694 allocated to 7
----------------------

----------------------
TP32511 allocated to 8
----------------------

----------------------
TP32534 allocated to 7
----------------------

----------------------
TP32555 allocated to 7
----------------------

----------------------
TP32982 allocated to 7
----------------------

----------------------
TP33017 allocated to 7
----------------------

----------------------
TP33208 allocated to 8
----------------------

----------------------
TP33254 allocated to 8
----------------------

----------------------
TP33890 allocated to 8
----------------------

----------------------
TP34054 allocated to 8
----------------------

----------------------
TP34168 allocated to 8
----------------------

----------------------
TP34234 allocated to 8
----------------------

----------------------
TP34302 allocated to 8
----------------------

----------------------
TP34429 allocated to 8
----------------------

----------------------
TP34450 allocated to 8
----------------------

----------------------
TP34459 allocated to 8
----------------------

----------------------
TP34715 allocated to 8
----------------------

----------------------
TP35232 allocated to 8
----------------------

----------------------
TP35516 allocated to 1
----------------------

----------------------
TP35902 allocated to 8
----------------------

----------------------
TP36301 allocated to 8
----------------------

----------------------
TP36905 allocated to 1
----------------------

----------------------
TP36947 allocated to 8
----------------------

----------------------
TP37072 allocated to 8
----------------------

----------------------
TP37127 allocated to 8
----------------------

----------------------
TP37334 allocated to 1
----------------------

----------------------
TP37512 allocated to 8
----------------------

----------------------
TP37575 allocated to 8
----------------------

----------------------
TP37612 allocated to 5
----------------------

----------------------
TP37675 allocated to 8
----------------------

----------------------
TP37804 allocated to 9
----------------------

----------------------
TP37936 allocated to 9
----------------------

----------------------
TP38198 allocated to 8
----------------------

----------------------
TP38461 allocated to 8
----------------------

----------------------
TP38823 allocated to 9
----------------------

----------------------
TP38918 allocated to 9
----------------------

----------------------
TP39115 allocated to 9
----------------------

----------------------
TP39193 allocated to 9
----------------------

----------------------
TP39291 allocated to 1
----------------------

----------------------
TP39414 allocated to 1
----------------------

----------------------
TP39800 allocated to 9
----------------------

----------------------
TP39932 allocated to 9
----------------------

----------------------
TP40512 allocated to 9
----------------------

----------------------
TP40735 allocated to 9
----------------------

----------------------
TP40973 allocated to 9
----------------------

----------------------
TP41460 allocated to 9
----------------------

----------------------
TP41492 allocated to 9
----------------------

----------------------
TP41776 allocated to 9
----------------------

----------------------
TP41840 allocated to 1
----------------------

----------------------
TP41931 allocated to 9
----------------------

----------------------
TP42051 allocated to 9
----------------------

----------------------
TP42899 allocated to 9
----------------------

----------------------
TP43027 allocated to 9
----------------------

----------------------
TP43491 not allocated
----------------------

----------------------
TP43580 not allocated
----------------------

----------------------
TP43675 allocated to 9
----------------------

----------------------
TP44056 not allocated
----------------------

----------------------
TP44116 allocated to 1
----------------------

----------------------
TP44879 allocated to 9
----------------------

----------------------
TP45214 allocated to 9
----------------------

----------------------
TP45543 allocated to 1
----------------------

----------------------
TP45562 not allocated
----------------------

----------------------
TP45563 not allocated
----------------------

----------------------
TP45813 not allocated
----------------------

----------------------
TP45920 not allocated
----------------------

----------------------
TP46042 not allocated
----------------------

----------------------
TP46080 not allocated
----------------------

----------------------
TP46150 not allocated
----------------------

----------------------
TP46154 not allocated
----------------------

----------------------
TP46191 not allocated
----------------------

----------------------
TP46577 not allocated
----------------------

----------------------
TP46782 not allocated
----------------------

----------------------
TP47397 not allocated
----------------------

----------------------
TP47680 not allocated
----------------------

----------------------
TP47705 allocated to 3
----------------------

----------------------
TP47728 not allocated
----------------------

----------------------
TP47859 not allocated
----------------------

----------------------
TP48174 not allocated
----------------------

----------------------
TP48572 allocated to 7
----------------------

----------------------
TP48740 not allocated
----------------------

----------------------
TP49134 not allocated
----------------------

----------------------
TP49580 not allocated
----------------------

----------------------
TP49663 allocated to 1
----------------------

----------------------
TP49712 not allocated
----------------------

----------------------
TP49946 not allocated
----------------------

-------------------------------------------------------------------------

Ride-sharing vs Individual Mode - Num Vehicles and Distance Comparisson 

-------------------------------------------------------------------------
Individual Mode = 213 vehicles.
Ride-sharing Mode = 33 vehicles. The 9 ride-sharing vehicles + 24 vehicles of the individuals not served by the ride-sharing service.
-------------------------------------------------------------------------
Individual Mode = 561 distance.
Ride-sharing Mode = 989 distance. 900 from the EV fleet + 89 from the distance of the trips not covered individuals had to do with their own vehicle.
-------------------------------------------------------------------------
