-------------------------------------------------------------------------
TPs satisfied = 83; Total TPs = 223; Percentage Satisfied + 37.2%
-------------------------------------------------------------------------

-------------------------------------------------------------------------

EVs

-------------------------------------------------------------------------
--------------------------------------
EV1
--------------------------------------
Num TPs served = 48
TPs served = 100 153 1021 1574 1937 2110 2396 2664 2873 3387 3861 3867 4506 4560 4968 5627 6254 6691 10840 10947 15212 15936 17476 19136 19462 23731 24076 24870 25795 26166 26819 27284 27430 27457 28021 28611 29161 30006 30035 32695 35830 38089 39680 40170 40817 46446 46579 47523
Total energy used = 100
--------------------------------------
Schedule:
0 172 122 558 122 558 0 0 100 100 0 172 0
172 172 122 558 122 558 0 1 100 100 17476 32 0
172 199 122 558 122 558 1 1 100 100 0 27 0
199 199 122 558 122 558 1 2 100 100 100 32 0
199 203 122 558 126 558 2 1 100 96 -17476 6 4
203 204 126 558 127 558 1 0 96 95 -100 32 1
204 288 127 558 127 558 0 0 95 95 0 84 0
288 293 127 558 122 558 0 1 95 90 153 32 5
293 294 122 558 122 558 1 1 90 90 0 1 0
294 305 122 558 131 560 1 0 90 79 -153 32 11
305 1792 131 560 131 560 0 0 79 79 0 1487 0
1792 1803 131 560 122 558 0 1 79 68 1021 32 11
1803 1804 122 558 122 558 1 1 68 68 0 1 0
1804 1807 122 558 124 559 1 0 68 65 -1021 32 3
1807 1968 124 559 124 559 0 0 65 65 0 161 0
1968 1971 124 559 122 558 0 1 65 62 35830 32 3
1971 1982 122 558 122 558 1 1 62 62 0 11 0
1982 1982 122 558 122 558 1 0 62 62 -35830 32 0
1982 2736 122 558 122 558 0 0 62 62 0 754 0
2736 2736 122 558 122 558 0 1 62 62 1574 32 0
2736 2741 122 558 122 558 1 1 62 62 0 5 0
2741 2743 122 558 123 559 1 0 62 60 -1574 32 2
2743 3405 123 559 123 559 0 0 60 60 0 662 0
3405 3407 123 559 122 558 0 1 60 58 1937 32 2
3407 3408 122 558 122 558 1 1 58 58 0 1 0
3408 3412 122 558 123 561 1 0 58 54 -1937 32 4
3412 3711 123 561 123 561 0 0 54 54 0 299 0
3711 3715 123 561 122 558 0 1 54 50 2110 32 4
3715 3716 122 558 122 558 1 1 50 50 0 1 0
3716 3716 122 558 122 558 1 0 50 50 -2110 32 0
3716 4254 122 558 122 558 0 0 50 50 0 538 0
4254 4254 122 558 122 558 0 1 50 50 2396 32 0
4254 4255 122 558 123 558 1 0 50 49 -2396 32 1
4255 4748 123 558 123 558 0 0 49 49 0 493 0
4748 4749 123 558 122 558 0 1 49 48 2664 32 1
4749 4751 122 558 122 558 1 1 48 48 0 2 0
4751 4753 122 558 123 559 1 0 48 46 -2664 32 2
4753 5118 123 559 123 559 0 0 46 46 0 365 0
5118 5120 123 559 122 558 0 1 46 44 2873 32 2
5120 5121 122 558 123 558 1 0 44 43 -2873 32 1
5121 5437 123 558 123 558 0 0 43 43 0 316 0
5437 5438 123 558 122 558 0 1 43 42 19136 32 1
5438 5440 122 558 122 558 1 1 42 42 0 2 0
5440 5440 122 558 122 558 1 0 42 42 -19136 32 0
5440 6027 122 558 122 558 0 0 42 42 0 587 0
6027 6027 122 558 122 558 0 1 42 42 3387 32 0
6027 6031 122 558 122 558 1 1 42 42 0 4 0
6031 6033 122 558 123 559 1 0 42 40 -3387 32 2
6033 6435 123 559 123 559 0 0 40 40 0 402 0
6435 6437 123 559 122 558 0 1 40 38 19462 32 2
6437 6439 122 558 122 558 1 1 38 38 0 2 0
6439 6439 122 558 122 558 1 0 38 38 -19462 32 0
6439 6932 122 558 122 558 0 0 38 38 0 493 0
6932 6932 122 558 122 558 0 1 38 38 3867 32 0
6932 6932 122 558 122 558 1 2 38 38 3861 18 0
6932 6934 122 558 124 558 2 1 38 36 -3867 32 2
6934 6944 124 558 133 559 1 0 36 26 -3861 18 10
6944 8123 133 559 133 559 0 0 26 26 0 1179 0
8123 8135 133 559 122 558 0 1 26 14 4506 32 12
8135 8136 122 558 122 559 1 0 14 13 -4506 32 1
8136 8238 122 559 122 559 0 0 13 13 0 102 0
8238 8239 122 559 122 558 0 1 13 12 4560 32 1
8239 8240 122 558 122 558 1 1 12 12 0 1 0
8240 8245 122 558 122 563 1 0 12 7 -4560 32 5
8245 8527 122 563 122 563 0 0 7 7 0 282 0
8527 8532 122 563 122 558 0 1 7 2 38089 32 5
8532 8534 122 558 122 558 1 1 2 2 0 2 0
8534 8534 122 558 122 558 1 0 2 2 -38089 32 0
8534 9012 122 558 122 558 0 0 2 2 0 478 0
9012 9012 122 558 122 558 0 1 2 2 4968 32 0
9012 9013 122 558 122 558 1 1 2 2 0 1 0
9013 9014 122 558 123 558 1 0 2 1 -4968 32 1
9014 10272 123 558 123 558 0 0 1 1 0 1258 0
10272 10273 123 558 122 558 0 1 1 0 5627 32 1
10273 10274 122 558 122 558 1 1 0 0 0 1 0
10274 10274 122 558 122 558 1 0 0 0 -5627 32 0
10274 11474 122 558 122 558 0 0 0 0 0 1200 0
11474 11474 122 558 122 558 0 1 0 0 6254 32 0
11474 11476 122 558 122 558 1 1 0 0 0 2 0
11476 11476 122 558 122 558 1 0 0 0 -6254 32 0
11476 12352 122 558 122 558 0 0 0 0 0 876 0
12352 12352 122 558 122 558 0 1 0 0 6691 32 0
12352 12357 122 558 122 558 1 1 0 0 0 5 0
12357 12357 122 558 122 558 1 0 0 0 -6691 32 0
12357 12563 122 558 122 558 0 0 0 0 0 206 0
12563 12563 122 558 122 558 0 1 0 0 39680 32 0
12563 12565 122 558 122 558 1 1 0 0 0 2 0
12565 12565 122 558 122 558 1 0 0 0 -39680 32 0
12565 13913 122 558 122 558 0 0 0 0 0 1348 0
13913 13913 122 558 122 558 0 1 0 0 40170 32 0
13913 13914 122 558 122 558 1 1 0 0 0 1 0
13914 13914 122 558 122 558 1 0 0 0 -40170 32 0
13914 15478 122 558 122 558 0 0 0 0 0 1564 0
15478 15478 122 558 122 558 0 1 0 0 40817 32 0
15478 15479 122 558 122 558 1 1 0 0 0 1 0
15479 15479 122 558 122 558 1 0 0 0 -40817 32 0
15479 17704 122 558 122 558 0 0 0 0 0 2225 0
17704 17704 122 558 122 558 0 1 0 0 23731 32 0
17704 17706 122 558 122 558 1 1 0 0 0 2 0
17706 17706 122 558 122 558 1 0 0 0 -23731 32 0
17706 18446 122 558 122 558 0 0 0 0 0 740 0
18446 18446 122 558 122 558 0 1 0 0 24076 32 0
18446 18449 122 558 122 558 1 1 0 0 0 3 0
18449 18449 122 558 122 558 1 0 0 0 -24076 32 0
18449 20191 122 558 122 558 0 0 0 0 0 1742 0
20191 20191 122 558 122 558 0 1 0 0 24870 32 0
20191 20192 122 558 122 558 1 1 0 0 0 1 0
20192 20192 122 558 122 558 1 0 0 0 -24870 32 0
20192 22234 122 558 122 558 0 0 0 0 0 2042 0
22234 22234 122 558 122 558 0 1 0 0 25795 32 0
22234 22237 122 558 122 558 1 1 0 0 0 3 0
22237 22237 122 558 122 558 1 0 0 0 -25795 32 0
22237 22866 122 558 122 558 0 0 0 0 0 629 0
22866 22866 122 558 122 558 0 1 0 0 10840 32 0
22866 22867 122 558 122 558 1 1 0 0 0 1 0
22867 22867 122 558 122 558 1 0 0 0 -10840 32 0
22867 22979 122 558 122 558 0 0 0 0 0 112 0
22979 22979 122 558 122 558 0 1 0 0 26166 32 0
22979 22981 122 558 122 558 1 1 0 0 0 2 0
22981 22981 122 558 122 558 1 0 0 0 -26166 32 0
22981 23219 122 558 122 558 0 0 0 0 0 238 0
23219 23219 122 558 122 558 0 1 0 0 10947 32 0
23219 23220 122 558 122 558 1 1 0 0 0 1 0
23220 23220 122 558 122 558 1 0 0 0 -10947 32 0
23220 24287 122 558 122 558 0 0 0 0 0 1067 0
24287 24287 122 558 122 558 0 1 0 0 26819 32 0
24287 24288 122 558 122 558 1 1 0 0 0 1 0
24288 24288 122 558 122 558 1 0 0 0 -26819 32 0
24288 25167 122 558 122 558 0 0 0 0 0 879 0
25167 25167 122 558 122 558 0 1 0 0 27284 32 0
25167 25168 122 558 122 558 1 1 0 0 0 1 0
25168 25168 122 558 122 558 1 0 0 0 -27284 32 0
25168 25447 122 558 122 558 0 0 0 0 0 279 0
25447 25447 122 558 122 558 0 1 0 0 27430 32 0
25447 25448 122 558 122 558 1 1 0 0 0 1 0
25448 25448 122 558 122 558 1 0 0 0 -27430 32 0
25448 25490 122 558 122 558 0 0 0 0 0 42 0
25490 25490 122 558 122 558 0 1 0 0 27457 32 0
25490 25491 122 558 122 558 1 1 0 0 0 1 0
25491 25491 122 558 122 558 1 0 0 0 -27457 32 0
25491 26583 122 558 122 558 0 0 0 0 0 1092 0
26583 26583 122 558 122 558 0 1 0 0 46446 32 0
26583 26583 122 558 122 558 1 2 0 0 28021 6 0
26583 26583 122 558 122 558 2 1 0 0 -28021 7 0
26583 26585 122 558 122 558 1 1 0 0 0 2 0
26585 26585 122 558 122 558 1 0 0 0 -46446 32 0
26585 26846 122 558 122 558 0 0 0 0 0 261 0
26846 26846 122 558 122 558 0 1 0 0 46579 32 0
26846 26848 122 558 122 558 1 1 0 0 0 2 0
26848 26848 122 558 122 558 1 0 0 0 -46579 32 0
26848 27688 122 558 122 558 0 0 0 0 0 840 0
27688 27688 122 558 122 558 0 1 0 0 28611 32 0
27688 27689 122 558 122 558 1 1 0 0 0 1 0
27689 27689 122 558 122 558 1 0 0 0 -28611 32 0
27689 28398 122 558 122 558 0 0 0 0 0 709 0
28398 28398 122 558 122 558 0 1 0 0 47523 32 0
28398 28399 122 558 122 558 1 1 0 0 0 1 0
28399 28399 122 558 122 558 1 0 0 0 -47523 32 0
28399 28806 122 558 122 558 0 0 0 0 0 407 0
28806 28806 122 558 122 558 0 1 0 0 29161 32 0
28806 28807 122 558 122 558 1 1 0 0 0 1 0
28807 28807 122 558 122 558 1 0 0 0 -29161 32 0
28807 30485 122 558 122 558 0 0 0 0 0 1678 0
30485 30485 122 558 122 558 0 1 0 0 30006 32 0
30485 30486 122 558 122 558 1 1 0 0 0 1 0
30486 30486 122 558 122 558 1 0 0 0 -30006 32 0
30486 30542 122 558 122 558 0 0 0 0 0 56 0
30542 30542 122 558 122 558 0 1 0 0 30035 32 0
30542 30544 122 558 122 558 1 1 0 0 0 2 0
30544 30544 122 558 122 558 1 0 0 0 -30035 32 0
30544 36368 122 558 122 558 0 0 0 0 0 5824 0
36368 36368 122 558 122 558 0 1 0 0 32695 32 0
36368 36374 122 558 122 558 1 1 0 0 0 6 0
36374 36374 122 558 122 558 1 0 0 0 -32695 32 0
36374 38651 122 558 122 558 0 0 0 0 0 2277 0
38651 38651 122 558 122 558 0 1 0 0 15212 32 0
38651 38654 122 558 122 558 1 1 0 0 0 3 0
38654 38654 122 558 122 558 1 0 0 0 -15212 32 0
38654 40621 122 558 122 558 0 0 0 0 0 1967 0
40621 40621 122 558 122 558 0 1 0 0 15936 32 0
40621 40623 122 558 122 558 1 1 0 0 0 2 0
40623 40623 122 558 122 558 1 0 0 0 -15936 32 0
40623 43267 122 558 122 558 0 0 0 0 0 2644 0
43267 43267 122 558 122 558 0 0 0 0 1000000000 0 0
--------------------------------------
--------------------------------------
EV2
--------------------------------------
Num TPs served = 18
TPs served = 5034 5082 5119 5314 5413 5491 5584 5923 6137 6189 6218 6583 6869 6934 7107 7140 7761 7768
Total energy used = 100
--------------------------------------
Schedule:
0 9127 122 558 122 558 0 0 100 100 0 9127 0
9127 9127 122 558 122 558 0 1 100 100 5034 32 0
9127 9128 122 558 122 558 1 1 100 100 0 1 0
9128 9134 122 558 124 562 1 0 100 94 -5034 32 6
9134 9210 124 562 124 562 0 0 94 94 0 76 0
9210 9216 124 562 122 558 0 1 94 88 5082 32 6
9216 9217 122 558 123 558 1 0 88 87 -5082 32 1
9217 9293 123 558 123 558 0 0 87 87 0 76 0
9293 9294 123 558 122 558 0 1 87 86 5119 32 1
9294 9296 122 558 124 558 1 0 86 84 -5119 32 2
9296 9672 124 558 124 558 0 0 84 84 0 376 0
9672 9674 124 558 122 558 0 1 84 82 5314 32 2
9674 9676 122 558 122 560 1 0 82 80 -5314 32 2
9676 9839 122 560 122 560 0 0 80 80 0 163 0
9839 9841 122 560 122 558 0 1 80 78 5413 32 2
9841 9842 122 558 123 558 1 0 78 77 -5413 32 1
9842 9979 123 558 123 558 0 0 77 77 0 137 0
9979 9980 123 558 122 558 0 1 77 76 5491 32 1
9980 9989 122 558 130 559 1 0 76 67 -5491 32 9
9989 10168 130 559 130 559 0 0 67 67 0 179 0
10168 10177 130 559 122 558 0 1 67 58 5584 32 9
10177 10179 122 558 124 558 1 0 58 56 -5584 32 2
10179 10840 124 558 124 558 0 0 56 56 0 661 0
10840 10842 124 558 122 558 0 1 56 54 5923 32 2
10842 10849 122 558 122 558 1 1 54 54 0 7 0
10849 10850 122 558 123 558 1 0 54 53 -5923 32 1
10850 11241 123 558 123 558 0 0 53 53 0 391 0
11241 11242 123 558 122 558 0 1 53 52 6137 32 1
11242 11244 122 558 123 559 1 0 52 50 -6137 32 2
11244 11349 123 559 123 559 0 0 50 50 0 105 0
11349 11351 123 559 122 558 0 1 50 48 6189 32 2
11351 11352 122 558 122 558 1 1 48 48 0 1 0
11352 11354 122 558 124 558 1 0 48 46 -6189 32 2
11354 11404 124 558 124 558 0 0 46 46 0 50 0
11404 11406 124 558 122 558 0 1 46 44 6218 32 2
11406 11409 122 558 125 558 1 0 44 41 -6218 32 3
11409 12120 125 558 125 558 0 0 41 41 0 711 0
12120 12123 125 558 122 558 0 1 41 38 6583 32 3
12123 12125 122 558 124 558 1 0 38 36 -6583 32 2
12125 12706 124 558 124 558 0 0 36 36 0 581 0
12706 12708 124 558 122 558 0 1 36 34 6869 32 2
12708 12709 122 558 122 559 1 0 34 33 -6869 32 1
12709 12875 122 559 122 559 0 0 33 33 0 166 0
12875 12876 122 559 122 558 0 1 33 32 6934 32 1
12876 12878 122 558 122 558 1 1 32 32 0 2 0
12878 12888 122 558 130 560 1 0 32 22 -6934 32 10
12888 13241 130 560 130 560 0 0 22 22 0 353 0
13241 13251 130 560 122 558 0 1 22 12 7107 32 10
13251 13252 122 558 123 558 1 0 12 11 -7107 32 1
13252 13316 123 558 123 558 0 0 11 11 0 64 0
13316 13317 123 558 122 558 0 1 11 10 7140 32 1
13317 13320 122 558 125 558 1 0 10 7 -7140 32 3
13320 14701 125 558 125 558 0 0 7 7 0 1381 0
14701 14704 125 558 122 558 0 1 7 4 7768 32 3
14704 14704 122 558 122 558 1 2 4 4 7761 13 0
14704 14706 122 558 124 558 2 1 4 2 -7768 32 2
14706 14707 124 558 123 558 1 0 2 1 -7761 12 1
14707 43266 123 558 123 558 0 0 1 1 0 28559 0
43266 43267 123 558 122 558 0 0 1 0 1000000000 0 1
--------------------------------------
--------------------------------------
EV3
--------------------------------------
Num TPs served = 17
TPs served = 7348 8349 8381 8572 8691 8739 9028 9169 9557 9667 10317 10492 10573 10794 10920 11252 41089
Total energy used = 100
--------------------------------------
Schedule:
0 13761 122 558 122 558 0 0 100 100 0 13761 0
13761 13761 122 558 122 558 0 1 100 100 7348 32 0
13761 13768 122 558 123 564 1 0 100 93 -7348 32 7
13768 16059 123 564 123 564 0 0 93 93 0 2291 0
16059 16066 123 564 122 558 0 1 93 86 41089 32 7
16066 16066 122 558 122 558 1 2 86 86 8349 14 0
16066 16069 122 558 124 559 2 1 86 83 -41089 32 3
16069 16076 124 559 131 559 1 0 83 76 -8349 14 7
16076 16095 131 559 131 559 0 0 76 76 0 19 0
16095 16105 131 559 122 558 0 1 76 66 8381 32 10
16105 16106 122 558 122 558 1 1 66 66 0 1 0
16106 16109 122 558 124 559 1 0 66 63 -8381 32 3
16109 16535 124 559 124 559 0 0 63 63 0 426 0
16535 16538 124 559 122 558 0 1 63 60 8572 32 3
16538 16539 122 558 123 558 1 0 60 59 -8572 32 1
16539 16856 123 558 123 558 0 0 59 59 0 317 0
16856 16857 123 558 122 558 0 1 59 58 8691 32 1
16857 16858 122 558 122 559 1 0 58 57 -8691 32 1
16858 16993 122 559 122 559 0 0 57 57 0 135 0
16993 16994 122 559 122 558 0 1 57 56 8739 32 1
16994 16997 122 558 122 558 1 1 56 56 0 3 0
16997 17001 122 558 124 560 1 0 56 52 -8739 32 4
17001 17702 124 560 124 560 0 0 52 52 0 701 0
17702 17706 124 560 122 558 0 1 52 48 9028 32 4
17706 17707 122 558 123 558 1 0 48 47 -9028 32 1
17707 18073 123 558 123 558 0 0 47 47 0 366 0
18073 18074 123 558 122 558 0 1 47 46 9169 32 1
18074 18077 122 558 125 558 1 0 46 43 -9169 32 3
18077 19174 125 558 125 558 0 0 43 43 0 1097 0
19174 19177 125 558 122 558 0 1 43 40 9557 32 3
19177 19179 122 558 124 558 1 0 40 38 -9557 32 2
19179 19456 124 558 124 558 0 0 38 38 0 277 0
19456 19458 124 558 122 558 0 1 38 36 9667 32 2
19458 19460 122 558 124 558 1 0 36 34 -9667 32 2
19460 21325 124 558 124 558 0 0 34 34 0 1865 0
21325 21327 124 558 122 558 0 1 34 32 10317 32 2
21327 21334 122 558 129 558 1 0 32 25 -10317 32 7
21334 21803 129 558 129 558 0 0 25 25 0 469 0
21803 21810 129 558 122 558 0 1 25 18 10492 32 7
21810 21811 122 558 123 558 1 0 18 17 -10492 32 1
21811 22021 123 558 123 558 0 0 17 17 0 210 0
22021 22022 123 558 122 558 0 1 17 16 10573 32 1
22022 22023 122 558 122 558 1 1 16 16 0 1 0
22023 22024 122 558 123 558 1 0 16 15 -10573 32 1
22024 22717 123 558 123 558 0 0 15 15 0 693 0
22717 22718 123 558 122 558 0 1 15 14 10794 32 1
22718 22722 122 558 126 558 1 0 14 10 -10794 32 4
22722 23122 126 558 126 558 0 0 10 10 0 400 0
23122 23126 126 558 122 558 0 1 10 6 10920 32 4
23126 23128 122 558 122 560 1 0 6 4 -10920 32 2
23128 24109 122 560 122 560 0 0 4 4 0 981 0
24109 24111 122 560 122 558 0 1 4 2 11252 32 2
24111 24112 122 558 122 559 1 0 2 1 -11252 32 1
24112 43266 122 559 122 559 0 0 1 1 0 19154 0
43266 43267 122 559 122 558 0 0 1 0 1000000000 0 1
--------------------------------------

-------------------------------------------------------------------------

TPs

-------------------------------------------------------------------------

----------------------
TP100 allocated to 1
----------------------

----------------------
TP153 allocated to 1
----------------------

----------------------
TP1021 allocated to 1
----------------------

----------------------
TP1574 allocated to 1
----------------------

----------------------
TP1937 allocated to 1
----------------------

----------------------
TP2110 allocated to 1
----------------------

----------------------
TP2396 allocated to 1
----------------------

----------------------
TP2664 allocated to 1
----------------------

----------------------
TP2873 allocated to 1
----------------------

----------------------
TP3387 allocated to 1
----------------------

----------------------
TP3861 allocated to 1
----------------------

----------------------
TP3867 allocated to 1
----------------------

----------------------
TP4506 allocated to 1
----------------------

----------------------
TP4560 allocated to 1
----------------------

----------------------
TP4968 allocated to 1
----------------------

----------------------
TP5034 allocated to 2
----------------------

----------------------
TP5082 allocated to 2
----------------------

----------------------
TP5119 allocated to 2
----------------------

----------------------
TP5314 allocated to 2
----------------------

----------------------
TP5413 allocated to 2
----------------------

----------------------
TP5491 allocated to 2
----------------------

----------------------
TP5584 allocated to 2
----------------------

----------------------
TP5627 allocated to 1
----------------------

----------------------
TP5923 allocated to 2
----------------------

----------------------
TP6137 allocated to 2
----------------------

----------------------
TP6189 allocated to 2
----------------------

----------------------
TP6218 allocated to 2
----------------------

----------------------
TP6254 allocated to 1
----------------------

----------------------
TP6583 allocated to 2
----------------------

----------------------
TP6691 allocated to 1
----------------------

----------------------
TP6869 allocated to 2
----------------------

----------------------
TP6934 allocated to 2
----------------------

----------------------
TP7107 allocated to 2
----------------------

----------------------
TP7140 allocated to 2
----------------------

----------------------
TP7348 allocated to 3
----------------------

----------------------
TP7761 allocated to 2
----------------------

----------------------
TP7768 allocated to 2
----------------------

----------------------
TP8349 allocated to 3
----------------------

----------------------
TP8381 allocated to 3
----------------------

----------------------
TP8572 allocated to 3
----------------------

----------------------
TP8691 allocated to 3
----------------------

----------------------
TP8739 allocated to 3
----------------------

----------------------
TP9028 allocated to 3
----------------------

----------------------
TP9169 allocated to 3
----------------------

----------------------
TP9557 allocated to 3
----------------------

----------------------
TP9667 allocated to 3
----------------------

----------------------
TP10317 allocated to 3
----------------------

----------------------
TP10492 allocated to 3
----------------------

----------------------
TP10573 allocated to 3
----------------------

----------------------
TP10794 allocated to 3
----------------------

----------------------
TP10840 allocated to 1
----------------------

----------------------
TP10920 allocated to 3
----------------------

----------------------
TP10947 allocated to 1
----------------------

----------------------
TP11252 allocated to 3
----------------------

----------------------
TP11605 not allocated
----------------------

----------------------
TP11868 not allocated
----------------------

----------------------
TP12005 not allocated
----------------------

----------------------
TP12280 not allocated
----------------------

----------------------
TP12467 not allocated
----------------------

----------------------
TP12522 not allocated
----------------------

----------------------
TP13210 not allocated
----------------------

----------------------
TP13445 not allocated
----------------------

----------------------
TP14209 not allocated
----------------------

----------------------
TP14579 not allocated
----------------------

----------------------
TP15136 not allocated
----------------------

----------------------
TP15212 allocated to 1
----------------------

----------------------
TP15327 not allocated
----------------------

----------------------
TP15436 not allocated
----------------------

----------------------
TP15605 not allocated
----------------------

----------------------
TP15780 not allocated
----------------------

----------------------
TP15936 allocated to 1
----------------------

----------------------
TP16365 not allocated
----------------------

----------------------
TP16587 not allocated
----------------------

----------------------
TP16990 not allocated
----------------------

----------------------
TP17239 not allocated
----------------------

----------------------
TP17438 not allocated
----------------------

----------------------
TP17463 not allocated
----------------------

----------------------
TP17476 allocated to 1
----------------------

----------------------
TP17547 not allocated
----------------------

----------------------
TP18149 not allocated
----------------------

----------------------
TP18215 not allocated
----------------------

----------------------
TP18462 not allocated
----------------------

----------------------
TP18493 not allocated
----------------------

----------------------
TP19136 allocated to 1
----------------------

----------------------
TP19431 not allocated
----------------------

----------------------
TP19462 allocated to 1
----------------------

----------------------
TP19768 not allocated
----------------------

----------------------
TP20127 not allocated
----------------------

----------------------
TP20305 not allocated
----------------------

----------------------
TP20438 not allocated
----------------------

----------------------
TP20554 not allocated
----------------------

----------------------
TP21439 not allocated
----------------------

----------------------
TP21614 not allocated
----------------------

----------------------
TP21693 not allocated
----------------------

----------------------
TP22439 not allocated
----------------------

----------------------
TP22618 not allocated
----------------------

----------------------
TP23696 not allocated
----------------------

----------------------
TP23697 not allocated
----------------------

----------------------
TP23731 allocated to 1
----------------------

----------------------
TP23845 not allocated
----------------------

----------------------
TP24076 allocated to 1
----------------------

----------------------
TP24391 not allocated
----------------------

----------------------
TP24511 not allocated
----------------------

----------------------
TP24870 allocated to 1
----------------------

----------------------
TP24997 not allocated
----------------------

----------------------
TP25795 allocated to 1
----------------------

----------------------
TP25999 not allocated
----------------------

----------------------
TP26166 allocated to 1
----------------------

----------------------
TP26202 not allocated
----------------------

----------------------
TP26522 not allocated
----------------------

----------------------
TP26819 allocated to 1
----------------------

----------------------
TP27284 allocated to 1
----------------------

----------------------
TP27430 allocated to 1
----------------------

----------------------
TP27457 allocated to 1
----------------------

----------------------
TP27464 not allocated
----------------------

----------------------
TP27523 not allocated
----------------------

----------------------
TP27677 not allocated
----------------------

----------------------
TP28021 allocated to 1
----------------------

----------------------
TP28611 allocated to 1
----------------------

----------------------
TP28671 not allocated
----------------------

----------------------
TP28694 not allocated
----------------------

----------------------
TP28830 not allocated
----------------------

----------------------
TP28837 not allocated
----------------------

----------------------
TP28933 not allocated
----------------------

----------------------
TP29017 not allocated
----------------------

----------------------
TP29042 not allocated
----------------------

----------------------
TP29161 allocated to 1
----------------------

----------------------
TP29164 not allocated
----------------------

----------------------
TP29478 not allocated
----------------------

----------------------
TP30006 allocated to 1
----------------------

----------------------
TP30035 allocated to 1
----------------------

----------------------
TP30036 not allocated
----------------------

----------------------
TP30407 not allocated
----------------------

----------------------
TP31125 not allocated
----------------------

----------------------
TP31177 not allocated
----------------------

----------------------
TP31324 not allocated
----------------------

----------------------
TP31326 not allocated
----------------------

----------------------
TP31429 not allocated
----------------------

----------------------
TP31924 not allocated
----------------------

----------------------
TP32152 not allocated
----------------------

----------------------
TP32279 not allocated
----------------------

----------------------
TP32389 not allocated
----------------------

----------------------
TP32432 not allocated
----------------------

----------------------
TP32695 allocated to 1
----------------------

----------------------
TP32902 not allocated
----------------------

----------------------
TP33080 not allocated
----------------------

----------------------
TP33332 not allocated
----------------------

----------------------
TP33548 not allocated
----------------------

----------------------
TP33577 not allocated
----------------------

----------------------
TP33589 not allocated
----------------------

----------------------
TP33856 not allocated
----------------------

----------------------
TP33950 not allocated
----------------------

----------------------
TP34167 not allocated
----------------------

----------------------
TP34320 not allocated
----------------------

----------------------
TP34561 not allocated
----------------------

----------------------
TP35065 not allocated
----------------------

----------------------
TP35125 not allocated
----------------------

----------------------
TP35294 not allocated
----------------------

----------------------
TP35595 not allocated
----------------------

----------------------
TP35668 not allocated
----------------------

----------------------
TP35827 not allocated
----------------------

----------------------
TP35830 allocated to 1
----------------------

----------------------
TP35994 not allocated
----------------------

----------------------
TP37167 not allocated
----------------------

----------------------
TP37337 not allocated
----------------------

----------------------
TP37944 not allocated
----------------------

----------------------
TP38024 not allocated
----------------------

----------------------
TP38089 allocated to 1
----------------------

----------------------
TP38123 not allocated
----------------------

----------------------
TP38475 not allocated
----------------------

----------------------
TP38787 not allocated
----------------------

----------------------
TP38857 not allocated
----------------------

----------------------
TP38930 not allocated
----------------------

----------------------
TP39002 not allocated
----------------------

----------------------
TP39046 not allocated
----------------------

----------------------
TP39603 not allocated
----------------------

----------------------
TP39680 allocated to 1
----------------------

----------------------
TP39683 not allocated
----------------------

----------------------
TP39767 not allocated
----------------------

----------------------
TP39831 not allocated
----------------------

----------------------
TP40089 not allocated
----------------------

----------------------
TP40170 allocated to 1
----------------------

----------------------
TP40441 not allocated
----------------------

----------------------
TP40817 allocated to 1
----------------------

----------------------
TP41089 allocated to 3
----------------------

----------------------
TP41343 not allocated
----------------------

----------------------
TP41412 not allocated
----------------------

----------------------
TP42249 not allocated
----------------------

----------------------
TP42444 not allocated
----------------------

----------------------
TP42651 not allocated
----------------------

----------------------
TP42657 not allocated
----------------------

----------------------
TP42791 not allocated
----------------------

----------------------
TP43708 not allocated
----------------------

----------------------
TP43727 not allocated
----------------------

----------------------
TP43774 not allocated
----------------------

----------------------
TP44101 not allocated
----------------------

----------------------
TP44319 not allocated
----------------------

----------------------
TP44425 not allocated
----------------------

----------------------
TP44753 not allocated
----------------------

----------------------
TP44861 not allocated
----------------------

----------------------
TP45228 not allocated
----------------------

----------------------
TP45230 not allocated
----------------------

----------------------
TP45566 not allocated
----------------------

----------------------
TP45956 not allocated
----------------------

----------------------
TP46077 not allocated
----------------------

----------------------
TP46091 not allocated
----------------------

----------------------
TP46290 not allocated
----------------------

----------------------
TP46446 allocated to 1
----------------------

----------------------
TP46486 not allocated
----------------------

----------------------
TP46576 not allocated
----------------------

----------------------
TP46579 allocated to 1
----------------------

----------------------
TP47338 not allocated
----------------------

----------------------
TP47523 allocated to 1
----------------------

----------------------
TP48114 not allocated
----------------------

----------------------
TP48118 not allocated
----------------------

----------------------
TP48471 not allocated
----------------------

----------------------
TP48527 not allocated
----------------------

----------------------
TP49091 not allocated
----------------------

----------------------
TP49309 not allocated
----------------------

----------------------
TP49333 not allocated
----------------------

----------------------
TP49346 not allocated
----------------------

----------------------
TP49601 not allocated
----------------------

----------------------
TP49924 not allocated
----------------------

-------------------------------------------------------------------------

Ride-sharing vs Individual Mode - Num Vehicles and Distance Comparisson 

-------------------------------------------------------------------------
Individual Mode = 223 vehicles.
Ride-sharing Mode = 143 vehicles. The 3 ride-sharing vehicles + 140 vehicles of the individuals not served by the ride-sharing service.
-------------------------------------------------------------------------
Individual Mode = 511 distance.
Ride-sharing Mode = 651 distance. 300 from the EV fleet + 351 from the distance of the trips not covered individuals had to do with their own vehicle.
-------------------------------------------------------------------------
