-------------------------------------------------------------------------
TPs satisfied = 225; Total TPs = 225; Percentage Satisfied + 100.0%
-------------------------------------------------------------------------

-------------------------------------------------------------------------

EVs

-------------------------------------------------------------------------
--------------------------------------
EV1
--------------------------------------
Num TPs served = 40
TPs served = 59 270 403 897 1708 2089 2155 2319 2331 2661 2821 2835 3529 3693 3808 4258 4485 5429 5940 8074 12072 13586 14610 22787 24465 27669 28365 28860 29092 33864 35675 36262 42085 42174 42291 44593 44750 46435 47326 47672
Total energy used = 100
--------------------------------------
Schedule:
0 135 610 372 610 372 0 0 100 100 0 135 0
135 135 610 372 610 372 0 1 100 100 59 32 0
135 138 610 372 613 372 1 0 100 97 -59 32 3
138 531 613 372 613 372 0 0 97 97 0 393 0
531 534 613 372 610 372 0 1 97 94 270 32 3
534 538 610 372 614 372 1 0 94 90 -270 32 4
538 740 614 372 614 372 0 0 90 90 0 202 0
740 744 614 372 610 372 0 1 90 86 403 32 4
744 745 610 372 611 372 1 0 86 85 -403 32 1
745 1568 611 372 611 372 0 0 85 85 0 823 0
1568 1569 611 372 610 372 0 1 85 84 35675 32 1
1569 1584 610 372 610 372 1 1 84 84 0 15 0
1584 1584 610 372 610 372 1 2 84 84 897 32 0
1584 1586 610 372 612 372 2 1 84 82 -35675 17 2
1586 1589 612 372 613 374 1 0 82 79 -897 32 3
1589 2978 613 374 613 374 0 0 79 79 0 1389 0
2978 2983 613 374 610 372 0 1 79 74 1708 32 5
2983 2984 610 372 610 372 1 1 74 74 0 1 0
2984 2987 610 372 610 375 1 0 74 71 -1708 32 3
2987 3249 610 375 610 375 0 0 71 71 0 262 0
3249 3252 610 375 610 372 0 1 71 68 36262 32 3
3252 3254 610 372 610 372 1 1 68 68 0 2 0
3254 3254 610 372 610 372 1 0 68 68 -36262 32 0
3254 3667 610 372 610 372 0 0 68 68 0 413 0
3667 3667 610 372 610 372 0 1 68 68 2089 32 0
3667 3668 610 372 611 372 1 0 68 67 -2089 32 1
3668 3804 611 372 611 372 0 0 67 67 0 136 0
3804 3805 611 372 610 372 0 1 67 66 2155 32 1
3805 3808 610 372 610 372 1 1 66 66 0 3 0
3808 3810 610 372 612 372 1 0 66 64 -2155 32 2
3810 4108 612 372 612 372 0 0 64 64 0 298 0
4108 4110 612 372 610 372 0 1 64 62 2319 32 2
4110 4141 610 372 610 372 1 1 62 62 0 31 0
4141 4141 610 372 610 372 1 2 62 62 2331 32 0
4141 4142 610 372 610 372 2 2 62 62 0 1 0
4142 4142 610 372 610 372 2 1 62 62 -2331 32 0
4142 4143 610 372 610 373 1 0 62 61 -2319 0 1
4143 4745 610 373 610 373 0 0 61 61 0 602 0
4745 4746 610 373 610 372 0 1 61 60 2661 32 1
4746 4751 610 372 614 373 1 0 60 55 -2661 32 5
4751 5053 614 373 614 373 0 0 55 55 0 302 0
5053 5058 614 373 610 372 0 1 55 50 2835 32 5
5058 5058 610 372 610 372 1 2 50 50 2821 9 0
5058 5063 610 372 610 372 2 2 50 50 0 5 0
5063 5064 610 372 611 372 2 1 50 49 -2835 32 1
5064 5072 611 372 614 377 1 0 49 41 -2821 4 8
5072 6295 614 377 614 377 0 0 41 41 0 1223 0
6295 6304 614 377 610 372 0 1 41 32 3529 32 9
6304 6305 610 372 610 372 1 1 32 32 0 1 0
6305 6307 610 372 610 374 1 0 32 30 -3529 32 2
6307 6628 610 374 610 374 0 0 30 30 0 321 0
6628 6630 610 374 610 372 0 1 30 28 3693 32 2
6630 6633 610 372 610 372 1 1 28 28 0 3 0
6633 6635 610 372 612 372 1 0 28 26 -3693 32 2
6635 6829 612 372 612 372 0 0 26 26 0 194 0
6829 6831 612 372 610 372 0 1 26 24 3808 32 2
6831 6837 610 372 611 377 1 0 24 18 -3808 32 6
6837 7639 611 377 611 377 0 0 18 18 0 802 0
7639 7645 611 377 610 372 0 1 18 12 4258 32 6
7645 7646 610 372 610 372 1 1 12 12 0 1 0
7646 7649 610 372 611 374 1 0 12 9 -4258 32 3
7649 8083 611 374 611 374 0 0 9 9 0 434 0
8083 8086 611 374 610 372 0 1 9 6 4485 32 3
8086 8087 610 372 610 372 1 1 6 6 0 1 0
8087 8088 610 372 611 372 1 0 6 5 -4485 32 1
8088 9863 611 372 611 372 0 0 5 5 0 1775 0
9863 9864 611 372 610 372 0 1 5 4 5429 32 1
9864 9865 610 372 610 372 1 1 4 4 0 1 0
9865 9865 610 372 610 372 1 0 4 4 -5429 32 0
9865 10867 610 372 610 372 0 0 4 4 0 1002 0
10867 10867 610 372 610 372 0 1 4 4 5940 32 0
10867 10868 610 372 610 372 1 1 4 4 0 1 0
10868 10870 610 372 611 373 1 0 4 2 -5940 32 2
10870 15376 611 373 611 373 0 0 2 2 0 4506 0
15376 15378 611 373 610 372 0 1 2 0 8074 32 2
15378 15379 610 372 610 372 1 1 0 0 0 1 0
15379 15379 610 372 610 372 1 0 0 0 -8074 32 0
15379 15466 610 372 610 372 0 0 0 0 0 87 0
15466 15466 610 372 610 372 0 1 0 0 22787 32 0
15466 15468 610 372 610 372 1 1 0 0 0 2 0
15468 15468 610 372 610 372 1 0 0 0 -22787 32 0
15468 18289 610 372 610 372 0 0 0 0 0 2821 0
18289 18289 610 372 610 372 0 1 0 0 42085 32 0
18289 18290 610 372 610 372 1 1 0 0 0 1 0
18290 18290 610 372 610 372 1 0 0 0 -42085 32 0
18290 18485 610 372 610 372 0 0 0 0 0 195 0
18485 18485 610 372 610 372 0 1 0 0 42174 32 0
18485 18487 610 372 610 372 1 1 0 0 0 2 0
18487 18487 610 372 610 372 1 0 0 0 -42174 32 0
18487 18708 610 372 610 372 0 0 0 0 0 221 0
18708 18708 610 372 610 372 0 1 0 0 42291 32 0
18708 18710 610 372 610 372 1 1 0 0 0 2 0
18710 18710 610 372 610 372 1 0 0 0 -42291 32 0
18710 19318 610 372 610 372 0 0 0 0 0 608 0
19318 19318 610 372 610 372 0 1 0 0 24465 32 0
19318 19319 610 372 610 372 1 1 0 0 0 1 0
19319 19319 610 372 610 372 1 0 0 0 -24465 32 0
19319 23274 610 372 610 372 0 0 0 0 0 3955 0
23274 23274 610 372 610 372 0 1 0 0 44593 32 0
23274 23275 610 372 610 372 1 1 0 0 0 1 0
23275 23275 610 372 610 372 1 0 0 0 -44593 32 0
23275 23578 610 372 610 372 0 0 0 0 0 303 0
23578 23578 610 372 610 372 0 1 0 0 44750 32 0
23578 23579 610 372 610 372 1 1 0 0 0 1 0
23579 23579 610 372 610 372 1 0 0 0 -44750 32 0
23579 25885 610 372 610 372 0 0 0 0 0 2306 0
25885 25885 610 372 610 372 0 1 0 0 27669 32 0
25885 25886 610 372 610 372 1 1 0 0 0 1 0
25886 25886 610 372 610 372 1 0 0 0 -27669 32 0
25886 26558 610 372 610 372 0 0 0 0 0 672 0
26558 26558 610 372 610 372 0 1 0 0 46435 32 0
26558 26559 610 372 610 372 1 1 0 0 0 1 0
26559 26559 610 372 610 372 1 0 0 0 -46435 32 0
26559 26972 610 372 610 372 0 0 0 0 0 413 0
26972 26972 610 372 610 372 0 1 0 0 12072 32 0
26972 26974 610 372 610 372 1 1 0 0 0 2 0
26974 26974 610 372 610 372 1 0 0 0 -12072 32 0
26974 27243 610 372 610 372 0 0 0 0 0 269 0
27243 27243 610 372 610 372 0 1 0 0 28365 32 0
27243 27244 610 372 610 372 1 1 0 0 0 1 0
27244 27244 610 372 610 372 1 0 0 0 -28365 32 0
27244 28087 610 372 610 372 0 0 0 0 0 843 0
28087 28087 610 372 610 372 0 1 0 0 47326 32 0
28087 28088 610 372 610 372 1 1 0 0 0 1 0
28088 28088 610 372 610 372 1 0 0 0 -47326 32 0
28088 28179 610 372 610 372 0 0 0 0 0 91 0
28179 28179 610 372 610 372 0 1 0 0 28860 32 0
28179 28180 610 372 610 372 1 1 0 0 0 1 0
28180 28180 610 372 610 372 1 0 0 0 -28860 32 0
28180 28659 610 372 610 372 0 0 0 0 0 479 0
28659 28659 610 372 610 372 0 1 0 0 47672 32 0
28659 28660 610 372 610 372 1 1 0 0 0 1 0
28660 28660 610 372 610 372 1 0 0 0 -47672 32 0
28660 28666 610 372 610 372 0 0 0 0 0 6 0
28666 28666 610 372 610 372 0 1 0 0 29092 32 0
28666 28667 610 372 610 372 1 1 0 0 0 1 0
28667 28667 610 372 610 372 1 0 0 0 -29092 32 0
28667 32453 610 372 610 372 0 0 0 0 0 3786 0
32453 32453 610 372 610 372 0 1 0 0 13586 32 0
32453 32454 610 372 610 372 1 1 0 0 0 1 0
32454 32454 610 372 610 372 1 0 0 0 -13586 32 0
32454 36280 610 372 610 372 0 0 0 0 0 3826 0
36280 36280 610 372 610 372 0 1 0 0 14610 32 0
36280 36282 610 372 610 372 1 1 0 0 0 2 0
36282 36282 610 372 610 372 1 0 0 0 -14610 32 0
36282 39426 610 372 610 372 0 0 0 0 0 3144 0
39426 39426 610 372 610 372 0 1 0 0 33864 32 0
39426 39427 610 372 610 372 1 1 0 0 0 1 0
39427 39427 610 372 610 372 1 0 0 0 -33864 32 0
39427 43267 610 372 610 372 0 0 0 0 0 3840 0
43267 43267 610 372 610 372 0 0 0 0 1000000000 0 0
--------------------------------------
--------------------------------------
EV2
--------------------------------------
Num TPs served = 20
TPs served = 4675 5664 5730 6262 6467 6843 7217 7353 7590 8166 8362 8395 8596 9191 9196 9480 9501 23064 38770 40314
Total energy used = 100
--------------------------------------
Schedule:
0 8462 610 372 610 372 0 0 100 100 0 8462 0
8462 8462 610 372 610 372 0 1 100 100 4675 32 0
8462 8466 610 372 612 374 1 0 100 96 -4675 32 4
8466 10340 612 374 612 374 0 0 96 96 0 1874 0
10340 10344 612 374 610 372 0 1 96 92 38770 32 4
10344 10354 610 372 610 372 1 1 92 92 0 10 0
10354 10354 610 372 610 372 1 2 92 92 5664 32 0
10354 10355 610 372 611 372 2 1 92 91 -38770 22 1
10355 10359 611 372 615 372 1 0 91 87 -5664 32 4
10359 10471 615 372 615 372 0 0 87 87 0 112 0
10471 10476 615 372 610 372 0 1 87 82 5730 32 5
10476 10480 610 372 614 372 1 0 82 78 -5730 32 4
10480 11485 614 372 614 372 0 0 78 78 0 1005 0
11485 11489 614 372 610 372 0 1 78 74 6262 32 4
11489 11494 610 372 610 372 1 1 74 74 0 5 0
11494 11504 610 372 616 376 1 0 74 64 -6262 32 10
11504 11867 616 376 616 376 0 0 64 64 0 363 0
11867 11877 616 376 610 372 0 1 64 54 6467 32 10
11877 11878 610 372 610 373 1 0 54 53 -6467 32 1
11878 12667 610 373 610 373 0 0 53 53 0 789 0
12667 12668 610 373 610 372 0 1 53 52 6843 32 1
12668 12670 610 372 610 372 1 1 52 52 0 2 0
12670 12676 610 372 613 375 1 0 52 46 -6843 32 6
12676 13487 613 375 613 375 0 0 46 46 0 811 0
13487 13493 613 375 610 372 0 1 46 40 7217 32 6
13493 13497 610 372 610 372 1 1 40 40 0 4 0
13497 13500 610 372 613 372 1 0 40 37 -7217 32 3
13500 13772 613 372 613 372 0 0 37 37 0 272 0
13772 13775 613 372 610 372 0 1 37 34 7353 32 3
13775 13777 610 372 611 373 1 0 34 32 -7353 32 2
13777 14281 611 373 611 373 0 0 32 32 0 504 0
14281 14283 611 373 610 372 0 1 32 30 40314 32 2
14283 14283 610 372 610 372 1 2 30 30 7590 32 0
14283 14284 610 372 610 372 2 2 30 30 0 1 0
14284 14285 610 372 611 372 2 1 30 29 -40314 32 1
14285 14288 611 372 614 372 1 0 29 26 -7590 32 3
14288 15595 614 372 614 372 0 0 26 26 0 1307 0
15595 15599 614 372 610 372 0 1 26 22 8166 32 4
15599 15600 610 372 611 372 1 0 22 21 -8166 32 1
15600 16068 611 372 611 372 0 0 21 21 0 468 0
16068 16069 611 372 610 372 0 1 21 20 8362 32 1
16069 16071 610 372 612 372 1 0 20 18 -8362 32 2
16071 16123 612 372 612 372 0 0 18 18 0 52 0
16123 16125 612 372 610 372 0 1 18 16 23064 32 2
16125 16125 610 372 610 372 1 2 16 16 8395 32 0
16125 16126 610 372 610 372 2 2 16 16 0 1 0
16126 16127 610 372 611 372 2 1 16 15 -23064 32 1
16127 16128 611 372 612 372 1 0 15 14 -8395 31 1
16128 16605 612 372 612 372 0 0 14 14 0 477 0
16605 16607 612 372 610 372 0 1 14 12 8596 32 2
16607 16608 610 372 611 372 1 0 12 11 -8596 32 1
16608 18169 611 372 611 372 0 0 11 11 0 1561 0
18169 18170 611 372 610 372 0 1 11 10 9196 32 1
18170 18170 610 372 610 372 1 2 10 10 9191 14 0
18170 18171 610 372 610 372 2 2 10 10 0 1 0
18171 18172 610 372 610 373 2 1 10 9 -9196 32 1
18172 18172 610 373 610 373 1 0 9 9 -9191 13 0
18172 18973 610 373 610 373 0 0 9 9 0 801 0
18973 18974 610 373 610 372 0 1 9 8 9480 32 1
18974 18976 610 372 612 372 1 0 8 6 -9480 32 2
18976 19026 612 372 612 372 0 0 6 6 0 50 0
19026 19028 612 372 610 372 0 1 6 4 9501 32 2
19028 19030 610 372 612 372 1 0 4 2 -9501 32 2
19030 43265 612 372 612 372 0 0 2 2 0 24235 0
43265 43267 612 372 610 372 0 0 2 0 1000000000 0 2
--------------------------------------
--------------------------------------
EV3
--------------------------------------
Num TPs served = 22
TPs served = 9883 10360 10596 10858 11429 11444 11453 11532 11685 11970 12134 12135 12211 12669 12800 13066 13188 13206 13320 13859 26150 27245
Total energy used = 100
--------------------------------------
Schedule:
0 20082 610 372 610 372 0 0 100 100 0 20082 0
20082 20082 610 372 610 372 0 1 100 100 9883 32 0
20082 20084 610 372 610 372 1 1 100 100 0 2 0
20084 20088 610 372 612 374 1 0 100 96 -9883 32 4
20088 21448 612 374 612 374 0 0 96 96 0 1360 0
21448 21452 612 374 610 372 0 1 96 92 10360 32 4
21452 21454 610 372 611 373 1 0 92 90 -10360 32 2
21454 22083 611 373 611 373 0 0 90 90 0 629 0
22083 22085 611 373 610 372 0 1 90 88 10596 32 2
22085 22086 610 372 610 372 1 1 88 88 0 1 0
22086 22087 610 372 611 372 1 0 88 87 -10596 32 1
22087 22948 611 372 611 372 0 0 87 87 0 861 0
22948 22949 611 372 610 372 0 1 87 86 26150 32 1
22949 22949 610 372 610 372 1 2 86 86 10858 8 0
22949 22950 610 372 611 372 2 1 86 85 -26150 32 1
22950 22952 611 372 611 374 1 0 85 83 -10858 9 2
22952 24742 611 374 611 374 0 0 83 83 0 1790 0
24742 24745 611 374 610 372 0 1 83 80 11429 32 3
24745 24747 610 372 610 374 1 0 80 78 -11429 32 2
24747 24802 610 374 610 374 0 0 78 78 0 55 0
24802 24804 610 374 610 372 0 1 78 76 11444 32 2
24804 24811 610 372 615 374 1 0 76 69 -11444 32 7
24811 24831 615 374 615 374 0 0 69 69 0 20 0
24831 24838 615 374 610 372 0 1 69 62 11453 32 7
24838 24840 610 372 612 372 1 0 62 60 -11453 32 2
24840 25093 612 372 612 372 0 0 60 60 0 253 0
25093 25095 612 372 610 372 0 1 60 58 27245 32 2
25095 25095 610 372 610 372 1 2 58 58 11532 19 0
25095 25096 610 372 610 373 2 1 58 57 -27245 32 1
25096 25097 610 373 611 373 1 0 57 56 -11532 21 1
25097 25633 611 373 611 373 0 0 56 56 0 536 0
25633 25635 611 373 610 372 0 1 56 54 11685 32 2
25635 25641 610 372 610 372 1 1 54 54 0 6 0
25641 25645 610 372 614 372 1 0 54 50 -11685 32 4
25645 26608 614 372 614 372 0 0 50 50 0 963 0
26608 26612 614 372 610 372 0 1 50 46 11970 32 4
26612 26613 610 372 610 372 1 1 46 46 0 1 0
26613 26618 610 372 614 373 1 0 46 41 -11970 32 5
26618 27183 614 373 614 373 0 0 41 41 0 565 0
27183 27188 614 373 610 372 0 1 41 36 12135 32 5
27188 27188 610 372 610 372 1 2 36 36 12134 31 0
27188 27191 610 372 612 373 2 1 36 33 -12135 32 3
27191 27193 612 373 610 373 1 0 33 31 -12134 27 2
27193 27409 610 373 610 373 0 0 31 31 0 216 0
27409 27410 610 373 610 372 0 1 31 30 12211 32 1
27410 27412 610 372 612 372 1 0 30 28 -12211 32 2
27412 29080 612 372 612 372 0 0 28 28 0 1668 0
29080 29082 612 372 610 372 0 1 28 26 12669 32 2
29082 29083 610 372 610 373 1 0 26 25 -12669 32 1
29083 29560 610 373 610 373 0 0 25 25 0 477 0
29560 29561 610 373 610 372 0 1 25 24 12800 32 1
29561 29563 610 372 610 374 1 0 24 22 -12800 32 2
29563 30546 610 374 610 374 0 0 22 22 0 983 0
30546 30548 610 374 610 372 0 1 22 20 13066 32 2
30548 30551 610 372 612 373 1 0 20 17 -13066 32 3
30551 30933 612 373 612 373 0 0 17 17 0 382 0
30933 30936 612 373 610 372 0 1 17 14 13188 32 3
30936 30939 610 372 613 372 1 0 14 11 -13188 32 3
30939 30980 613 372 613 372 0 0 11 11 0 41 0
30980 30983 613 372 610 372 0 1 11 8 13206 32 3
30983 30985 610 372 612 372 1 0 8 6 -13206 32 2
30985 31367 612 372 612 372 0 0 6 6 0 382 0
31367 31369 612 372 610 372 0 1 6 4 13320 32 2
31369 31374 610 372 610 372 1 1 4 4 0 5 0
31374 31375 610 372 611 372 1 0 4 3 -13320 32 1
31375 33429 611 372 611 372 0 0 3 3 0 2054 0
33429 33430 611 372 610 372 0 1 3 2 13859 32 1
33430 33431 610 372 610 372 1 1 2 2 0 1 0
33431 33432 610 372 611 372 1 0 2 1 -13859 32 1
33432 43266 611 372 611 372 0 0 1 1 0 9834 0
43266 43267 611 372 610 372 0 0 1 0 1000000000 0 1
--------------------------------------
--------------------------------------
EV4
--------------------------------------
Num TPs served = 18
TPs served = 13487 13662 14513 14748 14925 15044 15135 15279 15631 15833 16161 17216 17470 17792 30793 32889 33142 33147
Total energy used = 100
--------------------------------------
Schedule:
0 148 610 372 610 372 0 0 100 100 0 148 0
148 148 610 372 610 372 0 1 100 100 17470 32 0
148 151 610 372 612 373 1 0 100 97 -17470 32 3
151 1171 612 373 612 373 0 0 97 97 0 1020 0
1171 1174 612 373 610 372 0 1 97 94 17792 32 3
1174 1175 610 372 610 372 1 1 94 94 0 1 0
1175 1177 610 372 610 374 1 0 94 92 -17792 32 2
1177 32063 610 374 610 374 0 0 92 92 0 30886 0
32063 32065 610 374 610 372 0 1 92 90 30793 32 2
32065 32076 610 372 610 372 1 1 90 90 0 11 0
32076 32076 610 372 610 372 1 2 90 90 13487 32 0
32076 32077 610 372 610 373 2 1 90 89 -30793 28 1
32077 32078 610 373 610 373 1 1 89 89 0 1 0
32078 32080 610 373 611 374 1 0 89 87 -13487 32 2
32080 32686 611 374 611 374 0 0 87 87 0 606 0
32686 32689 611 374 610 372 0 1 87 84 13662 32 3
32689 32698 610 372 619 372 1 0 84 75 -13662 32 9
32698 35897 619 372 619 372 0 0 75 75 0 3199 0
35897 35906 619 372 610 372 0 1 75 66 14513 32 9
35906 35907 610 372 611 372 1 0 66 65 -14513 32 1
35907 36862 611 372 611 372 0 0 65 65 0 955 0
36862 36863 611 372 610 372 0 1 65 64 32889 32 1
36863 36866 610 372 610 372 1 1 64 64 0 3 0
36866 36866 610 372 610 372 1 2 64 64 14748 32 0
36866 36869 610 372 613 372 2 1 64 61 -32889 29 3
36869 36875 613 372 617 374 1 0 61 55 -14748 32 6
36875 37552 617 374 617 374 0 0 55 55 0 677 0
37552 37561 617 374 610 372 0 1 55 46 33147 32 9
37561 37561 610 372 610 372 1 2 46 46 33142 23 0
37561 37561 610 372 610 372 2 3 46 46 14925 11 0
37561 37562 610 372 611 372 3 2 46 45 -33147 32 1
37562 37564 611 372 613 372 2 1 45 43 -33142 23 2
37564 37566 613 372 615 372 1 0 43 41 -14925 11 2
37566 37947 615 372 615 372 0 0 41 41 0 381 0
37947 37952 615 372 610 372 0 1 41 36 15044 32 5
37952 37954 610 372 612 372 1 0 36 34 -15044 32 2
37954 38338 612 372 612 372 0 0 34 34 0 384 0
38338 38340 612 372 610 372 0 1 34 32 15135 32 2
38340 38342 610 372 610 372 1 1 32 32 0 2 0
38342 38343 610 372 610 373 1 0 32 31 -15135 32 1
38343 38891 610 373 610 373 0 0 31 31 0 548 0
38891 38892 610 373 610 372 0 1 31 30 15279 32 1
38892 38895 610 372 610 375 1 0 30 27 -15279 32 3
38895 40075 610 375 610 375 0 0 27 27 0 1180 0
40075 40078 610 375 610 372 0 1 27 24 15631 32 3
40078 40080 610 372 611 373 1 0 24 22 -15631 32 2
40080 40450 611 373 611 373 0 0 22 22 0 370 0
40450 40452 611 373 610 372 0 1 22 20 15833 32 2
40452 40453 610 372 610 373 1 0 20 19 -15833 32 1
40453 41050 610 373 610 373 0 0 19 19 0 597 0
41050 41051 610 373 610 372 0 1 19 18 16161 32 1
41051 41057 610 372 615 373 1 0 18 12 -16161 32 6
41057 42858 615 373 615 373 0 0 12 12 0 1801 0
42858 42864 615 373 610 372 0 1 12 6 17216 32 6
42864 42867 610 372 613 372 1 0 6 3 -17216 32 3
42867 43264 613 372 613 372 0 0 3 3 0 397 0
43264 43267 613 372 610 372 0 0 3 0 1000000000 0 3
--------------------------------------
--------------------------------------
EV5
--------------------------------------
Num TPs served = 28
TPs served = 17530 17810 18424 18529 18594 18704 19124 19218 19264 19477 19568 19945 20068 20193 20743 20774 20852 21124 21356 21641 22189 22510 23199 24331 25273 26895 26905 27623
Total energy used = 100
--------------------------------------
Schedule:
0 371 610 372 610 372 0 0 100 100 0 371 0
371 371 610 372 610 372 0 1 100 100 17530 32 0
371 374 610 372 611 374 1 0 100 97 -17530 32 3
374 1230 611 374 611 374 0 0 97 97 0 856 0
1230 1233 611 374 610 372 0 1 97 94 17810 32 3
1233 1238 610 372 610 372 1 1 94 94 0 5 0
1238 1240 610 372 612 372 1 0 94 92 -17810 32 2
1240 3160 612 372 612 372 0 0 92 92 0 1920 0
3160 3162 612 372 610 372 0 1 92 90 18424 32 2
3162 3163 610 372 610 372 1 1 90 90 0 1 0
3163 3165 610 372 612 372 1 0 90 88 -18424 32 2
3165 3495 612 372 612 372 0 0 88 88 0 330 0
3495 3497 612 372 610 372 0 1 88 86 18529 32 2
3497 3499 610 372 611 373 1 0 86 84 -18529 32 2
3499 3698 611 373 611 373 0 0 84 84 0 199 0
3698 3700 611 373 610 372 0 1 84 82 18594 32 2
3700 3701 610 372 610 372 1 1 82 82 0 1 0
3701 3704 610 372 613 372 1 0 82 79 -18594 32 3
3704 4051 613 372 613 372 0 0 79 79 0 347 0
4051 4054 613 372 610 372 0 1 79 76 18704 32 3
4054 4055 610 372 611 372 1 0 76 75 -18704 32 1
4055 5387 611 372 611 372 0 0 75 75 0 1332 0
5387 5388 611 372 610 372 0 1 75 74 19124 32 1
5388 5389 610 372 610 372 1 1 74 74 0 1 0
5389 5391 610 372 610 374 1 0 74 72 -19124 32 2
5391 5654 610 374 610 374 0 0 72 72 0 263 0
5654 5656 610 374 610 372 0 1 72 70 19218 32 2
5656 5657 610 372 611 372 1 0 70 69 -19218 32 1
5657 5781 611 372 611 372 0 0 69 69 0 124 0
5781 5782 611 372 610 372 0 1 69 68 19264 32 1
5782 5785 610 372 610 372 1 1 68 68 0 3 0
5785 5787 610 372 612 372 1 0 68 66 -19264 32 2
5787 6486 612 372 612 372 0 0 66 66 0 699 0
6486 6488 612 372 610 372 0 1 66 64 19477 32 2
6488 6489 610 372 610 372 1 1 64 64 0 1 0
6489 6490 610 372 610 373 1 0 64 63 -19477 32 1
6490 6783 610 373 610 373 0 0 63 63 0 293 0
6783 6784 610 373 610 372 0 1 63 62 19568 32 1
6784 6787 610 372 612 373 1 0 62 59 -19568 32 3
6787 7867 612 373 612 373 0 0 59 59 0 1080 0
7867 7870 612 373 610 372 0 1 59 56 19945 32 3
7870 7872 610 372 610 374 1 0 56 54 -19945 32 2
7872 8210 610 374 610 374 0 0 54 54 0 338 0
8210 8212 610 374 610 372 0 1 54 52 20068 32 2
8212 8213 610 372 610 372 1 1 52 52 0 1 0
8213 8214 610 372 611 372 1 0 52 51 -20068 32 1
8214 8579 611 372 611 372 0 0 51 51 0 365 0
8579 8580 611 372 610 372 0 1 51 50 20193 32 1
8580 8581 610 372 610 372 1 1 50 50 0 1 0
8581 8584 610 372 610 375 1 0 50 47 -20193 32 3
8584 10076 610 375 610 375 0 0 47 47 0 1492 0
10076 10079 610 375 610 372 0 1 47 44 20743 32 3
10079 10082 610 372 612 373 1 0 44 41 -20743 32 3
10082 10158 612 373 612 373 0 0 41 41 0 76 0
10158 10161 612 373 610 372 0 1 41 38 20774 32 3
10161 10162 610 372 611 372 1 0 38 37 -20774 32 1
10162 10392 611 372 611 372 0 0 37 37 0 230 0
10392 10393 611 372 610 372 0 1 37 36 20852 32 1
10393 10395 610 372 612 372 1 0 36 34 -20852 32 2
10395 11062 612 372 612 372 0 0 34 34 0 667 0
11062 11064 612 372 610 372 0 1 34 32 21124 32 2
11064 11065 610 372 611 372 1 0 32 31 -21124 32 1
11065 11713 611 372 611 372 0 0 31 31 0 648 0
11713 11714 611 372 610 372 0 1 31 30 21356 32 1
11714 11716 610 372 611 373 1 0 30 28 -21356 32 2
11716 12493 611 373 611 373 0 0 28 28 0 777 0
12493 12495 611 373 610 372 0 1 28 26 21641 32 2
12495 12503 610 372 610 372 1 1 26 26 0 8 0
12503 12504 610 372 611 372 1 0 26 25 -21641 32 1
12504 13939 611 372 611 372 0 0 25 25 0 1435 0
13939 13940 611 372 610 372 0 1 25 24 22189 32 1
13940 13944 610 372 610 372 1 1 24 24 0 4 0
13944 13947 610 372 613 372 1 0 24 21 -22189 32 3
13947 14754 613 372 613 372 0 0 21 21 0 807 0
14754 14757 613 372 610 372 0 1 21 18 22510 32 3
14757 14758 610 372 610 373 1 0 18 17 -22510 32 1
14758 16458 610 373 610 373 0 0 17 17 0 1700 0
16458 16459 610 373 610 372 0 1 17 16 23199 32 1
16459 16462 610 372 611 374 1 0 16 13 -23199 32 3
16462 19006 611 374 611 374 0 0 13 13 0 2544 0
19006 19009 611 374 610 372 0 1 13 10 24331 32 3
19009 19010 610 372 610 373 1 0 10 9 -24331 32 1
19010 21089 610 373 610 373 0 0 9 9 0 2079 0
21089 21090 610 373 610 372 0 1 9 8 25273 32 1
21090 21091 610 372 610 372 1 1 8 8 0 1 0
21091 21092 610 372 611 372 1 0 8 7 -25273 32 1
21092 24468 611 372 611 372 0 0 7 7 0 3376 0
24468 24469 611 372 610 372 0 1 7 6 26905 32 1
24469 24469 610 372 610 372 1 2 6 6 26895 16 0
24469 24470 610 372 610 373 2 1 6 5 -26905 32 1
24470 24471 610 373 611 373 1 0 5 4 -26895 16 1
24471 25798 611 373 611 373 0 0 4 4 0 1327 0
25798 25800 611 373 610 372 0 1 4 2 27623 32 2
25800 25802 610 372 610 372 1 1 2 2 0 2 0
25802 25803 610 372 611 372 1 0 2 1 -27623 32 1
25803 43266 611 372 611 372 0 0 1 1 0 17463 0
43266 43267 611 372 610 372 0 0 1 0 1000000000 0 1
--------------------------------------
--------------------------------------
EV6
--------------------------------------
Num TPs served = 23
TPs served = 23876 26026 27012 27269 27688 27710 27741 27926 28532 28537 29352 29364 30009 30063 31015 31738 31766 31838 32112 32260 32804 32904 46991
Total energy used = 100
--------------------------------------
Schedule:
0 18003 610 372 610 372 0 0 100 100 0 18003 0
18003 18003 610 372 610 372 0 1 100 100 23876 32 0
18003 18011 610 372 618 372 1 0 100 92 -23876 32 8
18011 22692 618 372 618 372 0 0 92 92 0 4681 0
22692 22700 618 372 610 372 0 1 92 84 26026 32 8
22700 22701 610 372 610 372 1 1 84 84 0 1 0
22701 22707 610 372 616 372 1 0 84 78 -26026 32 6
22707 24669 616 372 616 372 0 0 78 78 0 1962 0
24669 24675 616 372 610 372 0 1 78 72 27012 32 6
24675 24677 610 372 612 372 1 0 72 70 -27012 32 2
24677 25136 612 372 612 372 0 0 70 70 0 459 0
25136 25138 612 372 610 372 0 1 70 68 27269 32 2
25138 25139 610 372 610 372 1 1 68 68 0 1 0
25139 25143 610 372 614 372 1 0 68 64 -27269 32 4
25143 25918 614 372 614 372 0 0 64 64 0 775 0
25918 25922 614 372 610 372 0 1 64 60 27688 32 4
25922 25924 610 372 610 374 1 0 60 58 -27688 32 2
25924 25956 610 374 610 374 0 0 58 58 0 32 0
25956 25958 610 374 610 372 0 1 58 56 27710 32 2
25958 25961 610 372 611 374 1 0 56 53 -27710 32 3
25961 26016 611 374 611 374 0 0 53 53 0 55 0
26016 26019 611 374 610 372 0 1 53 50 27741 32 3
26019 26020 610 372 610 372 1 1 50 50 0 1 0
26020 26022 610 372 611 373 1 0 50 48 -27741 32 2
26022 26370 611 373 611 373 0 0 48 48 0 348 0
26370 26372 611 373 610 372 0 1 48 46 27926 32 2
26372 26373 610 372 610 373 1 0 46 45 -27926 32 1
26373 27534 610 373 610 373 0 0 45 45 0 1161 0
27534 27535 610 373 610 372 0 1 45 44 46991 32 1
27535 27559 610 372 610 372 1 1 44 44 0 24 0
27559 27559 610 372 610 372 1 2 44 44 28537 32 0
27559 27559 610 372 610 372 2 3 44 44 28532 22 0
27559 27560 610 372 611 372 3 2 44 43 -46991 8 1
27560 27563 611 372 612 374 2 1 43 40 -28537 32 3
27563 27566 612 374 610 373 1 0 40 37 -28532 17 3
27566 29231 610 373 610 373 0 0 37 37 0 1665 0
29231 29232 610 373 610 372 0 1 37 36 29364 32 1
29232 29232 610 372 610 372 1 2 36 36 29352 13 0
29232 29233 610 372 610 373 2 1 36 35 -29364 32 1
29233 29235 610 373 611 372 1 0 35 33 -29352 13 2
29235 30489 611 372 611 372 0 0 33 33 0 1254 0
30489 30490 611 372 610 372 0 1 33 32 30009 32 1
30490 30491 610 372 611 372 1 0 32 31 -30009 32 1
30491 30592 611 372 611 372 0 0 31 31 0 101 0
30592 30593 611 372 610 372 0 1 31 30 30063 32 1
30593 30594 610 372 611 372 1 0 30 29 -30063 32 1
30594 32522 611 372 611 372 0 0 29 29 0 1928 0
32522 32523 611 372 610 372 0 1 29 28 31015 32 1
32523 32524 610 372 610 372 1 1 28 28 0 1 0
32524 32526 610 372 611 373 1 0 28 26 -31015 32 2
32526 34152 611 373 611 373 0 0 26 26 0 1626 0
34152 34154 611 373 610 372 0 1 26 24 31738 32 2
34154 34156 610 372 612 372 1 0 24 22 -31738 32 2
34156 34215 612 372 612 372 0 0 22 22 0 59 0
34215 34217 612 372 610 372 0 1 22 20 31766 32 2
34217 34219 610 372 612 372 1 0 20 18 -31766 32 2
34219 34349 612 372 612 372 0 0 18 18 0 130 0
34349 34351 612 372 610 372 0 1 18 16 31838 32 2
34351 34354 610 372 610 372 1 1 16 16 0 3 0
34354 34355 610 372 611 372 1 0 16 15 -31838 32 1
34355 34964 611 372 611 372 0 0 15 15 0 609 0
34964 34965 611 372 610 372 0 1 15 14 32112 32 1
34965 34967 610 372 611 373 1 0 14 12 -32112 32 2
34967 35361 611 373 611 373 0 0 12 12 0 394 0
35361 35363 611 373 610 372 0 1 12 10 32260 32 2
35363 35365 610 372 612 372 1 0 10 8 -32260 32 2
35365 36644 612 372 612 372 0 0 8 8 0 1279 0
36644 36646 612 372 610 372 0 1 8 6 32804 32 2
36646 36648 610 372 612 372 1 0 6 4 -32804 32 2
36648 36913 612 372 612 372 0 0 4 4 0 265 0
36913 36915 612 372 610 372 0 1 4 2 32904 32 2
36915 36916 610 372 611 372 1 0 2 1 -32904 32 1
36916 43266 611 372 611 372 0 0 1 1 0 6350 0
43266 43267 611 372 610 372 0 0 1 0 1000000000 0 1
--------------------------------------
--------------------------------------
EV7
--------------------------------------
Num TPs served = 20
TPs served = 33442 33502 33924 34770 35117 35606 36513 36698 36707 36782 36965 37021 37177 37852 38171 38454 38557 38604 39033 39237
Total energy used = 100
--------------------------------------
Schedule:
0 1387 610 372 610 372 0 0 100 100 0 1387 0
1387 1387 610 372 610 372 0 1 100 100 35606 32 0
1387 1388 610 372 610 372 1 1 100 100 0 1 0
1388 1389 610 372 611 372 1 0 100 99 -35606 32 1
1389 3977 611 372 611 372 0 0 99 99 0 2588 0
3977 3978 611 372 610 372 0 1 99 98 36513 32 1
3978 3979 610 372 610 372 1 1 98 98 0 1 0
3979 3980 610 372 610 373 1 0 98 97 -36513 32 1
3980 4603 610 373 610 373 0 0 97 97 0 623 0
4603 4604 610 373 610 372 0 1 97 96 36707 32 1
4604 4604 610 372 610 372 1 2 96 96 36698 6 0
4604 4605 610 372 610 373 2 1 96 95 -36698 6 1
4605 4612 610 373 616 372 1 0 95 88 -36707 32 7
4612 4825 616 372 616 372 0 0 88 88 0 213 0
4825 4831 616 372 610 372 0 1 88 82 36782 32 6
4831 4833 610 372 610 374 1 0 82 80 -36782 32 2
4833 5335 610 374 610 374 0 0 80 80 0 502 0
5335 5337 610 374 610 372 0 1 80 78 36965 32 2
5337 5342 610 372 612 375 1 0 78 73 -36965 32 5
5342 5488 612 375 612 375 0 0 73 73 0 146 0
5488 5493 612 375 610 372 0 1 73 68 37021 32 5
5493 5494 610 372 610 372 1 1 68 68 0 1 0
5494 5495 610 372 611 372 1 0 68 67 -37021 32 1
5495 5979 611 372 611 372 0 0 67 67 0 484 0
5979 5980 611 372 610 372 0 1 67 66 37177 32 1
5980 5985 610 372 610 372 1 1 66 66 0 5 0
5985 5986 610 372 610 373 1 0 66 65 -37177 32 1
5986 7854 610 373 610 373 0 0 65 65 0 1868 0
7854 7855 610 373 610 372 0 1 65 64 37852 32 1
7855 7856 610 372 610 372 1 1 64 64 0 1 0
7856 7858 610 372 612 372 1 0 64 62 -37852 32 2
7858 8782 612 372 612 372 0 0 62 62 0 924 0
8782 8784 612 372 610 372 0 1 62 60 38171 32 2
8784 8786 610 372 612 372 1 0 60 58 -38171 32 2
8786 9519 612 372 612 372 0 0 58 58 0 733 0
9519 9521 612 372 610 372 0 1 58 56 38454 32 2
9521 9524 610 372 613 372 1 0 56 53 -38454 32 3
9524 9790 613 372 613 372 0 0 53 53 0 266 0
9790 9793 613 372 610 372 0 1 53 50 38557 32 3
9793 9795 610 372 610 372 1 1 50 50 0 2 0
9795 9796 610 372 610 373 1 0 50 49 -38557 32 1
9796 9903 610 373 610 373 0 0 49 49 0 107 0
9903 9904 610 373 610 372 0 1 49 48 38604 32 1
9904 9905 610 372 610 372 1 1 48 48 0 1 0
9905 9908 610 372 611 374 1 0 48 45 -38604 32 3
9908 10927 611 374 611 374 0 0 45 45 0 1019 0
10927 10930 611 374 610 372 0 1 45 42 39033 32 3
10930 10938 610 372 617 373 1 0 42 34 -39033 32 8
10938 11363 617 373 617 373 0 0 34 34 0 425 0
11363 11371 617 373 610 372 0 1 34 26 39237 32 8
11371 11373 610 372 612 372 1 0 26 24 -39237 32 2
11373 38272 612 372 612 372 0 0 24 24 0 26899 0
38272 38274 612 372 610 372 0 1 24 22 33442 32 2
38274 38275 610 372 610 372 1 1 22 22 0 1 0
38275 38278 610 372 613 372 1 0 22 19 -33442 32 3
38278 38414 613 372 613 372 0 0 19 19 0 136 0
38414 38417 613 372 610 372 0 1 19 16 33502 32 3
38417 38418 610 372 611 372 1 0 16 15 -33502 32 1
38418 39565 611 372 611 372 0 0 15 15 0 1147 0
39565 39566 611 372 610 372 0 1 15 14 33924 32 1
39566 39570 610 372 613 373 1 0 14 10 -33924 32 4
39570 42034 613 373 613 373 0 0 10 10 0 2464 0
42034 42038 613 373 610 372 0 1 10 6 34770 32 4
42038 42042 610 372 610 372 1 1 6 6 0 4 0
42042 42044 610 372 611 373 1 0 6 4 -34770 32 2
42044 43104 611 373 611 373 0 0 4 4 0 1060 0
43104 43106 611 373 610 372 0 1 4 2 35117 32 2
43106 43107 610 372 611 372 1 0 2 1 -35117 32 1
43107 43266 611 372 611 372 0 0 1 1 0 159 0
43266 43267 611 372 610 372 0 0 1 0 1000000000 0 1
--------------------------------------
--------------------------------------
EV8
--------------------------------------
Num TPs served = 23
TPs served = 39301 39383 39874 39992 40137 40142 40340 40459 40672 40834 41136 41215 41326 41365 41534 41928 42196 42470 42754 42840 42851 43082 43096
Total energy used = 100
--------------------------------------
Schedule:
0 11557 610 372 610 372 0 0 100 100 0 11557 0
11557 11557 610 372 610 372 0 1 100 100 39301 32 0
11557 11558 610 372 611 372 1 0 100 99 -39301 32 1
11558 11788 611 372 611 372 0 0 99 99 0 230 0
11788 11789 611 372 610 372 0 1 99 98 39383 32 1
11789 11791 610 372 612 372 1 0 98 96 -39383 32 2
11791 13047 612 372 612 372 0 0 96 96 0 1256 0
13047 13049 612 372 610 372 0 1 96 94 39874 32 2
13049 13050 610 372 610 373 1 0 94 93 -39874 32 1
13050 13404 610 373 610 373 0 0 93 93 0 354 0
13404 13405 610 373 610 372 0 1 93 92 39992 32 1
13405 13407 610 372 611 373 1 0 92 90 -39992 32 2
13407 13840 611 373 611 373 0 0 90 90 0 433 0
13840 13842 611 373 610 372 0 1 90 88 40142 32 2
13842 13842 610 372 610 372 1 2 88 88 40137 9 0
13842 13843 610 372 610 373 2 1 88 87 -40142 32 1
13843 13845 610 373 611 372 1 0 87 85 -40137 7 2
13845 14334 611 372 611 372 0 0 85 85 0 489 0
14334 14335 611 372 610 372 0 1 85 84 40340 32 1
14335 14337 610 372 610 372 1 1 84 84 0 2 0
14337 14338 610 372 611 372 1 0 84 83 -40340 32 1
14338 14615 611 372 611 372 0 0 83 83 0 277 0
14615 14616 611 372 610 372 0 1 83 82 40459 32 1
14616 14618 610 372 612 372 1 0 82 80 -40459 32 2
14618 15136 612 372 612 372 0 0 80 80 0 518 0
15136 15138 612 372 610 372 0 1 80 78 40672 32 2
15138 15143 610 372 613 374 1 0 78 73 -40672 32 5
15143 15510 613 374 613 374 0 0 73 73 0 367 0
15510 15515 613 374 610 372 0 1 73 68 40834 32 5
15515 15516 610 372 610 372 1 1 68 68 0 1 0
15516 15517 610 372 610 373 1 0 68 67 -40834 32 1
15517 16180 610 373 610 373 0 0 67 67 0 663 0
16180 16181 610 373 610 372 0 1 67 66 41136 32 1
16181 16182 610 372 611 372 1 0 66 65 -41136 32 1
16182 16341 611 372 611 372 0 0 65 65 0 159 0
16341 16342 611 372 610 372 0 1 65 64 41215 32 1
16342 16346 610 372 614 372 1 0 64 60 -41215 32 4
16346 16623 614 372 614 372 0 0 60 60 0 277 0
16623 16627 614 372 610 372 0 1 60 56 41326 32 4
16627 16631 610 372 614 372 1 0 56 52 -41326 32 4
16631 16699 614 372 614 372 0 0 52 52 0 68 0
16699 16703 614 372 610 372 0 1 52 48 41365 32 4
16703 16705 610 372 611 373 1 0 48 46 -41365 32 2
16705 17092 611 373 611 373 0 0 46 46 0 387 0
17092 17094 611 373 610 372 0 1 46 44 41534 32 2
17094 17095 610 372 611 372 1 0 44 43 -41534 32 1
17095 17954 611 372 611 372 0 0 43 43 0 859 0
17954 17955 611 372 610 372 0 1 43 42 41928 32 1
17955 17957 610 372 612 372 1 0 42 40 -41928 32 2
17957 18528 612 372 612 372 0 0 40 40 0 571 0
18528 18530 612 372 610 372 0 1 40 38 42196 32 2
18530 18534 610 372 614 372 1 0 38 34 -42196 32 4
18534 19081 614 372 614 372 0 0 34 34 0 547 0
19081 19085 614 372 610 372 0 1 34 30 42470 32 4
19085 19088 610 372 612 373 1 0 30 27 -42470 32 3
19088 19737 612 373 612 373 0 0 27 27 0 649 0
19737 19740 612 373 610 372 0 1 27 24 42754 32 3
19740 19741 610 372 611 372 1 0 24 23 -42754 32 1
19741 19927 611 372 611 372 0 0 23 23 0 186 0
19927 19928 611 372 610 372 0 1 23 22 42851 32 1
19928 19928 610 372 610 372 1 2 22 22 42840 5 0
19928 19930 610 372 612 372 2 1 22 20 -42851 32 2
19930 19932 612 372 613 373 1 0 20 18 -42840 5 2
19932 20369 613 373 613 373 0 0 18 18 0 437 0
20369 20373 613 373 610 372 0 1 18 14 43082 32 4
20373 20375 610 372 612 372 1 0 14 12 -43082 32 2
20375 20406 612 372 612 372 0 0 12 12 0 31 0
20406 20408 612 372 610 372 0 1 12 10 43096 32 2
20408 20413 610 372 615 372 1 0 10 5 -43096 32 5
20413 43262 615 372 615 372 0 0 5 5 0 22849 0
43262 43267 615 372 610 372 0 0 5 0 1000000000 0 5
--------------------------------------
--------------------------------------
EV9
--------------------------------------
Num TPs served = 17
TPs served = 43208 43589 43644 43649 43991 44016 44450 44537 45340 45734 45737 45890 46247 46350 46771 47031 47466
Total energy used = 100
--------------------------------------
Schedule:
0 20620 610 372 610 372 0 0 100 100 0 20620 0
20620 20620 610 372 610 372 0 1 100 100 43208 32 0
20620 20621 610 372 610 373 1 0 100 99 -43208 32 1
20621 21381 610 373 610 373 0 0 99 99 0 760 0
21381 21382 610 373 610 372 0 1 99 98 43589 32 1
21382 21383 610 372 610 372 1 1 98 98 0 1 0
21383 21390 610 372 616 373 1 0 98 91 -43589 32 7
21390 21485 616 373 616 373 0 0 91 91 0 95 0
21485 21492 616 373 610 372 0 1 91 84 43649 32 7
21492 21492 610 372 610 372 1 2 84 84 43644 27 0
21492 21497 610 372 614 373 2 1 84 79 -43649 32 5
21497 21501 614 373 612 375 1 0 79 75 -43644 25 4
21501 22152 612 375 612 375 0 0 75 75 0 651 0
22152 22157 612 375 610 372 0 1 75 70 43991 32 5
22157 22158 610 372 610 372 1 1 70 70 0 1 0
22158 22160 610 372 611 373 1 0 70 68 -43991 32 2
22160 22197 611 373 611 373 0 0 68 68 0 37 0
22197 22199 611 373 610 372 0 1 68 66 44016 32 2
22199 22202 610 372 613 372 1 0 66 63 -44016 32 3
22202 23021 613 372 613 372 0 0 63 63 0 819 0
23021 23024 613 372 610 372 0 1 63 60 44450 32 3
23024 23027 610 372 610 372 1 1 60 60 0 3 0
23027 23029 610 372 611 373 1 0 60 58 -44450 32 2
23029 23180 611 373 611 373 0 0 58 58 0 151 0
23180 23182 611 373 610 372 0 1 58 56 44537 32 2
23182 23183 610 372 610 372 1 1 56 56 0 1 0
23183 23185 610 372 612 372 1 0 56 54 -44537 32 2
23185 24616 612 372 612 372 0 0 54 54 0 1431 0
24616 24618 612 372 610 372 0 1 54 52 45340 32 2
24618 24619 610 372 611 372 1 0 52 51 -45340 32 1
24619 25304 611 372 611 372 0 0 51 51 0 685 0
25304 25305 611 372 610 372 0 1 51 50 45737 32 1
25305 25305 610 372 610 372 1 2 50 50 45734 26 0
25305 25306 610 372 610 373 2 1 50 49 -45737 32 1
25306 25306 610 373 610 373 1 0 49 49 -45734 27 0
25306 25577 610 373 610 373 0 0 49 49 0 271 0
25577 25578 610 373 610 372 0 1 49 48 45890 32 1
25578 25579 610 372 611 372 1 0 48 47 -45890 32 1
25579 26225 611 372 611 372 0 0 47 47 0 646 0
26225 26226 611 372 610 372 0 1 47 46 46247 32 1
26226 26233 610 372 617 372 1 0 46 39 -46247 32 7
26233 26388 617 372 617 372 0 0 39 39 0 155 0
26388 26395 617 372 610 372 0 1 39 32 46350 32 7
26395 26398 610 372 610 375 1 0 32 29 -46350 32 3
26398 27165 610 375 610 375 0 0 29 29 0 767 0
27165 27168 610 375 610 372 0 1 29 26 46771 32 3
27168 27176 610 372 614 376 1 0 26 18 -46771 32 8
27176 27597 614 376 614 376 0 0 18 18 0 421 0
27597 27605 614 376 610 372 0 1 18 10 47031 32 8
27605 27607 610 372 610 372 1 1 10 10 0 2 0
27607 27611 610 372 610 376 1 0 10 6 -47031 32 4
27611 28311 610 376 610 376 0 0 6 6 0 700 0
28311 28315 610 376 610 372 0 1 6 2 47466 32 4
28315 28316 610 372 610 372 1 1 2 2 0 1 0
28316 28317 610 372 611 372 1 0 2 1 -47466 32 1
28317 43266 611 372 611 372 0 0 1 1 0 14949 0
43266 43267 611 372 610 372 0 0 1 0 1000000000 0 1
--------------------------------------
--------------------------------------
EV10
--------------------------------------
Num TPs served = 14
TPs served = 46895 47055 47636 47865 48088 48266 48493 48620 49237 49398 49470 49504 49599 49678
Total energy used = 70
--------------------------------------
Schedule:
0 27372 610 372 610 372 0 0 100 100 0 27372 0
27372 27372 610 372 610 372 0 1 100 100 46895 32 0
27372 27379 610 372 615 374 1 0 100 93 -46895 32 7
27379 27640 615 374 615 374 0 0 93 93 0 261 0
27640 27647 615 374 610 372 0 1 93 86 47055 32 7
27647 27649 610 372 612 372 1 0 86 84 -47055 32 2
27649 28591 612 372 612 372 0 0 84 84 0 942 0
28591 28593 612 372 610 372 0 1 84 82 47636 32 2
28593 28594 610 372 611 372 1 0 82 81 -47636 32 1
28594 28979 611 372 611 372 0 0 81 81 0 385 0
28979 28980 611 372 610 372 0 1 81 80 47865 32 1
28980 28981 610 372 610 372 1 1 80 80 0 1 0
28981 28982 610 372 611 372 1 0 80 79 -47865 32 1
28982 29380 611 372 611 372 0 0 79 79 0 398 0
29380 29381 611 372 610 372 0 1 79 78 48088 32 1
29381 29386 610 372 614 373 1 0 78 73 -48088 32 5
29386 29719 614 373 614 373 0 0 73 73 0 333 0
29719 29724 614 373 610 372 0 1 73 68 48266 32 5
29724 29727 610 372 610 372 1 1 68 68 0 3 0
29727 29728 610 372 611 372 1 0 68 67 -48266 32 1
29728 30129 611 372 611 372 0 0 67 67 0 401 0
30129 30130 611 372 610 372 0 1 67 66 48493 32 1
30130 30131 610 372 611 372 1 0 66 65 -48493 32 1
30131 30345 611 372 611 372 0 0 65 65 0 214 0
30345 30346 611 372 610 372 0 1 65 64 48620 32 1
30346 30348 610 372 611 373 1 0 64 62 -48620 32 2
30348 31412 611 373 611 373 0 0 62 62 0 1064 0
31412 31414 611 373 610 372 0 1 62 60 49237 32 2
31414 31415 610 372 611 372 1 0 60 59 -49237 32 1
31415 31720 611 372 611 372 0 0 59 59 0 305 0
31720 31721 611 372 610 372 0 1 59 58 49398 32 1
31721 31722 610 372 610 373 1 0 58 57 -49398 32 1
31722 31847 610 373 610 373 0 0 57 57 0 125 0
31847 31848 610 373 610 372 0 1 57 56 49470 32 1
31848 31850 610 372 610 372 1 1 56 56 0 2 0
31850 31851 610 372 610 373 1 0 56 55 -49470 32 1
31851 31915 610 373 610 373 0 0 55 55 0 64 0
31915 31916 610 373 610 372 0 1 55 54 49504 32 1
31916 31917 610 372 610 372 1 1 54 54 0 1 0
31917 31920 610 372 611 374 1 0 54 51 -49504 32 3
31920 32058 611 374 611 374 0 0 51 51 0 138 0
32058 32061 611 374 610 372 0 1 51 48 49599 32 3
32061 32068 610 372 616 373 1 0 48 41 -49599 32 7
32068 32196 616 373 616 373 0 0 41 41 0 128 0
32196 32203 616 373 610 372 0 1 41 34 49678 32 7
32203 32205 610 372 610 374 1 0 34 32 -49678 32 2
32205 43265 610 374 610 374 0 0 32 32 0 11060 0
43265 43267 610 374 610 372 0 0 32 30 1000000000 0 2
--------------------------------------
--------------------------------------
EV11
--------------------------------------
Num TPs served = 0
TPs served = 
Total energy used = 0
--------------------------------------
Schedule:
0 43265 610 372 610 372 0 0 100 100 0 43265 0
43265 43266 610 372 610 372 0 0 100 100 0 0 0
43266 43267 610 372 610 372 0 0 100 100 0 0 0
--------------------------------------

-------------------------------------------------------------------------

TPs

-------------------------------------------------------------------------

----------------------
TP59 allocated to 1
----------------------

----------------------
TP270 allocated to 1
----------------------

----------------------
TP403 allocated to 1
----------------------

----------------------
TP897 allocated to 1
----------------------

----------------------
TP1708 allocated to 1
----------------------

----------------------
TP2089 allocated to 1
----------------------

----------------------
TP2155 allocated to 1
----------------------

----------------------
TP2319 allocated to 1
----------------------

----------------------
TP2331 allocated to 1
----------------------

----------------------
TP2661 allocated to 1
----------------------

----------------------
TP2821 allocated to 1
----------------------

----------------------
TP2835 allocated to 1
----------------------

----------------------
TP3529 allocated to 1
----------------------

----------------------
TP3693 allocated to 1
----------------------

----------------------
TP3808 allocated to 1
----------------------

----------------------
TP4258 allocated to 1
----------------------

----------------------
TP4485 allocated to 1
----------------------

----------------------
TP4675 allocated to 2
----------------------

----------------------
TP5429 allocated to 1
----------------------

----------------------
TP5664 allocated to 2
----------------------

----------------------
TP5730 allocated to 2
----------------------

----------------------
TP5940 allocated to 1
----------------------

----------------------
TP6262 allocated to 2
----------------------

----------------------
TP6467 allocated to 2
----------------------

----------------------
TP6843 allocated to 2
----------------------

----------------------
TP7217 allocated to 2
----------------------

----------------------
TP7353 allocated to 2
----------------------

----------------------
TP7590 allocated to 2
----------------------

----------------------
TP8074 allocated to 1
----------------------

----------------------
TP8166 allocated to 2
----------------------

----------------------
TP8362 allocated to 2
----------------------

----------------------
TP8395 allocated to 2
----------------------

----------------------
TP8596 allocated to 2
----------------------

----------------------
TP9191 allocated to 2
----------------------

----------------------
TP9196 allocated to 2
----------------------

----------------------
TP9480 allocated to 2
----------------------

----------------------
TP9501 allocated to 2
----------------------

----------------------
TP9883 allocated to 3
----------------------

----------------------
TP10360 allocated to 3
----------------------

----------------------
TP10596 allocated to 3
----------------------

----------------------
TP10858 allocated to 3
----------------------

----------------------
TP11429 allocated to 3
----------------------

----------------------
TP11444 allocated to 3
----------------------

----------------------
TP11453 allocated to 3
----------------------

----------------------
TP11532 allocated to 3
----------------------

----------------------
TP11685 allocated to 3
----------------------

----------------------
TP11970 allocated to 3
----------------------

----------------------
TP12072 allocated to 1
----------------------

----------------------
TP12134 allocated to 3
----------------------

----------------------
TP12135 allocated to 3
----------------------

----------------------
TP12211 allocated to 3
----------------------

----------------------
TP12669 allocated to 3
----------------------

----------------------
TP12800 allocated to 3
----------------------

----------------------
TP13066 allocated to 3
----------------------

----------------------
TP13188 allocated to 3
----------------------

----------------------
TP13206 allocated to 3
----------------------

----------------------
TP13320 allocated to 3
----------------------

----------------------
TP13487 allocated to 4
----------------------

----------------------
TP13586 allocated to 1
----------------------

----------------------
TP13662 allocated to 4
----------------------

----------------------
TP13859 allocated to 3
----------------------

----------------------
TP14513 allocated to 4
----------------------

----------------------
TP14610 allocated to 1
----------------------

----------------------
TP14748 allocated to 4
----------------------

----------------------
TP14925 allocated to 4
----------------------

----------------------
TP15044 allocated to 4
----------------------

----------------------
TP15135 allocated to 4
----------------------

----------------------
TP15279 allocated to 4
----------------------

----------------------
TP15631 allocated to 4
----------------------

----------------------
TP15833 allocated to 4
----------------------

----------------------
TP16161 allocated to 4
----------------------

----------------------
TP17216 allocated to 4
----------------------

----------------------
TP17470 allocated to 4
----------------------

----------------------
TP17530 allocated to 5
----------------------

----------------------
TP17792 allocated to 4
----------------------

----------------------
TP17810 allocated to 5
----------------------

----------------------
TP18424 allocated to 5
----------------------

----------------------
TP18529 allocated to 5
----------------------

----------------------
TP18594 allocated to 5
----------------------

----------------------
TP18704 allocated to 5
----------------------

----------------------
TP19124 allocated to 5
----------------------

----------------------
TP19218 allocated to 5
----------------------

----------------------
TP19264 allocated to 5
----------------------

----------------------
TP19477 allocated to 5
----------------------

----------------------
TP19568 allocated to 5
----------------------

----------------------
TP19945 allocated to 5
----------------------

----------------------
TP20068 allocated to 5
----------------------

----------------------
TP20193 allocated to 5
----------------------

----------------------
TP20743 allocated to 5
----------------------

----------------------
TP20774 allocated to 5
----------------------

----------------------
TP20852 allocated to 5
----------------------

----------------------
TP21124 allocated to 5
----------------------

----------------------
TP21356 allocated to 5
----------------------

----------------------
TP21641 allocated to 5
----------------------

----------------------
TP22189 allocated to 5
----------------------

----------------------
TP22510 allocated to 5
----------------------

----------------------
TP22787 allocated to 1
----------------------

----------------------
TP23064 allocated to 2
----------------------

----------------------
TP23199 allocated to 5
----------------------

----------------------
TP23876 allocated to 6
----------------------

----------------------
TP24331 allocated to 5
----------------------

----------------------
TP24465 allocated to 1
----------------------

----------------------
TP25273 allocated to 5
----------------------

----------------------
TP26026 allocated to 6
----------------------

----------------------
TP26150 allocated to 3
----------------------

----------------------
TP26895 allocated to 5
----------------------

----------------------
TP26905 allocated to 5
----------------------

----------------------
TP27012 allocated to 6
----------------------

----------------------
TP27245 allocated to 3
----------------------

----------------------
TP27269 allocated to 6
----------------------

----------------------
TP27623 allocated to 5
----------------------

----------------------
TP27669 allocated to 1
----------------------

----------------------
TP27688 allocated to 6
----------------------

----------------------
TP27710 allocated to 6
----------------------

----------------------
TP27741 allocated to 6
----------------------

----------------------
TP27926 allocated to 6
----------------------

----------------------
TP28365 allocated to 1
----------------------

----------------------
TP28532 allocated to 6
----------------------

----------------------
TP28537 allocated to 6
----------------------

----------------------
TP28860 allocated to 1
----------------------

----------------------
TP29092 allocated to 1
----------------------

----------------------
TP29352 allocated to 6
----------------------

----------------------
TP29364 allocated to 6
----------------------

----------------------
TP30009 allocated to 6
----------------------

----------------------
TP30063 allocated to 6
----------------------

----------------------
TP30793 allocated to 4
----------------------

----------------------
TP31015 allocated to 6
----------------------

----------------------
TP31738 allocated to 6
----------------------

----------------------
TP31766 allocated to 6
----------------------

----------------------
TP31838 allocated to 6
----------------------

----------------------
TP32112 allocated to 6
----------------------

----------------------
TP32260 allocated to 6
----------------------

----------------------
TP32804 allocated to 6
----------------------

----------------------
TP32889 allocated to 4
----------------------

----------------------
TP32904 allocated to 6
----------------------

----------------------
TP33142 allocated to 4
----------------------

----------------------
TP33147 allocated to 4
----------------------

----------------------
TP33442 allocated to 7
----------------------

----------------------
TP33502 allocated to 7
----------------------

----------------------
TP33864 allocated to 1
----------------------

----------------------
TP33924 allocated to 7
----------------------

----------------------
TP34770 allocated to 7
----------------------

----------------------
TP35117 allocated to 7
----------------------

----------------------
TP35606 allocated to 7
----------------------

----------------------
TP35675 allocated to 1
----------------------

----------------------
TP36262 allocated to 1
----------------------

----------------------
TP36513 allocated to 7
----------------------

----------------------
TP36698 allocated to 7
----------------------

----------------------
TP36707 allocated to 7
----------------------

----------------------
TP36782 allocated to 7
----------------------

----------------------
TP36965 allocated to 7
----------------------

----------------------
TP37021 allocated to 7
----------------------

----------------------
TP37177 allocated to 7
----------------------

----------------------
TP37852 allocated to 7
----------------------

----------------------
TP38171 allocated to 7
----------------------

----------------------
TP38454 allocated to 7
----------------------

----------------------
TP38557 allocated to 7
----------------------

----------------------
TP38604 allocated to 7
----------------------

----------------------
TP38770 allocated to 2
----------------------

----------------------
TP39033 allocated to 7
----------------------

----------------------
TP39237 allocated to 7
----------------------

----------------------
TP39301 allocated to 8
----------------------

----------------------
TP39383 allocated to 8
----------------------

----------------------
TP39874 allocated to 8
----------------------

----------------------
TP39992 allocated to 8
----------------------

----------------------
TP40137 allocated to 8
----------------------

----------------------
TP40142 allocated to 8
----------------------

----------------------
TP40314 allocated to 2
----------------------

----------------------
TP40340 allocated to 8
----------------------

----------------------
TP40459 allocated to 8
----------------------

----------------------
TP40672 allocated to 8
----------------------

----------------------
TP40834 allocated to 8
----------------------

----------------------
TP41136 allocated to 8
----------------------

----------------------
TP41215 allocated to 8
----------------------

----------------------
TP41326 allocated to 8
----------------------

----------------------
TP41365 allocated to 8
----------------------

----------------------
TP41534 allocated to 8
----------------------

----------------------
TP41928 allocated to 8
----------------------

----------------------
TP42085 allocated to 1
----------------------

----------------------
TP42174 allocated to 1
----------------------

----------------------
TP42196 allocated to 8
----------------------

----------------------
TP42291 allocated to 1
----------------------

----------------------
TP42470 allocated to 8
----------------------

----------------------
TP42754 allocated to 8
----------------------

----------------------
TP42840 allocated to 8
----------------------

----------------------
TP42851 allocated to 8
----------------------

----------------------
TP43082 allocated to 8
----------------------

----------------------
TP43096 allocated to 8
----------------------

----------------------
TP43208 allocated to 9
----------------------

----------------------
TP43589 allocated to 9
----------------------

----------------------
TP43644 allocated to 9
----------------------

----------------------
TP43649 allocated to 9
----------------------

----------------------
TP43991 allocated to 9
----------------------

----------------------
TP44016 allocated to 9
----------------------

----------------------
TP44450 allocated to 9
----------------------

----------------------
TP44537 allocated to 9
----------------------

----------------------
TP44593 allocated to 1
----------------------

----------------------
TP44750 allocated to 1
----------------------

----------------------
TP45340 allocated to 9
----------------------

----------------------
TP45734 allocated to 9
----------------------

----------------------
TP45737 allocated to 9
----------------------

----------------------
TP45890 allocated to 9
----------------------

----------------------
TP46247 allocated to 9
----------------------

----------------------
TP46350 allocated to 9
----------------------

----------------------
TP46435 allocated to 1
----------------------

----------------------
TP46771 allocated to 9
----------------------

----------------------
TP46895 allocated to 10
----------------------

----------------------
TP46991 allocated to 6
----------------------

----------------------
TP47031 allocated to 9
----------------------

----------------------
TP47055 allocated to 10
----------------------

----------------------
TP47326 allocated to 1
----------------------

----------------------
TP47466 allocated to 9
----------------------

----------------------
TP47636 allocated to 10
----------------------

----------------------
TP47672 allocated to 1
----------------------

----------------------
TP47865 allocated to 10
----------------------

----------------------
TP48088 allocated to 10
----------------------

----------------------
TP48266 allocated to 10
----------------------

----------------------
TP48493 allocated to 10
----------------------

----------------------
TP48620 allocated to 10
----------------------

----------------------
TP49237 allocated to 10
----------------------

----------------------
TP49398 allocated to 10
----------------------

----------------------
TP49470 allocated to 10
----------------------

----------------------
TP49504 allocated to 10
----------------------

----------------------
TP49599 allocated to 10
----------------------

----------------------
TP49678 allocated to 10
----------------------

-------------------------------------------------------------------------

Ride-sharing vs Individual Mode - Num Vehicles and Distance Comparisson 

-------------------------------------------------------------------------
Individual Mode = 225 vehicles.
Ride-sharing Mode = 11 vehicles. The 11 ride-sharing vehicles + 0 vehicles of the individuals not served by the ride-sharing service.
-------------------------------------------------------------------------
Individual Mode = 512 distance.
Ride-sharing Mode = 970 distance. 970 from the EV fleet + 0 from the distance of the trips not covered individuals had to do with their own vehicle.
-------------------------------------------------------------------------
