-------------------------------------------------------------------------
TPs satisfied = 82; Total TPs = 179; Percentage Satisfied + 45.800000000000004%
-------------------------------------------------------------------------

-------------------------------------------------------------------------

EVs

-------------------------------------------------------------------------
--------------------------------------
EV1
--------------------------------------
Num TPs served = 38
TPs served = 388 476 2210 2284 3173 3233 3336 3670 3736 3901 4072 4313 4339 4750 4985 5495 6176 6872 7069 7129 7219 7985 8367 8870 11190 15655 18294 18939 19896 21884 30043 30455 33346 36477 40701 42785 42930 46279
Total energy used = 100
--------------------------------------
Schedule:
0 723 793 744 793 744 0 0 100 100 0 723 0
723 723 793 744 793 744 0 1 100 100 388 32 0
723 725 793 744 795 744 1 0 100 98 -388 32 2
725 861 795 744 795 744 0 0 98 98 0 136 0
861 863 795 744 793 744 0 1 98 96 476 32 2
863 864 793 744 794 744 1 0 96 95 -476 32 1
864 2729 794 744 794 744 0 0 95 95 0 1865 0
2729 2730 794 744 793 744 0 1 95 94 18294 32 1
2730 2731 793 744 793 744 1 1 94 94 0 1 0
2731 2731 793 744 793 744 1 0 94 94 -18294 32 0
2731 3882 793 744 793 744 0 0 94 94 0 1151 0
3882 3882 793 744 793 744 0 1 94 94 36477 32 0
3882 3907 793 744 793 744 1 1 94 94 0 25 0
3907 3907 793 744 793 744 1 2 94 94 2210 32 0
3907 3908 793 744 794 744 2 1 94 93 -36477 7 1
3908 3908 794 744 794 744 1 0 93 93 -2210 32 0
3908 4046 794 744 794 744 0 0 93 93 0 138 0
4046 4047 794 744 793 744 0 1 93 92 2284 32 1
4047 4052 793 744 798 744 1 0 92 87 -2284 32 5
4052 4799 798 744 798 744 0 0 87 87 0 747 0
4799 4804 798 744 793 744 0 1 87 82 18939 32 5
4804 4806 793 744 793 744 1 1 82 82 0 2 0
4806 4806 793 744 793 744 1 0 82 82 -18939 32 0
4806 5656 793 744 793 744 0 0 82 82 0 850 0
5656 5656 793 744 793 744 0 1 82 82 3173 32 0
5656 5663 793 744 799 745 1 0 82 75 -3173 32 7
5663 5750 799 745 799 745 0 0 75 75 0 87 0
5750 5757 799 745 793 744 0 1 75 68 3233 32 7
5757 5759 793 744 795 744 1 0 68 66 -3233 32 2
5759 5942 795 744 795 744 0 0 66 66 0 183 0
5942 5944 795 744 793 744 0 1 66 64 3336 32 2
5944 5945 793 744 793 745 1 0 64 63 -3336 32 1
5945 6579 793 745 793 745 0 0 63 63 0 634 0
6579 6580 793 745 793 744 0 1 63 62 3670 32 1
6580 6584 793 744 793 748 1 0 62 58 -3670 32 4
6584 6702 793 748 793 748 0 0 58 58 0 118 0
6702 6706 793 748 793 744 0 1 58 54 3736 32 4
6706 6712 793 744 799 744 1 0 54 48 -3736 32 6
6712 6979 799 744 799 744 0 0 48 48 0 267 0
6979 6985 799 744 793 744 0 1 48 42 3901 32 6
6985 6986 793 744 793 744 1 1 42 42 0 1 0
6986 6989 793 744 794 746 1 0 42 39 -3901 32 3
6989 7326 794 746 794 746 0 0 39 39 0 337 0
7326 7329 794 746 793 744 0 1 39 36 4072 32 3
7329 7331 793 744 795 744 1 0 36 34 -4072 32 2
7331 7738 795 744 795 744 0 0 34 34 0 407 0
7738 7740 795 744 793 744 0 1 34 32 19896 32 2
7740 7747 793 744 793 744 1 1 32 32 0 7 0
7747 7747 793 744 793 744 1 2 32 32 4313 32 0
7747 7748 793 744 793 745 2 1 32 31 -19896 25 1
7748 7748 793 745 793 745 1 0 31 31 -4313 32 0
7748 7802 793 745 793 745 0 0 31 31 0 54 0
7802 7803 793 745 793 744 0 1 31 30 4339 32 1
7803 7804 793 744 793 744 1 1 30 30 0 1 0
7804 7805 793 744 794 744 1 0 30 29 -4339 32 1
7805 8630 794 744 794 744 0 0 29 29 0 825 0
8630 8631 794 744 793 744 0 1 29 28 4750 32 1
8631 8632 793 744 793 744 1 1 28 28 0 1 0
8632 8634 793 744 793 746 1 0 28 26 -4750 32 2
8634 9041 793 746 793 746 0 0 26 26 0 407 0
9041 9043 793 746 793 744 0 1 26 24 4985 32 2
9043 9045 793 744 794 745 1 0 24 22 -4985 32 2
9045 9986 794 745 794 745 0 0 22 22 0 941 0
9986 9988 794 745 793 744 0 1 22 20 5495 32 2
9988 9989 793 744 793 744 1 1 20 20 0 1 0
9989 9989 793 744 793 744 1 0 20 20 -5495 32 0
9989 11325 793 744 793 744 0 0 20 20 0 1336 0
11325 11325 793 744 793 744 0 1 20 20 6176 32 0
11325 11326 793 744 793 744 1 1 20 20 0 1 0
11326 11326 793 744 793 744 1 0 20 20 -6176 32 0
11326 12718 793 744 793 744 0 0 20 20 0 1392 0
12718 12718 793 744 793 744 0 1 20 20 6872 32 0
12718 12720 793 744 794 745 1 0 20 18 -6872 32 2
12720 13126 794 745 794 745 0 0 18 18 0 406 0
13126 13128 794 745 793 744 0 1 18 16 21884 32 2
13128 13131 793 744 793 744 1 1 16 16 0 3 0
13131 13131 793 744 793 744 1 0 16 16 -21884 32 0
13131 13151 793 744 793 744 0 0 16 16 0 20 0
13151 13151 793 744 793 744 0 1 16 16 7069 32 0
13151 13153 793 744 795 744 1 0 16 14 -7069 32 2
13153 13294 795 744 795 744 0 0 14 14 0 141 0
13294 13296 795 744 793 744 0 1 14 12 7129 32 2
13296 13297 793 744 793 744 1 1 12 12 0 1 0
13297 13298 793 744 794 744 1 0 12 11 -7129 32 1
13298 13504 794 744 794 744 0 0 11 11 0 206 0
13504 13505 794 744 793 744 0 1 11 10 7219 32 1
13505 13506 793 744 794 744 1 0 10 9 -7219 32 1
13506 15200 794 744 794 744 0 0 9 9 0 1694 0
15200 15201 794 744 793 744 0 1 9 8 40701 32 1
15201 15201 793 744 793 744 1 2 8 8 7985 4 0
15201 15202 793 744 794 744 2 1 8 7 -40701 32 1
15202 15203 794 744 794 745 1 0 7 6 -7985 4 1
15203 16081 794 745 794 745 0 0 6 6 0 878 0
16081 16083 794 745 793 744 0 1 6 4 8367 32 2
16083 16084 793 744 793 744 1 1 4 4 0 1 0
16084 16085 793 744 793 745 1 0 4 3 -8367 32 1
16085 17306 793 745 793 745 0 0 3 3 0 1221 0
17306 17307 793 745 793 744 0 1 3 2 8870 32 1
17307 17308 793 744 793 745 1 0 2 1 -8870 32 1
17308 19794 793 745 793 745 0 0 1 1 0 2486 0
19794 19795 793 745 793 744 0 1 1 0 42785 32 1
19795 19797 793 744 793 744 1 1 0 0 0 2 0
19797 19797 793 744 793 744 1 0 0 0 -42785 32 0
19797 20094 793 744 793 744 0 0 0 0 0 297 0
20094 20094 793 744 793 744 0 1 0 0 42930 32 0
20094 20095 793 744 793 744 1 1 0 0 0 1 0
20095 20095 793 744 793 744 1 0 0 0 -42930 32 0
20095 23917 793 744 793 744 0 0 0 0 0 3822 0
23917 23917 793 744 793 744 0 1 0 0 11190 32 0
23917 23921 793 744 793 744 1 1 0 0 0 4 0
23921 23921 793 744 793 744 1 0 0 0 -11190 32 0
23921 26276 793 744 793 744 0 0 0 0 0 2355 0
26276 26276 793 744 793 744 0 1 0 0 46279 32 0
26276 26277 793 744 793 744 1 1 0 0 0 1 0
26277 26277 793 744 793 744 1 0 0 0 -46279 32 0
26277 30557 793 744 793 744 0 0 0 0 0 4280 0
30557 30557 793 744 793 744 0 1 0 0 30043 32 0
30557 30558 793 744 793 744 1 1 0 0 0 1 0
30558 30558 793 744 793 744 1 0 0 0 -30043 32 0
30558 31358 793 744 793 744 0 0 0 0 0 800 0
31358 31358 793 744 793 744 0 1 0 0 30455 32 0
31358 31359 793 744 793 744 1 1 0 0 0 1 0
31359 31359 793 744 793 744 1 0 0 0 -30455 32 0
31359 38041 793 744 793 744 0 0 0 0 0 6682 0
38041 38041 793 744 793 744 0 1 0 0 33346 32 0
38041 38045 793 744 793 744 1 1 0 0 0 4 0
38045 38045 793 744 793 744 1 0 0 0 -33346 32 0
38045 40129 793 744 793 744 0 0 0 0 0 2084 0
40129 40129 793 744 793 744 0 1 0 0 15655 32 0
40129 40132 793 744 793 744 1 1 0 0 0 3 0
40132 40132 793 744 793 744 1 0 0 0 -15655 32 0
40132 43267 793 744 793 744 0 0 0 0 0 3135 0
43267 43267 793 744 793 744 0 0 0 0 1000000000 0 0
--------------------------------------
--------------------------------------
EV2
--------------------------------------
Num TPs served = 18
TPs served = 7388 8250 8875 9223 9898 9913 10032 10810 11464 11601 12480 12501 12779 13073 13265 13716 14166 45751
Total energy used = 100
--------------------------------------
Schedule:
0 13851 793 744 793 744 0 0 100 100 0 13851 0
13851 13851 793 744 793 744 0 1 100 100 7388 32 0
13851 13856 793 744 798 744 1 0 100 95 -7388 32 5
13856 15815 798 744 798 744 0 0 95 95 0 1959 0
15815 15820 798 744 793 744 0 1 95 90 8250 32 5
15820 15830 793 744 793 744 1 1 90 90 0 10 0
15830 15840 793 744 797 750 1 0 90 80 -8250 32 10
15840 17305 797 750 797 750 0 0 80 80 0 1465 0
17305 17315 797 750 793 744 0 1 80 70 8875 32 10
17315 17318 793 744 794 746 1 0 70 67 -8875 32 3
17318 18247 794 746 794 746 0 0 67 67 0 929 0
18247 18250 794 746 793 744 0 1 67 64 9223 32 3
18250 18252 793 744 793 744 1 1 64 64 0 2 0
18252 18253 793 744 794 744 1 0 64 63 -9223 32 1
18253 20117 794 744 794 744 0 0 63 63 0 1864 0
20117 20118 794 744 793 744 0 1 63 62 9898 32 1
20118 20150 793 744 793 744 1 1 62 62 0 32 0
20150 20150 793 744 793 744 1 2 62 62 9913 32 0
20150 20154 793 744 797 744 2 1 62 58 -9898 0 4
20154 20156 797 744 797 744 1 1 58 58 0 2 0
20156 20160 797 744 795 746 1 0 58 54 -9913 32 4
20160 20516 795 746 795 746 0 0 54 54 0 356 0
20516 20520 795 746 793 744 0 1 54 50 10032 32 4
20520 20522 793 744 793 744 1 1 50 50 0 2 0
20522 20528 793 744 799 744 1 0 50 44 -10032 32 6
20528 22765 799 744 799 744 0 0 44 44 0 2237 0
22765 22771 799 744 793 744 0 1 44 38 10810 32 6
22771 22773 793 744 794 745 1 0 38 36 -10810 32 2
22773 24863 794 745 794 745 0 0 36 36 0 2090 0
24863 24865 794 745 793 744 0 1 36 34 11464 32 2
24865 24866 793 744 793 745 1 0 34 33 -11464 32 1
24866 25330 793 745 793 745 0 0 33 33 0 464 0
25330 25331 793 745 793 744 0 1 33 32 45751 32 1
25331 25359 793 744 793 744 1 1 32 32 0 28 0
25359 25359 793 744 793 744 1 2 32 32 11601 32 0
25359 25360 793 744 793 745 2 1 32 31 -45751 4 1
25360 25360 793 745 793 745 1 0 31 31 -11601 32 0
25360 28356 793 745 793 745 0 0 31 31 0 2996 0
28356 28357 793 745 793 744 0 1 31 30 12480 32 1
28357 28358 793 744 794 744 1 0 30 29 -12480 32 1
28358 28444 794 744 794 744 0 0 29 29 0 86 0
28444 28445 794 744 793 744 0 1 29 28 12501 32 1
28445 28446 793 744 793 744 1 1 28 28 0 1 0
28446 28448 793 744 794 745 1 0 28 26 -12501 32 2
28448 29458 794 745 794 745 0 0 26 26 0 1010 0
29458 29460 794 745 793 744 0 1 26 24 12779 32 2
29460 29461 793 744 794 744 1 0 24 23 -12779 32 1
29461 30563 794 744 794 744 0 0 23 23 0 1102 0
30563 30564 794 744 793 744 0 1 23 22 13073 32 1
30564 30567 793 744 794 746 1 0 22 19 -13073 32 3
30567 31191 794 746 794 746 0 0 19 19 0 624 0
31191 31194 794 746 793 744 0 1 19 16 13265 32 3
31194 31197 793 744 793 747 1 0 16 13 -13265 32 3
31197 32888 793 747 793 747 0 0 13 13 0 1691 0
32888 32891 793 747 793 744 0 1 13 10 13716 32 3
32891 32894 793 744 793 744 1 1 10 10 0 3 0
32894 32898 793 744 794 747 1 0 10 6 -13716 32 4
32898 34613 794 747 794 747 0 0 6 6 0 1715 0
34613 34617 794 747 793 744 0 1 6 2 14166 32 4
34617 34618 793 744 793 745 1 0 2 1 -14166 32 1
34618 43266 793 745 793 745 0 0 1 1 0 8648 0
43266 43267 793 745 793 744 0 0 1 0 1000000000 0 1
--------------------------------------
--------------------------------------
EV3
--------------------------------------
Num TPs served = 26
TPs served = 14082 14697 14908 14968 15252 15674 15852 16119 16286 16541 16683 17097 17524 17834 17860 17960 18091 18773 19373 19466 19603 19605 19630 19634 19737 20537
Total energy used = 100
--------------------------------------
Schedule:
0 347 793 744 793 744 0 0 100 100 0 347 0
347 347 793 744 793 744 0 1 100 100 17524 32 0
347 349 793 744 795 744 1 0 100 98 -17524 32 2
349 1317 795 744 795 744 0 0 98 98 0 968 0
1317 1319 795 744 793 744 0 1 98 96 17834 32 2
1319 1321 793 744 794 745 1 0 96 94 -17834 32 2
1321 1420 794 745 794 745 0 0 94 94 0 99 0
1420 1422 794 745 793 744 0 1 94 92 17860 32 2
1422 1424 793 744 795 744 1 0 92 90 -17860 32 2
1424 1673 795 744 795 744 0 0 90 90 0 249 0
1673 1675 795 744 793 744 0 1 90 88 17960 32 2
1675 1679 793 744 797 744 1 0 88 84 -17960 32 4
1679 2084 797 744 797 744 0 0 84 84 0 405 0
2084 2088 797 744 793 744 0 1 84 80 18091 32 4
2088 2089 793 744 794 744 1 0 80 79 -18091 32 1
2089 4276 794 744 794 744 0 0 79 79 0 2187 0
4276 4277 794 744 793 744 0 1 79 78 18773 32 1
4277 4278 793 744 794 744 1 0 78 77 -18773 32 1
4278 6131 794 744 794 744 0 0 77 77 0 1853 0
6131 6132 794 744 793 744 0 1 77 76 19373 32 1
6132 6134 793 744 793 744 1 1 76 76 0 2 0
6134 6136 793 744 794 745 1 0 76 74 -19373 32 2
6136 6446 794 745 794 745 0 0 74 74 0 310 0
6446 6448 794 745 793 744 0 1 74 72 19466 32 2
6448 6450 793 744 793 744 1 1 72 72 0 2 0
6450 6451 793 744 794 744 1 0 72 71 -19466 32 1
6451 6871 794 744 794 744 0 0 71 71 0 420 0
6871 6872 794 744 793 744 0 1 71 70 19605 32 1
6872 6872 793 744 793 744 1 2 70 70 19603 30 0
6872 6873 793 744 793 744 2 2 70 70 0 1 0
6873 6874 793 744 793 745 2 1 70 69 -19605 32 1
6874 6874 793 745 793 745 1 0 69 69 -19603 29 0
6874 6955 793 745 793 745 0 0 69 69 0 81 0
6955 6956 793 745 793 744 0 1 69 68 19634 32 1
6956 6956 793 744 793 744 1 2 68 68 19630 28 0
6956 6963 793 744 793 744 2 2 68 68 0 7 0
6963 6968 793 744 795 747 2 1 68 63 -19634 32 5
6968 6971 795 747 795 744 1 0 63 60 -19630 16 3
6971 7239 795 744 795 744 0 0 60 60 0 268 0
7239 7241 795 744 793 744 0 1 60 58 19737 32 2
7241 7242 793 744 793 745 1 0 58 57 -19737 32 1
7242 9541 793 745 793 745 0 0 57 57 0 2299 0
9541 9542 793 745 793 744 0 1 57 56 20537 32 1
9542 9544 793 744 795 744 1 0 56 54 -20537 32 2
9544 34306 795 744 795 744 0 0 54 54 0 24762 0
34306 34308 795 744 793 744 0 1 54 52 14082 32 2
34308 34313 793 744 793 744 1 1 52 52 0 5 0
34313 34318 793 744 797 745 1 0 52 47 -14082 32 5
34318 36657 797 745 797 745 0 0 47 47 0 2339 0
36657 36662 797 745 793 744 0 1 47 42 14697 32 5
36662 36663 793 744 793 745 1 0 42 41 -14697 32 1
36663 37468 793 745 793 745 0 0 41 41 0 805 0
37468 37469 793 745 793 744 0 1 41 40 14908 32 1
37469 37471 793 744 795 744 1 0 40 38 -14908 32 2
37471 37700 795 744 795 744 0 0 38 38 0 229 0
37700 37702 795 744 793 744 0 1 38 36 14968 32 2
37702 37703 793 744 793 744 1 1 36 36 0 1 0
37703 37704 793 744 794 744 1 0 36 35 -14968 32 1
37704 38777 794 744 794 744 0 0 35 35 0 1073 0
38777 38778 794 744 793 744 0 1 35 34 15252 32 1
38778 38779 793 744 793 744 1 1 34 34 0 1 0
38779 38780 793 744 794 744 1 0 34 33 -15252 32 1
38780 40157 794 744 794 744 0 0 33 33 0 1377 0
40157 40158 794 744 793 744 0 1 33 32 15674 32 1
40158 40161 793 744 793 744 1 1 32 32 0 3 0
40161 40162 793 744 794 744 1 0 32 31 -15674 32 1
40162 40475 794 744 794 744 0 0 31 31 0 313 0
40475 40476 794 744 793 744 0 1 31 30 15852 32 1
40476 40477 793 744 793 744 1 1 30 30 0 1 0
40477 40478 793 744 793 745 1 0 30 29 -15852 32 1
40478 40979 793 745 793 745 0 0 29 29 0 501 0
40979 40980 793 745 793 744 0 1 29 28 16119 32 1
40980 40982 793 744 793 744 1 1 28 28 0 2 0
40982 40984 793 744 795 744 1 0 28 26 -16119 32 2
40984 41241 795 744 795 744 0 0 26 26 0 257 0
41241 41243 795 744 793 744 0 1 26 24 16286 32 2
41243 41247 793 744 793 748 1 0 24 20 -16286 32 4
41247 41666 793 748 793 748 0 0 20 20 0 419 0
41666 41670 793 748 793 744 0 1 20 16 16541 32 4
41670 41673 793 744 793 744 1 1 16 16 0 3 0
41673 41676 793 744 796 744 1 0 16 13 -16541 32 3
41676 41920 796 744 796 744 0 0 13 13 0 244 0
41920 41923 796 744 793 744 0 1 13 10 16683 32 3
41923 41925 793 744 793 744 1 1 10 10 0 2 0
41925 41927 793 744 795 744 1 0 10 8 -16683 32 2
41927 42685 795 744 795 744 0 0 8 8 0 758 0
42685 42687 795 744 793 744 0 1 8 6 17097 32 2
42687 42690 793 744 796 744 1 0 6 3 -17097 32 3
42690 43264 796 744 796 744 0 0 3 3 0 574 0
43264 43267 796 744 793 744 0 0 3 0 1000000000 0 3
--------------------------------------

-------------------------------------------------------------------------

TPs

-------------------------------------------------------------------------

----------------------
TP388 allocated to 1
----------------------

----------------------
TP476 allocated to 1
----------------------

----------------------
TP2210 allocated to 1
----------------------

----------------------
TP2284 allocated to 1
----------------------

----------------------
TP3173 allocated to 1
----------------------

----------------------
TP3233 allocated to 1
----------------------

----------------------
TP3336 allocated to 1
----------------------

----------------------
TP3670 allocated to 1
----------------------

----------------------
TP3736 allocated to 1
----------------------

----------------------
TP3901 allocated to 1
----------------------

----------------------
TP4072 allocated to 1
----------------------

----------------------
TP4313 allocated to 1
----------------------

----------------------
TP4339 allocated to 1
----------------------

----------------------
TP4750 allocated to 1
----------------------

----------------------
TP4985 allocated to 1
----------------------

----------------------
TP5495 allocated to 1
----------------------

----------------------
TP6176 allocated to 1
----------------------

----------------------
TP6872 allocated to 1
----------------------

----------------------
TP7069 allocated to 1
----------------------

----------------------
TP7129 allocated to 1
----------------------

----------------------
TP7219 allocated to 1
----------------------

----------------------
TP7388 allocated to 2
----------------------

----------------------
TP7985 allocated to 1
----------------------

----------------------
TP8250 allocated to 2
----------------------

----------------------
TP8367 allocated to 1
----------------------

----------------------
TP8870 allocated to 1
----------------------

----------------------
TP8875 allocated to 2
----------------------

----------------------
TP9223 allocated to 2
----------------------

----------------------
TP9898 allocated to 2
----------------------

----------------------
TP9913 allocated to 2
----------------------

----------------------
TP10032 allocated to 2
----------------------

----------------------
TP10810 allocated to 2
----------------------

----------------------
TP11190 allocated to 1
----------------------

----------------------
TP11464 allocated to 2
----------------------

----------------------
TP11601 allocated to 2
----------------------

----------------------
TP12480 allocated to 2
----------------------

----------------------
TP12501 allocated to 2
----------------------

----------------------
TP12779 allocated to 2
----------------------

----------------------
TP13073 allocated to 2
----------------------

----------------------
TP13265 allocated to 2
----------------------

----------------------
TP13716 allocated to 2
----------------------

----------------------
TP14082 allocated to 3
----------------------

----------------------
TP14166 allocated to 2
----------------------

----------------------
TP14697 allocated to 3
----------------------

----------------------
TP14908 allocated to 3
----------------------

----------------------
TP14968 allocated to 3
----------------------

----------------------
TP15252 allocated to 3
----------------------

----------------------
TP15655 allocated to 1
----------------------

----------------------
TP15674 allocated to 3
----------------------

----------------------
TP15852 allocated to 3
----------------------

----------------------
TP16119 allocated to 3
----------------------

----------------------
TP16286 allocated to 3
----------------------

----------------------
TP16541 allocated to 3
----------------------

----------------------
TP16683 allocated to 3
----------------------

----------------------
TP17097 allocated to 3
----------------------

----------------------
TP17524 allocated to 3
----------------------

----------------------
TP17834 allocated to 3
----------------------

----------------------
TP17860 allocated to 3
----------------------

----------------------
TP17960 allocated to 3
----------------------

----------------------
TP18091 allocated to 3
----------------------

----------------------
TP18294 allocated to 1
----------------------

----------------------
TP18773 allocated to 3
----------------------

----------------------
TP18939 allocated to 1
----------------------

----------------------
TP19373 allocated to 3
----------------------

----------------------
TP19466 allocated to 3
----------------------

----------------------
TP19603 allocated to 3
----------------------

----------------------
TP19605 allocated to 3
----------------------

----------------------
TP19630 allocated to 3
----------------------

----------------------
TP19634 allocated to 3
----------------------

----------------------
TP19737 allocated to 3
----------------------

----------------------
TP19896 allocated to 1
----------------------

----------------------
TP20256 not allocated
----------------------

----------------------
TP20537 allocated to 3
----------------------

----------------------
TP20612 not allocated
----------------------

----------------------
TP20971 not allocated
----------------------

----------------------
TP21082 not allocated
----------------------

----------------------
TP21089 not allocated
----------------------

----------------------
TP21109 not allocated
----------------------

----------------------
TP21737 not allocated
----------------------

----------------------
TP21776 not allocated
----------------------

----------------------
TP21884 allocated to 1
----------------------

----------------------
TP22049 not allocated
----------------------

----------------------
TP22802 not allocated
----------------------

----------------------
TP23066 not allocated
----------------------

----------------------
TP23115 not allocated
----------------------

----------------------
TP23134 not allocated
----------------------

----------------------
TP23204 not allocated
----------------------

----------------------
TP23513 not allocated
----------------------

----------------------
TP23665 not allocated
----------------------

----------------------
TP24080 not allocated
----------------------

----------------------
TP24152 not allocated
----------------------

----------------------
TP24672 not allocated
----------------------

----------------------
TP24839 not allocated
----------------------

----------------------
TP25043 not allocated
----------------------

----------------------
TP25058 not allocated
----------------------

----------------------
TP25259 not allocated
----------------------

----------------------
TP25350 not allocated
----------------------

----------------------
TP25758 not allocated
----------------------

----------------------
TP26143 not allocated
----------------------

----------------------
TP26280 not allocated
----------------------

----------------------
TP26326 not allocated
----------------------

----------------------
TP26467 not allocated
----------------------

----------------------
TP26508 not allocated
----------------------

----------------------
TP26621 not allocated
----------------------

----------------------
TP26675 not allocated
----------------------

----------------------
TP26739 not allocated
----------------------

----------------------
TP26924 not allocated
----------------------

----------------------
TP27239 not allocated
----------------------

----------------------
TP27510 not allocated
----------------------

----------------------
TP27584 not allocated
----------------------

----------------------
TP28005 not allocated
----------------------

----------------------
TP28439 not allocated
----------------------

----------------------
TP28840 not allocated
----------------------

----------------------
TP29121 not allocated
----------------------

----------------------
TP29244 not allocated
----------------------

----------------------
TP29301 not allocated
----------------------

----------------------
TP29658 not allocated
----------------------

----------------------
TP30043 allocated to 1
----------------------

----------------------
TP30135 not allocated
----------------------

----------------------
TP30455 allocated to 1
----------------------

----------------------
TP30503 not allocated
----------------------

----------------------
TP30626 not allocated
----------------------

----------------------
TP31430 not allocated
----------------------

----------------------
TP31647 not allocated
----------------------

----------------------
TP32126 not allocated
----------------------

----------------------
TP32630 not allocated
----------------------

----------------------
TP32808 not allocated
----------------------

----------------------
TP32863 not allocated
----------------------

----------------------
TP33187 not allocated
----------------------

----------------------
TP33346 allocated to 1
----------------------

----------------------
TP33389 not allocated
----------------------

----------------------
TP33843 not allocated
----------------------

----------------------
TP34467 not allocated
----------------------

----------------------
TP34491 not allocated
----------------------

----------------------
TP34759 not allocated
----------------------

----------------------
TP35670 not allocated
----------------------

----------------------
TP36004 not allocated
----------------------

----------------------
TP36105 not allocated
----------------------

----------------------
TP36477 allocated to 1
----------------------

----------------------
TP37787 not allocated
----------------------

----------------------
TP38508 not allocated
----------------------

----------------------
TP38793 not allocated
----------------------

----------------------
TP38843 not allocated
----------------------

----------------------
TP39113 not allocated
----------------------

----------------------
TP39243 not allocated
----------------------

----------------------
TP39411 not allocated
----------------------

----------------------
TP40601 not allocated
----------------------

----------------------
TP40701 allocated to 1
----------------------

----------------------
TP41266 not allocated
----------------------

----------------------
TP41279 not allocated
----------------------

----------------------
TP41539 not allocated
----------------------

----------------------
TP42078 not allocated
----------------------

----------------------
TP42158 not allocated
----------------------

----------------------
TP42612 not allocated
----------------------

----------------------
TP42785 allocated to 1
----------------------

----------------------
TP42930 allocated to 1
----------------------

----------------------
TP43181 not allocated
----------------------

----------------------
TP43273 not allocated
----------------------

----------------------
TP43744 not allocated
----------------------

----------------------
TP44456 not allocated
----------------------

----------------------
TP44614 not allocated
----------------------

----------------------
TP44935 not allocated
----------------------

----------------------
TP45352 not allocated
----------------------

----------------------
TP45435 not allocated
----------------------

----------------------
TP45444 not allocated
----------------------

----------------------
TP45466 not allocated
----------------------

----------------------
TP45492 not allocated
----------------------

----------------------
TP45751 allocated to 2
----------------------

----------------------
TP45984 not allocated
----------------------

----------------------
TP46029 not allocated
----------------------

----------------------
TP46279 allocated to 1
----------------------

----------------------
TP46360 not allocated
----------------------

----------------------
TP46536 not allocated
----------------------

----------------------
TP46919 not allocated
----------------------

----------------------
TP47087 not allocated
----------------------

----------------------
TP47422 not allocated
----------------------

----------------------
TP47452 not allocated
----------------------

----------------------
TP47805 not allocated
----------------------

----------------------
TP49442 not allocated
----------------------

-------------------------------------------------------------------------

Ride-sharing vs Individual Mode - Num Vehicles and Distance Comparisson 

-------------------------------------------------------------------------
Individual Mode = 179 vehicles.
Ride-sharing Mode = 100 vehicles. The 3 ride-sharing vehicles + 97 vehicles of the individuals not served by the ride-sharing service.
-------------------------------------------------------------------------
Individual Mode = 422 distance.
Ride-sharing Mode = 563 distance. 300 from the EV fleet + 263 from the distance of the trips not covered individuals had to do with their own vehicle.
-------------------------------------------------------------------------
