-------------------------------------------------------------------------
TPs satisfied = 79; Total TPs = 215; Percentage Satisfied + 36.7%
-------------------------------------------------------------------------

-------------------------------------------------------------------------

EVs

-------------------------------------------------------------------------
--------------------------------------
EV1
--------------------------------------
Num TPs served = 42
TPs served = 13 104 215 621 706 913 1622 2065 2141 2492 2644 2920 3016 3020 3782 4288 4442 5056 5837 6397 8760 10563 11797 19580 19978 20667 27660 29102 29743 30711 33959 35687 37417 38117 39322 40407 40408 40536 41721 45575 48695 48926
Total energy used = 100
--------------------------------------
Schedule:
0 50 305 434 305 434 0 0 100 100 0 50 0
50 50 305 434 305 434 0 1 100 100 13 32 0
50 52 305 434 305 434 1 1 100 100 0 2 0
52 56 305 434 308 435 1 0 100 96 -13 32 4
56 200 308 435 308 435 0 0 96 96 0 144 0
200 204 308 435 305 434 0 1 96 92 104 32 4
204 209 305 434 307 437 1 0 92 87 -104 32 5
209 406 307 437 307 437 0 0 87 87 0 197 0
406 411 307 437 305 434 0 1 87 82 215 32 5
411 412 305 434 306 434 1 0 82 81 -215 32 1
412 1115 306 434 306 434 0 0 81 81 0 703 0
1115 1116 306 434 305 434 0 1 81 80 621 32 1
1116 1122 305 434 311 434 1 0 80 74 -621 32 6
1122 1256 311 434 311 434 0 0 74 74 0 134 0
1256 1262 311 434 305 434 0 1 74 68 706 32 6
1262 1265 305 434 305 434 1 1 68 68 0 3 0
1265 1267 305 434 306 435 1 0 68 66 -706 32 2
1267 1595 306 435 306 435 0 0 66 66 0 328 0
1595 1597 306 435 305 434 0 1 66 64 35687 32 2
1597 1612 305 434 305 434 1 1 64 64 0 15 0
1612 1612 305 434 305 434 1 2 64 64 913 32 0
1612 1613 305 434 305 435 2 1 64 63 -35687 17 1
1613 1614 305 435 305 435 1 1 63 63 0 1 0
1614 1614 305 435 305 435 1 0 63 63 -913 32 0
1614 2836 305 435 305 435 0 0 63 63 0 1222 0
2836 2837 305 435 305 434 0 1 63 62 1622 32 1
2837 2842 305 434 305 434 1 1 62 62 0 5 0
2842 2846 305 434 305 438 1 0 62 58 -1622 32 4
2846 3622 305 438 305 438 0 0 58 58 0 776 0
3622 3626 305 438 305 434 0 1 58 54 2065 32 4
3626 3631 305 434 305 434 1 1 54 54 0 5 0
3631 3637 305 434 311 434 1 0 54 48 -2065 32 6
3637 3769 311 434 311 434 0 0 48 48 0 132 0
3769 3775 311 434 305 434 0 1 48 42 2141 32 6
3775 3777 305 434 307 434 1 0 42 40 -2141 32 2
3777 4428 307 434 307 434 0 0 40 40 0 651 0
4428 4430 307 434 305 434 0 1 40 38 2492 32 2
4430 4433 305 434 308 434 1 0 38 35 -2492 32 3
4433 4714 308 434 308 434 0 0 35 35 0 281 0
4714 4717 308 434 305 434 0 1 35 32 2644 32 3
4717 4722 305 434 305 434 1 1 32 32 0 5 0
4722 4726 305 434 308 435 1 0 32 28 -2644 32 4
4726 5205 308 435 308 435 0 0 28 28 0 479 0
5205 5209 308 435 305 434 0 1 28 24 2920 32 4
5209 5210 305 434 305 434 1 1 24 24 0 1 0
5210 5210 305 434 305 434 1 0 24 24 -2920 32 0
5210 5388 305 434 305 434 0 0 24 24 0 178 0
5388 5388 305 434 305 434 0 1 24 24 3020 32 0
5388 5388 305 434 305 434 1 2 24 24 3016 28 0
5388 5391 305 434 305 434 2 2 24 24 0 3 0
5391 5391 305 434 305 434 2 1 24 24 -3020 32 0
5391 5395 305 434 309 434 1 0 24 20 -3016 28 4
5395 6649 309 434 309 434 0 0 20 20 0 1254 0
6649 6653 309 434 305 434 0 1 20 16 37417 32 4
6653 6656 305 434 305 434 1 1 16 16 0 3 0
6656 6656 305 434 305 434 1 0 16 16 -37417 32 0
6656 6780 305 434 305 434 0 0 16 16 0 124 0
6780 6780 305 434 305 434 0 1 16 16 3782 32 0
6780 6812 305 434 305 434 1 1 16 16 0 32 0
6812 6812 305 434 305 434 1 2 16 16 19580 32 0
6812 6814 305 434 305 436 2 1 16 14 -3782 0 2
6814 6815 305 436 305 436 1 1 14 14 0 1 0
6815 6815 305 436 305 436 1 0 14 14 -19580 32 0
6815 7695 305 436 305 436 0 0 14 14 0 880 0
7695 7697 305 436 305 434 0 1 14 12 4288 32 2
7697 7699 305 434 307 434 1 0 12 10 -4288 32 2
7699 7984 307 434 307 434 0 0 10 10 0 285 0
7984 7986 307 434 305 434 0 1 10 8 19978 32 2
7986 7999 305 434 305 434 1 1 8 8 0 13 0
7999 7999 305 434 305 434 1 2 8 8 4442 32 0
7999 8001 305 434 307 434 2 1 8 6 -19978 19 2
8001 8003 307 434 309 434 1 0 6 4 -4442 32 2
8003 8623 309 434 309 434 0 0 4 4 0 620 0
8623 8627 309 434 305 434 0 1 4 0 38117 32 4
8627 8628 305 434 305 434 1 1 0 0 0 1 0
8628 8628 305 434 305 434 1 0 0 0 -38117 32 0
8628 9167 305 434 305 434 0 0 0 0 0 539 0
9167 9167 305 434 305 434 0 1 0 0 5056 32 0
9167 9169 305 434 305 434 1 1 0 0 0 2 0
9169 9169 305 434 305 434 1 0 0 0 -5056 32 0
9169 9878 305 434 305 434 0 0 0 0 0 709 0
9878 9878 305 434 305 434 0 1 0 0 20667 32 0
9878 9879 305 434 305 434 1 1 0 0 0 1 0
9879 9879 305 434 305 434 1 0 0 0 -20667 32 0
9879 10680 305 434 305 434 0 0 0 0 0 801 0
10680 10680 305 434 305 434 0 1 0 0 5837 32 0
10680 10681 305 434 305 434 1 1 0 0 0 1 0
10681 10681 305 434 305 434 1 0 0 0 -5837 32 0
10681 11618 305 434 305 434 0 0 0 0 0 937 0
11618 11618 305 434 305 434 0 1 0 0 39322 32 0
11618 11619 305 434 305 434 1 1 0 0 0 1 0
11619 11619 305 434 305 434 1 0 0 0 -39322 32 0
11619 11752 305 434 305 434 0 0 0 0 0 133 0
11752 11752 305 434 305 434 0 1 0 0 6397 32 0
11752 11753 305 434 305 434 1 1 0 0 0 1 0
11753 11753 305 434 305 434 1 0 0 0 -6397 32 0
11753 14486 305 434 305 434 0 0 0 0 0 2733 0
14486 14486 305 434 305 434 0 1 0 0 40408 32 0
14486 14486 305 434 305 434 1 2 0 0 40407 31 0
14486 14486 305 434 305 434 2 1 0 0 -40407 32 0
14486 14487 305 434 305 434 1 1 0 0 0 1 0
14487 14487 305 434 305 434 1 0 0 0 -40408 32 0
14487 14785 305 434 305 434 0 0 0 0 0 298 0
14785 14785 305 434 305 434 0 1 0 0 40536 32 0
14785 14786 305 434 305 434 1 1 0 0 0 1 0
14786 14786 305 434 305 434 1 0 0 0 -40536 32 0
14786 17042 305 434 305 434 0 0 0 0 0 2256 0
17042 17042 305 434 305 434 0 1 0 0 8760 32 0
17042 17044 305 434 305 434 1 1 0 0 0 2 0
17044 17044 305 434 305 434 1 0 0 0 -8760 32 0
17044 17515 305 434 305 434 0 0 0 0 0 471 0
17515 17515 305 434 305 434 0 1 0 0 41721 32 0
17515 17517 305 434 305 434 1 1 0 0 0 2 0
17517 17517 305 434 305 434 1 0 0 0 -41721 32 0
17517 21984 305 434 305 434 0 0 0 0 0 4467 0
21984 21984 305 434 305 434 0 1 0 0 10563 32 0
21984 21986 305 434 305 434 1 1 0 0 0 2 0
21986 21986 305 434 305 434 1 0 0 0 -10563 32 0
21986 25020 305 434 305 434 0 0 0 0 0 3034 0
25020 25020 305 434 305 434 0 1 0 0 45575 32 0
25020 25021 305 434 305 434 1 1 0 0 0 1 0
25021 25021 305 434 305 434 1 0 0 0 -45575 32 0
25021 25871 305 434 305 434 0 0 0 0 0 850 0
25871 25871 305 434 305 434 0 1 0 0 27660 32 0
25871 25873 305 434 305 434 1 1 0 0 0 2 0
25873 25873 305 434 305 434 1 0 0 0 -27660 32 0
25873 26005 305 434 305 434 0 0 0 0 0 132 0
26005 26005 305 434 305 434 0 1 0 0 11797 32 0
26005 26007 305 434 305 434 1 1 0 0 0 2 0
26007 26007 305 434 305 434 1 0 0 0 -11797 32 0
26007 28682 305 434 305 434 0 0 0 0 0 2675 0
28682 28682 305 434 305 434 0 1 0 0 29102 32 0
28682 28683 305 434 305 434 1 1 0 0 0 1 0
28683 28683 305 434 305 434 1 0 0 0 -29102 32 0
28683 29963 305 434 305 434 0 0 0 0 0 1280 0
29963 29963 305 434 305 434 0 1 0 0 29743 32 0
29963 29964 305 434 305 434 1 1 0 0 0 1 0
29964 29964 305 434 305 434 1 0 0 0 -29743 32 0
29964 30479 305 434 305 434 0 0 0 0 0 515 0
30479 30479 305 434 305 434 0 1 0 0 48695 32 0
30479 30480 305 434 305 434 1 1 0 0 0 1 0
30480 30480 305 434 305 434 1 0 0 0 -48695 32 0
30480 30884 305 434 305 434 0 0 0 0 0 404 0
30884 30884 305 434 305 434 0 1 0 0 48926 32 0
30884 30885 305 434 305 434 1 1 0 0 0 1 0
30885 30885 305 434 305 434 1 0 0 0 -48926 32 0
30885 31890 305 434 305 434 0 0 0 0 0 1005 0
31890 31890 305 434 305 434 0 1 0 0 30711 32 0
31890 31892 305 434 305 434 1 1 0 0 0 2 0
31892 31892 305 434 305 434 1 0 0 0 -30711 32 0
31892 39648 305 434 305 434 0 0 0 0 0 7756 0
39648 39648 305 434 305 434 0 1 0 0 33959 32 0
39648 39651 305 434 305 434 1 1 0 0 0 3 0
39651 39651 305 434 305 434 1 0 0 0 -33959 32 0
39651 43267 305 434 305 434 0 0 0 0 0 3616 0
43267 43267 305 434 305 434 0 0 0 0 1000000000 0 0
--------------------------------------
--------------------------------------
EV2
--------------------------------------
Num TPs served = 17
TPs served = 4490 4577 4855 5415 5699 5733 5747 5849 6561 7119 7427 7531 7990 8000 8128 8444 9863
Total energy used = 100
--------------------------------------
Schedule:
0 8093 305 434 305 434 0 0 100 100 0 8093 0
8093 8093 305 434 305 434 0 1 100 100 4490 32 0
8093 8094 305 434 305 434 1 1 100 100 0 1 0
8094 8099 305 434 307 437 1 0 100 95 -4490 32 5
8099 8269 307 437 307 437 0 0 95 95 0 170 0
8269 8274 307 437 305 434 0 1 95 90 4577 32 5
8274 8275 305 434 306 434 1 0 90 89 -4577 32 1
8275 8814 306 434 306 434 0 0 89 89 0 539 0
8814 8815 306 434 305 434 0 1 89 88 4855 32 1
8815 8816 305 434 305 434 1 1 88 88 0 1 0
8816 8818 305 434 307 434 1 0 88 86 -4855 32 2
8818 9841 307 434 307 434 0 0 86 86 0 1023 0
9841 9843 307 434 305 434 0 1 86 84 5415 32 2
9843 9846 305 434 305 434 1 1 84 84 0 3 0
9846 9854 305 434 311 436 1 0 84 76 -5415 32 8
9854 10410 311 436 311 436 0 0 76 76 0 556 0
10410 10418 311 436 305 434 0 1 76 68 5699 32 8
10418 10419 305 434 305 434 1 1 68 68 0 1 0
10419 10420 305 434 306 434 1 0 68 67 -5699 32 1
10420 10481 306 434 306 434 0 0 67 67 0 61 0
10481 10482 306 434 305 434 0 1 67 66 5733 32 1
10482 10485 305 434 305 434 1 1 66 66 0 3 0
10485 10486 305 434 306 434 1 0 66 65 -5733 32 1
10486 10521 306 434 306 434 0 0 65 65 0 35 0
10521 10522 306 434 305 434 0 1 65 64 5747 32 1
10522 10524 305 434 307 434 1 0 64 62 -5747 32 2
10524 10700 307 434 307 434 0 0 62 62 0 176 0
10700 10702 307 434 305 434 0 1 62 60 5849 32 2
10702 10704 305 434 307 434 1 0 60 58 -5849 32 2
10704 12069 307 434 307 434 0 0 58 58 0 1365 0
12069 12071 307 434 305 434 0 1 58 56 6561 32 2
12071 12073 305 434 305 434 1 1 56 56 0 2 0
12073 12077 305 434 308 435 1 0 56 52 -6561 32 4
12077 13268 308 435 308 435 0 0 52 52 0 1191 0
13268 13272 308 435 305 434 0 1 52 48 7119 32 4
13272 13273 305 434 305 434 1 1 48 48 0 1 0
13273 13275 305 434 306 435 1 0 48 46 -7119 32 2
13275 13936 306 435 306 435 0 0 46 46 0 661 0
13936 13938 306 435 305 434 0 1 46 44 7427 32 2
13938 13939 305 434 305 435 1 0 44 43 -7427 32 1
13939 14171 305 435 305 435 0 0 43 43 0 232 0
14171 14172 305 435 305 434 0 1 43 42 7531 32 1
14172 14175 305 434 308 434 1 0 42 39 -7531 32 3
14175 15201 308 434 308 434 0 0 39 39 0 1026 0
15201 15204 308 434 305 434 0 1 39 36 8000 32 3
15204 15204 305 434 305 434 1 2 36 36 7990 15 0
15204 15205 305 434 305 434 2 2 36 36 0 1 0
15205 15206 305 434 306 434 2 1 36 35 -8000 32 1
15206 15217 306 434 313 438 1 0 35 24 -7990 16 11
15217 15503 313 438 313 438 0 0 24 24 0 286 0
15503 15515 313 438 305 434 0 1 24 12 8128 32 12
15515 15517 305 434 306 435 1 0 12 10 -8128 32 2
15517 16240 306 435 306 435 0 0 10 10 0 723 0
16240 16242 306 435 305 434 0 1 10 8 8444 32 2
16242 16244 305 434 307 434 1 0 8 6 -8444 32 2
16244 20051 307 434 307 434 0 0 6 6 0 3807 0
20051 20053 307 434 305 434 0 1 6 4 9863 32 2
20053 20055 305 434 307 434 1 0 4 2 -9863 32 2
20055 43265 307 434 307 434 0 0 2 2 0 23210 0
43265 43267 307 434 305 434 0 0 2 0 1000000000 0 2
--------------------------------------
--------------------------------------
EV3
--------------------------------------
Num TPs served = 20
TPs served = 9912 10133 10211 10381 10938 11193 11269 11275 11511 12116 12245 12260 12767 12891 13140 13198 13223 13315 25136 48108
Total energy used = 100
--------------------------------------
Schedule:
0 20148 305 434 305 434 0 0 100 100 0 20148 0
20148 20148 305 434 305 434 0 1 100 100 9912 32 0
20148 20149 305 434 305 434 1 1 100 100 0 1 0
20149 20150 305 434 305 435 1 0 100 99 -9912 32 1
20150 20811 305 435 305 435 0 0 99 99 0 661 0
20811 20812 305 435 305 434 0 1 99 98 25136 32 1
20812 20812 305 434 305 434 1 2 98 98 10133 2 0
20812 20815 305 434 305 437 2 1 98 95 -25136 32 3
20815 20820 305 437 310 437 1 0 95 90 -10133 2 5
20820 20993 310 437 310 437 0 0 90 90 0 173 0
20993 21001 310 437 305 434 0 1 90 82 10211 32 8
21001 21002 305 434 305 434 1 1 82 82 0 1 0
21002 21007 305 434 308 436 1 0 82 77 -10211 32 5
21007 21500 308 436 308 436 0 0 77 77 0 493 0
21500 21505 308 436 305 434 0 1 77 72 10381 32 5
21505 21506 305 434 305 434 1 1 72 72 0 1 0
21506 21509 305 434 306 436 1 0 72 69 -10381 32 3
21509 23173 306 436 306 436 0 0 69 69 0 1664 0
23173 23176 306 436 305 434 0 1 69 66 10938 32 3
23176 23178 305 434 307 434 1 0 66 64 -10938 32 2
23178 23924 307 434 307 434 0 0 64 64 0 746 0
23924 23926 307 434 305 434 0 1 64 62 11193 32 2
23926 23928 305 434 306 435 1 0 62 60 -11193 32 2
23928 24179 306 435 306 435 0 0 60 60 0 251 0
24179 24181 306 435 305 434 0 1 60 58 11275 32 2
24181 24181 305 434 305 434 1 2 58 58 11269 19 0
24181 24183 305 434 305 436 2 1 58 56 -11275 32 2
24183 24186 305 436 306 434 1 0 56 53 -11269 16 3
24186 25027 306 434 306 434 0 0 53 53 0 841 0
25027 25028 306 434 305 434 0 1 53 52 11511 32 1
25028 25029 305 434 306 434 1 0 52 51 -11511 32 1
25029 27137 306 434 306 434 0 0 51 51 0 2108 0
27137 27138 306 434 305 434 0 1 51 50 12116 32 1
27138 27139 305 434 306 434 1 0 50 49 -12116 32 1
27139 27548 306 434 306 434 0 0 49 49 0 409 0
27548 27549 306 434 305 434 0 1 49 48 12245 32 1
27549 27550 305 434 305 434 1 1 48 48 0 1 0
27550 27551 305 434 306 434 1 0 48 47 -12245 32 1
27551 27604 306 434 306 434 0 0 47 47 0 53 0
27604 27605 306 434 305 434 0 1 47 46 12260 32 1
27605 27609 305 434 306 437 1 0 46 42 -12260 32 4
27609 29418 306 437 306 437 0 0 42 42 0 1809 0
29418 29422 306 437 305 434 0 1 42 38 48108 32 4
29422 29422 305 434 305 434 1 2 38 38 12767 30 0
29422 29423 305 434 305 434 2 2 38 38 0 1 0
29423 29425 305 434 307 434 2 1 38 36 -48108 32 2
29425 29429 307 434 307 438 1 0 36 32 -12767 29 4
29429 29898 307 438 307 438 0 0 32 32 0 469 0
29898 29904 307 438 305 434 0 1 32 26 12891 32 6
29904 29906 305 434 307 434 1 0 26 24 -12891 32 2
29906 30797 307 434 307 434 0 0 24 24 0 891 0
30797 30799 307 434 305 434 0 1 24 22 13140 32 2
30799 30802 305 434 308 434 1 0 22 19 -13140 32 3
30802 30958 308 434 308 434 0 0 19 19 0 156 0
30958 30961 308 434 305 434 0 1 19 16 13198 32 3
30961 30962 305 434 305 434 1 1 16 16 0 1 0
30962 30967 305 434 309 435 1 0 16 11 -13198 32 5
30967 31047 309 435 309 435 0 0 11 11 0 80 0
31047 31052 309 435 305 434 0 1 11 6 13223 32 5
31052 31053 305 434 305 434 1 1 6 6 0 1 0
31053 31055 305 434 305 436 1 0 6 4 -13223 32 2
31055 31356 305 436 305 436 0 0 4 4 0 301 0
31356 31358 305 436 305 434 0 1 4 2 13315 32 2
31358 31359 305 434 305 434 1 1 2 2 0 1 0
31359 31360 305 434 306 434 1 0 2 1 -13315 32 1
31360 43266 306 434 306 434 0 0 1 1 0 11906 0
43266 43267 306 434 305 434 0 0 1 0 1000000000 0 1
--------------------------------------

-------------------------------------------------------------------------

TPs

-------------------------------------------------------------------------

----------------------
TP13 allocated to 1
----------------------

----------------------
TP104 allocated to 1
----------------------

----------------------
TP215 allocated to 1
----------------------

----------------------
TP621 allocated to 1
----------------------

----------------------
TP706 allocated to 1
----------------------

----------------------
TP913 allocated to 1
----------------------

----------------------
TP1622 allocated to 1
----------------------

----------------------
TP2065 allocated to 1
----------------------

----------------------
TP2141 allocated to 1
----------------------

----------------------
TP2492 allocated to 1
----------------------

----------------------
TP2644 allocated to 1
----------------------

----------------------
TP2920 allocated to 1
----------------------

----------------------
TP3016 allocated to 1
----------------------

----------------------
TP3020 allocated to 1
----------------------

----------------------
TP3782 allocated to 1
----------------------

----------------------
TP4288 allocated to 1
----------------------

----------------------
TP4442 allocated to 1
----------------------

----------------------
TP4490 allocated to 2
----------------------

----------------------
TP4577 allocated to 2
----------------------

----------------------
TP4855 allocated to 2
----------------------

----------------------
TP5056 allocated to 1
----------------------

----------------------
TP5415 allocated to 2
----------------------

----------------------
TP5699 allocated to 2
----------------------

----------------------
TP5733 allocated to 2
----------------------

----------------------
TP5747 allocated to 2
----------------------

----------------------
TP5837 allocated to 1
----------------------

----------------------
TP5849 allocated to 2
----------------------

----------------------
TP6397 allocated to 1
----------------------

----------------------
TP6561 allocated to 2
----------------------

----------------------
TP7119 allocated to 2
----------------------

----------------------
TP7427 allocated to 2
----------------------

----------------------
TP7531 allocated to 2
----------------------

----------------------
TP7990 allocated to 2
----------------------

----------------------
TP8000 allocated to 2
----------------------

----------------------
TP8128 allocated to 2
----------------------

----------------------
TP8444 allocated to 2
----------------------

----------------------
TP8760 allocated to 1
----------------------

----------------------
TP9863 allocated to 2
----------------------

----------------------
TP9912 allocated to 3
----------------------

----------------------
TP10133 allocated to 3
----------------------

----------------------
TP10211 allocated to 3
----------------------

----------------------
TP10381 allocated to 3
----------------------

----------------------
TP10563 allocated to 1
----------------------

----------------------
TP10938 allocated to 3
----------------------

----------------------
TP11193 allocated to 3
----------------------

----------------------
TP11269 allocated to 3
----------------------

----------------------
TP11275 allocated to 3
----------------------

----------------------
TP11511 allocated to 3
----------------------

----------------------
TP11797 allocated to 1
----------------------

----------------------
TP12116 allocated to 3
----------------------

----------------------
TP12245 allocated to 3
----------------------

----------------------
TP12260 allocated to 3
----------------------

----------------------
TP12767 allocated to 3
----------------------

----------------------
TP12891 allocated to 3
----------------------

----------------------
TP13140 allocated to 3
----------------------

----------------------
TP13198 allocated to 3
----------------------

----------------------
TP13223 allocated to 3
----------------------

----------------------
TP13315 allocated to 3
----------------------

----------------------
TP13823 not allocated
----------------------

----------------------
TP13947 not allocated
----------------------

----------------------
TP14030 not allocated
----------------------

----------------------
TP14072 not allocated
----------------------

----------------------
TP14498 not allocated
----------------------

----------------------
TP14565 not allocated
----------------------

----------------------
TP14730 not allocated
----------------------

----------------------
TP14975 not allocated
----------------------

----------------------
TP15343 not allocated
----------------------

----------------------
TP15417 not allocated
----------------------

----------------------
TP15576 not allocated
----------------------

----------------------
TP16060 not allocated
----------------------

----------------------
TP16497 not allocated
----------------------

----------------------
TP16629 not allocated
----------------------

----------------------
TP16635 not allocated
----------------------

----------------------
TP16775 not allocated
----------------------

----------------------
TP16887 not allocated
----------------------

----------------------
TP17498 not allocated
----------------------

----------------------
TP17656 not allocated
----------------------

----------------------
TP17699 not allocated
----------------------

----------------------
TP17899 not allocated
----------------------

----------------------
TP18786 not allocated
----------------------

----------------------
TP19320 not allocated
----------------------

----------------------
TP19580 allocated to 1
----------------------

----------------------
TP19601 not allocated
----------------------

----------------------
TP19805 not allocated
----------------------

----------------------
TP19978 allocated to 1
----------------------

----------------------
TP19999 not allocated
----------------------

----------------------
TP20614 not allocated
----------------------

----------------------
TP20667 allocated to 1
----------------------

----------------------
TP21033 not allocated
----------------------

----------------------
TP21444 not allocated
----------------------

----------------------
TP21504 not allocated
----------------------

----------------------
TP21806 not allocated
----------------------

----------------------
TP22244 not allocated
----------------------

----------------------
TP22341 not allocated
----------------------

----------------------
TP22359 not allocated
----------------------

----------------------
TP22616 not allocated
----------------------

----------------------
TP22701 not allocated
----------------------

----------------------
TP23144 not allocated
----------------------

----------------------
TP23444 not allocated
----------------------

----------------------
TP23857 not allocated
----------------------

----------------------
TP24209 not allocated
----------------------

----------------------
TP24565 not allocated
----------------------

----------------------
TP24570 not allocated
----------------------

----------------------
TP24701 not allocated
----------------------

----------------------
TP24768 not allocated
----------------------

----------------------
TP24966 not allocated
----------------------

----------------------
TP25091 not allocated
----------------------

----------------------
TP25136 allocated to 3
----------------------

----------------------
TP26486 not allocated
----------------------

----------------------
TP26612 not allocated
----------------------

----------------------
TP26695 not allocated
----------------------

----------------------
TP26813 not allocated
----------------------

----------------------
TP27184 not allocated
----------------------

----------------------
TP27274 not allocated
----------------------

----------------------
TP27526 not allocated
----------------------

----------------------
TP27532 not allocated
----------------------

----------------------
TP27660 allocated to 1
----------------------

----------------------
TP28189 not allocated
----------------------

----------------------
TP28218 not allocated
----------------------

----------------------
TP28328 not allocated
----------------------

----------------------
TP29102 allocated to 1
----------------------

----------------------
TP29243 not allocated
----------------------

----------------------
TP29743 allocated to 1
----------------------

----------------------
TP30014 not allocated
----------------------

----------------------
TP30015 not allocated
----------------------

----------------------
TP30093 not allocated
----------------------

----------------------
TP30711 allocated to 1
----------------------

----------------------
TP30901 not allocated
----------------------

----------------------
TP31413 not allocated
----------------------

----------------------
TP31547 not allocated
----------------------

----------------------
TP31615 not allocated
----------------------

----------------------
TP31828 not allocated
----------------------

----------------------
TP31892 not allocated
----------------------

----------------------
TP31950 not allocated
----------------------

----------------------
TP31971 not allocated
----------------------

----------------------
TP32060 not allocated
----------------------

----------------------
TP32358 not allocated
----------------------

----------------------
TP32538 not allocated
----------------------

----------------------
TP32876 not allocated
----------------------

----------------------
TP33097 not allocated
----------------------

----------------------
TP33199 not allocated
----------------------

----------------------
TP33412 not allocated
----------------------

----------------------
TP33859 not allocated
----------------------

----------------------
TP33888 not allocated
----------------------

----------------------
TP33959 allocated to 1
----------------------

----------------------
TP33963 not allocated
----------------------

----------------------
TP34117 not allocated
----------------------

----------------------
TP34255 not allocated
----------------------

----------------------
TP34839 not allocated
----------------------

----------------------
TP35111 not allocated
----------------------

----------------------
TP35628 not allocated
----------------------

----------------------
TP35687 allocated to 1
----------------------

----------------------
TP36129 not allocated
----------------------

----------------------
TP36332 not allocated
----------------------

----------------------
TP36350 not allocated
----------------------

----------------------
TP36501 not allocated
----------------------

----------------------
TP36634 not allocated
----------------------

----------------------
TP37381 not allocated
----------------------

----------------------
TP37417 allocated to 1
----------------------

----------------------
TP37595 not allocated
----------------------

----------------------
TP37596 not allocated
----------------------

----------------------
TP37702 not allocated
----------------------

----------------------
TP37849 not allocated
----------------------

----------------------
TP37850 not allocated
----------------------

----------------------
TP38110 not allocated
----------------------

----------------------
TP38117 allocated to 1
----------------------

----------------------
TP38243 not allocated
----------------------

----------------------
TP38261 not allocated
----------------------

----------------------
TP38491 not allocated
----------------------

----------------------
TP38995 not allocated
----------------------

----------------------
TP39322 allocated to 1
----------------------

----------------------
TP39379 not allocated
----------------------

----------------------
TP39473 not allocated
----------------------

----------------------
TP39531 not allocated
----------------------

----------------------
TP39737 not allocated
----------------------

----------------------
TP40109 not allocated
----------------------

----------------------
TP40407 allocated to 1
----------------------

----------------------
TP40408 allocated to 1
----------------------

----------------------
TP40536 allocated to 1
----------------------

----------------------
TP40644 not allocated
----------------------

----------------------
TP40865 not allocated
----------------------

----------------------
TP40918 not allocated
----------------------

----------------------
TP41021 not allocated
----------------------

----------------------
TP41721 allocated to 1
----------------------

----------------------
TP41784 not allocated
----------------------

----------------------
TP43451 not allocated
----------------------

----------------------
TP43477 not allocated
----------------------

----------------------
TP43584 not allocated
----------------------

----------------------
TP43766 not allocated
----------------------

----------------------
TP43980 not allocated
----------------------

----------------------
TP44279 not allocated
----------------------

----------------------
TP44501 not allocated
----------------------

----------------------
TP44736 not allocated
----------------------

----------------------
TP45012 not allocated
----------------------

----------------------
TP45339 not allocated
----------------------

----------------------
TP45427 not allocated
----------------------

----------------------
TP45575 allocated to 1
----------------------

----------------------
TP45940 not allocated
----------------------

----------------------
TP46099 not allocated
----------------------

----------------------
TP46128 not allocated
----------------------

----------------------
TP46755 not allocated
----------------------

----------------------
TP46762 not allocated
----------------------

----------------------
TP47080 not allocated
----------------------

----------------------
TP47147 not allocated
----------------------

----------------------
TP47205 not allocated
----------------------

----------------------
TP47284 not allocated
----------------------

----------------------
TP47407 not allocated
----------------------

----------------------
TP47660 not allocated
----------------------

----------------------
TP47746 not allocated
----------------------

----------------------
TP48108 allocated to 3
----------------------

----------------------
TP48448 not allocated
----------------------

----------------------
TP48695 allocated to 1
----------------------

----------------------
TP48926 allocated to 1
----------------------

----------------------
TP49518 not allocated
----------------------

----------------------
TP49675 not allocated
----------------------

-------------------------------------------------------------------------

Ride-sharing vs Individual Mode - Num Vehicles and Distance Comparisson 

-------------------------------------------------------------------------
Individual Mode = 215 vehicles.
Ride-sharing Mode = 139 vehicles. The 3 ride-sharing vehicles + 136 vehicles of the individuals not served by the ride-sharing service.
-------------------------------------------------------------------------
Individual Mode = 480 distance.
Ride-sharing Mode = 619 distance. 300 from the EV fleet + 319 from the distance of the trips not covered individuals had to do with their own vehicle.
-------------------------------------------------------------------------
