-------------------------------------------------------------------------
TPs satisfied = 174; Total TPs = 179; Percentage Satisfied + 97.2%
-------------------------------------------------------------------------

-------------------------------------------------------------------------

EVs

-------------------------------------------------------------------------
--------------------------------------
EV1
--------------------------------------
Num TPs served = 41
TPs served = 94 810 1013 1205 1263 1496 1508 1703 2335 2556 2824 3743 4197 4889 5793 6777 6817 7313 7711 8158 8346 9053 9971 10146 13706 17359 17917 18495 21450 25990 30753 31160 33020 34712 40091 40147 41684 42691 42951 47504 48846
Total energy used = 100
--------------------------------------
Schedule:
0 188 854 0 854 0 0 0 100 100 0 188 0
188 188 854 0 854 0 0 1 100 100 94 32 0
188 193 854 0 859 0 1 0 100 95 -94 32 5
193 1442 859 0 859 0 0 0 95 95 0 1249 0
1442 1447 859 0 854 0 0 1 95 90 810 32 5
1447 1449 854 0 855 1 1 0 90 88 -810 32 2
1449 1563 855 1 855 1 0 0 88 88 0 114 0
1563 1565 855 1 854 0 0 1 88 86 17917 32 2
1565 1566 854 0 854 0 1 1 86 86 0 1 0
1566 1566 854 0 854 0 1 0 86 86 -17917 32 0
1566 1783 854 0 854 0 0 0 86 86 0 217 0
1783 1783 854 0 854 0 0 1 86 86 1013 32 0
1783 1784 854 0 854 0 1 1 86 86 0 1 0
1784 1788 854 0 856 2 1 0 86 82 -1013 32 4
1788 2096 856 2 856 2 0 0 82 82 0 308 0
2096 2100 856 2 854 0 0 1 82 78 1205 32 4
2100 2102 854 0 855 1 1 0 78 76 -1205 32 2
2102 2203 855 1 855 1 0 0 76 76 0 101 0
2203 2205 855 1 854 0 0 1 76 74 1263 32 2
2205 2208 854 0 854 0 1 1 74 74 0 3 0
2208 2209 854 0 854 1 1 0 74 73 -1263 32 1
2209 2634 854 1 854 1 0 0 73 73 0 425 0
2634 2635 854 1 854 0 0 1 73 72 1508 32 1
2635 2635 854 0 854 0 1 2 72 72 1496 15 0
2635 2636 854 0 854 1 2 1 72 71 -1508 32 1
2636 2637 854 1 854 2 1 0 71 70 -1496 15 1
2637 2970 854 2 854 2 0 0 70 70 0 333 0
2970 2972 854 2 854 0 0 1 70 68 1703 32 2
2972 2973 854 0 854 0 1 1 68 68 0 1 0
2973 2973 854 0 854 0 1 0 68 68 -1703 32 0
2973 3370 854 0 854 0 0 0 68 68 0 397 0
3370 3370 854 0 854 0 0 1 68 68 18495 32 0
3370 3372 854 0 854 0 1 1 68 68 0 2 0
3372 3372 854 0 854 0 1 0 68 68 -18495 32 0
3372 4150 854 0 854 0 0 0 68 68 0 778 0
4150 4150 854 0 854 0 0 1 68 68 2335 32 0
4150 4153 854 0 854 0 1 1 68 68 0 3 0
4153 4155 854 0 855 1 1 0 68 66 -2335 32 2
4155 4533 855 1 855 1 0 0 66 66 0 378 0
4533 4535 855 1 854 0 0 1 66 64 2556 32 2
4535 4536 854 0 855 0 1 0 64 63 -2556 32 1
4536 5042 855 0 855 0 0 0 63 63 0 506 0
5042 5043 855 0 854 0 0 1 63 62 2824 32 1
5043 5044 854 0 854 0 1 1 62 62 0 1 0
5044 5046 854 0 856 0 1 0 62 60 -2824 32 2
5046 6714 856 0 856 0 0 0 60 60 0 1668 0
6714 6716 856 0 854 0 0 1 60 58 3743 32 2
6716 6718 854 0 854 2 1 0 58 56 -3743 32 2
6718 7552 854 2 854 2 0 0 56 56 0 834 0
7552 7554 854 2 854 0 0 1 56 54 4197 32 2
7554 7555 854 0 854 0 1 1 54 54 0 1 0
7555 7556 854 0 854 1 1 0 54 53 -4197 32 1
7556 8879 854 1 854 1 0 0 53 53 0 1323 0
8879 8880 854 1 854 0 0 1 53 52 4889 32 1
8880 8882 854 0 854 0 1 1 52 52 0 2 0
8882 8889 854 0 860 1 1 0 52 45 -4889 32 7
8889 10593 860 1 860 1 0 0 45 45 0 1704 0
10593 10600 860 1 854 0 0 1 45 38 5793 32 7
10600 10601 854 0 854 0 1 1 38 38 0 1 0
10601 10601 854 0 854 0 1 0 38 38 -5793 32 0
10601 11960 854 0 854 0 0 0 38 38 0 1359 0
11960 11960 854 0 854 0 0 1 38 38 21450 32 0
11960 11961 854 0 854 0 1 1 38 38 0 1 0
11961 11961 854 0 854 0 1 0 38 38 -21450 32 0
11961 12528 854 0 854 0 0 0 38 38 0 567 0
12528 12528 854 0 854 0 0 1 38 38 6777 32 0
12528 12529 854 0 854 1 1 0 38 37 -6777 32 1
12529 12606 854 1 854 1 0 0 37 37 0 77 0
12606 12607 854 1 854 0 0 1 37 36 6817 32 1
12607 12609 854 0 856 0 1 0 36 34 -6817 32 2
12609 13707 856 0 856 0 0 0 34 34 0 1098 0
13707 13709 856 0 854 0 0 1 34 32 40091 32 2
13709 13709 854 0 854 0 1 2 32 32 7313 23 0
13709 13710 854 0 854 0 2 2 32 32 0 1 0
13710 13710 854 0 854 0 2 1 32 32 -40091 32 0
13710 13713 854 0 857 0 1 0 32 29 -7313 22 3
13713 13856 857 0 857 0 0 0 29 29 0 143 0
13856 13859 857 0 854 0 0 1 29 26 40147 32 3
13859 13861 854 0 854 0 1 1 26 26 0 2 0
13861 13861 854 0 854 0 1 0 26 26 -40147 32 0
13861 14568 854 0 854 0 0 0 26 26 0 707 0
14568 14568 854 0 854 0 0 1 26 26 7711 32 0
14568 14569 854 0 855 0 1 0 26 25 -7711 32 1
14569 15582 855 0 855 0 0 0 25 25 0 1013 0
15582 15583 855 0 854 0 0 1 25 24 8158 32 1
15583 15584 854 0 854 1 1 0 24 23 -8158 32 1
15584 16043 854 1 854 1 0 0 23 23 0 459 0
16043 16044 854 1 854 0 0 1 23 22 8346 32 1
16044 16046 854 0 856 0 1 0 22 20 -8346 32 2
16046 17440 856 0 856 0 0 0 20 20 0 1394 0
17440 17442 856 0 854 0 0 1 20 18 41684 32 2
17442 17444 854 0 854 0 1 1 18 18 0 2 0
17444 17444 854 0 854 0 1 0 18 18 -41684 32 0
17444 17774 854 0 854 0 0 0 18 18 0 330 0
17774 17774 854 0 854 0 0 1 18 18 9053 32 0
17774 17782 854 0 862 0 1 0 18 10 -9053 32 8
17782 19608 862 0 862 0 0 0 10 10 0 1826 0
19608 19616 862 0 854 0 0 1 10 2 42691 32 8
19616 19617 854 0 854 0 1 1 2 2 0 1 0
19617 19617 854 0 854 0 1 0 2 2 -42691 32 0
19617 20134 854 0 854 0 0 0 2 2 0 517 0
20134 20134 854 0 854 0 0 1 2 2 42951 32 0
20134 20136 854 0 854 0 1 1 2 2 0 2 0
20136 20136 854 0 854 0 1 0 2 2 -42951 32 0
20136 20324 854 0 854 0 0 0 2 2 0 188 0
20324 20324 854 0 854 0 0 1 2 2 9971 32 0
20324 20326 854 0 854 0 1 1 2 2 0 2 0
20326 20327 854 0 854 1 1 0 2 1 -9971 32 1
20327 20809 854 1 854 1 0 0 1 1 0 482 0
20809 20810 854 1 854 0 0 1 1 0 10146 32 1
20810 20811 854 0 854 0 1 1 0 0 0 1 0
20811 20811 854 0 854 0 1 0 0 0 -10146 32 0
20811 22635 854 0 854 0 0 0 0 0 0 1824 0
22635 22635 854 0 854 0 0 1 0 0 25990 32 0
22635 22637 854 0 854 0 1 1 0 0 0 2 0
22637 22637 854 0 854 0 1 0 0 0 -25990 32 0
22637 28370 854 0 854 0 0 0 0 0 0 5733 0
28370 28370 854 0 854 0 0 1 0 0 47504 32 0
28370 28372 854 0 854 0 1 1 0 0 0 2 0
28372 28372 854 0 854 0 1 0 0 0 -47504 32 0
28372 30751 854 0 854 0 0 0 0 0 0 2379 0
30751 30751 854 0 854 0 0 1 0 0 48846 32 0
30751 30752 854 0 854 0 1 1 0 0 0 1 0
30752 30752 854 0 854 0 1 0 0 0 -48846 32 0
30752 31986 854 0 854 0 0 0 0 0 0 1234 0
31986 31986 854 0 854 0 0 1 0 0 30753 32 0
31986 31987 854 0 854 0 1 1 0 0 0 1 0
31987 31987 854 0 854 0 1 0 0 0 -30753 32 0
31987 32842 854 0 854 0 0 0 0 0 0 855 0
32842 32842 854 0 854 0 0 1 0 0 31160 32 0
32842 32843 854 0 854 0 1 1 0 0 0 1 0
32843 32843 854 0 854 0 1 0 0 0 -31160 32 0
32843 32857 854 0 854 0 0 0 0 0 0 14 0
32857 32857 854 0 854 0 0 1 0 0 13706 32 0
32857 32858 854 0 854 0 1 1 0 0 0 1 0
32858 32858 854 0 854 0 1 0 0 0 -13706 32 0
32858 37241 854 0 854 0 0 0 0 0 0 4383 0
37241 37241 854 0 854 0 0 1 0 0 33020 32 0
37241 37242 854 0 854 0 1 1 0 0 0 1 0
37242 37242 854 0 854 0 1 0 0 0 -33020 32 0
37242 41884 854 0 854 0 0 0 0 0 0 4642 0
41884 41884 854 0 854 0 0 1 0 0 34712 32 0
41884 41888 854 0 854 0 1 1 0 0 0 4 0
41888 41888 854 0 854 0 1 0 0 0 -34712 32 0
41888 43106 854 0 854 0 0 0 0 0 0 1218 0
43106 43106 854 0 854 0 0 1 0 0 17359 32 0
43106 43108 854 0 854 0 1 1 0 0 0 2 0
43108 43108 854 0 854 0 1 0 0 0 -17359 32 0
43108 43267 854 0 854 0 0 0 0 0 0 159 0
43267 43267 854 0 854 0 0 0 0 0 1000000000 0 0
--------------------------------------
--------------------------------------
EV2
--------------------------------------
Num TPs served = 23
TPs served = 9659 9972 9993 10023 10396 10418 10887 11019 11473 11845 12366 12595 13795 13928 14296 14310 14842 14933 15102 15400 31319 32178 47230
Total energy used = 100
--------------------------------------
Schedule:
0 19440 854 0 854 0 0 0 100 100 0 19440 0
19440 19440 854 0 854 0 0 1 100 100 9659 32 0
19440 19443 854 0 857 0 1 0 100 97 -9659 32 3
19443 20325 857 0 857 0 0 0 97 97 0 882 0
20325 20328 857 0 854 0 0 1 97 94 9972 32 3
20328 20329 854 0 855 0 1 0 94 93 -9972 32 1
20329 20394 855 0 855 0 0 0 93 93 0 65 0
20394 20395 855 0 854 0 0 1 93 92 9993 32 1
20395 20396 854 0 854 0 1 1 92 92 0 1 0
20396 20397 854 0 854 1 1 0 92 91 -9993 32 1
20397 20484 854 1 854 1 0 0 91 91 0 87 0
20484 20485 854 1 854 0 0 1 91 90 10023 32 1
20485 20486 854 0 854 0 1 1 90 90 0 1 0
20486 20487 854 0 854 1 1 0 90 89 -10023 32 1
20487 21549 854 1 854 1 0 0 89 89 0 1062 0
21549 21550 854 1 854 0 0 1 89 88 10396 32 1
21550 21558 854 0 861 1 1 0 88 80 -10396 32 8
21558 21598 861 1 861 1 0 0 80 80 0 40 0
21598 21606 861 1 854 0 0 1 80 72 10418 32 8
21606 21607 854 0 854 0 1 1 72 72 0 1 0
21607 21608 854 0 855 0 1 0 72 71 -10418 32 1
21608 23016 855 0 855 0 0 0 71 71 0 1408 0
23016 23017 855 0 854 0 0 1 71 70 10887 32 1
23017 23021 854 0 858 0 1 0 70 66 -10887 32 4
23021 23427 858 0 858 0 0 0 66 66 0 406 0
23427 23431 858 0 854 0 0 1 66 62 11019 32 4
23431 23432 854 0 855 0 1 0 62 61 -11019 32 1
23432 24893 855 0 855 0 0 0 61 61 0 1461 0
24893 24894 855 0 854 0 0 1 61 60 11473 32 1
24894 24895 854 0 854 0 1 1 60 60 0 1 0
24895 24896 854 0 855 0 1 0 60 59 -11473 32 1
24896 26155 855 0 855 0 0 0 59 59 0 1259 0
26155 26156 855 0 854 0 0 1 59 58 11845 32 1
26156 26157 854 0 855 0 1 0 58 57 -11845 32 1
26157 27947 855 0 855 0 0 0 57 57 0 1790 0
27947 27948 855 0 854 0 0 1 57 56 47230 32 1
27948 27974 854 0 854 0 1 1 56 56 0 26 0
27974 27974 854 0 854 0 1 2 56 56 12366 32 0
27974 27975 854 0 855 0 2 1 56 55 -47230 6 1
27975 27977 855 0 857 0 1 0 55 53 -12366 32 2
27977 28804 857 0 857 0 0 0 53 53 0 827 0
28804 28807 857 0 854 0 0 1 53 50 12595 32 3
28807 28815 854 0 861 1 1 0 50 42 -12595 32 8
28815 33194 861 1 861 1 0 0 42 42 0 4379 0
33194 33202 861 1 854 0 0 1 42 34 31319 32 8
33202 33202 854 0 854 0 1 2 34 34 13795 13 0
33202 33203 854 0 854 1 2 1 34 33 -31319 32 1
33203 33203 854 1 854 1 1 0 33 33 -13795 13 0
33203 33680 854 1 854 1 0 0 33 33 0 477 0
33680 33681 854 1 854 0 0 1 33 32 13928 32 1
33681 33682 854 0 854 0 1 1 32 32 0 1 0
33682 33683 854 0 855 0 1 0 32 31 -13928 32 1
33683 35086 855 0 855 0 0 0 31 31 0 1403 0
35086 35087 855 0 854 0 0 1 31 30 14296 32 1
35087 35089 854 0 854 0 1 1 30 30 0 2 0
35089 35095 854 0 858 2 1 0 30 24 -14296 32 6
35095 35140 858 2 858 2 0 0 24 24 0 45 0
35140 35146 858 2 854 0 0 1 24 18 32178 32 6
35146 35163 854 0 854 0 1 1 18 18 0 17 0
35163 35163 854 0 854 0 1 2 18 18 14310 32 0
35163 35164 854 0 854 1 2 1 18 17 -32178 16 1
35164 35166 854 1 854 3 1 0 17 15 -14310 32 2
35166 37214 854 3 854 3 0 0 15 15 0 2048 0
37214 37217 854 3 854 0 0 1 15 12 14842 32 3
37217 37220 854 0 854 0 1 1 12 12 0 3 0
37220 37221 854 0 854 1 1 0 12 11 -14842 32 1
37221 37575 854 1 854 1 0 0 11 11 0 354 0
37575 37576 854 1 854 0 0 1 11 10 14933 32 1
37576 37577 854 0 854 1 1 0 10 9 -14933 32 1
37577 38201 854 1 854 1 0 0 9 9 0 624 0
38201 38202 854 1 854 0 0 1 9 8 15102 32 1
38202 38205 854 0 856 1 1 0 8 5 -15102 32 3
38205 39357 856 1 856 1 0 0 5 5 0 1152 0
39357 39360 856 1 854 0 0 1 5 2 15400 32 3
39360 39361 854 0 854 0 1 1 2 2 0 1 0
39361 39362 854 0 855 0 1 0 2 1 -15400 32 1
39362 43266 855 0 855 0 0 0 1 1 0 3904 0
43266 43267 855 0 854 0 0 0 1 0 1000000000 0 1
--------------------------------------
--------------------------------------
EV3
--------------------------------------
Num TPs served = 21
TPs served = 15411 15817 15982 16166 16265 16594 17435 17679 17701 18244 18407 18659 19261 19364 19611 19759 20105 20828 20890 24280 36221
Total energy used = 100
--------------------------------------
Schedule:
0 817 854 0 854 0 0 0 100 100 0 817 0
817 817 854 0 854 0 0 1 100 100 17679 32 0
817 821 854 0 857 1 1 0 100 96 -17679 32 4
821 869 857 1 857 1 0 0 96 96 0 48 0
869 873 857 1 854 0 0 1 96 92 17701 32 4
873 875 854 0 856 0 1 0 92 90 -17701 32 2
875 2557 856 0 856 0 0 0 90 90 0 1682 0
2557 2559 856 0 854 0 0 1 90 88 18244 32 2
2559 2561 854 0 854 0 1 1 88 88 0 2 0
2561 2565 854 0 858 0 1 0 88 84 -18244 32 4
2565 3099 858 0 858 0 0 0 84 84 0 534 0
3099 3103 858 0 854 0 0 1 84 80 18407 32 4
3103 3135 854 0 854 0 1 1 80 80 0 32 0
3135 3135 854 0 854 0 1 2 80 80 36221 32 0
3135 3137 854 0 855 1 2 1 80 78 -36221 32 2
3137 3142 855 1 860 1 1 0 78 73 -18407 0 5
3142 3878 860 1 860 1 0 0 73 73 0 736 0
3878 3885 860 1 854 0 0 1 73 66 18659 32 7
3885 3888 854 0 855 2 1 0 66 63 -18659 32 3
3888 5772 855 2 855 2 0 0 63 63 0 1884 0
5772 5775 855 2 854 0 0 1 63 60 19261 32 3
5775 5776 854 0 854 0 1 1 60 60 0 1 0
5776 5780 854 0 855 3 1 0 60 56 -19261 32 4
5780 6088 855 3 855 3 0 0 56 56 0 308 0
6088 6092 855 3 854 0 0 1 56 52 19364 32 4
6092 6094 854 0 856 0 1 0 52 50 -19364 32 2
6094 6900 856 0 856 0 0 0 50 50 0 806 0
6900 6902 856 0 854 0 0 1 50 48 19611 32 2
6902 6903 854 0 854 0 1 1 48 48 0 1 0
6903 6905 854 0 856 0 1 0 48 46 -19611 32 2
6905 7294 856 0 856 0 0 0 46 46 0 389 0
7294 7296 856 0 854 0 0 1 46 44 19759 32 2
7296 7297 854 0 855 0 1 0 44 43 -19759 32 1
7297 8324 855 0 855 0 0 0 43 43 0 1027 0
8324 8325 855 0 854 0 0 1 43 42 20105 32 1
8325 8329 854 0 854 4 1 0 42 38 -20105 32 4
8329 10314 854 4 854 4 0 0 38 38 0 1985 0
10314 10318 854 4 854 0 0 1 38 34 20828 32 4
10318 10319 854 0 855 0 1 0 34 33 -20828 32 1
10319 10479 855 0 855 0 0 0 33 33 0 160 0
10479 10480 855 0 854 0 0 1 33 32 20890 32 1
10480 10481 854 0 855 0 1 0 32 31 -20890 32 1
10481 18898 855 0 855 0 0 0 31 31 0 8417 0
18898 18899 855 0 854 0 0 1 31 30 24280 32 1
18899 18900 854 0 854 1 1 0 30 29 -24280 32 1
18900 39400 854 1 854 1 0 0 29 29 0 20500 0
39400 39401 854 1 854 0 0 1 29 28 15411 32 1
39401 39403 854 0 854 2 1 0 28 26 -15411 32 2
39403 40416 854 2 854 2 0 0 26 26 0 1013 0
40416 40418 854 2 854 0 0 1 26 24 15817 32 2
40418 40419 854 0 855 0 1 0 24 23 -15817 32 1
40419 40706 855 0 855 0 0 0 23 23 0 287 0
40706 40707 855 0 854 0 0 1 23 22 15982 32 1
40707 40708 854 0 855 0 1 0 22 21 -15982 32 1
40708 41057 855 0 855 0 0 0 21 21 0 349 0
41057 41058 855 0 854 0 0 1 21 20 16166 32 1
41058 41059 854 0 854 0 1 1 20 20 0 1 0
41059 41060 854 0 854 1 1 0 20 19 -16166 32 1
41060 41210 854 1 854 1 0 0 19 19 0 150 0
41210 41211 854 1 854 0 0 1 19 18 16265 32 1
41211 41214 854 0 856 1 1 0 18 15 -16265 32 3
41214 41765 856 1 856 1 0 0 15 15 0 551 0
41765 41768 856 1 854 0 0 1 15 12 16594 32 3
41768 41769 854 0 854 0 1 1 12 12 0 1 0
41769 41773 854 0 857 1 1 0 12 8 -16594 32 4
41773 43218 857 1 857 1 0 0 8 8 0 1445 0
43218 43222 857 1 854 0 0 1 8 4 17435 32 4
43222 43224 854 0 854 2 1 0 4 2 -17435 32 2
43224 43265 854 2 854 2 0 0 2 2 0 41 0
43265 43267 854 2 854 0 0 0 2 0 1000000000 0 2
--------------------------------------
--------------------------------------
EV4
--------------------------------------
Num TPs served = 25
TPs served = 20946 21073 21550 21616 21890 21925 22032 22349 22796 22815 23832 24002 24811 24867 25270 25593 26389 26945 27797 27957 29030 29902 30718 39041 42967
Total energy used = 100
--------------------------------------
Schedule:
0 10615 854 0 854 0 0 0 100 100 0 10615 0
10615 10615 854 0 854 0 0 1 100 100 20946 32 0
10615 10618 854 0 857 0 1 0 100 97 -20946 32 3
10618 10946 857 0 857 0 0 0 97 97 0 328 0
10946 10949 857 0 854 0 0 1 97 94 39041 32 3
10949 10949 854 0 854 0 1 2 94 94 21073 25 0
10949 10950 854 0 854 1 2 1 94 93 -39041 32 1
10950 10951 854 1 855 1 1 0 93 92 -21073 25 1
10951 12241 855 1 855 1 0 0 92 92 0 1290 0
12241 12243 855 1 854 0 0 1 92 90 21550 32 2
12243 12247 854 0 858 0 1 0 90 86 -21550 32 4
12247 12418 858 0 858 0 0 0 86 86 0 171 0
12418 12422 858 0 854 0 0 1 86 82 21616 32 4
12422 12424 854 0 854 0 1 1 82 82 0 2 0
12424 12427 854 0 856 1 1 0 82 79 -21616 32 3
12427 13147 856 1 856 1 0 0 79 79 0 720 0
13147 13150 856 1 854 0 0 1 79 76 21890 32 3
13150 13152 854 0 855 1 1 0 76 74 -21890 32 2
13152 13246 855 1 855 1 0 0 74 74 0 94 0
13246 13248 855 1 854 0 0 1 74 72 21925 32 2
13248 13249 854 0 854 0 1 1 72 72 0 1 0
13249 13251 854 0 855 1 1 0 72 70 -21925 32 2
13251 13537 855 1 855 1 0 0 70 70 0 286 0
13537 13539 855 1 854 0 0 1 70 68 22032 32 2
13539 13541 854 0 854 2 1 0 68 66 -22032 32 2
13541 14357 854 2 854 2 0 0 66 66 0 816 0
14357 14359 854 2 854 0 0 1 66 64 22349 32 2
14359 14362 854 0 857 0 1 0 64 61 -22349 32 3
14362 15487 857 0 857 0 0 0 61 61 0 1125 0
15487 15490 857 0 854 0 0 1 61 58 22796 32 3
15490 15492 854 0 856 0 1 0 58 56 -22796 32 2
15492 15530 856 0 856 0 0 0 56 56 0 38 0
15530 15532 856 0 854 0 0 1 56 54 22815 32 2
15532 15534 854 0 855 1 1 0 54 52 -22815 32 2
15534 17915 855 1 855 1 0 0 52 52 0 2381 0
17915 17917 855 1 854 0 0 1 52 50 23832 32 2
17917 17919 854 0 856 0 1 0 50 48 -23832 32 2
17919 18296 856 0 856 0 0 0 48 48 0 377 0
18296 18298 856 0 854 0 0 1 48 46 24002 32 2
18298 18300 854 0 855 1 1 0 46 44 -24002 32 2
18300 20075 855 1 855 1 0 0 44 44 0 1775 0
20075 20077 855 1 854 0 0 1 44 42 24811 32 2
20077 20079 854 0 856 0 1 0 42 40 -24811 32 2
20079 20164 856 0 856 0 0 0 40 40 0 85 0
20164 20166 856 0 854 0 0 1 40 38 42967 32 2
20166 20179 854 0 854 0 1 1 38 38 0 13 0
20179 20179 854 0 854 0 1 2 38 38 24867 32 0
20179 20180 854 0 855 0 2 1 38 37 -42967 19 1
20180 20180 855 0 855 0 1 0 37 37 -24867 32 0
20180 21082 855 0 855 0 0 0 37 37 0 902 0
21082 21083 855 0 854 0 0 1 37 36 25270 32 1
21083 21084 854 0 854 0 1 1 36 36 0 1 0
21084 21085 854 0 855 0 1 0 36 35 -25270 32 1
21085 21801 855 0 855 0 0 0 35 35 0 716 0
21801 21802 855 0 854 0 0 1 35 34 25593 32 1
21802 21805 854 0 854 3 1 0 34 31 -25593 32 3
21805 23439 854 3 854 3 0 0 31 31 0 1634 0
23439 23442 854 3 854 0 0 1 31 28 26389 32 3
23442 23443 854 0 854 1 1 0 28 27 -26389 32 1
23443 24546 854 1 854 1 0 0 27 27 0 1103 0
24546 24547 854 1 854 0 0 1 27 26 26945 32 1
24547 24549 854 0 856 0 1 0 26 24 -26945 32 2
24549 26131 856 0 856 0 0 0 24 24 0 1582 0
26131 26133 856 0 854 0 0 1 24 22 27797 32 2
26133 26135 854 0 856 0 1 0 22 20 -27797 32 2
26135 26427 856 0 856 0 0 0 20 20 0 292 0
26427 26429 856 0 854 0 0 1 20 18 27957 32 2
26429 26434 854 0 854 0 1 1 18 18 0 5 0
26434 26440 854 0 859 1 1 0 18 12 -27957 32 6
26440 28535 859 1 859 1 0 0 12 12 0 2095 0
28535 28541 859 1 854 0 0 1 12 6 29030 32 6
28541 28544 854 0 854 0 1 1 6 6 0 3 0
28544 28545 854 0 855 0 1 0 6 5 -29030 32 1
28545 30283 855 0 855 0 0 0 5 5 0 1738 0
30283 30284 855 0 854 0 0 1 5 4 29902 32 1
30284 30285 854 0 855 0 1 0 4 3 -29902 32 1
30285 31908 855 0 855 0 0 0 3 3 0 1623 0
31908 31909 855 0 854 0 0 1 3 2 30718 32 1
31909 31910 854 0 854 0 1 1 2 2 0 1 0
31910 31911 854 0 855 0 1 0 2 1 -30718 32 1
31911 43266 855 0 855 0 0 0 1 1 0 11355 0
43266 43267 855 0 854 0 0 0 1 0 1000000000 0 1
--------------------------------------
--------------------------------------
EV5
--------------------------------------
Num TPs served = 19
TPs served = 29687 29706 30117 31377 31954 32421 32445 32664 32685 32715 32819 33019 33584 34406 35025 35371 35629 36184 36582
Total energy used = 100
--------------------------------------
Schedule:
0 673 854 0 854 0 0 0 100 100 0 673 0
673 673 854 0 854 0 0 1 100 100 35371 32 0
673 674 854 0 854 0 1 1 100 100 0 1 0
674 676 854 0 855 1 1 0 100 98 -35371 32 2
676 1436 855 1 855 1 0 0 98 98 0 760 0
1436 1438 855 1 854 0 0 1 98 96 35629 32 2
1438 1447 854 0 854 0 1 1 96 96 0 9 0
1447 1455 854 0 854 8 1 0 96 88 -35629 32 8
1455 3021 854 8 854 8 0 0 88 88 0 1566 0
3021 3029 854 8 854 0 0 1 88 80 36184 32 8
3029 3033 854 0 857 1 1 0 80 76 -36184 32 4
3033 4188 857 1 857 1 0 0 76 76 0 1155 0
4188 4192 857 1 854 0 0 1 76 72 36582 32 4
4192 4193 854 0 854 0 1 1 72 72 0 1 0
4193 4195 854 0 854 2 1 0 72 70 -36582 32 2
4195 29854 854 2 854 2 0 0 70 70 0 25659 0
29854 29856 854 2 854 0 0 1 70 68 29687 32 2
29856 29858 854 0 854 0 1 1 68 68 0 2 0
29858 29862 854 0 855 3 1 0 68 64 -29687 32 4
29862 29892 855 3 855 3 0 0 64 64 0 30 0
29892 29896 855 3 854 0 0 1 64 60 29706 32 4
29896 29901 854 0 859 0 1 0 60 55 -29706 32 5
29901 30702 859 0 859 0 0 0 55 55 0 801 0
30702 30707 859 0 854 0 0 1 55 50 30117 32 5
30707 30709 854 0 855 1 1 0 50 48 -30117 32 2
30709 33326 855 1 855 1 0 0 48 48 0 2617 0
33326 33328 855 1 854 0 0 1 48 46 31377 32 2
33328 33329 854 0 855 0 1 0 46 45 -31377 32 1
33329 34588 855 0 855 0 0 0 45 45 0 1259 0
34588 34589 855 0 854 0 0 1 45 44 31954 32 1
34589 34590 854 0 855 0 1 0 44 43 -31954 32 1
34590 35742 855 0 855 0 0 0 43 43 0 1152 0
35742 35743 855 0 854 0 0 1 43 42 32421 32 1
35743 35744 854 0 854 0 1 1 42 42 0 1 0
35744 35745 854 0 855 0 1 0 42 41 -32421 32 1
35745 35797 855 0 855 0 0 0 41 41 0 52 0
35797 35798 855 0 854 0 0 1 41 40 32445 32 1
35798 35799 854 0 855 0 1 0 40 39 -32445 32 1
35799 36302 855 0 855 0 0 0 39 39 0 503 0
36302 36303 855 0 854 0 0 1 39 38 32664 32 1
36303 36337 854 0 854 0 1 1 38 38 0 34 0
36337 36337 854 0 854 0 1 2 38 38 32685 32 0
36337 36339 854 0 855 1 2 1 38 36 -32685 32 2
36339 36341 855 1 857 1 1 0 36 34 -32664 2 2
36341 36405 857 1 857 1 0 0 34 34 0 64 0
36405 36409 857 1 854 0 0 1 34 30 32715 32 4
36409 36410 854 0 855 0 1 0 30 29 -32715 32 1
36410 36679 855 0 855 0 0 0 29 29 0 269 0
36679 36680 855 0 854 0 0 1 29 28 32819 32 1
36680 36681 854 0 854 1 1 0 28 27 -32819 32 1
36681 37239 854 1 854 1 0 0 27 27 0 558 0
37239 37240 854 1 854 0 0 1 27 26 33019 32 1
37240 37246 854 0 854 6 1 0 26 20 -33019 32 6
37246 38640 854 6 854 6 0 0 20 20 0 1394 0
38640 38646 854 6 854 0 0 1 20 14 33584 32 6
38646 38649 854 0 857 0 1 0 14 11 -33584 32 3
38649 40971 857 0 857 0 0 0 11 11 0 2322 0
40971 40974 857 0 854 0 0 1 11 8 34406 32 3
40974 40976 854 0 855 1 1 0 8 6 -34406 32 2
40976 42830 855 1 855 1 0 0 6 6 0 1854 0
42830 42832 855 1 854 0 0 1 6 4 35025 32 2
42832 42834 854 0 856 0 1 0 4 2 -35025 32 2
42834 43265 856 0 856 0 0 0 2 2 0 431 0
43265 43267 856 0 854 0 0 0 2 0 1000000000 0 2
--------------------------------------
--------------------------------------
EV6
--------------------------------------
Num TPs served = 19
TPs served = 36434 36624 36641 37165 37692 38371 38851 39098 39160 39304 39319 39720 39912 40017 40054 40106 40302 40669 40880
Total energy used = 100
--------------------------------------
Schedule:
0 3757 854 0 854 0 0 0 100 100 0 3757 0
3757 3757 854 0 854 0 0 1 100 100 36434 32 0
3757 3762 854 0 859 0 1 0 100 95 -36434 32 5
3762 4312 859 0 859 0 0 0 95 95 0 550 0
4312 4317 859 0 854 0 0 1 95 90 36624 32 5
4317 4320 854 0 857 0 1 0 90 87 -36624 32 3
4320 4400 857 0 857 0 0 0 87 87 0 80 0
4400 4403 857 0 854 0 0 1 87 84 36641 32 3
4403 4404 854 0 854 0 1 1 84 84 0 1 0
4404 4406 854 0 856 0 1 0 84 82 -36641 32 2
4406 5933 856 0 856 0 0 0 82 82 0 1527 0
5933 5935 856 0 854 0 0 1 82 80 37165 32 2
5935 5937 854 0 854 0 1 1 80 80 0 2 0
5937 5941 854 0 857 1 1 0 80 76 -37165 32 4
5941 7418 857 1 857 1 0 0 76 76 0 1477 0
7418 7422 857 1 854 0 0 1 76 72 37692 32 4
7422 7423 854 0 855 0 1 0 72 71 -37692 32 1
7423 9280 855 0 855 0 0 0 71 71 0 1857 0
9280 9281 855 0 854 0 0 1 71 70 38371 32 1
9281 9282 854 0 854 0 1 1 70 70 0 1 0
9282 9290 854 0 856 6 1 0 70 62 -38371 32 8
9290 10541 856 6 856 6 0 0 62 62 0 1251 0
10541 10549 856 6 854 0 0 1 62 54 38851 32 8
10549 10550 854 0 855 0 1 0 54 53 -38851 32 1
10550 11082 855 0 855 0 0 0 53 53 0 532 0
11082 11083 855 0 854 0 0 1 53 52 39098 32 1
11083 11084 854 0 855 0 1 0 52 51 -39098 32 1
11084 11219 855 0 855 0 0 0 51 51 0 135 0
11219 11220 855 0 854 0 0 1 51 50 39160 32 1
11220 11221 854 0 854 0 1 1 50 50 0 1 0
11221 11223 854 0 855 1 1 0 50 48 -39160 32 2
11223 11560 855 1 855 1 0 0 48 48 0 337 0
11560 11562 855 1 854 0 0 1 48 46 39304 32 2
11562 11564 854 0 856 0 1 0 46 44 -39304 32 2
11564 11605 856 0 856 0 0 0 44 44 0 41 0
11605 11607 856 0 854 0 0 1 44 42 39319 32 2
11607 11608 854 0 855 0 1 0 42 41 -39319 32 1
11608 12646 855 0 855 0 0 0 41 41 0 1038 0
12646 12647 855 0 854 0 0 1 41 40 39720 32 1
12647 12650 854 0 855 2 1 0 40 37 -39720 32 3
12650 13143 855 2 855 2 0 0 37 37 0 493 0
13143 13146 855 2 854 0 0 1 37 34 39912 32 3
13146 13149 854 0 855 2 1 0 34 31 -39912 32 3
13149 13471 855 2 855 2 0 0 31 31 0 322 0
13471 13474 855 2 854 0 0 1 31 28 40017 32 3
13474 13476 854 0 855 1 1 0 28 26 -40017 32 2
13476 13605 855 1 855 1 0 0 26 26 0 129 0
13605 13607 855 1 854 0 0 1 26 24 40054 32 2
13607 13608 854 0 855 0 1 0 24 23 -40054 32 1
13608 13750 855 0 855 0 0 0 23 23 0 142 0
13750 13751 855 0 854 0 0 1 23 22 40106 32 1
13751 13755 854 0 856 2 1 0 22 18 -40106 32 4
13755 14264 856 2 856 2 0 0 18 18 0 509 0
14264 14268 856 2 854 0 0 1 18 14 40302 32 4
14268 14269 854 0 854 0 1 1 14 14 0 1 0
14269 14272 854 0 854 3 1 0 14 11 -40302 32 3
14272 15127 854 3 854 3 0 0 11 11 0 855 0
15127 15130 854 3 854 0 0 1 11 8 40669 32 3
15130 15131 854 0 854 0 1 1 8 8 0 1 0
15131 15133 854 0 854 2 1 0 8 6 -40669 32 2
15133 15613 854 2 854 2 0 0 6 6 0 480 0
15613 15615 854 2 854 0 0 1 6 4 40880 32 2
15615 15616 854 0 854 0 1 1 4 4 0 1 0
15616 15618 854 0 855 1 1 0 4 2 -40880 32 2
15618 43265 855 1 855 1 0 0 2 2 0 27647 0
43265 43267 855 1 854 0 0 0 2 0 1000000000 0 2
--------------------------------------
--------------------------------------
EV7
--------------------------------------
Num TPs served = 26
TPs served = 40924 40996 41048 41314 41613 42570 42665 42684 43539 44297 44579 44604 45239 45605 45856 45860 46004 46763 47100 47179 47495 47944 48028 48340 48633 48924
Total energy used = 100
--------------------------------------
Schedule:
0 15700 854 0 854 0 0 0 100 100 0 15700 0
15700 15700 854 0 854 0 0 1 100 100 40924 32 0
15700 15701 854 0 855 0 1 0 100 99 -40924 32 1
15701 15845 855 0 855 0 0 0 99 99 0 144 0
15845 15846 855 0 854 0 0 1 99 98 40996 32 1
15846 15848 854 0 856 0 1 0 98 96 -40996 32 2
15848 15983 856 0 856 0 0 0 96 96 0 135 0
15983 15985 856 0 854 0 0 1 96 94 41048 32 2
15985 15987 854 0 855 1 1 0 94 92 -41048 32 2
15987 16590 855 1 855 1 0 0 92 92 0 603 0
16590 16592 855 1 854 0 0 1 92 90 41314 32 2
16592 16593 854 0 854 1 1 0 90 89 -41314 32 1
16593 17278 854 1 854 1 0 0 89 89 0 685 0
17278 17279 854 1 854 0 0 1 89 88 41613 32 1
17279 17283 854 0 855 3 1 0 88 84 -41613 32 4
17283 19350 855 3 855 3 0 0 84 84 0 2067 0
19350 19354 855 3 854 0 0 1 84 80 42570 32 4
19354 19356 854 0 856 0 1 0 80 78 -42570 32 2
19356 19561 856 0 856 0 0 0 78 78 0 205 0
19561 19563 856 0 854 0 0 1 78 76 42665 32 2
19563 19565 854 0 854 2 1 0 76 74 -42665 32 2
19565 19597 854 2 854 2 0 0 74 74 0 32 0
19597 19599 854 2 854 0 0 1 74 72 42684 32 2
19599 19601 854 0 855 1 1 0 72 70 -42684 32 2
19601 21282 855 1 855 1 0 0 70 70 0 1681 0
21282 21284 855 1 854 0 0 1 70 68 43539 32 2
21284 21285 854 0 854 0 1 1 68 68 0 1 0
21285 21288 854 0 856 1 1 0 68 65 -43539 32 3
21288 22730 856 1 856 1 0 0 65 65 0 1442 0
22730 22733 856 1 854 0 0 1 65 62 44297 32 3
22733 22734 854 0 854 1 1 0 62 61 -44297 32 1
22734 23254 854 1 854 1 0 0 61 61 0 520 0
23254 23255 854 1 854 0 0 1 61 60 44579 32 1
23255 23257 854 0 856 0 1 0 60 58 -44579 32 2
23257 23298 856 0 856 0 0 0 58 58 0 41 0
23298 23300 856 0 854 0 0 1 58 56 44604 32 2
23300 23301 854 0 855 0 1 0 56 55 -44604 32 1
23301 24436 855 0 855 0 0 0 55 55 0 1135 0
24436 24437 855 0 854 0 0 1 55 54 45239 32 1
24437 24438 854 0 854 0 1 1 54 54 0 1 0
24438 24439 854 0 855 0 1 0 54 53 -45239 32 1
24439 25083 855 0 855 0 0 0 53 53 0 644 0
25083 25084 855 0 854 0 0 1 53 52 45605 32 1
25084 25087 854 0 854 0 1 1 52 52 0 3 0
25087 25089 854 0 854 2 1 0 52 50 -45605 32 2
25089 25530 854 2 854 2 0 0 50 50 0 441 0
25530 25532 854 2 854 0 0 1 50 48 45860 32 2
25532 25532 854 0 854 0 1 2 48 48 45856 24 0
25532 25533 854 0 855 0 2 1 48 47 -45860 32 1
25533 25536 855 0 858 0 1 0 47 44 -45856 24 3
25536 25807 858 0 858 0 0 0 44 44 0 271 0
25807 25811 858 0 854 0 0 1 44 40 46004 32 4
25811 25812 854 0 854 0 1 1 40 40 0 1 0
25812 25813 854 0 855 0 1 0 40 39 -46004 32 1
25813 27154 855 0 855 0 0 0 39 39 0 1341 0
27154 27155 855 0 854 0 0 1 39 38 46763 32 1
27155 27156 854 0 854 0 1 1 38 38 0 1 0
27156 27157 854 0 855 0 1 0 38 37 -46763 32 1
27157 27722 855 0 855 0 0 0 37 37 0 565 0
27722 27723 855 0 854 0 0 1 37 36 47100 32 1
27723 27725 854 0 854 0 1 1 36 36 0 2 0
27725 27726 854 0 855 0 1 0 36 35 -47100 32 1
27726 27867 855 0 855 0 0 0 35 35 0 141 0
27867 27868 855 0 854 0 0 1 35 34 47179 32 1
27868 27872 854 0 858 0 1 0 34 30 -47179 32 4
27872 28350 858 0 858 0 0 0 30 30 0 478 0
28350 28354 858 0 854 0 0 1 30 26 47495 32 4
28354 28355 854 0 855 0 1 0 26 25 -47495 32 1
28355 29116 855 0 855 0 0 0 25 25 0 761 0
29116 29117 855 0 854 0 0 1 25 24 47944 32 1
29117 29120 854 0 857 0 1 0 24 21 -47944 32 3
29120 29256 857 0 857 0 0 0 21 21 0 136 0
29256 29259 857 0 854 0 0 1 21 18 48028 32 3
29259 29260 854 0 854 0 1 1 18 18 0 1 0
29260 29261 854 0 855 0 1 0 18 17 -48028 32 1
29261 29861 855 0 855 0 0 0 17 17 0 600 0
29861 29862 855 0 854 0 0 1 17 16 48340 32 1
29862 29868 854 0 860 0 1 0 16 10 -48340 32 6
29868 30362 860 0 860 0 0 0 10 10 0 494 0
30362 30368 860 0 854 0 0 1 10 4 48633 32 6
30368 30369 854 0 855 0 1 0 4 3 -48633 32 1
30369 30880 855 0 855 0 0 0 3 3 0 511 0
30880 30881 855 0 854 0 0 1 3 2 48924 32 1
30881 30882 854 0 854 0 1 1 2 2 0 1 0
30882 30883 854 0 855 0 1 0 2 1 -48924 32 1
30883 43266 855 0 855 0 0 0 1 1 0 12383 0
43266 43267 855 0 854 0 0 0 1 0 1000000000 0 1
--------------------------------------

-------------------------------------------------------------------------

TPs

-------------------------------------------------------------------------

----------------------
TP94 allocated to 1
----------------------

----------------------
TP810 allocated to 1
----------------------

----------------------
TP1013 allocated to 1
----------------------

----------------------
TP1205 allocated to 1
----------------------

----------------------
TP1263 allocated to 1
----------------------

----------------------
TP1496 allocated to 1
----------------------

----------------------
TP1508 allocated to 1
----------------------

----------------------
TP1703 allocated to 1
----------------------

----------------------
TP2335 allocated to 1
----------------------

----------------------
TP2556 allocated to 1
----------------------

----------------------
TP2824 allocated to 1
----------------------

----------------------
TP3743 allocated to 1
----------------------

----------------------
TP4197 allocated to 1
----------------------

----------------------
TP4889 allocated to 1
----------------------

----------------------
TP5793 allocated to 1
----------------------

----------------------
TP6777 allocated to 1
----------------------

----------------------
TP6817 allocated to 1
----------------------

----------------------
TP7313 allocated to 1
----------------------

----------------------
TP7711 allocated to 1
----------------------

----------------------
TP8158 allocated to 1
----------------------

----------------------
TP8346 allocated to 1
----------------------

----------------------
TP9053 allocated to 1
----------------------

----------------------
TP9659 allocated to 2
----------------------

----------------------
TP9971 allocated to 1
----------------------

----------------------
TP9972 allocated to 2
----------------------

----------------------
TP9993 allocated to 2
----------------------

----------------------
TP10023 allocated to 2
----------------------

----------------------
TP10146 allocated to 1
----------------------

----------------------
TP10396 allocated to 2
----------------------

----------------------
TP10418 allocated to 2
----------------------

----------------------
TP10887 allocated to 2
----------------------

----------------------
TP11019 allocated to 2
----------------------

----------------------
TP11473 allocated to 2
----------------------

----------------------
TP11845 allocated to 2
----------------------

----------------------
TP12366 allocated to 2
----------------------

----------------------
TP12595 allocated to 2
----------------------

----------------------
TP13706 allocated to 1
----------------------

----------------------
TP13795 allocated to 2
----------------------

----------------------
TP13928 allocated to 2
----------------------

----------------------
TP14296 allocated to 2
----------------------

----------------------
TP14310 allocated to 2
----------------------

----------------------
TP14842 allocated to 2
----------------------

----------------------
TP14933 allocated to 2
----------------------

----------------------
TP15102 allocated to 2
----------------------

----------------------
TP15400 allocated to 2
----------------------

----------------------
TP15411 allocated to 3
----------------------

----------------------
TP15817 allocated to 3
----------------------

----------------------
TP15982 allocated to 3
----------------------

----------------------
TP16166 allocated to 3
----------------------

----------------------
TP16265 allocated to 3
----------------------

----------------------
TP16594 allocated to 3
----------------------

----------------------
TP17359 allocated to 1
----------------------

----------------------
TP17435 allocated to 3
----------------------

----------------------
TP17679 allocated to 3
----------------------

----------------------
TP17701 allocated to 3
----------------------

----------------------
TP17917 allocated to 1
----------------------

----------------------
TP18244 allocated to 3
----------------------

----------------------
TP18407 allocated to 3
----------------------

----------------------
TP18495 allocated to 1
----------------------

----------------------
TP18659 allocated to 3
----------------------

----------------------
TP19261 allocated to 3
----------------------

----------------------
TP19364 allocated to 3
----------------------

----------------------
TP19611 allocated to 3
----------------------

----------------------
TP19759 allocated to 3
----------------------

----------------------
TP20105 allocated to 3
----------------------

----------------------
TP20828 allocated to 3
----------------------

----------------------
TP20890 allocated to 3
----------------------

----------------------
TP20946 allocated to 4
----------------------

----------------------
TP21073 allocated to 4
----------------------

----------------------
TP21450 allocated to 1
----------------------

----------------------
TP21550 allocated to 4
----------------------

----------------------
TP21616 allocated to 4
----------------------

----------------------
TP21890 allocated to 4
----------------------

----------------------
TP21925 allocated to 4
----------------------

----------------------
TP22032 allocated to 4
----------------------

----------------------
TP22349 allocated to 4
----------------------

----------------------
TP22796 allocated to 4
----------------------

----------------------
TP22815 allocated to 4
----------------------

----------------------
TP23832 allocated to 4
----------------------

----------------------
TP24002 allocated to 4
----------------------

----------------------
TP24280 allocated to 3
----------------------

----------------------
TP24811 allocated to 4
----------------------

----------------------
TP24867 allocated to 4
----------------------

----------------------
TP25270 allocated to 4
----------------------

----------------------
TP25593 allocated to 4
----------------------

----------------------
TP25990 allocated to 1
----------------------

----------------------
TP26389 allocated to 4
----------------------

----------------------
TP26945 allocated to 4
----------------------

----------------------
TP27797 allocated to 4
----------------------

----------------------
TP27957 allocated to 4
----------------------

----------------------
TP29030 allocated to 4
----------------------

----------------------
TP29687 allocated to 5
----------------------

----------------------
TP29706 allocated to 5
----------------------

----------------------
TP29902 allocated to 4
----------------------

----------------------
TP30117 allocated to 5
----------------------

----------------------
TP30718 allocated to 4
----------------------

----------------------
TP30753 allocated to 1
----------------------

----------------------
TP31160 allocated to 1
----------------------

----------------------
TP31319 allocated to 2
----------------------

----------------------
TP31377 allocated to 5
----------------------

----------------------
TP31954 allocated to 5
----------------------

----------------------
TP32178 allocated to 2
----------------------

----------------------
TP32421 allocated to 5
----------------------

----------------------
TP32445 allocated to 5
----------------------

----------------------
TP32664 allocated to 5
----------------------

----------------------
TP32685 allocated to 5
----------------------

----------------------
TP32715 allocated to 5
----------------------

----------------------
TP32819 allocated to 5
----------------------

----------------------
TP33019 allocated to 5
----------------------

----------------------
TP33020 allocated to 1
----------------------

----------------------
TP33584 allocated to 5
----------------------

----------------------
TP34406 allocated to 5
----------------------

----------------------
TP34712 allocated to 1
----------------------

----------------------
TP35025 allocated to 5
----------------------

----------------------
TP35371 allocated to 5
----------------------

----------------------
TP35629 allocated to 5
----------------------

----------------------
TP36184 allocated to 5
----------------------

----------------------
TP36221 allocated to 3
----------------------

----------------------
TP36434 allocated to 6
----------------------

----------------------
TP36582 allocated to 5
----------------------

----------------------
TP36624 allocated to 6
----------------------

----------------------
TP36641 allocated to 6
----------------------

----------------------
TP37165 allocated to 6
----------------------

----------------------
TP37692 allocated to 6
----------------------

----------------------
TP38371 allocated to 6
----------------------

----------------------
TP38851 allocated to 6
----------------------

----------------------
TP39041 allocated to 4
----------------------

----------------------
TP39098 allocated to 6
----------------------

----------------------
TP39160 allocated to 6
----------------------

----------------------
TP39304 allocated to 6
----------------------

----------------------
TP39319 allocated to 6
----------------------

----------------------
TP39720 allocated to 6
----------------------

----------------------
TP39912 allocated to 6
----------------------

----------------------
TP40017 allocated to 6
----------------------

----------------------
TP40054 allocated to 6
----------------------

----------------------
TP40091 allocated to 1
----------------------

----------------------
TP40106 allocated to 6
----------------------

----------------------
TP40147 allocated to 1
----------------------

----------------------
TP40302 allocated to 6
----------------------

----------------------
TP40669 allocated to 6
----------------------

----------------------
TP40880 allocated to 6
----------------------

----------------------
TP40924 allocated to 7
----------------------

----------------------
TP40996 allocated to 7
----------------------

----------------------
TP41048 allocated to 7
----------------------

----------------------
TP41314 allocated to 7
----------------------

----------------------
TP41613 allocated to 7
----------------------

----------------------
TP41684 allocated to 1
----------------------

----------------------
TP42570 allocated to 7
----------------------

----------------------
TP42665 allocated to 7
----------------------

----------------------
TP42684 allocated to 7
----------------------

----------------------
TP42691 allocated to 1
----------------------

----------------------
TP42951 allocated to 1
----------------------

----------------------
TP42967 allocated to 4
----------------------

----------------------
TP43539 allocated to 7
----------------------

----------------------
TP44297 allocated to 7
----------------------

----------------------
TP44579 allocated to 7
----------------------

----------------------
TP44604 allocated to 7
----------------------

----------------------
TP45239 allocated to 7
----------------------

----------------------
TP45605 allocated to 7
----------------------

----------------------
TP45856 allocated to 7
----------------------

----------------------
TP45860 allocated to 7
----------------------

----------------------
TP46004 allocated to 7
----------------------

----------------------
TP46763 allocated to 7
----------------------

----------------------
TP47100 allocated to 7
----------------------

----------------------
TP47179 allocated to 7
----------------------

----------------------
TP47230 allocated to 2
----------------------

----------------------
TP47495 allocated to 7
----------------------

----------------------
TP47504 allocated to 1
----------------------

----------------------
TP47663 not allocated
----------------------

----------------------
TP47944 allocated to 7
----------------------

----------------------
TP48028 allocated to 7
----------------------

----------------------
TP48340 allocated to 7
----------------------

----------------------
TP48565 not allocated
----------------------

----------------------
TP48633 allocated to 7
----------------------

----------------------
TP48825 not allocated
----------------------

----------------------
TP48846 allocated to 1
----------------------

----------------------
TP48924 allocated to 7
----------------------

----------------------
TP49353 not allocated
----------------------

----------------------
TP49623 not allocated
----------------------

-------------------------------------------------------------------------

Ride-sharing vs Individual Mode - Num Vehicles and Distance Comparisson 

-------------------------------------------------------------------------
Individual Mode = 179 vehicles.
Ride-sharing Mode = 12 vehicles. The 7 ride-sharing vehicles + 5 vehicles of the individuals not served by the ride-sharing service.
-------------------------------------------------------------------------
Individual Mode = 400 distance.
Ride-sharing Mode = 739 distance. 700 from the EV fleet + 39 from the distance of the trips not covered individuals had to do with their own vehicle.
-------------------------------------------------------------------------
