-------------------------------------------------------------------------
TPs satisfied = 110; Total TPs = 179; Percentage Satisfied + 61.5%
-------------------------------------------------------------------------

-------------------------------------------------------------------------

EVs

-------------------------------------------------------------------------
--------------------------------------
EV1
--------------------------------------
Num TPs served = 41
TPs served = 94 810 1013 1205 1263 1496 1508 1703 2335 2556 2824 3743 4197 4889 5793 6777 6817 7313 7711 8158 8346 9053 9971 10146 13706 17359 17917 18495 21450 25990 30753 31160 33020 34712 40091 40147 41684 42691 42951 47504 48846
Total energy used = 100
--------------------------------------
Schedule:
0 188 854 0 854 0 0 0 100 100 0 188 0
188 188 854 0 854 0 0 1 100 100 94 32 0
188 193 854 0 859 0 1 0 100 95 -94 32 5
193 1442 859 0 859 0 0 0 95 95 0 1249 0
1442 1447 859 0 854 0 0 1 95 90 810 32 5
1447 1449 854 0 855 1 1 0 90 88 -810 32 2
1449 1563 855 1 855 1 0 0 88 88 0 114 0
1563 1565 855 1 854 0 0 1 88 86 17917 32 2
1565 1566 854 0 854 0 1 1 86 86 0 1 0
1566 1566 854 0 854 0 1 0 86 86 -17917 32 0
1566 1783 854 0 854 0 0 0 86 86 0 217 0
1783 1783 854 0 854 0 0 1 86 86 1013 32 0
1783 1784 854 0 854 0 1 1 86 86 0 1 0
1784 1788 854 0 856 2 1 0 86 82 -1013 32 4
1788 2096 856 2 856 2 0 0 82 82 0 308 0
2096 2100 856 2 854 0 0 1 82 78 1205 32 4
2100 2102 854 0 855 1 1 0 78 76 -1205 32 2
2102 2203 855 1 855 1 0 0 76 76 0 101 0
2203 2205 855 1 854 0 0 1 76 74 1263 32 2
2205 2208 854 0 854 0 1 1 74 74 0 3 0
2208 2209 854 0 854 1 1 0 74 73 -1263 32 1
2209 2634 854 1 854 1 0 0 73 73 0 425 0
2634 2635 854 1 854 0 0 1 73 72 1508 32 1
2635 2635 854 0 854 0 1 2 72 72 1496 15 0
2635 2636 854 0 854 1 2 1 72 71 -1508 32 1
2636 2637 854 1 854 2 1 0 71 70 -1496 15 1
2637 2970 854 2 854 2 0 0 70 70 0 333 0
2970 2972 854 2 854 0 0 1 70 68 1703 32 2
2972 2973 854 0 854 0 1 1 68 68 0 1 0
2973 2973 854 0 854 0 1 0 68 68 -1703 32 0
2973 3370 854 0 854 0 0 0 68 68 0 397 0
3370 3370 854 0 854 0 0 1 68 68 18495 32 0
3370 3372 854 0 854 0 1 1 68 68 0 2 0
3372 3372 854 0 854 0 1 0 68 68 -18495 32 0
3372 4150 854 0 854 0 0 0 68 68 0 778 0
4150 4150 854 0 854 0 0 1 68 68 2335 32 0
4150 4153 854 0 854 0 1 1 68 68 0 3 0
4153 4155 854 0 855 1 1 0 68 66 -2335 32 2
4155 4533 855 1 855 1 0 0 66 66 0 378 0
4533 4535 855 1 854 0 0 1 66 64 2556 32 2
4535 4536 854 0 855 0 1 0 64 63 -2556 32 1
4536 5042 855 0 855 0 0 0 63 63 0 506 0
5042 5043 855 0 854 0 0 1 63 62 2824 32 1
5043 5044 854 0 854 0 1 1 62 62 0 1 0
5044 5046 854 0 856 0 1 0 62 60 -2824 32 2
5046 6714 856 0 856 0 0 0 60 60 0 1668 0
6714 6716 856 0 854 0 0 1 60 58 3743 32 2
6716 6718 854 0 854 2 1 0 58 56 -3743 32 2
6718 7552 854 2 854 2 0 0 56 56 0 834 0
7552 7554 854 2 854 0 0 1 56 54 4197 32 2
7554 7555 854 0 854 0 1 1 54 54 0 1 0
7555 7556 854 0 854 1 1 0 54 53 -4197 32 1
7556 8879 854 1 854 1 0 0 53 53 0 1323 0
8879 8880 854 1 854 0 0 1 53 52 4889 32 1
8880 8882 854 0 854 0 1 1 52 52 0 2 0
8882 8889 854 0 860 1 1 0 52 45 -4889 32 7
8889 10593 860 1 860 1 0 0 45 45 0 1704 0
10593 10600 860 1 854 0 0 1 45 38 5793 32 7
10600 10601 854 0 854 0 1 1 38 38 0 1 0
10601 10601 854 0 854 0 1 0 38 38 -5793 32 0
10601 11960 854 0 854 0 0 0 38 38 0 1359 0
11960 11960 854 0 854 0 0 1 38 38 21450 32 0
11960 11961 854 0 854 0 1 1 38 38 0 1 0
11961 11961 854 0 854 0 1 0 38 38 -21450 32 0
11961 12528 854 0 854 0 0 0 38 38 0 567 0
12528 12528 854 0 854 0 0 1 38 38 6777 32 0
12528 12529 854 0 854 1 1 0 38 37 -6777 32 1
12529 12606 854 1 854 1 0 0 37 37 0 77 0
12606 12607 854 1 854 0 0 1 37 36 6817 32 1
12607 12609 854 0 856 0 1 0 36 34 -6817 32 2
12609 13707 856 0 856 0 0 0 34 34 0 1098 0
13707 13709 856 0 854 0 0 1 34 32 40091 32 2
13709 13709 854 0 854 0 1 2 32 32 7313 23 0
13709 13710 854 0 854 0 2 2 32 32 0 1 0
13710 13710 854 0 854 0 2 1 32 32 -40091 32 0
13710 13713 854 0 857 0 1 0 32 29 -7313 22 3
13713 13856 857 0 857 0 0 0 29 29 0 143 0
13856 13859 857 0 854 0 0 1 29 26 40147 32 3
13859 13861 854 0 854 0 1 1 26 26 0 2 0
13861 13861 854 0 854 0 1 0 26 26 -40147 32 0
13861 14568 854 0 854 0 0 0 26 26 0 707 0
14568 14568 854 0 854 0 0 1 26 26 7711 32 0
14568 14569 854 0 855 0 1 0 26 25 -7711 32 1
14569 15582 855 0 855 0 0 0 25 25 0 1013 0
15582 15583 855 0 854 0 0 1 25 24 8158 32 1
15583 15584 854 0 854 1 1 0 24 23 -8158 32 1
15584 16043 854 1 854 1 0 0 23 23 0 459 0
16043 16044 854 1 854 0 0 1 23 22 8346 32 1
16044 16046 854 0 856 0 1 0 22 20 -8346 32 2
16046 17440 856 0 856 0 0 0 20 20 0 1394 0
17440 17442 856 0 854 0 0 1 20 18 41684 32 2
17442 17444 854 0 854 0 1 1 18 18 0 2 0
17444 17444 854 0 854 0 1 0 18 18 -41684 32 0
17444 17774 854 0 854 0 0 0 18 18 0 330 0
17774 17774 854 0 854 0 0 1 18 18 9053 32 0
17774 17782 854 0 862 0 1 0 18 10 -9053 32 8
17782 19608 862 0 862 0 0 0 10 10 0 1826 0
19608 19616 862 0 854 0 0 1 10 2 42691 32 8
19616 19617 854 0 854 0 1 1 2 2 0 1 0
19617 19617 854 0 854 0 1 0 2 2 -42691 32 0
19617 20134 854 0 854 0 0 0 2 2 0 517 0
20134 20134 854 0 854 0 0 1 2 2 42951 32 0
20134 20136 854 0 854 0 1 1 2 2 0 2 0
20136 20136 854 0 854 0 1 0 2 2 -42951 32 0
20136 20324 854 0 854 0 0 0 2 2 0 188 0
20324 20324 854 0 854 0 0 1 2 2 9971 32 0
20324 20326 854 0 854 0 1 1 2 2 0 2 0
20326 20327 854 0 854 1 1 0 2 1 -9971 32 1
20327 20809 854 1 854 1 0 0 1 1 0 482 0
20809 20810 854 1 854 0 0 1 1 0 10146 32 1
20810 20811 854 0 854 0 1 1 0 0 0 1 0
20811 20811 854 0 854 0 1 0 0 0 -10146 32 0
20811 22635 854 0 854 0 0 0 0 0 0 1824 0
22635 22635 854 0 854 0 0 1 0 0 25990 32 0
22635 22637 854 0 854 0 1 1 0 0 0 2 0
22637 22637 854 0 854 0 1 0 0 0 -25990 32 0
22637 28370 854 0 854 0 0 0 0 0 0 5733 0
28370 28370 854 0 854 0 0 1 0 0 47504 32 0
28370 28372 854 0 854 0 1 1 0 0 0 2 0
28372 28372 854 0 854 0 1 0 0 0 -47504 32 0
28372 30751 854 0 854 0 0 0 0 0 0 2379 0
30751 30751 854 0 854 0 0 1 0 0 48846 32 0
30751 30752 854 0 854 0 1 1 0 0 0 1 0
30752 30752 854 0 854 0 1 0 0 0 -48846 32 0
30752 31986 854 0 854 0 0 0 0 0 0 1234 0
31986 31986 854 0 854 0 0 1 0 0 30753 32 0
31986 31987 854 0 854 0 1 1 0 0 0 1 0
31987 31987 854 0 854 0 1 0 0 0 -30753 32 0
31987 32842 854 0 854 0 0 0 0 0 0 855 0
32842 32842 854 0 854 0 0 1 0 0 31160 32 0
32842 32843 854 0 854 0 1 1 0 0 0 1 0
32843 32843 854 0 854 0 1 0 0 0 -31160 32 0
32843 32857 854 0 854 0 0 0 0 0 0 14 0
32857 32857 854 0 854 0 0 1 0 0 13706 32 0
32857 32858 854 0 854 0 1 1 0 0 0 1 0
32858 32858 854 0 854 0 1 0 0 0 -13706 32 0
32858 37241 854 0 854 0 0 0 0 0 0 4383 0
37241 37241 854 0 854 0 0 1 0 0 33020 32 0
37241 37242 854 0 854 0 1 1 0 0 0 1 0
37242 37242 854 0 854 0 1 0 0 0 -33020 32 0
37242 41884 854 0 854 0 0 0 0 0 0 4642 0
41884 41884 854 0 854 0 0 1 0 0 34712 32 0
41884 41888 854 0 854 0 1 1 0 0 0 4 0
41888 41888 854 0 854 0 1 0 0 0 -34712 32 0
41888 43106 854 0 854 0 0 0 0 0 0 1218 0
43106 43106 854 0 854 0 0 1 0 0 17359 32 0
43106 43108 854 0 854 0 1 1 0 0 0 2 0
43108 43108 854 0 854 0 1 0 0 0 -17359 32 0
43108 43267 854 0 854 0 0 0 0 0 0 159 0
43267 43267 854 0 854 0 0 0 0 0 1000000000 0 0
--------------------------------------
--------------------------------------
EV2
--------------------------------------
Num TPs served = 23
TPs served = 9659 9972 9993 10023 10396 10418 10887 11019 11473 11845 12366 12595 13795 13928 14296 14310 14842 14933 15102 15400 31319 32178 47230
Total energy used = 100
--------------------------------------
Schedule:
0 19440 854 0 854 0 0 0 100 100 0 19440 0
19440 19440 854 0 854 0 0 1 100 100 9659 32 0
19440 19443 854 0 857 0 1 0 100 97 -9659 32 3
19443 20325 857 0 857 0 0 0 97 97 0 882 0
20325 20328 857 0 854 0 0 1 97 94 9972 32 3
20328 20329 854 0 855 0 1 0 94 93 -9972 32 1
20329 20394 855 0 855 0 0 0 93 93 0 65 0
20394 20395 855 0 854 0 0 1 93 92 9993 32 1
20395 20396 854 0 854 0 1 1 92 92 0 1 0
20396 20397 854 0 854 1 1 0 92 91 -9993 32 1
20397 20484 854 1 854 1 0 0 91 91 0 87 0
20484 20485 854 1 854 0 0 1 91 90 10023 32 1
20485 20486 854 0 854 0 1 1 90 90 0 1 0
20486 20487 854 0 854 1 1 0 90 89 -10023 32 1
20487 21549 854 1 854 1 0 0 89 89 0 1062 0
21549 21550 854 1 854 0 0 1 89 88 10396 32 1
21550 21558 854 0 861 1 1 0 88 80 -10396 32 8
21558 21598 861 1 861 1 0 0 80 80 0 40 0
21598 21606 861 1 854 0 0 1 80 72 10418 32 8
21606 21607 854 0 854 0 1 1 72 72 0 1 0
21607 21608 854 0 855 0 1 0 72 71 -10418 32 1
21608 23016 855 0 855 0 0 0 71 71 0 1408 0
23016 23017 855 0 854 0 0 1 71 70 10887 32 1
23017 23021 854 0 858 0 1 0 70 66 -10887 32 4
23021 23427 858 0 858 0 0 0 66 66 0 406 0
23427 23431 858 0 854 0 0 1 66 62 11019 32 4
23431 23432 854 0 855 0 1 0 62 61 -11019 32 1
23432 24893 855 0 855 0 0 0 61 61 0 1461 0
24893 24894 855 0 854 0 0 1 61 60 11473 32 1
24894 24895 854 0 854 0 1 1 60 60 0 1 0
24895 24896 854 0 855 0 1 0 60 59 -11473 32 1
24896 26155 855 0 855 0 0 0 59 59 0 1259 0
26155 26156 855 0 854 0 0 1 59 58 11845 32 1
26156 26157 854 0 855 0 1 0 58 57 -11845 32 1
26157 27947 855 0 855 0 0 0 57 57 0 1790 0
27947 27948 855 0 854 0 0 1 57 56 47230 32 1
27948 27974 854 0 854 0 1 1 56 56 0 26 0
27974 27974 854 0 854 0 1 2 56 56 12366 32 0
27974 27975 854 0 855 0 2 1 56 55 -47230 6 1
27975 27977 855 0 857 0 1 0 55 53 -12366 32 2
27977 28804 857 0 857 0 0 0 53 53 0 827 0
28804 28807 857 0 854 0 0 1 53 50 12595 32 3
28807 28815 854 0 861 1 1 0 50 42 -12595 32 8
28815 33194 861 1 861 1 0 0 42 42 0 4379 0
33194 33202 861 1 854 0 0 1 42 34 31319 32 8
33202 33202 854 0 854 0 1 2 34 34 13795 13 0
33202 33203 854 0 854 1 2 1 34 33 -31319 32 1
33203 33203 854 1 854 1 1 0 33 33 -13795 13 0
33203 33680 854 1 854 1 0 0 33 33 0 477 0
33680 33681 854 1 854 0 0 1 33 32 13928 32 1
33681 33682 854 0 854 0 1 1 32 32 0 1 0
33682 33683 854 0 855 0 1 0 32 31 -13928 32 1
33683 35086 855 0 855 0 0 0 31 31 0 1403 0
35086 35087 855 0 854 0 0 1 31 30 14296 32 1
35087 35089 854 0 854 0 1 1 30 30 0 2 0
35089 35095 854 0 858 2 1 0 30 24 -14296 32 6
35095 35140 858 2 858 2 0 0 24 24 0 45 0
35140 35146 858 2 854 0 0 1 24 18 32178 32 6
35146 35163 854 0 854 0 1 1 18 18 0 17 0
35163 35163 854 0 854 0 1 2 18 18 14310 32 0
35163 35164 854 0 854 1 2 1 18 17 -32178 16 1
35164 35166 854 1 854 3 1 0 17 15 -14310 32 2
35166 37214 854 3 854 3 0 0 15 15 0 2048 0
37214 37217 854 3 854 0 0 1 15 12 14842 32 3
37217 37220 854 0 854 0 1 1 12 12 0 3 0
37220 37221 854 0 854 1 1 0 12 11 -14842 32 1
37221 37575 854 1 854 1 0 0 11 11 0 354 0
37575 37576 854 1 854 0 0 1 11 10 14933 32 1
37576 37577 854 0 854 1 1 0 10 9 -14933 32 1
37577 38201 854 1 854 1 0 0 9 9 0 624 0
38201 38202 854 1 854 0 0 1 9 8 15102 32 1
38202 38205 854 0 856 1 1 0 8 5 -15102 32 3
38205 39357 856 1 856 1 0 0 5 5 0 1152 0
39357 39360 856 1 854 0 0 1 5 2 15400 32 3
39360 39361 854 0 854 0 1 1 2 2 0 1 0
39361 39362 854 0 855 0 1 0 2 1 -15400 32 1
39362 43266 855 0 855 0 0 0 1 1 0 3904 0
43266 43267 855 0 854 0 0 0 1 0 1000000000 0 1
--------------------------------------
--------------------------------------
EV3
--------------------------------------
Num TPs served = 21
TPs served = 15411 15817 15982 16166 16265 16594 17435 17679 17701 18244 18407 18659 19261 19364 19611 19759 20105 20828 20890 24280 36221
Total energy used = 100
--------------------------------------
Schedule:
0 817 854 0 854 0 0 0 100 100 0 817 0
817 817 854 0 854 0 0 1 100 100 17679 32 0
817 821 854 0 857 1 1 0 100 96 -17679 32 4
821 869 857 1 857 1 0 0 96 96 0 48 0
869 873 857 1 854 0 0 1 96 92 17701 32 4
873 875 854 0 856 0 1 0 92 90 -17701 32 2
875 2557 856 0 856 0 0 0 90 90 0 1682 0
2557 2559 856 0 854 0 0 1 90 88 18244 32 2
2559 2561 854 0 854 0 1 1 88 88 0 2 0
2561 2565 854 0 858 0 1 0 88 84 -18244 32 4
2565 3099 858 0 858 0 0 0 84 84 0 534 0
3099 3103 858 0 854 0 0 1 84 80 18407 32 4
3103 3135 854 0 854 0 1 1 80 80 0 32 0
3135 3135 854 0 854 0 1 2 80 80 36221 32 0
3135 3137 854 0 855 1 2 1 80 78 -36221 32 2
3137 3142 855 1 860 1 1 0 78 73 -18407 0 5
3142 3878 860 1 860 1 0 0 73 73 0 736 0
3878 3885 860 1 854 0 0 1 73 66 18659 32 7
3885 3888 854 0 855 2 1 0 66 63 -18659 32 3
3888 5772 855 2 855 2 0 0 63 63 0 1884 0
5772 5775 855 2 854 0 0 1 63 60 19261 32 3
5775 5776 854 0 854 0 1 1 60 60 0 1 0
5776 5780 854 0 855 3 1 0 60 56 -19261 32 4
5780 6088 855 3 855 3 0 0 56 56 0 308 0
6088 6092 855 3 854 0 0 1 56 52 19364 32 4
6092 6094 854 0 856 0 1 0 52 50 -19364 32 2
6094 6900 856 0 856 0 0 0 50 50 0 806 0
6900 6902 856 0 854 0 0 1 50 48 19611 32 2
6902 6903 854 0 854 0 1 1 48 48 0 1 0
6903 6905 854 0 856 0 1 0 48 46 -19611 32 2
6905 7294 856 0 856 0 0 0 46 46 0 389 0
7294 7296 856 0 854 0 0 1 46 44 19759 32 2
7296 7297 854 0 855 0 1 0 44 43 -19759 32 1
7297 8324 855 0 855 0 0 0 43 43 0 1027 0
8324 8325 855 0 854 0 0 1 43 42 20105 32 1
8325 8329 854 0 854 4 1 0 42 38 -20105 32 4
8329 10314 854 4 854 4 0 0 38 38 0 1985 0
10314 10318 854 4 854 0 0 1 38 34 20828 32 4
10318 10319 854 0 855 0 1 0 34 33 -20828 32 1
10319 10479 855 0 855 0 0 0 33 33 0 160 0
10479 10480 855 0 854 0 0 1 33 32 20890 32 1
10480 10481 854 0 855 0 1 0 32 31 -20890 32 1
10481 18898 855 0 855 0 0 0 31 31 0 8417 0
18898 18899 855 0 854 0 0 1 31 30 24280 32 1
18899 18900 854 0 854 1 1 0 30 29 -24280 32 1
18900 39400 854 1 854 1 0 0 29 29 0 20500 0
39400 39401 854 1 854 0 0 1 29 28 15411 32 1
39401 39403 854 0 854 2 1 0 28 26 -15411 32 2
39403 40416 854 2 854 2 0 0 26 26 0 1013 0
40416 40418 854 2 854 0 0 1 26 24 15817 32 2
40418 40419 854 0 855 0 1 0 24 23 -15817 32 1
40419 40706 855 0 855 0 0 0 23 23 0 287 0
40706 40707 855 0 854 0 0 1 23 22 15982 32 1
40707 40708 854 0 855 0 1 0 22 21 -15982 32 1
40708 41057 855 0 855 0 0 0 21 21 0 349 0
41057 41058 855 0 854 0 0 1 21 20 16166 32 1
41058 41059 854 0 854 0 1 1 20 20 0 1 0
41059 41060 854 0 854 1 1 0 20 19 -16166 32 1
41060 41210 854 1 854 1 0 0 19 19 0 150 0
41210 41211 854 1 854 0 0 1 19 18 16265 32 1
41211 41214 854 0 856 1 1 0 18 15 -16265 32 3
41214 41765 856 1 856 1 0 0 15 15 0 551 0
41765 41768 856 1 854 0 0 1 15 12 16594 32 3
41768 41769 854 0 854 0 1 1 12 12 0 1 0
41769 41773 854 0 857 1 1 0 12 8 -16594 32 4
41773 43218 857 1 857 1 0 0 8 8 0 1445 0
43218 43222 857 1 854 0 0 1 8 4 17435 32 4
43222 43224 854 0 854 2 1 0 4 2 -17435 32 2
43224 43265 854 2 854 2 0 0 2 2 0 41 0
43265 43267 854 2 854 0 0 0 2 0 1000000000 0 2
--------------------------------------
--------------------------------------
EV4
--------------------------------------
Num TPs served = 25
TPs served = 20946 21073 21550 21616 21890 21925 22032 22349 22796 22815 23832 24002 24811 24867 25270 25593 26389 26945 27797 27957 29030 29902 30718 39041 42967
Total energy used = 100
--------------------------------------
Schedule:
0 10615 854 0 854 0 0 0 100 100 0 10615 0
10615 10615 854 0 854 0 0 1 100 100 20946 32 0
10615 10618 854 0 857 0 1 0 100 97 -20946 32 3
10618 10946 857 0 857 0 0 0 97 97 0 328 0
10946 10949 857 0 854 0 0 1 97 94 39041 32 3
10949 10949 854 0 854 0 1 2 94 94 21073 25 0
10949 10950 854 0 854 1 2 1 94 93 -39041 32 1
10950 10951 854 1 855 1 1 0 93 92 -21073 25 1
10951 12241 855 1 855 1 0 0 92 92 0 1290 0
12241 12243 855 1 854 0 0 1 92 90 21550 32 2
12243 12247 854 0 858 0 1 0 90 86 -21550 32 4
12247 12418 858 0 858 0 0 0 86 86 0 171 0
12418 12422 858 0 854 0 0 1 86 82 21616 32 4
12422 12424 854 0 854 0 1 1 82 82 0 2 0
12424 12427 854 0 856 1 1 0 82 79 -21616 32 3
12427 13147 856 1 856 1 0 0 79 79 0 720 0
13147 13150 856 1 854 0 0 1 79 76 21890 32 3
13150 13152 854 0 855 1 1 0 76 74 -21890 32 2
13152 13246 855 1 855 1 0 0 74 74 0 94 0
13246 13248 855 1 854 0 0 1 74 72 21925 32 2
13248 13249 854 0 854 0 1 1 72 72 0 1 0
13249 13251 854 0 855 1 1 0 72 70 -21925 32 2
13251 13537 855 1 855 1 0 0 70 70 0 286 0
13537 13539 855 1 854 0 0 1 70 68 22032 32 2
13539 13541 854 0 854 2 1 0 68 66 -22032 32 2
13541 14357 854 2 854 2 0 0 66 66 0 816 0
14357 14359 854 2 854 0 0 1 66 64 22349 32 2
14359 14362 854 0 857 0 1 0 64 61 -22349 32 3
14362 15487 857 0 857 0 0 0 61 61 0 1125 0
15487 15490 857 0 854 0 0 1 61 58 22796 32 3
15490 15492 854 0 856 0 1 0 58 56 -22796 32 2
15492 15530 856 0 856 0 0 0 56 56 0 38 0
15530 15532 856 0 854 0 0 1 56 54 22815 32 2
15532 15534 854 0 855 1 1 0 54 52 -22815 32 2
15534 17915 855 1 855 1 0 0 52 52 0 2381 0
17915 17917 855 1 854 0 0 1 52 50 23832 32 2
17917 17919 854 0 856 0 1 0 50 48 -23832 32 2
17919 18296 856 0 856 0 0 0 48 48 0 377 0
18296 18298 856 0 854 0 0 1 48 46 24002 32 2
18298 18300 854 0 855 1 1 0 46 44 -24002 32 2
18300 20075 855 1 855 1 0 0 44 44 0 1775 0
20075 20077 855 1 854 0 0 1 44 42 24811 32 2
20077 20079 854 0 856 0 1 0 42 40 -24811 32 2
20079 20164 856 0 856 0 0 0 40 40 0 85 0
20164 20166 856 0 854 0 0 1 40 38 42967 32 2
20166 20179 854 0 854 0 1 1 38 38 0 13 0
20179 20179 854 0 854 0 1 2 38 38 24867 32 0
20179 20180 854 0 855 0 2 1 38 37 -42967 19 1
20180 20180 855 0 855 0 1 0 37 37 -24867 32 0
20180 21082 855 0 855 0 0 0 37 37 0 902 0
21082 21083 855 0 854 0 0 1 37 36 25270 32 1
21083 21084 854 0 854 0 1 1 36 36 0 1 0
21084 21085 854 0 855 0 1 0 36 35 -25270 32 1
21085 21801 855 0 855 0 0 0 35 35 0 716 0
21801 21802 855 0 854 0 0 1 35 34 25593 32 1
21802 21805 854 0 854 3 1 0 34 31 -25593 32 3
21805 23439 854 3 854 3 0 0 31 31 0 1634 0
23439 23442 854 3 854 0 0 1 31 28 26389 32 3
23442 23443 854 0 854 1 1 0 28 27 -26389 32 1
23443 24546 854 1 854 1 0 0 27 27 0 1103 0
24546 24547 854 1 854 0 0 1 27 26 26945 32 1
24547 24549 854 0 856 0 1 0 26 24 -26945 32 2
24549 26131 856 0 856 0 0 0 24 24 0 1582 0
26131 26133 856 0 854 0 0 1 24 22 27797 32 2
26133 26135 854 0 856 0 1 0 22 20 -27797 32 2
26135 26427 856 0 856 0 0 0 20 20 0 292 0
26427 26429 856 0 854 0 0 1 20 18 27957 32 2
26429 26434 854 0 854 0 1 1 18 18 0 5 0
26434 26440 854 0 859 1 1 0 18 12 -27957 32 6
26440 28535 859 1 859 1 0 0 12 12 0 2095 0
28535 28541 859 1 854 0 0 1 12 6 29030 32 6
28541 28544 854 0 854 0 1 1 6 6 0 3 0
28544 28545 854 0 855 0 1 0 6 5 -29030 32 1
28545 30283 855 0 855 0 0 0 5 5 0 1738 0
30283 30284 855 0 854 0 0 1 5 4 29902 32 1
30284 30285 854 0 855 0 1 0 4 3 -29902 32 1
30285 31908 855 0 855 0 0 0 3 3 0 1623 0
31908 31909 855 0 854 0 0 1 3 2 30718 32 1
31909 31910 854 0 854 0 1 1 2 2 0 1 0
31910 31911 854 0 855 0 1 0 2 1 -30718 32 1
31911 43266 855 0 855 0 0 0 1 1 0 11355 0
43266 43267 855 0 854 0 0 0 1 0 1000000000 0 1
--------------------------------------

-------------------------------------------------------------------------

TPs

-------------------------------------------------------------------------

----------------------
TP94 allocated to 1
----------------------

----------------------
TP810 allocated to 1
----------------------

----------------------
TP1013 allocated to 1
----------------------

----------------------
TP1205 allocated to 1
----------------------

----------------------
TP1263 allocated to 1
----------------------

----------------------
TP1496 allocated to 1
----------------------

----------------------
TP1508 allocated to 1
----------------------

----------------------
TP1703 allocated to 1
----------------------

----------------------
TP2335 allocated to 1
----------------------

----------------------
TP2556 allocated to 1
----------------------

----------------------
TP2824 allocated to 1
----------------------

----------------------
TP3743 allocated to 1
----------------------

----------------------
TP4197 allocated to 1
----------------------

----------------------
TP4889 allocated to 1
----------------------

----------------------
TP5793 allocated to 1
----------------------

----------------------
TP6777 allocated to 1
----------------------

----------------------
TP6817 allocated to 1
----------------------

----------------------
TP7313 allocated to 1
----------------------

----------------------
TP7711 allocated to 1
----------------------

----------------------
TP8158 allocated to 1
----------------------

----------------------
TP8346 allocated to 1
----------------------

----------------------
TP9053 allocated to 1
----------------------

----------------------
TP9659 allocated to 2
----------------------

----------------------
TP9971 allocated to 1
----------------------

----------------------
TP9972 allocated to 2
----------------------

----------------------
TP9993 allocated to 2
----------------------

----------------------
TP10023 allocated to 2
----------------------

----------------------
TP10146 allocated to 1
----------------------

----------------------
TP10396 allocated to 2
----------------------

----------------------
TP10418 allocated to 2
----------------------

----------------------
TP10887 allocated to 2
----------------------

----------------------
TP11019 allocated to 2
----------------------

----------------------
TP11473 allocated to 2
----------------------

----------------------
TP11845 allocated to 2
----------------------

----------------------
TP12366 allocated to 2
----------------------

----------------------
TP12595 allocated to 2
----------------------

----------------------
TP13706 allocated to 1
----------------------

----------------------
TP13795 allocated to 2
----------------------

----------------------
TP13928 allocated to 2
----------------------

----------------------
TP14296 allocated to 2
----------------------

----------------------
TP14310 allocated to 2
----------------------

----------------------
TP14842 allocated to 2
----------------------

----------------------
TP14933 allocated to 2
----------------------

----------------------
TP15102 allocated to 2
----------------------

----------------------
TP15400 allocated to 2
----------------------

----------------------
TP15411 allocated to 3
----------------------

----------------------
TP15817 allocated to 3
----------------------

----------------------
TP15982 allocated to 3
----------------------

----------------------
TP16166 allocated to 3
----------------------

----------------------
TP16265 allocated to 3
----------------------

----------------------
TP16594 allocated to 3
----------------------

----------------------
TP17359 allocated to 1
----------------------

----------------------
TP17435 allocated to 3
----------------------

----------------------
TP17679 allocated to 3
----------------------

----------------------
TP17701 allocated to 3
----------------------

----------------------
TP17917 allocated to 1
----------------------

----------------------
TP18244 allocated to 3
----------------------

----------------------
TP18407 allocated to 3
----------------------

----------------------
TP18495 allocated to 1
----------------------

----------------------
TP18659 allocated to 3
----------------------

----------------------
TP19261 allocated to 3
----------------------

----------------------
TP19364 allocated to 3
----------------------

----------------------
TP19611 allocated to 3
----------------------

----------------------
TP19759 allocated to 3
----------------------

----------------------
TP20105 allocated to 3
----------------------

----------------------
TP20828 allocated to 3
----------------------

----------------------
TP20890 allocated to 3
----------------------

----------------------
TP20946 allocated to 4
----------------------

----------------------
TP21073 allocated to 4
----------------------

----------------------
TP21450 allocated to 1
----------------------

----------------------
TP21550 allocated to 4
----------------------

----------------------
TP21616 allocated to 4
----------------------

----------------------
TP21890 allocated to 4
----------------------

----------------------
TP21925 allocated to 4
----------------------

----------------------
TP22032 allocated to 4
----------------------

----------------------
TP22349 allocated to 4
----------------------

----------------------
TP22796 allocated to 4
----------------------

----------------------
TP22815 allocated to 4
----------------------

----------------------
TP23832 allocated to 4
----------------------

----------------------
TP24002 allocated to 4
----------------------

----------------------
TP24280 allocated to 3
----------------------

----------------------
TP24811 allocated to 4
----------------------

----------------------
TP24867 allocated to 4
----------------------

----------------------
TP25270 allocated to 4
----------------------

----------------------
TP25593 allocated to 4
----------------------

----------------------
TP25990 allocated to 1
----------------------

----------------------
TP26389 allocated to 4
----------------------

----------------------
TP26945 allocated to 4
----------------------

----------------------
TP27797 allocated to 4
----------------------

----------------------
TP27957 allocated to 4
----------------------

----------------------
TP29030 allocated to 4
----------------------

----------------------
TP29687 not allocated
----------------------

----------------------
TP29706 not allocated
----------------------

----------------------
TP29902 allocated to 4
----------------------

----------------------
TP30117 not allocated
----------------------

----------------------
TP30718 allocated to 4
----------------------

----------------------
TP30753 allocated to 1
----------------------

----------------------
TP31160 allocated to 1
----------------------

----------------------
TP31319 allocated to 2
----------------------

----------------------
TP31377 not allocated
----------------------

----------------------
TP31954 not allocated
----------------------

----------------------
TP32178 allocated to 2
----------------------

----------------------
TP32421 not allocated
----------------------

----------------------
TP32445 not allocated
----------------------

----------------------
TP32664 not allocated
----------------------

----------------------
TP32685 not allocated
----------------------

----------------------
TP32715 not allocated
----------------------

----------------------
TP32819 not allocated
----------------------

----------------------
TP33019 not allocated
----------------------

----------------------
TP33020 allocated to 1
----------------------

----------------------
TP33584 not allocated
----------------------

----------------------
TP34406 not allocated
----------------------

----------------------
TP34712 allocated to 1
----------------------

----------------------
TP35025 not allocated
----------------------

----------------------
TP35371 not allocated
----------------------

----------------------
TP35629 not allocated
----------------------

----------------------
TP36184 not allocated
----------------------

----------------------
TP36221 allocated to 3
----------------------

----------------------
TP36434 not allocated
----------------------

----------------------
TP36582 not allocated
----------------------

----------------------
TP36624 not allocated
----------------------

----------------------
TP36641 not allocated
----------------------

----------------------
TP37165 not allocated
----------------------

----------------------
TP37692 not allocated
----------------------

----------------------
TP38371 not allocated
----------------------

----------------------
TP38851 not allocated
----------------------

----------------------
TP39041 allocated to 4
----------------------

----------------------
TP39098 not allocated
----------------------

----------------------
TP39160 not allocated
----------------------

----------------------
TP39304 not allocated
----------------------

----------------------
TP39319 not allocated
----------------------

----------------------
TP39720 not allocated
----------------------

----------------------
TP39912 not allocated
----------------------

----------------------
TP40017 not allocated
----------------------

----------------------
TP40054 not allocated
----------------------

----------------------
TP40091 allocated to 1
----------------------

----------------------
TP40106 not allocated
----------------------

----------------------
TP40147 allocated to 1
----------------------

----------------------
TP40302 not allocated
----------------------

----------------------
TP40669 not allocated
----------------------

----------------------
TP40880 not allocated
----------------------

----------------------
TP40924 not allocated
----------------------

----------------------
TP40996 not allocated
----------------------

----------------------
TP41048 not allocated
----------------------

----------------------
TP41314 not allocated
----------------------

----------------------
TP41613 not allocated
----------------------

----------------------
TP41684 allocated to 1
----------------------

----------------------
TP42570 not allocated
----------------------

----------------------
TP42665 not allocated
----------------------

----------------------
TP42684 not allocated
----------------------

----------------------
TP42691 allocated to 1
----------------------

----------------------
TP42951 allocated to 1
----------------------

----------------------
TP42967 allocated to 4
----------------------

----------------------
TP43539 not allocated
----------------------

----------------------
TP44297 not allocated
----------------------

----------------------
TP44579 not allocated
----------------------

----------------------
TP44604 not allocated
----------------------

----------------------
TP45239 not allocated
----------------------

----------------------
TP45605 not allocated
----------------------

----------------------
TP45856 not allocated
----------------------

----------------------
TP45860 not allocated
----------------------

----------------------
TP46004 not allocated
----------------------

----------------------
TP46763 not allocated
----------------------

----------------------
TP47100 not allocated
----------------------

----------------------
TP47179 not allocated
----------------------

----------------------
TP47230 allocated to 2
----------------------

----------------------
TP47495 not allocated
----------------------

----------------------
TP47504 allocated to 1
----------------------

----------------------
TP47663 not allocated
----------------------

----------------------
TP47944 not allocated
----------------------

----------------------
TP48028 not allocated
----------------------

----------------------
TP48340 not allocated
----------------------

----------------------
TP48565 not allocated
----------------------

----------------------
TP48633 not allocated
----------------------

----------------------
TP48825 not allocated
----------------------

----------------------
TP48846 allocated to 1
----------------------

----------------------
TP48924 not allocated
----------------------

----------------------
TP49353 not allocated
----------------------

----------------------
TP49623 not allocated
----------------------

-------------------------------------------------------------------------

Ride-sharing vs Individual Mode - Num Vehicles and Distance Comparisson 

-------------------------------------------------------------------------
Individual Mode = 179 vehicles.
Ride-sharing Mode = 73 vehicles. The 4 ride-sharing vehicles + 69 vehicles of the individuals not served by the ride-sharing service.
-------------------------------------------------------------------------
Individual Mode = 400 distance.
Ride-sharing Mode = 592 distance. 400 from the EV fleet + 192 from the distance of the trips not covered individuals had to do with their own vehicle.
-------------------------------------------------------------------------
