-------------------------------------------------------------------------
TPs satisfied = 183; Total TPs = 183; Percentage Satisfied + 100.0%
-------------------------------------------------------------------------

-------------------------------------------------------------------------

EVs

-------------------------------------------------------------------------
--------------------------------------
EV1
--------------------------------------
Num TPs served = 39
TPs served = 547 1106 1163 1334 2114 2307 2371 2461 2915 3048 3369 4215 4254 4349 5088 5148 5560 6124 6129 6173 6377 6517 6756 6845 7517 13254 13833 23067 25832 27973 28379 28810 29879 36915 37019 37834 39567 42200 49651
Total energy used = 100
--------------------------------------
Schedule:
0 980 732 558 732 558 0 0 100 100 0 980 0
980 980 732 558 732 558 0 1 100 100 547 32 0
980 981 732 558 732 558 1 1 100 100 0 1 0
981 983 732 558 734 558 1 0 100 98 -547 32 2
983 1936 734 558 734 558 0 0 98 98 0 953 0
1936 1938 734 558 732 558 0 1 98 96 1106 32 2
1938 1942 732 558 736 558 1 0 96 92 -1106 32 4
1942 2034 736 558 736 558 0 0 92 92 0 92 0
2034 2038 736 558 732 558 0 1 92 88 1163 32 4
2038 2039 732 558 732 558 1 1 88 88 0 1 0
2039 2040 732 558 732 559 1 0 88 87 -1163 32 1
2040 2337 732 559 732 559 0 0 87 87 0 297 0
2337 2338 732 559 732 558 0 1 87 86 1334 32 1
2338 2339 732 558 733 558 1 0 86 85 -1334 32 1
2339 3722 733 558 733 558 0 0 85 85 0 1383 0
3722 3723 733 558 732 558 0 1 85 84 2114 32 1
3723 3725 732 558 734 558 1 0 84 82 -2114 32 2
3725 4088 734 558 734 558 0 0 82 82 0 363 0
4088 4090 734 558 732 558 0 1 82 80 2307 32 2
4090 4092 732 558 734 558 1 0 80 78 -2307 32 2
4092 4206 734 558 734 558 0 0 78 78 0 114 0
4206 4208 734 558 732 558 0 1 78 76 2371 32 2
4208 4209 732 558 733 558 1 0 76 75 -2371 32 1
4209 4382 733 558 733 558 0 0 75 75 0 173 0
4382 4383 733 558 732 558 0 1 75 74 2461 32 1
4383 4388 732 558 737 558 1 0 74 69 -2461 32 5
4388 5190 737 558 737 558 0 0 69 69 0 802 0
5190 5195 737 558 732 558 0 1 69 64 36915 32 5
5195 5195 732 558 732 558 1 2 64 64 2915 32 0
5195 5197 732 558 732 560 2 1 64 62 -36915 32 2
5197 5197 732 560 732 560 1 0 62 62 -2915 32 0
5197 5440 732 560 732 560 0 0 62 62 0 243 0
5440 5442 732 560 732 558 0 1 62 60 3048 32 2
5442 5444 732 558 732 558 1 1 60 60 0 2 0
5444 5444 732 558 732 558 1 0 60 60 -3048 32 0
5444 5489 732 558 732 558 0 0 60 60 0 45 0
5489 5489 732 558 732 558 0 1 60 60 37019 32 0
5489 5491 732 558 732 558 1 1 60 60 0 2 0
5491 5491 732 558 732 558 1 0 60 60 -37019 32 0
5491 5994 732 558 732 558 0 0 60 60 0 503 0
5994 5994 732 558 732 558 0 1 60 60 3369 32 0
5994 5997 732 558 732 558 1 1 60 60 0 3 0
5997 5997 732 558 732 558 1 0 60 60 -3369 32 0
5997 7582 732 558 732 558 0 0 60 60 0 1585 0
7582 7582 732 558 732 558 0 1 60 60 4215 32 0
7582 7585 732 558 734 559 1 0 60 57 -4215 32 3
7585 7636 734 559 734 559 0 0 57 57 0 51 0
7636 7639 734 559 732 558 0 1 57 54 4254 32 3
7639 7641 732 558 733 559 1 0 54 52 -4254 32 2
7641 7820 733 559 733 559 0 0 52 52 0 179 0
7820 7822 733 559 732 558 0 1 52 50 37834 32 2
7822 7822 732 558 732 558 1 2 50 50 4349 29 0
7822 7828 732 558 737 559 2 1 50 44 -37834 32 6
7828 7831 737 559 738 561 1 0 44 41 -4349 29 3
7831 9221 738 561 738 561 0 0 41 41 0 1390 0
9221 9230 738 561 732 558 0 1 41 32 5088 32 9
9230 9232 732 558 732 558 1 1 32 32 0 2 0
9232 9232 732 558 732 558 1 0 32 32 -5088 32 0
9232 9348 732 558 732 558 0 0 32 32 0 116 0
9348 9348 732 558 732 558 0 1 32 32 5148 32 0
9348 9349 732 558 732 558 1 1 32 32 0 1 0
9349 9351 732 558 734 558 1 0 32 30 -5148 32 2
9351 10121 734 558 734 558 0 0 30 30 0 770 0
10121 10123 734 558 732 558 0 1 30 28 5560 32 2
10123 10124 732 558 732 559 1 0 28 27 -5560 32 1
10124 11228 732 559 732 559 0 0 27 27 0 1104 0
11228 11229 732 559 732 558 0 1 27 26 6129 32 1
11229 11229 732 558 732 558 1 2 26 26 6124 23 0
11229 11231 732 558 732 558 2 2 26 26 0 2 0
11231 11231 732 558 732 558 2 1 26 26 -6129 32 0
11231 11232 732 558 733 558 1 0 26 25 -6124 21 1
11232 11317 733 558 733 558 0 0 25 25 0 85 0
11317 11318 733 558 732 558 0 1 25 24 6173 32 1
11318 11319 732 558 733 558 1 0 24 23 -6173 32 1
11319 11712 733 558 733 558 0 0 23 23 0 393 0
11712 11713 733 558 732 558 0 1 23 22 6377 32 1
11713 11715 732 558 734 558 1 0 22 20 -6377 32 2
11715 11973 734 558 734 558 0 0 20 20 0 258 0
11973 11975 734 558 732 558 0 1 20 18 6517 32 2
11975 11977 732 558 732 560 1 0 18 16 -6517 32 2
11977 12264 732 560 732 560 0 0 16 16 0 287 0
12264 12266 732 560 732 558 0 1 16 14 39567 32 2
12266 12267 732 558 732 558 1 1 14 14 0 1 0
12267 12267 732 558 732 558 1 0 14 14 -39567 32 0
12267 12473 732 558 732 558 0 0 14 14 0 206 0
12473 12473 732 558 732 558 0 1 14 14 6756 32 0
12473 12475 732 558 732 558 1 1 14 14 0 2 0
12475 12475 732 558 732 558 1 0 14 14 -6756 32 0
12475 12670 732 558 732 558 0 0 14 14 0 195 0
12670 12670 732 558 732 558 0 1 14 14 6845 32 0
12670 12676 732 558 737 559 1 0 14 8 -6845 32 6
12676 14146 737 559 737 559 0 0 8 8 0 1470 0
14146 14152 737 559 732 558 0 1 8 2 7517 32 6
14152 14153 732 558 733 558 1 0 2 1 -7517 32 1
14153 16127 733 558 733 558 0 0 1 1 0 1974 0
16127 16128 733 558 732 558 0 1 1 0 23067 32 1
16128 16129 732 558 732 558 1 1 0 0 0 1 0
16129 16129 732 558 732 558 1 0 0 0 -23067 32 0
16129 18538 732 558 732 558 0 0 0 0 0 2409 0
18538 18538 732 558 732 558 0 1 0 0 42200 32 0
18538 18539 732 558 732 558 1 1 0 0 0 1 0
18539 18539 732 558 732 558 1 0 0 0 -42200 32 0
18539 22292 732 558 732 558 0 0 0 0 0 3753 0
22292 22292 732 558 732 558 0 1 0 0 25832 32 0
22292 22294 732 558 732 558 1 1 0 0 0 2 0
22294 22294 732 558 732 558 1 0 0 0 -25832 32 0
22294 26457 732 558 732 558 0 0 0 0 0 4163 0
26457 26457 732 558 732 558 0 1 0 0 27973 32 0
26457 26459 732 558 732 558 1 1 0 0 0 2 0
26459 26459 732 558 732 558 1 0 0 0 -27973 32 0
26459 27266 732 558 732 558 0 0 0 0 0 807 0
27266 27266 732 558 732 558 0 1 0 0 28379 32 0
27266 27267 732 558 732 558 1 1 0 0 0 1 0
27267 27267 732 558 732 558 1 0 0 0 -28379 32 0
27267 28088 732 558 732 558 0 0 0 0 0 821 0
28088 28088 732 558 732 558 0 1 0 0 28810 32 0
28088 28089 732 558 732 558 1 1 0 0 0 1 0
28089 28089 732 558 732 558 1 0 0 0 -28810 32 0
28089 30242 732 558 732 558 0 0 0 0 0 2153 0
30242 30242 732 558 732 558 0 1 0 0 29879 32 0
30242 30243 732 558 732 558 1 1 0 0 0 1 0
30243 30243 732 558 732 558 1 0 0 0 -29879 32 0
30243 31162 732 558 732 558 0 0 0 0 0 919 0
31162 31162 732 558 732 558 0 1 0 0 13254 32 0
31162 31164 732 558 732 558 1 1 0 0 0 2 0
31164 31164 732 558 732 558 1 0 0 0 -13254 32 0
31164 32157 732 558 732 558 0 0 0 0 0 993 0
32157 32157 732 558 732 558 0 1 0 0 49651 32 0
32157 32158 732 558 732 558 1 1 0 0 0 1 0
32158 32158 732 558 732 558 1 0 0 0 -49651 32 0
32158 33322 732 558 732 558 0 0 0 0 0 1164 0
33322 33322 732 558 732 558 0 1 0 0 13833 32 0
33322 33323 732 558 732 558 1 1 0 0 0 1 0
33323 33323 732 558 732 558 1 0 0 0 -13833 32 0
33323 43267 732 558 732 558 0 0 0 0 0 9944 0
43267 43267 732 558 732 558 0 0 0 0 1000000000 0 0
--------------------------------------
--------------------------------------
EV2
--------------------------------------
Num TPs served = 12
TPs served = 7407 7430 7548 7723 7743 7957 8442 8571 8939 9019 9023 9190
Total energy used = 100
--------------------------------------
Schedule:
0 13887 732 558 732 558 0 0 100 100 0 13887 0
13887 13887 732 558 732 558 0 1 100 100 7407 32 0
13887 13894 732 558 739 558 1 0 100 93 -7407 32 7
13894 13947 739 558 739 558 0 0 93 93 0 53 0
13947 13954 739 558 732 558 0 1 93 86 7430 32 7
13954 13961 732 558 739 558 1 0 86 79 -7430 32 7
13961 14198 739 558 739 558 0 0 79 79 0 237 0
14198 14205 739 558 732 558 0 1 79 72 7548 32 7
14205 14209 732 558 736 558 1 0 72 68 -7548 32 4
14209 14589 736 558 736 558 0 0 68 68 0 380 0
14589 14593 736 558 732 558 0 1 68 64 7723 32 4
14593 14596 732 558 732 558 1 1 64 64 0 3 0
14596 14599 732 558 735 558 1 0 64 61 -7723 32 3
14599 14639 735 558 735 558 0 0 61 61 0 40 0
14639 14642 735 558 732 558 0 1 61 58 7743 32 3
14642 14643 732 558 732 558 1 1 58 58 0 1 0
14643 14646 732 558 735 558 1 0 58 55 -7743 32 3
14646 15097 735 558 735 558 0 0 55 55 0 451 0
15097 15100 735 558 732 558 0 1 55 52 7957 32 3
15100 15105 732 558 732 558 1 1 52 52 0 5 0
15105 15106 732 558 733 558 1 0 52 51 -7957 32 1
15106 16238 733 558 733 558 0 0 51 51 0 1132 0
16238 16239 733 558 732 558 0 1 51 50 8442 32 1
16239 16243 732 558 732 558 1 1 50 50 0 4 0
16243 16245 732 558 733 559 1 0 50 48 -8442 32 2
16245 16535 733 559 733 559 0 0 48 48 0 290 0
16535 16537 733 559 732 558 0 1 48 46 8571 32 2
16537 16539 732 558 732 558 1 1 46 46 0 2 0
16539 16550 732 558 740 561 1 0 46 35 -8571 32 11
16550 17484 740 561 740 561 0 0 35 35 0 934 0
17484 17495 740 561 732 558 0 1 35 24 8939 32 11
17495 17499 732 558 736 558 1 0 24 20 -8939 32 4
17499 17696 736 558 736 558 0 0 20 20 0 197 0
17696 17700 736 558 732 558 0 1 20 16 9023 32 4
17700 17700 732 558 732 558 1 2 16 16 9019 25 0
17700 17705 732 558 732 563 2 1 16 11 -9023 32 5
17705 17712 732 563 734 558 1 0 11 4 -9019 16 7
17712 18148 734 558 734 558 0 0 4 4 0 436 0
18148 18150 734 558 732 558 0 1 4 2 9190 32 2
18150 18151 732 558 732 559 1 0 2 1 -9190 32 1
18151 43266 732 559 732 559 0 0 1 1 0 25115 0
43266 43267 732 559 732 558 0 0 1 0 1000000000 0 1
--------------------------------------
--------------------------------------
EV3
--------------------------------------
Num TPs served = 14
TPs served = 9089 9354 9371 10018 10415 11020 11365 11373 11602 12500 12626 13677 14797 47824
Total energy used = 100
--------------------------------------
Schedule:
0 17864 732 558 732 558 0 0 100 100 0 17864 0
17864 17864 732 558 732 558 0 1 100 100 9089 32 0
17864 17866 732 558 734 558 1 0 100 98 -9089 32 2
17866 18634 734 558 734 558 0 0 98 98 0 768 0
18634 18636 734 558 732 558 0 1 98 96 9354 32 2
18636 18637 732 558 732 558 1 1 96 96 0 1 0
18637 18642 732 558 736 559 1 0 96 91 -9354 32 5
18642 18669 736 559 736 559 0 0 91 91 0 27 0
18669 18674 736 559 732 558 0 1 91 86 9371 32 5
18674 18676 732 558 734 558 1 0 86 84 -9371 32 2
18676 20471 734 558 734 558 0 0 84 84 0 1795 0
20471 20473 734 558 732 558 0 1 84 82 10018 32 2
20473 20474 732 558 732 558 1 1 82 82 0 1 0
20474 20475 732 558 733 558 1 0 82 81 -10018 32 1
20475 21596 733 558 733 558 0 0 81 81 0 1121 0
21596 21597 733 558 732 558 0 1 81 80 10415 32 1
21597 21601 732 558 736 558 1 0 80 76 -10415 32 4
21601 23429 736 558 736 558 0 0 76 76 0 1828 0
23429 23433 736 558 732 558 0 1 76 72 11020 32 4
23433 23435 732 558 732 558 1 1 72 72 0 2 0
23435 23440 732 558 733 562 1 0 72 67 -11020 32 5
23440 24484 733 562 733 562 0 0 67 67 0 1044 0
24484 24489 733 562 732 558 0 1 67 62 11365 32 5
24489 24493 732 558 732 558 1 1 62 62 0 4 0
24493 24500 732 558 732 565 1 0 62 55 -11365 32 7
24500 24520 732 565 732 565 0 0 55 55 0 20 0
24520 24527 732 565 732 558 0 1 55 48 11373 32 7
24527 24530 732 558 735 558 1 0 48 45 -11373 32 3
24530 25359 735 558 735 558 0 0 45 45 0 829 0
25359 25362 735 558 732 558 0 1 45 42 11602 32 3
25362 25363 732 558 732 558 1 1 42 42 0 1 0
25363 25373 732 558 741 559 1 0 42 32 -11602 32 10
25373 28433 741 559 741 559 0 0 32 32 0 3060 0
28433 28443 741 559 732 558 0 1 32 22 12500 32 10
28443 28445 732 558 732 558 1 1 22 22 0 2 0
28445 28449 732 558 732 562 1 0 22 18 -12500 32 4
28449 28904 732 562 732 562 0 0 18 18 0 455 0
28904 28908 732 562 732 558 0 1 18 14 47824 32 4
28908 28922 732 558 732 558 1 1 14 14 0 14 0
28922 28922 732 558 732 558 1 2 14 14 12626 32 0
28922 28924 732 558 732 560 2 1 14 12 -47824 19 2
28924 28927 732 560 734 561 1 0 12 9 -12626 32 3
28927 32724 734 561 734 561 0 0 9 9 0 3797 0
32724 32729 734 561 732 558 0 1 9 4 13677 32 5
32729 32730 732 558 733 558 1 0 4 3 -13677 32 1
32730 37038 733 558 733 558 0 0 3 3 0 4308 0
37038 37039 733 558 732 558 0 1 3 2 14797 32 1
37039 37040 732 558 733 558 1 0 2 1 -14797 32 1
37040 43266 733 558 733 558 0 0 1 1 0 6226 0
43266 43267 733 558 732 558 0 0 1 0 1000000000 0 1
--------------------------------------
--------------------------------------
EV4
--------------------------------------
Num TPs served = 24
TPs served = 13121 13774 14233 14875 14887 14963 14995 15433 15622 15863 16082 16890 17324 17458 17631 17805 17824 18638 18998 19306 19573 33061 34091 34100
Total energy used = 100
--------------------------------------
Schedule:
0 98 732 558 732 558 0 0 100 100 0 98 0
98 98 732 558 732 558 0 1 100 100 17458 32 0
98 99 732 558 733 558 1 0 100 99 -17458 32 1
99 682 733 558 733 558 0 0 99 99 0 583 0
682 683 733 558 732 558 0 1 99 98 17631 32 1
683 687 732 558 734 560 1 0 98 94 -17631 32 4
687 1210 734 560 734 560 0 0 94 94 0 523 0
1210 1214 734 560 732 558 0 1 94 90 17805 32 4
1214 1217 732 558 735 558 1 0 90 87 -17805 32 3
1217 1282 735 558 735 558 0 0 87 87 0 65 0
1282 1285 735 558 732 558 0 1 87 84 17824 32 3
1285 1286 732 558 732 559 1 0 84 83 -17824 32 1
1286 3822 732 559 732 559 0 0 83 83 0 2536 0
3822 3823 732 559 732 558 0 1 83 82 18638 32 1
3823 3824 732 558 732 558 1 1 82 82 0 1 0
3824 3825 732 558 732 559 1 0 82 81 -18638 32 1
3825 4978 732 559 732 559 0 0 81 81 0 1153 0
4978 4979 732 559 732 558 0 1 81 80 18998 32 1
4979 4980 732 558 732 558 1 1 80 80 0 1 0
4980 4981 732 558 733 558 1 0 80 79 -18998 32 1
4981 5905 733 558 733 558 0 0 79 79 0 924 0
5905 5906 733 558 732 558 0 1 79 78 19306 32 1
5906 5907 732 558 732 558 1 1 78 78 0 1 0
5907 5909 732 558 732 560 1 0 78 76 -19306 32 2
5909 6790 732 560 732 560 0 0 76 76 0 881 0
6790 6792 732 560 732 558 0 1 76 74 19573 32 2
6792 6793 732 558 733 558 1 0 74 73 -19573 32 1
6793 30740 733 558 733 558 0 0 73 73 0 23947 0
30740 30741 733 558 732 558 0 1 73 72 13121 32 1
30741 30745 732 558 732 558 1 1 72 72 0 4 0
30745 30748 732 558 735 558 1 0 72 69 -13121 32 3
30748 33113 735 558 735 558 0 0 69 69 0 2365 0
33113 33116 735 558 732 558 0 1 69 66 13774 32 3
33116 33119 732 558 735 558 1 0 66 63 -13774 32 3
33119 34873 735 558 735 558 0 0 63 63 0 1754 0
34873 34876 735 558 732 558 0 1 63 60 14233 32 3
34876 34878 732 558 734 558 1 0 60 58 -14233 32 2
34878 37345 734 558 734 558 0 0 58 58 0 2467 0
37345 37347 734 558 732 558 0 1 58 56 33061 32 2
37347 37347 732 558 732 558 1 2 56 56 14875 16 0
37347 37348 732 558 732 558 2 2 56 56 0 1 0
37348 37349 732 558 733 558 2 1 56 55 -33061 32 1
37349 37355 733 558 733 564 1 0 55 49 -14875 16 6
37355 37371 733 564 733 564 0 0 49 49 0 16 0
37371 37378 733 564 732 558 0 1 49 42 14887 32 7
37378 37379 732 558 732 558 1 1 42 42 0 1 0
37379 37380 732 558 733 558 1 0 42 41 -14887 32 1
37380 37682 733 558 733 558 0 0 41 41 0 302 0
37682 37683 733 558 732 558 0 1 41 40 14963 32 1
37683 37687 732 558 735 559 1 0 40 36 -14963 32 4
37687 37798 735 559 735 559 0 0 36 36 0 111 0
37798 37802 735 559 732 558 0 1 36 32 14995 32 4
37802 37804 732 558 733 559 1 0 32 30 -14995 32 2
37804 39487 733 559 733 559 0 0 30 30 0 1683 0
39487 39489 733 559 732 558 0 1 30 28 15433 32 2
39489 39493 732 558 735 559 1 0 28 24 -15433 32 4
39493 40064 735 559 735 559 0 0 24 24 0 571 0
40064 40068 735 559 732 558 0 1 24 20 34100 32 4
40068 40068 732 558 732 558 1 2 20 20 34091 11 0
40068 40068 732 558 732 558 2 3 20 20 15622 27 0
40068 40069 732 558 732 558 3 3 20 20 0 1 0
40069 40070 732 558 732 559 3 2 20 19 -34100 32 1
40070 40070 732 559 732 559 2 1 19 19 -34091 10 0
40070 40072 732 559 733 560 1 0 19 17 -15622 26 2
40072 40491 733 560 733 560 0 0 17 17 0 419 0
40491 40494 733 560 732 558 0 1 17 14 15863 32 3
40494 40495 732 558 732 558 1 1 14 14 0 1 0
40495 40496 732 558 733 558 1 0 14 13 -15863 32 1
40496 40905 733 558 733 558 0 0 13 13 0 409 0
40905 40906 733 558 732 558 0 1 13 12 16082 32 1
40906 40907 732 558 732 558 1 1 12 12 0 1 0
40907 40910 732 558 734 559 1 0 12 9 -16082 32 3
40910 42294 734 559 734 559 0 0 9 9 0 1384 0
42294 42297 734 559 732 558 0 1 9 6 16890 32 3
42297 42298 732 558 732 559 1 0 6 5 -16890 32 1
42298 43042 732 559 732 559 0 0 5 5 0 744 0
43042 43043 732 559 732 558 0 1 5 4 17324 32 1
43043 43045 732 558 733 559 1 0 4 2 -17324 32 2
43045 43265 733 559 733 559 0 0 2 2 0 220 0
43265 43267 733 559 732 558 0 0 2 0 1000000000 0 2
--------------------------------------
--------------------------------------
EV5
--------------------------------------
Num TPs served = 8
TPs served = 15993 19032 20238 20716 20875 20948 21163 22958
Total energy used = 100
--------------------------------------
Schedule:
0 5096 732 558 732 558 0 0 100 100 0 5096 0
5096 5096 732 558 732 558 0 1 100 100 19032 32 0
5096 5100 732 558 736 558 1 0 100 96 -19032 32 4
5100 8717 736 558 736 558 0 0 96 96 0 3617 0
8717 8721 736 558 732 558 0 1 96 92 20238 32 4
8721 8722 732 558 732 558 1 1 92 92 0 1 0
8722 8724 732 558 733 559 1 0 92 90 -20238 32 2
8724 10006 733 559 733 559 0 0 90 90 0 1282 0
10006 10008 733 559 732 558 0 1 90 88 20716 32 2
10008 10010 732 558 734 558 1 0 88 86 -20716 32 2
10010 10449 734 558 734 558 0 0 86 86 0 439 0
10449 10451 734 558 732 558 0 1 86 84 20875 32 2
10451 10453 732 558 732 558 1 1 84 84 0 2 0
10453 10457 732 558 735 559 1 0 84 80 -20875 32 4
10457 10616 735 559 735 559 0 0 80 80 0 159 0
10616 10620 735 559 732 558 0 1 80 76 20948 32 4
10620 10622 732 558 732 558 1 1 76 76 0 2 0
10622 10623 732 558 732 559 1 0 76 75 -20948 32 1
10623 11187 732 559 732 559 0 0 75 75 0 564 0
11187 11188 732 559 732 558 0 1 75 74 21163 32 1
11188 11190 732 558 732 560 1 0 74 72 -21163 32 2
11190 15867 732 560 732 560 0 0 72 72 0 4677 0
15867 15869 732 560 732 558 0 1 72 70 22958 32 2
15869 15872 732 558 732 558 1 1 70 70 0 3 0
15872 15873 732 558 733 558 1 0 70 69 -22958 32 1
15873 40726 733 558 733 558 0 0 69 69 0 24853 0
40726 40727 733 558 732 558 0 1 69 68 15993 32 1
40727 40734 732 558 732 558 1 1 68 68 0 7 0
40734 40768 732 558 763 561 1 0 68 34 -15993 32 34
40768 43233 763 561 763 561 0 0 34 34 0 2465 0
43233 43267 763 561 732 558 0 0 34 0 1000000000 0 34
--------------------------------------
--------------------------------------
EV6
--------------------------------------
Num TPs served = 20
TPs served = 21830 22068 22235 22648 22673 22677 22817 23206 24308 24392 24659 24772 25318 25321 25526 26438 26584 26596 26637 27033
Total energy used = 100
--------------------------------------
Schedule:
0 13016 732 558 732 558 0 0 100 100 0 13016 0
13016 13016 732 558 732 558 0 1 100 100 21830 32 0
13016 13018 732 558 734 558 1 0 100 98 -21830 32 2
13018 13642 734 558 734 558 0 0 98 98 0 624 0
13642 13644 734 558 732 558 0 1 98 96 22068 32 2
13644 13646 732 558 734 558 1 0 96 94 -22068 32 2
13646 14055 734 558 734 558 0 0 94 94 0 409 0
14055 14057 734 558 732 558 0 1 94 92 22235 32 2
14057 14064 732 558 737 560 1 0 92 85 -22235 32 7
14064 15120 737 560 737 560 0 0 85 85 0 1056 0
15120 15127 737 560 732 558 0 1 85 78 22648 32 7
15127 15128 732 558 732 558 1 1 78 78 0 1 0
15128 15132 732 558 735 559 1 0 78 74 -22648 32 4
15132 15177 735 559 735 559 0 0 74 74 0 45 0
15177 15181 735 559 732 558 0 1 74 70 22677 32 4
15181 15181 732 558 732 558 1 2 70 70 22673 20 0
15181 15184 732 558 732 558 2 2 70 70 0 3 0
15184 15186 732 558 732 560 2 1 70 68 -22677 32 2
15186 15190 732 560 734 558 1 0 68 64 -22673 13 4
15190 15536 734 558 734 558 0 0 64 64 0 346 0
15536 15538 734 558 732 558 0 1 64 62 22817 32 2
15538 15540 732 558 733 559 1 0 62 60 -22817 32 2
15540 16472 733 559 733 559 0 0 60 60 0 932 0
16472 16474 733 559 732 558 0 1 60 58 23206 32 2
16474 16475 732 558 733 558 1 0 58 57 -23206 32 1
16475 18969 733 558 733 558 0 0 57 57 0 2494 0
18969 18970 733 558 732 558 0 1 57 56 24308 32 1
18970 18971 732 558 732 559 1 0 56 55 -24308 32 1
18971 19137 732 559 732 559 0 0 55 55 0 166 0
19137 19138 732 559 732 558 0 1 55 54 24392 32 1
19138 19141 732 558 735 558 1 0 54 51 -24392 32 3
19141 19728 735 558 735 558 0 0 51 51 0 587 0
19728 19731 735 558 732 558 0 1 51 48 24659 32 3
19731 19733 732 558 734 558 1 0 48 46 -24659 32 2
19733 19994 734 558 734 558 0 0 46 46 0 261 0
19994 19996 734 558 732 558 0 1 46 44 24772 32 2
19996 19998 732 558 734 558 1 0 44 42 -24772 32 2
19998 21190 734 558 734 558 0 0 42 42 0 1192 0
21190 21192 734 558 732 558 0 1 42 40 25321 32 2
21192 21192 732 558 732 558 1 2 40 40 25318 29 0
21192 21193 732 558 733 558 2 1 40 39 -25321 32 1
21193 21196 733 558 732 560 1 0 39 36 -25318 27 3
21196 21638 732 560 732 560 0 0 36 36 0 442 0
21638 21640 732 560 732 558 0 1 36 34 25526 32 2
21640 21643 732 558 732 561 1 0 34 31 -25526 32 3
21643 23535 732 561 732 561 0 0 31 31 0 1892 0
23535 23538 732 561 732 558 0 1 31 28 26438 32 3
23538 23548 732 558 742 558 1 0 28 18 -26438 32 10
23548 23809 742 558 742 558 0 0 18 18 0 261 0
23809 23819 742 558 732 558 0 1 18 8 26584 32 10
23819 23844 732 558 732 558 1 1 8 8 0 25 0
23844 23844 732 558 732 558 1 2 8 8 26596 32 0
23844 23845 732 558 732 558 2 2 8 8 0 1 0
23845 23846 732 558 733 558 2 1 8 7 -26596 32 1
23846 23848 733 558 732 559 1 0 7 5 -26584 5 2
23848 23935 732 559 732 559 0 0 5 5 0 87 0
23935 23936 732 559 732 558 0 1 5 4 26637 32 1
23936 23937 732 558 733 558 1 0 4 3 -26637 32 1
23937 24713 733 558 733 558 0 0 3 3 0 776 0
24713 24714 733 558 732 558 0 1 3 2 27033 32 1
24714 24715 732 558 732 558 1 1 2 2 0 1 0
24715 24716 732 558 733 558 1 0 2 1 -27033 32 1
24716 43266 733 558 733 558 0 0 1 1 0 18550 0
43266 43267 733 558 732 558 0 0 1 0 1000000000 0 1
--------------------------------------
--------------------------------------
EV7
--------------------------------------
Num TPs served = 18
TPs served = 26786 27020 28889 29168 29657 30927 31321 32071 32131 32262 32488 32858 33322 33580 34204 34487 34499 35224
Total energy used = 100
--------------------------------------
Schedule:
0 245 732 558 732 558 0 0 100 100 0 245 0
245 245 732 558 732 558 0 1 100 100 35224 32 0
245 246 732 558 733 558 1 0 100 99 -35224 32 1
246 24222 733 558 733 558 0 0 99 99 0 23976 0
24222 24223 733 558 732 558 0 1 99 98 26786 32 1
24223 24224 732 558 732 558 1 1 98 98 0 1 0
24224 24226 732 558 733 559 1 0 98 96 -26786 32 2
24226 24690 733 559 733 559 0 0 96 96 0 464 0
24690 24692 733 559 732 558 0 1 96 94 27020 32 2
24692 24698 732 558 734 562 1 0 94 88 -27020 32 6
24698 28232 734 562 734 562 0 0 88 88 0 3534 0
28232 28238 734 562 732 558 0 1 88 82 28889 32 6
28238 28240 732 558 732 560 1 0 82 80 -28889 32 2
28240 28819 732 560 732 560 0 0 80 80 0 579 0
28819 28821 732 560 732 558 0 1 80 78 29168 32 2
28821 28824 732 558 732 561 1 0 78 75 -29168 32 3
28824 29800 732 561 732 561 0 0 75 75 0 976 0
29800 29803 732 561 732 558 0 1 75 72 29657 32 3
29803 29804 732 558 733 558 1 0 72 71 -29657 32 1
29804 32355 733 558 733 558 0 0 71 71 0 2551 0
32355 32356 733 558 732 558 0 1 71 70 30927 32 1
32356 32357 732 558 733 558 1 0 70 69 -30927 32 1
32357 33206 733 558 733 558 0 0 69 69 0 849 0
33206 33207 733 558 732 558 0 1 69 68 31321 32 1
33207 33209 732 558 732 558 1 1 68 68 0 2 0
33209 33210 732 558 732 559 1 0 68 67 -31321 32 1
33210 34870 732 559 732 559 0 0 67 67 0 1660 0
34870 34871 732 559 732 558 0 1 67 66 32071 32 1
34871 34876 732 558 734 561 1 0 66 61 -32071 32 5
34876 35017 734 561 734 561 0 0 61 61 0 141 0
35017 35022 734 561 732 558 0 1 61 56 32131 32 5
35022 35027 732 558 732 558 1 1 56 56 0 5 0
35027 35036 732 558 740 559 1 0 56 47 -32131 32 9
35036 35359 740 559 740 559 0 0 47 47 0 323 0
35359 35368 740 559 732 558 0 1 47 38 32262 32 9
35368 35369 732 558 733 558 1 0 38 37 -32262 32 1
35369 35878 733 558 733 558 0 0 37 37 0 509 0
35878 35879 733 558 732 558 0 1 37 36 32488 32 1
35879 35881 732 558 732 558 1 1 36 36 0 2 0
35881 35883 732 558 734 558 1 0 36 34 -32488 32 2
35883 36782 734 558 734 558 0 0 34 34 0 899 0
36782 36784 734 558 732 558 0 1 34 32 32858 32 2
36784 36785 732 558 733 558 1 0 32 31 -32858 32 1
36785 37984 733 558 733 558 0 0 31 31 0 1199 0
37984 37985 733 558 732 558 0 1 31 30 33322 32 1
37985 37987 732 558 734 558 1 0 30 28 -33322 32 2
37987 38634 734 558 734 558 0 0 28 28 0 647 0
38634 38636 734 558 732 558 0 1 28 26 33580 32 2
38636 38637 732 558 732 558 1 1 26 26 0 1 0
38637 38638 732 558 733 558 1 0 26 25 -33580 32 1
38638 40353 733 558 733 558 0 0 25 25 0 1715 0
40353 40354 733 558 732 558 0 1 25 24 34204 32 1
40354 40362 732 558 740 558 1 0 24 16 -34204 32 8
40362 41201 740 558 740 558 0 0 16 16 0 839 0
41201 41209 740 558 732 558 0 1 16 8 34487 32 8
41209 41211 732 558 732 558 1 1 8 8 0 2 0
41211 41212 732 558 732 559 1 0 8 7 -34487 32 1
41212 41251 732 559 732 559 0 0 7 7 0 39 0
41251 41252 732 559 732 558 0 1 7 6 34499 32 1
41252 41255 732 558 734 559 1 0 6 3 -34499 32 3
41255 43264 734 559 734 559 0 0 3 3 0 2009 0
43264 43267 734 559 732 558 0 0 3 0 1000000000 0 3
--------------------------------------
--------------------------------------
EV8
--------------------------------------
Num TPs served = 17
TPs served = 35104 35208 35241 35413 35947 35969 36623 36743 37309 37449 37709 37863 38423 38794 39016 39050 39608
Total energy used = 100
--------------------------------------
Schedule:
0 187 732 558 732 558 0 0 100 100 0 187 0
187 187 732 558 732 558 0 1 100 100 35208 32 0
187 188 732 558 732 558 1 1 100 100 0 1 0
188 191 732 558 735 558 1 0 100 97 -35208 32 3
191 287 735 558 735 558 0 0 97 97 0 96 0
287 290 735 558 732 558 0 1 97 94 35241 32 3
290 292 732 558 734 558 1 0 94 92 -35241 32 2
292 790 734 558 734 558 0 0 92 92 0 498 0
790 792 734 558 732 558 0 1 92 90 35413 32 2
792 794 732 558 732 560 1 0 90 88 -35413 32 2
794 2322 732 560 732 560 0 0 88 88 0 1528 0
2322 2324 732 560 732 558 0 1 88 86 35947 32 2
2324 2328 732 558 732 558 1 1 86 86 0 4 0
2328 2331 732 558 733 560 1 0 86 83 -35947 32 3
2331 2374 733 560 733 560 0 0 83 83 0 43 0
2374 2377 733 560 732 558 0 1 83 80 35969 32 3
2377 2378 732 558 733 558 1 0 80 79 -35969 32 1
2378 4314 733 558 733 558 0 0 79 79 0 1936 0
4314 4315 733 558 732 558 0 1 79 78 36623 32 1
4315 4316 732 558 732 558 1 1 78 78 0 1 0
4316 4317 732 558 733 558 1 0 78 77 -36623 32 1
4317 4697 733 558 733 558 0 0 77 77 0 380 0
4697 4698 733 558 732 558 0 1 77 76 36743 32 1
4698 4700 732 558 734 558 1 0 76 74 -36743 32 2
4700 6343 734 558 734 558 0 0 74 74 0 1643 0
6343 6345 734 558 732 558 0 1 74 72 37309 32 2
6345 6346 732 558 733 558 1 0 72 71 -37309 32 1
6346 6758 733 558 733 558 0 0 71 71 0 412 0
6758 6759 733 558 732 558 0 1 71 70 37449 32 1
6759 6763 732 558 732 558 1 1 70 70 0 4 0
6763 6775 732 558 739 563 1 0 70 58 -37449 32 12
6775 7455 739 563 739 563 0 0 58 58 0 680 0
7455 7467 739 563 732 558 0 1 58 46 37709 32 12
7467 7468 732 558 732 558 1 1 46 46 0 1 0
7468 7470 732 558 733 559 1 0 46 44 -37709 32 2
7470 7896 733 559 733 559 0 0 44 44 0 426 0
7896 7898 733 559 732 558 0 1 44 42 37863 32 2
7898 7901 732 558 733 560 1 0 42 39 -37863 32 3
7901 9427 733 560 733 560 0 0 39 39 0 1526 0
9427 9430 733 560 732 558 0 1 39 36 38423 32 3
9430 9433 732 558 732 561 1 0 36 33 -38423 32 3
9433 10397 732 561 732 561 0 0 33 33 0 964 0
10397 10400 732 561 732 558 0 1 33 30 38794 32 3
10400 10404 732 558 735 559 1 0 30 26 -38794 32 4
10404 10885 735 559 735 559 0 0 26 26 0 481 0
10885 10889 735 559 732 558 0 1 26 22 39016 32 4
10889 10891 732 558 734 558 1 0 22 20 -39016 32 2
10891 10964 734 558 734 558 0 0 20 20 0 73 0
10964 10966 734 558 732 558 0 1 20 18 39050 32 2
10966 10969 732 558 733 560 1 0 18 15 -39050 32 3
10969 12379 733 560 733 560 0 0 15 15 0 1410 0
12379 12382 733 560 732 558 0 1 15 12 39608 32 3
12382 12384 732 558 733 559 1 0 12 10 -39608 32 2
12384 43051 733 559 733 559 0 0 10 10 0 30667 0
43051 43053 733 559 732 558 0 1 10 8 35104 32 2
43053 43055 732 558 732 558 1 1 8 8 0 2 0
43055 43059 732 558 734 560 1 0 8 4 -35104 32 4
43059 43263 734 560 734 560 0 0 4 4 0 204 0
43263 43267 734 560 732 558 0 0 4 0 1000000000 0 4
--------------------------------------
--------------------------------------
EV9
--------------------------------------
Num TPs served = 14
TPs served = 38889 39172 39571 40322 40915 40975 41607 41919 42505 42529 43126 43583 43737 43979
Total energy used = 100
--------------------------------------
Schedule:
0 10625 732 558 732 558 0 0 100 100 0 10625 0
10625 10625 732 558 732 558 0 1 100 100 38889 32 0
10625 10635 732 558 737 563 1 0 100 90 -38889 32 10
10635 11238 737 563 737 563 0 0 90 90 0 603 0
11238 11248 737 563 732 558 0 1 90 80 39172 32 10
11248 11250 732 558 732 558 1 1 80 80 0 2 0
11250 11255 732 558 734 561 1 0 80 75 -39172 32 5
11255 12266 734 561 734 561 0 0 75 75 0 1011 0
12266 12271 734 561 732 558 0 1 75 70 39571 32 5
12271 12274 732 558 735 558 1 0 70 67 -39571 32 3
12274 14302 735 558 735 558 0 0 67 67 0 2028 0
14302 14305 735 558 732 558 0 1 67 64 40322 32 3
14305 14309 732 558 732 558 1 1 64 64 0 4 0
14309 14318 732 558 735 564 1 0 64 55 -40322 32 9
14318 15672 735 564 735 564 0 0 55 55 0 1354 0
15672 15681 735 564 732 558 0 1 55 46 40915 32 9
15681 15682 732 558 733 558 1 0 46 45 -40915 32 1
15682 15802 733 558 733 558 0 0 45 45 0 120 0
15802 15803 733 558 732 558 0 1 45 44 40975 32 1
15803 15809 732 558 732 558 1 1 44 44 0 6 0
15809 15813 732 558 735 559 1 0 44 40 -40975 32 4
15813 17258 735 559 735 559 0 0 40 40 0 1445 0
17258 17262 735 559 732 558 0 1 40 36 41607 32 4
17262 17263 732 558 732 558 1 1 36 36 0 1 0
17263 17264 732 558 732 559 1 0 36 35 -41607 32 1
17264 17940 732 559 732 559 0 0 35 35 0 676 0
17940 17941 732 559 732 558 0 1 35 34 41919 32 1
17941 17943 732 558 732 558 1 1 34 34 0 2 0
17943 17944 732 558 732 559 1 0 34 33 -41919 32 1
17944 19185 732 559 732 559 0 0 33 33 0 1241 0
19185 19186 732 559 732 558 0 1 33 32 42505 32 1
19186 19187 732 558 732 558 1 1 32 32 0 1 0
19187 19188 732 558 733 558 1 0 32 31 -42505 32 1
19188 19243 733 558 733 558 0 0 31 31 0 55 0
19243 19244 733 558 732 558 0 1 31 30 42529 32 1
19244 19247 732 558 734 559 1 0 30 27 -42529 32 3
19247 20464 734 559 734 559 0 0 27 27 0 1217 0
20464 20467 734 559 732 558 0 1 27 24 43126 32 3
20467 20468 732 558 732 558 1 1 24 24 0 1 0
20468 20474 732 558 736 560 1 0 24 18 -43126 32 6
20474 21365 736 560 736 560 0 0 18 18 0 891 0
21365 21371 736 560 732 558 0 1 18 12 43583 32 6
21371 21372 732 558 733 558 1 0 12 11 -43583 32 1
21372 21655 733 558 733 558 0 0 11 11 0 283 0
21655 21656 733 558 732 558 0 1 11 10 43737 32 1
21656 21657 732 558 732 558 1 1 10 10 0 1 0
21657 21660 732 558 735 558 1 0 10 7 -43737 32 3
21660 22126 735 558 735 558 0 0 7 7 0 466 0
22126 22129 735 558 732 558 0 1 7 4 43979 32 3
22129 22131 732 558 734 558 1 0 4 2 -43979 32 2
22131 43265 734 558 734 558 0 0 2 2 0 21134 0
43265 43267 734 558 732 558 0 0 2 0 1000000000 0 2
--------------------------------------
--------------------------------------
EV10
--------------------------------------
Num TPs served = 17
TPs served = 43296 43719 43871 44144 44378 46490 46630 47439 47796 47881 48338 48683 49139 49362 49791 49951 49963
Total energy used = 96
--------------------------------------
Schedule:
0 20778 732 558 732 558 0 0 100 100 0 20778 0
20778 20778 732 558 732 558 0 1 100 100 43296 32 0
20778 20786 732 558 740 558 1 0 100 92 -43296 32 8
20786 21606 740 558 740 558 0 0 92 92 0 820 0
21606 21614 740 558 732 558 0 1 92 84 43719 32 8
21614 21621 732 558 737 560 1 0 84 77 -43719 32 7
21621 21908 737 560 737 560 0 0 77 77 0 287 0
21908 21915 737 560 732 558 0 1 77 70 43871 32 7
21915 21916 732 558 732 558 1 1 70 70 0 1 0
21916 21921 732 558 735 560 1 0 70 65 -43871 32 5
21921 22451 735 560 735 560 0 0 65 65 0 530 0
22451 22456 735 560 732 558 0 1 65 60 44144 32 5
22456 22457 732 558 733 558 1 0 60 59 -44144 32 1
22457 22896 733 558 733 558 0 0 59 59 0 439 0
22896 22897 733 558 732 558 0 1 59 58 44378 32 1
22897 22901 732 558 735 559 1 0 58 54 -44378 32 4
22901 26668 735 559 735 559 0 0 54 54 0 3767 0
26668 26672 735 559 732 558 0 1 54 50 46490 32 4
26672 26673 732 558 732 559 1 0 50 49 -46490 32 1
26673 26947 732 559 732 559 0 0 49 49 0 274 0
26947 26948 732 559 732 558 0 1 49 48 46630 32 1
26948 26949 732 558 732 558 1 1 48 48 0 1 0
26949 26950 732 558 732 559 1 0 48 47 -46630 32 1
26950 28270 732 559 732 559 0 0 47 47 0 1320 0
28270 28271 732 559 732 558 0 1 47 46 47439 32 1
28271 28274 732 558 734 559 1 0 46 43 -47439 32 3
28274 28857 734 559 734 559 0 0 43 43 0 583 0
28857 28860 734 559 732 558 0 1 43 40 47796 32 3
28860 28861 732 558 732 558 1 1 40 40 0 1 0
28861 28862 732 558 733 558 1 0 40 39 -47796 32 1
28862 29006 733 558 733 558 0 0 39 39 0 144 0
29006 29007 733 558 732 558 0 1 39 38 47881 32 1
29007 29009 732 558 734 558 1 0 38 36 -47881 32 2
29009 29858 734 558 734 558 0 0 36 36 0 849 0
29858 29860 734 558 732 558 0 1 36 34 48338 32 2
29860 29861 732 558 732 558 1 1 34 34 0 1 0
29861 29863 732 558 734 558 1 0 34 32 -48338 32 2
29863 30460 734 558 734 558 0 0 32 32 0 597 0
30460 30462 734 558 732 558 0 1 32 30 48683 32 2
30462 30465 732 558 732 558 1 1 30 30 0 3 0
30465 30466 732 558 733 558 1 0 30 29 -48683 32 1
30466 31245 733 558 733 558 0 0 29 29 0 779 0
31245 31246 733 558 732 558 0 1 29 28 49139 32 1
31246 31247 732 558 732 558 1 1 28 28 0 1 0
31247 31250 732 558 734 559 1 0 28 25 -49139 32 3
31250 31649 734 559 734 559 0 0 25 25 0 399 0
31649 31652 734 559 732 558 0 1 25 22 49362 32 3
31652 31656 732 558 736 558 1 0 22 18 -49362 32 4
31656 32391 736 558 736 558 0 0 18 18 0 735 0
32391 32395 736 558 732 558 0 1 18 14 49791 32 4
32395 32397 732 558 733 559 1 0 14 12 -49791 32 2
32397 32686 733 559 733 559 0 0 12 12 0 289 0
32686 32688 733 559 732 558 0 1 12 10 49963 32 2
32688 32688 732 558 732 558 1 2 10 10 49951 15 0
32688 32690 732 558 732 560 2 1 10 8 -49963 32 2
32690 32691 732 560 732 561 1 0 8 7 -49951 16 1
32691 43264 732 561 732 561 0 0 7 7 0 10573 0
43264 43267 732 561 732 558 0 0 7 4 1000000000 0 3
--------------------------------------

-------------------------------------------------------------------------

TPs

-------------------------------------------------------------------------

----------------------
TP547 allocated to 1
----------------------

----------------------
TP1106 allocated to 1
----------------------

----------------------
TP1163 allocated to 1
----------------------

----------------------
TP1334 allocated to 1
----------------------

----------------------
TP2114 allocated to 1
----------------------

----------------------
TP2307 allocated to 1
----------------------

----------------------
TP2371 allocated to 1
----------------------

----------------------
TP2461 allocated to 1
----------------------

----------------------
TP2915 allocated to 1
----------------------

----------------------
TP3048 allocated to 1
----------------------

----------------------
TP3369 allocated to 1
----------------------

----------------------
TP4215 allocated to 1
----------------------

----------------------
TP4254 allocated to 1
----------------------

----------------------
TP4349 allocated to 1
----------------------

----------------------
TP5088 allocated to 1
----------------------

----------------------
TP5148 allocated to 1
----------------------

----------------------
TP5560 allocated to 1
----------------------

----------------------
TP6124 allocated to 1
----------------------

----------------------
TP6129 allocated to 1
----------------------

----------------------
TP6173 allocated to 1
----------------------

----------------------
TP6377 allocated to 1
----------------------

----------------------
TP6517 allocated to 1
----------------------

----------------------
TP6756 allocated to 1
----------------------

----------------------
TP6845 allocated to 1
----------------------

----------------------
TP7407 allocated to 2
----------------------

----------------------
TP7430 allocated to 2
----------------------

----------------------
TP7517 allocated to 1
----------------------

----------------------
TP7548 allocated to 2
----------------------

----------------------
TP7723 allocated to 2
----------------------

----------------------
TP7743 allocated to 2
----------------------

----------------------
TP7957 allocated to 2
----------------------

----------------------
TP8442 allocated to 2
----------------------

----------------------
TP8571 allocated to 2
----------------------

----------------------
TP8939 allocated to 2
----------------------

----------------------
TP9019 allocated to 2
----------------------

----------------------
TP9023 allocated to 2
----------------------

----------------------
TP9089 allocated to 3
----------------------

----------------------
TP9190 allocated to 2
----------------------

----------------------
TP9354 allocated to 3
----------------------

----------------------
TP9371 allocated to 3
----------------------

----------------------
TP10018 allocated to 3
----------------------

----------------------
TP10415 allocated to 3
----------------------

----------------------
TP11020 allocated to 3
----------------------

----------------------
TP11365 allocated to 3
----------------------

----------------------
TP11373 allocated to 3
----------------------

----------------------
TP11602 allocated to 3
----------------------

----------------------
TP12500 allocated to 3
----------------------

----------------------
TP12626 allocated to 3
----------------------

----------------------
TP13121 allocated to 4
----------------------

----------------------
TP13254 allocated to 1
----------------------

----------------------
TP13677 allocated to 3
----------------------

----------------------
TP13774 allocated to 4
----------------------

----------------------
TP13833 allocated to 1
----------------------

----------------------
TP14233 allocated to 4
----------------------

----------------------
TP14797 allocated to 3
----------------------

----------------------
TP14875 allocated to 4
----------------------

----------------------
TP14887 allocated to 4
----------------------

----------------------
TP14963 allocated to 4
----------------------

----------------------
TP14995 allocated to 4
----------------------

----------------------
TP15433 allocated to 4
----------------------

----------------------
TP15622 allocated to 4
----------------------

----------------------
TP15863 allocated to 4
----------------------

----------------------
TP15993 allocated to 5
----------------------

----------------------
TP16082 allocated to 4
----------------------

----------------------
TP16890 allocated to 4
----------------------

----------------------
TP17324 allocated to 4
----------------------

----------------------
TP17458 allocated to 4
----------------------

----------------------
TP17631 allocated to 4
----------------------

----------------------
TP17805 allocated to 4
----------------------

----------------------
TP17824 allocated to 4
----------------------

----------------------
TP18638 allocated to 4
----------------------

----------------------
TP18998 allocated to 4
----------------------

----------------------
TP19032 allocated to 5
----------------------

----------------------
TP19306 allocated to 4
----------------------

----------------------
TP19573 allocated to 4
----------------------

----------------------
TP20238 allocated to 5
----------------------

----------------------
TP20716 allocated to 5
----------------------

----------------------
TP20875 allocated to 5
----------------------

----------------------
TP20948 allocated to 5
----------------------

----------------------
TP21163 allocated to 5
----------------------

----------------------
TP21830 allocated to 6
----------------------

----------------------
TP22068 allocated to 6
----------------------

----------------------
TP22235 allocated to 6
----------------------

----------------------
TP22648 allocated to 6
----------------------

----------------------
TP22673 allocated to 6
----------------------

----------------------
TP22677 allocated to 6
----------------------

----------------------
TP22817 allocated to 6
----------------------

----------------------
TP22958 allocated to 5
----------------------

----------------------
TP23067 allocated to 1
----------------------

----------------------
TP23206 allocated to 6
----------------------

----------------------
TP24308 allocated to 6
----------------------

----------------------
TP24392 allocated to 6
----------------------

----------------------
TP24659 allocated to 6
----------------------

----------------------
TP24772 allocated to 6
----------------------

----------------------
TP25318 allocated to 6
----------------------

----------------------
TP25321 allocated to 6
----------------------

----------------------
TP25526 allocated to 6
----------------------

----------------------
TP25832 allocated to 1
----------------------

----------------------
TP26438 allocated to 6
----------------------

----------------------
TP26584 allocated to 6
----------------------

----------------------
TP26596 allocated to 6
----------------------

----------------------
TP26637 allocated to 6
----------------------

----------------------
TP26786 allocated to 7
----------------------

----------------------
TP27020 allocated to 7
----------------------

----------------------
TP27033 allocated to 6
----------------------

----------------------
TP27973 allocated to 1
----------------------

----------------------
TP28379 allocated to 1
----------------------

----------------------
TP28810 allocated to 1
----------------------

----------------------
TP28889 allocated to 7
----------------------

----------------------
TP29168 allocated to 7
----------------------

----------------------
TP29657 allocated to 7
----------------------

----------------------
TP29879 allocated to 1
----------------------

----------------------
TP30927 allocated to 7
----------------------

----------------------
TP31321 allocated to 7
----------------------

----------------------
TP32071 allocated to 7
----------------------

----------------------
TP32131 allocated to 7
----------------------

----------------------
TP32262 allocated to 7
----------------------

----------------------
TP32488 allocated to 7
----------------------

----------------------
TP32858 allocated to 7
----------------------

----------------------
TP33061 allocated to 4
----------------------

----------------------
TP33322 allocated to 7
----------------------

----------------------
TP33580 allocated to 7
----------------------

----------------------
TP34091 allocated to 4
----------------------

----------------------
TP34100 allocated to 4
----------------------

----------------------
TP34204 allocated to 7
----------------------

----------------------
TP34487 allocated to 7
----------------------

----------------------
TP34499 allocated to 7
----------------------

----------------------
TP35104 allocated to 8
----------------------

----------------------
TP35208 allocated to 8
----------------------

----------------------
TP35224 allocated to 7
----------------------

----------------------
TP35241 allocated to 8
----------------------

----------------------
TP35413 allocated to 8
----------------------

----------------------
TP35947 allocated to 8
----------------------

----------------------
TP35969 allocated to 8
----------------------

----------------------
TP36623 allocated to 8
----------------------

----------------------
TP36743 allocated to 8
----------------------

----------------------
TP36915 allocated to 1
----------------------

----------------------
TP37019 allocated to 1
----------------------

----------------------
TP37309 allocated to 8
----------------------

----------------------
TP37449 allocated to 8
----------------------

----------------------
TP37709 allocated to 8
----------------------

----------------------
TP37834 allocated to 1
----------------------

----------------------
TP37863 allocated to 8
----------------------

----------------------
TP38423 allocated to 8
----------------------

----------------------
TP38794 allocated to 8
----------------------

----------------------
TP38889 allocated to 9
----------------------

----------------------
TP39016 allocated to 8
----------------------

----------------------
TP39050 allocated to 8
----------------------

----------------------
TP39172 allocated to 9
----------------------

----------------------
TP39567 allocated to 1
----------------------

----------------------
TP39571 allocated to 9
----------------------

----------------------
TP39608 allocated to 8
----------------------

----------------------
TP40322 allocated to 9
----------------------

----------------------
TP40915 allocated to 9
----------------------

----------------------
TP40975 allocated to 9
----------------------

----------------------
TP41607 allocated to 9
----------------------

----------------------
TP41919 allocated to 9
----------------------

----------------------
TP42200 allocated to 1
----------------------

----------------------
TP42505 allocated to 9
----------------------

----------------------
TP42529 allocated to 9
----------------------

----------------------
TP43126 allocated to 9
----------------------

----------------------
TP43296 allocated to 10
----------------------

----------------------
TP43583 allocated to 9
----------------------

----------------------
TP43719 allocated to 10
----------------------

----------------------
TP43737 allocated to 9
----------------------

----------------------
TP43871 allocated to 10
----------------------

----------------------
TP43979 allocated to 9
----------------------

----------------------
TP44144 allocated to 10
----------------------

----------------------
TP44378 allocated to 10
----------------------

----------------------
TP46490 allocated to 10
----------------------

----------------------
TP46630 allocated to 10
----------------------

----------------------
TP47439 allocated to 10
----------------------

----------------------
TP47796 allocated to 10
----------------------

----------------------
TP47824 allocated to 3
----------------------

----------------------
TP47881 allocated to 10
----------------------

----------------------
TP48338 allocated to 10
----------------------

----------------------
TP48683 allocated to 10
----------------------

----------------------
TP49139 allocated to 10
----------------------

----------------------
TP49362 allocated to 10
----------------------

----------------------
TP49651 allocated to 1
----------------------

----------------------
TP49791 allocated to 10
----------------------

----------------------
TP49951 allocated to 10
----------------------

----------------------
TP49963 allocated to 10
----------------------

-------------------------------------------------------------------------

Ride-sharing vs Individual Mode - Num Vehicles and Distance Comparisson 

-------------------------------------------------------------------------
Individual Mode = 183 vehicles.
Ride-sharing Mode = 10 vehicles. The 10 ride-sharing vehicles + 0 vehicles of the individuals not served by the ride-sharing service.
-------------------------------------------------------------------------
Individual Mode = 513 distance.
Ride-sharing Mode = 996 distance. 996 from the EV fleet + 0 from the distance of the trips not covered individuals had to do with their own vehicle.
-------------------------------------------------------------------------
