-------------------------------------------------------------------------
TPs satisfied = 106; Total TPs = 191; Percentage Satisfied + 55.50000000000001%
-------------------------------------------------------------------------

-------------------------------------------------------------------------

EVs

-------------------------------------------------------------------------
--------------------------------------
EV1
--------------------------------------
Num TPs served = 43
TPs served = 148 169 402 807 811 1069 1191 1659 1676 1700 1913 2740 2745 2750 2833 3095 3379 3839 3964 7260 10233 12000 14205 14953 15810 17119 17877 20953 21030 21642 22847 26040 26870 29488 38951 40369 42549 44514 45062 45724 46875 49341 49464
Total energy used = 100
--------------------------------------
Schedule:
0 287 732 806 732 806 0 0 100 100 0 287 0
287 287 732 806 732 806 0 1 100 100 148 32 0
287 289 732 806 733 807 1 0 100 98 -148 32 2
289 323 733 807 733 807 0 0 98 98 0 34 0
323 325 733 807 732 806 0 1 98 96 169 32 2
325 329 732 806 736 806 1 0 96 92 -169 32 4
329 738 736 806 736 806 0 0 92 92 0 409 0
738 742 736 806 732 806 0 1 92 88 402 32 4
742 745 732 806 734 807 1 0 88 85 -402 32 3
745 1464 734 807 734 807 0 0 85 85 0 719 0
1464 1467 734 807 732 806 0 1 85 82 17877 32 3
1467 1467 732 806 732 806 1 2 82 82 811 14 0
1467 1467 732 806 732 806 2 3 82 82 807 9 0
1467 1468 732 806 733 806 3 2 82 81 -811 14 1
1468 1472 733 806 733 810 2 1 81 77 -807 10 4
1472 1476 733 810 732 807 1 0 77 73 -17877 24 4
1476 1870 732 807 732 807 0 0 73 73 0 394 0
1870 1871 732 807 732 806 0 1 73 72 1069 32 1
1871 1873 732 806 732 806 1 1 72 72 0 2 0
1873 1874 732 806 732 807 1 0 72 71 -1069 32 1
1874 2077 732 807 732 807 0 0 71 71 0 203 0
2077 2078 732 807 732 806 0 1 71 70 1191 32 1
2078 2079 732 806 733 806 1 0 70 69 -1191 32 1
2079 2926 733 806 733 806 0 0 69 69 0 847 0
2926 2927 733 806 732 806 0 1 69 68 1676 32 1
2927 2927 732 806 732 806 1 2 68 68 1659 2 0
2927 2931 732 806 736 806 2 1 68 64 -1676 32 4
2931 2934 736 806 734 807 1 0 64 61 -1659 0 3
2934 2964 734 807 734 807 0 0 61 61 0 30 0
2964 2967 734 807 732 806 0 1 61 58 1700 32 3
2967 2969 732 806 732 806 1 1 58 58 0 2 0
2969 2970 732 806 733 806 1 0 58 57 -1700 32 1
2970 3366 733 806 733 806 0 0 57 57 0 396 0
3366 3367 733 806 732 806 0 1 57 56 1913 32 1
3367 3368 732 806 732 806 1 1 56 56 0 1 0
3368 3376 732 806 740 806 1 0 56 48 -1913 32 8
3376 4890 740 806 740 806 0 0 48 48 0 1514 0
4890 4898 740 806 732 806 0 1 48 40 2750 32 8
4898 4898 732 806 732 806 1 2 40 40 2745 20 0
4898 4898 732 806 732 806 2 3 40 40 2740 13 0
4898 4899 732 806 732 806 3 3 40 40 0 1 0
4899 4901 732 806 734 806 3 2 40 38 -2750 32 2
4901 4902 734 806 734 807 2 1 38 37 -2745 21 1
4902 4904 734 807 732 807 1 0 37 35 -2740 8 2
4904 5055 732 807 732 807 0 0 35 35 0 151 0
5055 5056 732 807 732 806 0 1 35 34 2833 32 1
5056 5059 732 806 735 806 1 0 34 31 -2833 32 3
5059 5513 735 806 735 806 0 0 31 31 0 454 0
5513 5516 735 806 732 806 0 1 31 28 3095 32 3
5516 5518 732 806 734 806 1 0 28 26 -3095 32 2
5518 6011 734 806 734 806 0 0 26 26 0 493 0
6011 6013 734 806 732 806 0 1 26 24 3379 32 2
6013 6018 732 806 732 806 1 1 24 24 0 5 0
6018 6025 732 806 738 807 1 0 24 17 -3379 32 7
6025 6880 738 807 738 807 0 0 17 17 0 855 0
6880 6887 738 807 732 806 0 1 17 10 3839 32 7
6887 6891 732 806 735 807 1 0 10 6 -3839 32 4
6891 7114 735 807 735 807 0 0 6 6 0 223 0
7114 7118 735 807 732 806 0 1 6 2 3964 32 4
7118 7119 732 806 732 806 1 1 2 2 0 1 0
7119 7120 732 806 732 807 1 0 2 1 -3964 32 1
7120 10632 732 807 732 807 0 0 1 1 0 3512 0
10632 10633 732 807 732 806 0 1 1 0 20953 32 1
10633 10635 732 806 732 806 1 1 0 0 0 2 0
10635 10635 732 806 732 806 1 0 0 0 -20953 32 0
10635 10754 732 806 732 806 0 0 0 0 0 119 0
10754 10754 732 806 732 806 0 1 0 0 38951 32 0
10754 10755 732 806 732 806 1 1 0 0 0 1 0
10755 10755 732 806 732 806 1 0 0 0 -38951 32 0
10755 10819 732 806 732 806 0 0 0 0 0 64 0
10819 10819 732 806 732 806 0 1 0 0 21030 32 0
10819 10822 732 806 732 806 1 1 0 0 0 3 0
10822 10822 732 806 732 806 1 0 0 0 -21030 32 0
10822 12497 732 806 732 806 0 0 0 0 0 1675 0
12497 12497 732 806 732 806 0 1 0 0 21642 32 0
12497 12498 732 806 732 806 1 1 0 0 0 1 0
12498 12498 732 806 732 806 1 0 0 0 -21642 32 0
12498 13601 732 806 732 806 0 0 0 0 0 1103 0
13601 13601 732 806 732 806 0 1 0 0 7260 32 0
13601 13603 732 806 732 806 1 1 0 0 0 2 0
13603 13603 732 806 732 806 1 0 0 0 -7260 32 0
13603 14392 732 806 732 806 0 0 0 0 0 789 0
14392 14392 732 806 732 806 0 1 0 0 40369 32 0
14392 14393 732 806 732 806 1 1 0 0 0 1 0
14393 14393 732 806 732 806 1 0 0 0 -40369 32 0
14393 15623 732 806 732 806 0 0 0 0 0 1230 0
15623 15623 732 806 732 806 0 1 0 0 22847 32 0
15623 15624 732 806 732 806 1 1 0 0 0 1 0
15624 15624 732 806 732 806 1 0 0 0 -22847 32 0
15624 19306 732 806 732 806 0 0 0 0 0 3682 0
19306 19306 732 806 732 806 0 1 0 0 42549 32 0
19306 19307 732 806 732 806 1 1 0 0 0 1 0
19307 19307 732 806 732 806 1 0 0 0 -42549 32 0
19307 21069 732 806 732 806 0 0 0 0 0 1762 0
21069 21069 732 806 732 806 0 1 0 0 10233 32 0
21069 21071 732 806 732 806 1 1 0 0 0 2 0
21071 21071 732 806 732 806 1 0 0 0 -10233 32 0
21071 22733 732 806 732 806 0 0 0 0 0 1662 0
22733 22733 732 806 732 806 0 1 0 0 26040 32 0
22733 22734 732 806 732 806 1 1 0 0 0 1 0
22734 22734 732 806 732 806 1 0 0 0 -26040 32 0
22734 23137 732 806 732 806 0 0 0 0 0 403 0
23137 23137 732 806 732 806 0 1 0 0 44514 32 0
23137 23139 732 806 732 806 1 1 0 0 0 2 0
23139 23139 732 806 732 806 1 0 0 0 -44514 32 0
23139 24135 732 806 732 806 0 0 0 0 0 996 0
24135 24135 732 806 732 806 0 1 0 0 45062 32 0
24135 24136 732 806 732 806 1 1 0 0 0 1 0
24136 24136 732 806 732 806 1 0 0 0 -45062 32 0
24136 24397 732 806 732 806 0 0 0 0 0 261 0
24397 24397 732 806 732 806 0 1 0 0 26870 32 0
24397 24399 732 806 732 806 1 1 0 0 0 2 0
24399 24399 732 806 732 806 1 0 0 0 -26870 32 0
24399 25280 732 806 732 806 0 0 0 0 0 881 0
25280 25280 732 806 732 806 0 1 0 0 45724 32 0
25280 25281 732 806 732 806 1 1 0 0 0 1 0
25281 25281 732 806 732 806 1 0 0 0 -45724 32 0
25281 26722 732 806 732 806 0 0 0 0 0 1441 0
26722 26722 732 806 732 806 0 1 0 0 12000 32 0
26722 26724 732 806 732 806 1 1 0 0 0 2 0
26724 26724 732 806 732 806 1 0 0 0 -12000 32 0
26724 27338 732 806 732 806 0 0 0 0 0 614 0
27338 27338 732 806 732 806 0 1 0 0 46875 32 0
27338 27341 732 806 732 806 1 1 0 0 0 3 0
27341 27341 732 806 732 806 1 0 0 0 -46875 32 0
27341 29497 732 806 732 806 0 0 0 0 0 2156 0
29497 29497 732 806 732 806 0 1 0 0 29488 32 0
29497 29498 732 806 732 806 1 1 0 0 0 1 0
29498 29498 732 806 732 806 1 0 0 0 -29488 32 0
29498 31619 732 806 732 806 0 0 0 0 0 2121 0
31619 31619 732 806 732 806 0 1 0 0 49341 32 0
31619 31622 732 806 732 806 1 1 0 0 0 3 0
31622 31622 732 806 732 806 1 0 0 0 -49341 32 0
31622 31835 732 806 732 806 0 0 0 0 0 213 0
31835 31835 732 806 732 806 0 1 0 0 49464 32 0
31835 31836 732 806 732 806 1 1 0 0 0 1 0
31836 31836 732 806 732 806 1 0 0 0 -49464 32 0
31836 34772 732 806 732 806 0 0 0 0 0 2936 0
34772 34772 732 806 732 806 0 1 0 0 14205 32 0
34772 34774 732 806 732 806 1 1 0 0 0 2 0
34774 34774 732 806 732 806 1 0 0 0 -14205 32 0
34774 37638 732 806 732 806 0 0 0 0 0 2864 0
37638 37638 732 806 732 806 0 1 0 0 14953 32 0
37638 37639 732 806 732 806 1 1 0 0 0 1 0
37639 37639 732 806 732 806 1 0 0 0 -14953 32 0
37639 40408 732 806 732 806 0 0 0 0 0 2769 0
40408 40408 732 806 732 806 0 1 0 0 15810 32 0
40408 40410 732 806 732 806 1 1 0 0 0 2 0
40410 40410 732 806 732 806 1 0 0 0 -15810 32 0
40410 42720 732 806 732 806 0 0 0 0 0 2310 0
42720 42720 732 806 732 806 0 1 0 0 17119 32 0
42720 42722 732 806 732 806 1 1 0 0 0 2 0
42722 42722 732 806 732 806 1 0 0 0 -17119 32 0
42722 43267 732 806 732 806 0 0 0 0 0 545 0
43267 43267 732 806 732 806 0 0 0 0 1000000000 0 0
--------------------------------------
--------------------------------------
EV2
--------------------------------------
Num TPs served = 21
TPs served = 4680 5513 6183 6553 6740 6809 7500 7553 8133 8968 9200 9412 9778 10069 10154 10408 10423 10965 23666 25502 43696
Total energy used = 100
--------------------------------------
Schedule:
0 8478 732 806 732 806 0 0 100 100 0 8478 0
8478 8478 732 806 732 806 0 1 100 100 4680 32 0
8478 8480 732 806 734 806 1 0 100 98 -4680 32 2
8480 10016 734 806 734 806 0 0 98 98 0 1536 0
10016 10018 734 806 732 806 0 1 98 96 5513 32 2
10018 10021 732 806 735 806 1 0 96 93 -5513 32 3
10021 11332 735 806 735 806 0 0 93 93 0 1311 0
11332 11335 735 806 732 806 0 1 93 90 6183 32 3
11335 11336 732 806 732 806 1 1 90 90 0 1 0
11336 11337 732 806 733 806 1 0 90 89 -6183 32 1
11337 12049 733 806 733 806 0 0 89 89 0 712 0
12049 12050 733 806 732 806 0 1 89 88 6553 32 1
12050 12053 732 806 732 809 1 0 88 85 -6553 32 3
12053 12430 732 809 732 809 0 0 85 85 0 377 0
12430 12433 732 809 732 806 0 1 85 82 6740 32 3
12433 12434 732 806 733 806 1 0 82 81 -6740 32 1
12434 12585 733 806 733 806 0 0 81 81 0 151 0
12585 12586 733 806 732 806 0 1 81 80 6809 32 1
12586 12588 732 806 734 806 1 0 80 78 -6809 32 2
12588 14124 734 806 734 806 0 0 78 78 0 1536 0
14124 14126 734 806 732 806 0 1 78 76 7500 32 2
14126 14128 732 806 733 807 1 0 76 74 -7500 32 2
14128 14215 733 807 733 807 0 0 74 74 0 87 0
14215 14217 733 807 732 806 0 1 74 72 7553 32 2
14217 14218 732 806 732 806 1 1 72 72 0 1 0
14218 14224 732 806 734 810 1 0 72 66 -7553 32 6
14224 15520 734 810 734 810 0 0 66 66 0 1296 0
15520 15526 734 810 732 806 0 1 66 60 8133 32 6
15526 15532 732 806 732 806 1 1 60 60 0 6 0
15532 15536 732 806 735 807 1 0 60 56 -8133 32 4
15536 17552 735 807 735 807 0 0 56 56 0 2016 0
17552 17556 735 807 732 806 0 1 56 52 23666 32 4
17556 17574 732 806 732 806 1 1 52 52 0 18 0
17574 17574 732 806 732 806 1 2 52 52 8968 32 0
17574 17575 732 806 733 806 2 1 52 51 -23666 14 1
17575 17581 733 806 733 806 1 1 51 51 0 6 0
17581 17588 733 806 736 810 1 0 51 44 -8968 32 7
17588 18175 736 810 736 810 0 0 44 44 0 587 0
18175 18183 736 810 732 806 0 1 44 36 9200 32 8
18183 18187 732 806 734 808 1 0 36 32 -9200 32 4
18187 18798 734 808 734 808 0 0 32 32 0 611 0
18798 18802 734 808 732 806 0 1 32 28 9412 32 4
18802 18805 732 806 735 806 1 0 28 25 -9412 32 3
18805 19826 735 806 735 806 0 0 25 25 0 1021 0
19826 19829 735 806 732 806 0 1 25 22 9778 32 3
19829 19830 732 806 733 806 1 0 22 21 -9778 32 1
19830 20598 733 806 733 806 0 0 21 21 0 768 0
20598 20599 733 806 732 806 0 1 21 20 10069 32 1
20599 20600 732 806 733 806 1 0 20 19 -10069 32 1
20600 20823 733 806 733 806 0 0 19 19 0 223 0
20823 20824 733 806 732 806 0 1 19 18 10154 32 1
20824 20825 732 806 733 806 1 0 18 17 -10154 32 1
20825 21573 733 806 733 806 0 0 17 17 0 748 0
21573 21574 733 806 732 806 0 1 17 16 43696 32 1
21574 21596 732 806 732 806 1 1 16 16 0 22 0
21596 21596 732 806 732 806 1 2 16 16 25502 32 0
21596 21596 732 806 732 806 2 3 16 16 10408 13 0
21596 21597 732 806 733 806 3 2 16 15 -43696 10 1
21597 21598 733 806 733 807 2 1 15 14 -10408 15 1
21598 21622 733 807 733 807 1 1 14 14 0 24 0
21622 21624 733 807 732 806 1 2 14 12 10423 32 2
21624 21626 732 806 734 806 2 1 12 10 -25502 4 2
21626 21629 734 806 737 806 1 0 10 7 -10423 32 3
21629 23282 737 806 737 806 0 0 7 7 0 1653 0
23282 23287 737 806 732 806 0 1 7 2 10965 32 5
23287 23288 732 806 732 806 1 1 2 2 0 1 0
23288 23289 732 806 733 806 1 0 2 1 -10965 32 1
23289 43266 733 806 733 806 0 0 1 1 0 19977 0
43266 43267 733 806 732 806 0 0 1 0 1000000000 0 1
--------------------------------------
--------------------------------------
EV3
--------------------------------------
Num TPs served = 22
TPs served = 10764 11152 11166 11258 11789 11995 12081 13017 13475 13489 13758 13861 14177 14391 14696 14769 15364 15460 15701 16552 16738 16951
Total energy used = 100
--------------------------------------
Schedule:
0 22618 732 806 732 806 0 0 100 100 0 22618 0
22618 22618 732 806 732 806 0 1 100 100 10764 32 0
22618 22621 732 806 732 806 1 1 100 100 0 3 0
22621 22623 732 806 733 807 1 0 100 98 -10764 32 2
22623 23819 733 807 733 807 0 0 98 98 0 1196 0
23819 23821 733 807 732 806 0 1 98 96 11152 32 2
23821 23822 732 806 732 806 1 1 96 96 0 1 0
23822 23823 732 806 732 807 1 0 96 95 -11152 32 1
23823 23861 732 807 732 807 0 0 95 95 0 38 0
23861 23862 732 807 732 806 0 1 95 94 11166 32 1
23862 23863 732 806 733 806 1 0 94 93 -11166 32 1
23863 24137 733 806 733 806 0 0 93 93 0 274 0
24137 24138 733 806 732 806 0 1 93 92 11258 32 1
24138 24140 732 806 734 806 1 0 92 90 -11258 32 2
24140 25974 734 806 734 806 0 0 90 90 0 1834 0
25974 25976 734 806 732 806 0 1 90 88 11789 32 2
25976 25977 732 806 733 806 1 0 88 87 -11789 32 1
25977 26703 733 806 733 806 0 0 87 87 0 726 0
26703 26704 733 806 732 806 0 1 87 86 11995 32 1
26704 26706 732 806 732 808 1 0 86 84 -11995 32 2
26706 27000 732 808 732 808 0 0 84 84 0 294 0
27000 27002 732 808 732 806 0 1 84 82 12081 32 2
27002 27004 732 806 734 806 1 0 82 80 -12081 32 2
27004 30355 734 806 734 806 0 0 80 80 0 3351 0
30355 30357 734 806 732 806 0 1 80 78 13017 32 2
30357 30358 732 806 732 806 1 1 78 78 0 1 0
30358 30360 732 806 733 807 1 0 78 76 -13017 32 2
30360 32016 733 807 733 807 0 0 76 76 0 1656 0
32016 32018 733 807 732 806 0 1 76 74 13475 32 2
32018 32022 732 806 734 808 1 0 74 70 -13475 32 4
32022 32081 734 808 734 808 0 0 70 70 0 59 0
32081 32085 734 808 732 806 0 1 70 66 13489 32 4
32085 32087 732 806 732 806 1 1 66 66 0 2 0
32087 32092 732 806 736 807 1 0 66 61 -13489 32 5
32092 33061 736 807 736 807 0 0 61 61 0 969 0
33061 33066 736 807 732 806 0 1 61 56 13758 32 5
33066 33068 732 806 733 807 1 0 56 54 -13758 32 2
33068 33437 733 807 733 807 0 0 54 54 0 369 0
33437 33439 733 807 732 806 0 1 54 52 13861 32 2
33439 33441 732 806 733 807 1 0 52 50 -13861 32 2
33441 34645 733 807 733 807 0 0 50 50 0 1204 0
34645 34647 733 807 732 806 0 1 50 48 14177 32 2
34647 34653 732 806 732 806 1 1 48 48 0 6 0
34653 34654 732 806 732 807 1 0 48 47 -14177 32 1
34654 35449 732 807 732 807 0 0 47 47 0 795 0
35449 35450 732 807 732 806 0 1 47 46 14391 32 1
35450 35451 732 806 732 806 1 1 46 46 0 1 0
35451 35456 732 806 733 810 1 0 46 41 -14391 32 5
35456 36653 733 810 733 810 0 0 41 41 0 1197 0
36653 36658 733 810 732 806 0 1 41 36 14696 32 5
36658 36661 732 806 733 808 1 0 36 33 -14696 32 3
36661 36940 733 808 733 808 0 0 33 33 0 279 0
36940 36943 733 808 732 806 0 1 33 30 14769 32 3
36943 36945 732 806 734 806 1 0 30 28 -14769 32 2
36945 39233 734 806 734 806 0 0 28 28 0 2288 0
39233 39235 734 806 732 806 0 1 28 26 15364 32 2
39235 39236 732 806 732 806 1 1 26 26 0 1 0
39236 39237 732 806 732 807 1 0 26 25 -15364 32 1
39237 39586 732 807 732 807 0 0 25 25 0 349 0
39586 39587 732 807 732 806 0 1 25 24 15460 32 1
39587 39588 732 806 732 807 1 0 24 23 -15460 32 1
39588 40212 732 807 732 807 0 0 23 23 0 624 0
40212 40213 732 807 732 806 0 1 23 22 15701 32 1
40213 40214 732 806 732 806 1 1 22 22 0 1 0
40214 40215 732 806 733 806 1 0 22 21 -15701 32 1
40215 41690 733 806 733 806 0 0 21 21 0 1475 0
41690 41691 733 806 732 806 0 1 21 20 16552 32 1
41691 41692 732 806 732 806 1 1 20 20 0 1 0
41692 41696 732 806 735 807 1 0 20 16 -16552 32 4
41696 42023 735 807 735 807 0 0 16 16 0 327 0
42023 42027 735 807 732 806 0 1 16 12 16738 32 4
42027 42028 732 806 732 806 1 1 12 12 0 1 0
42028 42029 732 806 733 806 1 0 12 11 -16738 32 1
42029 42412 733 806 733 806 0 0 11 11 0 383 0
42412 42413 733 806 732 806 0 1 11 10 16951 32 1
42413 42418 732 806 737 806 1 0 10 5 -16951 32 5
42418 43262 737 806 737 806 0 0 5 5 0 844 0
43262 43267 737 806 732 806 0 0 5 0 1000000000 0 5
--------------------------------------
--------------------------------------
EV4
--------------------------------------
Num TPs served = 20
TPs served = 17347 18234 20038 20292 20419 21000 21206 21272 22025 22311 23362 23392 23977 24237 24857 24967 25175 25308 25715 26034
Total energy used = 100
--------------------------------------
Schedule:
0 2524 732 806 732 806 0 0 100 100 0 2524 0
2524 2524 732 806 732 806 0 1 100 100 18234 32 0
2524 2526 732 806 734 806 1 0 100 98 -18234 32 2
2526 8130 734 806 734 806 0 0 98 98 0 5604 0
8130 8132 734 806 732 806 0 1 98 96 20038 32 2
8132 8135 732 806 732 806 1 1 96 96 0 3 0
8135 8143 732 806 738 808 1 0 96 88 -20038 32 8
8143 8863 738 808 738 808 0 0 88 88 0 720 0
8863 8871 738 808 732 806 0 1 88 80 20292 32 8
8871 8874 732 806 733 808 1 0 80 77 -20292 32 3
8874 9221 733 808 733 808 0 0 77 77 0 347 0
9221 9224 733 808 732 806 0 1 77 74 20419 32 3
9224 9226 732 806 734 806 1 0 74 72 -20419 32 2
9226 10734 734 806 734 806 0 0 72 72 0 1508 0
10734 10736 734 806 732 806 0 1 72 70 21000 32 2
10736 10738 732 806 733 807 1 0 70 68 -21000 32 2
10738 11309 733 807 733 807 0 0 68 68 0 571 0
11309 11311 733 807 732 806 0 1 68 66 21206 32 2
11311 11312 732 806 732 806 1 1 66 66 0 1 0
11312 11315 732 806 735 806 1 0 66 63 -21206 32 3
11315 11481 735 806 735 806 0 0 63 63 0 166 0
11481 11484 735 806 732 806 0 1 63 60 21272 32 3
11484 11486 732 806 733 807 1 0 60 58 -21272 32 2
11486 13523 733 807 733 807 0 0 58 58 0 2037 0
13523 13525 733 807 732 806 0 1 58 56 22025 32 2
13525 13526 732 806 733 806 1 0 56 55 -22025 32 1
13526 14259 733 806 733 806 0 0 55 55 0 733 0
14259 14260 733 806 732 806 0 1 55 54 22311 32 1
14260 14263 732 806 735 806 1 0 54 51 -22311 32 3
14263 16866 735 806 735 806 0 0 51 51 0 2603 0
16866 16869 735 806 732 806 0 1 51 48 23362 32 3
16869 16872 732 806 734 807 1 0 48 45 -23362 32 3
16872 16931 734 807 734 807 0 0 45 45 0 59 0
16931 16934 734 807 732 806 0 1 45 42 23392 32 3
16934 16938 732 806 735 807 1 0 42 38 -23392 32 4
16938 18246 735 807 735 807 0 0 38 38 0 1308 0
18246 18250 735 807 732 806 0 1 38 34 23977 32 4
18250 18251 732 806 732 807 1 0 34 33 -23977 32 1
18251 18786 732 807 732 807 0 0 33 33 0 535 0
18786 18787 732 807 732 806 0 1 33 32 24237 32 1
18787 18789 732 806 732 808 1 0 32 30 -24237 32 2
18789 20158 732 808 732 808 0 0 30 30 0 1369 0
20158 20160 732 808 732 806 0 1 30 28 24857 32 2
20160 20161 732 806 733 806 1 0 28 27 -24857 32 1
20161 20429 733 806 733 806 0 0 27 27 0 268 0
20429 20430 733 806 732 806 0 1 27 26 24967 32 1
20430 20432 732 806 732 806 1 1 26 26 0 2 0
20432 20437 732 806 736 807 1 0 26 21 -24967 32 5
20437 20882 736 807 736 807 0 0 21 21 0 445 0
20882 20887 736 807 732 806 0 1 21 16 25175 32 5
20887 20888 732 806 732 807 1 0 16 15 -25175 32 1
20888 21163 732 807 732 807 0 0 15 15 0 275 0
21163 21164 732 807 732 806 0 1 15 14 25308 32 1
21164 21166 732 806 734 806 1 0 14 12 -25308 32 2
21166 22057 734 806 734 806 0 0 12 12 0 891 0
22057 22059 734 806 732 806 0 1 12 10 25715 32 2
22059 22061 732 806 732 806 1 1 10 10 0 2 0
22061 22063 732 806 733 807 1 0 10 8 -25715 32 2
22063 22721 733 807 733 807 0 0 8 8 0 658 0
22721 22723 733 807 732 806 0 1 8 6 26034 32 2
22723 22725 732 806 734 806 1 0 6 4 -26034 32 2
22725 43087 734 806 734 806 0 0 4 4 0 20362 0
43087 43089 734 806 732 806 0 1 4 2 17347 32 2
43089 43090 732 806 732 806 1 1 2 2 0 1 0
43090 43091 732 806 733 806 1 0 2 1 -17347 32 1
43091 43266 733 806 733 806 0 0 1 1 0 175 0
43266 43267 733 806 732 806 0 0 1 0 1000000000 0 1
--------------------------------------

-------------------------------------------------------------------------

TPs

-------------------------------------------------------------------------

----------------------
TP148 allocated to 1
----------------------

----------------------
TP169 allocated to 1
----------------------

----------------------
TP402 allocated to 1
----------------------

----------------------
TP807 allocated to 1
----------------------

----------------------
TP811 allocated to 1
----------------------

----------------------
TP1069 allocated to 1
----------------------

----------------------
TP1191 allocated to 1
----------------------

----------------------
TP1659 allocated to 1
----------------------

----------------------
TP1676 allocated to 1
----------------------

----------------------
TP1700 allocated to 1
----------------------

----------------------
TP1913 allocated to 1
----------------------

----------------------
TP2740 allocated to 1
----------------------

----------------------
TP2745 allocated to 1
----------------------

----------------------
TP2750 allocated to 1
----------------------

----------------------
TP2833 allocated to 1
----------------------

----------------------
TP3095 allocated to 1
----------------------

----------------------
TP3379 allocated to 1
----------------------

----------------------
TP3839 allocated to 1
----------------------

----------------------
TP3964 allocated to 1
----------------------

----------------------
TP4680 allocated to 2
----------------------

----------------------
TP5513 allocated to 2
----------------------

----------------------
TP6183 allocated to 2
----------------------

----------------------
TP6553 allocated to 2
----------------------

----------------------
TP6740 allocated to 2
----------------------

----------------------
TP6809 allocated to 2
----------------------

----------------------
TP7260 allocated to 1
----------------------

----------------------
TP7500 allocated to 2
----------------------

----------------------
TP7553 allocated to 2
----------------------

----------------------
TP8133 allocated to 2
----------------------

----------------------
TP8968 allocated to 2
----------------------

----------------------
TP9200 allocated to 2
----------------------

----------------------
TP9412 allocated to 2
----------------------

----------------------
TP9778 allocated to 2
----------------------

----------------------
TP10069 allocated to 2
----------------------

----------------------
TP10154 allocated to 2
----------------------

----------------------
TP10233 allocated to 1
----------------------

----------------------
TP10408 allocated to 2
----------------------

----------------------
TP10423 allocated to 2
----------------------

----------------------
TP10764 allocated to 3
----------------------

----------------------
TP10965 allocated to 2
----------------------

----------------------
TP11152 allocated to 3
----------------------

----------------------
TP11166 allocated to 3
----------------------

----------------------
TP11258 allocated to 3
----------------------

----------------------
TP11789 allocated to 3
----------------------

----------------------
TP11995 allocated to 3
----------------------

----------------------
TP12000 allocated to 1
----------------------

----------------------
TP12081 allocated to 3
----------------------

----------------------
TP13017 allocated to 3
----------------------

----------------------
TP13475 allocated to 3
----------------------

----------------------
TP13489 allocated to 3
----------------------

----------------------
TP13758 allocated to 3
----------------------

----------------------
TP13861 allocated to 3
----------------------

----------------------
TP14177 allocated to 3
----------------------

----------------------
TP14205 allocated to 1
----------------------

----------------------
TP14391 allocated to 3
----------------------

----------------------
TP14696 allocated to 3
----------------------

----------------------
TP14769 allocated to 3
----------------------

----------------------
TP14953 allocated to 1
----------------------

----------------------
TP15364 allocated to 3
----------------------

----------------------
TP15460 allocated to 3
----------------------

----------------------
TP15701 allocated to 3
----------------------

----------------------
TP15810 allocated to 1
----------------------

----------------------
TP16552 allocated to 3
----------------------

----------------------
TP16738 allocated to 3
----------------------

----------------------
TP16951 allocated to 3
----------------------

----------------------
TP17119 allocated to 1
----------------------

----------------------
TP17347 allocated to 4
----------------------

----------------------
TP17877 allocated to 1
----------------------

----------------------
TP18234 allocated to 4
----------------------

----------------------
TP20038 allocated to 4
----------------------

----------------------
TP20292 allocated to 4
----------------------

----------------------
TP20419 allocated to 4
----------------------

----------------------
TP20953 allocated to 1
----------------------

----------------------
TP21000 allocated to 4
----------------------

----------------------
TP21030 allocated to 1
----------------------

----------------------
TP21206 allocated to 4
----------------------

----------------------
TP21272 allocated to 4
----------------------

----------------------
TP21642 allocated to 1
----------------------

----------------------
TP22025 allocated to 4
----------------------

----------------------
TP22311 allocated to 4
----------------------

----------------------
TP22847 allocated to 1
----------------------

----------------------
TP23362 allocated to 4
----------------------

----------------------
TP23392 allocated to 4
----------------------

----------------------
TP23666 allocated to 2
----------------------

----------------------
TP23977 allocated to 4
----------------------

----------------------
TP24237 allocated to 4
----------------------

----------------------
TP24857 allocated to 4
----------------------

----------------------
TP24967 allocated to 4
----------------------

----------------------
TP25175 allocated to 4
----------------------

----------------------
TP25308 allocated to 4
----------------------

----------------------
TP25502 allocated to 2
----------------------

----------------------
TP25715 allocated to 4
----------------------

----------------------
TP25978 not allocated
----------------------

----------------------
TP26034 allocated to 4
----------------------

----------------------
TP26040 allocated to 1
----------------------

----------------------
TP26066 not allocated
----------------------

----------------------
TP26558 not allocated
----------------------

----------------------
TP26571 not allocated
----------------------

----------------------
TP26870 allocated to 1
----------------------

----------------------
TP27106 not allocated
----------------------

----------------------
TP27182 not allocated
----------------------

----------------------
TP27370 not allocated
----------------------

----------------------
TP27371 not allocated
----------------------

----------------------
TP28075 not allocated
----------------------

----------------------
TP28233 not allocated
----------------------

----------------------
TP28804 not allocated
----------------------

----------------------
TP28977 not allocated
----------------------

----------------------
TP29325 not allocated
----------------------

----------------------
TP29488 allocated to 1
----------------------

----------------------
TP29668 not allocated
----------------------

----------------------
TP29860 not allocated
----------------------

----------------------
TP30025 not allocated
----------------------

----------------------
TP30092 not allocated
----------------------

----------------------
TP30822 not allocated
----------------------

----------------------
TP30852 not allocated
----------------------

----------------------
TP31138 not allocated
----------------------

----------------------
TP31189 not allocated
----------------------

----------------------
TP31424 not allocated
----------------------

----------------------
TP31707 not allocated
----------------------

----------------------
TP31792 not allocated
----------------------

----------------------
TP32444 not allocated
----------------------

----------------------
TP32588 not allocated
----------------------

----------------------
TP32610 not allocated
----------------------

----------------------
TP32635 not allocated
----------------------

----------------------
TP32828 not allocated
----------------------

----------------------
TP33195 not allocated
----------------------

----------------------
TP33231 not allocated
----------------------

----------------------
TP33352 not allocated
----------------------

----------------------
TP33386 not allocated
----------------------

----------------------
TP33571 not allocated
----------------------

----------------------
TP33572 not allocated
----------------------

----------------------
TP34372 not allocated
----------------------

----------------------
TP34443 not allocated
----------------------

----------------------
TP34596 not allocated
----------------------

----------------------
TP34822 not allocated
----------------------

----------------------
TP35052 not allocated
----------------------

----------------------
TP35468 not allocated
----------------------

----------------------
TP35551 not allocated
----------------------

----------------------
TP35719 not allocated
----------------------

----------------------
TP36403 not allocated
----------------------

----------------------
TP36853 not allocated
----------------------

----------------------
TP36949 not allocated
----------------------

----------------------
TP37233 not allocated
----------------------

----------------------
TP37504 not allocated
----------------------

----------------------
TP37994 not allocated
----------------------

----------------------
TP38822 not allocated
----------------------

----------------------
TP38951 allocated to 1
----------------------

----------------------
TP38986 not allocated
----------------------

----------------------
TP39584 not allocated
----------------------

----------------------
TP39887 not allocated
----------------------

----------------------
TP40014 not allocated
----------------------

----------------------
TP40369 allocated to 1
----------------------

----------------------
TP41499 not allocated
----------------------

----------------------
TP41850 not allocated
----------------------

----------------------
TP42074 not allocated
----------------------

----------------------
TP42250 not allocated
----------------------

----------------------
TP42277 not allocated
----------------------

----------------------
TP42549 allocated to 1
----------------------

----------------------
TP42809 not allocated
----------------------

----------------------
TP43696 allocated to 2
----------------------

----------------------
TP44049 not allocated
----------------------

----------------------
TP44067 not allocated
----------------------

----------------------
TP44139 not allocated
----------------------

----------------------
TP44514 allocated to 1
----------------------

----------------------
TP44635 not allocated
----------------------

----------------------
TP44725 not allocated
----------------------

----------------------
TP44853 not allocated
----------------------

----------------------
TP44855 not allocated
----------------------

----------------------
TP45062 allocated to 1
----------------------

----------------------
TP45724 allocated to 1
----------------------

----------------------
TP45914 not allocated
----------------------

----------------------
TP46083 not allocated
----------------------

----------------------
TP46145 not allocated
----------------------

----------------------
TP46253 not allocated
----------------------

----------------------
TP46875 allocated to 1
----------------------

----------------------
TP47082 not allocated
----------------------

----------------------
TP47238 not allocated
----------------------

----------------------
TP47613 not allocated
----------------------

----------------------
TP48165 not allocated
----------------------

----------------------
TP48316 not allocated
----------------------

----------------------
TP48337 not allocated
----------------------

----------------------
TP48423 not allocated
----------------------

----------------------
TP48935 not allocated
----------------------

----------------------
TP49101 not allocated
----------------------

----------------------
TP49126 not allocated
----------------------

----------------------
TP49341 allocated to 1
----------------------

----------------------
TP49456 not allocated
----------------------

----------------------
TP49464 allocated to 1
----------------------

----------------------
TP49733 not allocated
----------------------

----------------------
TP49750 not allocated
----------------------

----------------------
TP49918 not allocated
----------------------

-------------------------------------------------------------------------

Ride-sharing vs Individual Mode - Num Vehicles and Distance Comparisson 

-------------------------------------------------------------------------
Individual Mode = 191 vehicles.
Ride-sharing Mode = 89 vehicles. The 4 ride-sharing vehicles + 85 vehicles of the individuals not served by the ride-sharing service.
-------------------------------------------------------------------------
Individual Mode = 468 distance.
Ride-sharing Mode = 657 distance. 400 from the EV fleet + 257 from the distance of the trips not covered individuals had to do with their own vehicle.
-------------------------------------------------------------------------
