-------------------------------------------------------------------------
TPs satisfied = 77; Total TPs = 188; Percentage Satisfied + 41.0%
-------------------------------------------------------------------------

-------------------------------------------------------------------------

EVs

-------------------------------------------------------------------------
--------------------------------------
EV1
--------------------------------------
Num TPs served = 2
TPs served = 323 17569
Total energy used = 6
--------------------------------------
Schedule:
0 481 183 930 183 930 0 0 100 100 0 481 0
481 481 183 930 183 930 0 1 100 100 17569 32 0
481 484 183 930 186 930 1 0 100 97 -17569 32 3
484 623 186 930 186 930 0 0 97 97 0 139 0
623 626 186 930 183 930 0 1 97 94 323 32 3
626 628 183 930 183 930 1 1 94 94 0 2 0
628 628 183 930 183 930 1 0 94 94 -323 32 0
628 43267 183 930 183 930 0 0 94 94 1000000000 42639 0
--------------------------------------
--------------------------------------
EV2
--------------------------------------
Num TPs served = 44
TPs served = 354 1187 1936 1953 2369 2656 4399 4405 4716 4799 4936 5289 5405 5420 5599 6184 6341 6607 6673 6899 7034 7493 7615 7617 7702 8803 10292 14489 23754 25483 27602 28779 29708 31464 31520 32223 40420 41179 41620 42671 43853 44142 46856 49388
Total energy used = 100
--------------------------------------
Schedule:
0 672 183 930 183 930 0 0 100 100 0 672 0
672 672 183 930 183 930 0 1 100 100 354 32 0
672 674 183 930 185 930 1 0 100 98 -354 32 2
674 2068 185 930 185 930 0 0 98 98 0 1394 0
2068 2070 185 930 183 930 0 1 98 96 1187 32 2
2070 2071 183 930 183 930 1 1 96 96 0 1 0
2071 2072 183 930 183 931 1 0 96 95 -1187 32 1
2072 3433 183 931 183 931 0 0 95 95 0 1361 0
3433 3434 183 931 183 930 0 1 95 94 1953 32 1
3434 3434 183 930 183 930 1 2 94 94 1936 2 0
3434 3435 183 930 183 930 2 2 94 94 0 1 0
3435 3435 183 930 183 930 2 1 94 94 -1953 32 0
3435 3436 183 930 184 930 1 0 94 93 -1936 1 1
3436 4204 184 930 184 930 0 0 93 93 0 768 0
4204 4205 184 930 183 930 0 1 93 92 2369 32 1
4205 4206 183 930 183 930 1 1 92 92 0 1 0
4206 4207 183 930 183 931 1 0 92 91 -2369 32 1
4207 4739 183 931 183 931 0 0 91 91 0 532 0
4739 4740 183 931 183 930 0 1 91 90 2656 32 1
4740 4742 183 930 185 930 1 0 90 88 -2656 32 2
4742 7922 185 930 185 930 0 0 88 88 0 3180 0
7922 7924 185 930 183 930 0 1 88 86 4405 32 2
7924 7924 183 930 183 930 1 2 86 86 4399 18 0
7924 7927 183 930 186 930 2 1 86 83 -4405 32 3
7927 7929 186 930 184 930 1 0 83 81 -4399 15 2
7929 8564 184 930 184 930 0 0 81 81 0 635 0
8564 8565 184 930 183 930 0 1 81 80 4716 32 1
8565 8568 183 930 186 930 1 0 80 77 -4716 32 3
8568 8704 186 930 186 930 0 0 77 77 0 136 0
8704 8707 186 930 183 930 0 1 77 74 4799 32 3
8707 8711 183 930 185 932 1 0 74 70 -4799 32 4
8711 8957 185 932 185 932 0 0 70 70 0 246 0
8957 8961 185 932 183 930 0 1 70 66 4936 32 4
8961 8963 183 930 184 931 1 0 66 64 -4936 32 2
8963 9614 184 931 184 931 0 0 64 64 0 651 0
9614 9616 184 931 183 930 0 1 64 62 5289 32 2
9616 9617 183 930 184 930 1 0 62 61 -5289 32 1
9617 9847 184 930 184 930 0 0 61 61 0 230 0
9847 9848 184 930 183 930 0 1 61 60 5420 32 1
9848 9848 183 930 183 930 1 2 60 60 5405 14 0
9848 9849 183 930 183 930 2 2 60 60 0 1 0
9849 9849 183 930 183 930 2 1 60 60 -5420 32 0
9849 9853 183 930 186 931 1 0 60 56 -5405 14 4
9853 10198 186 931 186 931 0 0 56 56 0 345 0
10198 10202 186 931 183 930 0 1 56 52 5599 32 4
10202 10203 183 930 184 930 1 0 52 51 -5599 32 1
10203 11341 184 930 184 930 0 0 51 51 0 1138 0
11341 11342 184 930 183 930 0 1 51 50 6184 32 1
11342 11343 183 930 183 930 1 1 50 50 0 1 0
11343 11346 183 930 185 931 1 0 50 47 -6184 32 3
11346 11631 185 931 185 931 0 0 47 47 0 285 0
11631 11634 185 931 183 930 0 1 47 44 6341 32 3
11634 11637 183 930 183 930 1 1 44 44 0 3 0
11637 11641 183 930 183 934 1 0 44 40 -6341 32 4
11641 12170 183 934 183 934 0 0 40 40 0 529 0
12170 12174 183 934 183 930 0 1 40 36 6607 32 4
12174 12176 183 930 183 932 1 0 36 34 -6607 32 2
12176 12311 183 932 183 932 0 0 34 34 0 135 0
12311 12313 183 932 183 930 0 1 34 32 6673 32 2
12313 12314 183 930 184 930 1 0 32 31 -6673 32 1
12314 12782 184 930 184 930 0 0 31 31 0 468 0
12782 12783 184 930 183 930 0 1 31 30 6899 32 1
12783 12785 183 930 183 930 1 1 30 30 0 2 0
12785 12785 183 930 183 930 1 0 30 30 -6899 32 0
12785 13065 183 930 183 930 0 0 30 30 0 280 0
13065 13065 183 930 183 930 0 1 30 30 7034 32 0
13065 13069 183 930 187 930 1 0 30 26 -7034 32 4
13069 14107 187 930 187 930 0 0 26 26 0 1038 0
14107 14111 187 930 183 930 0 1 26 22 7493 32 4
14111 14115 183 930 187 930 1 0 22 18 -7493 32 4
14115 14355 187 930 187 930 0 0 18 18 0 240 0
14355 14359 187 930 183 930 0 1 18 14 7617 32 4
14359 14359 183 930 183 930 1 2 14 14 7615 28 0
14359 14360 183 930 183 930 2 2 14 14 0 1 0
14360 14360 183 930 183 930 2 1 14 14 -7617 32 0
14360 14363 183 930 184 932 1 0 14 11 -7615 27 3
14363 14511 184 932 184 932 0 0 11 11 0 148 0
14511 14514 184 932 183 930 0 1 11 8 40420 32 3
14514 14547 183 930 183 930 1 1 8 8 0 33 0
14547 14547 183 930 183 930 1 2 8 8 7702 32 0
14547 14548 183 930 184 930 2 1 8 7 -40420 1 1
14548 14551 184 930 184 933 1 0 7 4 -7702 32 3
14551 16257 184 933 184 933 0 0 4 4 0 1706 0
16257 16261 184 933 183 930 0 1 4 0 41179 32 4
16261 16265 183 930 183 930 1 1 0 0 0 4 0
16265 16265 183 930 183 930 1 0 0 0 -41179 32 0
16265 17139 183 930 183 930 0 0 0 0 0 874 0
17139 17139 183 930 183 930 0 1 0 0 8803 32 0
17139 17140 183 930 183 930 1 1 0 0 0 1 0
17140 17140 183 930 183 930 1 0 0 0 -8803 32 0
17140 17292 183 930 183 930 0 0 0 0 0 152 0
17292 17292 183 930 183 930 0 1 0 0 41620 32 0
17292 17294 183 930 183 930 1 1 0 0 0 2 0
17294 17294 183 930 183 930 1 0 0 0 -41620 32 0
17294 17752 183 930 183 930 0 0 0 0 0 458 0
17752 17752 183 930 183 930 0 1 0 0 23754 32 0
17752 17753 183 930 183 930 1 1 0 0 0 1 0
17753 17753 183 930 183 930 1 0 0 0 -23754 32 0
17753 19571 183 930 183 930 0 0 0 0 0 1818 0
19571 19571 183 930 183 930 0 1 0 0 42671 32 0
19571 19572 183 930 183 930 1 1 0 0 0 1 0
19572 19572 183 930 183 930 1 0 0 0 -42671 32 0
19572 21261 183 930 183 930 0 0 0 0 0 1689 0
21261 21261 183 930 183 930 0 1 0 0 10292 32 0
21261 21263 183 930 183 930 1 1 0 0 0 2 0
21263 21263 183 930 183 930 1 0 0 0 -10292 32 0
21263 21561 183 930 183 930 0 0 0 0 0 298 0
21561 21561 183 930 183 930 0 1 0 0 25483 32 0
21561 21563 183 930 183 930 1 1 0 0 0 2 0
21563 21563 183 930 183 930 1 0 0 0 -25483 32 0
21563 21878 183 930 183 930 0 0 0 0 0 315 0
21878 21878 183 930 183 930 0 1 0 0 43853 32 0
21878 21880 183 930 183 930 1 1 0 0 0 2 0
21880 21880 183 930 183 930 1 0 0 0 -43853 32 0
21880 22454 183 930 183 930 0 0 0 0 0 574 0
22454 22454 183 930 183 930 0 1 0 0 44142 32 0
22454 22455 183 930 183 930 1 1 0 0 0 1 0
22455 22455 183 930 183 930 1 0 0 0 -44142 32 0
22455 25764 183 930 183 930 0 0 0 0 0 3309 0
25764 25764 183 930 183 930 0 1 0 0 27602 32 0
25764 25765 183 930 183 930 1 1 0 0 0 1 0
25765 25765 183 930 183 930 1 0 0 0 -27602 32 0
25765 27308 183 930 183 930 0 0 0 0 0 1543 0
27308 27308 183 930 183 930 0 1 0 0 46856 32 0
27308 27312 183 930 183 930 1 1 0 0 0 4 0
27312 27312 183 930 183 930 1 0 0 0 -46856 32 0
27312 28016 183 930 183 930 0 0 0 0 0 704 0
28016 28016 183 930 183 930 0 1 0 0 28779 32 0
28016 28017 183 930 183 930 1 1 0 0 0 1 0
28017 28017 183 930 183 930 1 0 0 0 -28779 32 0
28017 29902 183 930 183 930 0 0 0 0 0 1885 0
29902 29902 183 930 183 930 0 1 0 0 29708 32 0
29902 29904 183 930 183 930 1 1 0 0 0 2 0
29904 29904 183 930 183 930 1 0 0 0 -29708 32 0
29904 31701 183 930 183 930 0 0 0 0 0 1797 0
31701 31701 183 930 183 930 0 1 0 0 49388 32 0
31701 31702 183 930 183 930 1 1 0 0 0 1 0
31702 31702 183 930 183 930 1 0 0 0 -49388 32 0
31702 33528 183 930 183 930 0 0 0 0 0 1826 0
33528 33528 183 930 183 930 0 1 0 0 31464 32 0
33528 33530 183 930 183 930 1 1 0 0 0 2 0
33530 33530 183 930 183 930 1 0 0 0 -31464 32 0
33530 33650 183 930 183 930 0 0 0 0 0 120 0
33650 33650 183 930 183 930 0 1 0 0 31520 32 0
33650 33653 183 930 183 930 1 1 0 0 0 3 0
33653 33653 183 930 183 930 1 0 0 0 -31520 32 0
33653 35274 183 930 183 930 0 0 0 0 0 1621 0
35274 35274 183 930 183 930 0 1 0 0 32223 32 0
35274 35276 183 930 183 930 1 1 0 0 0 2 0
35276 35276 183 930 183 930 1 0 0 0 -32223 32 0
35276 35806 183 930 183 930 0 0 0 0 0 530 0
35806 35806 183 930 183 930 0 1 0 0 14489 32 0
35806 35807 183 930 183 930 1 1 0 0 0 1 0
35807 35807 183 930 183 930 1 0 0 0 -14489 32 0
35807 43267 183 930 183 930 0 0 0 0 0 7460 0
43267 43267 183 930 183 930 0 0 0 0 1000000000 0 0
--------------------------------------
--------------------------------------
EV3
--------------------------------------
Num TPs served = 17
TPs served = 7725 8025 8524 8962 9129 9243 9620 9793 9952 9981 9988 10717 10765 10784 11291 11961 41732
Total energy used = 100
--------------------------------------
Schedule:
0 14597 183 930 183 930 0 0 100 100 0 14597 0
14597 14597 183 930 183 930 0 1 100 100 7725 32 0
14597 14599 183 930 185 930 1 0 100 98 -7725 32 2
14599 15253 185 930 185 930 0 0 98 98 0 654 0
15253 15255 185 930 183 930 0 1 98 96 8025 32 2
15255 15257 183 930 185 930 1 0 96 94 -8025 32 2
15257 16427 185 930 185 930 0 0 94 94 0 1170 0
16427 16429 185 930 183 930 0 1 94 92 8524 32 2
16429 16434 183 930 183 930 1 1 92 92 0 5 0
16434 16439 183 930 183 935 1 0 92 87 -8524 32 5
16439 17528 183 935 183 935 0 0 87 87 0 1089 0
17528 17533 183 935 183 930 0 1 87 82 41732 32 5
17533 17559 183 930 183 930 1 1 82 82 0 26 0
17559 17559 183 930 183 930 1 2 82 82 8962 32 0
17559 17560 183 930 184 930 2 1 82 81 -41732 7 1
17560 17563 184 930 187 930 1 0 81 78 -8962 32 3
17563 17954 187 930 187 930 0 0 78 78 0 391 0
17954 17958 187 930 183 930 0 1 78 74 9129 32 4
17958 17961 183 930 185 931 1 0 74 71 -9129 32 3
17961 18313 185 931 185 931 0 0 71 71 0 352 0
18313 18316 185 931 183 930 0 1 71 68 9243 32 3
18316 18317 183 930 183 930 1 1 68 68 0 1 0
18317 18318 183 930 184 930 1 0 68 67 -9243 32 1
18318 19330 184 930 184 930 0 0 67 67 0 1012 0
19330 19331 184 930 183 930 0 1 67 66 9620 32 1
19331 19332 183 930 183 930 1 1 66 66 0 1 0
19332 19333 183 930 183 931 1 0 66 65 -9620 32 1
19333 19892 183 931 183 931 0 0 65 65 0 559 0
19892 19893 183 931 183 930 0 1 65 64 9793 32 1
19893 19894 183 930 183 930 1 1 64 64 0 1 0
19894 19896 183 930 185 930 1 0 64 62 -9793 32 2
19896 20271 185 930 185 930 0 0 62 62 0 375 0
20271 20273 185 930 183 930 0 1 62 60 9952 32 2
20273 20276 183 930 186 930 1 0 60 57 -9952 32 3
20276 20373 186 930 186 930 0 0 57 57 0 97 0
20373 20376 186 930 183 930 0 1 57 54 9988 32 3
20376 20376 183 930 183 930 1 2 54 54 9981 5 0
20376 20377 183 930 183 930 2 2 54 54 0 1 0
20377 20385 183 930 189 932 2 1 54 46 -9988 32 8
20385 20389 189 932 192 931 1 0 46 42 -9981 2 4
20389 22456 192 931 192 931 0 0 42 42 0 2067 0
22456 22466 192 931 183 930 0 1 42 32 10717 32 10
22466 22467 183 930 183 930 1 1 32 32 0 1 0
22467 22470 183 930 185 931 1 0 32 29 -10717 32 3
22470 22616 185 931 185 931 0 0 29 29 0 146 0
22616 22619 185 931 183 930 0 1 29 26 10765 32 3
22619 22623 183 930 187 930 1 0 26 22 -10765 32 4
22623 22674 187 930 187 930 0 0 22 22 0 51 0
22674 22678 187 930 183 930 0 1 22 18 10784 32 4
22678 22684 183 930 189 930 1 0 18 12 -10784 32 6
22684 24231 189 930 189 930 0 0 12 12 0 1547 0
24231 24237 189 930 183 930 0 1 12 6 11291 32 6
24237 24238 183 930 183 930 1 1 6 6 0 1 0
24238 24240 183 930 185 930 1 0 6 4 -11291 32 2
24240 26572 185 930 185 930 0 0 4 4 0 2332 0
26572 26574 185 930 183 930 0 1 4 2 11961 32 2
26574 26575 183 930 183 931 1 0 2 1 -11961 32 1
26575 43266 183 931 183 931 0 0 1 1 0 16691 0
43266 43267 183 931 183 930 0 0 1 0 1000000000 0 1
--------------------------------------
--------------------------------------
EV4
--------------------------------------
Num TPs served = 14
TPs served = 10952 11371 13062 13602 14288 14347 14700 14799 14903 14923 15010 15578 15619 49845
Total energy used = 100
--------------------------------------
Schedule:
0 23229 183 930 183 930 0 0 100 100 0 23229 0
23229 23229 183 930 183 930 0 1 100 100 10952 32 0
23229 23238 183 930 191 931 1 0 100 91 -10952 32 9
23238 24512 191 931 191 931 0 0 91 91 0 1274 0
24512 24521 191 931 183 930 0 1 91 82 11371 32 9
24521 24525 183 930 183 930 1 1 82 82 0 4 0
24525 24529 183 930 186 931 1 0 82 78 -11371 32 4
24529 30530 186 931 186 931 0 0 78 78 0 6001 0
30530 30534 186 931 183 930 0 1 78 74 13062 32 4
30534 30543 183 930 183 930 1 1 74 74 0 9 0
30543 30550 183 930 189 931 1 0 74 67 -13062 32 7
30550 32481 189 931 189 931 0 0 67 67 0 1931 0
32481 32488 189 931 183 930 0 1 67 60 49845 32 7
32488 32514 183 930 183 930 1 1 60 60 0 26 0
32514 32514 183 930 183 930 1 2 60 60 13602 32 0
32514 32515 183 930 184 930 2 1 60 59 -49845 6 1
32515 32516 184 930 184 930 1 1 59 59 0 1 0
32516 32516 184 930 184 930 1 0 59 59 -13602 32 0
32516 35059 184 930 184 930 0 0 59 59 0 2543 0
35059 35060 184 930 183 930 0 1 59 58 14288 32 1
35060 35066 183 930 186 933 1 0 58 52 -14288 32 6
35066 35282 186 933 186 933 0 0 52 52 0 216 0
35282 35288 186 933 183 930 0 1 52 46 14347 32 6
35288 35290 183 930 185 930 1 0 46 44 -14347 32 2
35290 36668 185 930 185 930 0 0 44 44 0 1378 0
36668 36670 185 930 183 930 0 1 44 42 14700 32 2
36670 36678 183 930 183 930 1 1 42 42 0 8 0
36678 36679 183 930 184 930 1 0 42 41 -14700 32 1
36679 37046 184 930 184 930 0 0 41 41 0 367 0
37046 37047 184 930 183 930 0 1 41 40 14799 32 1
37047 37054 183 930 189 931 1 0 40 33 -14799 32 7
37054 37447 189 931 189 931 0 0 33 33 0 393 0
37447 37454 189 931 183 930 0 1 33 26 14903 32 7
37454 37455 183 930 184 930 1 0 26 25 -14903 32 1
37455 37535 184 930 184 930 0 0 25 25 0 80 0
37535 37536 184 930 183 930 0 1 25 24 14923 32 1
37536 37540 183 930 187 930 1 0 24 20 -14923 32 4
37540 37836 187 930 187 930 0 0 20 20 0 296 0
37836 37840 187 930 183 930 0 1 20 16 15010 32 4
37840 37846 183 930 183 930 1 1 16 16 0 6 0
37846 37851 183 930 183 935 1 0 16 11 -15010 32 5
37851 39949 183 935 183 935 0 0 11 11 0 2098 0
39949 39954 183 935 183 930 0 1 11 6 15578 32 5
39954 39956 183 930 185 930 1 0 6 4 -15578 32 2
39956 40055 185 930 185 930 0 0 4 4 0 99 0
40055 40057 185 930 183 930 0 1 4 2 15619 32 2
40057 40058 183 930 183 930 1 1 2 2 0 1 0
40058 40059 183 930 184 930 1 0 2 1 -15619 32 1
40059 43266 184 930 184 930 0 0 1 1 0 3207 0
43266 43267 184 930 183 930 0 0 1 0 1000000000 0 1
--------------------------------------

-------------------------------------------------------------------------

TPs

-------------------------------------------------------------------------

----------------------
TP323 allocated to 1
----------------------

----------------------
TP354 allocated to 2
----------------------

----------------------
TP1187 allocated to 2
----------------------

----------------------
TP1936 allocated to 2
----------------------

----------------------
TP1953 allocated to 2
----------------------

----------------------
TP2369 allocated to 2
----------------------

----------------------
TP2656 allocated to 2
----------------------

----------------------
TP4399 allocated to 2
----------------------

----------------------
TP4405 allocated to 2
----------------------

----------------------
TP4716 allocated to 2
----------------------

----------------------
TP4799 allocated to 2
----------------------

----------------------
TP4936 allocated to 2
----------------------

----------------------
TP5289 allocated to 2
----------------------

----------------------
TP5405 allocated to 2
----------------------

----------------------
TP5420 allocated to 2
----------------------

----------------------
TP5599 allocated to 2
----------------------

----------------------
TP6184 allocated to 2
----------------------

----------------------
TP6341 allocated to 2
----------------------

----------------------
TP6607 allocated to 2
----------------------

----------------------
TP6673 allocated to 2
----------------------

----------------------
TP6899 allocated to 2
----------------------

----------------------
TP7034 allocated to 2
----------------------

----------------------
TP7493 allocated to 2
----------------------

----------------------
TP7615 allocated to 2
----------------------

----------------------
TP7617 allocated to 2
----------------------

----------------------
TP7702 allocated to 2
----------------------

----------------------
TP7725 allocated to 3
----------------------

----------------------
TP8025 allocated to 3
----------------------

----------------------
TP8524 allocated to 3
----------------------

----------------------
TP8803 allocated to 2
----------------------

----------------------
TP8962 allocated to 3
----------------------

----------------------
TP9129 allocated to 3
----------------------

----------------------
TP9243 allocated to 3
----------------------

----------------------
TP9620 allocated to 3
----------------------

----------------------
TP9793 allocated to 3
----------------------

----------------------
TP9952 allocated to 3
----------------------

----------------------
TP9981 allocated to 3
----------------------

----------------------
TP9988 allocated to 3
----------------------

----------------------
TP10292 allocated to 2
----------------------

----------------------
TP10717 allocated to 3
----------------------

----------------------
TP10765 allocated to 3
----------------------

----------------------
TP10784 allocated to 3
----------------------

----------------------
TP10952 allocated to 4
----------------------

----------------------
TP11291 allocated to 3
----------------------

----------------------
TP11371 allocated to 4
----------------------

----------------------
TP11961 allocated to 3
----------------------

----------------------
TP13062 allocated to 4
----------------------

----------------------
TP13602 allocated to 4
----------------------

----------------------
TP14288 allocated to 4
----------------------

----------------------
TP14347 allocated to 4
----------------------

----------------------
TP14489 allocated to 2
----------------------

----------------------
TP14700 allocated to 4
----------------------

----------------------
TP14799 allocated to 4
----------------------

----------------------
TP14903 allocated to 4
----------------------

----------------------
TP14923 allocated to 4
----------------------

----------------------
TP15010 allocated to 4
----------------------

----------------------
TP15578 allocated to 4
----------------------

----------------------
TP15619 allocated to 4
----------------------

----------------------
TP16179 not allocated
----------------------

----------------------
TP16513 not allocated
----------------------

----------------------
TP16591 not allocated
----------------------

----------------------
TP16605 not allocated
----------------------

----------------------
TP17240 not allocated
----------------------

----------------------
TP17331 not allocated
----------------------

----------------------
TP17569 allocated to 1
----------------------

----------------------
TP17625 not allocated
----------------------

----------------------
TP17755 not allocated
----------------------

----------------------
TP17941 not allocated
----------------------

----------------------
TP19381 not allocated
----------------------

----------------------
TP19421 not allocated
----------------------

----------------------
TP19529 not allocated
----------------------

----------------------
TP19798 not allocated
----------------------

----------------------
TP19944 not allocated
----------------------

----------------------
TP20993 not allocated
----------------------

----------------------
TP21278 not allocated
----------------------

----------------------
TP21372 not allocated
----------------------

----------------------
TP21499 not allocated
----------------------

----------------------
TP21664 not allocated
----------------------

----------------------
TP21828 not allocated
----------------------

----------------------
TP21921 not allocated
----------------------

----------------------
TP22407 not allocated
----------------------

----------------------
TP22671 not allocated
----------------------

----------------------
TP23084 not allocated
----------------------

----------------------
TP23754 allocated to 2
----------------------

----------------------
TP24035 not allocated
----------------------

----------------------
TP24667 not allocated
----------------------

----------------------
TP25165 not allocated
----------------------

----------------------
TP25483 allocated to 2
----------------------

----------------------
TP26079 not allocated
----------------------

----------------------
TP26169 not allocated
----------------------

----------------------
TP27448 not allocated
----------------------

----------------------
TP27515 not allocated
----------------------

----------------------
TP27602 allocated to 2
----------------------

----------------------
TP27680 not allocated
----------------------

----------------------
TP28128 not allocated
----------------------

----------------------
TP28167 not allocated
----------------------

----------------------
TP28401 not allocated
----------------------

----------------------
TP28437 not allocated
----------------------

----------------------
TP28447 not allocated
----------------------

----------------------
TP28469 not allocated
----------------------

----------------------
TP28779 allocated to 2
----------------------

----------------------
TP29292 not allocated
----------------------

----------------------
TP29458 not allocated
----------------------

----------------------
TP29497 not allocated
----------------------

----------------------
TP29578 not allocated
----------------------

----------------------
TP29586 not allocated
----------------------

----------------------
TP29708 allocated to 2
----------------------

----------------------
TP30010 not allocated
----------------------

----------------------
TP30087 not allocated
----------------------

----------------------
TP30373 not allocated
----------------------

----------------------
TP30462 not allocated
----------------------

----------------------
TP30531 not allocated
----------------------

----------------------
TP30926 not allocated
----------------------

----------------------
TP31367 not allocated
----------------------

----------------------
TP31464 allocated to 2
----------------------

----------------------
TP31520 allocated to 2
----------------------

----------------------
TP31944 not allocated
----------------------

----------------------
TP32223 allocated to 2
----------------------

----------------------
TP32385 not allocated
----------------------

----------------------
TP33439 not allocated
----------------------

----------------------
TP33648 not allocated
----------------------

----------------------
TP34024 not allocated
----------------------

----------------------
TP34040 not allocated
----------------------

----------------------
TP34161 not allocated
----------------------

----------------------
TP34500 not allocated
----------------------

----------------------
TP34705 not allocated
----------------------

----------------------
TP34922 not allocated
----------------------

----------------------
TP35841 not allocated
----------------------

----------------------
TP35956 not allocated
----------------------

----------------------
TP36435 not allocated
----------------------

----------------------
TP37282 not allocated
----------------------

----------------------
TP38210 not allocated
----------------------

----------------------
TP38467 not allocated
----------------------

----------------------
TP38498 not allocated
----------------------

----------------------
TP38712 not allocated
----------------------

----------------------
TP38788 not allocated
----------------------

----------------------
TP38960 not allocated
----------------------

----------------------
TP39981 not allocated
----------------------

----------------------
TP40049 not allocated
----------------------

----------------------
TP40420 allocated to 2
----------------------

----------------------
TP40456 not allocated
----------------------

----------------------
TP40668 not allocated
----------------------

----------------------
TP40689 not allocated
----------------------

----------------------
TP40767 not allocated
----------------------

----------------------
TP41179 allocated to 2
----------------------

----------------------
TP41214 not allocated
----------------------

----------------------
TP41287 not allocated
----------------------

----------------------
TP41620 allocated to 2
----------------------

----------------------
TP41732 allocated to 3
----------------------

----------------------
TP42031 not allocated
----------------------

----------------------
TP42231 not allocated
----------------------

----------------------
TP42572 not allocated
----------------------

----------------------
TP42671 allocated to 2
----------------------

----------------------
TP42818 not allocated
----------------------

----------------------
TP43284 not allocated
----------------------

----------------------
TP43697 not allocated
----------------------

----------------------
TP43735 not allocated
----------------------

----------------------
TP43853 allocated to 2
----------------------

----------------------
TP44142 allocated to 2
----------------------

----------------------
TP44384 not allocated
----------------------

----------------------
TP44467 not allocated
----------------------

----------------------
TP44686 not allocated
----------------------

----------------------
TP44794 not allocated
----------------------

----------------------
TP45165 not allocated
----------------------

----------------------
TP45391 not allocated
----------------------

----------------------
TP45409 not allocated
----------------------

----------------------
TP45783 not allocated
----------------------

----------------------
TP45958 not allocated
----------------------

----------------------
TP45985 not allocated
----------------------

----------------------
TP46370 not allocated
----------------------

----------------------
TP46441 not allocated
----------------------

----------------------
TP46513 not allocated
----------------------

----------------------
TP46841 not allocated
----------------------

----------------------
TP46856 allocated to 2
----------------------

----------------------
TP46900 not allocated
----------------------

----------------------
TP47309 not allocated
----------------------

----------------------
TP47484 not allocated
----------------------

----------------------
TP48048 not allocated
----------------------

----------------------
TP48357 not allocated
----------------------

----------------------
TP48477 not allocated
----------------------

----------------------
TP48857 not allocated
----------------------

----------------------
TP49092 not allocated
----------------------

----------------------
TP49178 not allocated
----------------------

----------------------
TP49235 not allocated
----------------------

----------------------
TP49388 allocated to 2
----------------------

----------------------
TP49389 not allocated
----------------------

----------------------
TP49535 not allocated
----------------------

----------------------
TP49845 allocated to 4
----------------------

-------------------------------------------------------------------------

Ride-sharing vs Individual Mode - Num Vehicles and Distance Comparisson 

-------------------------------------------------------------------------
Individual Mode = 188 vehicles.
Ride-sharing Mode = 115 vehicles. The 4 ride-sharing vehicles + 111 vehicles of the individuals not served by the ride-sharing service.
-------------------------------------------------------------------------
Individual Mode = 456 distance.
Ride-sharing Mode = 598 distance. 306 from the EV fleet + 292 from the distance of the trips not covered individuals had to do with their own vehicle.
-------------------------------------------------------------------------
