-------------------------------------------------------------------------
TPs satisfied = 159; Total TPs = 185; Percentage Satisfied + 85.9%
-------------------------------------------------------------------------

-------------------------------------------------------------------------

EVs

-------------------------------------------------------------------------
--------------------------------------
EV1
--------------------------------------
Num TPs served = 47
TPs served = 250 705 921 963 1074 1323 1389 1632 1951 1956 2465 2958 3158 3221 3384 4025 4223 4354 5240 6035 6106 6366 7637 7755 7830 8744 10078 13284 13615 16061 17342 17825 17956 19088 21068 22231 23449 27225 32326 34288 35803 36375 41688 42083 42661 42729 44152
Total energy used = 100
--------------------------------------
Schedule:
0 492 0 496 0 496 0 0 100 100 0 492 0
492 492 0 496 0 496 0 1 100 100 250 32 0
492 496 0 496 0 496 1 1 100 100 0 4 0
496 498 0 496 0 498 1 0 100 98 -250 32 2
498 1285 0 498 0 498 0 0 98 98 0 787 0
1285 1287 0 498 0 496 0 1 98 96 17825 32 2
1287 1287 0 496 0 496 1 2 96 96 705 6 0
1287 1288 0 496 0 496 2 2 96 96 0 1 0
1288 1288 0 496 0 496 2 1 96 96 -17825 32 0
1288 1289 0 496 1 496 1 0 96 95 -705 5 1
1289 1624 1 496 1 496 0 0 95 95 0 335 0
1624 1625 1 496 0 496 0 1 95 94 921 32 1
1625 1626 0 496 0 496 1 1 94 94 0 1 0
1626 1629 0 496 1 498 1 0 94 91 -921 32 3
1629 1665 1 498 1 498 0 0 91 91 0 36 0
1665 1668 1 498 0 496 0 1 91 88 17956 32 3
1668 1696 0 496 0 496 1 1 88 88 0 28 0
1696 1696 0 496 0 496 1 2 88 88 963 32 0
1696 1697 0 496 1 496 2 1 88 87 -17956 4 1
1697 1698 1 496 1 497 1 0 87 86 -963 32 1
1698 1883 1 497 1 497 0 0 86 86 0 185 0
1883 1885 1 497 0 496 0 1 86 84 35803 32 2
1885 1885 0 496 0 496 1 2 84 84 1074 29 0
1885 1886 0 496 0 496 2 2 84 84 0 1 0
1886 1886 0 496 0 496 2 1 84 84 -35803 32 0
1886 1891 0 496 4 497 1 0 84 79 -1074 29 5
1891 2315 4 497 4 497 0 0 79 79 0 424 0
2315 2320 4 497 0 496 0 1 79 74 1323 32 5
2320 2321 0 496 0 496 1 1 74 74 0 1 0
2321 2321 0 496 0 496 1 0 74 74 -1323 32 0
2321 2430 0 496 0 496 0 0 74 74 0 109 0
2430 2430 0 496 0 496 0 1 74 74 1389 32 0
2430 2431 0 496 0 496 1 1 74 74 0 1 0
2431 2434 0 496 0 499 1 0 74 71 -1389 32 3
2434 2849 0 499 0 499 0 0 71 71 0 415 0
2849 2852 0 499 0 496 0 1 71 68 1632 32 3
2852 2855 0 496 2 497 1 0 68 65 -1632 32 3
2855 3437 2 497 2 497 0 0 65 65 0 582 0
3437 3440 2 497 0 496 0 1 65 62 1956 32 3
3440 3440 0 496 0 496 1 2 62 62 1951 24 0
3440 3440 0 496 0 496 2 1 62 62 -1951 25 0
3440 3445 0 496 3 498 1 0 62 57 -1956 32 5
3445 3584 3 498 3 498 0 0 57 57 0 139 0
3584 3589 3 498 0 496 0 1 57 52 36375 32 5
3589 3591 0 496 0 496 1 1 52 52 0 2 0
3591 3591 0 496 0 496 1 0 52 52 -36375 32 0
3591 4392 0 496 0 496 0 0 52 52 0 801 0
4392 4392 0 496 0 496 0 1 52 52 2465 32 0
4392 4394 0 496 2 496 1 0 52 50 -2465 32 2
4394 5258 2 496 2 496 0 0 50 50 0 864 0
5258 5260 2 496 0 496 0 1 50 48 19088 32 2
5260 5280 0 496 0 496 1 1 48 48 0 20 0
5280 5280 0 496 0 496 1 2 48 48 2958 32 0
5280 5281 0 496 0 497 2 1 48 47 -19088 12 1
5281 5286 0 497 0 497 1 1 47 47 0 5 0
5286 5289 0 497 0 500 1 0 47 44 -2958 32 3
5289 5628 0 500 0 500 0 0 44 44 0 339 0
5628 5632 0 500 0 496 0 1 44 40 3158 32 4
5632 5633 0 496 0 496 1 1 40 40 0 1 0
5633 5634 0 496 0 497 1 0 40 39 -3158 32 1
5634 5736 0 497 0 497 0 0 39 39 0 102 0
5736 5737 0 497 0 496 0 1 39 38 3221 32 1
5737 5739 0 496 1 497 1 0 38 36 -3221 32 2
5739 6020 1 497 1 497 0 0 36 36 0 281 0
6020 6022 1 497 0 496 0 1 36 34 3384 32 2
6022 6023 0 496 0 496 1 1 34 34 0 1 0
6023 6023 0 496 0 496 1 0 34 34 -3384 32 0
6023 7235 0 496 0 496 0 0 34 34 0 1212 0
7235 7235 0 496 0 496 0 1 34 34 4025 32 0
7235 7237 0 496 2 496 1 0 34 32 -4025 32 2
7237 7593 2 496 2 496 0 0 32 32 0 356 0
7593 7595 2 496 0 496 0 1 32 30 4223 32 2
7595 7597 0 496 2 496 1 0 30 28 -4223 32 2
7597 7830 2 496 2 496 0 0 28 28 0 233 0
7830 7832 2 496 0 496 0 1 28 26 4354 32 2
7832 7833 0 496 0 496 1 1 26 26 0 1 0
7833 7833 0 496 0 496 1 0 26 26 -4354 32 0
7833 9515 0 496 0 496 0 0 26 26 0 1682 0
9515 9515 0 496 0 496 0 1 26 26 5240 32 0
9515 9516 0 496 0 496 1 1 26 26 0 1 0
9516 9517 0 496 1 496 1 0 26 25 -5240 32 1
9517 10922 1 496 1 496 0 0 25 25 0 1405 0
10922 10923 1 496 0 496 0 1 25 24 21068 32 1
10923 10925 0 496 0 496 1 1 24 24 0 2 0
10925 10925 0 496 0 496 1 0 24 24 -21068 32 0
10925 11054 0 496 0 496 0 0 24 24 0 129 0
11054 11054 0 496 0 496 0 1 24 24 6035 32 0
11054 11055 0 496 0 497 1 0 24 23 -6035 32 1
11055 11183 0 497 0 497 0 0 23 23 0 128 0
11183 11184 0 497 0 496 0 1 23 22 6106 32 1
11184 11186 0 496 2 496 1 0 22 20 -6106 32 2
11186 11693 2 496 2 496 0 0 20 20 0 507 0
11693 11695 2 496 0 496 0 1 20 18 6366 32 2
11695 11697 0 496 0 498 1 0 18 16 -6366 32 2
11697 14046 0 498 0 498 0 0 16 16 0 2349 0
14046 14048 0 498 0 496 0 1 16 14 22231 32 2
14048 14049 0 496 0 496 1 1 14 14 0 1 0
14049 14049 0 496 0 496 1 0 14 14 -22231 32 0
14049 14398 0 496 0 496 0 0 14 14 0 349 0
14398 14398 0 496 0 496 0 1 14 14 7637 32 0
14398 14400 0 496 1 497 1 0 14 12 -7637 32 2
14400 14669 1 497 1 497 0 0 12 12 0 269 0
14669 14671 1 497 0 496 0 1 12 10 7755 32 2
14671 14672 0 496 1 496 1 0 10 9 -7755 32 1
14672 14835 1 496 1 496 0 0 9 9 0 163 0
14835 14836 1 496 0 496 0 1 9 8 7830 32 1
14836 14837 0 496 0 496 1 1 8 8 0 1 0
14837 14839 0 496 2 496 1 0 8 6 -7830 32 2
14839 17010 2 496 2 496 0 0 6 6 0 2171 0
17010 17012 2 496 0 496 0 1 6 4 8744 32 2
17012 17013 0 496 0 496 1 1 4 4 0 1 0
17013 17015 0 496 1 497 1 0 4 2 -8744 32 2
17015 17068 1 497 1 497 0 0 2 2 0 53 0
17068 17070 1 497 0 496 0 1 2 0 23449 32 2
17070 17071 0 496 0 496 1 1 0 0 0 1 0
17071 17071 0 496 0 496 1 0 0 0 -23449 32 0
17071 17448 0 496 0 496 0 0 0 0 0 377 0
17448 17448 0 496 0 496 0 1 0 0 41688 32 0
17448 17451 0 496 0 496 1 1 0 0 0 3 0
17451 17451 0 496 0 496 1 0 0 0 -41688 32 0
17451 18285 0 496 0 496 0 0 0 0 0 834 0
18285 18285 0 496 0 496 0 1 0 0 42083 32 0
18285 18291 0 496 0 496 1 1 0 0 0 6 0
18291 18291 0 496 0 496 1 0 0 0 -42083 32 0
18291 19557 0 496 0 496 0 0 0 0 0 1266 0
19557 19557 0 496 0 496 0 1 0 0 42661 32 0
19557 19559 0 496 0 496 1 1 0 0 0 2 0
19559 19559 0 496 0 496 1 0 0 0 -42661 32 0
19559 19697 0 496 0 496 0 0 0 0 0 138 0
19697 19697 0 496 0 496 0 1 0 0 42729 32 0
19697 19698 0 496 0 496 1 1 0 0 0 1 0
19698 19698 0 496 0 496 1 0 0 0 -42729 32 0
19698 20622 0 496 0 496 0 0 0 0 0 924 0
20622 20622 0 496 0 496 0 1 0 0 10078 32 0
20622 20627 0 496 0 496 1 1 0 0 0 5 0
20627 20627 0 496 0 496 1 0 0 0 -10078 32 0
20627 22473 0 496 0 496 0 0 0 0 0 1846 0
22473 22473 0 496 0 496 0 1 0 0 44152 32 0
22473 22474 0 496 0 496 1 1 0 0 0 1 0
22474 22474 0 496 0 496 1 0 0 0 -44152 32 0
22474 25060 0 496 0 496 0 0 0 0 0 2586 0
25060 25060 0 496 0 496 0 1 0 0 27225 32 0
25060 25062 0 496 0 496 1 1 0 0 0 2 0
25062 25062 0 496 0 496 1 0 0 0 -27225 32 0
25062 31260 0 496 0 496 0 0 0 0 0 6198 0
31260 31260 0 496 0 496 0 1 0 0 13284 32 0
31260 31261 0 496 0 496 1 1 0 0 0 1 0
31261 31261 0 496 0 496 1 0 0 0 -13284 32 0
31261 32550 0 496 0 496 0 0 0 0 0 1289 0
32550 32550 0 496 0 496 0 1 0 0 13615 32 0
32550 32553 0 496 0 496 1 1 0 0 0 3 0
32553 32553 0 496 0 496 1 0 0 0 -13615 32 0
32553 35514 0 496 0 496 0 0 0 0 0 2961 0
35514 35514 0 496 0 496 0 1 0 0 32326 32 0
35514 35515 0 496 0 496 1 1 0 0 0 1 0
35515 35515 0 496 0 496 1 0 0 0 -32326 32 0
35515 40580 0 496 0 496 0 0 0 0 0 5065 0
40580 40580 0 496 0 496 0 1 0 0 34288 32 0
40580 40582 0 496 0 496 1 1 0 0 0 2 0
40582 40582 0 496 0 496 1 0 0 0 -34288 32 0
40582 40858 0 496 0 496 0 0 0 0 0 276 0
40858 40858 0 496 0 496 0 1 0 0 16061 32 0
40858 40859 0 496 0 496 1 1 0 0 0 1 0
40859 40859 0 496 0 496 1 0 0 0 -16061 32 0
40859 43076 0 496 0 496 0 0 0 0 0 2217 0
43076 43076 0 496 0 496 0 1 0 0 17342 32 0
43076 43077 0 496 0 496 1 1 0 0 0 1 0
43077 43077 0 496 0 496 1 0 0 0 -17342 32 0
43077 43267 0 496 0 496 0 0 0 0 0 190 0
43267 43267 0 496 0 496 0 0 0 0 1000000000 0 0
--------------------------------------
--------------------------------------
EV2
--------------------------------------
Num TPs served = 19
TPs served = 7966 9046 9081 9137 10102 11060 11092 11446 11472 11760 11880 11942 12179 12264 12678 13717 15385 16028 46400
Total energy used = 100
--------------------------------------
Schedule:
0 15122 0 496 0 496 0 0 100 100 0 15122 0
15122 15122 0 496 0 496 0 1 100 100 7966 32 0
15122 15127 0 496 4 497 1 0 100 95 -7966 32 5
15127 17745 4 497 4 497 0 0 95 95 0 2618 0
17745 17750 4 497 0 496 0 1 95 90 9046 32 5
17750 17751 0 496 1 496 1 0 90 89 -9046 32 1
17751 17849 1 496 1 496 0 0 89 89 0 98 0
17849 17850 1 496 0 496 0 1 89 88 9081 32 1
17850 17855 0 496 5 496 1 0 88 83 -9081 32 5
17855 17980 5 496 5 496 0 0 83 83 0 125 0
17980 17985 5 496 0 496 0 1 83 78 9137 32 5
17985 17986 0 496 0 496 1 1 78 78 0 1 0
17986 17989 0 496 1 498 1 0 78 75 -9137 32 3
17989 20702 1 498 1 498 0 0 75 75 0 2713 0
20702 20705 1 498 0 496 0 1 75 72 10102 32 3
20705 20707 0 496 0 498 1 0 72 70 -10102 32 2
20707 23551 0 498 0 498 0 0 70 70 0 2844 0
23551 23553 0 498 0 496 0 1 70 68 11060 32 2
23553 23554 0 496 0 496 1 1 68 68 0 1 0
23554 23556 0 496 2 496 1 0 68 66 -11060 32 2
23556 23652 2 496 2 496 0 0 66 66 0 96 0
23652 23654 2 496 0 496 0 1 66 64 11092 32 2
23654 23655 0 496 0 496 1 1 64 64 0 1 0
23655 23657 0 496 1 497 1 0 64 62 -11092 32 2
23657 24815 1 497 1 497 0 0 62 62 0 1158 0
24815 24817 1 497 0 496 0 1 62 60 11446 32 2
24817 24818 0 496 1 496 1 0 60 59 -11446 32 1
24818 24888 1 496 1 496 0 0 59 59 0 70 0
24888 24889 1 496 0 496 0 1 59 58 11472 32 1
24889 24891 0 496 2 496 1 0 58 56 -11472 32 2
24891 25873 2 496 2 496 0 0 56 56 0 982 0
25873 25875 2 496 0 496 0 1 56 54 11760 32 2
25875 25876 0 496 0 496 1 1 54 54 0 1 0
25876 25877 0 496 1 496 1 0 54 53 -11760 32 1
25877 26282 1 496 1 496 0 0 53 53 0 405 0
26282 26283 1 496 0 496 0 1 53 52 11880 32 1
26283 26286 0 496 0 496 1 1 52 52 0 3 0
26286 26292 0 496 1 501 1 0 52 46 -11880 32 6
26292 26486 1 501 1 501 0 0 46 46 0 194 0
26486 26492 1 501 0 496 0 1 46 40 46400 32 6
26492 26496 0 496 0 496 1 1 40 40 0 4 0
26496 26496 0 496 0 496 1 2 40 40 11942 32 0
26496 26497 0 496 1 496 2 1 40 39 -46400 28 1
26497 26507 1 496 1 496 1 1 39 39 0 10 0
26507 26507 1 496 1 496 1 0 39 39 -11942 32 0
26507 27300 1 496 1 496 0 0 39 39 0 793 0
27300 27301 1 496 0 496 0 1 39 38 12179 32 1
27301 27308 0 496 0 503 1 0 38 31 -12179 32 7
27308 27627 0 503 0 503 0 0 31 31 0 319 0
27627 27634 0 503 0 496 0 1 31 24 12264 32 7
27634 27635 0 496 1 496 1 0 24 23 -12264 32 1
27635 29119 1 496 1 496 0 0 23 23 0 1484 0
29119 29120 1 496 0 496 0 1 23 22 12678 32 1
29120 29121 0 496 1 496 1 0 22 21 -12678 32 1
29121 32897 1 496 1 496 0 0 21 21 0 3776 0
32897 32898 1 496 0 496 0 1 21 20 13717 32 1
32898 32904 0 496 6 496 1 0 20 14 -13717 32 6
32904 39297 6 496 6 496 0 0 14 14 0 6393 0
39297 39303 6 496 0 496 0 1 14 8 15385 32 6
39303 39305 0 496 2 496 1 0 8 6 -15385 32 2
39305 40799 2 496 2 496 0 0 6 6 0 1494 0
40799 40801 2 496 0 496 0 1 6 4 16028 32 2
40801 40802 0 496 0 496 1 1 4 4 0 1 0
40802 40804 0 496 1 497 1 0 4 2 -16028 32 2
40804 43265 1 497 1 497 0 0 2 2 0 2461 0
43265 43267 1 497 0 496 0 0 2 0 1000000000 0 2
--------------------------------------
--------------------------------------
EV3
--------------------------------------
Num TPs served = 14
TPs served = 14049 15029 16019 16107 16122 16276 16599 17352 19353 19939 20244 21026 21122 21126
Total energy used = 100
--------------------------------------
Schedule:
0 6047 0 496 0 496 0 0 100 100 0 6047 0
6047 6047 0 496 0 496 0 1 100 100 19353 32 0
6047 6048 0 496 1 496 1 0 100 99 -19353 32 1
6048 7859 1 496 1 496 0 0 99 99 0 1811 0
7859 7860 1 496 0 496 0 1 99 98 19939 32 1
7860 7861 0 496 1 496 1 0 98 97 -19939 32 1
7861 8753 1 496 1 496 0 0 97 97 0 892 0
8753 8754 1 496 0 496 0 1 97 96 20244 32 1
8754 8757 0 496 0 496 1 1 96 96 0 3 0
8757 8761 0 496 4 496 1 0 96 92 -20244 32 4
8761 10797 4 496 4 496 0 0 92 92 0 2036 0
10797 10801 4 496 0 496 0 1 92 88 21026 32 4
10801 10805 0 496 4 496 1 0 88 84 -21026 32 4
10805 11067 4 496 4 496 0 0 84 84 0 262 0
11067 11071 4 496 0 496 0 1 84 80 21126 32 4
11071 11071 0 496 0 496 1 2 80 80 21122 14 0
11071 11073 0 496 1 497 2 1 80 78 -21126 32 2
11073 11074 1 497 1 496 1 0 78 77 -21122 12 1
11074 34171 1 496 1 496 0 0 77 77 0 23097 0
34171 34172 1 496 0 496 0 1 77 76 14049 32 1
34172 34180 0 496 6 498 1 0 76 68 -14049 32 8
34180 37895 6 498 6 498 0 0 68 68 0 3715 0
37895 37903 6 498 0 496 0 1 68 60 15029 32 8
37903 37909 0 496 4 498 1 0 60 54 -15029 32 6
37909 40769 4 498 4 498 0 0 54 54 0 2860 0
40769 40775 4 498 0 496 0 1 54 48 16019 32 6
40775 40776 0 496 0 496 1 1 48 48 0 1 0
40776 40785 0 496 4 501 1 0 48 39 -16019 32 9
40785 40954 4 501 4 501 0 0 39 39 0 169 0
40954 40963 4 501 0 496 0 1 39 30 16107 32 9
40963 40992 0 496 0 496 1 1 30 30 0 29 0
40992 40992 0 496 0 496 1 2 30 30 16122 32 0
40992 40993 0 496 1 496 2 1 30 29 -16107 3 1
40993 40998 1 496 0 500 1 0 29 24 -16122 31 5
40998 41225 0 500 0 500 0 0 24 24 0 227 0
41225 41229 0 500 0 496 0 1 24 20 16276 32 4
41229 41231 0 496 0 496 1 1 20 20 0 2 0
41231 41234 0 496 2 497 1 0 20 17 -16276 32 3
41234 41774 2 497 2 497 0 0 17 17 0 540 0
41774 41777 2 497 0 496 0 1 17 14 16599 32 3
41777 41779 0 496 2 496 1 0 14 12 -16599 32 2
41779 43093 2 496 2 496 0 0 12 12 0 1314 0
43093 43095 2 496 0 496 0 1 12 10 17352 32 2
43095 43100 0 496 4 497 1 0 10 5 -17352 32 5
43100 43262 4 497 4 497 0 0 5 5 0 162 0
43262 43267 4 497 0 496 0 0 5 0 1000000000 0 5
--------------------------------------
--------------------------------------
EV4
--------------------------------------
Num TPs served = 18
TPs served = 21241 21696 21732 22117 22247 22315 22396 23555 23784 24357 24506 24515 24820 25889 26178 26858 27005 27422
Total energy used = 100
--------------------------------------
Schedule:
0 11399 0 496 0 496 0 0 100 100 0 11399 0
11399 11399 0 496 0 496 0 1 100 100 21241 32 0
11399 11400 0 496 0 496 1 1 100 100 0 1 0
11400 11406 0 496 2 500 1 0 100 94 -21241 32 6
11406 12662 2 500 2 500 0 0 94 94 0 1256 0
12662 12668 2 500 0 496 0 1 94 88 21696 32 6
12668 12669 0 496 1 496 1 0 88 87 -21696 32 1
12669 12766 1 496 1 496 0 0 87 87 0 97 0
12766 12767 1 496 0 496 0 1 87 86 21732 32 1
12767 12768 0 496 0 496 1 1 86 86 0 1 0
12768 12782 0 496 13 497 1 0 86 72 -21732 32 14
12782 13754 13 497 13 497 0 0 72 72 0 972 0
13754 13768 13 497 0 496 0 1 72 58 22117 32 14
13768 13769 0 496 1 496 1 0 58 57 -22117 32 1
13769 14087 1 496 1 496 0 0 57 57 0 318 0
14087 14088 1 496 0 496 0 1 57 56 22247 32 1
14088 14091 0 496 0 496 1 1 56 56 0 3 0
14091 14093 0 496 2 496 1 0 56 54 -22247 32 2
14093 14263 2 496 2 496 0 0 54 54 0 170 0
14263 14265 2 496 0 496 0 1 54 52 22315 32 2
14265 14267 0 496 2 496 1 0 52 50 -22315 32 2
14267 14474 2 496 2 496 0 0 50 50 0 207 0
14474 14476 2 496 0 496 0 1 50 48 22396 32 2
14476 14478 0 496 0 496 1 1 48 48 0 2 0
14478 14480 0 496 2 496 1 0 48 46 -22396 32 2
14480 17295 2 496 2 496 0 0 46 46 0 2815 0
17295 17297 2 496 0 496 0 1 46 44 23555 32 2
17297 17298 0 496 0 496 1 1 44 44 0 1 0
17298 17301 0 496 3 496 1 0 44 41 -23555 32 3
17301 17810 3 496 3 496 0 0 41 41 0 509 0
17810 17813 3 496 0 496 0 1 41 38 23784 32 3
17813 17815 0 496 2 496 1 0 38 36 -23784 32 2
17815 19063 2 496 2 496 0 0 36 36 0 1248 0
19063 19065 2 496 0 496 0 1 36 34 24357 32 2
19065 19066 0 496 0 497 1 0 34 33 -24357 32 1
19066 19402 0 497 0 497 0 0 33 33 0 336 0
19402 19403 0 497 0 496 0 1 33 32 24506 32 1
19403 19404 0 496 0 496 1 1 32 32 0 1 0
19404 19406 0 496 0 498 1 0 32 30 -24506 32 2
19406 19436 0 498 0 498 0 0 30 30 0 30 0
19436 19438 0 498 0 496 0 1 30 28 24515 32 2
19438 19444 0 496 0 496 1 1 28 28 0 6 0
19444 19446 0 496 1 497 1 0 28 26 -24515 32 2
19446 20086 1 497 1 497 0 0 26 26 0 640 0
20086 20088 1 497 0 496 0 1 26 24 24820 32 2
20088 20091 0 496 3 496 1 0 24 21 -24820 32 3
20091 22413 3 496 3 496 0 0 21 21 0 2322 0
22413 22416 3 496 0 496 0 1 21 18 25889 32 3
22416 22417 0 496 0 497 1 0 18 17 -25889 32 1
22417 23007 0 497 0 497 0 0 17 17 0 590 0
23007 23008 0 497 0 496 0 1 17 16 26178 32 1
23008 23012 0 496 4 496 1 0 16 12 -26178 32 4
23012 24364 4 496 4 496 0 0 12 12 0 1352 0
24364 24368 4 496 0 496 0 1 12 8 26858 32 4
24368 24369 0 496 0 496 1 1 8 8 0 1 0
24369 24371 0 496 2 496 1 0 8 6 -26858 32 2
24371 24662 2 496 2 496 0 0 6 6 0 291 0
24662 24664 2 496 0 496 0 1 6 4 27005 32 2
24664 24669 0 496 0 496 1 1 4 4 0 5 0
24669 24670 0 496 1 496 1 0 4 3 -27005 32 1
24670 25428 1 496 1 496 0 0 3 3 0 758 0
25428 25429 1 496 0 496 0 1 3 2 27422 32 1
25429 25430 0 496 0 497 1 0 2 1 -27422 32 1
25430 43266 0 497 0 497 0 0 1 1 0 17836 0
43266 43267 0 497 0 496 0 0 1 0 1000000000 0 1
--------------------------------------
--------------------------------------
EV5
--------------------------------------
Num TPs served = 16
TPs served = 27010 27138 27632 27821 28267 28679 29034 29260 29543 29559 30086 30154 30695 30757 31045 31170
Total energy used = 100
--------------------------------------
Schedule:
0 24671 0 496 0 496 0 0 100 100 0 24671 0
24671 24671 0 496 0 496 0 1 100 100 27010 32 0
24671 24678 0 496 4 499 1 0 100 93 -27010 32 7
24678 24894 4 499 4 499 0 0 93 93 0 216 0
24894 24901 4 499 0 496 0 1 93 86 27138 32 7
24901 24903 0 496 1 497 1 0 86 84 -27138 32 2
24903 25809 1 497 1 497 0 0 84 84 0 906 0
25809 25811 1 497 0 496 0 1 84 82 27632 32 2
25811 25812 0 496 1 496 1 0 82 81 -27632 32 1
25812 26165 1 496 1 496 0 0 81 81 0 353 0
26165 26166 1 496 0 496 0 1 81 80 27821 32 1
26166 26168 0 496 2 496 1 0 80 78 -27821 32 2
26168 27046 2 496 2 496 0 0 78 78 0 878 0
27046 27048 2 496 0 496 0 1 78 76 28267 32 2
27048 27051 0 496 3 496 1 0 76 73 -28267 32 3
27051 27826 3 496 3 496 0 0 73 73 0 775 0
27826 27829 3 496 0 496 0 1 73 70 28679 32 3
27829 27830 0 496 1 496 1 0 70 69 -28679 32 1
27830 28548 1 496 1 496 0 0 69 69 0 718 0
28548 28549 1 496 0 496 0 1 69 68 29034 32 1
28549 28550 0 496 0 496 1 1 68 68 0 1 0
28550 28553 0 496 2 497 1 0 68 65 -29034 32 3
28553 29012 2 497 2 497 0 0 65 65 0 459 0
29012 29015 2 497 0 496 0 1 65 62 29260 32 3
29015 29019 0 496 0 496 1 1 62 62 0 4 0
29019 29023 0 496 0 500 1 0 62 58 -29260 32 4
29023 29627 0 500 0 500 0 0 58 58 0 604 0
29627 29631 0 500 0 496 0 1 58 54 29559 32 4
29631 29631 0 496 0 496 1 2 54 54 29543 8 0
29631 29632 0 496 1 496 2 1 54 53 -29559 32 1
29632 29636 1 496 1 500 1 0 53 49 -29543 8 4
29636 30645 1 500 1 500 0 0 49 49 0 1009 0
30645 30650 1 500 0 496 0 1 49 44 30086 32 5
30650 30654 0 496 2 498 1 0 44 40 -30086 32 4
30654 30765 2 498 2 498 0 0 40 40 0 111 0
30765 30769 2 498 0 496 0 1 40 36 30154 32 4
30769 30771 0 496 0 496 1 1 36 36 0 2 0
30771 30775 0 496 4 496 1 0 36 32 -30154 32 4
30775 31850 4 496 4 496 0 0 32 32 0 1075 0
31850 31854 4 496 0 496 0 1 32 28 30695 32 4
31854 31856 0 496 0 496 1 1 28 28 0 2 0
31856 31862 0 496 4 498 1 0 28 22 -30695 32 6
31862 31987 4 498 4 498 0 0 22 22 0 125 0
31987 31993 4 498 0 496 0 1 22 16 30757 32 6
31993 31999 0 496 4 498 1 0 16 10 -30757 32 6
31999 32592 4 498 4 498 0 0 10 10 0 593 0
32592 32598 4 498 0 496 0 1 10 4 31045 32 6
32598 32599 0 496 1 496 1 0 4 3 -31045 32 1
32599 32856 1 496 1 496 0 0 3 3 0 257 0
32856 32857 1 496 0 496 0 1 3 2 31170 32 1
32857 32858 0 496 0 497 1 0 2 1 -31170 32 1
32858 43266 0 497 0 497 0 0 1 1 0 10408 0
43266 43267 0 497 0 496 0 0 1 0 1000000000 0 1
--------------------------------------
--------------------------------------
EV6
--------------------------------------
Num TPs served = 14
TPs served = 31046 31271 31273 31304 31398 31843 32027 32204 32923 33752 33892 34048 34375 34451
Total energy used = 100
--------------------------------------
Schedule:
0 32599 0 496 0 496 0 0 100 100 0 32599 0
32599 32599 0 496 0 496 0 1 100 100 31046 32 0
32599 32601 0 496 0 498 1 0 100 98 -31046 32 2
32601 33101 0 498 0 498 0 0 98 98 0 500 0
33101 33103 0 498 0 496 0 1 98 96 31273 32 2
33103 33103 0 496 0 496 1 2 96 96 31271 28 0
33103 33107 0 496 1 499 2 1 96 92 -31273 32 4
33107 33110 1 499 0 497 1 0 92 89 -31271 22 3
33110 33172 0 497 0 497 0 0 89 89 0 62 0
33172 33173 0 497 0 496 0 1 89 88 31304 32 1
33173 33174 0 496 1 496 1 0 88 87 -31304 32 1
33174 33381 1 496 1 496 0 0 87 87 0 207 0
33381 33382 1 496 0 496 0 1 87 86 31398 32 1
33382 33383 0 496 0 496 1 1 86 86 0 1 0
33383 33384 0 496 1 496 1 0 86 85 -31398 32 1
33384 34359 1 496 1 496 0 0 85 85 0 975 0
34359 34360 1 496 0 496 0 1 85 84 31843 32 1
34360 34364 0 496 0 496 1 1 84 84 0 4 0
34364 34365 0 496 0 497 1 0 84 83 -31843 32 1
34365 34758 0 497 0 497 0 0 83 83 0 393 0
34758 34759 0 497 0 496 0 1 83 82 32027 32 1
34759 34761 0 496 0 496 1 1 82 82 0 2 0
34761 34764 0 496 0 499 1 0 82 79 -32027 32 3
34764 35223 0 499 0 499 0 0 79 79 0 459 0
35223 35226 0 499 0 496 0 1 79 76 32204 32 3
35226 35228 0 496 2 496 1 0 76 74 -32204 32 2
35228 36967 2 496 2 496 0 0 74 74 0 1739 0
36967 36969 2 496 0 496 0 1 74 72 32923 32 2
36969 36970 0 496 1 496 1 0 72 71 -32923 32 1
36970 39140 1 496 1 496 0 0 71 71 0 2170 0
39140 39141 1 496 0 496 0 1 71 70 33752 32 1
39141 39143 0 496 0 496 1 1 70 70 0 2 0
39143 39146 0 496 3 496 1 0 70 67 -33752 32 3
39146 39485 3 496 3 496 0 0 67 67 0 339 0
39485 39488 3 496 0 496 0 1 67 64 33892 32 3
39488 39490 0 496 0 498 1 0 64 62 -33892 32 2
39490 39905 0 498 0 498 0 0 62 62 0 415 0
39905 39907 0 498 0 496 0 1 62 60 34048 32 2
39907 39912 0 496 5 496 1 0 60 55 -34048 32 5
39912 40860 5 496 5 496 0 0 55 55 0 948 0
40860 40865 5 496 0 496 0 1 55 50 34375 32 5
40865 40866 0 496 0 497 1 0 50 49 -34375 32 1
40866 41096 0 497 0 497 0 0 49 49 0 230 0
41096 41097 0 497 0 496 0 1 49 48 34451 32 1
41097 41101 0 496 0 496 1 1 48 48 0 4 0
41101 41125 0 496 20 500 1 0 48 24 -34451 32 24
41125 43243 20 500 20 500 0 0 24 24 0 2118 0
43243 43267 20 500 0 496 0 0 24 0 1000000000 0 24
--------------------------------------
--------------------------------------
EV7
--------------------------------------
Num TPs served = 17
TPs served = 34463 34580 34664 34747 34845 35013 35099 35106 35194 35517 35566 35575 35766 36203 36453 36494 37386
Total energy used = 100
--------------------------------------
Schedule:
0 154 0 496 0 496 0 0 100 100 0 154 0
154 154 0 496 0 496 0 1 100 100 35194 32 0
154 155 0 496 1 496 1 0 100 99 -35194 32 1
155 1115 1 496 1 496 0 0 99 99 0 960 0
1115 1116 1 496 0 496 0 1 99 98 35517 32 1
1116 1117 0 496 0 496 1 1 98 98 0 1 0
1117 1120 0 496 3 496 1 0 98 95 -35517 32 3
1120 1270 3 496 3 496 0 0 95 95 0 150 0
1270 1273 3 496 0 496 0 1 95 92 35566 32 3
1273 1275 0 496 1 497 1 0 92 90 -35566 32 2
1275 1305 1 497 1 497 0 0 90 90 0 30 0
1305 1307 1 497 0 496 0 1 90 88 35575 32 2
1307 1309 0 496 2 496 1 0 88 86 -35575 32 2
1309 1802 2 496 2 496 0 0 86 86 0 493 0
1802 1804 2 496 0 496 0 1 86 84 35766 32 2
1804 1805 0 496 0 496 1 1 84 84 0 1 0
1805 1806 0 496 1 496 1 0 84 83 -35766 32 1
1806 3085 1 496 1 496 0 0 83 83 0 1279 0
3085 3086 1 496 0 496 0 1 83 82 36203 32 1
3086 3090 0 496 0 496 1 1 82 82 0 4 0
3090 3097 0 496 7 496 1 0 82 75 -36203 32 7
3097 3798 7 496 7 496 0 0 75 75 0 701 0
3798 3805 7 496 0 496 0 1 75 68 36453 32 7
3805 3806 0 496 0 496 1 1 68 68 0 1 0
3806 3807 0 496 1 496 1 0 68 67 -36453 32 1
3807 3928 1 496 1 496 0 0 67 67 0 121 0
3928 3929 1 496 0 496 0 1 67 66 36494 32 1
3929 3932 0 496 1 498 1 0 66 63 -36494 32 3
3932 6552 1 498 1 498 0 0 63 63 0 2620 0
6552 6555 1 498 0 496 0 1 63 60 37386 32 3
6555 6556 0 496 1 496 1 0 60 59 -37386 32 1
6556 41139 1 496 1 496 0 0 59 59 0 34583 0
41139 41140 1 496 0 496 0 1 59 58 34463 32 1
41140 41141 0 496 0 496 1 1 58 58 0 1 0
41141 41146 0 496 4 497 1 0 58 53 -34463 32 5
41146 41472 4 497 4 497 0 0 53 53 0 326 0
41472 41477 4 497 0 496 0 1 53 48 34580 32 5
41477 41478 0 496 0 496 1 1 48 48 0 1 0
41478 41479 0 496 1 496 1 0 48 47 -34580 32 1
41479 41723 1 496 1 496 0 0 47 47 0 244 0
41723 41724 1 496 0 496 0 1 47 46 34664 32 1
41724 41726 0 496 0 496 1 1 46 46 0 2 0
41726 41731 0 496 4 497 1 0 46 41 -34664 32 5
41731 41966 4 497 4 497 0 0 41 41 0 235 0
41966 41971 4 497 0 496 0 1 41 36 34747 32 5
41971 41974 0 496 3 496 1 0 36 33 -34747 32 3
41974 42272 3 496 3 496 0 0 33 33 0 298 0
42272 42275 3 496 0 496 0 1 33 30 34845 32 3
42275 42276 0 496 0 497 1 0 30 29 -34845 32 1
42276 42795 0 497 0 497 0 0 29 29 0 519 0
42795 42796 0 497 0 496 0 1 29 28 35013 32 1
42796 42797 0 496 0 496 1 1 28 28 0 1 0
42797 42799 0 496 1 497 1 0 28 26 -35013 32 2
42799 43059 1 497 1 497 0 0 26 26 0 260 0
43059 43061 1 497 0 496 0 1 26 24 35106 32 2
43061 43061 0 496 0 496 1 2 24 24 35099 10 0
43061 43062 0 496 0 497 2 1 24 23 -35106 32 1
43062 43073 0 497 7 501 1 0 23 12 -35099 13 11
43073 43255 7 501 7 501 0 0 12 12 0 182 0
43255 43267 7 501 0 496 0 0 12 0 1000000000 0 12
--------------------------------------
--------------------------------------
EV8
--------------------------------------
Num TPs served = 14
TPs served = 36694 37534 37585 37654 37695 38033 38941 39088 39170 39348 39371 39457 39470 41541
Total energy used = 100
--------------------------------------
Schedule:
0 4567 0 496 0 496 0 0 100 100 0 4567 0
4567 4567 0 496 0 496 0 1 100 100 36694 32 0
4567 4571 0 496 4 496 1 0 100 96 -36694 32 4
4571 7006 4 496 4 496 0 0 96 96 0 2435 0
7006 7010 4 496 0 496 0 1 96 92 37534 32 4
7010 7013 0 496 0 496 1 1 92 92 0 3 0
7013 7018 0 496 3 498 1 0 92 87 -37534 32 5
7018 7148 3 498 3 498 0 0 87 87 0 130 0
7148 7153 3 498 0 496 0 1 87 82 37585 32 5
7153 7156 0 496 2 497 1 0 82 79 -37585 32 3
7156 7324 2 497 2 497 0 0 79 79 0 168 0
7324 7327 2 497 0 496 0 1 79 76 37654 32 3
7327 7332 0 496 0 496 1 1 76 76 0 5 0
7332 7337 0 496 0 501 1 0 76 71 -37654 32 5
7337 7427 0 501 0 501 0 0 71 71 0 90 0
7427 7432 0 501 0 496 0 1 71 66 37695 32 5
7432 7434 0 496 0 496 1 1 66 66 0 2 0
7434 7435 0 496 0 497 1 0 66 65 -37695 32 1
7435 8369 0 497 0 497 0 0 65 65 0 934 0
8369 8370 0 497 0 496 0 1 65 64 38033 32 1
8370 8372 0 496 0 498 1 0 64 62 -38033 32 2
8372 10732 0 498 0 498 0 0 62 62 0 2360 0
10732 10734 0 498 0 496 0 1 62 60 38941 32 2
10734 10737 0 496 0 496 1 1 60 60 0 3 0
10737 10748 0 496 4 503 1 0 60 49 -38941 32 11
10748 11053 4 503 4 503 0 0 49 49 0 305 0
11053 11064 4 503 0 496 0 1 49 38 39088 32 11
11064 11067 0 496 2 497 1 0 38 35 -39088 32 3
11067 11240 2 497 2 497 0 0 35 35 0 173 0
11240 11243 2 497 0 496 0 1 35 32 39170 32 3
11243 11247 0 496 4 496 1 0 32 28 -39170 32 4
11247 11680 4 496 4 496 0 0 28 28 0 433 0
11680 11684 4 496 0 496 0 1 28 24 39348 32 4
11684 11687 0 496 3 496 1 0 24 21 -39348 32 3
11687 11764 3 496 3 496 0 0 21 21 0 77 0
11764 11767 3 496 0 496 0 1 21 18 39371 32 3
11767 11768 0 496 0 496 1 1 18 18 0 1 0
11768 11773 0 496 5 496 1 0 18 13 -39371 32 5
11773 12005 5 496 5 496 0 0 13 13 0 232 0
12005 12010 5 496 0 496 0 1 13 8 39470 32 5
12010 12010 0 496 0 496 1 2 8 8 39457 9 0
12010 12013 0 496 0 496 2 2 8 8 0 3 0
12013 12016 0 496 1 498 2 1 8 5 -39470 32 3
12016 12018 1 498 1 496 1 0 5 3 -39457 2 2
12018 17118 1 496 1 496 0 0 3 3 0 5100 0
17118 17119 1 496 0 496 0 1 3 2 41541 32 1
17119 17120 0 496 1 496 1 0 2 1 -41541 32 1
17120 43266 1 496 1 496 0 0 1 1 0 26146 0
43266 43267 1 496 0 496 0 0 1 0 1000000000 0 1
--------------------------------------

-------------------------------------------------------------------------

TPs

-------------------------------------------------------------------------

----------------------
TP250 allocated to 1
----------------------

----------------------
TP705 allocated to 1
----------------------

----------------------
TP921 allocated to 1
----------------------

----------------------
TP963 allocated to 1
----------------------

----------------------
TP1074 allocated to 1
----------------------

----------------------
TP1323 allocated to 1
----------------------

----------------------
TP1389 allocated to 1
----------------------

----------------------
TP1632 allocated to 1
----------------------

----------------------
TP1951 allocated to 1
----------------------

----------------------
TP1956 allocated to 1
----------------------

----------------------
TP2465 allocated to 1
----------------------

----------------------
TP2958 allocated to 1
----------------------

----------------------
TP3158 allocated to 1
----------------------

----------------------
TP3221 allocated to 1
----------------------

----------------------
TP3384 allocated to 1
----------------------

----------------------
TP4025 allocated to 1
----------------------

----------------------
TP4223 allocated to 1
----------------------

----------------------
TP4354 allocated to 1
----------------------

----------------------
TP5240 allocated to 1
----------------------

----------------------
TP6035 allocated to 1
----------------------

----------------------
TP6106 allocated to 1
----------------------

----------------------
TP6366 allocated to 1
----------------------

----------------------
TP7637 allocated to 1
----------------------

----------------------
TP7755 allocated to 1
----------------------

----------------------
TP7830 allocated to 1
----------------------

----------------------
TP7966 allocated to 2
----------------------

----------------------
TP8744 allocated to 1
----------------------

----------------------
TP9046 allocated to 2
----------------------

----------------------
TP9081 allocated to 2
----------------------

----------------------
TP9137 allocated to 2
----------------------

----------------------
TP10078 allocated to 1
----------------------

----------------------
TP10102 allocated to 2
----------------------

----------------------
TP11060 allocated to 2
----------------------

----------------------
TP11092 allocated to 2
----------------------

----------------------
TP11446 allocated to 2
----------------------

----------------------
TP11472 allocated to 2
----------------------

----------------------
TP11760 allocated to 2
----------------------

----------------------
TP11880 allocated to 2
----------------------

----------------------
TP11942 allocated to 2
----------------------

----------------------
TP12179 allocated to 2
----------------------

----------------------
TP12264 allocated to 2
----------------------

----------------------
TP12678 allocated to 2
----------------------

----------------------
TP13284 allocated to 1
----------------------

----------------------
TP13615 allocated to 1
----------------------

----------------------
TP13717 allocated to 2
----------------------

----------------------
TP14049 allocated to 3
----------------------

----------------------
TP15029 allocated to 3
----------------------

----------------------
TP15385 allocated to 2
----------------------

----------------------
TP16019 allocated to 3
----------------------

----------------------
TP16028 allocated to 2
----------------------

----------------------
TP16061 allocated to 1
----------------------

----------------------
TP16107 allocated to 3
----------------------

----------------------
TP16122 allocated to 3
----------------------

----------------------
TP16276 allocated to 3
----------------------

----------------------
TP16599 allocated to 3
----------------------

----------------------
TP17342 allocated to 1
----------------------

----------------------
TP17352 allocated to 3
----------------------

----------------------
TP17825 allocated to 1
----------------------

----------------------
TP17956 allocated to 1
----------------------

----------------------
TP19088 allocated to 1
----------------------

----------------------
TP19353 allocated to 3
----------------------

----------------------
TP19939 allocated to 3
----------------------

----------------------
TP20244 allocated to 3
----------------------

----------------------
TP21026 allocated to 3
----------------------

----------------------
TP21068 allocated to 1
----------------------

----------------------
TP21122 allocated to 3
----------------------

----------------------
TP21126 allocated to 3
----------------------

----------------------
TP21241 allocated to 4
----------------------

----------------------
TP21696 allocated to 4
----------------------

----------------------
TP21732 allocated to 4
----------------------

----------------------
TP22117 allocated to 4
----------------------

----------------------
TP22231 allocated to 1
----------------------

----------------------
TP22247 allocated to 4
----------------------

----------------------
TP22315 allocated to 4
----------------------

----------------------
TP22396 allocated to 4
----------------------

----------------------
TP23449 allocated to 1
----------------------

----------------------
TP23555 allocated to 4
----------------------

----------------------
TP23784 allocated to 4
----------------------

----------------------
TP24357 allocated to 4
----------------------

----------------------
TP24506 allocated to 4
----------------------

----------------------
TP24515 allocated to 4
----------------------

----------------------
TP24820 allocated to 4
----------------------

----------------------
TP25889 allocated to 4
----------------------

----------------------
TP26178 allocated to 4
----------------------

----------------------
TP26858 allocated to 4
----------------------

----------------------
TP27005 allocated to 4
----------------------

----------------------
TP27010 allocated to 5
----------------------

----------------------
TP27138 allocated to 5
----------------------

----------------------
TP27225 allocated to 1
----------------------

----------------------
TP27422 allocated to 4
----------------------

----------------------
TP27632 allocated to 5
----------------------

----------------------
TP27821 allocated to 5
----------------------

----------------------
TP28267 allocated to 5
----------------------

----------------------
TP28679 allocated to 5
----------------------

----------------------
TP29034 allocated to 5
----------------------

----------------------
TP29260 allocated to 5
----------------------

----------------------
TP29543 allocated to 5
----------------------

----------------------
TP29559 allocated to 5
----------------------

----------------------
TP30086 allocated to 5
----------------------

----------------------
TP30154 allocated to 5
----------------------

----------------------
TP30695 allocated to 5
----------------------

----------------------
TP30757 allocated to 5
----------------------

----------------------
TP31045 allocated to 5
----------------------

----------------------
TP31046 allocated to 6
----------------------

----------------------
TP31170 allocated to 5
----------------------

----------------------
TP31271 allocated to 6
----------------------

----------------------
TP31273 allocated to 6
----------------------

----------------------
TP31304 allocated to 6
----------------------

----------------------
TP31398 allocated to 6
----------------------

----------------------
TP31843 allocated to 6
----------------------

----------------------
TP32027 allocated to 6
----------------------

----------------------
TP32204 allocated to 6
----------------------

----------------------
TP32326 allocated to 1
----------------------

----------------------
TP32923 allocated to 6
----------------------

----------------------
TP33752 allocated to 6
----------------------

----------------------
TP33892 allocated to 6
----------------------

----------------------
TP34048 allocated to 6
----------------------

----------------------
TP34288 allocated to 1
----------------------

----------------------
TP34375 allocated to 6
----------------------

----------------------
TP34451 allocated to 6
----------------------

----------------------
TP34463 allocated to 7
----------------------

----------------------
TP34580 allocated to 7
----------------------

----------------------
TP34664 allocated to 7
----------------------

----------------------
TP34747 allocated to 7
----------------------

----------------------
TP34845 allocated to 7
----------------------

----------------------
TP35013 allocated to 7
----------------------

----------------------
TP35099 allocated to 7
----------------------

----------------------
TP35106 allocated to 7
----------------------

----------------------
TP35194 allocated to 7
----------------------

----------------------
TP35517 allocated to 7
----------------------

----------------------
TP35566 allocated to 7
----------------------

----------------------
TP35575 allocated to 7
----------------------

----------------------
TP35766 allocated to 7
----------------------

----------------------
TP35803 allocated to 1
----------------------

----------------------
TP36203 allocated to 7
----------------------

----------------------
TP36375 allocated to 1
----------------------

----------------------
TP36453 allocated to 7
----------------------

----------------------
TP36494 allocated to 7
----------------------

----------------------
TP36694 allocated to 8
----------------------

----------------------
TP37386 allocated to 7
----------------------

----------------------
TP37534 allocated to 8
----------------------

----------------------
TP37585 allocated to 8
----------------------

----------------------
TP37654 allocated to 8
----------------------

----------------------
TP37695 allocated to 8
----------------------

----------------------
TP38033 allocated to 8
----------------------

----------------------
TP38941 allocated to 8
----------------------

----------------------
TP39088 allocated to 8
----------------------

----------------------
TP39170 allocated to 8
----------------------

----------------------
TP39348 allocated to 8
----------------------

----------------------
TP39371 allocated to 8
----------------------

----------------------
TP39457 allocated to 8
----------------------

----------------------
TP39470 allocated to 8
----------------------

----------------------
TP39529 not allocated
----------------------

----------------------
TP40190 not allocated
----------------------

----------------------
TP41541 allocated to 8
----------------------

----------------------
TP41688 allocated to 1
----------------------

----------------------
TP42083 allocated to 1
----------------------

----------------------
TP42471 not allocated
----------------------

----------------------
TP42521 not allocated
----------------------

----------------------
TP42661 allocated to 1
----------------------

----------------------
TP42729 allocated to 1
----------------------

----------------------
TP42892 not allocated
----------------------

----------------------
TP43084 not allocated
----------------------

----------------------
TP43183 not allocated
----------------------

----------------------
TP43389 not allocated
----------------------

----------------------
TP43929 not allocated
----------------------

----------------------
TP44027 not allocated
----------------------

----------------------
TP44152 allocated to 1
----------------------

----------------------
TP44163 not allocated
----------------------

----------------------
TP44198 not allocated
----------------------

----------------------
TP44796 not allocated
----------------------

----------------------
TP44844 not allocated
----------------------

----------------------
TP45987 not allocated
----------------------

----------------------
TP46400 allocated to 2
----------------------

----------------------
TP46480 not allocated
----------------------

----------------------
TP46488 not allocated
----------------------

----------------------
TP46756 not allocated
----------------------

----------------------
TP46942 not allocated
----------------------

----------------------
TP47817 not allocated
----------------------

----------------------
TP47825 not allocated
----------------------

----------------------
TP47905 not allocated
----------------------

----------------------
TP48598 not allocated
----------------------

----------------------
TP48641 not allocated
----------------------

----------------------
TP49224 not allocated
----------------------

----------------------
TP49671 not allocated
----------------------

-------------------------------------------------------------------------

Ride-sharing vs Individual Mode - Num Vehicles and Distance Comparisson 

-------------------------------------------------------------------------
Individual Mode = 185 vehicles.
Ride-sharing Mode = 34 vehicles. The 8 ride-sharing vehicles + 26 vehicles of the individuals not served by the ride-sharing service.
-------------------------------------------------------------------------
Individual Mode = 475 distance.
Ride-sharing Mode = 867 distance. 800 from the EV fleet + 67 from the distance of the trips not covered individuals had to do with their own vehicle.
-------------------------------------------------------------------------
