-------------------------------------------------------------------------
TPs satisfied = 57; Total TPs = 177; Percentage Satisfied + 32.2%
-------------------------------------------------------------------------

-------------------------------------------------------------------------

EVs

-------------------------------------------------------------------------
--------------------------------------
EV1
--------------------------------------
Num TPs served = 39
TPs served = 131 643 1032 1088 1222 2004 2022 2064 2151 2275 2450 2526 2819 2863 3434 3478 3562 3680 3845 4148 4409 5070 5485 7614 8012 9340 11149 12012 17175 18296 22226 23063 27536 28205 28388 36249 37405 37559 49154
Total energy used = 100
--------------------------------------
Schedule:
0 256 671 744 671 744 0 0 100 100 0 256 0
256 256 671 744 671 744 0 1 100 100 131 32 0
256 257 671 744 671 744 1 1 100 100 0 1 0
257 259 671 744 672 745 1 0 100 98 -131 32 2
259 1148 672 745 672 745 0 0 98 98 0 889 0
1148 1150 672 745 671 744 0 1 98 96 643 32 2
1150 1152 671 744 673 744 1 0 96 94 -643 32 2
1152 1817 673 744 673 744 0 0 94 94 0 665 0
1817 1819 673 744 671 744 0 1 94 92 1032 32 2
1819 1820 671 744 671 745 1 0 92 91 -1032 32 1
1820 1905 671 745 671 745 0 0 91 91 0 85 0
1905 1906 671 745 671 744 0 1 91 90 1088 32 1
1906 1910 671 744 671 744 1 1 90 90 0 4 0
1910 1910 671 744 671 744 1 0 90 90 -1088 32 0
1910 2127 671 744 671 744 0 0 90 90 0 217 0
2127 2127 671 744 671 744 0 1 90 90 1222 32 0
2127 2128 671 744 671 744 1 1 90 90 0 1 0
2128 2129 671 744 672 744 1 0 90 89 -1222 32 1
2129 2731 672 744 672 744 0 0 89 89 0 602 0
2731 2732 672 744 671 744 0 1 89 88 18296 32 1
2732 2733 671 744 671 744 1 1 88 88 0 1 0
2733 2733 671 744 671 744 1 0 88 88 -18296 32 0
2733 3208 671 744 671 744 0 0 88 88 0 475 0
3208 3208 671 744 671 744 0 1 88 88 36249 32 0
3208 3209 671 744 671 744 1 1 88 88 0 1 0
3209 3209 671 744 671 744 1 0 88 88 -36249 32 0
3209 3556 671 744 671 744 0 0 88 88 0 347 0
3556 3556 671 744 671 744 0 1 88 88 2022 32 0
3556 3556 671 744 671 744 1 2 88 88 2004 3 0
3556 3557 671 744 671 745 2 1 88 87 -2004 3 1
3557 3560 671 745 673 744 1 0 87 84 -2022 30 3
3560 3623 673 744 673 744 0 0 84 84 0 63 0
3623 3625 673 744 671 744 0 1 84 82 2064 32 2
3625 3626 671 744 672 744 1 0 82 81 -2064 32 1
3626 3798 672 744 672 744 0 0 81 81 0 172 0
3798 3799 672 744 671 744 0 1 81 80 2151 32 1
3799 3800 671 744 672 744 1 0 80 79 -2151 32 1
3800 4032 672 744 672 744 0 0 79 79 0 232 0
4032 4033 672 744 671 744 0 1 79 78 2275 32 1
4033 4045 671 744 674 753 1 0 78 66 -2275 32 12
4045 4346 674 753 674 753 0 0 66 66 0 301 0
4346 4358 674 753 671 744 0 1 66 54 2450 32 12
4358 4359 671 744 671 744 1 1 54 54 0 1 0
4359 4359 671 744 671 744 1 0 54 54 -2450 32 0
4359 4484 671 744 671 744 0 0 54 54 0 125 0
4484 4484 671 744 671 744 0 1 54 54 2526 32 0
4484 4486 671 744 671 744 1 1 54 54 0 2 0
4486 4486 671 744 671 744 1 0 54 54 -2526 32 0
4486 5032 671 744 671 744 0 0 54 54 0 546 0
5032 5032 671 744 671 744 0 1 54 54 2819 32 0
5032 5033 671 744 671 745 1 0 54 53 -2819 32 1
5033 5102 671 745 671 745 0 0 53 53 0 69 0
5102 5103 671 745 671 744 0 1 53 52 2863 32 1
5103 5109 671 744 675 746 1 0 52 46 -2863 32 6
5109 6119 675 746 675 746 0 0 46 46 0 1010 0
6119 6125 675 746 671 744 0 1 46 40 3434 32 6
6125 6127 671 744 673 744 1 0 40 38 -3434 32 2
6127 6196 673 744 673 744 0 0 38 38 0 69 0
6196 6198 673 744 671 744 0 1 38 36 3478 32 2
6198 6199 671 744 671 744 1 1 36 36 0 1 0
6199 6199 671 744 671 744 1 0 36 36 -3478 32 0
6199 6366 671 744 671 744 0 0 36 36 0 167 0
6366 6366 671 744 671 744 0 1 36 36 3562 32 0
6366 6368 671 744 671 744 1 1 36 36 0 2 0
6368 6372 671 744 675 744 1 0 36 32 -3562 32 4
6372 6621 675 744 675 744 0 0 32 32 0 249 0
6621 6625 675 744 671 744 0 1 32 28 37405 32 4
6625 6625 671 744 671 744 1 2 28 28 3680 9 0
6625 6627 671 744 671 744 2 2 28 28 0 2 0
6627 6627 671 744 671 744 2 1 28 28 -37405 32 0
6627 6628 671 744 672 744 1 0 28 27 -3680 10 1
6628 6893 672 744 672 744 0 0 27 27 0 265 0
6893 6894 672 744 671 744 0 1 27 26 3845 32 1
6894 6895 671 744 672 744 1 0 26 25 -3845 32 1
6895 7076 672 744 672 744 0 0 25 25 0 181 0
7076 7077 672 744 671 744 0 1 25 24 37559 32 1
7077 7079 671 744 671 744 1 1 24 24 0 2 0
7079 7079 671 744 671 744 1 0 24 24 -37559 32 0
7079 7466 671 744 671 744 0 0 24 24 0 387 0
7466 7466 671 744 671 744 0 1 24 24 4148 32 0
7466 7470 671 744 671 748 1 0 24 20 -4148 32 4
7470 7932 671 748 671 748 0 0 20 20 0 462 0
7932 7936 671 748 671 744 0 1 20 16 4409 32 4
7936 7939 671 744 674 744 1 0 16 13 -4409 32 3
7939 9184 674 744 674 744 0 0 13 13 0 1245 0
9184 9187 674 744 671 744 0 1 13 10 5070 32 3
9187 9190 671 744 674 744 1 0 10 7 -5070 32 3
9190 9966 674 744 674 744 0 0 7 7 0 776 0
9966 9969 674 744 671 744 0 1 7 4 5485 32 3
9969 9971 671 744 672 745 1 0 4 2 -5485 32 2
9971 14034 672 745 672 745 0 0 2 2 0 4063 0
14034 14036 672 745 671 744 0 1 2 0 22226 32 2
14036 14038 671 744 671 744 1 1 0 0 0 2 0
14038 14038 671 744 671 744 1 0 0 0 -22226 32 0
14038 14352 671 744 671 744 0 0 0 0 0 314 0
14352 14352 671 744 671 744 0 1 0 0 7614 32 0
14352 14353 671 744 671 744 1 1 0 0 0 1 0
14353 14353 671 744 671 744 1 0 0 0 -7614 32 0
14353 15224 671 744 671 744 0 0 0 0 0 871 0
15224 15224 671 744 671 744 0 1 0 0 8012 32 0
15224 15225 671 744 671 744 1 1 0 0 0 1 0
15225 15225 671 744 671 744 1 0 0 0 -8012 32 0
15225 16123 671 744 671 744 0 0 0 0 0 898 0
16123 16123 671 744 671 744 0 1 0 0 23063 32 0
16123 16125 671 744 671 744 1 1 0 0 0 2 0
16125 16125 671 744 671 744 1 0 0 0 -23063 32 0
16125 18590 671 744 671 744 0 0 0 0 0 2465 0
18590 18590 671 744 671 744 0 1 0 0 9340 32 0
18590 18592 671 744 671 744 1 1 0 0 0 2 0
18592 18592 671 744 671 744 1 0 0 0 -9340 32 0
18592 23817 671 744 671 744 0 0 0 0 0 5225 0
23817 23817 671 744 671 744 0 1 0 0 11149 32 0
23817 23818 671 744 671 744 1 1 0 0 0 1 0
23818 23818 671 744 671 744 1 0 0 0 -11149 32 0
23818 25634 671 744 671 744 0 0 0 0 0 1816 0
25634 25634 671 744 671 744 0 1 0 0 27536 32 0
25634 25635 671 744 671 744 1 1 0 0 0 1 0
25635 25635 671 744 671 744 1 0 0 0 -27536 32 0
25635 26762 671 744 671 744 0 0 0 0 0 1127 0
26762 26762 671 744 671 744 0 1 0 0 12012 32 0
26762 26764 671 744 671 744 1 1 0 0 0 2 0
26764 26764 671 744 671 744 1 0 0 0 -12012 32 0
26764 26915 671 744 671 744 0 0 0 0 0 151 0
26915 26915 671 744 671 744 0 1 0 0 28205 32 0
26915 26919 671 744 671 744 1 1 0 0 0 4 0
26919 26919 671 744 671 744 1 0 0 0 -28205 32 0
26919 27280 671 744 671 744 0 0 0 0 0 361 0
27280 27280 671 744 671 744 0 1 0 0 28388 32 0
27280 27282 671 744 671 744 1 1 0 0 0 2 0
27282 27282 671 744 671 744 1 0 0 0 -28388 32 0
27282 31272 671 744 671 744 0 0 0 0 0 3990 0
31272 31272 671 744 671 744 0 1 0 0 49154 32 0
31272 31273 671 744 671 744 1 1 0 0 0 1 0
31273 31273 671 744 671 744 1 0 0 0 -49154 32 0
31273 42806 671 744 671 744 0 0 0 0 0 11533 0
42806 42806 671 744 671 744 0 1 0 0 17175 32 0
42806 42807 671 744 671 744 1 1 0 0 0 1 0
42807 42807 671 744 671 744 1 0 0 0 -17175 32 0
42807 43267 671 744 671 744 0 0 0 0 0 460 0
43267 43267 671 744 671 744 0 0 0 0 1000000000 0 0
--------------------------------------
--------------------------------------
EV2
--------------------------------------
Num TPs served = 18
TPs served = 4718 5621 7299 7431 7480 7693 7760 7832 8293 8297 8403 8916 9031 9154 9323 9740 10928 11655
Total energy used = 100
--------------------------------------
Schedule:
0 8570 671 744 671 744 0 0 100 100 0 8570 0
8570 8570 671 744 671 744 0 1 100 100 4718 32 0
8570 8583 671 744 682 746 1 0 100 87 -4718 32 13
8583 10245 682 746 682 746 0 0 87 87 0 1662 0
10245 10258 682 746 671 744 0 1 87 74 5621 32 13
10258 10259 671 744 671 744 1 1 74 74 0 1 0
10259 10260 671 744 672 744 1 0 74 73 -5621 32 1
10260 13670 672 744 672 744 0 0 73 73 0 3410 0
13670 13671 672 744 671 744 0 1 73 72 7299 32 1
13671 13673 671 744 673 744 1 0 72 70 -7299 32 2
13673 13953 673 744 673 744 0 0 70 70 0 280 0
13953 13955 673 744 671 744 0 1 70 68 7431 32 2
13955 13956 671 744 671 744 1 1 68 68 0 1 0
13956 13958 671 744 671 746 1 0 68 66 -7431 32 2
13958 14079 671 746 671 746 0 0 66 66 0 121 0
14079 14081 671 746 671 744 0 1 66 64 7480 32 2
14081 14086 671 744 672 748 1 0 64 59 -7480 32 5
14086 14522 672 748 672 748 0 0 59 59 0 436 0
14522 14527 672 748 671 744 0 1 59 54 7693 32 5
14527 14528 671 744 672 744 1 0 54 53 -7693 32 1
14528 14680 672 744 672 744 0 0 53 53 0 152 0
14680 14681 672 744 671 744 0 1 53 52 7760 32 1
14681 14682 671 744 672 744 1 0 52 51 -7760 32 1
14682 14840 672 744 672 744 0 0 51 51 0 158 0
14840 14841 672 744 671 744 0 1 51 50 7832 32 1
14841 14842 671 744 671 745 1 0 50 49 -7832 32 1
14842 15926 671 745 671 745 0 0 49 49 0 1084 0
15926 15927 671 745 671 744 0 1 49 48 8297 32 1
15927 15927 671 744 671 744 1 2 48 48 8293 23 0
15927 15929 671 744 672 745 2 1 48 46 -8297 32 2
15929 15930 672 745 671 745 1 0 46 45 -8293 22 1
15930 16150 671 745 671 745 0 0 45 45 0 220 0
16150 16151 671 745 671 744 0 1 45 44 8403 32 1
16151 16157 671 744 677 744 1 0 44 38 -8403 32 6
16157 17430 677 744 677 744 0 0 38 38 0 1273 0
17430 17436 677 744 671 744 0 1 38 32 8916 32 6
17436 17438 671 744 671 744 1 1 32 32 0 2 0
17438 17443 671 744 674 746 1 0 32 27 -8916 32 5
17443 17709 674 746 674 746 0 0 27 27 0 266 0
17709 17714 674 746 671 744 0 1 27 22 9031 32 5
17714 17715 671 744 671 744 1 1 22 22 0 1 0
17715 17716 671 744 671 745 1 0 22 21 -9031 32 1
17716 18033 671 745 671 745 0 0 21 21 0 317 0
18033 18034 671 745 671 744 0 1 21 20 9154 32 1
18034 18036 671 744 671 744 1 1 20 20 0 2 0
18036 18038 671 744 673 744 1 0 20 18 -9154 32 2
18038 18555 673 744 673 744 0 0 18 18 0 517 0
18555 18557 673 744 671 744 0 1 18 16 9323 32 2
18557 18561 671 744 672 747 1 0 16 12 -9323 32 4
18561 19667 672 747 672 747 0 0 12 12 0 1106 0
19667 19671 672 747 671 744 0 1 12 8 9740 32 4
19671 19673 671 744 673 744 1 0 8 6 -9740 32 2
19673 23144 673 744 673 744 0 0 6 6 0 3471 0
23144 23146 673 744 671 744 0 1 6 4 10928 32 2
23146 23147 671 744 671 745 1 0 4 3 -10928 32 1
23147 25540 671 745 671 745 0 0 3 3 0 2393 0
25540 25541 671 745 671 744 0 1 3 2 11655 32 1
25541 25542 671 744 672 744 1 0 2 1 -11655 32 1
25542 43266 672 744 672 744 0 0 1 1 0 17724 0
43266 43267 672 744 671 744 0 0 1 0 1000000000 0 1
--------------------------------------

-------------------------------------------------------------------------

TPs

-------------------------------------------------------------------------

----------------------
TP131 allocated to 1
----------------------

----------------------
TP643 allocated to 1
----------------------

----------------------
TP1032 allocated to 1
----------------------

----------------------
TP1088 allocated to 1
----------------------

----------------------
TP1222 allocated to 1
----------------------

----------------------
TP2004 allocated to 1
----------------------

----------------------
TP2022 allocated to 1
----------------------

----------------------
TP2064 allocated to 1
----------------------

----------------------
TP2151 allocated to 1
----------------------

----------------------
TP2275 allocated to 1
----------------------

----------------------
TP2450 allocated to 1
----------------------

----------------------
TP2526 allocated to 1
----------------------

----------------------
TP2819 allocated to 1
----------------------

----------------------
TP2863 allocated to 1
----------------------

----------------------
TP3434 allocated to 1
----------------------

----------------------
TP3478 allocated to 1
----------------------

----------------------
TP3562 allocated to 1
----------------------

----------------------
TP3680 allocated to 1
----------------------

----------------------
TP3845 allocated to 1
----------------------

----------------------
TP4148 allocated to 1
----------------------

----------------------
TP4409 allocated to 1
----------------------

----------------------
TP4718 allocated to 2
----------------------

----------------------
TP5070 allocated to 1
----------------------

----------------------
TP5485 allocated to 1
----------------------

----------------------
TP5621 allocated to 2
----------------------

----------------------
TP7299 allocated to 2
----------------------

----------------------
TP7431 allocated to 2
----------------------

----------------------
TP7480 allocated to 2
----------------------

----------------------
TP7614 allocated to 1
----------------------

----------------------
TP7693 allocated to 2
----------------------

----------------------
TP7760 allocated to 2
----------------------

----------------------
TP7832 allocated to 2
----------------------

----------------------
TP8012 allocated to 1
----------------------

----------------------
TP8293 allocated to 2
----------------------

----------------------
TP8297 allocated to 2
----------------------

----------------------
TP8403 allocated to 2
----------------------

----------------------
TP8916 allocated to 2
----------------------

----------------------
TP9031 allocated to 2
----------------------

----------------------
TP9154 allocated to 2
----------------------

----------------------
TP9323 allocated to 2
----------------------

----------------------
TP9340 allocated to 1
----------------------

----------------------
TP9730 not allocated
----------------------

----------------------
TP9740 allocated to 2
----------------------

----------------------
TP10928 allocated to 2
----------------------

----------------------
TP11149 allocated to 1
----------------------

----------------------
TP11300 not allocated
----------------------

----------------------
TP11501 not allocated
----------------------

----------------------
TP11655 allocated to 2
----------------------

----------------------
TP11759 not allocated
----------------------

----------------------
TP12012 allocated to 1
----------------------

----------------------
TP12027 not allocated
----------------------

----------------------
TP12976 not allocated
----------------------

----------------------
TP13929 not allocated
----------------------

----------------------
TP14298 not allocated
----------------------

----------------------
TP14411 not allocated
----------------------

----------------------
TP14669 not allocated
----------------------

----------------------
TP15161 not allocated
----------------------

----------------------
TP15422 not allocated
----------------------

----------------------
TP15764 not allocated
----------------------

----------------------
TP15914 not allocated
----------------------

----------------------
TP16003 not allocated
----------------------

----------------------
TP16022 not allocated
----------------------

----------------------
TP16091 not allocated
----------------------

----------------------
TP16638 not allocated
----------------------

----------------------
TP16715 not allocated
----------------------

----------------------
TP17075 not allocated
----------------------

----------------------
TP17103 not allocated
----------------------

----------------------
TP17175 allocated to 1
----------------------

----------------------
TP17818 not allocated
----------------------

----------------------
TP17944 not allocated
----------------------

----------------------
TP18296 allocated to 1
----------------------

----------------------
TP18336 not allocated
----------------------

----------------------
TP18785 not allocated
----------------------

----------------------
TP18985 not allocated
----------------------

----------------------
TP19132 not allocated
----------------------

----------------------
TP19255 not allocated
----------------------

----------------------
TP19443 not allocated
----------------------

----------------------
TP19694 not allocated
----------------------

----------------------
TP20464 not allocated
----------------------

----------------------
TP20652 not allocated
----------------------

----------------------
TP21180 not allocated
----------------------

----------------------
TP21520 not allocated
----------------------

----------------------
TP22226 allocated to 1
----------------------

----------------------
TP22291 not allocated
----------------------

----------------------
TP22585 not allocated
----------------------

----------------------
TP22941 not allocated
----------------------

----------------------
TP23008 not allocated
----------------------

----------------------
TP23063 allocated to 1
----------------------

----------------------
TP23176 not allocated
----------------------

----------------------
TP23501 not allocated
----------------------

----------------------
TP24286 not allocated
----------------------

----------------------
TP24353 not allocated
----------------------

----------------------
TP24414 not allocated
----------------------

----------------------
TP24488 not allocated
----------------------

----------------------
TP24567 not allocated
----------------------

----------------------
TP24777 not allocated
----------------------

----------------------
TP24981 not allocated
----------------------

----------------------
TP25545 not allocated
----------------------

----------------------
TP25678 not allocated
----------------------

----------------------
TP26165 not allocated
----------------------

----------------------
TP26453 not allocated
----------------------

----------------------
TP26914 not allocated
----------------------

----------------------
TP26976 not allocated
----------------------

----------------------
TP27196 not allocated
----------------------

----------------------
TP27536 allocated to 1
----------------------

----------------------
TP27784 not allocated
----------------------

----------------------
TP28205 allocated to 1
----------------------

----------------------
TP28388 allocated to 1
----------------------

----------------------
TP29136 not allocated
----------------------

----------------------
TP30115 not allocated
----------------------

----------------------
TP30368 not allocated
----------------------

----------------------
TP30542 not allocated
----------------------

----------------------
TP30701 not allocated
----------------------

----------------------
TP31127 not allocated
----------------------

----------------------
TP31863 not allocated
----------------------

----------------------
TP31990 not allocated
----------------------

----------------------
TP32274 not allocated
----------------------

----------------------
TP32298 not allocated
----------------------

----------------------
TP32305 not allocated
----------------------

----------------------
TP32355 not allocated
----------------------

----------------------
TP32407 not allocated
----------------------

----------------------
TP32520 not allocated
----------------------

----------------------
TP32569 not allocated
----------------------

----------------------
TP33343 not allocated
----------------------

----------------------
TP33504 not allocated
----------------------

----------------------
TP33537 not allocated
----------------------

----------------------
TP33990 not allocated
----------------------

----------------------
TP34261 not allocated
----------------------

----------------------
TP34684 not allocated
----------------------

----------------------
TP34926 not allocated
----------------------

----------------------
TP34978 not allocated
----------------------

----------------------
TP35248 not allocated
----------------------

----------------------
TP35390 not allocated
----------------------

----------------------
TP35765 not allocated
----------------------

----------------------
TP36249 allocated to 1
----------------------

----------------------
TP36695 not allocated
----------------------

----------------------
TP37011 not allocated
----------------------

----------------------
TP37016 not allocated
----------------------

----------------------
TP37325 not allocated
----------------------

----------------------
TP37405 allocated to 1
----------------------

----------------------
TP37559 allocated to 1
----------------------

----------------------
TP38272 not allocated
----------------------

----------------------
TP38878 not allocated
----------------------

----------------------
TP40121 not allocated
----------------------

----------------------
TP40176 not allocated
----------------------

----------------------
TP40577 not allocated
----------------------

----------------------
TP40649 not allocated
----------------------

----------------------
TP40724 not allocated
----------------------

----------------------
TP41364 not allocated
----------------------

----------------------
TP41409 not allocated
----------------------

----------------------
TP41418 not allocated
----------------------

----------------------
TP41921 not allocated
----------------------

----------------------
TP42256 not allocated
----------------------

----------------------
TP42542 not allocated
----------------------

----------------------
TP42687 not allocated
----------------------

----------------------
TP42895 not allocated
----------------------

----------------------
TP43113 not allocated
----------------------

----------------------
TP43441 not allocated
----------------------

----------------------
TP43517 not allocated
----------------------

----------------------
TP43924 not allocated
----------------------

----------------------
TP43993 not allocated
----------------------

----------------------
TP44552 not allocated
----------------------

----------------------
TP44756 not allocated
----------------------

----------------------
TP45313 not allocated
----------------------

----------------------
TP46311 not allocated
----------------------

----------------------
TP47007 not allocated
----------------------

----------------------
TP47574 not allocated
----------------------

----------------------
TP47605 not allocated
----------------------

----------------------
TP47870 not allocated
----------------------

----------------------
TP47876 not allocated
----------------------

----------------------
TP47924 not allocated
----------------------

----------------------
TP48094 not allocated
----------------------

----------------------
TP48449 not allocated
----------------------

----------------------
TP48789 not allocated
----------------------

----------------------
TP49149 not allocated
----------------------

----------------------
TP49154 allocated to 1
----------------------

----------------------
TP49971 not allocated
----------------------

-------------------------------------------------------------------------

Ride-sharing vs Individual Mode - Num Vehicles and Distance Comparisson 

-------------------------------------------------------------------------
Individual Mode = 177 vehicles.
Ride-sharing Mode = 122 vehicles. The 2 ride-sharing vehicles + 120 vehicles of the individuals not served by the ride-sharing service.
-------------------------------------------------------------------------
Individual Mode = 441 distance.
Ride-sharing Mode = 540 distance. 200 from the EV fleet + 340 from the distance of the trips not covered individuals had to do with their own vehicle.
-------------------------------------------------------------------------
