-------------------------------------------------------------------------
TPs satisfied = 169; Total TPs = 191; Percentage Satisfied + 88.5%
-------------------------------------------------------------------------

-------------------------------------------------------------------------

EVs

-------------------------------------------------------------------------
--------------------------------------
EV1
--------------------------------------
Num TPs served = 52
TPs served = 396 729 832 1008 1943 2129 2189 2232 2293 2385 2606 4087 4257 4271 4389 4451 4748 4923 4949 5099 5216 5226 5338 5896 5906 6004 6239 6585 7425 7991 10584 10667 11659 13897 18510 18987 23081 27766 31250 32213 33246 33947 35080 35759 36554 36607 37992 38240 38356 42321 43739 48348
Total energy used = 100
--------------------------------------
Schedule:
0 735 732 868 732 868 0 0 100 100 0 735 0
735 735 732 868 732 868 0 1 100 100 396 32 0
735 737 732 868 733 869 1 0 100 98 -396 32 2
737 1296 733 869 733 869 0 0 98 98 0 559 0
1296 1298 733 869 732 868 0 1 98 96 729 32 2
1298 1299 732 868 733 868 1 0 96 95 -729 32 1
1299 1477 733 868 733 868 0 0 95 95 0 178 0
1477 1478 733 868 732 868 0 1 95 94 832 32 1
1478 1480 732 868 732 868 1 1 94 94 0 2 0
1480 1484 732 868 736 868 1 0 94 90 -832 32 4
1484 1789 736 868 736 868 0 0 90 90 0 305 0
1789 1793 736 868 732 868 0 1 90 86 35759 32 4
1793 1793 732 868 732 868 1 2 86 86 1008 11 0
1793 1795 732 868 732 868 2 2 86 86 0 2 0
1795 1795 732 868 732 868 2 1 86 86 -35759 32 0
1795 1796 732 868 732 869 1 0 86 85 -1008 9 1
1796 3433 732 869 732 869 0 0 85 85 0 1637 0
3433 3434 732 869 732 868 0 1 85 84 18510 32 1
3434 3434 732 868 732 868 1 2 84 84 1943 17 0
3434 3435 732 868 732 868 2 2 84 84 0 1 0
3435 3436 732 868 733 868 2 1 84 83 -18510 32 1
3436 3439 733 868 733 871 1 0 83 80 -1943 16 3
3439 3747 733 871 733 871 0 0 80 80 0 308 0
3747 3751 733 871 732 868 0 1 80 76 2129 32 4
3751 3753 732 868 734 868 1 0 76 74 -2129 32 2
3753 3863 734 868 734 868 0 0 74 74 0 110 0
3863 3865 734 868 732 868 0 1 74 72 2189 32 2
3865 3868 732 868 735 868 1 0 72 69 -2189 32 3
3868 3951 735 868 735 868 0 0 69 69 0 83 0
3951 3954 735 868 732 868 0 1 69 66 2232 32 3
3954 3955 732 868 733 868 1 0 66 65 -2232 32 1
3955 4092 733 868 733 868 0 0 65 65 0 137 0
4092 4093 733 868 732 868 0 1 65 64 36554 32 1
4093 4093 732 868 732 868 1 2 64 64 2293 5 0
4093 4093 732 868 732 868 2 1 64 64 -2293 6 0
4093 4094 732 868 732 868 1 1 64 64 0 1 0
4094 4094 732 868 732 868 1 0 64 64 -36554 32 0
4094 4259 732 868 732 868 0 0 64 64 0 165 0
4259 4259 732 868 732 868 0 1 64 64 36607 32 0
4259 4259 732 868 732 868 1 2 64 64 2385 10 0
4259 4260 732 868 732 868 2 2 64 64 0 1 0
4260 4261 732 868 733 868 2 1 64 63 -36607 32 1
4261 4261 733 868 733 868 1 0 63 63 -2385 9 0
4261 4634 733 868 733 868 0 0 63 63 0 373 0
4634 4635 733 868 732 868 0 1 63 62 2606 32 1
4635 4637 732 868 732 868 1 1 62 62 0 2 0
4637 4641 732 868 734 870 1 0 62 58 -2606 32 4
4641 4948 734 870 734 870 0 0 58 58 0 307 0
4948 4952 734 870 732 868 0 1 58 54 18987 32 4
4952 4954 732 868 732 868 1 1 54 54 0 2 0
4954 4954 732 868 732 868 1 0 54 54 -18987 32 0
4954 7356 732 868 732 868 0 0 54 54 0 2402 0
7356 7356 732 868 732 868 0 1 54 54 4087 32 0
7356 7360 732 868 732 872 1 0 54 50 -4087 32 4
7360 7665 732 872 732 872 0 0 50 50 0 305 0
7665 7669 732 872 732 868 0 1 50 46 4271 32 4
7669 7669 732 868 732 868 1 2 46 46 4257 7 0
7669 7670 732 868 732 868 2 2 46 46 0 1 0
7670 7674 732 868 735 869 2 1 46 42 -4271 32 4
7674 7675 735 869 736 869 1 0 42 41 -4257 6 1
7675 7886 736 869 736 869 0 0 41 41 0 211 0
7886 7891 736 869 732 868 0 1 41 36 4389 32 5
7891 7892 732 868 732 868 1 1 36 36 0 1 0
7892 7892 732 868 732 868 1 0 36 36 -4389 32 0
7892 8021 732 868 732 868 0 0 36 36 0 129 0
8021 8021 732 868 732 868 0 1 36 36 4451 32 0
8021 8023 732 868 732 870 1 0 36 34 -4451 32 2
8023 8229 732 870 732 870 0 0 34 34 0 206 0
8229 8231 732 870 732 868 0 1 34 32 37992 32 2
8231 8232 732 868 732 868 1 1 32 32 0 1 0
8232 8232 732 868 732 868 1 0 32 32 -37992 32 0
8232 8628 732 868 732 868 0 0 32 32 0 396 0
8628 8628 732 868 732 868 0 1 32 32 4748 32 0
8628 8629 732 868 732 868 1 1 32 32 0 1 0
8629 8629 732 868 732 868 1 0 32 32 -4748 32 0
8629 8959 732 868 732 868 0 0 32 32 0 330 0
8959 8959 732 868 732 868 0 1 32 32 38240 32 0
8959 8959 732 868 732 868 1 2 32 32 4923 14 0
8959 8959 732 868 732 868 2 1 32 32 -4923 15 0
8959 8983 732 868 732 868 1 1 32 32 0 24 0
8983 8983 732 868 732 868 1 2 32 32 4949 32 0
8983 8984 732 868 733 868 2 1 32 31 -38240 9 1
8984 8986 733 868 735 868 1 0 31 29 -4949 32 2
8986 9240 735 868 735 868 0 0 29 29 0 254 0
9240 9243 735 868 732 868 0 1 29 26 38356 32 3
9243 9246 732 868 732 868 1 1 26 26 0 3 0
9246 9246 732 868 732 868 1 0 26 26 -38356 32 0
9246 9259 732 868 732 868 0 0 26 26 0 13 0
9259 9259 732 868 732 868 0 1 26 26 5099 32 0
9259 9260 732 868 733 868 1 0 26 25 -5099 32 1
9260 9486 733 868 733 868 0 0 25 25 0 226 0
9486 9487 733 868 732 868 0 1 25 24 5226 32 1
9487 9487 732 868 732 868 1 2 24 24 5216 12 0
9487 9491 732 868 734 870 2 1 24 20 -5226 32 4
9491 9494 734 870 733 868 1 0 20 17 -5216 6 3
9494 9708 733 868 733 868 0 0 17 17 0 214 0
9708 9709 733 868 732 868 0 1 17 16 5338 32 1
9709 9710 732 868 733 868 1 0 16 15 -5338 32 1
9710 10804 733 868 733 868 0 0 15 15 0 1094 0
10804 10805 733 868 732 868 0 1 15 14 5906 32 1
10805 10805 732 868 732 868 1 2 14 14 5896 16 0
10805 10809 732 868 732 868 2 2 14 14 0 4 0
10809 10810 732 868 732 869 2 1 14 13 -5906 32 1
10810 10811 732 869 733 869 1 0 13 12 -5896 14 1
10811 10991 733 869 733 869 0 0 12 12 0 180 0
10991 10993 733 869 732 868 0 1 12 10 6004 32 2
10993 10995 732 868 734 868 1 0 10 8 -6004 32 2
10995 11448 734 868 734 868 0 0 8 8 0 453 0
11448 11450 734 868 732 868 0 1 8 6 6239 32 2
11450 11451 732 868 733 868 1 0 6 5 -6239 32 1
11451 12124 733 868 733 868 0 0 5 5 0 673 0
12124 12125 733 868 732 868 0 1 5 4 6585 32 1
12125 12126 732 868 732 868 1 1 4 4 0 1 0
12126 12128 732 868 734 868 1 0 4 2 -6585 32 2
12128 13929 734 868 734 868 0 0 2 2 0 1801 0
13929 13931 734 868 732 868 0 1 2 0 7425 32 2
13931 13932 732 868 732 868 1 1 0 0 0 1 0
13932 13932 732 868 732 868 1 0 0 0 -7425 32 0
13932 15189 732 868 732 868 0 0 0 0 0 1257 0
15189 15189 732 868 732 868 0 1 0 0 7991 32 0
15189 15190 732 868 732 868 1 1 0 0 0 1 0
15190 15190 732 868 732 868 1 0 0 0 -7991 32 0
15190 16166 732 868 732 868 0 0 0 0 0 976 0
16166 16166 732 868 732 868 0 1 0 0 23081 32 0
16166 16167 732 868 732 868 1 1 0 0 0 1 0
16167 16167 732 868 732 868 1 0 0 0 -23081 32 0
16167 18757 732 868 732 868 0 0 0 0 0 2590 0
18757 18757 732 868 732 868 0 1 0 0 42321 32 0
18757 18759 732 868 732 868 1 1 0 0 0 2 0
18759 18759 732 868 732 868 1 0 0 0 -42321 32 0
18759 21659 732 868 732 868 0 0 0 0 0 2900 0
21659 21659 732 868 732 868 0 1 0 0 43739 32 0
21659 21662 732 868 732 868 1 1 0 0 0 3 0
21662 21662 732 868 732 868 1 0 0 0 -43739 32 0
21662 22052 732 868 732 868 0 0 0 0 0 390 0
22052 22052 732 868 732 868 0 1 0 0 10584 32 0
22052 22053 732 868 732 868 1 1 0 0 0 1 0
22053 22053 732 868 732 868 1 0 0 0 -10584 32 0
22053 22282 732 868 732 868 0 0 0 0 0 229 0
22282 22282 732 868 732 868 0 1 0 0 10667 32 0
22282 22283 732 868 732 868 1 1 0 0 0 1 0
22283 22283 732 868 732 868 1 0 0 0 -10667 32 0
22283 25558 732 868 732 868 0 0 0 0 0 3275 0
25558 25558 732 868 732 868 0 1 0 0 11659 32 0
25558 25559 732 868 732 868 1 1 0 0 0 1 0
25559 25559 732 868 732 868 1 0 0 0 -11659 32 0
25559 26065 732 868 732 868 0 0 0 0 0 506 0
26065 26065 732 868 732 868 0 1 0 0 27766 32 0
26065 26067 732 868 732 868 1 1 0 0 0 2 0
26067 26067 732 868 732 868 1 0 0 0 -27766 32 0
26067 29872 732 868 732 868 0 0 0 0 0 3805 0
29872 29872 732 868 732 868 0 1 0 0 48348 32 0
29872 29873 732 868 732 868 1 1 0 0 0 1 0
29873 29873 732 868 732 868 1 0 0 0 -48348 32 0
29873 33045 732 868 732 868 0 0 0 0 0 3172 0
33045 33045 732 868 732 868 0 1 0 0 31250 32 0
33045 33046 732 868 732 868 1 1 0 0 0 1 0
33046 33046 732 868 732 868 1 0 0 0 -31250 32 0
33046 33562 732 868 732 868 0 0 0 0 0 516 0
33562 33562 732 868 732 868 0 1 0 0 13897 32 0
33562 33563 732 868 732 868 1 1 0 0 0 1 0
33563 33563 732 868 732 868 1 0 0 0 -13897 32 0
33563 35248 732 868 732 868 0 0 0 0 0 1685 0
35248 35248 732 868 732 868 0 1 0 0 32213 32 0
35248 35252 732 868 732 868 1 1 0 0 0 4 0
35252 35252 732 868 732 868 1 0 0 0 -32213 32 0
35252 37783 732 868 732 868 0 0 0 0 0 2531 0
37783 37783 732 868 732 868 0 1 0 0 33246 32 0
37783 37785 732 868 732 868 1 1 0 0 0 2 0
37785 37785 732 868 732 868 1 0 0 0 -33246 32 0
37785 39620 732 868 732 868 0 0 0 0 0 1835 0
39620 39620 732 868 732 868 0 1 0 0 33947 32 0
39620 39621 732 868 732 868 1 1 0 0 0 1 0
39621 39621 732 868 732 868 1 0 0 0 -33947 32 0
39621 42990 732 868 732 868 0 0 0 0 0 3369 0
42990 42990 732 868 732 868 0 1 0 0 35080 32 0
42990 42992 732 868 732 868 1 1 0 0 0 2 0
42992 42992 732 868 732 868 1 0 0 0 -35080 32 0
42992 43267 732 868 732 868 0 0 0 0 0 275 0
43267 43267 732 868 732 868 0 0 0 0 1000000000 0 0
--------------------------------------
--------------------------------------
EV2
--------------------------------------
Num TPs served = 21
TPs served = 7190 7864 8083 8085 8436 8560 8638 8913 9769 10294 10977 11074 11147 11750 11874 12334 12443 27850 27851 40784 41167
Total energy used = 100
--------------------------------------
Schedule:
0 13435 732 868 732 868 0 0 100 100 0 13435 0
13435 13435 732 868 732 868 0 1 100 100 7190 32 0
13435 13437 732 868 733 869 1 0 100 98 -7190 32 2
13437 14909 733 869 733 869 0 0 98 98 0 1472 0
14909 14911 733 869 732 868 0 1 98 96 7864 32 2
14911 14912 732 868 732 868 1 1 96 96 0 1 0
14912 14917 732 868 737 868 1 0 96 91 -7864 32 5
14917 15401 737 868 737 868 0 0 91 91 0 484 0
15401 15406 737 868 732 868 0 1 91 86 40784 32 5
15406 15411 732 868 732 868 1 1 86 86 0 5 0
15411 15411 732 868 732 868 1 2 86 86 8085 32 0
15411 15411 732 868 732 868 2 3 86 86 8083 29 0
15411 15412 732 868 733 868 3 2 86 85 -40784 28 1
15412 15413 733 868 733 868 2 2 85 85 0 1 0
15413 15415 733 868 733 870 2 1 85 83 -8085 32 2
15415 15417 733 870 733 868 1 0 83 81 -8083 25 2
15417 16226 733 868 733 868 0 0 81 81 0 809 0
16226 16227 733 868 732 868 0 1 81 80 41167 32 1
16227 16229 732 868 732 868 1 1 80 80 0 2 0
16229 16229 732 868 732 868 1 2 80 80 8436 32 0
16229 16231 732 868 734 868 2 1 80 78 -41167 31 2
16231 16233 734 868 735 869 1 0 78 76 -8436 32 2
16233 16519 735 869 735 869 0 0 76 76 0 286 0
16519 16523 735 869 732 868 0 1 76 72 8560 32 4
16523 16524 732 868 732 868 1 1 72 72 0 1 0
16524 16526 732 868 733 869 1 0 72 70 -8560 32 2
16526 16696 733 869 733 869 0 0 70 70 0 170 0
16696 16698 733 869 732 868 0 1 70 68 8638 32 2
16698 16701 732 868 733 870 1 0 68 65 -8638 32 3
16701 17422 733 870 733 870 0 0 65 65 0 721 0
17422 17425 733 870 732 868 0 1 65 62 8913 32 3
17425 17427 732 868 734 868 1 0 62 60 -8913 32 2
17427 19774 734 868 734 868 0 0 60 60 0 2347 0
19774 19776 734 868 732 868 0 1 60 58 9769 32 2
19776 19779 732 868 733 870 1 0 58 55 -9769 32 3
19779 21261 733 870 733 870 0 0 55 55 0 1482 0
21261 21264 733 870 732 868 0 1 55 52 10294 32 3
21264 21266 732 868 732 868 1 1 52 52 0 2 0
21266 21268 732 868 734 868 1 0 52 50 -10294 32 2
21268 23310 734 868 734 868 0 0 50 50 0 2042 0
23310 23312 734 868 732 868 0 1 50 48 10977 32 2
23312 23313 732 868 732 868 1 1 48 48 0 1 0
23313 23315 732 868 732 870 1 0 48 46 -10977 32 2
23315 23600 732 870 732 870 0 0 46 46 0 285 0
23600 23602 732 870 732 868 0 1 46 44 11074 32 2
23602 23603 732 868 732 868 1 1 44 44 0 1 0
23603 23605 732 868 733 869 1 0 44 42 -11074 32 2
23605 23809 733 869 733 869 0 0 42 42 0 204 0
23809 23811 733 869 732 868 0 1 42 40 11147 32 2
23811 23813 732 868 732 868 1 1 40 40 0 2 0
23813 23816 732 868 735 868 1 0 40 37 -11147 32 3
23816 25834 735 868 735 868 0 0 37 37 0 2018 0
25834 25837 735 868 732 868 0 1 37 34 11750 32 3
25837 25840 732 868 732 868 1 1 34 34 0 3 0
25840 25848 732 868 735 873 1 0 34 26 -11750 32 8
25848 26214 735 873 735 873 0 0 26 26 0 366 0
26214 26222 735 873 732 868 0 1 26 18 27851 32 8
26222 26222 732 868 732 868 1 2 18 18 27850 31 0
26222 26253 732 868 732 868 2 2 18 18 0 31 0
26253 26253 732 868 732 868 2 3 18 18 11874 32 0
26253 26254 732 868 733 868 3 2 18 17 -27851 1 1
26254 26254 733 868 733 868 2 1 17 17 -27850 0 0
26254 26255 733 868 733 868 1 1 17 17 0 1 0
26255 26260 733 868 737 869 1 0 17 12 -11874 32 5
26260 27867 737 869 737 869 0 0 12 12 0 1607 0
27867 27873 737 869 732 868 0 1 12 6 12334 32 6
27873 27874 732 868 732 868 1 1 6 6 0 1 0
27874 27875 732 868 733 868 1 0 6 5 -12334 32 1
27875 28238 733 868 733 868 0 0 5 5 0 363 0
28238 28239 733 868 732 868 0 1 5 4 12443 32 1
28239 28241 732 868 732 870 1 0 4 2 -12443 32 2
28241 43265 732 870 732 870 0 0 2 2 0 15024 0
43265 43267 732 870 732 868 0 0 2 0 1000000000 0 2
--------------------------------------
--------------------------------------
EV3
--------------------------------------
Num TPs served = 24
TPs served = 12038 12780 13793 13911 14221 14403 14708 15911 16025 16092 16217 16433 16500 16645 17406 17902 17918 18251 19001 19085 19523 20632 34614 48141
Total energy used = 100
--------------------------------------
Schedule:
0 1522 732 868 732 868 0 0 100 100 0 1522 0
1522 1522 732 868 732 868 0 1 100 100 17902 32 0
1522 1523 732 868 733 868 1 0 100 99 -17902 32 1
1523 1566 733 868 733 868 0 0 99 99 0 43 0
1566 1567 733 868 732 868 0 1 99 98 17918 32 1
1567 1569 732 868 733 869 1 0 98 96 -17918 32 2
1569 2574 733 869 733 869 0 0 96 96 0 1005 0
2574 2576 733 869 732 868 0 1 96 94 18251 32 2
2576 2577 732 868 732 869 1 0 94 93 -18251 32 1
2577 4984 732 869 732 869 0 0 93 93 0 2407 0
4984 4985 732 869 732 868 0 1 93 92 19001 32 1
4985 4986 732 868 732 868 1 1 92 92 0 1 0
4986 4987 732 868 733 868 1 0 92 91 -19001 32 1
4987 5246 733 868 733 868 0 0 91 91 0 259 0
5246 5247 733 868 732 868 0 1 91 90 19085 32 1
5247 5248 732 868 732 868 1 1 90 90 0 1 0
5248 5249 732 868 733 868 1 0 90 89 -19085 32 1
5249 6645 733 868 733 868 0 0 89 89 0 1396 0
6645 6646 733 868 732 868 0 1 89 88 19523 32 1
6646 6648 732 868 732 868 1 1 88 88 0 2 0
6648 6650 732 868 734 868 1 0 88 86 -19523 32 2
6650 9776 734 868 734 868 0 0 86 86 0 3126 0
9776 9778 734 868 732 868 0 1 86 84 20632 32 2
9778 9781 732 868 732 868 1 1 84 84 0 3 0
9781 9782 732 868 732 869 1 0 84 83 -20632 32 1
9782 26860 732 869 732 869 0 0 83 83 0 17078 0
26860 26861 732 869 732 868 0 1 83 82 12038 32 1
26861 26866 732 868 737 868 1 0 82 77 -12038 32 5
26866 29482 737 868 737 868 0 0 77 77 0 2616 0
29482 29487 737 868 732 868 0 1 77 72 48141 32 5
29487 29487 732 868 732 868 1 2 72 72 12780 7 0
29487 29489 732 868 734 868 2 1 72 70 -48141 32 2
29489 29491 734 868 735 869 1 0 70 68 -12780 8 2
29491 33177 735 869 735 869 0 0 68 68 0 3686 0
33177 33181 735 869 732 868 0 1 68 64 13793 32 4
33181 33183 732 868 733 869 1 0 64 62 -13793 32 2
33183 33609 733 869 733 869 0 0 62 62 0 426 0
33609 33611 733 869 732 868 0 1 62 60 13911 32 2
33611 33613 732 868 732 868 1 1 60 60 0 2 0
33613 33618 732 868 732 873 1 0 60 55 -13911 32 5
33618 34820 732 873 732 873 0 0 55 55 0 1202 0
34820 34825 732 873 732 868 0 1 55 50 14221 32 5
34825 34826 732 868 732 868 1 1 50 50 0 1 0
34826 34827 732 868 732 869 1 0 50 49 -14221 32 1
34827 35502 732 869 732 869 0 0 49 49 0 675 0
35502 35503 732 869 732 868 0 1 49 48 14403 32 1
35503 35506 732 868 734 869 1 0 48 45 -14403 32 3
35506 36690 734 869 734 869 0 0 45 45 0 1184 0
36690 36693 734 869 732 868 0 1 45 42 14708 32 3
36693 36699 732 868 734 872 1 0 42 36 -14708 32 6
36699 40574 734 872 734 872 0 0 36 36 0 3875 0
40574 40580 734 872 732 868 0 1 36 30 15911 32 6
40580 40583 732 868 734 869 1 0 30 27 -15911 32 3
40583 40786 734 869 734 869 0 0 27 27 0 203 0
40786 40789 734 869 732 868 0 1 27 24 16025 32 3
40789 40790 732 868 733 868 1 0 24 23 -16025 32 1
40790 40933 733 868 733 868 0 0 23 23 0 143 0
40933 40934 733 868 732 868 0 1 23 22 16092 32 1
40934 40935 732 868 732 868 1 1 22 22 0 1 0
40935 40937 732 868 734 868 1 0 22 20 -16092 32 2
40937 41140 734 868 734 868 0 0 20 20 0 203 0
41140 41142 734 868 732 868 0 1 20 18 16217 32 2
41142 41144 732 868 732 870 1 0 18 16 -16217 32 2
41144 41490 732 870 732 870 0 0 16 16 0 346 0
41490 41492 732 870 732 868 0 1 16 14 16433 32 2
41492 41494 732 868 733 869 1 0 14 12 -16433 32 2
41494 41573 733 869 733 869 0 0 12 12 0 79 0
41573 41575 733 869 732 868 0 1 12 10 34614 32 2
41575 41603 732 868 732 868 1 1 10 10 0 28 0
41603 41603 732 868 732 868 1 2 10 10 16500 32 0
41603 41605 732 868 733 869 2 1 10 8 -34614 4 2
41605 41606 733 869 733 869 1 1 8 8 0 1 0
41606 41606 733 869 733 869 1 0 8 8 -16500 32 0
41606 41858 733 869 733 869 0 0 8 8 0 252 0
41858 41860 733 869 732 868 0 1 8 6 16645 32 2
41860 41863 732 868 732 868 1 1 6 6 0 3 0
41863 41865 732 868 732 870 1 0 6 4 -16645 32 2
41865 43178 732 870 732 870 0 0 4 4 0 1313 0
43178 43180 732 870 732 868 0 1 4 2 17406 32 2
43180 43184 732 868 732 868 1 1 2 2 0 4 0
43184 43185 732 868 733 868 1 0 2 1 -17406 32 1
43185 43266 733 868 733 868 0 0 1 1 0 81 0
43266 43267 733 868 732 868 0 0 1 0 1000000000 0 1
--------------------------------------
--------------------------------------
EV4
--------------------------------------
Num TPs served = 16
TPs served = 20046 20807 21347 21556 21739 22530 22638 22670 22806 23053 23237 23384 23542 23544 24044 24171
Total energy used = 100
--------------------------------------
Schedule:
0 8158 732 868 732 868 0 0 100 100 0 8158 0
8158 8158 732 868 732 868 0 1 100 100 20046 32 0
8158 8160 732 868 732 868 1 1 100 100 0 2 0
8160 8166 732 868 735 871 1 0 100 94 -20046 32 6
8166 10249 735 871 735 871 0 0 94 94 0 2083 0
10249 10255 735 871 732 868 0 1 94 88 20807 32 6
10255 10257 732 868 732 870 1 0 88 86 -20807 32 2
10257 11686 732 870 732 870 0 0 86 86 0 1429 0
11686 11688 732 870 732 868 0 1 86 84 21347 32 2
11688 11689 732 868 732 868 1 1 84 84 0 1 0
11689 11690 732 868 733 868 1 0 84 83 -21347 32 1
11690 12259 733 868 733 868 0 0 83 83 0 569 0
12259 12260 733 868 732 868 0 1 83 82 21556 32 1
12260 12261 732 868 732 868 1 1 82 82 0 1 0
12261 12264 732 868 732 871 1 0 82 79 -21556 32 3
12264 12777 732 871 732 871 0 0 79 79 0 513 0
12777 12780 732 871 732 868 0 1 79 76 21739 32 3
12780 12781 732 868 732 868 1 1 76 76 0 1 0
12781 12782 732 868 733 868 1 0 76 75 -21739 32 1
12782 14805 733 868 733 868 0 0 75 75 0 2023 0
14805 14806 733 868 732 868 0 1 75 74 22530 32 1
14806 14807 732 868 732 869 1 0 74 73 -22530 32 1
14807 15088 732 869 732 869 0 0 73 73 0 281 0
15088 15089 732 869 732 868 0 1 73 72 22638 32 1
15089 15091 732 868 732 868 1 1 72 72 0 2 0
15091 15092 732 868 732 869 1 0 72 71 -22638 32 1
15092 15160 732 869 732 869 0 0 71 71 0 68 0
15160 15161 732 869 732 868 0 1 71 70 22670 32 1
15161 15162 732 868 732 868 1 1 70 70 0 1 0
15162 15163 732 868 732 869 1 0 70 69 -22670 32 1
15163 15509 732 869 732 869 0 0 69 69 0 346 0
15509 15510 732 869 732 868 0 1 69 68 22806 32 1
15510 15511 732 868 732 868 1 1 68 68 0 1 0
15511 15512 732 868 733 868 1 0 68 67 -22806 32 1
15512 16105 733 868 733 868 0 0 67 67 0 593 0
16105 16106 733 868 732 868 0 1 67 66 23053 32 1
16106 16112 732 868 737 869 1 0 66 60 -23053 32 6
16112 16548 737 869 737 869 0 0 60 60 0 436 0
16548 16554 737 869 732 868 0 1 60 54 23237 32 6
16554 16563 732 868 732 868 1 1 54 54 0 9 0
16563 16572 732 868 737 872 1 0 54 45 -23237 32 9
16572 16904 737 872 737 872 0 0 45 45 0 332 0
16904 16913 737 872 732 868 0 1 45 36 23384 32 9
16913 16914 732 868 732 869 1 0 36 35 -23384 32 1
16914 17268 732 869 732 869 0 0 35 35 0 354 0
17268 17269 732 869 732 868 0 1 35 34 23544 32 1
17269 17269 732 868 732 868 1 2 34 34 23542 26 0
17269 17271 732 868 732 868 2 2 34 34 0 2 0
17271 17284 732 868 742 871 2 1 34 21 -23544 32 13
17284 17295 742 871 734 868 1 0 21 10 -23542 2 11
17295 18376 734 868 734 868 0 0 10 10 0 1081 0
18376 18378 734 868 732 868 0 1 10 8 24044 32 2
18378 18380 732 868 734 868 1 0 8 6 -24044 32 2
18380 18659 734 868 734 868 0 0 6 6 0 279 0
18659 18661 734 868 732 868 0 1 6 4 24171 32 2
18661 18663 732 868 734 868 1 0 4 2 -24171 32 2
18663 43265 734 868 734 868 0 0 2 2 0 24602 0
43265 43267 734 868 732 868 0 0 2 0 1000000000 0 2
--------------------------------------
--------------------------------------
EV5
--------------------------------------
Num TPs served = 19
TPs served = 25711 26243 26470 26877 28110 28433 28880 29095 29519 29589 30547 30862 31164 31260 31523 31723 31724 32127 45227
Total energy used = 100
--------------------------------------
Schedule:
0 22054 732 868 732 868 0 0 100 100 0 22054 0
22054 22054 732 868 732 868 0 1 100 100 25711 32 0
22054 22057 732 868 732 868 1 1 100 100 0 3 0
22057 22059 732 868 733 869 1 0 100 98 -25711 32 2
22059 23160 733 869 733 869 0 0 98 98 0 1101 0
23160 23162 733 869 732 868 0 1 98 96 26243 32 2
23162 23165 732 868 734 869 1 0 96 93 -26243 32 3
23165 23593 734 869 734 869 0 0 93 93 0 428 0
23593 23596 734 869 732 868 0 1 93 90 26470 32 3
23596 23598 732 868 734 868 1 0 90 88 -26470 32 2
23598 24412 734 868 734 868 0 0 88 88 0 814 0
24412 24414 734 868 732 868 0 1 88 86 45227 32 2
24414 24416 732 868 732 868 1 1 86 86 0 2 0
24416 24416 732 868 732 868 1 2 86 86 26877 32 0
24416 24417 732 868 733 868 2 1 86 85 -45227 30 1
24417 24418 733 868 733 868 1 1 85 85 0 1 0
24418 24418 733 868 733 868 1 0 85 85 -26877 32 0
24418 26737 733 868 733 868 0 0 85 85 0 2319 0
26737 26738 733 868 732 868 0 1 85 84 28110 32 1
26738 26739 732 868 733 868 1 0 84 83 -28110 32 1
26739 27356 733 868 733 868 0 0 83 83 0 617 0
27356 27357 733 868 732 868 0 1 83 82 28433 32 1
27357 27358 732 868 733 868 1 0 82 81 -28433 32 1
27358 28221 733 868 733 868 0 0 81 81 0 863 0
28221 28222 733 868 732 868 0 1 81 80 28880 32 1
28222 28223 732 868 733 868 1 0 80 79 -28880 32 1
28223 28671 733 868 733 868 0 0 79 79 0 448 0
28671 28672 733 868 732 868 0 1 79 78 29095 32 1
28672 28675 732 868 735 868 1 0 78 75 -29095 32 3
28675 29557 735 868 735 868 0 0 75 75 0 882 0
29557 29560 735 868 732 868 0 1 75 72 29519 32 3
29560 29563 732 868 732 868 1 1 72 72 0 3 0
29563 29567 732 868 732 872 1 0 72 68 -29519 32 4
29567 29683 732 872 732 872 0 0 68 68 0 116 0
29683 29687 732 872 732 868 0 1 68 64 29589 32 4
29687 29689 732 868 732 870 1 0 64 62 -29589 32 2
29689 31541 732 870 732 870 0 0 62 62 0 1852 0
31541 31543 732 870 732 868 0 1 62 60 30547 32 2
31543 31546 732 868 732 868 1 1 60 60 0 3 0
31546 31547 732 868 733 868 1 0 60 59 -30547 32 1
31547 32207 733 868 733 868 0 0 59 59 0 660 0
32207 32208 733 868 732 868 0 1 59 58 30862 32 1
32208 32210 732 868 732 870 1 0 58 56 -30862 32 2
32210 32845 732 870 732 870 0 0 56 56 0 635 0
32845 32847 732 870 732 868 0 1 56 54 31164 32 2
32847 32853 732 868 733 873 1 0 54 48 -31164 32 6
32853 33065 733 873 733 873 0 0 48 48 0 212 0
33065 33071 733 873 732 868 0 1 48 42 31260 32 6
33071 33074 732 868 735 868 1 0 42 39 -31260 32 3
33074 33659 735 868 735 868 0 0 39 39 0 585 0
33659 33662 735 868 732 868 0 1 39 36 31523 32 3
33662 33667 732 868 736 869 1 0 36 31 -31523 32 5
33667 34120 736 869 736 869 0 0 31 31 0 453 0
34120 34125 736 869 732 868 0 1 31 26 31724 32 5
34125 34125 732 868 732 868 1 2 26 26 31723 30 0
34125 34132 732 868 732 868 2 2 26 26 0 7 0
34132 34136 732 868 732 872 2 1 26 22 -31724 32 4
34136 34145 732 872 737 868 1 0 22 13 -31723 15 9
34145 35003 737 868 737 868 0 0 13 13 0 858 0
35003 35008 737 868 732 868 0 1 13 8 32127 32 5
35008 35012 732 868 736 868 1 0 8 4 -32127 32 4
35012 43263 736 868 736 868 0 0 4 4 0 8251 0
43263 43267 736 868 732 868 0 0 4 0 1000000000 0 4
--------------------------------------
--------------------------------------
EV6
--------------------------------------
Num TPs served = 18
TPs served = 32628 32789 32846 32986 33123 33713 33763 33827 34323 34397 34432 35548 35690 35705 35878 36050 36485 36491
Total energy used = 100
--------------------------------------
Schedule:
0 1227 732 868 732 868 0 0 100 100 0 1227 0
1227 1227 732 868 732 868 0 1 100 100 35548 32 0
1227 1228 732 868 732 868 1 1 100 100 0 1 0
1228 1229 732 868 733 868 1 0 100 99 -35548 32 1
1229 1607 733 868 733 868 0 0 99 99 0 378 0
1607 1608 733 868 732 868 0 1 99 98 35690 32 1
1608 1610 732 868 734 868 1 0 98 96 -35690 32 2
1610 1639 734 868 734 868 0 0 96 96 0 29 0
1639 1641 734 868 732 868 0 1 96 94 35705 32 2
1641 1642 732 868 733 868 1 0 94 93 -35705 32 1
1642 2135 733 868 733 868 0 0 93 93 0 493 0
2135 2136 733 868 732 868 0 1 93 92 35878 32 1
2136 2152 732 868 746 870 1 0 92 76 -35878 32 16
2152 2612 746 870 746 870 0 0 76 76 0 460 0
2612 2628 746 870 732 868 0 1 76 60 36050 32 16
2628 2629 732 868 733 868 1 0 60 59 -36050 32 1
2629 3916 733 868 733 868 0 0 59 59 0 1287 0
3916 3917 733 868 732 868 0 1 59 58 36491 32 1
3917 3917 732 868 732 868 1 2 58 58 36485 17 0
3917 3918 732 868 732 869 2 1 58 57 -36491 32 1
3918 3920 732 869 734 869 1 0 57 55 -36485 17 2
3920 36218 734 869 734 869 0 0 55 55 0 32298 0
36218 36221 734 869 732 868 0 1 55 52 32628 32 3
36221 36222 732 868 733 868 1 0 52 51 -32628 32 1
36222 36605 733 868 733 868 0 0 51 51 0 383 0
36605 36606 733 868 732 868 0 1 51 50 32789 32 1
36606 36610 732 868 732 868 1 1 50 50 0 4 0
36610 36612 732 868 733 869 1 0 50 48 -32789 32 2
36612 36744 733 869 733 869 0 0 48 48 0 132 0
36744 36746 733 869 732 868 0 1 48 46 32846 32 2
36746 36748 732 868 734 868 1 0 46 44 -32846 32 2
36748 37154 734 868 734 868 0 0 44 44 0 406 0
37154 37156 734 868 732 868 0 1 44 42 32986 32 2
37156 37157 732 868 732 868 1 1 42 42 0 1 0
37157 37158 732 868 732 869 1 0 42 41 -32986 32 1
37158 37503 732 869 732 869 0 0 41 41 0 345 0
37503 37504 732 869 732 868 0 1 41 40 33123 32 1
37504 37509 732 868 732 873 1 0 40 35 -33123 32 5
37509 39037 732 873 732 873 0 0 35 35 0 1528 0
39037 39042 732 873 732 868 0 1 35 30 33713 32 5
39042 39044 732 868 734 868 1 0 30 28 -33713 32 2
39044 39160 734 868 734 868 0 0 28 28 0 116 0
39160 39162 734 868 732 868 0 1 28 26 33763 32 2
39162 39164 732 868 733 869 1 0 26 24 -33763 32 2
39164 39358 733 869 733 869 0 0 24 24 0 194 0
39358 39360 733 869 732 868 0 1 24 22 33827 32 2
39360 39362 732 868 734 868 1 0 22 20 -33827 32 2
39362 40684 734 868 734 868 0 0 20 20 0 1322 0
40684 40686 734 868 732 868 0 1 20 18 34323 32 2
40686 40688 732 868 732 870 1 0 18 16 -34323 32 2
40688 40923 732 870 732 870 0 0 16 16 0 235 0
40923 40925 732 870 732 868 0 1 16 14 34397 32 2
40925 40926 732 868 732 868 1 1 14 14 0 1 0
40926 40931 732 868 734 871 1 0 14 9 -34397 32 5
40931 41032 734 871 734 871 0 0 9 9 0 101 0
41032 41037 734 871 732 868 0 1 9 4 34432 32 5
41037 41039 732 868 734 868 1 0 4 2 -34432 32 2
41039 43265 734 868 734 868 0 0 2 2 0 2226 0
43265 43267 734 868 732 868 0 0 2 0 1000000000 0 2
--------------------------------------
--------------------------------------
EV7
--------------------------------------
Num TPs served = 19
TPs served = 37215 38144 38275 38528 38702 38767 38864 39133 39327 39431 39662 39713 40179 40212 41001 41630 41825 42108 42156
Total energy used = 100
--------------------------------------
Schedule:
0 6078 732 868 732 868 0 0 100 100 0 6078 0
6078 6078 732 868 732 868 0 1 100 100 37215 32 0
6078 6080 732 868 734 868 1 0 100 98 -37215 32 2
6080 8717 734 868 734 868 0 0 98 98 0 2637 0
8717 8719 734 868 732 868 0 1 98 96 38144 32 2
8719 8721 732 868 733 869 1 0 96 94 -38144 32 2
8721 9041 733 869 733 869 0 0 94 94 0 320 0
9041 9043 733 869 732 868 0 1 94 92 38275 32 2
9043 9047 732 868 735 869 1 0 92 88 -38275 32 4
9047 9717 735 869 735 869 0 0 88 88 0 670 0
9717 9721 735 869 732 868 0 1 88 84 38528 32 4
9721 9722 732 868 732 868 1 1 84 84 0 1 0
9722 9724 732 868 734 868 1 0 84 82 -38528 32 2
9724 10166 734 868 734 868 0 0 82 82 0 442 0
10166 10168 734 868 732 868 0 1 82 80 38702 32 2
10168 10171 732 868 735 868 1 0 80 77 -38702 32 3
10171 10336 735 868 735 868 0 0 77 77 0 165 0
10336 10339 735 868 732 868 0 1 77 74 38767 32 3
10339 10341 732 868 734 868 1 0 74 72 -38767 32 2
10341 10573 734 868 734 868 0 0 72 72 0 232 0
10573 10575 734 868 732 868 0 1 72 70 38864 32 2
10575 10577 732 868 734 868 1 0 70 68 -38864 32 2
10577 11156 734 868 734 868 0 0 68 68 0 579 0
11156 11158 734 868 732 868 0 1 68 66 39133 32 2
11158 11159 732 868 733 868 1 0 66 65 -39133 32 1
11159 11635 733 868 733 868 0 0 65 65 0 476 0
11635 11636 733 868 732 868 0 1 65 64 39327 32 1
11636 11637 732 868 733 868 1 0 64 63 -39327 32 1
11637 11905 733 868 733 868 0 0 63 63 0 268 0
11905 11906 733 868 732 868 0 1 63 62 39431 32 1
11906 11907 732 868 733 868 1 0 62 61 -39431 32 1
11907 12505 733 868 733 868 0 0 61 61 0 598 0
12505 12506 733 868 732 868 0 1 61 60 39662 32 1
12506 12507 732 868 733 868 1 0 60 59 -39662 32 1
12507 12633 733 868 733 868 0 0 59 59 0 126 0
12633 12634 733 868 732 868 0 1 59 58 39713 32 1
12634 12635 732 868 732 868 1 1 58 58 0 1 0
12635 12637 732 868 733 869 1 0 58 56 -39713 32 2
12637 13935 733 869 733 869 0 0 56 56 0 1298 0
13935 13937 733 869 732 868 0 1 56 54 40179 32 2
13937 13939 732 868 734 868 1 0 54 52 -40179 32 2
13939 14019 734 868 734 868 0 0 52 52 0 80 0
14019 14021 734 868 732 868 0 1 52 50 40212 32 2
14021 14024 732 868 732 868 1 1 50 50 0 3 0
14024 14025 732 868 732 869 1 0 50 49 -40212 32 1
14025 15865 732 869 732 869 0 0 49 49 0 1840 0
15865 15866 732 869 732 868 0 1 49 48 41001 32 1
15866 15867 732 868 732 869 1 0 48 47 -41001 32 1
15867 17317 732 869 732 869 0 0 47 47 0 1450 0
17317 17318 732 869 732 868 0 1 47 46 41630 32 1
17318 17320 732 868 733 869 1 0 46 44 -41630 32 2
17320 17727 733 869 733 869 0 0 44 44 0 407 0
17727 17729 733 869 732 868 0 1 44 42 41825 32 2
17729 17731 732 868 732 870 1 0 42 40 -41825 32 2
17731 18341 732 870 732 870 0 0 40 40 0 610 0
18341 18343 732 870 732 868 0 1 40 38 42108 32 2
18343 18345 732 868 732 868 1 1 38 38 0 2 0
18345 18352 732 868 736 871 1 0 38 31 -42108 32 7
18352 18441 736 871 736 871 0 0 31 31 0 89 0
18441 18448 736 871 732 868 0 1 31 24 42156 32 7
18448 18452 732 868 732 868 1 1 24 24 0 4 0
18452 18464 732 868 743 869 1 0 24 12 -42156 32 12
18464 43255 743 869 743 869 0 0 12 12 0 24791 0
43255 43267 743 869 732 868 0 0 12 0 1000000000 0 12
--------------------------------------

-------------------------------------------------------------------------

TPs

-------------------------------------------------------------------------

----------------------
TP396 allocated to 1
----------------------

----------------------
TP729 allocated to 1
----------------------

----------------------
TP832 allocated to 1
----------------------

----------------------
TP1008 allocated to 1
----------------------

----------------------
TP1943 allocated to 1
----------------------

----------------------
TP2129 allocated to 1
----------------------

----------------------
TP2189 allocated to 1
----------------------

----------------------
TP2232 allocated to 1
----------------------

----------------------
TP2293 allocated to 1
----------------------

----------------------
TP2385 allocated to 1
----------------------

----------------------
TP2606 allocated to 1
----------------------

----------------------
TP4087 allocated to 1
----------------------

----------------------
TP4257 allocated to 1
----------------------

----------------------
TP4271 allocated to 1
----------------------

----------------------
TP4389 allocated to 1
----------------------

----------------------
TP4451 allocated to 1
----------------------

----------------------
TP4748 allocated to 1
----------------------

----------------------
TP4923 allocated to 1
----------------------

----------------------
TP4949 allocated to 1
----------------------

----------------------
TP5099 allocated to 1
----------------------

----------------------
TP5216 allocated to 1
----------------------

----------------------
TP5226 allocated to 1
----------------------

----------------------
TP5338 allocated to 1
----------------------

----------------------
TP5896 allocated to 1
----------------------

----------------------
TP5906 allocated to 1
----------------------

----------------------
TP6004 allocated to 1
----------------------

----------------------
TP6239 allocated to 1
----------------------

----------------------
TP6585 allocated to 1
----------------------

----------------------
TP7190 allocated to 2
----------------------

----------------------
TP7425 allocated to 1
----------------------

----------------------
TP7864 allocated to 2
----------------------

----------------------
TP7991 allocated to 1
----------------------

----------------------
TP8083 allocated to 2
----------------------

----------------------
TP8085 allocated to 2
----------------------

----------------------
TP8436 allocated to 2
----------------------

----------------------
TP8560 allocated to 2
----------------------

----------------------
TP8638 allocated to 2
----------------------

----------------------
TP8913 allocated to 2
----------------------

----------------------
TP9769 allocated to 2
----------------------

----------------------
TP10294 allocated to 2
----------------------

----------------------
TP10584 allocated to 1
----------------------

----------------------
TP10667 allocated to 1
----------------------

----------------------
TP10977 allocated to 2
----------------------

----------------------
TP11074 allocated to 2
----------------------

----------------------
TP11147 allocated to 2
----------------------

----------------------
TP11659 allocated to 1
----------------------

----------------------
TP11750 allocated to 2
----------------------

----------------------
TP11874 allocated to 2
----------------------

----------------------
TP12038 allocated to 3
----------------------

----------------------
TP12334 allocated to 2
----------------------

----------------------
TP12443 allocated to 2
----------------------

----------------------
TP12780 allocated to 3
----------------------

----------------------
TP13793 allocated to 3
----------------------

----------------------
TP13897 allocated to 1
----------------------

----------------------
TP13911 allocated to 3
----------------------

----------------------
TP14221 allocated to 3
----------------------

----------------------
TP14403 allocated to 3
----------------------

----------------------
TP14708 allocated to 3
----------------------

----------------------
TP15911 allocated to 3
----------------------

----------------------
TP16025 allocated to 3
----------------------

----------------------
TP16092 allocated to 3
----------------------

----------------------
TP16217 allocated to 3
----------------------

----------------------
TP16433 allocated to 3
----------------------

----------------------
TP16500 allocated to 3
----------------------

----------------------
TP16645 allocated to 3
----------------------

----------------------
TP17406 allocated to 3
----------------------

----------------------
TP17902 allocated to 3
----------------------

----------------------
TP17918 allocated to 3
----------------------

----------------------
TP18251 allocated to 3
----------------------

----------------------
TP18510 allocated to 1
----------------------

----------------------
TP18987 allocated to 1
----------------------

----------------------
TP19001 allocated to 3
----------------------

----------------------
TP19085 allocated to 3
----------------------

----------------------
TP19523 allocated to 3
----------------------

----------------------
TP20046 allocated to 4
----------------------

----------------------
TP20632 allocated to 3
----------------------

----------------------
TP20807 allocated to 4
----------------------

----------------------
TP21347 allocated to 4
----------------------

----------------------
TP21556 allocated to 4
----------------------

----------------------
TP21739 allocated to 4
----------------------

----------------------
TP22530 allocated to 4
----------------------

----------------------
TP22638 allocated to 4
----------------------

----------------------
TP22670 allocated to 4
----------------------

----------------------
TP22806 allocated to 4
----------------------

----------------------
TP23053 allocated to 4
----------------------

----------------------
TP23081 allocated to 1
----------------------

----------------------
TP23237 allocated to 4
----------------------

----------------------
TP23384 allocated to 4
----------------------

----------------------
TP23542 allocated to 4
----------------------

----------------------
TP23544 allocated to 4
----------------------

----------------------
TP24044 allocated to 4
----------------------

----------------------
TP24171 allocated to 4
----------------------

----------------------
TP25711 allocated to 5
----------------------

----------------------
TP26243 allocated to 5
----------------------

----------------------
TP26470 allocated to 5
----------------------

----------------------
TP26877 allocated to 5
----------------------

----------------------
TP27766 allocated to 1
----------------------

----------------------
TP27850 allocated to 2
----------------------

----------------------
TP27851 allocated to 2
----------------------

----------------------
TP28110 allocated to 5
----------------------

----------------------
TP28433 allocated to 5
----------------------

----------------------
TP28880 allocated to 5
----------------------

----------------------
TP29095 allocated to 5
----------------------

----------------------
TP29519 allocated to 5
----------------------

----------------------
TP29589 allocated to 5
----------------------

----------------------
TP30547 allocated to 5
----------------------

----------------------
TP30862 allocated to 5
----------------------

----------------------
TP31164 allocated to 5
----------------------

----------------------
TP31250 allocated to 1
----------------------

----------------------
TP31260 allocated to 5
----------------------

----------------------
TP31523 allocated to 5
----------------------

----------------------
TP31723 allocated to 5
----------------------

----------------------
TP31724 allocated to 5
----------------------

----------------------
TP32127 allocated to 5
----------------------

----------------------
TP32213 allocated to 1
----------------------

----------------------
TP32628 allocated to 6
----------------------

----------------------
TP32789 allocated to 6
----------------------

----------------------
TP32846 allocated to 6
----------------------

----------------------
TP32986 allocated to 6
----------------------

----------------------
TP33123 allocated to 6
----------------------

----------------------
TP33246 allocated to 1
----------------------

----------------------
TP33713 allocated to 6
----------------------

----------------------
TP33763 allocated to 6
----------------------

----------------------
TP33827 allocated to 6
----------------------

----------------------
TP33947 allocated to 1
----------------------

----------------------
TP34323 allocated to 6
----------------------

----------------------
TP34397 allocated to 6
----------------------

----------------------
TP34432 allocated to 6
----------------------

----------------------
TP34614 allocated to 3
----------------------

----------------------
TP35080 allocated to 1
----------------------

----------------------
TP35548 allocated to 6
----------------------

----------------------
TP35690 allocated to 6
----------------------

----------------------
TP35705 allocated to 6
----------------------

----------------------
TP35759 allocated to 1
----------------------

----------------------
TP35878 allocated to 6
----------------------

----------------------
TP36050 allocated to 6
----------------------

----------------------
TP36485 allocated to 6
----------------------

----------------------
TP36491 allocated to 6
----------------------

----------------------
TP36554 allocated to 1
----------------------

----------------------
TP36607 allocated to 1
----------------------

----------------------
TP37215 allocated to 7
----------------------

----------------------
TP37992 allocated to 1
----------------------

----------------------
TP38144 allocated to 7
----------------------

----------------------
TP38240 allocated to 1
----------------------

----------------------
TP38275 allocated to 7
----------------------

----------------------
TP38356 allocated to 1
----------------------

----------------------
TP38528 allocated to 7
----------------------

----------------------
TP38702 allocated to 7
----------------------

----------------------
TP38767 allocated to 7
----------------------

----------------------
TP38864 allocated to 7
----------------------

----------------------
TP39133 allocated to 7
----------------------

----------------------
TP39327 allocated to 7
----------------------

----------------------
TP39431 allocated to 7
----------------------

----------------------
TP39662 allocated to 7
----------------------

----------------------
TP39713 allocated to 7
----------------------

----------------------
TP40179 allocated to 7
----------------------

----------------------
TP40212 allocated to 7
----------------------

----------------------
TP40784 allocated to 2
----------------------

----------------------
TP41001 allocated to 7
----------------------

----------------------
TP41167 allocated to 2
----------------------

----------------------
TP41630 allocated to 7
----------------------

----------------------
TP41825 allocated to 7
----------------------

----------------------
TP42108 allocated to 7
----------------------

----------------------
TP42156 allocated to 7
----------------------

----------------------
TP42321 allocated to 1
----------------------

----------------------
TP42628 not allocated
----------------------

----------------------
TP43739 allocated to 1
----------------------

----------------------
TP44766 not allocated
----------------------

----------------------
TP44835 not allocated
----------------------

----------------------
TP44854 not allocated
----------------------

----------------------
TP45083 not allocated
----------------------

----------------------
TP45227 allocated to 5
----------------------

----------------------
TP45432 not allocated
----------------------

----------------------
TP45500 not allocated
----------------------

----------------------
TP45804 not allocated
----------------------

----------------------
TP46097 not allocated
----------------------

----------------------
TP46270 not allocated
----------------------

----------------------
TP46408 not allocated
----------------------

----------------------
TP46477 not allocated
----------------------

----------------------
TP46613 not allocated
----------------------

----------------------
TP46765 not allocated
----------------------

----------------------
TP46937 not allocated
----------------------

----------------------
TP47433 not allocated
----------------------

----------------------
TP47604 not allocated
----------------------

----------------------
TP47606 not allocated
----------------------

----------------------
TP47798 not allocated
----------------------

----------------------
TP48141 allocated to 3
----------------------

----------------------
TP48348 allocated to 1
----------------------

----------------------
TP48820 not allocated
----------------------

----------------------
TP49481 not allocated
----------------------

----------------------
TP49568 not allocated
----------------------

-------------------------------------------------------------------------

Ride-sharing vs Individual Mode - Num Vehicles and Distance Comparisson 

-------------------------------------------------------------------------
Individual Mode = 191 vehicles.
Ride-sharing Mode = 29 vehicles. The 7 ride-sharing vehicles + 22 vehicles of the individuals not served by the ride-sharing service.
-------------------------------------------------------------------------
Individual Mode = 431 distance.
Ride-sharing Mode = 758 distance. 700 from the EV fleet + 58 from the distance of the trips not covered individuals had to do with their own vehicle.
-------------------------------------------------------------------------
