-------------------------------------------------------------------------
TPs satisfied = 79; Total TPs = 209; Percentage Satisfied + 37.8%
-------------------------------------------------------------------------

-------------------------------------------------------------------------

EVs

-------------------------------------------------------------------------
--------------------------------------
EV1
--------------------------------------
Num TPs served = 40
TPs served = 116 138 252 264 280 304 759 977 1117 1449 1698 1723 1874 2074 2300 2875 2880 2897 2985 3074 3690 6725 6995 7948 9016 9905 13335 13616 16639 19429 21451 22355 23699 27452 30943 36922 37242 38847 44194 45420
Total energy used = 100
--------------------------------------
Schedule:
0 228 610 744 610 744 0 0 100 100 0 228 0
228 228 610 744 610 744 0 1 100 100 116 32 0
228 230 610 744 611 745 1 0 100 98 -116 32 2
230 270 611 745 611 745 0 0 98 98 0 40 0
270 272 611 745 610 744 0 1 98 96 138 32 2
272 283 610 744 621 744 1 0 96 85 -138 32 11
283 483 621 744 621 744 0 0 85 85 0 200 0
483 494 621 744 610 744 0 1 85 74 252 32 11
494 520 610 744 610 744 1 1 74 74 0 26 0
520 520 610 744 610 744 1 2 74 74 264 32 0
520 523 610 744 613 744 2 1 74 71 -264 32 3
523 529 613 744 610 747 1 0 71 65 -252 0 6
529 547 610 747 610 747 0 0 65 65 0 18 0
547 550 610 747 610 744 0 1 65 62 280 32 3
550 551 610 744 610 744 1 1 62 62 0 1 0
551 552 610 744 611 744 1 0 62 61 -280 32 1
552 589 611 744 611 744 0 0 61 61 0 37 0
589 590 611 744 610 744 0 1 61 60 304 32 1
590 591 610 744 610 744 1 1 60 60 0 1 0
591 591 610 744 610 744 1 0 60 60 -304 32 0
591 1359 610 744 610 744 0 0 60 60 0 768 0
1359 1359 610 744 610 744 0 1 60 60 759 32 0
1359 1360 610 744 610 744 1 1 60 60 0 1 0
1360 1369 610 744 618 745 1 0 60 51 -759 32 9
1369 1710 618 745 618 745 0 0 51 51 0 341 0
1710 1719 618 745 610 744 0 1 51 42 977 32 9
1719 1721 610 744 610 744 1 1 42 42 0 2 0
1721 1723 610 744 612 744 1 0 42 40 -977 32 2
1723 1950 612 744 612 744 0 0 40 40 0 227 0
1950 1952 612 744 610 744 0 1 40 38 1117 32 2
1952 1953 610 744 611 744 1 0 38 37 -1117 32 1
1953 2527 611 744 611 744 0 0 37 37 0 574 0
2527 2528 611 744 610 744 0 1 37 36 1449 32 1
2528 2529 610 744 610 744 1 1 36 36 0 1 0
2529 2531 610 744 612 744 1 0 36 34 -1449 32 2
2531 2963 612 744 612 744 0 0 34 34 0 432 0
2963 2965 612 744 610 744 0 1 34 32 1698 32 2
2965 2966 610 744 610 745 1 0 32 31 -1698 32 1
2966 3011 610 745 610 745 0 0 31 31 0 45 0
3011 3012 610 745 610 744 0 1 31 30 1723 32 1
3012 3013 610 744 610 745 1 0 30 29 -1723 32 1
3013 3290 610 745 610 745 0 0 29 29 0 277 0
3290 3291 610 745 610 744 0 1 29 28 1874 32 1
3291 3295 610 744 614 744 1 0 28 24 -1874 32 4
3295 3641 614 744 614 744 0 0 24 24 0 346 0
3641 3645 614 744 610 744 0 1 24 20 2074 32 4
3645 3646 610 744 610 744 1 1 20 20 0 1 0
3646 3647 610 744 611 744 1 0 20 19 -2074 32 1
3647 4076 611 744 611 744 0 0 19 19 0 429 0
4076 4077 611 744 610 744 0 1 19 18 2300 32 1
4077 4079 610 744 612 744 1 0 18 16 -2300 32 2
4079 5134 612 744 612 744 0 0 16 16 0 1055 0
5134 5136 612 744 610 744 0 1 16 14 2880 32 2
5136 5136 610 744 610 744 1 2 14 14 2875 21 0
5136 5137 610 744 611 744 2 1 14 13 -2880 32 1
5137 5137 611 744 611 744 1 0 13 13 -2875 22 0
5137 5168 611 744 611 744 0 0 13 13 0 31 0
5168 5169 611 744 610 744 0 1 13 12 2897 32 1
5169 5174 610 744 610 744 1 1 12 12 0 5 0
5174 5178 610 744 610 748 1 0 12 8 -2897 32 4
5178 5222 610 748 610 748 0 0 8 8 0 44 0
5222 5226 610 748 610 744 0 1 8 4 36922 32 4
5226 5228 610 744 610 744 1 1 4 4 0 2 0
5228 5228 610 744 610 744 1 0 4 4 -36922 32 0
5228 5325 610 744 610 744 0 0 4 4 0 97 0
5325 5325 610 744 610 744 0 1 4 4 2985 32 0
5325 5327 610 744 610 744 1 1 4 4 0 2 0
5327 5327 610 744 610 744 1 0 4 4 -2985 32 0
5327 5484 610 744 610 744 0 0 4 4 0 157 0
5484 5484 610 744 610 744 0 1 4 4 3074 32 0
5484 5485 610 744 610 745 1 0 4 3 -3074 32 1
5485 6171 610 745 610 745 0 0 3 3 0 686 0
6171 6172 610 745 610 744 0 1 3 2 37242 32 1
6172 6174 610 744 610 744 1 1 2 2 0 2 0
6174 6174 610 744 610 744 1 0 2 2 -37242 32 0
6174 6297 610 744 610 744 0 0 2 2 0 123 0
6297 6297 610 744 610 744 0 1 2 2 19429 32 0
6297 6298 610 744 610 744 1 1 2 2 0 1 0
6298 6298 610 744 610 744 1 0 2 2 -19429 32 0
6298 6622 610 744 610 744 0 0 2 2 0 324 0
6622 6622 610 744 610 744 0 1 2 2 3690 32 0
6622 6623 610 744 610 745 1 0 2 1 -3690 32 1
6623 10531 610 745 610 745 0 0 1 1 0 3908 0
10531 10532 610 745 610 744 0 1 1 0 38847 32 1
10532 10534 610 744 610 744 1 1 0 0 0 2 0
10534 10534 610 744 610 744 1 0 0 0 -38847 32 0
10534 11965 610 744 610 744 0 0 0 0 0 1431 0
11965 11965 610 744 610 744 0 1 0 0 21451 32 0
11965 11966 610 744 610 744 1 1 0 0 0 1 0
11966 11966 610 744 610 744 1 0 0 0 -21451 32 0
11966 12404 610 744 610 744 0 0 0 0 0 438 0
12404 12404 610 744 610 744 0 1 0 0 6725 32 0
12404 12405 610 744 610 744 1 1 0 0 0 1 0
12405 12405 610 744 610 744 1 0 0 0 -6725 32 0
12405 13001 610 744 610 744 0 0 0 0 0 596 0
13001 13001 610 744 610 744 0 1 0 0 6995 32 0
13001 13008 610 744 610 744 1 1 0 0 0 7 0
13008 13008 610 744 610 744 1 0 0 0 -6995 32 0
13008 14380 610 744 610 744 0 0 0 0 0 1372 0
14380 14380 610 744 610 744 0 1 0 0 22355 32 0
14380 14381 610 744 610 744 1 1 0 0 0 1 0
14381 14381 610 744 610 744 1 0 0 0 -22355 32 0
14381 15085 610 744 610 744 0 0 0 0 0 704 0
15085 15085 610 744 610 744 0 1 0 0 7948 32 0
15085 15089 610 744 610 744 1 1 0 0 0 4 0
15089 15089 610 744 610 744 1 0 0 0 -7948 32 0
15089 17638 610 744 610 744 0 0 0 0 0 2549 0
17638 17638 610 744 610 744 0 1 0 0 23699 32 0
17638 17640 610 744 610 744 1 1 0 0 0 2 0
17640 17640 610 744 610 744 1 0 0 0 -23699 32 0
17640 17689 610 744 610 744 0 0 0 0 0 49 0
17689 17689 610 744 610 744 0 1 0 0 9016 32 0
17689 17690 610 744 610 744 1 1 0 0 0 1 0
17690 17690 610 744 610 744 1 0 0 0 -9016 32 0
17690 20126 610 744 610 744 0 0 0 0 0 2436 0
20126 20126 610 744 610 744 0 1 0 0 9905 32 0
20126 20127 610 744 610 744 1 1 0 0 0 1 0
20127 20127 610 744 610 744 1 0 0 0 -9905 32 0
20127 22550 610 744 610 744 0 0 0 0 0 2423 0
22550 22550 610 744 610 744 0 1 0 0 44194 32 0
22550 22551 610 744 610 744 1 1 0 0 0 1 0
22551 22551 610 744 610 744 1 0 0 0 -44194 32 0
22551 24758 610 744 610 744 0 0 0 0 0 2207 0
24758 24758 610 744 610 744 0 1 0 0 45420 32 0
24758 24759 610 744 610 744 1 1 0 0 0 1 0
24759 24759 610 744 610 744 1 0 0 0 -45420 32 0
24759 25482 610 744 610 744 0 0 0 0 0 723 0
25482 25482 610 744 610 744 0 1 0 0 27452 32 0
25482 25483 610 744 610 744 1 1 0 0 0 1 0
25483 25483 610 744 610 744 1 0 0 0 -27452 32 0
25483 31427 610 744 610 744 0 0 0 0 0 5944 0
31427 31427 610 744 610 744 0 1 0 0 13335 32 0
31427 31429 610 744 610 744 1 1 0 0 0 2 0
31429 31429 610 744 610 744 1 0 0 0 -13335 32 0
31429 32386 610 744 610 744 0 0 0 0 0 957 0
32386 32386 610 744 610 744 0 1 0 0 30943 32 0
32386 32387 610 744 610 744 1 1 0 0 0 1 0
32387 32387 610 744 610 744 1 0 0 0 -30943 32 0
32387 32551 610 744 610 744 0 0 0 0 0 164 0
32551 32551 610 744 610 744 0 1 0 0 13616 32 0
32551 32552 610 744 610 744 1 1 0 0 0 1 0
32552 32552 610 744 610 744 1 0 0 0 -13616 32 0
32552 41848 610 744 610 744 0 0 0 0 0 9296 0
41848 41848 610 744 610 744 0 1 0 0 16639 32 0
41848 41855 610 744 610 744 1 1 0 0 0 7 0
41855 41855 610 744 610 744 1 0 0 0 -16639 32 0
41855 43267 610 744 610 744 0 0 0 0 0 1412 0
43267 43267 610 744 610 744 0 0 0 0 1000000000 0 0
--------------------------------------
--------------------------------------
EV2
--------------------------------------
Num TPs served = 20
TPs served = 2949 4160 4456 4563 5000 5195 5370 5559 5573 5642 5690 6321 7490 7528 7799 8041 8042 8180 8266 8470
Total energy used = 100
--------------------------------------
Schedule:
0 5261 610 744 610 744 0 0 100 100 0 5261 0
5261 5261 610 744 610 744 0 1 100 100 2949 32 0
5261 5262 610 744 610 744 1 1 100 100 0 1 0
5262 5265 610 744 613 744 1 0 100 97 -2949 32 3
5265 7487 613 744 613 744 0 0 97 97 0 2222 0
7487 7490 613 744 610 744 0 1 97 94 4160 32 3
7490 7492 610 744 610 744 1 1 94 94 0 2 0
7492 7493 610 744 610 745 1 0 94 93 -4160 32 1
7493 8033 610 745 610 745 0 0 93 93 0 540 0
8033 8034 610 745 610 744 0 1 93 92 4456 32 1
8034 8040 610 744 616 744 1 0 92 86 -4456 32 6
8040 8239 616 744 616 744 0 0 86 86 0 199 0
8239 8245 616 744 610 744 0 1 86 80 4563 32 6
8245 8246 610 744 610 744 1 1 80 80 0 1 0
8246 8247 610 744 610 745 1 0 80 79 -4563 32 1
8247 9076 610 745 610 745 0 0 79 79 0 829 0
9076 9077 610 745 610 744 0 1 79 78 5000 32 1
9077 9079 610 744 612 744 1 0 78 76 -5000 32 2
9079 9428 612 744 612 744 0 0 76 76 0 349 0
9428 9430 612 744 610 744 0 1 76 74 5195 32 2
9430 9435 610 744 614 745 1 0 74 69 -5195 32 5
9435 9755 614 745 614 745 0 0 69 69 0 320 0
9755 9760 614 745 610 744 0 1 69 64 5370 32 5
9760 9761 610 744 610 745 1 0 64 63 -5370 32 1
9761 10121 610 745 610 745 0 0 63 63 0 360 0
10121 10122 610 745 610 744 0 1 63 62 5559 32 1
10122 10154 610 744 610 744 1 1 62 62 0 32 0
10154 10154 610 744 610 744 1 2 62 62 5573 32 0
10154 10166 610 744 622 744 2 1 62 50 -5559 1 12
10166 10175 622 744 613 744 1 0 50 41 -5573 16 9
10175 10301 613 744 613 744 0 0 41 41 0 126 0
10301 10304 613 744 610 744 0 1 41 38 5642 32 3
10304 10307 610 744 610 744 1 1 38 38 0 3 0
10307 10308 610 744 611 744 1 0 38 37 -5642 32 1
10308 10397 611 744 611 744 0 0 37 37 0 89 0
10397 10398 611 744 610 744 0 1 37 36 5690 32 1
10398 10399 610 744 610 744 1 1 36 36 0 1 0
10399 10400 610 744 610 745 1 0 36 35 -5690 32 1
10400 11598 610 745 610 745 0 0 35 35 0 1198 0
11598 11599 610 745 610 744 0 1 35 34 6321 32 1
11599 11600 610 744 610 744 1 1 34 34 0 1 0
11600 11601 610 744 611 744 1 0 34 33 -6321 32 1
11601 14103 611 744 611 744 0 0 33 33 0 2502 0
14103 14104 611 744 610 744 0 1 33 32 7490 32 1
14104 14106 610 744 611 745 1 0 32 30 -7490 32 2
14106 14164 611 745 611 745 0 0 30 30 0 58 0
14164 14166 611 745 610 744 0 1 30 28 7528 32 2
14166 14167 610 744 610 745 1 0 28 27 -7528 32 1
14167 14768 610 745 610 745 0 0 27 27 0 601 0
14768 14769 610 745 610 744 0 1 27 26 7799 32 1
14769 14774 610 744 615 744 1 0 26 21 -7799 32 5
14774 15290 615 744 615 744 0 0 21 21 0 516 0
15290 15295 615 744 610 744 0 1 21 16 8042 32 5
15295 15295 610 744 610 744 1 2 16 16 8041 27 0
15295 15297 610 744 610 744 2 2 16 16 0 2 0
15297 15298 610 744 611 744 2 1 16 15 -8042 32 1
15298 15299 611 744 612 744 1 0 15 14 -8041 25 1
15299 15631 612 744 612 744 0 0 14 14 0 332 0
15631 15633 612 744 610 744 0 1 14 12 8180 32 2
15633 15634 610 744 611 744 1 0 12 11 -8180 32 1
15634 15857 611 744 611 744 0 0 11 11 0 223 0
15857 15858 611 744 610 744 0 1 11 10 8266 32 1
15858 15859 610 744 610 744 1 1 10 10 0 1 0
15859 15862 610 744 611 746 1 0 10 7 -8266 32 3
15862 16291 611 746 611 746 0 0 7 7 0 429 0
16291 16294 611 746 610 744 0 1 7 4 8470 32 3
16294 16296 610 744 612 744 1 0 4 2 -8470 32 2
16296 43265 612 744 612 744 0 0 2 2 0 26969 0
43265 43267 612 744 610 744 0 0 2 0 1000000000 0 2
--------------------------------------
--------------------------------------
EV3
--------------------------------------
Num TPs served = 19
TPs served = 8731 9215 9289 9298 9688 9930 10200 10390 10783 10789 10979 11619 11663 11703 12257 12824 14262 14728 14747
Total energy used = 100
--------------------------------------
Schedule:
0 16975 610 744 610 744 0 0 100 100 0 16975 0
16975 16975 610 744 610 744 0 1 100 100 8731 32 0
16975 16978 610 744 611 746 1 0 100 97 -8731 32 3
16978 18227 611 746 611 746 0 0 97 97 0 1249 0
18227 18230 611 746 610 744 0 1 97 94 9215 32 3
18230 18242 610 744 615 751 1 0 94 82 -9215 32 12
18242 18441 615 751 615 751 0 0 82 82 0 199 0
18441 18453 615 751 610 744 0 1 82 70 9289 32 12
18453 18455 610 744 610 746 1 0 70 68 -9289 32 2
18455 18486 610 746 610 746 0 0 68 68 0 31 0
18486 18488 610 746 610 744 0 1 68 66 9298 32 2
18488 18489 610 744 610 745 1 0 66 65 -9298 32 1
18489 19523 610 745 610 745 0 0 65 65 0 1034 0
19523 19524 610 745 610 744 0 1 65 64 9688 32 1
19524 19527 610 744 610 744 1 1 64 64 0 3 0
19527 19528 610 744 611 744 1 0 64 63 -9688 32 1
19528 20205 611 744 611 744 0 0 63 63 0 677 0
20205 20206 611 744 610 744 0 1 63 62 9930 32 1
20206 20208 610 744 612 744 1 0 62 60 -9930 32 2
20208 20968 612 744 612 744 0 0 60 60 0 760 0
20968 20970 612 744 610 744 0 1 60 58 10200 32 2
20970 20971 610 744 610 744 1 1 58 58 0 1 0
20971 20973 610 744 612 744 1 0 58 56 -10200 32 2
20973 21528 612 744 612 744 0 0 56 56 0 555 0
21528 21530 612 744 610 744 0 1 56 54 10390 32 2
21530 21533 610 744 610 747 1 0 54 51 -10390 32 3
21533 22692 610 747 610 747 0 0 51 51 0 1159 0
22692 22695 610 747 610 744 0 1 51 48 10789 32 3
22695 22695 610 744 610 744 1 2 48 48 10783 13 0
22695 22696 610 744 610 744 2 2 48 48 0 1 0
22696 22699 610 744 613 744 2 1 48 45 -10789 32 3
22699 22699 613 744 613 744 1 0 45 45 -10783 12 0
22699 23317 613 744 613 744 0 0 45 45 0 618 0
23317 23320 613 744 610 744 0 1 45 42 10979 32 3
23320 23321 610 744 610 744 1 1 42 42 0 1 0
23321 23323 610 744 612 744 1 0 42 40 -10979 32 2
23323 25409 612 744 612 744 0 0 40 40 0 2086 0
25409 25411 612 744 610 744 0 1 40 38 11619 32 2
25411 25412 610 744 610 744 1 1 38 38 0 1 0
25412 25417 610 744 615 744 1 0 38 33 -11619 32 5
25417 25564 615 744 615 744 0 0 33 33 0 147 0
25564 25569 615 744 610 744 0 1 33 28 11663 32 5
25569 25575 610 744 616 744 1 0 28 22 -11663 32 6
25575 25696 616 744 616 744 0 0 22 22 0 121 0
25696 25702 616 744 610 744 0 1 22 16 11703 32 6
25702 25703 610 744 611 744 1 0 16 15 -11703 32 1
25703 27583 611 744 611 744 0 0 15 15 0 1880 0
27583 27584 611 744 610 744 0 1 15 14 12257 32 1
27584 27586 610 744 612 744 1 0 14 12 -12257 32 2
27586 29650 612 744 612 744 0 0 12 12 0 2064 0
29650 29652 612 744 610 744 0 1 12 10 12824 32 2
29652 29653 610 744 610 745 1 0 10 9 -12824 32 1
29653 34966 610 745 610 745 0 0 9 9 0 5313 0
34966 34967 610 745 610 744 0 1 9 8 14262 32 1
34967 34974 610 744 610 744 1 1 8 8 0 7 0
34974 34975 610 744 611 744 1 0 8 7 -14262 32 1
34975 36793 611 744 611 744 0 0 7 7 0 1818 0
36793 36794 611 744 610 744 0 1 7 6 14728 32 1
36794 36795 610 744 610 745 1 0 6 5 -14728 32 1
36795 36856 610 745 610 745 0 0 5 5 0 61 0
36856 36857 610 745 610 744 0 1 5 4 14747 32 1
36857 36861 610 744 610 744 1 1 4 4 0 4 0
36861 36863 610 744 611 745 1 0 4 2 -14747 32 2
36863 43265 611 745 611 745 0 0 2 2 0 6402 0
43265 43267 611 745 610 744 0 0 2 0 1000000000 0 2
--------------------------------------

-------------------------------------------------------------------------

TPs

-------------------------------------------------------------------------

----------------------
TP116 allocated to 1
----------------------

----------------------
TP138 allocated to 1
----------------------

----------------------
TP252 allocated to 1
----------------------

----------------------
TP264 allocated to 1
----------------------

----------------------
TP280 allocated to 1
----------------------

----------------------
TP304 allocated to 1
----------------------

----------------------
TP759 allocated to 1
----------------------

----------------------
TP977 allocated to 1
----------------------

----------------------
TP1117 allocated to 1
----------------------

----------------------
TP1449 allocated to 1
----------------------

----------------------
TP1698 allocated to 1
----------------------

----------------------
TP1723 allocated to 1
----------------------

----------------------
TP1874 allocated to 1
----------------------

----------------------
TP2074 allocated to 1
----------------------

----------------------
TP2300 allocated to 1
----------------------

----------------------
TP2875 allocated to 1
----------------------

----------------------
TP2880 allocated to 1
----------------------

----------------------
TP2897 allocated to 1
----------------------

----------------------
TP2949 allocated to 2
----------------------

----------------------
TP2985 allocated to 1
----------------------

----------------------
TP3074 allocated to 1
----------------------

----------------------
TP3690 allocated to 1
----------------------

----------------------
TP4160 allocated to 2
----------------------

----------------------
TP4456 allocated to 2
----------------------

----------------------
TP4563 allocated to 2
----------------------

----------------------
TP5000 allocated to 2
----------------------

----------------------
TP5195 allocated to 2
----------------------

----------------------
TP5370 allocated to 2
----------------------

----------------------
TP5559 allocated to 2
----------------------

----------------------
TP5573 allocated to 2
----------------------

----------------------
TP5642 allocated to 2
----------------------

----------------------
TP5690 allocated to 2
----------------------

----------------------
TP6321 allocated to 2
----------------------

----------------------
TP6725 allocated to 1
----------------------

----------------------
TP6995 allocated to 1
----------------------

----------------------
TP7490 allocated to 2
----------------------

----------------------
TP7528 allocated to 2
----------------------

----------------------
TP7799 allocated to 2
----------------------

----------------------
TP7948 allocated to 1
----------------------

----------------------
TP8041 allocated to 2
----------------------

----------------------
TP8042 allocated to 2
----------------------

----------------------
TP8180 allocated to 2
----------------------

----------------------
TP8266 allocated to 2
----------------------

----------------------
TP8470 allocated to 2
----------------------

----------------------
TP8731 allocated to 3
----------------------

----------------------
TP9016 allocated to 1
----------------------

----------------------
TP9215 allocated to 3
----------------------

----------------------
TP9289 allocated to 3
----------------------

----------------------
TP9298 allocated to 3
----------------------

----------------------
TP9688 allocated to 3
----------------------

----------------------
TP9905 allocated to 1
----------------------

----------------------
TP9930 allocated to 3
----------------------

----------------------
TP10200 allocated to 3
----------------------

----------------------
TP10390 allocated to 3
----------------------

----------------------
TP10783 allocated to 3
----------------------

----------------------
TP10789 allocated to 3
----------------------

----------------------
TP10979 allocated to 3
----------------------

----------------------
TP11619 allocated to 3
----------------------

----------------------
TP11663 allocated to 3
----------------------

----------------------
TP11703 allocated to 3
----------------------

----------------------
TP11786 not allocated
----------------------

----------------------
TP12257 allocated to 3
----------------------

----------------------
TP12824 allocated to 3
----------------------

----------------------
TP13095 not allocated
----------------------

----------------------
TP13335 allocated to 1
----------------------

----------------------
TP13616 allocated to 1
----------------------

----------------------
TP14262 allocated to 3
----------------------

----------------------
TP14728 allocated to 3
----------------------

----------------------
TP14747 allocated to 3
----------------------

----------------------
TP14762 not allocated
----------------------

----------------------
TP15162 not allocated
----------------------

----------------------
TP15205 not allocated
----------------------

----------------------
TP16321 not allocated
----------------------

----------------------
TP16403 not allocated
----------------------

----------------------
TP16410 not allocated
----------------------

----------------------
TP16572 not allocated
----------------------

----------------------
TP16639 allocated to 1
----------------------

----------------------
TP16928 not allocated
----------------------

----------------------
TP17099 not allocated
----------------------

----------------------
TP17290 not allocated
----------------------

----------------------
TP17751 not allocated
----------------------

----------------------
TP17949 not allocated
----------------------

----------------------
TP18385 not allocated
----------------------

----------------------
TP18425 not allocated
----------------------

----------------------
TP18643 not allocated
----------------------

----------------------
TP18694 not allocated
----------------------

----------------------
TP19376 not allocated
----------------------

----------------------
TP19429 allocated to 1
----------------------

----------------------
TP19796 not allocated
----------------------

----------------------
TP21263 not allocated
----------------------

----------------------
TP21451 allocated to 1
----------------------

----------------------
TP21478 not allocated
----------------------

----------------------
TP22139 not allocated
----------------------

----------------------
TP22193 not allocated
----------------------

----------------------
TP22355 allocated to 1
----------------------

----------------------
TP22395 not allocated
----------------------

----------------------
TP22836 not allocated
----------------------

----------------------
TP22924 not allocated
----------------------

----------------------
TP23071 not allocated
----------------------

----------------------
TP23699 allocated to 1
----------------------

----------------------
TP23842 not allocated
----------------------

----------------------
TP23872 not allocated
----------------------

----------------------
TP23943 not allocated
----------------------

----------------------
TP24133 not allocated
----------------------

----------------------
TP24168 not allocated
----------------------

----------------------
TP24319 not allocated
----------------------

----------------------
TP24519 not allocated
----------------------

----------------------
TP24817 not allocated
----------------------

----------------------
TP24897 not allocated
----------------------

----------------------
TP25055 not allocated
----------------------

----------------------
TP25096 not allocated
----------------------

----------------------
TP25755 not allocated
----------------------

----------------------
TP26055 not allocated
----------------------

----------------------
TP27363 not allocated
----------------------

----------------------
TP27452 allocated to 1
----------------------

----------------------
TP27641 not allocated
----------------------

----------------------
TP27833 not allocated
----------------------

----------------------
TP28755 not allocated
----------------------

----------------------
TP28920 not allocated
----------------------

----------------------
TP29047 not allocated
----------------------

----------------------
TP29104 not allocated
----------------------

----------------------
TP29169 not allocated
----------------------

----------------------
TP29233 not allocated
----------------------

----------------------
TP29313 not allocated
----------------------

----------------------
TP30248 not allocated
----------------------

----------------------
TP30321 not allocated
----------------------

----------------------
TP30379 not allocated
----------------------

----------------------
TP30786 not allocated
----------------------

----------------------
TP30811 not allocated
----------------------

----------------------
TP30943 allocated to 1
----------------------

----------------------
TP30997 not allocated
----------------------

----------------------
TP31093 not allocated
----------------------

----------------------
TP31463 not allocated
----------------------

----------------------
TP31538 not allocated
----------------------

----------------------
TP32212 not allocated
----------------------

----------------------
TP32388 not allocated
----------------------

----------------------
TP32451 not allocated
----------------------

----------------------
TP32509 not allocated
----------------------

----------------------
TP32562 not allocated
----------------------

----------------------
TP32613 not allocated
----------------------

----------------------
TP32988 not allocated
----------------------

----------------------
TP33024 not allocated
----------------------

----------------------
TP33192 not allocated
----------------------

----------------------
TP33237 not allocated
----------------------

----------------------
TP33397 not allocated
----------------------

----------------------
TP33776 not allocated
----------------------

----------------------
TP33901 not allocated
----------------------

----------------------
TP34584 not allocated
----------------------

----------------------
TP35105 not allocated
----------------------

----------------------
TP35127 not allocated
----------------------

----------------------
TP35507 not allocated
----------------------

----------------------
TP36155 not allocated
----------------------

----------------------
TP36922 allocated to 1
----------------------

----------------------
TP37242 allocated to 1
----------------------

----------------------
TP37471 not allocated
----------------------

----------------------
TP37613 not allocated
----------------------

----------------------
TP37745 not allocated
----------------------

----------------------
TP37856 not allocated
----------------------

----------------------
TP37878 not allocated
----------------------

----------------------
TP38306 not allocated
----------------------

----------------------
TP38520 not allocated
----------------------

----------------------
TP38529 not allocated
----------------------

----------------------
TP38545 not allocated
----------------------

----------------------
TP38847 allocated to 1
----------------------

----------------------
TP39123 not allocated
----------------------

----------------------
TP39616 not allocated
----------------------

----------------------
TP39942 not allocated
----------------------

----------------------
TP39948 not allocated
----------------------

----------------------
TP40921 not allocated
----------------------

----------------------
TP41295 not allocated
----------------------

----------------------
TP41403 not allocated
----------------------

----------------------
TP41519 not allocated
----------------------

----------------------
TP41696 not allocated
----------------------

----------------------
TP43201 not allocated
----------------------

----------------------
TP43272 not allocated
----------------------

----------------------
TP43311 not allocated
----------------------

----------------------
TP43605 not allocated
----------------------

----------------------
TP43632 not allocated
----------------------

----------------------
TP43902 not allocated
----------------------

----------------------
TP44194 allocated to 1
----------------------

----------------------
TP44461 not allocated
----------------------

----------------------
TP44560 not allocated
----------------------

----------------------
TP44639 not allocated
----------------------

----------------------
TP44858 not allocated
----------------------

----------------------
TP44860 not allocated
----------------------

----------------------
TP45096 not allocated
----------------------

----------------------
TP45420 allocated to 1
----------------------

----------------------
TP45476 not allocated
----------------------

----------------------
TP46021 not allocated
----------------------

----------------------
TP46089 not allocated
----------------------

----------------------
TP46148 not allocated
----------------------

----------------------
TP46205 not allocated
----------------------

----------------------
TP46455 not allocated
----------------------

----------------------
TP46469 not allocated
----------------------

----------------------
TP46471 not allocated
----------------------

----------------------
TP46628 not allocated
----------------------

----------------------
TP46659 not allocated
----------------------

----------------------
TP46785 not allocated
----------------------

----------------------
TP46817 not allocated
----------------------

----------------------
TP47442 not allocated
----------------------

----------------------
TP47572 not allocated
----------------------

----------------------
TP47735 not allocated
----------------------

----------------------
TP48012 not allocated
----------------------

----------------------
TP48205 not allocated
----------------------

----------------------
TP48553 not allocated
----------------------

----------------------
TP48619 not allocated
----------------------

----------------------
TP49024 not allocated
----------------------

----------------------
TP49866 not allocated
----------------------

----------------------
TP49921 not allocated
----------------------

-------------------------------------------------------------------------

Ride-sharing vs Individual Mode - Num Vehicles and Distance Comparisson 

-------------------------------------------------------------------------
Individual Mode = 209 vehicles.
Ride-sharing Mode = 133 vehicles. The 3 ride-sharing vehicles + 130 vehicles of the individuals not served by the ride-sharing service.
-------------------------------------------------------------------------
Individual Mode = 562 distance.
Ride-sharing Mode = 704 distance. 300 from the EV fleet + 404 from the distance of the trips not covered individuals had to do with their own vehicle.
-------------------------------------------------------------------------
