-------------------------------------------------------------------------
Weight of TPs satisfied = 78; Total TPs = 500; Percentage Satisfied + 2.1999999999999997%
-------------------------------------------------------------------------

-------------------------------------------------------------------------

EVs

-------------------------------------------------------------------------
--------------------------------------
EV1
--------------------------------------
Labels = 5
TPs served = 69 145 212 296 480
Total energy used = 98
--------------------------------------
Schedule:
0 32 0 0 0 0 0 0 100 100 0 32 0
32 36 0 0 2 2 0 1 100 96 480 922 4
36 38 2 2 3 3 1 2 96 94 145 904 2
38 61 3 3 3 3 2 2 94 94 0 23 0
61 65 3 3 5 5 2 3 94 90 296 916 4
65 84 5 5 24 5 3 2 90 71 -296 966 19
84 87 24 5 23 3 2 1 71 68 -145 925 3
87 109 23 3 2 2 1 2 68 46 212 901 22
109 193 2 2 2 2 2 2 46 46 0 84 0
193 193 2 2 2 2 2 3 46 46 69 901 0
193 211 2 2 7 15 3 2 46 28 -212 867 18
211 213 7 15 8 16 2 1 28 26 -480 815 2
213 218 8 16 4 15 1 0 26 21 -69 941 5
218 2628 4 15 4 15 0 0 21 21 0 2410 0
2628 2647 4 15 0 0 0 0 21 2 1000000000 0 19
--------------------------------------
--------------------------------------
EV2
--------------------------------------
Labels = 6
TPs served = 3 61 276 340 343 475
Total energy used = 100
--------------------------------------
Schedule:
0 53 0 0 0 0 0 0 100 100 0 53 0
53 53 0 0 0 0 0 1 100 100 276 925 0
53 233 0 0 0 0 1 1 100 100 0 180 0
233 233 0 0 0 0 1 2 100 100 475 925 0
233 239 0 0 3 3 2 3 100 94 3 689 6
239 247 3 3 7 7 3 2 94 86 -475 975 8
247 326 7 7 7 7 2 2 86 86 0 79 0
326 334 7 7 3 3 2 3 86 78 61 918 8
334 347 3 3 9 10 3 2 78 65 -276 700 13
347 350 9 10 9 7 2 1 65 62 -61 962 3
350 352 9 7 9 9 1 2 62 60 340 917 2
352 362 9 9 4 4 2 3 60 50 343 908 10
362 372 4 4 7 11 3 2 50 40 -343 958 10
372 380 7 11 13 13 2 1 40 32 -3 618 8
380 384 13 13 12 16 1 0 32 28 -340 945 4
384 2619 12 16 12 16 0 0 28 28 0 2235 0
2619 2647 12 16 0 0 0 0 28 0 1000000000 0 28
--------------------------------------
--------------------------------------
EV3
--------------------------------------
Labels = 0
TPs served = 
Total energy used = 0
--------------------------------------
Schedule:
0 2642 0 141 0 141 0 0 100 100 0 2642 0
2642 2643 0 141 0 141 0 0 100 100 0 0 0
2643 2647 0 141 0 141 0 0 100 100 0 0 0
--------------------------------------
--------------------------------------
EV4
--------------------------------------
Labels = 0
TPs served = 
Total energy used = 0
--------------------------------------
Schedule:
0 2642 0 141 0 141 0 0 100 100 0 2642 0
2642 2643 0 141 0 141 0 0 100 100 0 0 0
2643 2647 0 141 0 141 0 0 100 100 0 0 0
--------------------------------------
--------------------------------------
EV5
--------------------------------------
Labels = 0
TPs served = 
Total energy used = 0
--------------------------------------
Schedule:
0 2642 0 282 0 282 0 0 100 100 0 2642 0
2642 2643 0 282 0 282 0 0 100 100 0 0 0
2643 2647 0 282 0 282 0 0 100 100 0 0 0
--------------------------------------
--------------------------------------
EV6
--------------------------------------
Labels = 0
TPs served = 
Total energy used = 0
--------------------------------------
Schedule:
0 2642 0 282 0 282 0 0 100 100 0 2642 0
2642 2643 0 282 0 282 0 0 100 100 0 0 0
2643 2647 0 282 0 282 0 0 100 100 0 0 0
--------------------------------------
--------------------------------------
EV7
--------------------------------------
Labels = 0
TPs served = 
Total energy used = 0
--------------------------------------
Schedule:
0 2642 0 423 0 423 0 0 100 100 0 2642 0
2642 2643 0 423 0 423 0 0 100 100 0 0 0
2643 2647 0 423 0 423 0 0 100 100 0 0 0
--------------------------------------
--------------------------------------
EV8
--------------------------------------
Labels = 0
TPs served = 
Total energy used = 0
--------------------------------------
Schedule:
0 2642 0 423 0 423 0 0 100 100 0 2642 0
2642 2643 0 423 0 423 0 0 100 100 0 0 0
2643 2647 0 423 0 423 0 0 100 100 0 0 0
--------------------------------------
--------------------------------------
EV9
--------------------------------------
Labels = 0
TPs served = 
Total energy used = 0
--------------------------------------
Schedule:
0 2642 0 564 0 564 0 0 100 100 0 2642 0
2642 2643 0 564 0 564 0 0 100 100 0 0 0
2643 2647 0 564 0 564 0 0 100 100 0 0 0
--------------------------------------
--------------------------------------
EV10
--------------------------------------
Labels = 0
TPs served = 
Total energy used = 0
--------------------------------------
Schedule:
0 2642 0 564 0 564 0 0 100 100 0 2642 0
2642 2643 0 564 0 564 0 0 100 100 0 0 0
2643 2647 0 564 0 564 0 0 100 100 0 0 0
--------------------------------------
--------------------------------------
EV11
--------------------------------------
Labels = 0
TPs served = 
Total energy used = 0
--------------------------------------
Schedule:
0 2642 0 705 0 705 0 0 100 100 0 2642 0
2642 2643 0 705 0 705 0 0 100 100 0 0 0
2643 2647 0 705 0 705 0 0 100 100 0 0 0
--------------------------------------
--------------------------------------
EV12
--------------------------------------
Labels = 0
TPs served = 
Total energy used = 0
--------------------------------------
Schedule:
0 2642 0 705 0 705 0 0 100 100 0 2642 0
2642 2643 0 705 0 705 0 0 100 100 0 0 0
2643 2647 0 705 0 705 0 0 100 100 0 0 0
--------------------------------------
--------------------------------------
EV13
--------------------------------------
Labels = 0
TPs served = 
Total energy used = 0
--------------------------------------
Schedule:
0 2642 0 846 0 846 0 0 100 100 0 2642 0
2642 2643 0 846 0 846 0 0 100 100 0 0 0
2643 2647 0 846 0 846 0 0 100 100 0 0 0
--------------------------------------
--------------------------------------
EV14
--------------------------------------
Labels = 0
TPs served = 
Total energy used = 0
--------------------------------------
Schedule:
0 2642 0 846 0 846 0 0 100 100 0 2642 0
2642 2643 0 846 0 846 0 0 100 100 0 0 0
2643 2647 0 846 0 846 0 0 100 100 0 0 0
--------------------------------------
--------------------------------------
EV15
--------------------------------------
Labels = 0
TPs served = 
Total energy used = 0
--------------------------------------
Schedule:
0 2642 141 0 141 0 0 0 100 100 0 2642 0
2642 2643 141 0 141 0 0 0 100 100 0 0 0
2643 2647 141 0 141 0 0 0 100 100 0 0 0
--------------------------------------
--------------------------------------
EV16
--------------------------------------
Labels = 0
TPs served = 
Total energy used = 0
--------------------------------------
Schedule:
0 2642 141 0 141 0 0 0 100 100 0 2642 0
2642 2643 141 0 141 0 0 0 100 100 0 0 0
2643 2647 141 0 141 0 0 0 100 100 0 0 0
--------------------------------------
--------------------------------------
EV17
--------------------------------------
Labels = 0
TPs served = 
Total energy used = 0
--------------------------------------
Schedule:
0 2642 141 141 141 141 0 0 100 100 0 2642 0
2642 2643 141 141 141 141 0 0 100 100 0 0 0
2643 2647 141 141 141 141 0 0 100 100 0 0 0
--------------------------------------
--------------------------------------
EV18
--------------------------------------
Labels = 0
TPs served = 
Total energy used = 0
--------------------------------------
Schedule:
0 2642 141 141 141 141 0 0 100 100 0 2642 0
2642 2643 141 141 141 141 0 0 100 100 0 0 0
2643 2647 141 141 141 141 0 0 100 100 0 0 0
--------------------------------------
--------------------------------------
EV19
--------------------------------------
Labels = 0
TPs served = 
Total energy used = 0
--------------------------------------
Schedule:
0 2642 141 282 141 282 0 0 100 100 0 2642 0
2642 2643 141 282 141 282 0 0 100 100 0 0 0
2643 2647 141 282 141 282 0 0 100 100 0 0 0
--------------------------------------
--------------------------------------
EV20
--------------------------------------
Labels = 0
TPs served = 
Total energy used = 0
--------------------------------------
Schedule:
0 2642 141 282 141 282 0 0 100 100 0 2642 0
2642 2643 141 282 141 282 0 0 100 100 0 0 0
2643 2647 141 282 141 282 0 0 100 100 0 0 0
--------------------------------------
--------------------------------------
EV21
--------------------------------------
Labels = 0
TPs served = 
Total energy used = 0
--------------------------------------
Schedule:
0 2642 141 423 141 423 0 0 100 100 0 2642 0
2642 2643 141 423 141 423 0 0 100 100 0 0 0
2643 2647 141 423 141 423 0 0 100 100 0 0 0
--------------------------------------
--------------------------------------
EV22
--------------------------------------
Labels = 0
TPs served = 
Total energy used = 0
--------------------------------------
Schedule:
0 2642 141 423 141 423 0 0 100 100 0 2642 0
2642 2643 141 423 141 423 0 0 100 100 0 0 0
2643 2647 141 423 141 423 0 0 100 100 0 0 0
--------------------------------------
--------------------------------------
EV23
--------------------------------------
Labels = 0
TPs served = 
Total energy used = 0
--------------------------------------
Schedule:
0 2642 141 564 141 564 0 0 100 100 0 2642 0
2642 2643 141 564 141 564 0 0 100 100 0 0 0
2643 2647 141 564 141 564 0 0 100 100 0 0 0
--------------------------------------
--------------------------------------
EV24
--------------------------------------
Labels = 0
TPs served = 
Total energy used = 0
--------------------------------------
Schedule:
0 2642 141 564 141 564 0 0 100 100 0 2642 0
2642 2643 141 564 141 564 0 0 100 100 0 0 0
2643 2647 141 564 141 564 0 0 100 100 0 0 0
--------------------------------------
--------------------------------------
EV25
--------------------------------------
Labels = 0
TPs served = 
Total energy used = 0
--------------------------------------
Schedule:
0 2642 141 705 141 705 0 0 100 100 0 2642 0
2642 2643 141 705 141 705 0 0 100 100 0 0 0
2643 2647 141 705 141 705 0 0 100 100 0 0 0
--------------------------------------
--------------------------------------
EV26
--------------------------------------
Labels = 0
TPs served = 
Total energy used = 0
--------------------------------------
Schedule:
0 2642 141 705 141 705 0 0 100 100 0 2642 0
2642 2643 141 705 141 705 0 0 100 100 0 0 0
2643 2647 141 705 141 705 0 0 100 100 0 0 0
--------------------------------------
--------------------------------------
EV27
--------------------------------------
Labels = 0
TPs served = 
Total energy used = 0
--------------------------------------
Schedule:
0 2642 141 846 141 846 0 0 100 100 0 2642 0
2642 2643 141 846 141 846 0 0 100 100 0 0 0
2643 2647 141 846 141 846 0 0 100 100 0 0 0
--------------------------------------
--------------------------------------
EV28
--------------------------------------
Labels = 0
TPs served = 
Total energy used = 0
--------------------------------------
Schedule:
0 2642 141 846 141 846 0 0 100 100 0 2642 0
2642 2643 141 846 141 846 0 0 100 100 0 0 0
2643 2647 141 846 141 846 0 0 100 100 0 0 0
--------------------------------------
--------------------------------------
EV29
--------------------------------------
Labels = 0
TPs served = 
Total energy used = 0
--------------------------------------
Schedule:
0 2642 282 0 282 0 0 0 100 100 0 2642 0
2642 2643 282 0 282 0 0 0 100 100 0 0 0
2643 2647 282 0 282 0 0 0 100 100 0 0 0
--------------------------------------
--------------------------------------
EV30
--------------------------------------
Labels = 0
TPs served = 
Total energy used = 0
--------------------------------------
Schedule:
0 2642 282 0 282 0 0 0 100 100 0 2642 0
2642 2643 282 0 282 0 0 0 100 100 0 0 0
2643 2647 282 0 282 0 0 0 100 100 0 0 0
--------------------------------------
--------------------------------------
EV31
--------------------------------------
Labels = 0
TPs served = 
Total energy used = 0
--------------------------------------
Schedule:
0 2642 282 141 282 141 0 0 100 100 0 2642 0
2642 2643 282 141 282 141 0 0 100 100 0 0 0
2643 2647 282 141 282 141 0 0 100 100 0 0 0
--------------------------------------
--------------------------------------
EV32
--------------------------------------
Labels = 0
TPs served = 
Total energy used = 0
--------------------------------------
Schedule:
0 2642 282 141 282 141 0 0 100 100 0 2642 0
2642 2643 282 141 282 141 0 0 100 100 0 0 0
2643 2647 282 141 282 141 0 0 100 100 0 0 0
--------------------------------------
--------------------------------------
EV33
--------------------------------------
Labels = 0
TPs served = 
Total energy used = 0
--------------------------------------
Schedule:
0 2642 282 282 282 282 0 0 100 100 0 2642 0
2642 2643 282 282 282 282 0 0 100 100 0 0 0
2643 2647 282 282 282 282 0 0 100 100 0 0 0
--------------------------------------
--------------------------------------
EV34
--------------------------------------
Labels = 0
TPs served = 
Total energy used = 0
--------------------------------------
Schedule:
0 2642 282 282 282 282 0 0 100 100 0 2642 0
2642 2643 282 282 282 282 0 0 100 100 0 0 0
2643 2647 282 282 282 282 0 0 100 100 0 0 0
--------------------------------------
--------------------------------------
EV35
--------------------------------------
Labels = 0
TPs served = 
Total energy used = 0
--------------------------------------
Schedule:
0 2642 282 423 282 423 0 0 100 100 0 2642 0
2642 2643 282 423 282 423 0 0 100 100 0 0 0
2643 2647 282 423 282 423 0 0 100 100 0 0 0
--------------------------------------
--------------------------------------
EV36
--------------------------------------
Labels = 0
TPs served = 
Total energy used = 0
--------------------------------------
Schedule:
0 2642 282 423 282 423 0 0 100 100 0 2642 0
2642 2643 282 423 282 423 0 0 100 100 0 0 0
2643 2647 282 423 282 423 0 0 100 100 0 0 0
--------------------------------------
--------------------------------------
EV37
--------------------------------------
Labels = 0
TPs served = 
Total energy used = 0
--------------------------------------
Schedule:
0 2642 282 564 282 564 0 0 100 100 0 2642 0
2642 2643 282 564 282 564 0 0 100 100 0 0 0
2643 2647 282 564 282 564 0 0 100 100 0 0 0
--------------------------------------
--------------------------------------
EV38
--------------------------------------
Labels = 0
TPs served = 
Total energy used = 0
--------------------------------------
Schedule:
0 2642 282 564 282 564 0 0 100 100 0 2642 0
2642 2643 282 564 282 564 0 0 100 100 0 0 0
2643 2647 282 564 282 564 0 0 100 100 0 0 0
--------------------------------------
--------------------------------------
EV39
--------------------------------------
Labels = 0
TPs served = 
Total energy used = 0
--------------------------------------
Schedule:
0 2642 282 705 282 705 0 0 100 100 0 2642 0
2642 2643 282 705 282 705 0 0 100 100 0 0 0
2643 2647 282 705 282 705 0 0 100 100 0 0 0
--------------------------------------
--------------------------------------
EV40
--------------------------------------
Labels = 0
TPs served = 
Total energy used = 0
--------------------------------------
Schedule:
0 2642 282 705 282 705 0 0 100 100 0 2642 0
2642 2643 282 705 282 705 0 0 100 100 0 0 0
2643 2647 282 705 282 705 0 0 100 100 0 0 0
--------------------------------------
--------------------------------------
EV41
--------------------------------------
Labels = 0
TPs served = 
Total energy used = 0
--------------------------------------
Schedule:
0 2642 282 846 282 846 0 0 100 100 0 2642 0
2642 2643 282 846 282 846 0 0 100 100 0 0 0
2643 2647 282 846 282 846 0 0 100 100 0 0 0
--------------------------------------
--------------------------------------
EV42
--------------------------------------
Labels = 0
TPs served = 
Total energy used = 0
--------------------------------------
Schedule:
0 2642 282 846 282 846 0 0 100 100 0 2642 0
2642 2643 282 846 282 846 0 0 100 100 0 0 0
2643 2647 282 846 282 846 0 0 100 100 0 0 0
--------------------------------------
--------------------------------------
EV43
--------------------------------------
Labels = 0
TPs served = 
Total energy used = 0
--------------------------------------
Schedule:
0 2642 423 0 423 0 0 0 100 100 0 2642 0
2642 2643 423 0 423 0 0 0 100 100 0 0 0
2643 2647 423 0 423 0 0 0 100 100 0 0 0
--------------------------------------
--------------------------------------
EV44
--------------------------------------
Labels = 0
TPs served = 
Total energy used = 0
--------------------------------------
Schedule:
0 2642 423 0 423 0 0 0 100 100 0 2642 0
2642 2643 423 0 423 0 0 0 100 100 0 0 0
2643 2647 423 0 423 0 0 0 100 100 0 0 0
--------------------------------------
--------------------------------------
EV45
--------------------------------------
Labels = 0
TPs served = 
Total energy used = 0
--------------------------------------
Schedule:
0 2642 423 141 423 141 0 0 100 100 0 2642 0
2642 2643 423 141 423 141 0 0 100 100 0 0 0
2643 2647 423 141 423 141 0 0 100 100 0 0 0
--------------------------------------
--------------------------------------
EV46
--------------------------------------
Labels = 0
TPs served = 
Total energy used = 0
--------------------------------------
Schedule:
0 2642 423 141 423 141 0 0 100 100 0 2642 0
2642 2643 423 141 423 141 0 0 100 100 0 0 0
2643 2647 423 141 423 141 0 0 100 100 0 0 0
--------------------------------------
--------------------------------------
EV47
--------------------------------------
Labels = 0
TPs served = 
Total energy used = 0
--------------------------------------
Schedule:
0 2642 423 282 423 282 0 0 100 100 0 2642 0
2642 2643 423 282 423 282 0 0 100 100 0 0 0
2643 2647 423 282 423 282 0 0 100 100 0 0 0
--------------------------------------
--------------------------------------
EV48
--------------------------------------
Labels = 0
TPs served = 
Total energy used = 0
--------------------------------------
Schedule:
0 2642 423 282 423 282 0 0 100 100 0 2642 0
2642 2643 423 282 423 282 0 0 100 100 0 0 0
2643 2647 423 282 423 282 0 0 100 100 0 0 0
--------------------------------------
--------------------------------------
EV49
--------------------------------------
Labels = 0
TPs served = 
Total energy used = 0
--------------------------------------
Schedule:
0 2642 423 423 423 423 0 0 100 100 0 2642 0
2642 2643 423 423 423 423 0 0 100 100 0 0 0
2643 2647 423 423 423 423 0 0 100 100 0 0 0
--------------------------------------
--------------------------------------
EV50
--------------------------------------
Labels = 0
TPs served = 
Total energy used = 0
--------------------------------------
Schedule:
0 2642 423 423 423 423 0 0 100 100 0 2642 0
2642 2643 423 423 423 423 0 0 100 100 0 0 0
2643 2647 423 423 423 423 0 0 100 100 0 0 0
--------------------------------------
--------------------------------------
EV51
--------------------------------------
Labels = 0
TPs served = 
Total energy used = 0
--------------------------------------
Schedule:
0 2642 423 564 423 564 0 0 100 100 0 2642 0
2642 2643 423 564 423 564 0 0 100 100 0 0 0
2643 2647 423 564 423 564 0 0 100 100 0 0 0
--------------------------------------
--------------------------------------
EV52
--------------------------------------
Labels = 0
TPs served = 
Total energy used = 0
--------------------------------------
Schedule:
0 2642 423 564 423 564 0 0 100 100 0 2642 0
2642 2643 423 564 423 564 0 0 100 100 0 0 0
2643 2647 423 564 423 564 0 0 100 100 0 0 0
--------------------------------------
--------------------------------------
EV53
--------------------------------------
Labels = 0
TPs served = 
Total energy used = 0
--------------------------------------
Schedule:
0 2642 423 705 423 705 0 0 100 100 0 2642 0
2642 2643 423 705 423 705 0 0 100 100 0 0 0
2643 2647 423 705 423 705 0 0 100 100 0 0 0
--------------------------------------
--------------------------------------
EV54
--------------------------------------
Labels = 0
TPs served = 
Total energy used = 0
--------------------------------------
Schedule:
0 2642 423 705 423 705 0 0 100 100 0 2642 0
2642 2643 423 705 423 705 0 0 100 100 0 0 0
2643 2647 423 705 423 705 0 0 100 100 0 0 0
--------------------------------------
--------------------------------------
EV55
--------------------------------------
Labels = 0
TPs served = 
Total energy used = 0
--------------------------------------
Schedule:
0 2642 423 846 423 846 0 0 100 100 0 2642 0
2642 2643 423 846 423 846 0 0 100 100 0 0 0
2643 2647 423 846 423 846 0 0 100 100 0 0 0
--------------------------------------
--------------------------------------
EV56
--------------------------------------
Labels = 0
TPs served = 
Total energy used = 0
--------------------------------------
Schedule:
0 2642 423 846 423 846 0 0 100 100 0 2642 0
2642 2643 423 846 423 846 0 0 100 100 0 0 0
2643 2647 423 846 423 846 0 0 100 100 0 0 0
--------------------------------------
--------------------------------------
EV57
--------------------------------------
Labels = 0
TPs served = 
Total energy used = 0
--------------------------------------
Schedule:
0 2642 564 0 564 0 0 0 100 100 0 2642 0
2642 2643 564 0 564 0 0 0 100 100 0 0 0
2643 2647 564 0 564 0 0 0 100 100 0 0 0
--------------------------------------
--------------------------------------
EV58
--------------------------------------
Labels = 0
TPs served = 
Total energy used = 0
--------------------------------------
Schedule:
0 2642 564 0 564 0 0 0 100 100 0 2642 0
2642 2643 564 0 564 0 0 0 100 100 0 0 0
2643 2647 564 0 564 0 0 0 100 100 0 0 0
--------------------------------------
--------------------------------------
EV59
--------------------------------------
Labels = 0
TPs served = 
Total energy used = 0
--------------------------------------
Schedule:
0 2642 564 141 564 141 0 0 100 100 0 2642 0
2642 2643 564 141 564 141 0 0 100 100 0 0 0
2643 2647 564 141 564 141 0 0 100 100 0 0 0
--------------------------------------
--------------------------------------
EV60
--------------------------------------
Labels = 0
TPs served = 
Total energy used = 0
--------------------------------------
Schedule:
0 2642 564 141 564 141 0 0 100 100 0 2642 0
2642 2643 564 141 564 141 0 0 100 100 0 0 0
2643 2647 564 141 564 141 0 0 100 100 0 0 0
--------------------------------------
--------------------------------------
EV61
--------------------------------------
Labels = 0
TPs served = 
Total energy used = 0
--------------------------------------
Schedule:
0 2642 564 282 564 282 0 0 100 100 0 2642 0
2642 2643 564 282 564 282 0 0 100 100 0 0 0
2643 2647 564 282 564 282 0 0 100 100 0 0 0
--------------------------------------
--------------------------------------
EV62
--------------------------------------
Labels = 0
TPs served = 
Total energy used = 0
--------------------------------------
Schedule:
0 2642 564 282 564 282 0 0 100 100 0 2642 0
2642 2643 564 282 564 282 0 0 100 100 0 0 0
2643 2647 564 282 564 282 0 0 100 100 0 0 0
--------------------------------------
--------------------------------------
EV63
--------------------------------------
Labels = 0
TPs served = 
Total energy used = 0
--------------------------------------
Schedule:
0 2642 564 423 564 423 0 0 100 100 0 2642 0
2642 2643 564 423 564 423 0 0 100 100 0 0 0
2643 2647 564 423 564 423 0 0 100 100 0 0 0
--------------------------------------
--------------------------------------
EV64
--------------------------------------
Labels = 0
TPs served = 
Total energy used = 0
--------------------------------------
Schedule:
0 2642 564 423 564 423 0 0 100 100 0 2642 0
2642 2643 564 423 564 423 0 0 100 100 0 0 0
2643 2647 564 423 564 423 0 0 100 100 0 0 0
--------------------------------------
--------------------------------------
EV65
--------------------------------------
Labels = 0
TPs served = 
Total energy used = 0
--------------------------------------
Schedule:
0 2642 564 564 564 564 0 0 100 100 0 2642 0
2642 2643 564 564 564 564 0 0 100 100 0 0 0
2643 2647 564 564 564 564 0 0 100 100 0 0 0
--------------------------------------
--------------------------------------
EV66
--------------------------------------
Labels = 0
TPs served = 
Total energy used = 0
--------------------------------------
Schedule:
0 2642 564 564 564 564 0 0 100 100 0 2642 0
2642 2643 564 564 564 564 0 0 100 100 0 0 0
2643 2647 564 564 564 564 0 0 100 100 0 0 0
--------------------------------------
--------------------------------------
EV67
--------------------------------------
Labels = 0
TPs served = 
Total energy used = 0
--------------------------------------
Schedule:
0 2642 564 705 564 705 0 0 100 100 0 2642 0
2642 2643 564 705 564 705 0 0 100 100 0 0 0
2643 2647 564 705 564 705 0 0 100 100 0 0 0
--------------------------------------
--------------------------------------
EV68
--------------------------------------
Labels = 0
TPs served = 
Total energy used = 0
--------------------------------------
Schedule:
0 2642 564 705 564 705 0 0 100 100 0 2642 0
2642 2643 564 705 564 705 0 0 100 100 0 0 0
2643 2647 564 705 564 705 0 0 100 100 0 0 0
--------------------------------------
--------------------------------------
EV69
--------------------------------------
Labels = 0
TPs served = 
Total energy used = 0
--------------------------------------
Schedule:
0 2642 564 846 564 846 0 0 100 100 0 2642 0
2642 2643 564 846 564 846 0 0 100 100 0 0 0
2643 2647 564 846 564 846 0 0 100 100 0 0 0
--------------------------------------
--------------------------------------
EV70
--------------------------------------
Labels = 0
TPs served = 
Total energy used = 0
--------------------------------------
Schedule:
0 2642 564 846 564 846 0 0 100 100 0 2642 0
2642 2643 564 846 564 846 0 0 100 100 0 0 0
2643 2647 564 846 564 846 0 0 100 100 0 0 0
--------------------------------------
--------------------------------------
EV71
--------------------------------------
Labels = 0
TPs served = 
Total energy used = 0
--------------------------------------
Schedule:
0 2642 705 0 705 0 0 0 100 100 0 2642 0
2642 2643 705 0 705 0 0 0 100 100 0 0 0
2643 2647 705 0 705 0 0 0 100 100 0 0 0
--------------------------------------
--------------------------------------
EV72
--------------------------------------
Labels = 0
TPs served = 
Total energy used = 0
--------------------------------------
Schedule:
0 2642 705 0 705 0 0 0 100 100 0 2642 0
2642 2643 705 0 705 0 0 0 100 100 0 0 0
2643 2647 705 0 705 0 0 0 100 100 0 0 0
--------------------------------------
--------------------------------------
EV73
--------------------------------------
Labels = 0
TPs served = 
Total energy used = 0
--------------------------------------
Schedule:
0 2642 705 141 705 141 0 0 100 100 0 2642 0
2642 2643 705 141 705 141 0 0 100 100 0 0 0
2643 2647 705 141 705 141 0 0 100 100 0 0 0
--------------------------------------
--------------------------------------
EV74
--------------------------------------
Labels = 0
TPs served = 
Total energy used = 0
--------------------------------------
Schedule:
0 2642 705 141 705 141 0 0 100 100 0 2642 0
2642 2643 705 141 705 141 0 0 100 100 0 0 0
2643 2647 705 141 705 141 0 0 100 100 0 0 0
--------------------------------------
--------------------------------------
EV75
--------------------------------------
Labels = 0
TPs served = 
Total energy used = 0
--------------------------------------
Schedule:
0 2642 705 282 705 282 0 0 100 100 0 2642 0
2642 2643 705 282 705 282 0 0 100 100 0 0 0
2643 2647 705 282 705 282 0 0 100 100 0 0 0
--------------------------------------
--------------------------------------
EV76
--------------------------------------
Labels = 0
TPs served = 
Total energy used = 0
--------------------------------------
Schedule:
0 2642 705 282 705 282 0 0 100 100 0 2642 0
2642 2643 705 282 705 282 0 0 100 100 0 0 0
2643 2647 705 282 705 282 0 0 100 100 0 0 0
--------------------------------------
--------------------------------------
EV77
--------------------------------------
Labels = 0
TPs served = 
Total energy used = 0
--------------------------------------
Schedule:
0 2642 705 423 705 423 0 0 100 100 0 2642 0
2642 2643 705 423 705 423 0 0 100 100 0 0 0
2643 2647 705 423 705 423 0 0 100 100 0 0 0
--------------------------------------
--------------------------------------
EV78
--------------------------------------
Labels = 0
TPs served = 
Total energy used = 0
--------------------------------------
Schedule:
0 2642 705 423 705 423 0 0 100 100 0 2642 0
2642 2643 705 423 705 423 0 0 100 100 0 0 0
2643 2647 705 423 705 423 0 0 100 100 0 0 0
--------------------------------------
--------------------------------------
EV79
--------------------------------------
Labels = 0
TPs served = 
Total energy used = 0
--------------------------------------
Schedule:
0 2642 705 564 705 564 0 0 100 100 0 2642 0
2642 2643 705 564 705 564 0 0 100 100 0 0 0
2643 2647 705 564 705 564 0 0 100 100 0 0 0
--------------------------------------
--------------------------------------
EV80
--------------------------------------
Labels = 0
TPs served = 
Total energy used = 0
--------------------------------------
Schedule:
0 2642 705 564 705 564 0 0 100 100 0 2642 0
2642 2643 705 564 705 564 0 0 100 100 0 0 0
2643 2647 705 564 705 564 0 0 100 100 0 0 0
--------------------------------------
--------------------------------------
EV81
--------------------------------------
Labels = 0
TPs served = 
Total energy used = 0
--------------------------------------
Schedule:
0 2642 705 705 705 705 0 0 100 100 0 2642 0
2642 2643 705 705 705 705 0 0 100 100 0 0 0
2643 2647 705 705 705 705 0 0 100 100 0 0 0
--------------------------------------
--------------------------------------
EV82
--------------------------------------
Labels = 0
TPs served = 
Total energy used = 0
--------------------------------------
Schedule:
0 2642 705 705 705 705 0 0 100 100 0 2642 0
2642 2643 705 705 705 705 0 0 100 100 0 0 0
2643 2647 705 705 705 705 0 0 100 100 0 0 0
--------------------------------------
--------------------------------------
EV83
--------------------------------------
Labels = 0
TPs served = 
Total energy used = 0
--------------------------------------
Schedule:
0 2642 705 846 705 846 0 0 100 100 0 2642 0
2642 2643 705 846 705 846 0 0 100 100 0 0 0
2643 2647 705 846 705 846 0 0 100 100 0 0 0
--------------------------------------
--------------------------------------
EV84
--------------------------------------
Labels = 0
TPs served = 
Total energy used = 0
--------------------------------------
Schedule:
0 2642 705 846 705 846 0 0 100 100 0 2642 0
2642 2643 705 846 705 846 0 0 100 100 0 0 0
2643 2647 705 846 705 846 0 0 100 100 0 0 0
--------------------------------------
--------------------------------------
EV85
--------------------------------------
Labels = 0
TPs served = 
Total energy used = 0
--------------------------------------
Schedule:
0 2642 846 0 846 0 0 0 100 100 0 2642 0
2642 2643 846 0 846 0 0 0 100 100 0 0 0
2643 2647 846 0 846 0 0 0 100 100 0 0 0
--------------------------------------
--------------------------------------
EV86
--------------------------------------
Labels = 0
TPs served = 
Total energy used = 0
--------------------------------------
Schedule:
0 2642 846 0 846 0 0 0 100 100 0 2642 0
2642 2643 846 0 846 0 0 0 100 100 0 0 0
2643 2647 846 0 846 0 0 0 100 100 0 0 0
--------------------------------------
--------------------------------------
EV87
--------------------------------------
Labels = 0
TPs served = 
Total energy used = 0
--------------------------------------
Schedule:
0 2642 846 141 846 141 0 0 100 100 0 2642 0
2642 2643 846 141 846 141 0 0 100 100 0 0 0
2643 2647 846 141 846 141 0 0 100 100 0 0 0
--------------------------------------
--------------------------------------
EV88
--------------------------------------
Labels = 0
TPs served = 
Total energy used = 0
--------------------------------------
Schedule:
0 2642 846 141 846 141 0 0 100 100 0 2642 0
2642 2643 846 141 846 141 0 0 100 100 0 0 0
2643 2647 846 141 846 141 0 0 100 100 0 0 0
--------------------------------------
--------------------------------------
EV89
--------------------------------------
Labels = 0
TPs served = 
Total energy used = 0
--------------------------------------
Schedule:
0 2642 846 282 846 282 0 0 100 100 0 2642 0
2642 2643 846 282 846 282 0 0 100 100 0 0 0
2643 2647 846 282 846 282 0 0 100 100 0 0 0
--------------------------------------
--------------------------------------
EV90
--------------------------------------
Labels = 0
TPs served = 
Total energy used = 0
--------------------------------------
Schedule:
0 2642 846 282 846 282 0 0 100 100 0 2642 0
2642 2643 846 282 846 282 0 0 100 100 0 0 0
2643 2647 846 282 846 282 0 0 100 100 0 0 0
--------------------------------------
--------------------------------------
EV91
--------------------------------------
Labels = 0
TPs served = 
Total energy used = 0
--------------------------------------
Schedule:
0 2642 846 423 846 423 0 0 100 100 0 2642 0
2642 2643 846 423 846 423 0 0 100 100 0 0 0
2643 2647 846 423 846 423 0 0 100 100 0 0 0
--------------------------------------
--------------------------------------
EV92
--------------------------------------
Labels = 0
TPs served = 
Total energy used = 0
--------------------------------------
Schedule:
0 2642 846 423 846 423 0 0 100 100 0 2642 0
2642 2643 846 423 846 423 0 0 100 100 0 0 0
2643 2647 846 423 846 423 0 0 100 100 0 0 0
--------------------------------------
--------------------------------------
EV93
--------------------------------------
Labels = 0
TPs served = 
Total energy used = 0
--------------------------------------
Schedule:
0 2642 846 564 846 564 0 0 100 100 0 2642 0
2642 2643 846 564 846 564 0 0 100 100 0 0 0
2643 2647 846 564 846 564 0 0 100 100 0 0 0
--------------------------------------
--------------------------------------
EV94
--------------------------------------
Labels = 0
TPs served = 
Total energy used = 0
--------------------------------------
Schedule:
0 2642 846 564 846 564 0 0 100 100 0 2642 0
2642 2643 846 564 846 564 0 0 100 100 0 0 0
2643 2647 846 564 846 564 0 0 100 100 0 0 0
--------------------------------------
--------------------------------------
EV95
--------------------------------------
Labels = 0
TPs served = 
Total energy used = 0
--------------------------------------
Schedule:
0 2642 846 705 846 705 0 0 100 100 0 2642 0
2642 2643 846 705 846 705 0 0 100 100 0 0 0
2643 2647 846 705 846 705 0 0 100 100 0 0 0
--------------------------------------
--------------------------------------
EV96
--------------------------------------
Labels = 0
TPs served = 
Total energy used = 0
--------------------------------------
Schedule:
0 2642 846 705 846 705 0 0 100 100 0 2642 0
2642 2643 846 705 846 705 0 0 100 100 0 0 0
2643 2647 846 705 846 705 0 0 100 100 0 0 0
--------------------------------------
--------------------------------------
EV97
--------------------------------------
Labels = 0
TPs served = 
Total energy used = 0
--------------------------------------
Schedule:
0 2642 846 846 846 846 0 0 100 100 0 2642 0
2642 2643 846 846 846 846 0 0 100 100 0 0 0
2643 2647 846 846 846 846 0 0 100 100 0 0 0
--------------------------------------
--------------------------------------
EV98
--------------------------------------
Labels = 0
TPs served = 
Total energy used = 0
--------------------------------------
Schedule:
0 2642 846 846 846 846 0 0 100 100 0 2642 0
2642 2643 846 846 846 846 0 0 100 100 0 0 0
2643 2647 846 846 846 846 0 0 100 100 0 0 0
--------------------------------------

-------------------------------------------------------------------------

TPs

-------------------------------------------------------------------------

----------------------
TP1 not allocated
----------------------

----------------------
TP2 not allocated
----------------------

----------------------
TP3 allocated to 2
----------------------

----------------------
TP4 not allocated
----------------------

----------------------
TP5 not allocated
----------------------

----------------------
TP6 not allocated
----------------------

----------------------
TP7 not allocated
----------------------

----------------------
TP8 not allocated
----------------------

----------------------
TP9 not allocated
----------------------

----------------------
TP10 not allocated
----------------------

----------------------
TP11 not allocated
----------------------

----------------------
TP12 not allocated
----------------------

----------------------
TP13 not allocated
----------------------

----------------------
TP14 not allocated
----------------------

----------------------
TP15 not allocated
----------------------

----------------------
TP16 not allocated
----------------------

----------------------
TP17 not allocated
----------------------

----------------------
TP18 not allocated
----------------------

----------------------
TP19 not allocated
----------------------

----------------------
TP20 not allocated
----------------------

----------------------
TP21 not allocated
----------------------

----------------------
TP22 not allocated
----------------------

----------------------
TP23 not allocated
----------------------

----------------------
TP24 not allocated
----------------------

----------------------
TP25 not allocated
----------------------

----------------------
TP26 not allocated
----------------------

----------------------
TP27 not allocated
----------------------

----------------------
TP28 not allocated
----------------------

----------------------
TP29 not allocated
----------------------

----------------------
TP30 not allocated
----------------------

----------------------
TP31 not allocated
----------------------

----------------------
TP32 not allocated
----------------------

----------------------
TP33 not allocated
----------------------

----------------------
TP34 not allocated
----------------------

----------------------
TP35 not allocated
----------------------

----------------------
TP36 not allocated
----------------------

----------------------
TP37 not allocated
----------------------

----------------------
TP38 not allocated
----------------------

----------------------
TP39 not allocated
----------------------

----------------------
TP40 not allocated
----------------------

----------------------
TP41 not allocated
----------------------

----------------------
TP42 not allocated
----------------------

----------------------
TP43 not allocated
----------------------

----------------------
TP44 not allocated
----------------------

----------------------
TP45 not allocated
----------------------

----------------------
TP46 not allocated
----------------------

----------------------
TP47 not allocated
----------------------

----------------------
TP48 not allocated
----------------------

----------------------
TP49 not allocated
----------------------

----------------------
TP50 not allocated
----------------------

----------------------
TP51 not allocated
----------------------

----------------------
TP52 not allocated
----------------------

----------------------
TP53 not allocated
----------------------

----------------------
TP54 not allocated
----------------------

----------------------
TP55 not allocated
----------------------

----------------------
TP56 not allocated
----------------------

----------------------
TP57 not allocated
----------------------

----------------------
TP58 not allocated
----------------------

----------------------
TP59 not allocated
----------------------

----------------------
TP60 not allocated
----------------------

----------------------
TP61 allocated to 2
----------------------

----------------------
TP62 not allocated
----------------------

----------------------
TP63 not allocated
----------------------

----------------------
TP64 not allocated
----------------------

----------------------
TP65 not allocated
----------------------

----------------------
TP66 not allocated
----------------------

----------------------
TP67 not allocated
----------------------

----------------------
TP68 not allocated
----------------------

----------------------
TP69 allocated to 1
----------------------

----------------------
TP70 not allocated
----------------------

----------------------
TP71 not allocated
----------------------

----------------------
TP72 not allocated
----------------------

----------------------
TP73 not allocated
----------------------

----------------------
TP74 not allocated
----------------------

----------------------
TP75 not allocated
----------------------

----------------------
TP76 not allocated
----------------------

----------------------
TP77 not allocated
----------------------

----------------------
TP78 not allocated
----------------------

----------------------
TP79 not allocated
----------------------

----------------------
TP80 not allocated
----------------------

----------------------
TP81 not allocated
----------------------

----------------------
TP82 not allocated
----------------------

----------------------
TP83 not allocated
----------------------

----------------------
TP84 not allocated
----------------------

----------------------
TP85 not allocated
----------------------

----------------------
TP86 not allocated
----------------------

----------------------
TP87 not allocated
----------------------

----------------------
TP88 not allocated
----------------------

----------------------
TP89 not allocated
----------------------

----------------------
TP90 not allocated
----------------------

----------------------
TP91 not allocated
----------------------

----------------------
TP92 not allocated
----------------------

----------------------
TP93 not allocated
----------------------

----------------------
TP94 not allocated
----------------------

----------------------
TP95 not allocated
----------------------

----------------------
TP96 not allocated
----------------------

----------------------
TP97 not allocated
----------------------

----------------------
TP98 not allocated
----------------------

----------------------
TP99 not allocated
----------------------

----------------------
TP100 not allocated
----------------------

----------------------
TP101 not allocated
----------------------

----------------------
TP102 not allocated
----------------------

----------------------
TP103 not allocated
----------------------

----------------------
TP104 not allocated
----------------------

----------------------
TP105 not allocated
----------------------

----------------------
TP106 not allocated
----------------------

----------------------
TP107 not allocated
----------------------

----------------------
TP108 not allocated
----------------------

----------------------
TP109 not allocated
----------------------

----------------------
TP110 not allocated
----------------------

----------------------
TP111 not allocated
----------------------

----------------------
TP112 not allocated
----------------------

----------------------
TP113 not allocated
----------------------

----------------------
TP114 not allocated
----------------------

----------------------
TP115 not allocated
----------------------

----------------------
TP116 not allocated
----------------------

----------------------
TP117 not allocated
----------------------

----------------------
TP118 not allocated
----------------------

----------------------
TP119 not allocated
----------------------

----------------------
TP120 not allocated
----------------------

----------------------
TP121 not allocated
----------------------

----------------------
TP122 not allocated
----------------------

----------------------
TP123 not allocated
----------------------

----------------------
TP124 not allocated
----------------------

----------------------
TP125 not allocated
----------------------

----------------------
TP126 not allocated
----------------------

----------------------
TP127 not allocated
----------------------

----------------------
TP128 not allocated
----------------------

----------------------
TP129 not allocated
----------------------

----------------------
TP130 not allocated
----------------------

----------------------
TP131 not allocated
----------------------

----------------------
TP132 not allocated
----------------------

----------------------
TP133 not allocated
----------------------

----------------------
TP134 not allocated
----------------------

----------------------
TP135 not allocated
----------------------

----------------------
TP136 not allocated
----------------------

----------------------
TP137 not allocated
----------------------

----------------------
TP138 not allocated
----------------------

----------------------
TP139 not allocated
----------------------

----------------------
TP140 not allocated
----------------------

----------------------
TP141 not allocated
----------------------

----------------------
TP142 not allocated
----------------------

----------------------
TP143 not allocated
----------------------

----------------------
TP144 not allocated
----------------------

----------------------
TP145 allocated to 1
----------------------

----------------------
TP146 not allocated
----------------------

----------------------
TP147 not allocated
----------------------

----------------------
TP148 not allocated
----------------------

----------------------
TP149 not allocated
----------------------

----------------------
TP150 not allocated
----------------------

----------------------
TP151 not allocated
----------------------

----------------------
TP152 not allocated
----------------------

----------------------
TP153 not allocated
----------------------

----------------------
TP154 not allocated
----------------------

----------------------
TP155 not allocated
----------------------

----------------------
TP156 not allocated
----------------------

----------------------
TP157 not allocated
----------------------

----------------------
TP158 not allocated
----------------------

----------------------
TP159 not allocated
----------------------

----------------------
TP160 not allocated
----------------------

----------------------
TP161 not allocated
----------------------

----------------------
TP162 not allocated
----------------------

----------------------
TP163 not allocated
----------------------

----------------------
TP164 not allocated
----------------------

----------------------
TP165 not allocated
----------------------

----------------------
TP166 not allocated
----------------------

----------------------
TP167 not allocated
----------------------

----------------------
TP168 not allocated
----------------------

----------------------
TP169 not allocated
----------------------

----------------------
TP170 not allocated
----------------------

----------------------
TP171 not allocated
----------------------

----------------------
TP172 not allocated
----------------------

----------------------
TP173 not allocated
----------------------

----------------------
TP174 not allocated
----------------------

----------------------
TP175 not allocated
----------------------

----------------------
TP176 not allocated
----------------------

----------------------
TP177 not allocated
----------------------

----------------------
TP178 not allocated
----------------------

----------------------
TP179 not allocated
----------------------

----------------------
TP180 not allocated
----------------------

----------------------
TP181 not allocated
----------------------

----------------------
TP182 not allocated
----------------------

----------------------
TP183 not allocated
----------------------

----------------------
TP184 not allocated
----------------------

----------------------
TP185 not allocated
----------------------

----------------------
TP186 not allocated
----------------------

----------------------
TP187 not allocated
----------------------

----------------------
TP188 not allocated
----------------------

----------------------
TP189 not allocated
----------------------

----------------------
TP190 not allocated
----------------------

----------------------
TP191 not allocated
----------------------

----------------------
TP192 not allocated
----------------------

----------------------
TP193 not allocated
----------------------

----------------------
TP194 not allocated
----------------------

----------------------
TP195 not allocated
----------------------

----------------------
TP196 not allocated
----------------------

----------------------
TP197 not allocated
----------------------

----------------------
TP198 not allocated
----------------------

----------------------
TP199 not allocated
----------------------

----------------------
TP200 not allocated
----------------------

----------------------
TP201 not allocated
----------------------

----------------------
TP202 not allocated
----------------------

----------------------
TP203 not allocated
----------------------

----------------------
TP204 not allocated
----------------------

----------------------
TP205 not allocated
----------------------

----------------------
TP206 not allocated
----------------------

----------------------
TP207 not allocated
----------------------

----------------------
TP208 not allocated
----------------------

----------------------
TP209 not allocated
----------------------

----------------------
TP210 not allocated
----------------------

----------------------
TP211 not allocated
----------------------

----------------------
TP212 allocated to 1
----------------------

----------------------
TP213 not allocated
----------------------

----------------------
TP214 not allocated
----------------------

----------------------
TP215 not allocated
----------------------

----------------------
TP216 not allocated
----------------------

----------------------
TP217 not allocated
----------------------

----------------------
TP218 not allocated
----------------------

----------------------
TP219 not allocated
----------------------

----------------------
TP220 not allocated
----------------------

----------------------
TP221 not allocated
----------------------

----------------------
TP222 not allocated
----------------------

----------------------
TP223 not allocated
----------------------

----------------------
TP224 not allocated
----------------------

----------------------
TP225 not allocated
----------------------

----------------------
TP226 not allocated
----------------------

----------------------
TP227 not allocated
----------------------

----------------------
TP228 not allocated
----------------------

----------------------
TP229 not allocated
----------------------

----------------------
TP230 not allocated
----------------------

----------------------
TP231 not allocated
----------------------

----------------------
TP232 not allocated
----------------------

----------------------
TP233 not allocated
----------------------

----------------------
TP234 not allocated
----------------------

----------------------
TP235 not allocated
----------------------

----------------------
TP236 not allocated
----------------------

----------------------
TP237 not allocated
----------------------

----------------------
TP238 not allocated
----------------------

----------------------
TP239 not allocated
----------------------

----------------------
TP240 not allocated
----------------------

----------------------
TP241 not allocated
----------------------

----------------------
TP242 not allocated
----------------------

----------------------
TP243 not allocated
----------------------

----------------------
TP244 not allocated
----------------------

----------------------
TP245 not allocated
----------------------

----------------------
TP246 not allocated
----------------------

----------------------
TP247 not allocated
----------------------

----------------------
TP248 not allocated
----------------------

----------------------
TP249 not allocated
----------------------

----------------------
TP250 not allocated
----------------------

----------------------
TP251 not allocated
----------------------

----------------------
TP252 not allocated
----------------------

----------------------
TP253 not allocated
----------------------

----------------------
TP254 not allocated
----------------------

----------------------
TP255 not allocated
----------------------

----------------------
TP256 not allocated
----------------------

----------------------
TP257 not allocated
----------------------

----------------------
TP258 not allocated
----------------------

----------------------
TP259 not allocated
----------------------

----------------------
TP260 not allocated
----------------------

----------------------
TP261 not allocated
----------------------

----------------------
TP262 not allocated
----------------------

----------------------
TP263 not allocated
----------------------

----------------------
TP264 not allocated
----------------------

----------------------
TP265 not allocated
----------------------

----------------------
TP266 not allocated
----------------------

----------------------
TP267 not allocated
----------------------

----------------------
TP268 not allocated
----------------------

----------------------
TP269 not allocated
----------------------

----------------------
TP270 not allocated
----------------------

----------------------
TP271 not allocated
----------------------

----------------------
TP272 not allocated
----------------------

----------------------
TP273 not allocated
----------------------

----------------------
TP274 not allocated
----------------------

----------------------
TP275 not allocated
----------------------

----------------------
TP276 allocated to 2
----------------------

----------------------
TP277 not allocated
----------------------

----------------------
TP278 not allocated
----------------------

----------------------
TP279 not allocated
----------------------

----------------------
TP280 not allocated
----------------------

----------------------
TP281 not allocated
----------------------

----------------------
TP282 not allocated
----------------------

----------------------
TP283 not allocated
----------------------

----------------------
TP284 not allocated
----------------------

----------------------
TP285 not allocated
----------------------

----------------------
TP286 not allocated
----------------------

----------------------
TP287 not allocated
----------------------

----------------------
TP288 not allocated
----------------------

----------------------
TP289 not allocated
----------------------

----------------------
TP290 not allocated
----------------------

----------------------
TP291 not allocated
----------------------

----------------------
TP292 not allocated
----------------------

----------------------
TP293 not allocated
----------------------

----------------------
TP294 not allocated
----------------------

----------------------
TP295 not allocated
----------------------

----------------------
TP296 allocated to 1
----------------------

----------------------
TP297 not allocated
----------------------

----------------------
TP298 not allocated
----------------------

----------------------
TP299 not allocated
----------------------

----------------------
TP300 not allocated
----------------------

----------------------
TP301 not allocated
----------------------

----------------------
TP302 not allocated
----------------------

----------------------
TP303 not allocated
----------------------

----------------------
TP304 not allocated
----------------------

----------------------
TP305 not allocated
----------------------

----------------------
TP306 not allocated
----------------------

----------------------
TP307 not allocated
----------------------

----------------------
TP308 not allocated
----------------------

----------------------
TP309 not allocated
----------------------

----------------------
TP310 not allocated
----------------------

----------------------
TP311 not allocated
----------------------

----------------------
TP312 not allocated
----------------------

----------------------
TP313 not allocated
----------------------

----------------------
TP314 not allocated
----------------------

----------------------
TP315 not allocated
----------------------

----------------------
TP316 not allocated
----------------------

----------------------
TP317 not allocated
----------------------

----------------------
TP318 not allocated
----------------------

----------------------
TP319 not allocated
----------------------

----------------------
TP320 not allocated
----------------------

----------------------
TP321 not allocated
----------------------

----------------------
TP322 not allocated
----------------------

----------------------
TP323 not allocated
----------------------

----------------------
TP324 not allocated
----------------------

----------------------
TP325 not allocated
----------------------

----------------------
TP326 not allocated
----------------------

----------------------
TP327 not allocated
----------------------

----------------------
TP328 not allocated
----------------------

----------------------
TP329 not allocated
----------------------

----------------------
TP330 not allocated
----------------------

----------------------
TP331 not allocated
----------------------

----------------------
TP332 not allocated
----------------------

----------------------
TP333 not allocated
----------------------

----------------------
TP334 not allocated
----------------------

----------------------
TP335 not allocated
----------------------

----------------------
TP336 not allocated
----------------------

----------------------
TP337 not allocated
----------------------

----------------------
TP338 not allocated
----------------------

----------------------
TP339 not allocated
----------------------

----------------------
TP340 allocated to 2
----------------------

----------------------
TP341 not allocated
----------------------

----------------------
TP342 not allocated
----------------------

----------------------
TP343 allocated to 2
----------------------

----------------------
TP344 not allocated
----------------------

----------------------
TP345 not allocated
----------------------

----------------------
TP346 not allocated
----------------------

----------------------
TP347 not allocated
----------------------

----------------------
TP348 not allocated
----------------------

----------------------
TP349 not allocated
----------------------

----------------------
TP350 not allocated
----------------------

----------------------
TP351 not allocated
----------------------

----------------------
TP352 not allocated
----------------------

----------------------
TP353 not allocated
----------------------

----------------------
TP354 not allocated
----------------------

----------------------
TP355 not allocated
----------------------

----------------------
TP356 not allocated
----------------------

----------------------
TP357 not allocated
----------------------

----------------------
TP358 not allocated
----------------------

----------------------
TP359 not allocated
----------------------

----------------------
TP360 not allocated
----------------------

----------------------
TP361 not allocated
----------------------

----------------------
TP362 not allocated
----------------------

----------------------
TP363 not allocated
----------------------

----------------------
TP364 not allocated
----------------------

----------------------
TP365 not allocated
----------------------

----------------------
TP366 not allocated
----------------------

----------------------
TP367 not allocated
----------------------

----------------------
TP368 not allocated
----------------------

----------------------
TP369 not allocated
----------------------

----------------------
TP370 not allocated
----------------------

----------------------
TP371 not allocated
----------------------

----------------------
TP372 not allocated
----------------------

----------------------
TP373 not allocated
----------------------

----------------------
TP374 not allocated
----------------------

----------------------
TP375 not allocated
----------------------

----------------------
TP376 not allocated
----------------------

----------------------
TP377 not allocated
----------------------

----------------------
TP378 not allocated
----------------------

----------------------
TP379 not allocated
----------------------

----------------------
TP380 not allocated
----------------------

----------------------
TP381 not allocated
----------------------

----------------------
TP382 not allocated
----------------------

----------------------
TP383 not allocated
----------------------

----------------------
TP384 not allocated
----------------------

----------------------
TP385 not allocated
----------------------

----------------------
TP386 not allocated
----------------------

----------------------
TP387 not allocated
----------------------

----------------------
TP388 not allocated
----------------------

----------------------
TP389 not allocated
----------------------

----------------------
TP390 not allocated
----------------------

----------------------
TP391 not allocated
----------------------

----------------------
TP392 not allocated
----------------------

----------------------
TP393 not allocated
----------------------

----------------------
TP394 not allocated
----------------------

----------------------
TP395 not allocated
----------------------

----------------------
TP396 not allocated
----------------------

----------------------
TP397 not allocated
----------------------

----------------------
TP398 not allocated
----------------------

----------------------
TP399 not allocated
----------------------

----------------------
TP400 not allocated
----------------------

----------------------
TP401 not allocated
----------------------

----------------------
TP402 not allocated
----------------------

----------------------
TP403 not allocated
----------------------

----------------------
TP404 not allocated
----------------------

----------------------
TP405 not allocated
----------------------

----------------------
TP406 not allocated
----------------------

----------------------
TP407 not allocated
----------------------

----------------------
TP408 not allocated
----------------------

----------------------
TP409 not allocated
----------------------

----------------------
TP410 not allocated
----------------------

----------------------
TP411 not allocated
----------------------

----------------------
TP412 not allocated
----------------------

----------------------
TP413 not allocated
----------------------

----------------------
TP414 not allocated
----------------------

----------------------
TP415 not allocated
----------------------

----------------------
TP416 not allocated
----------------------

----------------------
TP417 not allocated
----------------------

----------------------
TP418 not allocated
----------------------

----------------------
TP419 not allocated
----------------------

----------------------
TP420 not allocated
----------------------

----------------------
TP421 not allocated
----------------------

----------------------
TP422 not allocated
----------------------

----------------------
TP423 not allocated
----------------------

----------------------
TP424 not allocated
----------------------

----------------------
TP425 not allocated
----------------------

----------------------
TP426 not allocated
----------------------

----------------------
TP427 not allocated
----------------------

----------------------
TP428 not allocated
----------------------

----------------------
TP429 not allocated
----------------------

----------------------
TP430 not allocated
----------------------

----------------------
TP431 not allocated
----------------------

----------------------
TP432 not allocated
----------------------

----------------------
TP433 not allocated
----------------------

----------------------
TP434 not allocated
----------------------

----------------------
TP435 not allocated
----------------------

----------------------
TP436 not allocated
----------------------

----------------------
TP437 not allocated
----------------------

----------------------
TP438 not allocated
----------------------

----------------------
TP439 not allocated
----------------------

----------------------
TP440 not allocated
----------------------

----------------------
TP441 not allocated
----------------------

----------------------
TP442 not allocated
----------------------

----------------------
TP443 not allocated
----------------------

----------------------
TP444 not allocated
----------------------

----------------------
TP445 not allocated
----------------------

----------------------
TP446 not allocated
----------------------

----------------------
TP447 not allocated
----------------------

----------------------
TP448 not allocated
----------------------

----------------------
TP449 not allocated
----------------------

----------------------
TP450 not allocated
----------------------

----------------------
TP451 not allocated
----------------------

----------------------
TP452 not allocated
----------------------

----------------------
TP453 not allocated
----------------------

----------------------
TP454 not allocated
----------------------

----------------------
TP455 not allocated
----------------------

----------------------
TP456 not allocated
----------------------

----------------------
TP457 not allocated
----------------------

----------------------
TP458 not allocated
----------------------

----------------------
TP459 not allocated
----------------------

----------------------
TP460 not allocated
----------------------

----------------------
TP461 not allocated
----------------------

----------------------
TP462 not allocated
----------------------

----------------------
TP463 not allocated
----------------------

----------------------
TP464 not allocated
----------------------

----------------------
TP465 not allocated
----------------------

----------------------
TP466 not allocated
----------------------

----------------------
TP467 not allocated
----------------------

----------------------
TP468 not allocated
----------------------

----------------------
TP469 not allocated
----------------------

----------------------
TP470 not allocated
----------------------

----------------------
TP471 not allocated
----------------------

----------------------
TP472 not allocated
----------------------

----------------------
TP473 not allocated
----------------------

----------------------
TP474 not allocated
----------------------

----------------------
TP475 allocated to 2
----------------------

----------------------
TP476 not allocated
----------------------

----------------------
TP477 not allocated
----------------------

----------------------
TP478 not allocated
----------------------

----------------------
TP479 not allocated
----------------------

----------------------
TP480 allocated to 1
----------------------

----------------------
TP481 not allocated
----------------------

----------------------
TP482 not allocated
----------------------

----------------------
TP483 not allocated
----------------------

----------------------
TP484 not allocated
----------------------

----------------------
TP485 not allocated
----------------------

----------------------
TP486 not allocated
----------------------

----------------------
TP487 not allocated
----------------------

----------------------
TP488 not allocated
----------------------

----------------------
TP489 not allocated
----------------------

----------------------
TP490 not allocated
----------------------

----------------------
TP491 not allocated
----------------------

----------------------
TP492 not allocated
----------------------

----------------------
TP493 not allocated
----------------------

----------------------
TP494 not allocated
----------------------

----------------------
TP495 not allocated
----------------------

----------------------
TP496 not allocated
----------------------

----------------------
TP497 not allocated
----------------------

----------------------
TP498 not allocated
----------------------

----------------------
TP499 not allocated
----------------------

----------------------
TP500 not allocated
----------------------
