-------------------------------------------------------------------------
TPs satisfied = 148; Total TPs = 215; Percentage Satisfied + 68.8%
-------------------------------------------------------------------------

-------------------------------------------------------------------------

EVs

-------------------------------------------------------------------------
--------------------------------------
EV1
--------------------------------------
Num TPs served = 48
TPs served = 320 382 407 421 997 1255 1303 1581 1627 1639 1808 2049 2499 2501 2708 3098 3306 3341 3970 4179 4871 5115 6069 6174 6231 6246 6307 6531 6696 13016 14959 16669 16985 17990 17997 18221 20320 24310 27655 28518 34130 36090 38113 39628 40857 46492 46701 49483
Total energy used = 100
--------------------------------------
Schedule:
0 620 122 806 122 806 0 0 100 100 0 620 0
620 620 122 806 122 806 0 1 100 100 320 32 0
620 625 122 806 126 807 1 0 100 95 -320 32 5
625 711 126 807 126 807 0 0 95 95 0 86 0
711 716 126 807 122 806 0 1 95 90 382 32 5
716 718 122 806 124 806 1 0 90 88 -382 32 2
718 767 124 806 124 806 0 0 88 88 0 49 0
767 769 124 806 122 806 0 1 88 86 421 32 2
769 769 122 806 122 806 1 2 86 86 407 14 0
769 769 122 806 122 806 2 1 86 86 -407 15 0
769 772 122 806 125 806 1 0 86 83 -421 32 3
772 1778 125 806 125 806 0 0 83 83 0 1006 0
1778 1781 125 806 122 806 0 1 83 80 17990 32 3
1781 1781 122 806 122 806 1 2 80 80 997 5 0
1781 1782 122 806 122 806 2 2 80 80 0 1 0
1782 1782 122 806 122 806 2 1 80 80 -17990 32 0
1782 1783 122 806 122 807 1 0 80 79 -997 4 1
1783 1813 122 807 122 807 0 0 79 79 0 30 0
1813 1814 122 807 122 806 0 1 79 78 17997 32 1
1814 1816 122 806 122 806 1 1 78 78 0 2 0
1816 1816 122 806 122 806 1 0 78 78 -17997 32 0
1816 2191 122 806 122 806 0 0 78 78 0 375 0
2191 2191 122 806 122 806 0 1 78 78 1255 32 0
2191 2192 122 806 122 806 1 1 78 78 0 1 0
2192 2193 122 806 122 807 1 0 78 77 -1255 32 1
2193 2288 122 807 122 807 0 0 77 77 0 95 0
2288 2289 122 807 122 806 0 1 77 76 1303 32 1
2289 2291 122 806 122 806 1 1 76 76 0 2 0
2291 2294 122 806 125 806 1 0 76 73 -1303 32 3
2294 2489 125 806 125 806 0 0 73 73 0 195 0
2489 2492 125 806 122 806 0 1 73 70 18221 32 3
2492 2493 122 806 122 806 1 1 70 70 0 1 0
2493 2493 122 806 122 806 1 0 70 70 -18221 32 0
2493 2750 122 806 122 806 0 0 70 70 0 257 0
2750 2750 122 806 122 806 0 1 70 70 36090 32 0
2750 2750 122 806 122 806 1 2 70 70 1581 32 0
2750 2751 122 806 123 806 2 1 70 69 -36090 32 1
2751 2752 123 806 123 807 1 0 69 68 -1581 32 1
2752 2862 123 807 123 807 0 0 68 68 0 110 0
2862 2864 123 807 122 806 0 1 68 66 1639 32 2
2864 2864 122 806 122 806 1 2 66 66 1627 14 0
2864 2864 122 806 122 806 2 1 66 66 -1627 18 0
2864 2866 122 806 122 808 1 0 66 64 -1639 32 2
2866 3156 122 808 122 808 0 0 64 64 0 290 0
3156 3158 122 808 122 806 0 1 64 62 1808 32 2
3158 3161 122 806 125 806 1 0 62 59 -1808 32 3
3161 3596 125 806 125 806 0 0 59 59 0 435 0
3596 3599 125 806 122 806 0 1 59 56 2049 32 3
3599 3605 122 806 122 806 1 1 56 56 0 6 0
3605 3605 122 806 122 806 1 0 56 56 -2049 32 0
3605 4446 122 806 122 806 0 0 56 56 0 841 0
4446 4446 122 806 122 806 0 1 56 56 2501 32 0
4446 4446 122 806 122 806 1 2 56 56 2499 27 0
4446 4446 122 806 122 806 2 1 56 56 -2499 29 0
4446 4447 122 806 122 806 1 1 56 56 0 1 0
4447 4447 122 806 122 806 1 0 56 56 -2501 32 0
4447 4813 122 806 122 806 0 0 56 56 0 366 0
4813 4813 122 806 122 806 0 1 56 56 2708 32 0
4813 4815 122 806 124 806 1 0 56 54 -2708 32 2
4815 5518 124 806 124 806 0 0 54 54 0 703 0
5518 5520 124 806 122 806 0 1 54 52 3098 32 2
5520 5521 122 806 122 806 1 1 52 52 0 1 0
5521 5525 122 806 125 807 1 0 52 48 -3098 32 4
5525 5892 125 807 125 807 0 0 48 48 0 367 0
5892 5896 125 807 122 806 0 1 48 44 3306 32 4
5896 5898 122 806 124 806 1 0 44 42 -3306 32 2
5898 5947 124 806 124 806 0 0 42 42 0 49 0
5947 5949 124 806 122 806 0 1 42 40 3341 32 2
5949 5952 122 806 122 809 1 0 40 37 -3341 32 3
5952 7130 122 809 122 809 0 0 37 37 0 1178 0
7130 7133 122 809 122 806 0 1 37 34 3970 32 3
7133 7134 122 806 123 806 1 0 34 33 -3970 32 1
7134 7525 123 806 123 806 0 0 33 33 0 391 0
7525 7526 123 806 122 806 0 1 33 32 4179 32 1
7526 7527 122 806 123 806 1 0 32 31 -4179 32 1
7527 8599 123 806 123 806 0 0 31 31 0 1072 0
8599 8600 123 806 122 806 0 1 31 30 38113 32 1
8600 8602 122 806 122 806 1 1 30 30 0 2 0
8602 8602 122 806 122 806 1 0 30 30 -38113 32 0
8602 8848 122 806 122 806 0 0 30 30 0 246 0
8848 8848 122 806 122 806 0 1 30 30 4871 32 0
8848 8849 122 806 122 806 1 1 30 30 0 1 0
8849 8851 122 806 124 806 1 0 30 28 -4871 32 2
8851 8941 124 806 124 806 0 0 28 28 0 90 0
8941 8943 124 806 122 806 0 1 28 26 20320 32 2
8943 8944 122 806 122 806 1 1 26 26 0 1 0
8944 8944 122 806 122 806 1 0 26 26 -20320 32 0
8944 9286 122 806 122 806 0 0 26 26 0 342 0
9286 9286 122 806 122 806 0 1 26 26 5115 32 0
9286 9289 122 806 124 807 1 0 26 23 -5115 32 3
9289 11113 124 807 124 807 0 0 23 23 0 1824 0
11113 11116 124 807 122 806 0 1 23 20 6069 32 3
11116 11118 122 806 122 806 1 1 20 20 0 2 0
11118 11119 122 806 122 807 1 0 20 19 -6069 32 1
11119 11321 122 807 122 807 0 0 19 19 0 202 0
11321 11322 122 807 122 806 0 1 19 18 6174 32 1
11322 11324 122 806 122 808 1 0 18 16 -6174 32 2
11324 11456 122 808 122 808 0 0 16 16 0 132 0
11456 11458 122 808 122 806 0 1 16 14 6246 32 2
11458 11458 122 806 122 806 1 2 14 14 6231 5 0
11458 11458 122 806 122 806 2 1 14 14 -6231 7 0
11458 11459 122 806 122 806 1 1 14 14 0 1 0
11459 11459 122 806 122 806 1 0 14 14 -6246 32 0
11459 11576 122 806 122 806 0 0 14 14 0 117 0
11576 11576 122 806 122 806 0 1 14 14 6307 32 0
11576 11578 122 806 124 806 1 0 14 12 -6307 32 2
11578 12007 124 806 124 806 0 0 12 12 0 429 0
12007 12009 124 806 122 806 0 1 12 10 6531 32 2
12009 12011 122 806 123 807 1 0 10 8 -6531 32 2
12011 12359 123 807 123 807 0 0 8 8 0 348 0
12359 12361 123 807 122 806 0 1 8 6 6696 32 2
12361 12362 122 806 122 806 1 1 6 6 0 1 0
12362 12365 122 806 124 807 1 0 6 3 -6696 32 3
12365 12428 124 807 124 807 0 0 3 3 0 63 0
12428 12431 124 807 122 806 0 1 3 0 39628 32 3
12431 12438 122 806 122 806 1 1 0 0 0 7 0
12438 12438 122 806 122 806 1 0 0 0 -39628 32 0
12438 15559 122 806 122 806 0 0 0 0 0 3121 0
15559 15559 122 806 122 806 0 1 0 0 40857 32 0
15559 15560 122 806 122 806 1 1 0 0 0 1 0
15560 15560 122 806 122 806 1 0 0 0 -40857 32 0
15560 18974 122 806 122 806 0 0 0 0 0 3414 0
18974 18974 122 806 122 806 0 1 0 0 24310 32 0
18974 18975 122 806 122 806 1 1 0 0 0 1 0
18975 18975 122 806 122 806 1 0 0 0 -24310 32 0
18975 25860 122 806 122 806 0 0 0 0 0 6885 0
25860 25860 122 806 122 806 0 1 0 0 27655 32 0
25860 25861 122 806 122 806 1 1 0 0 0 1 0
25861 25861 122 806 122 806 1 0 0 0 -27655 32 0
25861 26675 122 806 122 806 0 0 0 0 0 814 0
26675 26675 122 806 122 806 0 1 0 0 46492 32 0
26675 26678 122 806 122 806 1 1 0 0 0 3 0
26678 26678 122 806 122 806 1 0 0 0 -46492 32 0
26678 27067 122 806 122 806 0 0 0 0 0 389 0
27067 27067 122 806 122 806 0 1 0 0 46701 32 0
27067 27069 122 806 122 806 1 1 0 0 0 2 0
27069 27069 122 806 122 806 1 0 0 0 -46701 32 0
27069 27522 122 806 122 806 0 0 0 0 0 453 0
27522 27522 122 806 122 806 0 1 0 0 28518 32 0
27522 27523 122 806 122 806 1 1 0 0 0 1 0
27523 27523 122 806 122 806 1 0 0 0 -28518 32 0
27523 30351 122 806 122 806 0 0 0 0 0 2828 0
30351 30351 122 806 122 806 0 1 0 0 13016 32 0
30351 30352 122 806 122 806 1 1 0 0 0 1 0
30352 30352 122 806 122 806 1 0 0 0 -13016 32 0
30352 31867 122 806 122 806 0 0 0 0 0 1515 0
31867 31867 122 806 122 806 0 1 0 0 49483 32 0
31867 31869 122 806 122 806 1 1 0 0 0 2 0
31869 31869 122 806 122 806 1 0 0 0 -49483 32 0
31869 37666 122 806 122 806 0 0 0 0 0 5797 0
37666 37666 122 806 122 806 0 1 0 0 14959 32 0
37666 37671 122 806 122 806 1 1 0 0 0 5 0
37671 37671 122 806 122 806 1 0 0 0 -14959 32 0
37671 40164 122 806 122 806 0 0 0 0 0 2493 0
40164 40164 122 806 122 806 0 1 0 0 34130 32 0
40164 40166 122 806 122 806 1 1 0 0 0 2 0
40166 40166 122 806 122 806 1 0 0 0 -34130 32 0
40166 41901 122 806 122 806 0 0 0 0 0 1735 0
41901 41901 122 806 122 806 0 1 0 0 16669 32 0
41901 41903 122 806 122 806 1 1 0 0 0 2 0
41903 41903 122 806 122 806 1 0 0 0 -16669 32 0
41903 42472 122 806 122 806 0 0 0 0 0 569 0
42472 42472 122 806 122 806 0 1 0 0 16985 32 0
42472 42473 122 806 122 806 1 1 0 0 0 1 0
42473 42473 122 806 122 806 1 0 0 0 -16985 32 0
42473 43267 122 806 122 806 0 0 0 0 0 794 0
43267 43267 122 806 122 806 0 0 0 0 1000000000 0 0
--------------------------------------
--------------------------------------
EV2
--------------------------------------
Num TPs served = 20
TPs served = 6979 7245 7568 7665 7883 8258 8415 8448 8517 8707 9522 9886 10171 10192 10409 10593 10935 10936 11151 11430
Total energy used = 100
--------------------------------------
Schedule:
0 12966 122 806 122 806 0 0 100 100 0 12966 0
12966 12966 122 806 122 806 0 1 100 100 6979 32 0
12966 12967 122 806 123 806 1 0 100 99 -6979 32 1
12967 13573 123 806 123 806 0 0 99 99 0 606 0
13573 13574 123 806 122 806 0 1 99 98 7245 32 1
13574 13575 122 806 122 807 1 0 98 97 -7245 32 1
13575 14243 122 807 122 807 0 0 97 97 0 668 0
14243 14244 122 807 122 806 0 1 97 96 7568 32 1
14244 14252 122 806 124 812 1 0 96 88 -7568 32 8
14252 14464 124 812 124 812 0 0 88 88 0 212 0
14464 14472 124 812 122 806 0 1 88 80 7665 32 8
14472 14475 122 806 125 806 1 0 80 77 -7665 32 3
14475 14943 125 806 125 806 0 0 77 77 0 468 0
14943 14946 125 806 122 806 0 1 77 74 7883 32 3
14946 14950 122 806 126 806 1 0 74 70 -7883 32 4
14950 15836 126 806 126 806 0 0 70 70 0 886 0
15836 15840 126 806 122 806 0 1 70 66 8258 32 4
15840 15844 122 806 126 806 1 0 66 62 -8258 32 4
15844 16178 126 806 126 806 0 0 62 62 0 334 0
16178 16182 126 806 122 806 0 1 62 58 8415 32 4
16182 16183 122 806 122 806 1 1 58 58 0 1 0
16183 16188 122 806 127 806 1 0 58 53 -8415 32 5
16188 16251 127 806 127 806 0 0 53 53 0 63 0
16251 16256 127 806 122 806 0 1 53 48 8448 32 5
16256 16257 122 806 123 806 1 0 48 47 -8448 32 1
16257 16399 123 806 123 806 0 0 47 47 0 142 0
16399 16400 123 806 122 806 0 1 47 46 8517 32 1
16400 16401 122 806 122 806 1 1 46 46 0 1 0
16401 16402 122 806 123 806 1 0 46 45 -8517 32 1
16402 16900 123 806 123 806 0 0 45 45 0 498 0
16900 16901 123 806 122 806 0 1 45 44 8707 32 1
16901 16903 122 806 124 806 1 0 44 42 -8707 32 2
16903 19071 124 806 124 806 0 0 42 42 0 2168 0
19071 19073 124 806 122 806 0 1 42 40 9522 32 2
19073 19074 122 806 122 807 1 0 40 39 -9522 32 1
19074 20087 122 807 122 807 0 0 39 39 0 1013 0
20087 20088 122 807 122 806 0 1 39 38 9886 32 1
20088 20091 122 806 122 809 1 0 38 35 -9886 32 3
20091 20885 122 809 122 809 0 0 35 35 0 794 0
20885 20888 122 809 122 806 0 1 35 32 10171 32 3
20888 20890 122 806 124 806 1 0 32 30 -10171 32 2
20890 20944 124 806 124 806 0 0 30 30 0 54 0
20944 20946 124 806 122 806 0 1 30 28 10192 32 2
20946 20947 122 806 123 806 1 0 28 27 -10192 32 1
20947 21580 123 806 123 806 0 0 27 27 0 633 0
21580 21581 123 806 122 806 0 1 27 26 10409 32 1
21581 21586 122 806 122 806 1 1 26 26 0 5 0
21586 21588 122 806 124 806 1 0 26 24 -10409 32 2
21588 22076 124 806 124 806 0 0 24 24 0 488 0
22076 22078 124 806 122 806 0 1 24 22 10593 32 2
22078 22081 122 806 125 806 1 0 22 19 -10593 32 3
22081 23168 125 806 125 806 0 0 19 19 0 1087 0
23168 23171 125 806 122 806 0 1 19 16 10936 32 3
23171 23171 122 806 122 806 1 2 16 16 10935 29 0
23171 23176 122 806 123 810 2 1 16 11 -10936 32 5
23176 23180 123 810 123 806 1 0 11 7 -10935 21 4
23180 23819 123 806 123 806 0 0 7 7 0 639 0
23819 23820 123 806 122 806 0 1 7 6 11151 32 1
23820 23822 122 806 124 806 1 0 6 4 -11151 32 2
23822 24746 124 806 124 806 0 0 4 4 0 924 0
24746 24748 124 806 122 806 0 1 4 2 11430 32 2
24748 24749 122 806 123 806 1 0 2 1 -11430 32 1
24749 43266 123 806 123 806 0 0 1 1 0 18517 0
43266 43267 123 806 122 806 0 0 1 0 1000000000 0 1
--------------------------------------
--------------------------------------
EV3
--------------------------------------
Num TPs served = 16
TPs served = 10973 11140 11684 11944 12113 12777 12794 13036 13439 13679 14306 14507 14611 14817 15153 29962
Total energy used = 100
--------------------------------------
Schedule:
0 23302 122 806 122 806 0 0 100 100 0 23302 0
23302 23302 122 806 122 806 0 1 100 100 10973 32 0
23302 23319 122 806 122 806 1 1 100 100 0 17 0
23319 23323 122 806 123 809 1 0 100 96 -10973 32 4
23323 23787 123 809 123 809 0 0 96 96 0 464 0
23787 23791 123 809 122 806 0 1 96 92 11140 32 4
23791 23794 122 806 122 806 1 1 92 92 0 3 0
23794 23800 122 806 126 808 1 0 92 86 -11140 32 6
23800 25627 126 808 126 808 0 0 86 86 0 1827 0
25627 25633 126 808 122 806 0 1 86 80 11684 32 6
25633 25634 122 806 123 806 1 0 80 79 -11684 32 1
25634 26507 123 806 123 806 0 0 79 79 0 873 0
26507 26508 123 806 122 806 0 1 79 78 11944 32 1
26508 26510 122 806 122 806 1 1 78 78 0 2 0
26510 26517 122 806 123 812 1 0 78 71 -11944 32 7
26517 27126 123 812 123 812 0 0 71 71 0 609 0
27126 27133 123 812 122 806 0 1 71 64 12113 32 7
27133 27134 122 806 122 806 1 1 64 64 0 1 0
27134 27136 122 806 122 808 1 0 64 62 -12113 32 2
27136 29451 122 808 122 808 0 0 62 62 0 2315 0
29451 29453 122 808 122 806 0 1 62 60 12777 32 2
29453 29454 122 806 122 806 1 1 60 60 0 1 0
29454 29455 122 806 123 806 1 0 60 59 -12777 32 1
29455 29528 123 806 123 806 0 0 59 59 0 73 0
29528 29529 123 806 122 806 0 1 59 58 12794 32 1
29529 29530 122 806 123 806 1 0 58 57 -12794 32 1
29530 30406 123 806 123 806 0 0 57 57 0 876 0
30406 30407 123 806 122 806 0 1 57 56 29962 32 1
30407 30411 122 806 122 806 1 1 56 56 0 4 0
30411 30411 122 806 122 806 1 2 56 56 13036 32 0
30411 30412 122 806 123 806 2 1 56 55 -29962 28 1
30412 30419 123 806 129 807 1 0 55 48 -13036 32 7
30419 31868 129 807 129 807 0 0 48 48 0 1449 0
31868 31876 129 807 122 806 0 1 48 40 13439 32 8
31876 31878 122 806 122 808 1 0 40 38 -13439 32 2
31878 32733 122 808 122 808 0 0 38 38 0 855 0
32733 32735 122 808 122 806 0 1 38 36 13679 32 2
32735 32738 122 806 122 806 1 1 36 36 0 3 0
32738 32739 122 806 122 807 1 0 36 35 -13679 32 1
32739 35150 122 807 122 807 0 0 35 35 0 2411 0
35150 35151 122 807 122 806 0 1 35 34 14306 32 1
35151 35152 122 806 122 806 1 1 34 34 0 1 0
35152 35157 122 806 125 808 1 0 34 29 -14306 32 5
35157 35875 125 808 125 808 0 0 29 29 0 718 0
35875 35880 125 808 122 806 0 1 29 24 14507 32 5
35880 35882 122 806 122 806 1 1 24 24 0 2 0
35882 35883 122 806 123 806 1 0 24 23 -14507 32 1
35883 36282 123 806 123 806 0 0 23 23 0 399 0
36282 36283 123 806 122 806 0 1 23 22 14611 32 1
36283 36284 122 806 122 806 1 1 22 22 0 1 0
36284 36285 122 806 123 806 1 0 22 21 -14611 32 1
36285 37113 123 806 123 806 0 0 21 21 0 828 0
37113 37114 123 806 122 806 0 1 21 20 14817 32 1
37114 37116 122 806 122 806 1 1 20 20 0 2 0
37116 37119 122 806 124 807 1 0 20 17 -14817 32 3
37119 38422 124 807 124 807 0 0 17 17 0 1303 0
38422 38425 124 807 122 806 0 1 17 14 15153 32 3
38425 38426 122 806 122 806 1 1 14 14 0 1 0
38426 38433 122 806 129 806 1 0 14 7 -15153 32 7
38433 43260 129 806 129 806 0 0 7 7 0 4827 0
43260 43267 129 806 122 806 0 0 7 0 1000000000 0 7
--------------------------------------
--------------------------------------
EV4
--------------------------------------
Num TPs served = 15
TPs served = 15197 15541 15554 15695 16325 16698 16807 17008 17643 17767 17996 18134 18645 19318 20830
Total energy used = 100
--------------------------------------
Schedule:
0 712 122 806 122 806 0 0 100 100 0 712 0
712 712 122 806 122 806 0 1 100 100 17643 32 0
712 733 122 806 125 824 1 0 100 79 -17643 32 21
733 1051 125 824 125 824 0 0 79 79 0 318 0
1051 1072 125 824 122 806 0 1 79 58 17767 32 21
1072 1074 122 806 123 807 1 0 58 56 -17767 32 2
1074 1810 123 807 123 807 0 0 56 56 0 736 0
1810 1812 123 807 122 806 0 1 56 54 17996 32 2
1812 1814 122 806 124 806 1 0 54 52 -17996 32 2
1814 2219 124 806 124 806 0 0 52 52 0 405 0
2219 2221 124 806 122 806 0 1 52 50 18134 32 2
2221 2222 122 806 122 806 1 1 50 50 0 1 0
2222 2223 122 806 123 806 1 0 50 49 -18134 32 1
2223 3843 123 806 123 806 0 0 49 49 0 1620 0
3843 3844 123 806 122 806 0 1 49 48 18645 32 1
3844 3846 122 806 124 806 1 0 48 46 -18645 32 2
3846 5942 124 806 124 806 0 0 46 46 0 2096 0
5942 5944 124 806 122 806 0 1 46 44 19318 32 2
5944 5951 122 806 122 806 1 1 44 44 0 7 0
5951 5954 122 806 123 808 1 0 44 41 -19318 32 3
5954 10317 123 808 123 808 0 0 41 41 0 4363 0
10317 10320 123 808 122 806 0 1 41 38 20830 32 3
10320 10322 122 806 122 808 1 0 38 36 -20830 32 2
10322 38602 122 808 122 808 0 0 36 36 0 28280 0
38602 38604 122 808 122 806 0 1 36 34 15197 32 2
38604 38606 122 806 124 806 1 0 34 32 -15197 32 2
38606 39855 124 806 124 806 0 0 32 32 0 1249 0
39855 39857 124 806 122 806 0 1 32 30 15541 32 2
39857 39858 122 806 122 807 1 0 30 29 -15541 32 1
39858 39892 122 807 122 807 0 0 29 29 0 34 0
39892 39893 122 807 122 806 0 1 29 28 15554 32 1
39893 39896 122 806 122 806 1 1 28 28 0 3 0
39896 39899 122 806 124 807 1 0 28 25 -15554 32 3
39899 40204 124 807 124 807 0 0 25 25 0 305 0
40204 40207 124 807 122 806 0 1 25 22 15695 32 3
40207 40209 122 806 124 806 1 0 22 20 -15695 32 2
40209 41304 124 806 124 806 0 0 20 20 0 1095 0
41304 41306 124 806 122 806 0 1 20 18 16325 32 2
41306 41308 122 806 122 808 1 0 18 16 -16325 32 2
41308 41947 122 808 122 808 0 0 16 16 0 639 0
41947 41949 122 808 122 806 0 1 16 14 16698 32 2
41949 41950 122 806 122 806 1 1 14 14 0 1 0
41950 41953 122 806 124 807 1 0 14 11 -16698 32 3
41953 42135 124 807 124 807 0 0 11 11 0 182 0
42135 42138 124 807 122 806 0 1 11 8 16807 32 3
42138 42139 122 806 122 807 1 0 8 7 -16807 32 1
42139 42515 122 807 122 807 0 0 7 7 0 376 0
42515 42516 122 807 122 806 0 1 7 6 17008 32 1
42516 42519 122 806 122 806 1 1 6 6 0 3 0
42519 42522 122 806 125 806 1 0 6 3 -17008 32 3
42522 43264 125 806 125 806 0 0 3 3 0 742 0
43264 43267 125 806 122 806 0 0 3 0 1000000000 0 3
--------------------------------------
--------------------------------------
EV5
--------------------------------------
Num TPs served = 24
TPs served = 19778 20926 20970 21346 21491 21558 21682 22278 22386 22917 23766 24009 24071 24439 24725 25066 25146 25813 25883 26193 26510 26978 26996 27630
Total energy used = 100
--------------------------------------
Schedule:
0 7336 122 806 122 806 0 0 100 100 0 7336 0
7336 7336 122 806 122 806 0 1 100 100 19778 32 0
7336 7337 122 806 122 806 1 1 100 100 0 1 0
7337 7340 122 806 124 807 1 0 100 97 -19778 32 3
7340 10566 124 807 124 807 0 0 97 97 0 3226 0
10566 10569 124 807 122 806 0 1 97 94 20926 32 3
10569 10570 122 806 122 806 1 1 94 94 0 1 0
10570 10573 122 806 124 807 1 0 94 91 -20926 32 3
10573 10672 124 807 124 807 0 0 91 91 0 99 0
10672 10675 124 807 122 806 0 1 91 88 20970 32 3
10675 10678 122 806 125 806 1 0 88 85 -20970 32 3
10678 11680 125 806 125 806 0 0 85 85 0 1002 0
11680 11683 125 806 122 806 0 1 85 82 21346 32 3
11683 11685 122 806 123 807 1 0 82 80 -21346 32 2
11685 12081 123 807 123 807 0 0 80 80 0 396 0
12081 12083 123 807 122 806 0 1 80 78 21491 32 2
12083 12084 122 806 123 806 1 0 78 77 -21491 32 1
12084 12261 123 806 123 806 0 0 77 77 0 177 0
12261 12262 123 806 122 806 0 1 77 76 21558 32 1
12262 12266 122 806 124 808 1 0 76 72 -21558 32 4
12266 12628 124 808 124 808 0 0 72 72 0 362 0
12628 12632 124 808 122 806 0 1 72 68 21682 32 4
12632 12633 122 806 123 806 1 0 68 67 -21682 32 1
12633 14167 123 806 123 806 0 0 67 67 0 1534 0
14167 14168 123 806 122 806 0 1 67 66 22278 32 1
14168 14169 122 806 123 806 1 0 66 65 -22278 32 1
14169 14447 123 806 123 806 0 0 65 65 0 278 0
14447 14448 123 806 122 806 0 1 65 64 22386 32 1
14448 14450 122 806 122 806 1 1 64 64 0 2 0
14450 14451 122 806 122 807 1 0 64 63 -22386 32 1
14451 15761 122 807 122 807 0 0 63 63 0 1310 0
15761 15762 122 807 122 806 0 1 63 62 22917 32 1
15762 15763 122 806 122 806 1 1 62 62 0 1 0
15763 15764 122 806 122 807 1 0 62 61 -22917 32 1
15764 17779 122 807 122 807 0 0 61 61 0 2015 0
17779 17780 122 807 122 806 0 1 61 60 23766 32 1
17780 17781 122 806 122 806 1 1 60 60 0 1 0
17781 17782 122 806 122 807 1 0 60 59 -23766 32 1
17782 18314 122 807 122 807 0 0 59 59 0 532 0
18314 18315 122 807 122 806 0 1 59 58 24009 32 1
18315 18320 122 806 123 810 1 0 58 53 -24009 32 5
18320 18433 123 810 123 810 0 0 53 53 0 113 0
18433 18438 123 810 122 806 0 1 53 48 24071 32 5
18438 18440 122 806 122 806 1 1 48 48 0 2 0
18440 18442 122 806 122 808 1 0 48 46 -24071 32 2
18442 19259 122 808 122 808 0 0 46 46 0 817 0
19259 19261 122 808 122 806 0 1 46 44 24439 32 2
19261 19263 122 806 123 807 1 0 44 42 -24439 32 2
19263 19884 123 807 123 807 0 0 42 42 0 621 0
19884 19886 123 807 122 806 0 1 42 40 24725 32 2
19886 19887 122 806 122 806 1 1 40 40 0 1 0
19887 19888 122 806 122 807 1 0 40 39 -24725 32 1
19888 20662 122 807 122 807 0 0 39 39 0 774 0
20662 20663 122 807 122 806 0 1 39 38 25066 32 1
20663 20664 122 806 123 806 1 0 38 37 -25066 32 1
20664 20829 123 806 123 806 0 0 37 37 0 165 0
20829 20830 123 806 122 806 0 1 37 36 25146 32 1
20830 20833 122 806 124 807 1 0 36 33 -25146 32 3
20833 22256 124 807 124 807 0 0 33 33 0 1423 0
22256 22259 124 807 122 806 0 1 33 30 25813 32 3
22259 22261 122 806 124 806 1 0 30 28 -25813 32 2
22261 22395 124 806 124 806 0 0 28 28 0 134 0
22395 22397 124 806 122 806 0 1 28 26 25883 32 2
22397 22401 122 806 123 809 1 0 26 22 -25883 32 4
22401 23041 123 809 123 809 0 0 22 22 0 640 0
23041 23045 123 809 122 806 0 1 22 18 26193 32 4
23045 23046 122 806 122 806 1 1 18 18 0 1 0
23046 23049 122 806 122 809 1 0 18 15 -26193 32 3
23049 23656 122 809 122 809 0 0 15 15 0 607 0
23656 23659 122 809 122 806 0 1 15 12 26510 32 3
23659 23663 122 806 122 806 1 1 12 12 0 4 0
23663 23665 122 806 124 806 1 0 12 10 -26510 32 2
23665 24612 124 806 124 806 0 0 10 10 0 947 0
24612 24614 124 806 122 806 0 1 10 8 26978 32 2
24614 24616 122 806 122 806 1 1 8 8 0 2 0
24616 24618 122 806 123 807 1 0 8 6 -26978 32 2
24618 24650 123 807 123 807 0 0 6 6 0 32 0
24650 24652 123 807 122 806 0 1 6 4 26996 32 2
24652 24653 122 806 123 806 1 0 4 3 -26996 32 1
24653 25808 123 806 123 806 0 0 3 3 0 1155 0
25808 25809 123 806 122 806 0 1 3 2 27630 32 1
25809 25810 122 806 123 806 1 0 2 1 -27630 32 1
25810 43266 123 806 123 806 0 0 1 1 0 17456 0
43266 43267 123 806 122 806 0 0 1 0 1000000000 0 1
--------------------------------------
--------------------------------------
EV6
--------------------------------------
Num TPs served = 25
TPs served = 27061 27099 27888 28193 28398 28667 28672 28794 28888 29749 30029 30571 30723 30782 30788 30813 31041 31042 31159 31268 31453 31644 45410 47136 47154
Total energy used = 100
--------------------------------------
Schedule:
0 24743 122 806 122 806 0 0 100 100 0 24743 0
24743 24743 122 806 122 806 0 1 100 100 45410 32 0
24743 24770 122 806 122 806 1 1 100 100 0 27 0
24770 24770 122 806 122 806 1 2 100 100 27061 32 0
24770 24771 122 806 122 807 2 1 100 99 -45410 5 1
24771 24772 122 807 122 808 1 0 99 98 -27061 32 1
24772 24831 122 808 122 808 0 0 98 98 0 59 0
24831 24833 122 808 122 806 0 1 98 96 27099 32 2
24833 24834 122 806 122 806 1 1 96 96 0 1 0
24834 24838 122 806 126 806 1 0 96 92 -27099 32 4
24838 26285 126 806 126 806 0 0 92 92 0 1447 0
26285 26289 126 806 122 806 0 1 92 88 27888 32 4
26289 26291 122 806 122 806 1 1 88 88 0 2 0
26291 26293 122 806 124 806 1 0 88 86 -27888 32 2
26293 26883 124 806 124 806 0 0 86 86 0 590 0
26883 26885 124 806 122 806 0 1 86 84 28193 32 2
26885 26887 122 806 122 806 1 1 84 84 0 2 0
26887 26889 122 806 124 806 1 0 84 82 -28193 32 2
26889 27292 124 806 124 806 0 0 82 82 0 403 0
27292 27294 124 806 122 806 0 1 82 80 28398 32 2
27294 27300 122 806 125 809 1 0 80 74 -28398 32 6
27300 27815 125 809 125 809 0 0 74 74 0 515 0
27815 27821 125 809 122 806 0 1 74 68 47154 32 6
27821 27821 122 806 122 806 1 2 68 68 47136 7 0
27821 27821 122 806 122 806 2 3 68 68 28672 25 0
27821 27821 122 806 122 806 3 4 68 68 28667 12 0
27821 27823 122 806 122 806 4 4 68 68 0 2 0
27823 27824 122 806 122 807 4 3 68 67 -47154 32 1
27824 27827 122 807 123 809 3 2 67 64 -28672 23 3
27827 27831 123 809 125 807 2 1 64 60 -28667 6 4
27831 27832 125 807 125 806 1 0 60 59 -47136 2 1
27832 28045 125 806 125 806 0 0 59 59 0 213 0
28045 28048 125 806 122 806 0 1 59 56 28794 32 3
28048 28049 122 806 123 806 1 0 56 55 -28794 32 1
28049 28235 123 806 123 806 0 0 55 55 0 186 0
28235 28236 123 806 122 806 0 1 55 54 28888 32 1
28236 28241 122 806 126 807 1 0 54 49 -28888 32 5
28241 29977 126 807 126 807 0 0 49 49 0 1736 0
29977 29982 126 807 122 806 0 1 49 44 29749 32 5
29982 29983 122 806 122 807 1 0 44 43 -29749 32 1
29983 30531 122 807 122 807 0 0 43 43 0 548 0
30531 30532 122 807 122 806 0 1 43 42 30029 32 1
30532 30533 122 806 122 806 1 1 42 42 0 1 0
30533 30534 122 806 122 807 1 0 42 41 -30029 32 1
30534 31579 122 807 122 807 0 0 41 41 0 1045 0
31579 31580 122 807 122 806 0 1 41 40 30571 32 1
31580 31581 122 806 122 806 1 1 40 40 0 1 0
31581 31583 122 806 123 807 1 0 40 38 -30571 32 2
31583 31915 123 807 123 807 0 0 38 38 0 332 0
31915 31917 123 807 122 806 0 1 38 36 30723 32 2
31917 31919 122 806 124 806 1 0 36 34 -30723 32 2
31919 32055 124 806 124 806 0 0 34 34 0 136 0
32055 32057 124 806 122 806 0 1 34 32 30788 32 2
32057 32057 122 806 122 806 1 2 32 32 30782 18 0
32057 32059 122 806 123 807 2 1 32 30 -30788 32 2
32059 32060 123 807 122 807 1 0 30 29 -30782 16 1
32060 32115 122 807 122 807 0 0 29 29 0 55 0
32115 32116 122 807 122 806 0 1 29 28 30813 32 1
32116 32118 122 806 122 806 1 1 28 28 0 2 0
32118 32119 122 806 122 807 1 0 28 27 -30813 32 1
32119 32584 122 807 122 807 0 0 27 27 0 465 0
32584 32585 122 807 122 806 0 1 27 26 31042 32 1
32585 32585 122 806 122 806 1 2 26 26 31041 28 0
32585 32587 122 806 124 806 2 1 26 24 -31042 32 2
32587 32592 124 806 128 807 1 0 24 19 -31041 28 5
32592 32833 128 807 128 807 0 0 19 19 0 241 0
32833 32840 128 807 122 806 0 1 19 12 31159 32 7
32840 32842 122 806 124 806 1 0 12 10 -31159 32 2
32842 33085 124 806 124 806 0 0 10 10 0 243 0
33085 33087 124 806 122 806 0 1 10 8 31268 32 2
33087 33089 122 806 123 807 1 0 8 6 -31268 32 2
33089 33495 123 807 123 807 0 0 6 6 0 406 0
33495 33497 123 807 122 806 0 1 6 4 31453 32 2
33497 33498 122 806 122 807 1 0 4 3 -31453 32 1
33498 33924 122 807 122 807 0 0 3 3 0 426 0
33924 33925 122 807 122 806 0 1 3 2 31644 32 1
33925 33926 122 806 122 806 1 1 2 2 0 1 0
33926 33927 122 806 123 806 1 0 2 1 -31644 32 1
33927 43266 123 806 123 806 0 0 1 1 0 9339 0
43266 43267 123 806 122 806 0 0 1 0 1000000000 0 1
--------------------------------------

-------------------------------------------------------------------------

TPs

-------------------------------------------------------------------------

----------------------
TP320 allocated to 1
----------------------

----------------------
TP382 allocated to 1
----------------------

----------------------
TP407 allocated to 1
----------------------

----------------------
TP421 allocated to 1
----------------------

----------------------
TP997 allocated to 1
----------------------

----------------------
TP1255 allocated to 1
----------------------

----------------------
TP1303 allocated to 1
----------------------

----------------------
TP1581 allocated to 1
----------------------

----------------------
TP1627 allocated to 1
----------------------

----------------------
TP1639 allocated to 1
----------------------

----------------------
TP1808 allocated to 1
----------------------

----------------------
TP2049 allocated to 1
----------------------

----------------------
TP2499 allocated to 1
----------------------

----------------------
TP2501 allocated to 1
----------------------

----------------------
TP2708 allocated to 1
----------------------

----------------------
TP3098 allocated to 1
----------------------

----------------------
TP3306 allocated to 1
----------------------

----------------------
TP3341 allocated to 1
----------------------

----------------------
TP3970 allocated to 1
----------------------

----------------------
TP4179 allocated to 1
----------------------

----------------------
TP4871 allocated to 1
----------------------

----------------------
TP5115 allocated to 1
----------------------

----------------------
TP6069 allocated to 1
----------------------

----------------------
TP6174 allocated to 1
----------------------

----------------------
TP6231 allocated to 1
----------------------

----------------------
TP6246 allocated to 1
----------------------

----------------------
TP6307 allocated to 1
----------------------

----------------------
TP6531 allocated to 1
----------------------

----------------------
TP6696 allocated to 1
----------------------

----------------------
TP6979 allocated to 2
----------------------

----------------------
TP7245 allocated to 2
----------------------

----------------------
TP7568 allocated to 2
----------------------

----------------------
TP7665 allocated to 2
----------------------

----------------------
TP7883 allocated to 2
----------------------

----------------------
TP8258 allocated to 2
----------------------

----------------------
TP8415 allocated to 2
----------------------

----------------------
TP8448 allocated to 2
----------------------

----------------------
TP8517 allocated to 2
----------------------

----------------------
TP8707 allocated to 2
----------------------

----------------------
TP9522 allocated to 2
----------------------

----------------------
TP9886 allocated to 2
----------------------

----------------------
TP10171 allocated to 2
----------------------

----------------------
TP10192 allocated to 2
----------------------

----------------------
TP10409 allocated to 2
----------------------

----------------------
TP10593 allocated to 2
----------------------

----------------------
TP10935 allocated to 2
----------------------

----------------------
TP10936 allocated to 2
----------------------

----------------------
TP10973 allocated to 3
----------------------

----------------------
TP11140 allocated to 3
----------------------

----------------------
TP11151 allocated to 2
----------------------

----------------------
TP11430 allocated to 2
----------------------

----------------------
TP11684 allocated to 3
----------------------

----------------------
TP11944 allocated to 3
----------------------

----------------------
TP12113 allocated to 3
----------------------

----------------------
TP12777 allocated to 3
----------------------

----------------------
TP12794 allocated to 3
----------------------

----------------------
TP13016 allocated to 1
----------------------

----------------------
TP13036 allocated to 3
----------------------

----------------------
TP13439 allocated to 3
----------------------

----------------------
TP13679 allocated to 3
----------------------

----------------------
TP14306 allocated to 3
----------------------

----------------------
TP14507 allocated to 3
----------------------

----------------------
TP14611 allocated to 3
----------------------

----------------------
TP14817 allocated to 3
----------------------

----------------------
TP14959 allocated to 1
----------------------

----------------------
TP15153 allocated to 3
----------------------

----------------------
TP15197 allocated to 4
----------------------

----------------------
TP15541 allocated to 4
----------------------

----------------------
TP15554 allocated to 4
----------------------

----------------------
TP15695 allocated to 4
----------------------

----------------------
TP16325 allocated to 4
----------------------

----------------------
TP16669 allocated to 1
----------------------

----------------------
TP16698 allocated to 4
----------------------

----------------------
TP16807 allocated to 4
----------------------

----------------------
TP16985 allocated to 1
----------------------

----------------------
TP17008 allocated to 4
----------------------

----------------------
TP17643 allocated to 4
----------------------

----------------------
TP17767 allocated to 4
----------------------

----------------------
TP17990 allocated to 1
----------------------

----------------------
TP17996 allocated to 4
----------------------

----------------------
TP17997 allocated to 1
----------------------

----------------------
TP18134 allocated to 4
----------------------

----------------------
TP18221 allocated to 1
----------------------

----------------------
TP18645 allocated to 4
----------------------

----------------------
TP19318 allocated to 4
----------------------

----------------------
TP19778 allocated to 5
----------------------

----------------------
TP20320 allocated to 1
----------------------

----------------------
TP20830 allocated to 4
----------------------

----------------------
TP20926 allocated to 5
----------------------

----------------------
TP20970 allocated to 5
----------------------

----------------------
TP21346 allocated to 5
----------------------

----------------------
TP21491 allocated to 5
----------------------

----------------------
TP21558 allocated to 5
----------------------

----------------------
TP21682 allocated to 5
----------------------

----------------------
TP22278 allocated to 5
----------------------

----------------------
TP22386 allocated to 5
----------------------

----------------------
TP22917 allocated to 5
----------------------

----------------------
TP23766 allocated to 5
----------------------

----------------------
TP24009 allocated to 5
----------------------

----------------------
TP24071 allocated to 5
----------------------

----------------------
TP24310 allocated to 1
----------------------

----------------------
TP24439 allocated to 5
----------------------

----------------------
TP24725 allocated to 5
----------------------

----------------------
TP25066 allocated to 5
----------------------

----------------------
TP25146 allocated to 5
----------------------

----------------------
TP25813 allocated to 5
----------------------

----------------------
TP25883 allocated to 5
----------------------

----------------------
TP26193 allocated to 5
----------------------

----------------------
TP26510 allocated to 5
----------------------

----------------------
TP26978 allocated to 5
----------------------

----------------------
TP26996 allocated to 5
----------------------

----------------------
TP27061 allocated to 6
----------------------

----------------------
TP27099 allocated to 6
----------------------

----------------------
TP27630 allocated to 5
----------------------

----------------------
TP27655 allocated to 1
----------------------

----------------------
TP27888 allocated to 6
----------------------

----------------------
TP28193 allocated to 6
----------------------

----------------------
TP28398 allocated to 6
----------------------

----------------------
TP28518 allocated to 1
----------------------

----------------------
TP28667 allocated to 6
----------------------

----------------------
TP28672 allocated to 6
----------------------

----------------------
TP28794 allocated to 6
----------------------

----------------------
TP28888 allocated to 6
----------------------

----------------------
TP29749 allocated to 6
----------------------

----------------------
TP29962 allocated to 3
----------------------

----------------------
TP30029 allocated to 6
----------------------

----------------------
TP30571 allocated to 6
----------------------

----------------------
TP30723 allocated to 6
----------------------

----------------------
TP30782 allocated to 6
----------------------

----------------------
TP30788 allocated to 6
----------------------

----------------------
TP30813 allocated to 6
----------------------

----------------------
TP31041 allocated to 6
----------------------

----------------------
TP31042 allocated to 6
----------------------

----------------------
TP31159 allocated to 6
----------------------

----------------------
TP31268 allocated to 6
----------------------

----------------------
TP31453 allocated to 6
----------------------

----------------------
TP31644 allocated to 6
----------------------

----------------------
TP31895 not allocated
----------------------

----------------------
TP32503 not allocated
----------------------

----------------------
TP32768 not allocated
----------------------

----------------------
TP33301 not allocated
----------------------

----------------------
TP33654 not allocated
----------------------

----------------------
TP33717 not allocated
----------------------

----------------------
TP33725 not allocated
----------------------

----------------------
TP33814 not allocated
----------------------

----------------------
TP34038 not allocated
----------------------

----------------------
TP34122 not allocated
----------------------

----------------------
TP34127 not allocated
----------------------

----------------------
TP34130 allocated to 1
----------------------

----------------------
TP34326 not allocated
----------------------

----------------------
TP34341 not allocated
----------------------

----------------------
TP34439 not allocated
----------------------

----------------------
TP35476 not allocated
----------------------

----------------------
TP35843 not allocated
----------------------

----------------------
TP36047 not allocated
----------------------

----------------------
TP36090 allocated to 1
----------------------

----------------------
TP36142 not allocated
----------------------

----------------------
TP36357 not allocated
----------------------

----------------------
TP36599 not allocated
----------------------

----------------------
TP36833 not allocated
----------------------

----------------------
TP36891 not allocated
----------------------

----------------------
TP37012 not allocated
----------------------

----------------------
TP37668 not allocated
----------------------

----------------------
TP38113 allocated to 1
----------------------

----------------------
TP39020 not allocated
----------------------

----------------------
TP39354 not allocated
----------------------

----------------------
TP39628 allocated to 1
----------------------

----------------------
TP39664 not allocated
----------------------

----------------------
TP40196 not allocated
----------------------

----------------------
TP40316 not allocated
----------------------

----------------------
TP40857 allocated to 1
----------------------

----------------------
TP40951 not allocated
----------------------

----------------------
TP41435 not allocated
----------------------

----------------------
TP41486 not allocated
----------------------

----------------------
TP41552 not allocated
----------------------

----------------------
TP41871 not allocated
----------------------

----------------------
TP42394 not allocated
----------------------

----------------------
TP42816 not allocated
----------------------

----------------------
TP43051 not allocated
----------------------

----------------------
TP43480 not allocated
----------------------

----------------------
TP43553 not allocated
----------------------

----------------------
TP43754 not allocated
----------------------

----------------------
TP44184 not allocated
----------------------

----------------------
TP44364 not allocated
----------------------

----------------------
TP44653 not allocated
----------------------

----------------------
TP44673 not allocated
----------------------

----------------------
TP44703 not allocated
----------------------

----------------------
TP44940 not allocated
----------------------

----------------------
TP45225 not allocated
----------------------

----------------------
TP45311 not allocated
----------------------

----------------------
TP45410 allocated to 6
----------------------

----------------------
TP45819 not allocated
----------------------

----------------------
TP45921 not allocated
----------------------

----------------------
TP46059 not allocated
----------------------

----------------------
TP46492 allocated to 1
----------------------

----------------------
TP46522 not allocated
----------------------

----------------------
TP46701 allocated to 1
----------------------

----------------------
TP46759 not allocated
----------------------

----------------------
TP46998 not allocated
----------------------

----------------------
TP47024 not allocated
----------------------

----------------------
TP47136 allocated to 6
----------------------

----------------------
TP47154 allocated to 6
----------------------

----------------------
TP47321 not allocated
----------------------

----------------------
TP47361 not allocated
----------------------

----------------------
TP47686 not allocated
----------------------

----------------------
TP48164 not allocated
----------------------

----------------------
TP48295 not allocated
----------------------

----------------------
TP48689 not allocated
----------------------

----------------------
TP49267 not allocated
----------------------

----------------------
TP49319 not allocated
----------------------

----------------------
TP49340 not allocated
----------------------

----------------------
TP49465 not allocated
----------------------

----------------------
TP49483 allocated to 1
----------------------

----------------------
TP49572 not allocated
----------------------

----------------------
TP49711 not allocated
----------------------

-------------------------------------------------------------------------

Ride-sharing vs Individual Mode - Num Vehicles and Distance Comparisson 

-------------------------------------------------------------------------
Individual Mode = 215 vehicles.
Ride-sharing Mode = 73 vehicles. The 6 ride-sharing vehicles + 67 vehicles of the individuals not served by the ride-sharing service.
-------------------------------------------------------------------------
Individual Mode = 525 distance.
Ride-sharing Mode = 812 distance. 600 from the EV fleet + 212 from the distance of the trips not covered individuals had to do with their own vehicle.
-------------------------------------------------------------------------
