-------------------------------------------------------------------------
TPs satisfied = 207; Total TPs = 209; Percentage Satisfied + 99.0%
-------------------------------------------------------------------------

-------------------------------------------------------------------------

EVs

-------------------------------------------------------------------------
--------------------------------------
EV1
--------------------------------------
Num TPs served = 45
TPs served = 193 273 681 737 895 1308 1634 1749 2063 2472 2536 2752 2795 2816 2867 2937 3180 3623 3735 3771 3801 3838 3882 4790 5807 6706 8026 10279 12844 16267 20126 21214 26788 27039 29892 31376 32978 33045 33423 35258 35615 36369 36970 37109 49033
Total energy used = 100
--------------------------------------
Schedule:
0 339 793 372 793 372 0 0 100 100 0 339 0
339 339 793 372 793 372 0 1 100 100 35258 32 0
339 342 793 372 793 372 1 1 100 100 0 3 0
342 342 793 372 793 372 1 0 100 100 -35258 32 0
342 374 793 372 793 372 0 0 100 100 0 32 0
374 374 793 372 793 372 0 1 100 100 193 32 0
374 375 793 372 793 373 1 0 100 99 -193 32 1
375 538 793 373 793 373 0 0 99 99 0 163 0
538 539 793 373 793 372 0 1 99 98 273 32 1
539 541 793 372 793 372 1 1 98 98 0 2 0
541 543 793 372 794 373 1 0 98 96 -273 32 2
543 1218 794 373 794 373 0 0 96 96 0 675 0
1218 1220 794 373 793 372 0 1 96 94 681 32 2
1220 1221 793 372 794 372 1 0 94 93 -681 32 1
1221 1322 794 372 794 372 0 0 93 93 0 101 0
1322 1323 794 372 793 372 0 1 93 92 737 32 1
1323 1326 793 372 796 372 1 0 92 89 -737 32 3
1326 1402 796 372 796 372 0 0 89 89 0 76 0
1402 1405 796 372 793 372 0 1 89 86 35615 32 3
1405 1407 793 372 793 372 1 1 86 86 0 2 0
1407 1407 793 372 793 372 1 0 86 86 -35615 32 0
1407 1582 793 372 793 372 0 0 86 86 0 175 0
1582 1582 793 372 793 372 0 1 86 86 895 32 0
1582 1584 793 372 794 373 1 0 86 84 -895 32 2
1584 2296 794 373 794 373 0 0 84 84 0 712 0
2296 2298 794 373 793 372 0 1 84 82 1308 32 2
2298 2301 793 372 793 372 1 1 82 82 0 3 0
2301 2306 793 372 797 373 1 0 82 77 -1308 32 5
2306 2851 797 373 797 373 0 0 77 77 0 545 0
2851 2856 797 373 793 372 0 1 77 72 1634 32 5
2856 2860 793 372 796 373 1 0 72 68 -1634 32 4
2860 3053 796 373 796 373 0 0 68 68 0 193 0
3053 3057 796 373 793 372 0 1 68 64 1749 32 4
3057 3059 793 372 793 372 1 1 64 64 0 2 0
3059 3060 793 372 794 372 1 0 64 63 -1749 32 1
3060 3553 794 372 794 372 0 0 63 63 0 493 0
3553 3554 794 372 793 372 0 1 63 62 36369 32 1
3554 3556 793 372 793 372 1 1 62 62 0 2 0
3556 3556 793 372 793 372 1 0 62 62 -36369 32 0
3556 3623 793 372 793 372 0 0 62 62 0 67 0
3623 3623 793 372 793 372 0 1 62 62 2063 32 0
3623 3625 793 372 794 373 1 0 62 60 -2063 32 2
3625 4399 794 373 794 373 0 0 60 60 0 774 0
4399 4401 794 373 793 372 0 1 60 58 2472 32 2
4401 4405 793 372 797 372 1 0 58 54 -2472 32 4
4405 4500 797 372 797 372 0 0 54 54 0 95 0
4500 4504 797 372 793 372 0 1 54 50 2536 32 4
4504 4506 793 372 795 372 1 0 50 48 -2536 32 2
4506 4903 795 372 795 372 0 0 48 48 0 397 0
4903 4905 795 372 793 372 0 1 48 46 2752 32 2
4905 4906 793 372 794 372 1 0 46 45 -2752 32 1
4906 4974 794 372 794 372 0 0 45 45 0 68 0
4974 4975 794 372 793 372 0 1 45 44 2795 32 1
4975 4977 793 372 795 372 1 0 44 42 -2795 32 2
4977 5021 795 372 795 372 0 0 42 42 0 44 0
5021 5023 795 372 793 372 0 1 42 40 2816 32 2
5023 5028 793 372 798 372 1 0 40 35 -2816 32 5
5028 5106 798 372 798 372 0 0 35 35 0 78 0
5106 5111 798 372 793 372 0 1 35 30 2867 32 5
5111 5112 793 372 793 373 1 0 30 29 -2867 32 1
5112 5238 793 373 793 373 0 0 29 29 0 126 0
5238 5239 793 373 793 372 0 1 29 28 2937 32 1
5239 5240 793 372 793 372 1 1 28 28 0 1 0
5240 5241 793 372 794 372 1 0 28 27 -2937 32 1
5241 5350 794 372 794 372 0 0 27 27 0 109 0
5350 5351 794 372 793 372 0 1 27 26 36970 32 1
5351 5353 793 372 793 372 1 1 26 26 0 2 0
5353 5353 793 372 793 372 1 0 26 26 -36970 32 0
5353 5672 793 372 793 372 0 0 26 26 0 319 0
5672 5672 793 372 793 372 0 1 26 26 3180 32 0
5672 5674 793 372 793 372 1 1 26 26 0 2 0
5674 5675 793 372 793 373 1 0 26 25 -3180 32 1
5675 5742 793 373 793 373 0 0 25 25 0 67 0
5742 5743 793 373 793 372 0 1 25 24 37109 32 1
5743 5744 793 372 793 372 1 1 24 24 0 1 0
5744 5744 793 372 793 372 1 0 24 24 -37109 32 0
5744 6489 793 372 793 372 0 0 24 24 0 745 0
6489 6489 793 372 793 372 0 1 24 24 3623 32 0
6489 6490 793 372 793 372 1 1 24 24 0 1 0
6490 6494 793 372 796 373 1 0 24 20 -3623 32 4
6494 6701 796 373 796 373 0 0 20 20 0 207 0
6701 6705 796 373 793 372 0 1 20 16 3735 32 4
6705 6706 793 372 794 372 1 0 16 15 -3735 32 1
6706 6762 794 372 794 372 0 0 15 15 0 56 0
6762 6763 794 372 793 372 0 1 15 14 3771 32 1
6763 6765 793 372 793 372 1 1 14 14 0 2 0
6765 6766 793 372 793 373 1 0 14 13 -3771 32 1
6766 6815 793 373 793 373 0 0 13 13 0 49 0
6815 6816 793 373 793 372 0 1 13 12 3801 32 1
6816 6817 793 372 793 373 1 0 12 11 -3801 32 1
6817 6885 793 373 793 373 0 0 11 11 0 68 0
6885 6886 793 373 793 372 0 1 11 10 3838 32 1
6886 6889 793 372 793 372 1 1 10 10 0 3 0
6889 6893 793 372 796 373 1 0 10 6 -3838 32 4
6893 6953 796 373 796 373 0 0 6 6 0 60 0
6953 6957 796 373 793 372 0 1 6 2 3882 32 4
6957 6960 793 372 793 372 1 1 2 2 0 3 0
6960 6961 793 372 793 373 1 0 2 1 -3882 32 1
6961 8391 793 373 793 373 0 0 1 1 0 1430 0
8391 8392 793 373 793 372 0 1 1 0 20126 32 1
8392 8393 793 372 793 372 1 1 0 0 0 1 0
8393 8393 793 372 793 372 1 0 0 0 -20126 32 0
8393 8690 793 372 793 372 0 0 0 0 0 297 0
8690 8690 793 372 793 372 0 1 0 0 4790 32 0
8690 8691 793 372 793 372 1 1 0 0 0 1 0
8691 8691 793 372 793 372 1 0 0 0 -4790 32 0
8691 10619 793 372 793 372 0 0 0 0 0 1928 0
10619 10619 793 372 793 372 0 1 0 0 5807 32 0
10619 10621 793 372 793 372 1 1 0 0 0 2 0
10621 10621 793 372 793 372 1 0 0 0 -5807 32 0
10621 11329 793 372 793 372 0 0 0 0 0 708 0
11329 11329 793 372 793 372 0 1 0 0 21214 32 0
11329 11330 793 372 793 372 1 1 0 0 0 1 0
11330 11330 793 372 793 372 1 0 0 0 -21214 32 0
11330 12372 793 372 793 372 0 0 0 0 0 1042 0
12372 12372 793 372 793 372 0 1 0 0 6706 32 0
12372 12373 793 372 793 372 1 1 0 0 0 1 0
12373 12373 793 372 793 372 1 0 0 0 -6706 32 0
12373 15256 793 372 793 372 0 0 0 0 0 2883 0
15256 15256 793 372 793 372 0 1 0 0 8026 32 0
15256 15258 793 372 793 372 1 1 0 0 0 2 0
15258 15258 793 372 793 372 1 0 0 0 -8026 32 0
15258 21204 793 372 793 372 0 0 0 0 0 5946 0
21204 21204 793 372 793 372 0 1 0 0 10279 32 0
21204 21206 793 372 793 372 1 1 0 0 0 2 0
21206 21206 793 372 793 372 1 0 0 0 -10279 32 0
21206 24225 793 372 793 372 0 0 0 0 0 3019 0
24225 24225 793 372 793 372 0 1 0 0 26788 32 0
24225 24227 793 372 793 372 1 1 0 0 0 2 0
24227 24227 793 372 793 372 1 0 0 0 -26788 32 0
24227 24723 793 372 793 372 0 0 0 0 0 496 0
24723 24723 793 372 793 372 0 1 0 0 27039 32 0
24723 24724 793 372 793 372 1 1 0 0 0 1 0
24724 24724 793 372 793 372 1 0 0 0 -27039 32 0
24724 29726 793 372 793 372 0 0 0 0 0 5002 0
29726 29726 793 372 793 372 0 1 0 0 12844 32 0
29726 29732 793 372 793 372 1 1 0 0 0 6 0
29732 29732 793 372 793 372 1 0 0 0 -12844 32 0
29732 30266 793 372 793 372 0 0 0 0 0 534 0
30266 30266 793 372 793 372 0 1 0 0 29892 32 0
30266 30267 793 372 793 372 1 1 0 0 0 1 0
30267 30267 793 372 793 372 1 0 0 0 -29892 32 0
30267 31075 793 372 793 372 0 0 0 0 0 808 0
31075 31075 793 372 793 372 0 1 0 0 49033 32 0
31075 31076 793 372 793 372 1 1 0 0 0 1 0
31076 31076 793 372 793 372 1 0 0 0 -49033 32 0
31076 33323 793 372 793 372 0 0 0 0 0 2247 0
33323 33323 793 372 793 372 0 1 0 0 31376 32 0
33323 33324 793 372 793 372 1 1 0 0 0 1 0
33324 33324 793 372 793 372 1 0 0 0 -31376 32 0
33324 37132 793 372 793 372 0 0 0 0 0 3808 0
37132 37132 793 372 793 372 0 1 0 0 32978 32 0
37132 37134 793 372 793 372 1 1 0 0 0 2 0
37134 37134 793 372 793 372 1 0 0 0 -32978 32 0
37134 37304 793 372 793 372 0 0 0 0 0 170 0
37304 37304 793 372 793 372 0 1 0 0 33045 32 0
37304 37305 793 372 793 372 1 1 0 0 0 1 0
37305 37305 793 372 793 372 1 0 0 0 -33045 32 0
37305 38224 793 372 793 372 0 0 0 0 0 919 0
38224 38224 793 372 793 372 0 1 0 0 33423 32 0
38224 38225 793 372 793 372 1 1 0 0 0 1 0
38225 38225 793 372 793 372 1 0 0 0 -33423 32 0
38225 41213 793 372 793 372 0 0 0 0 0 2988 0
41213 41213 793 372 793 372 0 1 0 0 16267 32 0
41213 41217 793 372 793 372 1 1 0 0 0 4 0
41217 41217 793 372 793 372 1 0 0 0 -16267 32 0
41217 43267 793 372 793 372 0 0 0 0 0 2050 0
43267 43267 793 372 793 372 0 0 0 0 1000000000 0 0
--------------------------------------
--------------------------------------
EV2
--------------------------------------
Num TPs served = 22
TPs served = 4511 4515 4638 4695 5622 6447 6490 6632 6976 7141 7203 7607 7745 8059 8084 8236 8246 8494 9078 9561 10001 20179
Total energy used = 100
--------------------------------------
Schedule:
0 8144 793 372 793 372 0 0 100 100 0 8144 0
8144 8144 793 372 793 372 0 1 100 100 4515 32 0
8144 8144 793 372 793 372 1 2 100 100 4511 28 0
8144 8146 793 372 794 373 2 1 100 98 -4515 32 2
8146 8146 794 373 794 373 1 0 98 98 -4511 28 0
8146 8384 794 373 794 373 0 0 98 98 0 238 0
8384 8386 794 373 793 372 0 1 98 96 4638 32 2
8386 8387 793 372 794 372 1 0 96 95 -4638 32 1
8387 8539 794 372 794 372 0 0 95 95 0 152 0
8539 8540 794 372 793 372 0 1 95 94 20179 32 1
8540 8540 793 372 793 372 1 2 94 94 4695 8 0
8540 8542 793 372 795 372 2 1 94 92 -20179 32 2
8542 8542 795 372 795 372 1 0 92 92 -4695 8 0
8542 10258 795 372 795 372 0 0 92 92 0 1716 0
10258 10260 795 372 793 372 0 1 92 90 5622 32 2
10260 10261 793 372 793 372 1 1 90 90 0 1 0
10261 10262 793 372 793 373 1 0 90 89 -5622 32 1
10262 11829 793 373 793 373 0 0 89 89 0 1567 0
11829 11830 793 373 793 372 0 1 89 88 6447 32 1
11830 11831 793 372 793 373 1 0 88 87 -6447 32 1
11831 11922 793 373 793 373 0 0 87 87 0 91 0
11922 11923 793 373 793 372 0 1 87 86 6490 32 1
11923 11927 793 372 794 375 1 0 86 82 -6490 32 4
11927 12225 794 375 794 375 0 0 82 82 0 298 0
12225 12229 794 375 793 372 0 1 82 78 6632 32 4
12229 12230 793 372 793 372 1 1 78 78 0 1 0
12230 12234 793 372 795 374 1 0 78 74 -6632 32 4
12234 12954 795 374 795 374 0 0 74 74 0 720 0
12954 12958 795 374 793 372 0 1 74 70 6976 32 4
12958 12960 793 372 795 372 1 0 70 68 -6976 32 2
12960 13316 795 372 795 372 0 0 68 68 0 356 0
13316 13318 795 372 793 372 0 1 68 66 7141 32 2
13318 13319 793 372 793 372 1 1 66 66 0 1 0
13319 13321 793 372 794 373 1 0 66 64 -7141 32 2
13321 13458 794 373 794 373 0 0 64 64 0 137 0
13458 13460 794 373 793 372 0 1 64 62 7203 32 2
13460 13461 793 372 793 372 1 1 62 62 0 1 0
13461 13468 793 372 797 375 1 0 62 55 -7203 32 7
13468 14331 797 375 797 375 0 0 55 55 0 863 0
14331 14338 797 375 793 372 0 1 55 48 7607 32 7
14338 14339 793 372 794 372 1 0 48 47 -7607 32 1
14339 14645 794 372 794 372 0 0 47 47 0 306 0
14645 14646 794 372 793 372 0 1 47 46 7745 32 1
14646 14649 793 372 793 375 1 0 46 43 -7745 32 3
14649 15344 793 375 793 375 0 0 43 43 0 695 0
15344 15347 793 375 793 372 0 1 43 40 8059 32 3
15347 15348 793 372 794 372 1 0 40 39 -8059 32 1
15348 15408 794 372 794 372 0 0 39 39 0 60 0
15408 15409 794 372 793 372 0 1 39 38 8084 32 1
15409 15411 793 372 795 372 1 0 38 36 -8084 32 2
15411 15774 795 372 795 372 0 0 36 36 0 363 0
15774 15776 795 372 793 372 0 1 36 34 8236 32 2
15776 15807 793 372 793 372 1 1 34 34 0 31 0
15807 15807 793 372 793 372 1 2 34 34 8246 32 0
15807 15809 793 372 795 372 2 1 34 32 -8236 1 2
15809 15812 795 372 794 374 1 0 32 29 -8246 30 3
15812 16345 794 374 794 374 0 0 29 29 0 533 0
16345 16348 794 374 793 372 0 1 29 26 8494 32 3
16348 16352 793 372 797 372 1 0 26 22 -8494 32 4
16352 17835 797 372 797 372 0 0 22 22 0 1483 0
17835 17839 797 372 793 372 0 1 22 18 9078 32 4
17839 17841 793 372 793 372 1 1 18 18 0 2 0
17841 17843 793 372 793 374 1 0 18 16 -9078 32 2
17843 19183 793 374 793 374 0 0 16 16 0 1340 0
19183 19185 793 374 793 372 0 1 16 14 9561 32 2
19185 19186 793 372 793 372 1 1 14 14 0 1 0
19186 19192 793 372 798 373 1 0 14 8 -9561 32 6
19192 20408 798 373 798 373 0 0 8 8 0 1216 0
20408 20414 798 373 793 372 0 1 8 2 10001 32 6
20414 20415 793 372 794 372 1 0 2 1 -10001 32 1
20415 43266 794 372 794 372 0 0 1 1 0 22851 0
43266 43267 794 372 793 372 0 0 1 0 1000000000 0 1
--------------------------------------
--------------------------------------
EV3
--------------------------------------
Num TPs served = 23
TPs served = 9230 10185 10462 10675 10904 11120 11331 11357 11443 11530 12492 12539 13424 13477 13888 14126 14376 14405 14749 14938 15886 32323 33144
Total energy used = 100
--------------------------------------
Schedule:
0 18280 793 372 793 372 0 0 100 100 0 18280 0
18280 18280 793 372 793 372 0 1 100 100 9230 32 0
18280 18289 793 372 796 378 1 0 100 91 -9230 32 9
18289 20911 796 378 796 378 0 0 91 91 0 2622 0
20911 20920 796 378 793 372 0 1 91 82 10185 32 9
20920 20921 793 372 794 372 1 0 82 81 -10185 32 1
20921 21734 794 372 794 372 0 0 81 81 0 813 0
21734 21735 794 372 793 372 0 1 81 80 10462 32 1
21735 21736 793 372 793 373 1 0 80 79 -10462 32 1
21736 22306 793 373 793 373 0 0 79 79 0 570 0
22306 22307 793 373 793 372 0 1 79 78 10675 32 1
22307 22308 793 372 793 373 1 0 78 77 -10675 32 1
22308 23082 793 373 793 373 0 0 77 77 0 774 0
23082 23083 793 373 793 372 0 1 77 76 10904 32 1
23083 23084 793 372 794 372 1 0 76 75 -10904 32 1
23084 23740 794 372 794 372 0 0 75 75 0 656 0
23740 23741 794 372 793 372 0 1 75 74 11120 32 1
23741 23743 793 372 794 373 1 0 74 72 -11120 32 2
23743 24361 794 373 794 373 0 0 72 72 0 618 0
24361 24363 794 373 793 372 0 1 72 70 11331 32 2
24363 24365 793 372 793 374 1 0 70 68 -11331 32 2
24365 24455 793 374 793 374 0 0 68 68 0 90 0
24455 24457 793 374 793 372 0 1 68 66 11357 32 2
24457 24465 793 372 793 372 1 1 66 66 0 8 0
24465 24471 793 372 799 372 1 0 66 60 -11357 32 6
24471 24795 799 372 799 372 0 0 60 60 0 324 0
24795 24801 799 372 793 372 0 1 60 54 11443 32 6
24801 24802 793 372 793 372 1 1 54 54 0 1 0
24802 24803 793 372 793 373 1 0 54 53 -11443 32 1
24803 25076 793 373 793 373 0 0 53 53 0 273 0
25076 25077 793 373 793 372 0 1 53 52 11530 32 1
25077 25081 793 372 797 372 1 0 52 48 -11530 32 4
25081 28404 797 372 797 372 0 0 48 48 0 3323 0
28404 28408 797 372 793 372 0 1 48 44 12492 32 4
28408 28409 793 372 793 372 1 1 44 44 0 1 0
28409 28410 793 372 794 372 1 0 44 43 -12492 32 1
28410 28593 794 372 794 372 0 0 43 43 0 183 0
28593 28594 794 372 793 372 0 1 43 42 12539 32 1
28594 28596 793 372 793 374 1 0 42 40 -12539 32 2
28596 31828 793 374 793 374 0 0 40 40 0 3232 0
31828 31830 793 374 793 372 0 1 40 38 13424 32 2
31830 31831 793 372 793 372 1 1 38 38 0 1 0
31831 31835 793 372 797 372 1 0 38 34 -13424 32 4
31835 32022 797 372 797 372 0 0 34 34 0 187 0
32022 32026 797 372 793 372 0 1 34 30 13477 32 4
32026 32027 793 372 793 372 1 1 30 30 0 1 0
32027 32028 793 372 793 373 1 0 30 29 -13477 32 1
32028 33524 793 373 793 373 0 0 29 29 0 1496 0
33524 33525 793 373 793 372 0 1 29 28 13888 32 1
33525 33527 793 372 794 373 1 0 28 26 -13888 32 2
33527 34448 794 373 794 373 0 0 26 26 0 921 0
34448 34450 794 373 793 372 0 1 26 24 14126 32 2
34450 34451 793 372 793 372 1 1 24 24 0 1 0
34451 34456 793 372 798 372 1 0 24 19 -14126 32 5
34456 35388 798 372 798 372 0 0 19 19 0 932 0
35388 35393 798 372 793 372 0 1 19 14 14376 32 5
35393 35394 793 372 793 373 1 0 14 13 -14376 32 1
35394 35507 793 373 793 373 0 0 13 13 0 113 0
35507 35508 793 373 793 372 0 1 13 12 32323 32 1
35508 35509 793 372 793 372 1 1 12 12 0 1 0
35509 35509 793 372 793 372 1 2 12 12 14405 32 0
35509 35512 793 372 796 372 2 1 12 9 -32323 31 3
35512 35512 796 372 796 372 1 0 9 9 -14405 32 0
35512 36864 796 372 796 372 0 0 9 9 0 1352 0
36864 36867 796 372 793 372 0 1 9 6 14749 32 3
36867 36868 793 372 793 373 1 0 6 5 -14749 32 1
36868 37557 793 373 793 373 0 0 5 5 0 689 0
37557 37558 793 373 793 372 0 1 5 4 33144 32 1
37558 37590 793 372 793 372 1 1 4 4 0 32 0
37590 37590 793 372 793 372 1 2 4 4 14938 32 0
37590 37591 793 372 794 372 2 1 4 3 -33144 0 1
37591 37591 794 372 794 372 1 0 3 3 -14938 32 0
37591 40528 794 372 794 372 0 0 3 3 0 2937 0
40528 40529 794 372 793 372 0 1 3 2 15886 32 1
40529 40531 793 372 793 372 1 1 2 2 0 2 0
40531 40532 793 372 794 372 1 0 2 1 -15886 32 1
40532 43266 794 372 794 372 0 0 1 1 0 2734 0
43266 43267 794 372 793 372 0 0 1 0 1000000000 0 1
--------------------------------------
--------------------------------------
EV4
--------------------------------------
Num TPs served = 22
TPs served = 14893 15011 15508 15875 17299 17330 17439 17469 17884 18218 18219 18496 18589 18693 19654 19714 20668 21100 21276 21282 21671 37540
Total energy used = 100
--------------------------------------
Schedule:
0 147 793 372 793 372 0 0 100 100 0 147 0
147 147 793 372 793 372 0 1 100 100 17469 32 0
147 149 793 372 793 372 1 1 100 100 0 2 0
149 154 793 372 798 372 1 0 100 95 -17469 32 5
154 1478 798 372 798 372 0 0 95 95 0 1324 0
1478 1483 798 372 793 372 0 1 95 90 17884 32 5
1483 1491 793 372 801 372 1 0 90 82 -17884 32 8
1491 2482 801 372 801 372 0 0 82 82 0 991 0
2482 2490 801 372 793 372 0 1 82 74 18219 32 8
2490 2490 793 372 793 372 1 2 74 74 18218 29 0
2490 2493 793 372 793 372 2 2 74 74 0 3 0
2493 2495 793 372 794 373 2 1 74 72 -18219 32 2
2495 2496 794 373 793 373 1 0 72 71 -18218 27 1
2496 3374 793 373 793 373 0 0 71 71 0 878 0
3374 3375 793 373 793 372 0 1 71 70 18496 32 1
3375 3376 793 372 794 372 1 0 70 69 -18496 32 1
3376 3684 794 372 794 372 0 0 69 69 0 308 0
3684 3685 794 372 793 372 0 1 69 68 18589 32 1
3685 3686 793 372 793 372 1 1 68 68 0 1 0
3686 3688 793 372 795 372 1 0 68 66 -18589 32 2
3688 4012 795 372 795 372 0 0 66 66 0 324 0
4012 4014 795 372 793 372 0 1 66 64 18693 32 2
4014 4015 793 372 794 372 1 0 64 63 -18693 32 1
4015 7023 794 372 794 372 0 0 63 63 0 3008 0
7023 7024 794 372 793 372 0 1 63 62 37540 32 1
7024 7024 793 372 793 372 1 2 62 62 19654 31 0
7024 7025 793 372 793 372 2 2 62 62 0 1 0
7025 7026 793 372 794 372 2 1 62 61 -37540 32 1
7026 7027 794 372 795 372 1 0 61 60 -19654 30 1
7027 7192 795 372 795 372 0 0 60 60 0 165 0
7192 7194 795 372 793 372 0 1 60 58 19714 32 2
7194 7195 793 372 793 372 1 1 58 58 0 1 0
7195 7196 793 372 794 372 1 0 58 57 -19714 32 1
7196 9879 794 372 794 372 0 0 57 57 0 2683 0
9879 9880 794 372 793 372 0 1 57 56 20668 32 1
9880 9881 793 372 794 372 1 0 56 55 -20668 32 1
9881 11002 794 372 794 372 0 0 55 55 0 1121 0
11002 11003 794 372 793 372 0 1 55 54 21100 32 1
11003 11016 793 372 793 372 1 1 54 54 0 13 0
11016 11022 793 372 793 378 1 0 54 48 -21100 32 6
11022 11506 793 378 793 378 0 0 48 48 0 484 0
11506 11512 793 378 793 372 0 1 48 42 21282 32 6
11512 11512 793 372 793 372 1 2 42 42 21276 14 0
11512 11515 793 372 796 372 2 1 42 39 -21282 32 3
11515 11517 796 372 794 372 1 0 39 37 -21276 11 2
11517 12587 794 372 794 372 0 0 37 37 0 1070 0
12587 12588 794 372 793 372 0 1 37 36 21671 32 1
12588 12589 793 372 793 372 1 1 36 36 0 1 0
12589 12590 793 372 793 373 1 0 36 35 -21671 32 1
12590 37407 793 373 793 373 0 0 35 35 0 24817 0
37407 37408 793 373 793 372 0 1 35 34 14893 32 1
37408 37409 793 372 793 372 1 1 34 34 0 1 0
37409 37412 793 372 793 375 1 0 34 31 -14893 32 3
37412 37839 793 375 793 375 0 0 31 31 0 427 0
37839 37842 793 375 793 372 0 1 31 28 15011 32 3
37842 37843 793 372 793 372 1 1 28 28 0 1 0
37843 37845 793 372 794 373 1 0 28 26 -15011 32 2
37845 39765 794 373 794 373 0 0 26 26 0 1920 0
39765 39767 794 373 793 372 0 1 26 24 15508 32 2
39767 39769 793 372 794 373 1 0 24 22 -15508 32 2
39769 40510 794 373 794 373 0 0 22 22 0 741 0
40510 40512 794 373 793 372 0 1 22 20 15875 32 2
40512 40513 793 372 793 372 1 1 20 20 0 1 0
40513 40516 793 372 795 373 1 0 20 17 -15875 32 3
40516 43003 795 373 795 373 0 0 17 17 0 2487 0
43003 43006 795 373 793 372 0 1 17 14 17299 32 3
43006 43008 793 372 793 372 1 1 14 14 0 2 0
43008 43009 793 372 793 373 1 0 14 13 -17299 32 1
43009 43053 793 373 793 373 0 0 13 13 0 44 0
43053 43054 793 373 793 372 0 1 13 12 17330 32 1
43054 43057 793 372 793 375 1 0 12 9 -17330 32 3
43057 43227 793 375 793 375 0 0 9 9 0 170 0
43227 43230 793 375 793 372 0 1 9 6 17439 32 3
43230 43232 793 372 793 372 1 1 6 6 0 2 0
43232 43235 793 372 795 373 1 0 6 3 -17439 32 3
43235 43264 795 373 795 373 0 0 3 3 0 29 0
43264 43267 795 373 793 372 0 0 3 0 1000000000 0 3
--------------------------------------
--------------------------------------
EV5
--------------------------------------
Num TPs served = 26
TPs served = 21801 22052 22125 22498 22639 23494 24162 24190 25014 25116 25143 25453 25521 25728 25776 25907 26091 26189 26465 26686 26689 26833 26954 27135 27444 30726
Total energy used = 100
--------------------------------------
Schedule:
0 12945 793 372 793 372 0 0 100 100 0 12945 0
12945 12945 793 372 793 372 0 1 100 100 21801 32 0
12945 12946 793 372 793 373 1 0 100 99 -21801 32 1
12946 13592 793 373 793 373 0 0 99 99 0 646 0
13592 13593 793 373 793 372 0 1 99 98 22052 32 1
13593 13594 793 372 793 373 1 0 98 97 -22052 32 1
13594 13793 793 373 793 373 0 0 97 97 0 199 0
13793 13794 793 373 793 372 0 1 97 96 22125 32 1
13794 13796 793 372 795 372 1 0 96 94 -22125 32 2
13796 14725 795 372 795 372 0 0 94 94 0 929 0
14725 14727 795 372 793 372 0 1 94 92 22498 32 2
14727 14729 793 372 795 372 1 0 92 90 -22498 32 2
14729 15091 795 372 795 372 0 0 90 90 0 362 0
15091 15093 795 372 793 372 0 1 90 88 22639 32 2
15093 15094 793 372 794 372 1 0 88 87 -22639 32 1
15094 17159 794 372 794 372 0 0 87 87 0 2065 0
17159 17160 794 372 793 372 0 1 87 86 23494 32 1
17160 17161 793 372 793 372 1 1 86 86 0 1 0
17161 17163 793 372 795 372 1 0 86 84 -23494 32 2
17163 18644 795 372 795 372 0 0 84 84 0 1481 0
18644 18646 795 372 793 372 0 1 84 82 24162 32 2
18646 18647 793 372 793 373 1 0 82 81 -24162 32 1
18647 18697 793 373 793 373 0 0 81 81 0 50 0
18697 18698 793 373 793 372 0 1 81 80 24190 32 1
18698 18700 793 372 794 373 1 0 80 78 -24190 32 2
18700 20539 794 373 794 373 0 0 78 78 0 1839 0
20539 20541 794 373 793 372 0 1 78 76 25014 32 2
20541 20542 793 372 794 372 1 0 76 75 -25014 32 1
20542 20765 794 372 794 372 0 0 75 75 0 223 0
20765 20766 794 372 793 372 0 1 75 74 25116 32 1
20766 20767 793 372 793 372 1 1 74 74 0 1 0
20767 20768 793 372 794 372 1 0 74 73 -25116 32 1
20768 20821 794 372 794 372 0 0 73 73 0 53 0
20821 20822 794 372 793 372 0 1 73 72 25143 32 1
20822 20823 793 372 794 372 1 0 72 71 -25143 32 1
20823 21485 794 372 794 372 0 0 71 71 0 662 0
21485 21486 794 372 793 372 0 1 71 70 25453 32 1
21486 21487 793 372 794 372 1 0 70 69 -25453 32 1
21487 21630 794 372 794 372 0 0 69 69 0 143 0
21630 21631 794 372 793 372 0 1 69 68 25521 32 1
21631 21633 793 372 793 372 1 1 68 68 0 2 0
21633 21637 793 372 797 372 1 0 68 64 -25521 32 4
21637 22089 797 372 797 372 0 0 64 64 0 452 0
22089 22093 797 372 793 372 0 1 64 60 25728 32 4
22093 22094 793 372 793 373 1 0 60 59 -25728 32 1
22094 22184 793 373 793 373 0 0 59 59 0 90 0
22184 22185 793 373 793 372 0 1 59 58 25776 32 1
22185 22187 793 372 795 372 1 0 58 56 -25776 32 2
22187 22457 795 372 795 372 0 0 56 56 0 270 0
22457 22459 795 372 793 372 0 1 56 54 25907 32 2
22459 22460 793 372 793 372 1 1 54 54 0 1 0
22460 22461 793 372 794 372 1 0 54 53 -25907 32 1
22461 22837 794 372 794 372 0 0 53 53 0 376 0
22837 22838 794 372 793 372 0 1 53 52 26091 32 1
22838 22840 793 372 793 374 1 0 52 50 -26091 32 2
22840 23031 793 374 793 374 0 0 50 50 0 191 0
23031 23033 793 374 793 372 0 1 50 48 26189 32 2
23033 23035 793 372 794 373 1 0 48 46 -26189 32 2
23035 23584 794 373 794 373 0 0 46 46 0 549 0
23584 23586 794 373 793 372 0 1 46 44 26465 32 2
23586 23587 793 372 794 372 1 0 44 43 -26465 32 1
23587 24034 794 372 794 372 0 0 43 43 0 447 0
24034 24035 794 372 793 372 0 1 43 42 26689 32 1
24035 24035 793 372 793 372 1 2 42 42 26686 27 0
24035 24036 793 372 793 373 2 1 42 41 -26689 32 1
24036 24039 793 373 795 372 1 0 41 38 -26686 25 3
24039 24310 795 372 795 372 0 0 38 38 0 271 0
24310 24312 795 372 793 372 0 1 38 36 26833 32 2
24312 24313 793 372 793 372 1 1 36 36 0 1 0
24313 24314 793 372 793 373 1 0 36 35 -26833 32 1
24314 24558 793 373 793 373 0 0 35 35 0 244 0
24558 24559 793 373 793 372 0 1 35 34 26954 32 1
24559 24561 793 372 795 372 1 0 34 32 -26954 32 2
24561 24894 795 372 795 372 0 0 32 32 0 333 0
24894 24896 795 372 793 372 0 1 32 30 27135 32 2
24896 24904 793 372 793 372 1 1 30 30 0 8 0
24904 24916 793 372 800 377 1 0 30 18 -27135 32 12
24916 25461 800 377 800 377 0 0 18 18 0 545 0
25461 25473 800 377 793 372 0 1 18 6 27444 32 12
25473 25475 793 372 793 372 1 1 6 6 0 2 0
25475 25477 793 372 795 372 1 0 6 4 -27444 32 2
25477 31931 795 372 795 372 0 0 4 4 0 6454 0
31931 31933 795 372 793 372 0 1 4 2 30726 32 2
31933 31934 793 372 794 372 1 0 2 1 -30726 32 1
31934 43266 794 372 794 372 0 0 1 1 0 11332 0
43266 43267 794 372 793 372 0 0 1 0 1000000000 0 1
--------------------------------------
--------------------------------------
EV6
--------------------------------------
Num TPs served = 21
TPs served = 27881 28294 28776 29461 30002 30173 30282 30367 30576 30815 31182 31385 31526 31579 31902 31929 31959 32301 32575 32585 35131
Total energy used = 100
--------------------------------------
Schedule:
0 26278 793 372 793 372 0 0 100 100 0 26278 0
26278 26278 793 372 793 372 0 1 100 100 27881 32 0
26278 26280 793 372 793 374 1 0 100 98 -27881 32 2
26280 27102 793 374 793 374 0 0 98 98 0 822 0
27102 27104 793 374 793 372 0 1 98 96 28294 32 2
27104 27108 793 372 796 373 1 0 96 92 -28294 32 4
27108 28008 796 373 796 373 0 0 92 92 0 900 0
28008 28012 796 373 793 372 0 1 92 88 28776 32 4
28012 28014 793 372 794 373 1 0 88 86 -28776 32 2
28014 29434 794 373 794 373 0 0 86 86 0 1420 0
29434 29436 794 373 793 372 0 1 86 84 29461 32 2
29436 29439 793 372 796 372 1 0 84 81 -29461 32 3
29439 30477 796 372 796 372 0 0 81 81 0 1038 0
30477 30480 796 372 793 372 0 1 81 78 30002 32 3
30480 30482 793 372 795 372 1 0 78 76 -30002 32 2
30482 30800 795 372 795 372 0 0 76 76 0 318 0
30800 30802 795 372 793 372 0 1 76 74 30173 32 2
30802 30804 793 372 795 372 1 0 74 72 -30173 32 2
30804 31041 795 372 795 372 0 0 72 72 0 237 0
31041 31043 795 372 793 372 0 1 72 70 30282 32 2
31043 31046 793 372 796 372 1 0 70 67 -30282 32 3
31046 31197 796 372 796 372 0 0 67 67 0 151 0
31197 31200 796 372 793 372 0 1 67 64 30367 32 3
31200 31204 793 372 795 374 1 0 64 60 -30367 32 4
31204 31587 795 374 795 374 0 0 60 60 0 383 0
31587 31591 795 374 793 372 0 1 60 56 30576 32 4
31591 31592 793 372 793 372 1 1 56 56 0 1 0
31592 31599 793 372 798 374 1 0 56 49 -30576 32 7
31599 32118 798 374 798 374 0 0 49 49 0 519 0
32118 32125 798 374 793 372 0 1 49 42 30815 32 7
32125 32127 793 372 793 372 1 1 42 42 0 2 0
32127 32131 793 372 796 373 1 0 42 38 -30815 32 4
32131 32884 796 373 796 373 0 0 38 38 0 753 0
32884 32888 796 373 793 372 0 1 38 34 31182 32 4
32888 32890 793 372 795 372 1 0 34 32 -31182 32 2
32890 33348 795 372 795 372 0 0 32 32 0 458 0
33348 33350 795 372 793 372 0 1 32 30 31385 32 2
33350 33351 793 372 794 372 1 0 30 29 -31385 32 1
33351 33675 794 372 794 372 0 0 29 29 0 324 0
33675 33676 794 372 793 372 0 1 29 28 31526 32 1
33676 33677 793 372 793 372 1 1 28 28 0 1 0
33677 33678 793 372 793 373 1 0 28 27 -31526 32 1
33678 33788 793 373 793 373 0 0 27 27 0 110 0
33788 33789 793 373 793 372 0 1 27 26 31579 32 1
33789 33791 793 372 795 372 1 0 26 24 -31579 32 2
33791 34487 795 372 795 372 0 0 24 24 0 696 0
34487 34489 795 372 793 372 0 1 24 22 31902 32 2
34489 34491 793 372 794 373 1 0 22 20 -31902 32 2
34491 34530 794 373 794 373 0 0 20 20 0 39 0
34530 34532 794 373 793 372 0 1 20 18 31929 32 2
34532 34535 793 372 793 375 1 0 18 15 -31929 32 3
34535 34602 793 375 793 375 0 0 15 15 0 67 0
34602 34605 793 375 793 372 0 1 15 12 31959 32 3
34605 34606 793 372 794 372 1 0 12 11 -31959 32 1
34606 35449 794 372 794 372 0 0 11 11 0 843 0
35449 35450 794 372 793 372 0 1 11 10 32301 32 1
35450 35452 793 372 794 373 1 0 10 8 -32301 32 2
35452 36112 794 373 794 373 0 0 8 8 0 660 0
36112 36114 794 373 793 372 0 1 8 6 32585 32 2
36114 36114 793 372 793 372 1 2 6 6 32575 6 0
36114 36115 793 372 793 372 2 2 6 6 0 1 0
36115 36117 793 372 795 372 2 1 6 4 -32585 32 2
36117 36117 795 372 795 372 1 0 4 4 -32575 5 0
36117 43149 795 372 795 372 0 0 4 4 0 7032 0
43149 43151 795 372 793 372 0 1 4 2 35131 32 2
43151 43152 793 372 793 373 1 0 2 1 -35131 32 1
43152 43266 793 373 793 373 0 0 1 1 0 114 0
43266 43267 793 373 793 372 0 0 1 0 1000000000 0 1
--------------------------------------
--------------------------------------
EV7
--------------------------------------
Num TPs served = 20
TPs served = 32137 32747 33268 33973 34591 35053 35103 35422 35598 36033 36505 36506 36511 37104 37890 38614 38735 38765 38990 39535
Total energy used = 100
--------------------------------------
Schedule:
0 817 793 372 793 372 0 0 100 100 0 817 0
817 817 793 372 793 372 0 1 100 100 35422 32 0
817 821 793 372 793 372 1 1 100 100 0 4 0
821 822 793 372 794 372 1 0 100 99 -35422 32 1
822 1368 794 372 794 372 0 0 99 99 0 546 0
1368 1369 794 372 793 372 0 1 99 98 35598 32 1
1369 1372 793 372 795 373 1 0 98 95 -35598 32 3
1372 2562 795 373 795 373 0 0 95 95 0 1190 0
2562 2565 795 373 793 372 0 1 95 92 36033 32 3
2565 2567 793 372 795 372 1 0 92 90 -36033 32 2
2567 3971 795 372 795 372 0 0 90 90 0 1404 0
3971 3973 795 372 793 372 0 1 90 88 36511 32 2
3973 3973 793 372 793 372 1 2 88 88 36506 19 0
3973 3973 793 372 793 372 2 3 88 88 36505 16 0
3973 3974 793 372 794 372 3 2 88 87 -36511 32 1
3974 3974 794 372 794 372 2 1 87 87 -36506 20 0
3974 3975 794 372 795 372 1 0 87 86 -36505 16 1
3975 5733 795 372 795 372 0 0 86 86 0 1758 0
5733 5735 795 372 793 372 0 1 86 84 37104 32 2
5735 5737 793 372 793 372 1 1 84 84 0 2 0
5737 5739 793 372 795 372 1 0 84 82 -37104 32 2
5739 7969 795 372 795 372 0 0 82 82 0 2230 0
7969 7971 795 372 793 372 0 1 82 80 37890 32 2
7971 7972 793 372 794 372 1 0 80 79 -37890 32 1
7972 9925 794 372 794 372 0 0 79 79 0 1953 0
9925 9926 794 372 793 372 0 1 79 78 38614 32 1
9926 9927 793 372 793 372 1 1 78 78 0 1 0
9927 9929 793 372 794 373 1 0 78 76 -38614 32 2
9929 10251 794 373 794 373 0 0 76 76 0 322 0
10251 10253 794 373 793 372 0 1 76 74 38735 32 2
10253 10257 793 372 797 372 1 0 74 70 -38735 32 4
10257 10321 797 372 797 372 0 0 70 70 0 64 0
10321 10325 797 372 793 372 0 1 70 66 38765 32 4
10325 10327 793 372 793 372 1 1 66 66 0 2 0
10327 10328 793 372 793 373 1 0 66 65 -38765 32 1
10328 10827 793 373 793 373 0 0 65 65 0 499 0
10827 10828 793 373 793 372 0 1 65 64 38990 32 1
10828 10829 793 372 793 373 1 0 64 63 -38990 32 1
10829 12188 793 373 793 373 0 0 63 63 0 1359 0
12188 12189 793 373 793 372 0 1 63 62 39535 32 1
12189 12192 793 372 793 372 1 1 62 62 0 3 0
12192 12193 793 372 794 372 1 0 62 61 -39535 32 1
12193 35038 794 372 794 372 0 0 61 61 0 22845 0
35038 35039 794 372 793 372 0 1 61 60 32137 32 1
35039 35041 793 372 793 372 1 1 60 60 0 2 0
35041 35048 793 372 797 375 1 0 60 53 -32137 32 7
35048 36478 797 375 797 375 0 0 53 53 0 1430 0
36478 36485 797 375 793 372 0 1 53 46 32747 32 7
36485 36492 793 372 799 373 1 0 46 39 -32747 32 7
36492 37827 799 373 799 373 0 0 39 39 0 1335 0
37827 37834 799 373 793 372 0 1 39 32 33268 32 7
37834 37836 793 372 795 372 1 0 32 30 -33268 32 2
37836 39686 795 372 795 372 0 0 30 30 0 1850 0
39686 39688 795 372 793 372 0 1 30 28 33973 32 2
39688 39690 793 372 795 372 1 0 28 26 -33973 32 2
39690 41498 795 372 795 372 0 0 26 26 0 1808 0
41498 41500 795 372 793 372 0 1 26 24 34591 32 2
41500 41502 793 372 794 373 1 0 24 22 -34591 32 2
41502 42894 794 373 794 373 0 0 22 22 0 1392 0
42894 42896 794 373 793 372 0 1 22 20 35053 32 2
42896 42898 793 372 795 372 1 0 20 18 -35053 32 2
42898 43049 795 372 795 372 0 0 18 18 0 151 0
43049 43051 795 372 793 372 0 1 18 16 35103 32 2
43051 43057 793 372 793 372 1 1 16 16 0 6 0
43057 43065 793 372 796 377 1 0 16 8 -35103 32 8
43065 43259 796 377 796 377 0 0 8 8 0 194 0
43259 43267 796 377 793 372 0 0 8 0 1000000000 0 8
--------------------------------------
--------------------------------------
EV8
--------------------------------------
Num TPs served = 9
TPs served = 39090 39674 40642 40741 41470 41873 42448 43357 43476
Total energy used = 100
--------------------------------------
Schedule:
0 11067 793 372 793 372 0 0 100 100 0 11067 0
11067 11067 793 372 793 372 0 1 100 100 39090 32 0
11067 11068 793 372 793 372 1 1 100 100 0 1 0
11068 11100 793 372 822 375 1 0 100 68 -39090 32 32
11100 12518 822 375 822 375 0 0 68 68 0 1418 0
12518 12550 822 375 793 372 0 1 68 36 39674 32 32
12550 12551 793 372 793 372 1 1 36 36 0 1 0
12551 12557 793 372 797 374 1 0 36 30 -39674 32 6
12557 15045 797 374 797 374 0 0 30 30 0 2488 0
15045 15051 797 374 793 372 0 1 30 24 40642 32 6
15051 15053 793 372 795 372 1 0 24 22 -40642 32 2
15053 15300 795 372 795 372 0 0 22 22 0 247 0
15300 15302 795 372 793 372 0 1 22 20 40741 32 2
15302 15303 793 372 794 372 1 0 20 19 -40741 32 1
15303 16940 794 372 794 372 0 0 19 19 0 1637 0
16940 16941 794 372 793 372 0 1 19 18 41470 32 1
16941 16944 793 372 793 372 1 1 18 18 0 3 0
16944 16945 793 372 793 373 1 0 18 17 -41470 32 1
16945 17839 793 373 793 373 0 0 17 17 0 894 0
17839 17840 793 373 793 372 0 1 17 16 41873 32 1
17840 17843 793 372 795 373 1 0 16 13 -41873 32 3
17843 19042 795 373 795 373 0 0 13 13 0 1199 0
19042 19045 795 373 793 372 0 1 13 10 42448 32 3
19045 19047 793 372 795 372 1 0 10 8 -42448 32 2
19047 20920 795 372 795 372 0 0 8 8 0 1873 0
20920 20922 795 372 793 372 0 1 8 6 43357 32 2
20922 20924 793 372 795 372 1 0 6 4 -43357 32 2
20924 21152 795 372 795 372 0 0 4 4 0 228 0
21152 21154 795 372 793 372 0 1 4 2 43476 32 2
21154 21160 793 372 793 372 1 1 2 2 0 6 0
21160 21161 793 372 794 372 1 0 2 1 -43476 32 1
21161 43266 794 372 794 372 0 0 1 1 0 22105 0
43266 43267 794 372 793 372 0 0 1 0 1000000000 0 1
--------------------------------------
--------------------------------------
EV9
--------------------------------------
Num TPs served = 19
TPs served = 43664 43790 44104 44485 44645 44828 44982 45187 45287 45744 45845 46070 46118 46650 46676 46801 47754 48157 48781
Total energy used = 100
--------------------------------------
Schedule:
0 21519 793 372 793 372 0 0 100 100 0 21519 0
21519 21519 793 372 793 372 0 1 100 100 43664 32 0
21519 21522 793 372 795 373 1 0 100 97 -43664 32 3
21522 21760 795 373 795 373 0 0 97 97 0 238 0
21760 21763 795 373 793 372 0 1 97 94 43790 32 3
21763 21764 793 372 793 372 1 1 94 94 0 1 0
21764 21765 793 372 794 372 1 0 94 93 -43790 32 1
21765 22362 794 372 794 372 0 0 93 93 0 597 0
22362 22363 794 372 793 372 0 1 93 92 44104 32 1
22363 22364 793 372 793 373 1 0 92 91 -44104 32 1
22364 23087 793 373 793 373 0 0 91 91 0 723 0
23087 23088 793 373 793 372 0 1 91 90 44485 32 1
23088 23092 793 372 797 372 1 0 90 86 -44485 32 4
23092 23381 797 372 797 372 0 0 86 86 0 289 0
23381 23385 797 372 793 372 0 1 86 82 44645 32 4
23385 23387 793 372 793 372 1 1 82 82 0 2 0
23387 23389 793 372 794 373 1 0 82 80 -44645 32 2
23389 23721 794 373 794 373 0 0 80 80 0 332 0
23721 23723 794 373 793 372 0 1 80 78 44828 32 2
23723 23725 793 372 795 372 1 0 78 76 -44828 32 2
23725 23991 795 372 795 372 0 0 76 76 0 266 0
23991 23993 795 372 793 372 0 1 76 74 44982 32 2
23993 23994 793 372 794 372 1 0 74 73 -44982 32 1
23994 24346 794 372 794 372 0 0 73 73 0 352 0
24346 24347 794 372 793 372 0 1 73 72 45187 32 1
24347 24350 793 372 796 372 1 0 72 69 -45187 32 3
24350 24515 796 372 796 372 0 0 69 69 0 165 0
24515 24518 796 372 793 372 0 1 69 66 45287 32 3
24518 24519 793 372 793 372 1 1 66 66 0 1 0
24519 24522 793 372 793 375 1 0 66 63 -45287 32 3
24522 25313 793 375 793 375 0 0 63 63 0 791 0
25313 25316 793 375 793 372 0 1 63 60 45744 32 3
25316 25317 793 372 793 372 1 1 60 60 0 1 0
25317 25318 793 372 794 372 1 0 60 59 -45744 32 1
25318 25500 794 372 794 372 0 0 59 59 0 182 0
25500 25501 794 372 793 372 0 1 59 58 45845 32 1
25501 25503 793 372 793 372 1 1 58 58 0 2 0
25503 25504 793 372 793 373 1 0 58 57 -45845 32 1
25504 25935 793 373 793 373 0 0 57 57 0 431 0
25935 25936 793 373 793 372 0 1 57 56 46070 32 1
25936 25937 793 372 793 372 1 1 56 56 0 1 0
25937 25938 793 372 794 372 1 0 56 55 -46070 32 1
25938 26007 794 372 794 372 0 0 55 55 0 69 0
26007 26008 794 372 793 372 0 1 55 54 46118 32 1
26008 26012 793 372 793 376 1 0 54 50 -46118 32 4
26012 26984 793 376 793 376 0 0 50 50 0 972 0
26984 26988 793 376 793 372 0 1 50 46 46650 32 4
26988 26990 793 372 793 374 1 0 46 44 -46650 32 2
26990 27033 793 374 793 374 0 0 44 44 0 43 0
27033 27035 793 374 793 372 0 1 44 42 46676 32 2
27035 27040 793 372 793 372 1 1 42 42 0 5 0
27040 27046 793 372 793 378 1 0 42 36 -46676 32 6
27046 27213 793 378 793 378 0 0 36 36 0 167 0
27213 27219 793 378 793 372 0 1 36 30 46801 32 6
27219 27221 793 372 793 372 1 1 30 30 0 2 0
27221 27224 793 372 794 374 1 0 30 27 -46801 32 3
27224 28780 794 374 794 374 0 0 27 27 0 1556 0
28780 28783 794 374 793 372 0 1 27 24 47754 32 3
28783 28784 793 372 793 372 1 1 24 24 0 1 0
28784 28788 793 372 795 374 1 0 24 20 -47754 32 4
28788 29510 795 374 795 374 0 0 20 20 0 722 0
29510 29514 795 374 793 372 0 1 20 16 48157 32 4
29514 29521 793 372 793 372 1 1 16 16 0 7 0
29521 29528 793 372 796 376 1 0 16 9 -48157 32 7
29528 30636 796 376 796 376 0 0 9 9 0 1108 0
30636 30643 796 376 793 372 0 1 9 2 48781 32 7
30643 30644 793 372 793 372 1 1 2 2 0 1 0
30644 30645 793 372 794 372 1 0 2 1 -48781 32 1
30645 43266 794 372 794 372 0 0 1 1 0 12621 0
43266 43267 794 372 793 372 0 0 1 0 1000000000 0 1
--------------------------------------

-------------------------------------------------------------------------

TPs

-------------------------------------------------------------------------

----------------------
TP193 allocated to 1
----------------------

----------------------
TP273 allocated to 1
----------------------

----------------------
TP681 allocated to 1
----------------------

----------------------
TP737 allocated to 1
----------------------

----------------------
TP895 allocated to 1
----------------------

----------------------
TP1308 allocated to 1
----------------------

----------------------
TP1634 allocated to 1
----------------------

----------------------
TP1749 allocated to 1
----------------------

----------------------
TP2063 allocated to 1
----------------------

----------------------
TP2472 allocated to 1
----------------------

----------------------
TP2536 allocated to 1
----------------------

----------------------
TP2752 allocated to 1
----------------------

----------------------
TP2795 allocated to 1
----------------------

----------------------
TP2816 allocated to 1
----------------------

----------------------
TP2867 allocated to 1
----------------------

----------------------
TP2937 allocated to 1
----------------------

----------------------
TP3180 allocated to 1
----------------------

----------------------
TP3623 allocated to 1
----------------------

----------------------
TP3735 allocated to 1
----------------------

----------------------
TP3771 allocated to 1
----------------------

----------------------
TP3801 allocated to 1
----------------------

----------------------
TP3838 allocated to 1
----------------------

----------------------
TP3882 allocated to 1
----------------------

----------------------
TP4511 allocated to 2
----------------------

----------------------
TP4515 allocated to 2
----------------------

----------------------
TP4638 allocated to 2
----------------------

----------------------
TP4695 allocated to 2
----------------------

----------------------
TP4790 allocated to 1
----------------------

----------------------
TP5622 allocated to 2
----------------------

----------------------
TP5807 allocated to 1
----------------------

----------------------
TP6447 allocated to 2
----------------------

----------------------
TP6490 allocated to 2
----------------------

----------------------
TP6632 allocated to 2
----------------------

----------------------
TP6706 allocated to 1
----------------------

----------------------
TP6976 allocated to 2
----------------------

----------------------
TP7141 allocated to 2
----------------------

----------------------
TP7203 allocated to 2
----------------------

----------------------
TP7607 allocated to 2
----------------------

----------------------
TP7745 allocated to 2
----------------------

----------------------
TP8026 allocated to 1
----------------------

----------------------
TP8059 allocated to 2
----------------------

----------------------
TP8084 allocated to 2
----------------------

----------------------
TP8236 allocated to 2
----------------------

----------------------
TP8246 allocated to 2
----------------------

----------------------
TP8494 allocated to 2
----------------------

----------------------
TP9078 allocated to 2
----------------------

----------------------
TP9230 allocated to 3
----------------------

----------------------
TP9561 allocated to 2
----------------------

----------------------
TP10001 allocated to 2
----------------------

----------------------
TP10185 allocated to 3
----------------------

----------------------
TP10279 allocated to 1
----------------------

----------------------
TP10462 allocated to 3
----------------------

----------------------
TP10675 allocated to 3
----------------------

----------------------
TP10904 allocated to 3
----------------------

----------------------
TP11120 allocated to 3
----------------------

----------------------
TP11331 allocated to 3
----------------------

----------------------
TP11357 allocated to 3
----------------------

----------------------
TP11443 allocated to 3
----------------------

----------------------
TP11530 allocated to 3
----------------------

----------------------
TP12492 allocated to 3
----------------------

----------------------
TP12539 allocated to 3
----------------------

----------------------
TP12844 allocated to 1
----------------------

----------------------
TP13424 allocated to 3
----------------------

----------------------
TP13477 allocated to 3
----------------------

----------------------
TP13888 allocated to 3
----------------------

----------------------
TP14126 allocated to 3
----------------------

----------------------
TP14376 allocated to 3
----------------------

----------------------
TP14405 allocated to 3
----------------------

----------------------
TP14749 allocated to 3
----------------------

----------------------
TP14893 allocated to 4
----------------------

----------------------
TP14938 allocated to 3
----------------------

----------------------
TP15011 allocated to 4
----------------------

----------------------
TP15508 allocated to 4
----------------------

----------------------
TP15875 allocated to 4
----------------------

----------------------
TP15886 allocated to 3
----------------------

----------------------
TP16267 allocated to 1
----------------------

----------------------
TP17299 allocated to 4
----------------------

----------------------
TP17330 allocated to 4
----------------------

----------------------
TP17439 allocated to 4
----------------------

----------------------
TP17469 allocated to 4
----------------------

----------------------
TP17884 allocated to 4
----------------------

----------------------
TP18218 allocated to 4
----------------------

----------------------
TP18219 allocated to 4
----------------------

----------------------
TP18496 allocated to 4
----------------------

----------------------
TP18589 allocated to 4
----------------------

----------------------
TP18693 allocated to 4
----------------------

----------------------
TP19654 allocated to 4
----------------------

----------------------
TP19714 allocated to 4
----------------------

----------------------
TP20126 allocated to 1
----------------------

----------------------
TP20179 allocated to 2
----------------------

----------------------
TP20668 allocated to 4
----------------------

----------------------
TP21100 allocated to 4
----------------------

----------------------
TP21214 allocated to 1
----------------------

----------------------
TP21276 allocated to 4
----------------------

----------------------
TP21282 allocated to 4
----------------------

----------------------
TP21671 allocated to 4
----------------------

----------------------
TP21801 allocated to 5
----------------------

----------------------
TP22052 allocated to 5
----------------------

----------------------
TP22125 allocated to 5
----------------------

----------------------
TP22498 allocated to 5
----------------------

----------------------
TP22639 allocated to 5
----------------------

----------------------
TP23494 allocated to 5
----------------------

----------------------
TP24162 allocated to 5
----------------------

----------------------
TP24190 allocated to 5
----------------------

----------------------
TP25014 allocated to 5
----------------------

----------------------
TP25116 allocated to 5
----------------------

----------------------
TP25143 allocated to 5
----------------------

----------------------
TP25453 allocated to 5
----------------------

----------------------
TP25521 allocated to 5
----------------------

----------------------
TP25728 allocated to 5
----------------------

----------------------
TP25776 allocated to 5
----------------------

----------------------
TP25907 allocated to 5
----------------------

----------------------
TP26091 allocated to 5
----------------------

----------------------
TP26189 allocated to 5
----------------------

----------------------
TP26465 allocated to 5
----------------------

----------------------
TP26686 allocated to 5
----------------------

----------------------
TP26689 allocated to 5
----------------------

----------------------
TP26788 allocated to 1
----------------------

----------------------
TP26833 allocated to 5
----------------------

----------------------
TP26954 allocated to 5
----------------------

----------------------
TP27039 allocated to 1
----------------------

----------------------
TP27135 allocated to 5
----------------------

----------------------
TP27444 allocated to 5
----------------------

----------------------
TP27881 allocated to 6
----------------------

----------------------
TP28294 allocated to 6
----------------------

----------------------
TP28776 allocated to 6
----------------------

----------------------
TP29461 allocated to 6
----------------------

----------------------
TP29892 allocated to 1
----------------------

----------------------
TP30002 allocated to 6
----------------------

----------------------
TP30173 allocated to 6
----------------------

----------------------
TP30282 allocated to 6
----------------------

----------------------
TP30367 allocated to 6
----------------------

----------------------
TP30576 allocated to 6
----------------------

----------------------
TP30726 allocated to 5
----------------------

----------------------
TP30815 allocated to 6
----------------------

----------------------
TP31182 allocated to 6
----------------------

----------------------
TP31376 allocated to 1
----------------------

----------------------
TP31385 allocated to 6
----------------------

----------------------
TP31526 allocated to 6
----------------------

----------------------
TP31579 allocated to 6
----------------------

----------------------
TP31902 allocated to 6
----------------------

----------------------
TP31929 allocated to 6
----------------------

----------------------
TP31959 allocated to 6
----------------------

----------------------
TP32137 allocated to 7
----------------------

----------------------
TP32301 allocated to 6
----------------------

----------------------
TP32323 allocated to 3
----------------------

----------------------
TP32575 allocated to 6
----------------------

----------------------
TP32585 allocated to 6
----------------------

----------------------
TP32747 allocated to 7
----------------------

----------------------
TP32978 allocated to 1
----------------------

----------------------
TP33045 allocated to 1
----------------------

----------------------
TP33144 allocated to 3
----------------------

----------------------
TP33268 allocated to 7
----------------------

----------------------
TP33423 allocated to 1
----------------------

----------------------
TP33973 allocated to 7
----------------------

----------------------
TP34591 allocated to 7
----------------------

----------------------
TP35053 allocated to 7
----------------------

----------------------
TP35103 allocated to 7
----------------------

----------------------
TP35131 allocated to 6
----------------------

----------------------
TP35258 allocated to 1
----------------------

----------------------
TP35422 allocated to 7
----------------------

----------------------
TP35598 allocated to 7
----------------------

----------------------
TP35615 allocated to 1
----------------------

----------------------
TP36033 allocated to 7
----------------------

----------------------
TP36369 allocated to 1
----------------------

----------------------
TP36505 allocated to 7
----------------------

----------------------
TP36506 allocated to 7
----------------------

----------------------
TP36511 allocated to 7
----------------------

----------------------
TP36970 allocated to 1
----------------------

----------------------
TP37104 allocated to 7
----------------------

----------------------
TP37109 allocated to 1
----------------------

----------------------
TP37540 allocated to 4
----------------------

----------------------
TP37890 allocated to 7
----------------------

----------------------
TP38614 allocated to 7
----------------------

----------------------
TP38735 allocated to 7
----------------------

----------------------
TP38765 allocated to 7
----------------------

----------------------
TP38990 allocated to 7
----------------------

----------------------
TP39090 allocated to 8
----------------------

----------------------
TP39535 allocated to 7
----------------------

----------------------
TP39674 allocated to 8
----------------------

----------------------
TP40642 allocated to 8
----------------------

----------------------
TP40741 allocated to 8
----------------------

----------------------
TP41470 allocated to 8
----------------------

----------------------
TP41873 allocated to 8
----------------------

----------------------
TP42448 allocated to 8
----------------------

----------------------
TP43357 allocated to 8
----------------------

----------------------
TP43476 allocated to 8
----------------------

----------------------
TP43664 allocated to 9
----------------------

----------------------
TP43790 allocated to 9
----------------------

----------------------
TP44104 allocated to 9
----------------------

----------------------
TP44485 allocated to 9
----------------------

----------------------
TP44645 allocated to 9
----------------------

----------------------
TP44828 allocated to 9
----------------------

----------------------
TP44982 allocated to 9
----------------------

----------------------
TP45187 allocated to 9
----------------------

----------------------
TP45287 allocated to 9
----------------------

----------------------
TP45744 allocated to 9
----------------------

----------------------
TP45845 allocated to 9
----------------------

----------------------
TP46070 allocated to 9
----------------------

----------------------
TP46118 allocated to 9
----------------------

----------------------
TP46650 allocated to 9
----------------------

----------------------
TP46676 allocated to 9
----------------------

----------------------
TP46801 allocated to 9
----------------------

----------------------
TP47754 allocated to 9
----------------------

----------------------
TP48157 allocated to 9
----------------------

----------------------
TP48411 not allocated
----------------------

----------------------
TP48781 allocated to 9
----------------------

----------------------
TP49033 allocated to 1
----------------------

----------------------
TP49740 not allocated
----------------------

-------------------------------------------------------------------------

Ride-sharing vs Individual Mode - Num Vehicles and Distance Comparisson 

-------------------------------------------------------------------------
Individual Mode = 209 vehicles.
Ride-sharing Mode = 11 vehicles. The 9 ride-sharing vehicles + 2 vehicles of the individuals not served by the ride-sharing service.
-------------------------------------------------------------------------
Individual Mode = 473 distance.
Ride-sharing Mode = 907 distance. 900 from the EV fleet + 7 from the distance of the trips not covered individuals had to do with their own vehicle.
-------------------------------------------------------------------------
