-------------------------------------------------------------------------
TPs satisfied = 90; Total TPs = 173; Percentage Satisfied + 52.0%
-------------------------------------------------------------------------

-------------------------------------------------------------------------

EVs

-------------------------------------------------------------------------
--------------------------------------
EV1
--------------------------------------
Num TPs served = 24
TPs served = 942 1066 1410 1907 2383 2693 2990 3011 3773 3851 4355 4463 4497 4626 4663 5614 7415 11827 18595 22369 31518 45139 45447 48325
Total energy used = 100
--------------------------------------
Schedule:
0 1659 793 496 793 496 0 0 100 100 0 1659 0
1659 1659 793 496 793 496 0 1 100 100 942 32 0
1659 1662 793 496 793 496 1 1 100 100 0 3 0
1662 1672 793 496 800 499 1 0 100 90 -942 32 10
1672 1855 800 499 800 499 0 0 90 90 0 183 0
1855 1865 800 499 793 496 0 1 90 80 1066 32 10
1865 1868 793 496 794 498 1 0 80 77 -1066 32 3
1868 2455 794 498 794 498 0 0 77 77 0 587 0
2455 2458 794 498 793 496 0 1 77 74 1410 32 3
2458 2459 793 496 793 496 1 1 74 74 0 1 0
2459 2461 793 496 793 498 1 0 74 72 -1410 32 2
2461 3350 793 498 793 498 0 0 72 72 0 889 0
3350 3352 793 498 793 496 0 1 72 70 1907 32 2
3352 3354 793 496 793 496 1 1 70 70 0 2 0
3354 3357 793 496 795 497 1 0 70 67 -1907 32 3
3357 3702 795 497 795 497 0 0 67 67 0 345 0
3702 3705 795 497 793 496 0 1 67 64 18595 32 3
3705 3706 793 496 793 496 1 1 64 64 0 1 0
3706 3706 793 496 793 496 1 0 64 64 -18595 32 0
3706 4232 793 496 793 496 0 0 64 64 0 526 0
4232 4232 793 496 793 496 0 1 64 64 2383 32 0
4232 4234 793 496 794 497 1 0 64 62 -2383 32 2
4234 4785 794 497 794 497 0 0 62 62 0 551 0
4785 4787 794 497 793 496 0 1 62 60 2693 32 2
4787 4791 793 496 794 499 1 0 60 56 -2693 32 4
4791 5330 794 499 794 499 0 0 56 56 0 539 0
5330 5334 794 499 793 496 0 1 56 52 2990 32 4
5334 5337 793 496 795 497 1 0 52 49 -2990 32 3
5337 5372 795 497 795 497 0 0 49 49 0 35 0
5372 5375 795 497 793 496 0 1 49 46 3011 32 3
5375 5377 793 496 795 496 1 0 46 44 -3011 32 2
5377 6764 795 496 795 496 0 0 44 44 0 1387 0
6764 6766 795 496 793 496 0 1 44 42 3773 32 2
6766 6767 793 496 794 496 1 0 42 41 -3773 32 1
6767 6900 794 496 794 496 0 0 41 41 0 133 0
6900 6901 794 496 793 496 0 1 41 40 3851 32 1
6901 6902 793 496 793 496 1 1 40 40 0 1 0
6902 6905 793 496 795 497 1 0 40 37 -3851 32 3
6905 7832 795 497 795 497 0 0 37 37 0 927 0
7832 7835 795 497 793 496 0 1 37 34 4355 32 3
7835 7836 793 496 793 496 1 1 34 34 0 1 0
7836 7836 793 496 793 496 1 0 34 34 -4355 32 0
7836 8044 793 496 793 496 0 0 34 34 0 208 0
8044 8044 793 496 793 496 0 1 34 34 4463 32 0
8044 8046 793 496 793 496 1 1 34 34 0 2 0
8046 8056 793 496 801 498 1 0 34 24 -4463 32 10
8056 8098 801 498 801 498 0 0 24 24 0 42 0
8098 8108 801 498 793 496 0 1 24 14 4497 32 10
8108 8110 793 496 793 496 1 1 14 14 0 2 0
8110 8112 793 496 793 498 1 0 14 12 -4497 32 2
8112 8364 793 498 793 498 0 0 12 12 0 252 0
8364 8366 793 498 793 496 0 1 12 10 4626 32 2
8366 8370 793 496 793 496 1 1 10 10 0 4 0
8370 8372 793 496 794 497 1 0 10 8 -4626 32 2
8372 8440 794 497 794 497 0 0 8 8 0 68 0
8440 8442 794 497 793 496 0 1 8 6 4663 32 2
8442 8443 793 496 793 496 1 1 6 6 0 1 0
8443 8444 793 496 794 496 1 0 6 5 -4663 32 1
8444 10239 794 496 794 496 0 0 5 5 0 1795 0
10239 10240 794 496 793 496 0 1 5 4 5614 32 1
10240 10241 793 496 793 496 1 1 4 4 0 1 0
10241 10243 793 496 793 498 1 0 4 2 -5614 32 2
10243 13903 793 498 793 498 0 0 2 2 0 3660 0
13903 13905 793 498 793 496 0 1 2 0 7415 32 2
13905 13906 793 496 793 496 1 1 0 0 0 1 0
13906 13906 793 496 793 496 1 0 0 0 -7415 32 0
13906 14409 793 496 793 496 0 0 0 0 0 503 0
14409 14409 793 496 793 496 0 1 0 0 22369 32 0
14409 14411 793 496 793 496 1 1 0 0 0 2 0
14411 14411 793 496 793 496 1 0 0 0 -22369 32 0
14411 24267 793 496 793 496 0 0 0 0 0 9856 0
24267 24267 793 496 793 496 0 1 0 0 45139 32 0
24267 24268 793 496 793 496 1 1 0 0 0 1 0
24268 24268 793 496 793 496 1 0 0 0 -45139 32 0
24268 24810 793 496 793 496 0 0 0 0 0 542 0
24810 24810 793 496 793 496 0 1 0 0 45447 32 0
24810 24811 793 496 793 496 1 1 0 0 0 1 0
24811 24811 793 496 793 496 1 0 0 0 -45447 32 0
24811 26114 793 496 793 496 0 0 0 0 0 1303 0
26114 26114 793 496 793 496 0 1 0 0 11827 32 0
26114 26115 793 496 793 496 1 1 0 0 0 1 0
26115 26115 793 496 793 496 1 0 0 0 -11827 32 0
26115 29831 793 496 793 496 0 0 0 0 0 3716 0
29831 29831 793 496 793 496 0 1 0 0 48325 32 0
29831 29833 793 496 793 496 1 1 0 0 0 2 0
29833 29833 793 496 793 496 1 0 0 0 -48325 32 0
29833 33646 793 496 793 496 0 0 0 0 0 3813 0
33646 33646 793 496 793 496 0 1 0 0 31518 32 0
33646 33647 793 496 793 496 1 1 0 0 0 1 0
33647 33647 793 496 793 496 1 0 0 0 -31518 32 0
33647 43267 793 496 793 496 0 0 0 0 0 9620 0
43267 43267 793 496 793 496 0 0 0 0 1000000000 0 0
--------------------------------------
--------------------------------------
EV2
--------------------------------------
Num TPs served = 23
TPs served = 5238 5473 6146 6198 6353 6540 7384 7436 8391 8647 8972 9070 9539 9794 10257 10325 10986 11833 12069 12070 12115 13249 30330
Total energy used = 100
--------------------------------------
Schedule:
0 9511 793 496 793 496 0 0 100 100 0 9511 0
9511 9511 793 496 793 496 0 1 100 100 5238 32 0
9511 9514 793 496 795 497 1 0 100 97 -5238 32 3
9514 9949 795 497 795 497 0 0 97 97 0 435 0
9949 9952 795 497 793 496 0 1 97 94 5473 32 3
9952 9954 793 496 793 496 1 1 94 94 0 2 0
9954 9959 793 496 797 497 1 0 94 89 -5473 32 5
9959 11252 797 497 797 497 0 0 89 89 0 1293 0
11252 11257 797 497 793 496 0 1 89 84 6146 32 5
11257 11258 793 496 793 496 1 1 84 84 0 1 0
11258 11259 793 496 793 497 1 0 84 83 -6146 32 1
11259 11369 793 497 793 497 0 0 83 83 0 110 0
11369 11370 793 497 793 496 0 1 83 82 6198 32 1
11370 11371 793 496 794 496 1 0 82 81 -6198 32 1
11371 11657 794 496 794 496 0 0 81 81 0 286 0
11657 11658 794 496 793 496 0 1 81 80 6353 32 1
11658 11660 793 496 795 496 1 0 80 78 -6353 32 2
11660 12024 795 496 795 496 0 0 78 78 0 364 0
12024 12026 795 496 793 496 0 1 78 76 6540 32 2
12026 12031 793 496 794 500 1 0 76 71 -6540 32 5
12031 13834 794 500 794 500 0 0 71 71 0 1803 0
13834 13839 794 500 793 496 0 1 71 66 7384 32 5
13839 13840 793 496 793 497 1 0 66 65 -7384 32 1
13840 13966 793 497 793 497 0 0 65 65 0 126 0
13966 13967 793 497 793 496 0 1 65 64 7436 32 1
13967 13968 793 496 793 496 1 1 64 64 0 1 0
13968 13970 793 496 793 498 1 0 64 62 -7436 32 2
13970 16117 793 498 793 498 0 0 62 62 0 2147 0
16117 16119 793 498 793 496 0 1 62 60 8391 32 2
16119 16121 793 496 793 496 1 1 60 60 0 2 0
16121 16123 793 496 794 497 1 0 60 58 -8391 32 2
16123 16712 794 497 794 497 0 0 58 58 0 589 0
16712 16714 794 497 793 496 0 1 58 56 8647 32 2
16714 16716 793 496 794 497 1 0 56 54 -8647 32 2
16716 17587 794 497 794 497 0 0 54 54 0 871 0
17587 17589 794 497 793 496 0 1 54 52 8972 32 2
17589 17590 793 496 793 496 1 1 52 52 0 1 0
17590 17593 793 496 794 498 1 0 52 49 -8972 32 3
17593 17813 794 498 794 498 0 0 49 49 0 220 0
17813 17816 794 498 793 496 0 1 49 46 9070 32 3
17816 17817 793 496 794 496 1 0 46 45 -9070 32 1
17817 19132 794 496 794 496 0 0 45 45 0 1315 0
19132 19133 794 496 793 496 0 1 45 44 9539 32 1
19133 19135 793 496 794 497 1 0 44 42 -9539 32 2
19135 19892 794 497 794 497 0 0 42 42 0 757 0
19892 19894 794 497 793 496 0 1 42 40 9794 32 2
19894 19896 793 496 794 497 1 0 40 38 -9794 32 2
19896 21140 794 497 794 497 0 0 38 38 0 1244 0
21140 21142 794 497 793 496 0 1 38 36 10257 32 2
21142 21143 793 496 794 496 1 0 36 35 -10257 32 1
21143 21356 794 496 794 496 0 0 35 35 0 213 0
21356 21357 794 496 793 496 0 1 35 34 10325 32 1
21357 21360 793 496 795 497 1 0 34 31 -10325 32 3
21360 23334 795 497 795 497 0 0 31 31 0 1974 0
23334 23337 795 497 793 496 0 1 31 28 10986 32 3
23337 23339 793 496 795 496 1 0 28 26 -10986 32 2
23339 26125 795 496 795 496 0 0 26 26 0 2786 0
26125 26127 795 496 793 496 0 1 26 24 11833 32 2
26127 26128 793 496 793 496 1 1 24 24 0 1 0
26128 26135 793 496 796 500 1 0 24 17 -11833 32 7
26135 26957 796 500 796 500 0 0 17 17 0 822 0
26957 26964 796 500 793 496 0 1 17 10 12070 32 7
26964 26964 793 496 793 496 1 2 10 10 12069 28 0
26964 26966 793 496 794 497 2 1 10 8 -12070 32 2
26966 26966 794 497 794 497 1 0 8 8 -12069 28 0
26966 27133 794 497 794 497 0 0 8 8 0 167 0
27133 27135 794 497 793 496 0 1 8 6 12115 32 2
27135 27137 793 496 794 497 1 0 6 4 -12115 32 2
27137 31127 794 497 794 497 0 0 4 4 0 3990 0
31127 31129 794 497 793 496 0 1 4 2 30330 32 2
31129 31141 793 496 793 496 1 1 2 2 0 12 0
31141 31141 793 496 793 496 1 2 2 2 13249 32 0
31141 31142 793 496 794 496 2 1 2 1 -30330 20 1
31142 31144 794 496 794 496 1 1 1 1 0 2 0
31144 31144 794 496 794 496 1 0 1 1 -13249 32 0
31144 43266 794 496 794 496 0 0 1 1 0 12122 0
43266 43267 794 496 793 496 0 0 1 0 1000000000 0 1
--------------------------------------
--------------------------------------
EV3
--------------------------------------
Num TPs served = 21
TPs served = 12652 12789 14577 15041 15047 15376 15569 15651 15702 16110 16221 16358 16362 16496 16559 16616 16704 16873 17366 17629 18861
Total energy used = 100
--------------------------------------
Schedule:
0 672 793 496 793 496 0 0 100 100 0 672 0
672 672 793 496 793 496 0 1 100 100 17629 32 0
672 673 793 496 793 496 1 1 100 100 0 1 0
673 678 793 496 793 501 1 0 100 95 -17629 32 5
678 4546 793 501 793 501 0 0 95 95 0 3868 0
4546 4551 793 501 793 496 0 1 95 90 18861 32 5
4551 4552 793 496 793 497 1 0 90 89 -18861 32 1
4552 29011 793 497 793 497 0 0 89 89 0 24459 0
29011 29012 793 497 793 496 0 1 89 88 12652 32 1
29012 29013 793 496 793 496 1 1 88 88 0 1 0
29013 29015 793 496 795 496 1 0 88 86 -12652 32 2
29015 29500 795 496 795 496 0 0 86 86 0 485 0
29500 29502 795 496 793 496 0 1 86 84 12789 32 2
29502 29507 793 496 794 500 1 0 84 79 -12789 32 5
29507 36161 794 500 794 500 0 0 79 79 0 6654 0
36161 36166 794 500 793 496 0 1 79 74 14577 32 5
36166 36171 793 496 793 496 1 1 74 74 0 5 0
36171 36174 793 496 795 497 1 0 74 71 -14577 32 3
36174 37957 795 497 795 497 0 0 71 71 0 1783 0
37957 37960 795 497 793 496 0 1 71 68 15047 32 3
37960 37960 793 496 793 496 1 2 68 68 15041 17 0
37960 37961 793 496 794 496 2 1 68 67 -15047 32 1
37961 37961 794 496 794 496 1 0 67 67 -15041 17 0
37961 39272 794 496 794 496 0 0 67 67 0 1311 0
39272 39273 794 496 793 496 0 1 67 66 15376 32 1
39273 39274 793 496 794 496 1 0 66 65 -15376 32 1
39274 39926 794 496 794 496 0 0 65 65 0 652 0
39926 39927 794 496 793 496 0 1 65 64 15569 32 1
39927 39929 793 496 794 497 1 0 64 62 -15569 32 2
39929 40118 794 497 794 497 0 0 62 62 0 189 0
40118 40120 794 497 793 496 0 1 62 60 15651 32 2
40120 40122 793 496 793 498 1 0 60 58 -15651 32 2
40122 40212 793 498 793 498 0 0 58 58 0 90 0
40212 40214 793 498 793 496 0 1 58 56 15702 32 2
40214 40215 793 496 793 496 1 1 56 56 0 1 0
40215 40216 793 496 793 497 1 0 56 55 -15702 32 1
40216 40966 793 497 793 497 0 0 55 55 0 750 0
40966 40967 793 497 793 496 0 1 55 54 16110 32 1
40967 40977 793 496 793 496 1 1 54 54 0 10 0
40977 40982 793 496 795 499 1 0 54 49 -16110 32 5
40982 41141 795 499 795 499 0 0 49 49 0 159 0
41141 41146 795 499 793 496 0 1 49 44 16221 32 5
41146 41147 793 496 793 496 1 1 44 44 0 1 0
41147 41149 793 496 794 497 1 0 44 42 -16221 32 2
41149 41367 794 497 794 497 0 0 42 42 0 218 0
41367 41369 794 497 793 496 0 1 42 40 16362 32 2
41369 41369 793 496 793 496 1 2 40 40 16358 27 0
41369 41372 793 496 795 497 2 1 40 37 -16362 32 3
41372 41373 795 497 796 497 1 0 37 36 -16358 32 1
41373 41588 796 497 796 497 0 0 36 36 0 215 0
41588 41592 796 497 793 496 0 1 36 32 16496 32 4
41592 41593 793 496 794 496 1 0 32 31 -16496 32 1
41593 41706 794 496 794 496 0 0 31 31 0 113 0
41706 41707 794 496 793 496 0 1 31 30 16559 32 1
41707 41710 793 496 796 496 1 0 30 27 -16559 32 3
41710 41808 796 496 796 496 0 0 27 27 0 98 0
41808 41811 796 496 793 496 0 1 27 24 16616 32 3
41811 41817 793 496 798 497 1 0 24 18 -16616 32 6
41817 41959 798 497 798 497 0 0 18 18 0 142 0
41959 41965 798 497 793 496 0 1 18 12 16704 32 6
41965 41966 793 496 794 496 1 0 12 11 -16704 32 1
41966 42266 794 496 794 496 0 0 11 11 0 300 0
42266 42267 794 496 793 496 0 1 11 10 16873 32 1
42267 42269 793 496 795 496 1 0 10 8 -16873 32 2
42269 43117 795 496 795 496 0 0 8 8 0 848 0
43117 43119 795 496 793 496 0 1 8 6 17366 32 2
43119 43122 793 496 793 499 1 0 6 3 -17366 32 3
43122 43264 793 499 793 499 0 0 3 3 0 142 0
43264 43267 793 499 793 496 0 0 3 0 1000000000 0 3
--------------------------------------
--------------------------------------
EV4
--------------------------------------
Num TPs served = 22
TPs served = 18556 19241 19360 19485 19646 19975 20018 20075 20396 21363 21595 21718 21767 21821 22268 22576 22596 22700 22731 22914 23357 40578
Total energy used = 100
--------------------------------------
Schedule:
0 3578 793 496 793 496 0 0 100 100 0 3578 0
3578 3578 793 496 793 496 0 1 100 100 18556 32 0
3578 3579 793 496 793 496 1 1 100 100 0 1 0
3579 3582 793 496 795 497 1 0 100 97 -18556 32 3
3582 5719 795 497 795 497 0 0 97 97 0 2137 0
5719 5722 795 497 793 496 0 1 97 94 19241 32 3
5722 5723 793 496 793 496 1 1 94 94 0 1 0
5723 5724 793 496 793 497 1 0 94 93 -19241 32 1
5724 6079 793 497 793 497 0 0 93 93 0 355 0
6079 6080 793 497 793 496 0 1 93 92 19360 32 1
6080 6081 793 496 794 496 1 0 92 91 -19360 32 1
6081 6503 794 496 794 496 0 0 91 91 0 422 0
6503 6504 794 496 793 496 0 1 91 90 19485 32 1
6504 6506 793 496 794 497 1 0 90 88 -19485 32 2
6506 6996 794 497 794 497 0 0 88 88 0 490 0
6996 6998 794 497 793 496 0 1 88 86 19646 32 2
6998 6999 793 496 794 496 1 0 86 85 -19646 32 1
6999 7980 794 496 794 496 0 0 85 85 0 981 0
7980 7981 794 496 793 496 0 1 85 84 19975 32 1
7981 7986 793 496 798 496 1 0 84 79 -19975 32 5
7986 8075 798 496 798 496 0 0 79 79 0 89 0
8075 8080 798 496 793 496 0 1 79 74 20018 32 5
8080 8083 793 496 793 496 1 1 74 74 0 3 0
8083 8086 793 496 794 498 1 0 74 71 -20018 32 3
8086 8223 794 498 794 498 0 0 71 71 0 137 0
8223 8226 794 498 793 496 0 1 71 68 20075 32 3
8226 8229 793 496 793 496 1 1 68 68 0 3 0
8229 8230 793 496 793 497 1 0 68 67 -20075 32 1
8230 9154 793 497 793 497 0 0 67 67 0 924 0
9154 9155 793 497 793 496 0 1 67 66 20396 32 1
9155 9156 793 496 793 496 1 1 66 66 0 1 0
9156 9161 793 496 793 501 1 0 66 61 -20396 32 5
9161 11733 793 501 793 501 0 0 61 61 0 2572 0
11733 11738 793 501 793 496 0 1 61 56 21363 32 5
11738 11741 793 496 795 497 1 0 56 53 -21363 32 3
11741 12366 795 497 795 497 0 0 53 53 0 625 0
12366 12369 795 497 793 496 0 1 53 50 21595 32 3
12369 12372 793 496 796 496 1 0 50 47 -21595 32 3
12372 12729 796 496 796 496 0 0 47 47 0 357 0
12729 12732 796 496 793 496 0 1 47 44 21718 32 3
12732 12733 793 496 794 496 1 0 44 43 -21718 32 1
12733 12861 794 496 794 496 0 0 43 43 0 128 0
12861 12862 794 496 793 496 0 1 43 42 21767 32 1
12862 12864 793 496 794 497 1 0 42 40 -21767 32 2
12864 12994 794 497 794 497 0 0 40 40 0 130 0
12994 12996 794 497 793 496 0 1 40 38 21821 32 2
12996 12997 793 496 793 496 1 1 38 38 0 1 0
12997 13000 793 496 795 497 1 0 38 35 -21821 32 3
13000 14134 795 497 795 497 0 0 35 35 0 1134 0
14134 14137 795 497 793 496 0 1 35 32 22268 32 3
14137 14143 793 496 793 496 1 1 32 32 0 6 0
14143 14144 793 496 794 496 1 0 32 31 -22268 32 1
14144 14895 794 496 794 496 0 0 31 31 0 751 0
14895 14896 794 496 793 496 0 1 31 30 40578 32 1
14896 14911 793 496 793 496 1 1 30 30 0 15 0
14911 14911 793 496 793 496 1 2 30 30 22576 32 0
14911 14912 793 496 794 496 2 1 30 29 -40578 18 1
14912 14913 794 496 795 496 1 0 29 28 -22576 32 1
14913 14982 795 496 795 496 0 0 28 28 0 69 0
14982 14984 795 496 793 496 0 1 28 26 22596 32 2
14984 14989 793 496 796 498 1 0 26 21 -22596 32 5
14989 15245 796 498 796 498 0 0 21 21 0 256 0
15245 15250 796 498 793 496 0 1 21 16 22700 32 5
15250 15252 793 496 794 497 1 0 16 14 -22700 32 2
15252 15329 794 497 794 497 0 0 14 14 0 77 0
15329 15331 794 497 793 496 0 1 14 12 22731 32 2
15331 15332 793 496 794 496 1 0 12 11 -22731 32 1
15332 15756 794 496 794 496 0 0 11 11 0 424 0
15756 15757 794 496 793 496 0 1 11 10 22914 32 1
15757 15760 793 496 796 496 1 0 10 7 -22914 32 3
15760 16856 796 496 796 496 0 0 7 7 0 1096 0
16856 16859 796 496 793 496 0 1 7 4 23357 32 3
16859 16860 793 496 793 496 1 1 4 4 0 1 0
16860 16862 793 496 795 496 1 0 4 2 -23357 32 2
16862 43265 795 496 795 496 0 0 2 2 0 26403 0
43265 43267 795 496 793 496 0 0 2 0 1000000000 0 2
--------------------------------------

-------------------------------------------------------------------------

TPs

-------------------------------------------------------------------------

----------------------
TP942 allocated to 1
----------------------

----------------------
TP1066 allocated to 1
----------------------

----------------------
TP1410 allocated to 1
----------------------

----------------------
TP1907 allocated to 1
----------------------

----------------------
TP2383 allocated to 1
----------------------

----------------------
TP2693 allocated to 1
----------------------

----------------------
TP2990 allocated to 1
----------------------

----------------------
TP3011 allocated to 1
----------------------

----------------------
TP3773 allocated to 1
----------------------

----------------------
TP3851 allocated to 1
----------------------

----------------------
TP4355 allocated to 1
----------------------

----------------------
TP4463 allocated to 1
----------------------

----------------------
TP4497 allocated to 1
----------------------

----------------------
TP4626 allocated to 1
----------------------

----------------------
TP4663 allocated to 1
----------------------

----------------------
TP5238 allocated to 2
----------------------

----------------------
TP5473 allocated to 2
----------------------

----------------------
TP5614 allocated to 1
----------------------

----------------------
TP6146 allocated to 2
----------------------

----------------------
TP6198 allocated to 2
----------------------

----------------------
TP6353 allocated to 2
----------------------

----------------------
TP6540 allocated to 2
----------------------

----------------------
TP7384 allocated to 2
----------------------

----------------------
TP7415 allocated to 1
----------------------

----------------------
TP7436 allocated to 2
----------------------

----------------------
TP8391 allocated to 2
----------------------

----------------------
TP8647 allocated to 2
----------------------

----------------------
TP8972 allocated to 2
----------------------

----------------------
TP9070 allocated to 2
----------------------

----------------------
TP9539 allocated to 2
----------------------

----------------------
TP9794 allocated to 2
----------------------

----------------------
TP10257 allocated to 2
----------------------

----------------------
TP10325 allocated to 2
----------------------

----------------------
TP10986 allocated to 2
----------------------

----------------------
TP11827 allocated to 1
----------------------

----------------------
TP11833 allocated to 2
----------------------

----------------------
TP12069 allocated to 2
----------------------

----------------------
TP12070 allocated to 2
----------------------

----------------------
TP12115 allocated to 2
----------------------

----------------------
TP12652 allocated to 3
----------------------

----------------------
TP12789 allocated to 3
----------------------

----------------------
TP13249 allocated to 2
----------------------

----------------------
TP14577 allocated to 3
----------------------

----------------------
TP15041 allocated to 3
----------------------

----------------------
TP15047 allocated to 3
----------------------

----------------------
TP15376 allocated to 3
----------------------

----------------------
TP15569 allocated to 3
----------------------

----------------------
TP15651 allocated to 3
----------------------

----------------------
TP15702 allocated to 3
----------------------

----------------------
TP16110 allocated to 3
----------------------

----------------------
TP16221 allocated to 3
----------------------

----------------------
TP16358 allocated to 3
----------------------

----------------------
TP16362 allocated to 3
----------------------

----------------------
TP16496 allocated to 3
----------------------

----------------------
TP16559 allocated to 3
----------------------

----------------------
TP16616 allocated to 3
----------------------

----------------------
TP16704 allocated to 3
----------------------

----------------------
TP16873 allocated to 3
----------------------

----------------------
TP17366 allocated to 3
----------------------

----------------------
TP17629 allocated to 3
----------------------

----------------------
TP18556 allocated to 4
----------------------

----------------------
TP18595 allocated to 1
----------------------

----------------------
TP18861 allocated to 3
----------------------

----------------------
TP19241 allocated to 4
----------------------

----------------------
TP19360 allocated to 4
----------------------

----------------------
TP19485 allocated to 4
----------------------

----------------------
TP19646 allocated to 4
----------------------

----------------------
TP19975 allocated to 4
----------------------

----------------------
TP20018 allocated to 4
----------------------

----------------------
TP20075 allocated to 4
----------------------

----------------------
TP20396 allocated to 4
----------------------

----------------------
TP21363 allocated to 4
----------------------

----------------------
TP21595 allocated to 4
----------------------

----------------------
TP21718 allocated to 4
----------------------

----------------------
TP21767 allocated to 4
----------------------

----------------------
TP21821 allocated to 4
----------------------

----------------------
TP22268 allocated to 4
----------------------

----------------------
TP22369 allocated to 1
----------------------

----------------------
TP22576 allocated to 4
----------------------

----------------------
TP22596 allocated to 4
----------------------

----------------------
TP22625 not allocated
----------------------

----------------------
TP22700 allocated to 4
----------------------

----------------------
TP22731 allocated to 4
----------------------

----------------------
TP22914 allocated to 4
----------------------

----------------------
TP23357 allocated to 4
----------------------

----------------------
TP23863 not allocated
----------------------

----------------------
TP24127 not allocated
----------------------

----------------------
TP24374 not allocated
----------------------

----------------------
TP24852 not allocated
----------------------

----------------------
TP24892 not allocated
----------------------

----------------------
TP25099 not allocated
----------------------

----------------------
TP25719 not allocated
----------------------

----------------------
TP26010 not allocated
----------------------

----------------------
TP26475 not allocated
----------------------

----------------------
TP26699 not allocated
----------------------

----------------------
TP27016 not allocated
----------------------

----------------------
TP27036 not allocated
----------------------

----------------------
TP27193 not allocated
----------------------

----------------------
TP27486 not allocated
----------------------

----------------------
TP27527 not allocated
----------------------

----------------------
TP27645 not allocated
----------------------

----------------------
TP28211 not allocated
----------------------

----------------------
TP29059 not allocated
----------------------

----------------------
TP29617 not allocated
----------------------

----------------------
TP30287 not allocated
----------------------

----------------------
TP30330 allocated to 2
----------------------

----------------------
TP31174 not allocated
----------------------

----------------------
TP31334 not allocated
----------------------

----------------------
TP31407 not allocated
----------------------

----------------------
TP31518 allocated to 1
----------------------

----------------------
TP31975 not allocated
----------------------

----------------------
TP32227 not allocated
----------------------

----------------------
TP32247 not allocated
----------------------

----------------------
TP32386 not allocated
----------------------

----------------------
TP32917 not allocated
----------------------

----------------------
TP33043 not allocated
----------------------

----------------------
TP33107 not allocated
----------------------

----------------------
TP33230 not allocated
----------------------

----------------------
TP33377 not allocated
----------------------

----------------------
TP33665 not allocated
----------------------

----------------------
TP34393 not allocated
----------------------

----------------------
TP34428 not allocated
----------------------

----------------------
TP35223 not allocated
----------------------

----------------------
TP35387 not allocated
----------------------

----------------------
TP35461 not allocated
----------------------

----------------------
TP35542 not allocated
----------------------

----------------------
TP36056 not allocated
----------------------

----------------------
TP36059 not allocated
----------------------

----------------------
TP36197 not allocated
----------------------

----------------------
TP37106 not allocated
----------------------

----------------------
TP37583 not allocated
----------------------

----------------------
TP37751 not allocated
----------------------

----------------------
TP38209 not allocated
----------------------

----------------------
TP38778 not allocated
----------------------

----------------------
TP39324 not allocated
----------------------

----------------------
TP40578 allocated to 4
----------------------

----------------------
TP42441 not allocated
----------------------

----------------------
TP42869 not allocated
----------------------

----------------------
TP42991 not allocated
----------------------

----------------------
TP43379 not allocated
----------------------

----------------------
TP43646 not allocated
----------------------

----------------------
TP43834 not allocated
----------------------

----------------------
TP44196 not allocated
----------------------

----------------------
TP44210 not allocated
----------------------

----------------------
TP44220 not allocated
----------------------

----------------------
TP44229 not allocated
----------------------

----------------------
TP44333 not allocated
----------------------

----------------------
TP44376 not allocated
----------------------

----------------------
TP44422 not allocated
----------------------

----------------------
TP44793 not allocated
----------------------

----------------------
TP44989 not allocated
----------------------

----------------------
TP45081 not allocated
----------------------

----------------------
TP45139 allocated to 1
----------------------

----------------------
TP45447 allocated to 1
----------------------

----------------------
TP45479 not allocated
----------------------

----------------------
TP45877 not allocated
----------------------

----------------------
TP46304 not allocated
----------------------

----------------------
TP46484 not allocated
----------------------

----------------------
TP46559 not allocated
----------------------

----------------------
TP46781 not allocated
----------------------

----------------------
TP46907 not allocated
----------------------

----------------------
TP47114 not allocated
----------------------

----------------------
TP47580 not allocated
----------------------

----------------------
TP47655 not allocated
----------------------

----------------------
TP47715 not allocated
----------------------

----------------------
TP48122 not allocated
----------------------

----------------------
TP48325 allocated to 1
----------------------

----------------------
TP48488 not allocated
----------------------

----------------------
TP48640 not allocated
----------------------

----------------------
TP48668 not allocated
----------------------

----------------------
TP48688 not allocated
----------------------

----------------------
TP48711 not allocated
----------------------

----------------------
TP49364 not allocated
----------------------

-------------------------------------------------------------------------

Ride-sharing vs Individual Mode - Num Vehicles and Distance Comparisson 

-------------------------------------------------------------------------
Individual Mode = 173 vehicles.
Ride-sharing Mode = 87 vehicles. The 4 ride-sharing vehicles + 83 vehicles of the individuals not served by the ride-sharing service.
-------------------------------------------------------------------------
Individual Mode = 421 distance.
Ride-sharing Mode = 613 distance. 400 from the EV fleet + 213 from the distance of the trips not covered individuals had to do with their own vehicle.
-------------------------------------------------------------------------
