-------------------------------------------------------------------------
TPs satisfied = 86; Total TPs = 199; Percentage Satisfied + 43.2%
-------------------------------------------------------------------------

-------------------------------------------------------------------------

EVs

-------------------------------------------------------------------------
--------------------------------------
EV1
--------------------------------------
Num TPs served = 1
TPs served = 16
Total energy used = 0
--------------------------------------
Schedule:
0 53 427 806 427 806 0 0 100 100 0 53 0
53 53 427 806 427 806 0 1 100 100 16 32 0
53 55 427 806 427 806 1 1 100 100 0 2 0
55 55 427 806 427 806 1 0 100 100 -16 32 0
55 43267 427 806 427 806 0 0 100 100 1000000000 43212 0
--------------------------------------
--------------------------------------
EV2
--------------------------------------
Num TPs served = 43
TPs served = 166 400 1038 1210 1326 1576 1584 1832 1974 2299 2452 3448 3569 3768 4041 4730 4989 5028 5399 5496 5956 6298 6791 7933 12198 12827 16417 18270 19283 21179 22347 22628 23419 25472 28698 29717 30266 30283 30848 38642 43059 45213 45379
Total energy used = 100
--------------------------------------
Schedule:
0 317 427 806 427 806 0 0 100 100 0 317 0
317 317 427 806 427 806 0 1 100 100 166 32 0
317 320 427 806 427 809 1 0 100 97 -166 32 3
320 736 427 809 427 809 0 0 97 97 0 416 0
736 739 427 809 427 806 0 1 97 94 400 32 3
739 742 427 806 427 806 1 1 94 94 0 3 0
742 743 427 806 427 807 1 0 94 93 -400 32 1
743 1826 427 807 427 807 0 0 93 93 0 1083 0
1826 1827 427 807 427 806 0 1 93 92 1038 32 1
1827 1828 427 806 427 807 1 0 92 91 -1038 32 1
1828 2108 427 807 427 807 0 0 91 91 0 280 0
2108 2109 427 807 427 806 0 1 91 90 1210 32 1
2109 2113 427 806 429 808 1 0 90 86 -1210 32 4
2113 2321 429 808 429 808 0 0 86 86 0 208 0
2321 2325 429 808 427 806 0 1 86 82 1326 32 4
2325 2326 427 806 427 807 1 0 82 81 -1326 32 1
2326 2635 427 807 427 807 0 0 81 81 0 309 0
2635 2636 427 807 427 806 0 1 81 80 18270 32 1
2636 2638 427 806 427 806 1 1 80 80 0 2 0
2638 2638 427 806 427 806 1 0 80 80 -18270 32 0
2638 2754 427 806 427 806 0 0 80 80 0 116 0
2754 2754 427 806 427 806 0 1 80 80 1584 32 0
2754 2754 427 806 427 806 1 2 80 80 1576 19 0
2754 2756 427 806 429 806 2 1 80 78 -1584 32 2
2756 2757 429 806 430 806 1 0 78 77 -1576 19 1
2757 3202 430 806 430 806 0 0 77 77 0 445 0
3202 3205 430 806 427 806 0 1 77 74 1832 32 3
3205 3207 427 806 429 806 1 0 74 72 -1832 32 2
3207 3471 429 806 429 806 0 0 72 72 0 264 0
3471 3473 429 806 427 806 0 1 72 70 1974 32 2
3473 3479 427 806 431 808 1 0 70 64 -1974 32 6
3479 4070 431 808 431 808 0 0 64 64 0 591 0
4070 4076 431 808 427 806 0 1 64 58 2299 32 6
4076 4077 427 806 427 807 1 0 58 57 -2299 32 1
4077 4366 427 807 427 807 0 0 57 57 0 289 0
4366 4367 427 807 427 806 0 1 57 56 2452 32 1
4367 4368 427 806 427 806 1 1 56 56 0 1 0
4368 4369 427 806 427 807 1 0 56 55 -2452 32 1
4369 5836 427 807 427 807 0 0 55 55 0 1467 0
5836 5837 427 807 427 806 0 1 55 54 19283 32 1
5837 5838 427 806 427 806 1 1 54 54 0 1 0
5838 5838 427 806 427 806 1 0 54 54 -19283 32 0
5838 6147 427 806 427 806 0 0 54 54 0 309 0
6147 6147 427 806 427 806 0 1 54 54 3448 32 0
6147 6149 427 806 429 806 1 0 54 52 -3448 32 2
6149 6385 429 806 429 806 0 0 52 52 0 236 0
6385 6387 429 806 427 806 0 1 52 50 3569 32 2
6387 6392 427 806 432 806 1 0 50 45 -3569 32 5
6392 6750 432 806 432 806 0 0 45 45 0 358 0
6750 6755 432 806 427 806 0 1 45 40 3768 32 5
6755 6758 427 806 427 806 1 1 40 40 0 3 0
6758 6759 427 806 427 807 1 0 40 39 -3768 32 1
6759 7266 427 807 427 807 0 0 39 39 0 507 0
7266 7267 427 807 427 806 0 1 39 38 4041 32 1
7267 7268 427 806 427 806 1 1 38 38 0 1 0
7268 7275 427 806 429 811 1 0 38 31 -4041 32 7
7275 8585 429 811 429 811 0 0 31 31 0 1310 0
8585 8592 429 811 427 806 0 1 31 24 4730 32 7
8592 8594 427 806 429 806 1 0 24 22 -4730 32 2
8594 9049 429 806 429 806 0 0 22 22 0 455 0
9049 9051 429 806 427 806 0 1 22 20 4989 32 2
9051 9053 427 806 427 808 1 0 20 18 -4989 32 2
9053 9117 427 808 427 808 0 0 18 18 0 64 0
9117 9119 427 808 427 806 0 1 18 16 5028 32 2
9119 9122 427 806 430 806 1 0 16 13 -5028 32 3
9122 9816 430 806 430 806 0 0 13 13 0 694 0
9816 9819 430 806 427 806 0 1 13 10 5399 32 3
9819 9821 427 806 429 806 1 0 10 8 -5399 32 2
9821 10004 429 806 429 806 0 0 8 8 0 183 0
10004 10006 429 806 427 806 0 1 8 6 38642 32 2
10006 10006 427 806 427 806 1 2 6 6 5496 16 0
10006 10007 427 806 428 806 2 1 6 5 -38642 32 1
10007 10008 428 806 428 807 1 0 5 4 -5496 16 1
10008 10897 428 807 428 807 0 0 4 4 0 889 0
10897 10899 428 807 427 806 0 1 4 2 5956 32 2
10899 10901 427 806 427 806 1 1 2 2 0 2 0
10901 10901 427 806 427 806 1 0 2 2 -5956 32 0
10901 11250 427 806 427 806 0 0 2 2 0 349 0
11250 11250 427 806 427 806 0 1 2 2 21179 32 0
11250 11251 427 806 427 806 1 1 2 2 0 1 0
11251 11251 427 806 427 806 1 0 2 2 -21179 32 0
11251 11561 427 806 427 806 0 0 2 2 0 310 0
11561 11561 427 806 427 806 0 1 2 2 6298 32 0
11561 11562 427 806 428 806 1 0 2 1 -6298 32 1
11562 12552 428 806 428 806 0 0 1 1 0 990 0
12552 12553 428 806 427 806 0 1 1 0 6791 32 1
12553 12554 427 806 427 806 1 1 0 0 0 1 0
12554 12554 427 806 427 806 1 0 0 0 -6791 32 0
12554 14349 427 806 427 806 0 0 0 0 0 1795 0
14349 14349 427 806 427 806 0 1 0 0 22347 32 0
14349 14351 427 806 427 806 1 1 0 0 0 2 0
14351 14351 427 806 427 806 1 0 0 0 -22347 32 0
14351 15069 427 806 427 806 0 0 0 0 0 718 0
15069 15069 427 806 427 806 0 1 0 0 22628 32 0
15069 15069 427 806 427 806 1 2 0 0 7933 15 0
15069 15069 427 806 427 806 2 1 0 0 -7933 19 0
15069 15070 427 806 427 806 1 1 0 0 0 1 0
15070 15070 427 806 427 806 1 0 0 0 -22628 32 0
15070 16999 427 806 427 806 0 0 0 0 0 1929 0
16999 16999 427 806 427 806 0 1 0 0 23419 32 0
16999 17001 427 806 427 806 1 1 0 0 0 2 0
17001 17001 427 806 427 806 1 0 0 0 -23419 32 0
17001 20329 427 806 427 806 0 0 0 0 0 3328 0
20329 20329 427 806 427 806 0 1 0 0 43059 32 0
20329 20331 427 806 427 806 1 1 0 0 0 2 0
20331 20331 427 806 427 806 1 0 0 0 -43059 32 0
20331 21536 427 806 427 806 0 0 0 0 0 1205 0
21536 21536 427 806 427 806 0 1 0 0 25472 32 0
21536 21537 427 806 427 806 1 1 0 0 0 1 0
21537 21537 427 806 427 806 1 0 0 0 -25472 32 0
21537 24392 427 806 427 806 0 0 0 0 0 2855 0
24392 24392 427 806 427 806 0 1 0 0 45213 32 0
24392 24393 427 806 427 806 1 1 0 0 0 1 0
24393 24393 427 806 427 806 1 0 0 0 -45213 32 0
24393 24694 427 806 427 806 0 0 0 0 0 301 0
24694 24694 427 806 427 806 0 1 0 0 45379 32 0
24694 24696 427 806 427 806 1 1 0 0 0 2 0
24696 24696 427 806 427 806 1 0 0 0 -45379 32 0
24696 27370 427 806 427 806 0 0 0 0 0 2674 0
27370 27370 427 806 427 806 0 1 0 0 12198 32 0
27370 27372 427 806 427 806 1 1 0 0 0 2 0
27372 27372 427 806 427 806 1 0 0 0 -12198 32 0
27372 27867 427 806 427 806 0 0 0 0 0 495 0
27867 27867 427 806 427 806 0 1 0 0 28698 32 0
27867 27869 427 806 427 806 1 1 0 0 0 2 0
27869 27869 427 806 427 806 1 0 0 0 -28698 32 0
27869 29656 427 806 427 806 0 0 0 0 0 1787 0
29656 29656 427 806 427 806 0 1 0 0 12827 32 0
29656 29657 427 806 427 806 1 1 0 0 0 1 0
29657 29657 427 806 427 806 1 0 0 0 -12827 32 0
29657 29922 427 806 427 806 0 0 0 0 0 265 0
29922 29922 427 806 427 806 0 1 0 0 29717 32 0
29922 29923 427 806 427 806 1 1 0 0 0 1 0
29923 29923 427 806 427 806 1 0 0 0 -29717 32 0
29923 31005 427 806 427 806 0 0 0 0 0 1082 0
31005 31005 427 806 427 806 0 1 0 0 30266 32 0
31005 31006 427 806 427 806 1 1 0 0 0 1 0
31006 31006 427 806 427 806 1 0 0 0 -30266 32 0
31006 31044 427 806 427 806 0 0 0 0 0 38 0
31044 31044 427 806 427 806 0 1 0 0 30283 32 0
31044 31045 427 806 427 806 1 1 0 0 0 1 0
31045 31045 427 806 427 806 1 0 0 0 -30283 32 0
31045 32189 427 806 427 806 0 0 0 0 0 1144 0
32189 32189 427 806 427 806 0 1 0 0 30848 32 0
32189 32190 427 806 427 806 1 1 0 0 0 1 0
32190 32190 427 806 427 806 1 0 0 0 -30848 32 0
32190 41466 427 806 427 806 0 0 0 0 0 9276 0
41466 41466 427 806 427 806 0 1 0 0 16417 32 0
41466 41468 427 806 427 806 1 1 0 0 0 2 0
41468 41468 427 806 427 806 1 0 0 0 -16417 32 0
41468 43267 427 806 427 806 0 0 0 0 0 1799 0
43267 43267 427 806 427 806 0 0 0 0 1000000000 0 0
--------------------------------------
--------------------------------------
EV3
--------------------------------------
Num TPs served = 18
TPs served = 5541 5672 5989 6008 6099 6873 6989 7963 7984 8153 8276 8295 8342 8648 9117 9195 9201 22822
Total energy used = 100
--------------------------------------
Schedule:
0 10085 427 806 427 806 0 0 100 100 0 10085 0
10085 10085 427 806 427 806 0 1 100 100 5541 32 0
10085 10086 427 806 427 806 1 1 100 100 0 1 0
10086 10088 427 806 429 806 1 0 100 98 -5541 32 2
10088 10363 429 806 429 806 0 0 98 98 0 275 0
10363 10365 429 806 427 806 0 1 98 96 5672 32 2
10365 10368 427 806 430 806 1 0 96 93 -5672 32 3
10368 10963 430 806 430 806 0 0 93 93 0 595 0
10963 10966 430 806 427 806 0 1 93 90 5989 32 3
10966 10967 427 806 427 806 1 1 90 90 0 1 0
10967 10970 427 806 427 809 1 0 90 87 -5989 32 3
10970 10998 427 809 427 809 0 0 87 87 0 28 0
10998 11001 427 809 427 806 0 1 87 84 6008 32 3
11001 11009 427 806 432 809 1 0 84 76 -6008 32 8
11009 11160 432 809 432 809 0 0 76 76 0 151 0
11160 11168 432 809 427 806 0 1 76 68 6099 32 8
11168 11171 427 806 430 806 1 0 68 65 -6099 32 3
11171 12716 430 806 430 806 0 0 65 65 0 1545 0
12716 12719 430 806 427 806 0 1 65 62 6873 32 3
12719 12720 427 806 427 807 1 0 62 61 -6873 32 1
12720 12990 427 807 427 807 0 0 61 61 0 270 0
12990 12991 427 807 427 806 0 1 61 60 6989 32 1
12991 12993 427 806 427 806 1 1 60 60 0 2 0
12993 12999 427 806 432 807 1 0 60 54 -6989 32 6
12999 15112 432 807 432 807 0 0 54 54 0 2113 0
15112 15118 432 807 427 806 0 1 54 48 7963 32 6
15118 15121 427 806 430 806 1 0 48 45 -7963 32 3
15121 15167 430 806 430 806 0 0 45 45 0 46 0
15167 15170 430 806 427 806 0 1 45 42 7984 32 3
15170 15175 427 806 427 806 1 1 42 42 0 5 0
15175 15176 427 806 428 806 1 0 42 41 -7984 32 1
15176 15556 428 806 428 806 0 0 41 41 0 380 0
15556 15557 428 806 427 806 0 1 41 40 22822 32 1
15557 15575 427 806 427 806 1 1 40 40 0 18 0
15575 15575 427 806 427 806 1 2 40 40 8153 32 0
15575 15577 427 806 429 806 2 1 40 38 -22822 14 2
15577 15578 429 806 429 806 1 1 38 38 0 1 0
15578 15582 429 806 431 808 1 0 38 34 -8153 32 4
15582 15876 431 808 431 808 0 0 34 34 0 294 0
15876 15882 431 808 427 806 0 1 34 28 8276 32 6
15882 15884 427 806 427 806 1 1 28 28 0 2 0
15884 15890 427 806 433 806 1 0 28 22 -8276 32 6
15890 15919 433 806 433 806 0 0 22 22 0 29 0
15919 15925 433 806 427 806 0 1 22 16 8295 32 6
15925 15926 427 806 427 806 1 1 16 16 0 1 0
15926 15929 427 806 429 807 1 0 16 13 -8295 32 3
15929 16034 429 807 429 807 0 0 13 13 0 105 0
16034 16037 429 807 427 806 0 1 13 10 8342 32 3
16037 16038 427 806 428 806 1 0 10 9 -8342 32 1
16038 16725 428 806 428 806 0 0 9 9 0 687 0
16725 16726 428 806 427 806 0 1 9 8 8648 32 1
16726 16727 427 806 427 806 1 1 8 8 0 1 0
16727 16729 427 806 427 808 1 0 8 6 -8648 32 2
16729 17937 427 808 427 808 0 0 6 6 0 1208 0
17937 17939 427 808 427 806 0 1 6 4 9117 32 2
17939 17940 427 806 427 807 1 0 4 3 -9117 32 1
17940 18184 427 807 427 807 0 0 3 3 0 244 0
18184 18185 427 807 427 806 0 1 3 2 9201 32 1
18185 18185 427 806 427 806 1 2 2 2 9195 16 0
18185 18188 427 806 427 806 2 2 2 2 0 3 0
18188 18189 427 806 427 807 2 1 2 1 -9201 32 1
18189 18189 427 807 427 807 1 0 1 1 -9195 13 0
18189 43266 427 807 427 807 0 0 1 1 0 25077 0
43266 43267 427 807 427 806 0 0 1 0 1000000000 0 1
--------------------------------------
--------------------------------------
EV4
--------------------------------------
Num TPs served = 24
TPs served = 8717 9382 10656 10981 11722 12496 13154 13713 13882 14744 15656 16208 16218 16649 16913 16946 17252 17269 17654 18157 18318 18974 19584 41468
Total energy used = 100
--------------------------------------
Schedule:
0 755 427 806 427 806 0 0 100 100 0 755 0
755 755 427 806 427 806 0 1 100 100 17654 32 0
755 757 427 806 429 806 1 0 100 98 -17654 32 2
757 2313 429 806 429 806 0 0 98 98 0 1556 0
2313 2315 429 806 427 806 0 1 98 96 18157 32 2
2315 2317 427 806 428 807 1 0 96 94 -18157 32 2
2317 2813 428 807 428 807 0 0 94 94 0 496 0
2813 2815 428 807 427 806 0 1 94 92 18318 32 2
2815 2816 427 806 428 806 1 0 92 91 -18318 32 1
2816 4903 428 806 428 806 0 0 91 91 0 2087 0
4903 4904 428 806 427 806 0 1 91 90 18974 32 1
4904 4906 427 806 429 806 1 0 90 88 -18974 32 2
4906 6817 429 806 429 806 0 0 88 88 0 1911 0
6817 6819 429 806 427 806 0 1 88 86 19584 32 2
6819 6820 427 806 427 806 1 1 86 86 0 1 0
6820 6821 427 806 428 806 1 0 86 85 -19584 32 1
6821 16937 428 806 428 806 0 0 85 85 0 10116 0
16937 16938 428 806 427 806 0 1 85 84 41468 32 1
16938 16938 427 806 427 806 1 2 84 84 8717 23 0
16938 16942 427 806 427 806 2 2 84 84 0 4 0
16942 16944 427 806 429 806 2 1 84 82 -41468 32 2
16944 16945 429 806 429 807 1 0 82 81 -8717 20 1
16945 18701 429 807 429 807 0 0 81 81 0 1756 0
18701 18704 429 807 427 806 0 1 81 78 9382 32 3
18704 18707 427 806 427 806 1 1 78 78 0 3 0
18707 18709 427 806 428 807 1 0 78 76 -9382 32 2
18709 22251 428 807 428 807 0 0 76 76 0 3542 0
22251 22253 428 807 427 806 0 1 76 74 10656 32 2
22253 22255 427 806 427 808 1 0 74 72 -10656 32 2
22255 23321 427 808 427 808 0 0 72 72 0 1066 0
23321 23323 427 808 427 806 0 1 72 70 10981 32 2
23323 23324 427 806 427 807 1 0 70 69 -10981 32 1
23324 25764 427 807 427 807 0 0 69 69 0 2440 0
25764 25765 427 807 427 806 0 1 69 68 11722 32 1
25765 25767 427 806 427 808 1 0 68 66 -11722 32 2
25767 28417 427 808 427 808 0 0 66 66 0 2650 0
28417 28419 427 808 427 806 0 1 66 64 12496 32 2
28419 28420 427 806 428 806 1 0 64 63 -12496 32 1
28420 30837 428 806 428 806 0 0 63 63 0 2417 0
30837 30838 428 806 427 806 0 1 63 62 13154 32 1
30838 30839 427 806 427 806 1 1 62 62 0 1 0
30839 30840 427 806 428 806 1 0 62 61 -13154 32 1
30840 32877 428 806 428 806 0 0 61 61 0 2037 0
32877 32878 428 806 427 806 0 1 61 60 13713 32 1
32878 32879 427 806 427 806 1 1 60 60 0 1 0
32879 32880 427 806 428 806 1 0 60 59 -13713 32 1
32880 33510 428 806 428 806 0 0 59 59 0 630 0
33510 33511 428 806 427 806 0 1 59 58 13882 32 1
33511 33519 427 806 435 806 1 0 58 50 -13882 32 8
33519 36839 435 806 435 806 0 0 50 50 0 3320 0
36839 36847 435 806 427 806 0 1 50 42 14744 32 8
36847 36850 427 806 427 806 1 1 42 42 0 3 0
36850 36851 427 806 428 806 1 0 42 41 -14744 32 1
36851 40129 428 806 428 806 0 0 41 41 0 3278 0
40129 40130 428 806 427 806 0 1 41 40 15656 32 1
40130 40131 427 806 428 806 1 0 40 39 -15656 32 1
40131 41142 428 806 428 806 0 0 39 39 0 1011 0
41142 41143 428 806 427 806 0 1 39 38 16218 32 1
41143 41143 427 806 427 806 1 2 38 38 16208 17 0
41143 41149 427 806 427 812 2 1 38 32 -16218 32 6
41149 41159 427 812 431 806 1 0 32 22 -16208 5 10
41159 41864 431 806 431 806 0 0 22 22 0 705 0
41864 41868 431 806 427 806 0 1 22 18 16649 32 4
41868 41870 427 806 428 807 1 0 18 16 -16649 32 2
41870 42342 428 807 428 807 0 0 16 16 0 472 0
42342 42344 428 807 427 806 0 1 16 14 16913 32 2
42344 42345 427 806 427 806 1 1 14 14 0 1 0
42345 42346 427 806 427 807 1 0 14 13 -16913 32 1
42346 42398 427 807 427 807 0 0 13 13 0 52 0
42398 42399 427 807 427 806 0 1 13 12 16946 32 1
42399 42400 427 806 427 807 1 0 12 11 -16946 32 1
42400 42921 427 807 427 807 0 0 11 11 0 521 0
42921 42922 427 807 427 806 0 1 11 10 17252 32 1
42922 42925 427 806 428 808 1 0 10 7 -17252 32 3
42925 42955 428 808 428 808 0 0 7 7 0 30 0
42955 42958 428 808 427 806 0 1 7 4 17269 32 3
42958 42960 427 806 429 806 1 0 4 2 -17269 32 2
42960 43265 429 806 429 806 0 0 2 2 0 305 0
43265 43267 429 806 427 806 0 0 2 0 1000000000 0 2
--------------------------------------

-------------------------------------------------------------------------

TPs

-------------------------------------------------------------------------

----------------------
TP16 allocated to 1
----------------------

----------------------
TP166 allocated to 2
----------------------

----------------------
TP400 allocated to 2
----------------------

----------------------
TP1038 allocated to 2
----------------------

----------------------
TP1210 allocated to 2
----------------------

----------------------
TP1326 allocated to 2
----------------------

----------------------
TP1576 allocated to 2
----------------------

----------------------
TP1584 allocated to 2
----------------------

----------------------
TP1832 allocated to 2
----------------------

----------------------
TP1974 allocated to 2
----------------------

----------------------
TP2299 allocated to 2
----------------------

----------------------
TP2452 allocated to 2
----------------------

----------------------
TP3448 allocated to 2
----------------------

----------------------
TP3569 allocated to 2
----------------------

----------------------
TP3768 allocated to 2
----------------------

----------------------
TP4041 allocated to 2
----------------------

----------------------
TP4730 allocated to 2
----------------------

----------------------
TP4989 allocated to 2
----------------------

----------------------
TP5028 allocated to 2
----------------------

----------------------
TP5399 allocated to 2
----------------------

----------------------
TP5496 allocated to 2
----------------------

----------------------
TP5541 allocated to 3
----------------------

----------------------
TP5672 allocated to 3
----------------------

----------------------
TP5956 allocated to 2
----------------------

----------------------
TP5989 allocated to 3
----------------------

----------------------
TP6008 allocated to 3
----------------------

----------------------
TP6099 allocated to 3
----------------------

----------------------
TP6298 allocated to 2
----------------------

----------------------
TP6791 allocated to 2
----------------------

----------------------
TP6873 allocated to 3
----------------------

----------------------
TP6989 allocated to 3
----------------------

----------------------
TP7933 allocated to 2
----------------------

----------------------
TP7963 allocated to 3
----------------------

----------------------
TP7984 allocated to 3
----------------------

----------------------
TP8153 allocated to 3
----------------------

----------------------
TP8276 allocated to 3
----------------------

----------------------
TP8295 allocated to 3
----------------------

----------------------
TP8342 allocated to 3
----------------------

----------------------
TP8648 allocated to 3
----------------------

----------------------
TP8717 allocated to 4
----------------------

----------------------
TP9117 allocated to 3
----------------------

----------------------
TP9195 allocated to 3
----------------------

----------------------
TP9201 allocated to 3
----------------------

----------------------
TP9382 allocated to 4
----------------------

----------------------
TP10656 allocated to 4
----------------------

----------------------
TP10981 allocated to 4
----------------------

----------------------
TP11722 allocated to 4
----------------------

----------------------
TP12198 allocated to 2
----------------------

----------------------
TP12496 allocated to 4
----------------------

----------------------
TP12827 allocated to 2
----------------------

----------------------
TP13154 allocated to 4
----------------------

----------------------
TP13713 allocated to 4
----------------------

----------------------
TP13882 allocated to 4
----------------------

----------------------
TP14744 allocated to 4
----------------------

----------------------
TP15656 allocated to 4
----------------------

----------------------
TP16208 allocated to 4
----------------------

----------------------
TP16218 allocated to 4
----------------------

----------------------
TP16417 allocated to 2
----------------------

----------------------
TP16649 allocated to 4
----------------------

----------------------
TP16913 allocated to 4
----------------------

----------------------
TP16946 allocated to 4
----------------------

----------------------
TP17252 allocated to 4
----------------------

----------------------
TP17269 allocated to 4
----------------------

----------------------
TP17654 allocated to 4
----------------------

----------------------
TP18157 allocated to 4
----------------------

----------------------
TP18270 allocated to 2
----------------------

----------------------
TP18318 allocated to 4
----------------------

----------------------
TP18350 not allocated
----------------------

----------------------
TP18974 allocated to 4
----------------------

----------------------
TP19283 allocated to 2
----------------------

----------------------
TP19584 allocated to 4
----------------------

----------------------
TP20164 not allocated
----------------------

----------------------
TP20210 not allocated
----------------------

----------------------
TP20439 not allocated
----------------------

----------------------
TP20696 not allocated
----------------------

----------------------
TP20715 not allocated
----------------------

----------------------
TP20951 not allocated
----------------------

----------------------
TP21179 allocated to 2
----------------------

----------------------
TP21343 not allocated
----------------------

----------------------
TP22027 not allocated
----------------------

----------------------
TP22277 not allocated
----------------------

----------------------
TP22347 allocated to 2
----------------------

----------------------
TP22547 not allocated
----------------------

----------------------
TP22608 not allocated
----------------------

----------------------
TP22612 not allocated
----------------------

----------------------
TP22628 allocated to 2
----------------------

----------------------
TP22822 allocated to 3
----------------------

----------------------
TP22926 not allocated
----------------------

----------------------
TP22947 not allocated
----------------------

----------------------
TP23419 allocated to 2
----------------------

----------------------
TP23682 not allocated
----------------------

----------------------
TP23993 not allocated
----------------------

----------------------
TP24147 not allocated
----------------------

----------------------
TP24340 not allocated
----------------------

----------------------
TP24504 not allocated
----------------------

----------------------
TP24658 not allocated
----------------------

----------------------
TP24868 not allocated
----------------------

----------------------
TP24952 not allocated
----------------------

----------------------
TP25472 allocated to 2
----------------------

----------------------
TP25496 not allocated
----------------------

----------------------
TP25662 not allocated
----------------------

----------------------
TP25756 not allocated
----------------------

----------------------
TP26207 not allocated
----------------------

----------------------
TP26293 not allocated
----------------------

----------------------
TP26406 not allocated
----------------------

----------------------
TP26418 not allocated
----------------------

----------------------
TP26706 not allocated
----------------------

----------------------
TP27205 not allocated
----------------------

----------------------
TP28371 not allocated
----------------------

----------------------
TP28698 allocated to 2
----------------------

----------------------
TP29068 not allocated
----------------------

----------------------
TP29214 not allocated
----------------------

----------------------
TP29283 not allocated
----------------------

----------------------
TP29453 not allocated
----------------------

----------------------
TP29565 not allocated
----------------------

----------------------
TP29663 not allocated
----------------------

----------------------
TP29671 not allocated
----------------------

----------------------
TP29717 allocated to 2
----------------------

----------------------
TP30266 allocated to 2
----------------------

----------------------
TP30283 allocated to 2
----------------------

----------------------
TP30387 not allocated
----------------------

----------------------
TP30585 not allocated
----------------------

----------------------
TP30848 allocated to 2
----------------------

----------------------
TP31253 not allocated
----------------------

----------------------
TP31306 not allocated
----------------------

----------------------
TP31370 not allocated
----------------------

----------------------
TP32029 not allocated
----------------------

----------------------
TP32252 not allocated
----------------------

----------------------
TP32566 not allocated
----------------------

----------------------
TP32738 not allocated
----------------------

----------------------
TP32996 not allocated
----------------------

----------------------
TP33558 not allocated
----------------------

----------------------
TP33734 not allocated
----------------------

----------------------
TP34207 not allocated
----------------------

----------------------
TP34368 not allocated
----------------------

----------------------
TP34482 not allocated
----------------------

----------------------
TP34489 not allocated
----------------------

----------------------
TP34498 not allocated
----------------------

----------------------
TP34533 not allocated
----------------------

----------------------
TP34557 not allocated
----------------------

----------------------
TP34990 not allocated
----------------------

----------------------
TP35108 not allocated
----------------------

----------------------
TP35430 not allocated
----------------------

----------------------
TP35616 not allocated
----------------------

----------------------
TP35630 not allocated
----------------------

----------------------
TP35888 not allocated
----------------------

----------------------
TP36147 not allocated
----------------------

----------------------
TP38363 not allocated
----------------------

----------------------
TP38642 allocated to 2
----------------------

----------------------
TP38879 not allocated
----------------------

----------------------
TP39257 not allocated
----------------------

----------------------
TP39926 not allocated
----------------------

----------------------
TP39970 not allocated
----------------------

----------------------
TP40029 not allocated
----------------------

----------------------
TP40309 not allocated
----------------------

----------------------
TP40338 not allocated
----------------------

----------------------
TP40779 not allocated
----------------------

----------------------
TP40827 not allocated
----------------------

----------------------
TP41258 not allocated
----------------------

----------------------
TP41468 allocated to 4
----------------------

----------------------
TP41709 not allocated
----------------------

----------------------
TP41835 not allocated
----------------------

----------------------
TP41959 not allocated
----------------------

----------------------
TP42111 not allocated
----------------------

----------------------
TP42531 not allocated
----------------------

----------------------
TP42844 not allocated
----------------------

----------------------
TP42872 not allocated
----------------------

----------------------
TP43059 allocated to 2
----------------------

----------------------
TP43187 not allocated
----------------------

----------------------
TP43786 not allocated
----------------------

----------------------
TP43821 not allocated
----------------------

----------------------
TP43995 not allocated
----------------------

----------------------
TP44357 not allocated
----------------------

----------------------
TP44692 not allocated
----------------------

----------------------
TP44907 not allocated
----------------------

----------------------
TP45213 allocated to 2
----------------------

----------------------
TP45379 allocated to 2
----------------------

----------------------
TP45436 not allocated
----------------------

----------------------
TP45481 not allocated
----------------------

----------------------
TP45548 not allocated
----------------------

----------------------
TP45613 not allocated
----------------------

----------------------
TP46272 not allocated
----------------------

----------------------
TP46412 not allocated
----------------------

----------------------
TP46546 not allocated
----------------------

----------------------
TP46581 not allocated
----------------------

----------------------
TP46696 not allocated
----------------------

----------------------
TP47366 not allocated
----------------------

----------------------
TP47389 not allocated
----------------------

----------------------
TP48158 not allocated
----------------------

----------------------
TP48426 not allocated
----------------------

----------------------
TP48485 not allocated
----------------------

----------------------
TP48554 not allocated
----------------------

----------------------
TP48988 not allocated
----------------------

----------------------
TP49094 not allocated
----------------------

----------------------
TP49122 not allocated
----------------------

----------------------
TP49189 not allocated
----------------------

----------------------
TP49351 not allocated
----------------------

----------------------
TP49484 not allocated
----------------------

----------------------
TP49947 not allocated
----------------------

-------------------------------------------------------------------------

Ride-sharing vs Individual Mode - Num Vehicles and Distance Comparisson 

-------------------------------------------------------------------------
Individual Mode = 199 vehicles.
Ride-sharing Mode = 117 vehicles. The 4 ride-sharing vehicles + 113 vehicles of the individuals not served by the ride-sharing service.
-------------------------------------------------------------------------
Individual Mode = 480 distance.
Ride-sharing Mode = 622 distance. 300 from the EV fleet + 322 from the distance of the trips not covered individuals had to do with their own vehicle.
-------------------------------------------------------------------------
