-------------------------------------------------------------------------
TPs satisfied = 194; Total TPs = 194; Percentage Satisfied + 100.0%
-------------------------------------------------------------------------

-------------------------------------------------------------------------

EVs

-------------------------------------------------------------------------
--------------------------------------
EV1
--------------------------------------
Num TPs served = 34
TPs served = 57 291 581 1285 1608 2241 2838 3440 3485 3600 4690 4822 5189 5514 5651 5770 7008 8385 8752 20934 21841 24693 24700 24958 26047 26268 26624 33273 38988 39381 39408 42546 43691 47483
Total energy used = 100
--------------------------------------
Schedule:
0 126 427 186 427 186 0 0 100 100 0 126 0
126 126 427 186 427 186 0 1 100 100 57 32 0
126 127 427 186 427 186 1 1 100 100 0 1 0
127 132 427 186 431 187 1 0 100 95 -57 32 5
132 564 431 187 431 187 0 0 95 95 0 432 0
564 569 431 187 427 186 0 1 95 90 291 32 5
569 570 427 186 427 186 1 1 90 90 0 1 0
570 570 427 186 427 186 1 0 90 90 -291 32 0
570 1047 427 186 427 186 0 0 90 90 0 477 0
1047 1047 427 186 427 186 0 1 90 90 581 32 0
1047 1048 427 186 427 186 1 1 90 90 0 1 0
1048 1048 427 186 427 186 1 0 90 90 -581 32 0
1048 2251 427 186 427 186 0 0 90 90 0 1203 0
2251 2251 427 186 427 186 0 1 90 90 1285 32 0
2251 2255 427 186 427 186 1 1 90 90 0 4 0
2255 2265 427 186 434 189 1 0 90 80 -1285 32 10
2265 2800 434 189 434 189 0 0 80 80 0 535 0
2800 2810 434 189 427 186 0 1 80 70 1608 32 10
2810 2811 427 186 427 186 1 1 70 70 0 1 0
2811 2813 427 186 429 186 1 0 70 68 -1608 32 2
2813 3970 429 186 429 186 0 0 68 68 0 1157 0
3970 3972 429 186 427 186 0 1 68 66 2241 32 2
3972 3980 427 186 435 186 1 0 66 58 -2241 32 8
3980 5055 435 186 435 186 0 0 58 58 0 1075 0
5055 5063 435 186 427 186 0 1 58 50 2838 32 8
5063 5064 427 186 427 187 1 0 50 49 -2838 32 1
5064 6132 427 187 427 187 0 0 49 49 0 1068 0
6132 6133 427 187 427 186 0 1 49 48 3440 32 1
6133 6134 427 186 427 187 1 0 48 47 -3440 32 1
6134 6209 427 187 427 187 0 0 47 47 0 75 0
6209 6210 427 187 427 186 0 1 47 46 3485 32 1
6210 6214 427 186 430 187 1 0 46 42 -3485 32 4
6214 6443 430 187 430 187 0 0 42 42 0 229 0
6443 6447 430 187 427 186 0 1 42 38 3600 32 4
6447 6448 427 186 427 186 1 1 38 38 0 1 0
6448 6450 427 186 429 186 1 0 38 36 -3600 32 2
6450 8500 429 186 429 186 0 0 36 36 0 2050 0
8500 8502 429 186 427 186 0 1 36 34 4690 32 2
8502 8503 427 186 427 187 1 0 34 33 -4690 32 1
8503 8747 427 187 427 187 0 0 33 33 0 244 0
8747 8748 427 187 427 186 0 1 33 32 4822 32 1
8748 8752 427 186 428 189 1 0 32 28 -4822 32 4
8752 9417 428 189 428 189 0 0 28 28 0 665 0
9417 9421 428 189 427 186 0 1 28 24 5189 32 4
9421 9424 427 186 430 186 1 0 24 21 -5189 32 3
9424 10016 430 186 430 186 0 0 21 21 0 592 0
10016 10019 430 186 427 186 0 1 21 18 5514 32 3
10019 10023 427 186 427 190 1 0 18 14 -5514 32 4
10023 10328 427 190 427 190 0 0 14 14 0 305 0
10328 10332 427 190 427 186 0 1 14 10 5651 32 4
10332 10334 427 186 427 186 1 1 10 10 0 2 0
10334 10335 427 186 428 186 1 0 10 9 -5651 32 1
10335 10581 428 186 428 186 0 0 9 9 0 246 0
10581 10582 428 186 427 186 0 1 9 8 20934 32 1
10582 10582 427 186 427 186 1 2 8 8 5770 8 0
10582 10587 427 186 427 186 2 2 8 8 0 5 0
10587 10589 427 186 429 186 2 1 8 6 -20934 32 2
10589 10591 429 186 430 187 1 0 6 4 -5770 6 2
10591 10821 430 187 430 187 0 0 4 4 0 230 0
10821 10825 430 187 427 186 0 1 4 0 38988 32 4
10825 10828 427 186 427 186 1 1 0 0 0 3 0
10828 10828 427 186 427 186 1 0 0 0 -38988 32 0
10828 11787 427 186 427 186 0 0 0 0 0 959 0
11787 11787 427 186 427 186 0 1 0 0 39381 32 0
11787 11788 427 186 427 186 1 1 0 0 0 1 0
11788 11788 427 186 427 186 1 0 0 0 -39381 32 0
11788 11849 427 186 427 186 0 0 0 0 0 61 0
11849 11849 427 186 427 186 0 1 0 0 39408 32 0
11849 11850 427 186 427 186 1 1 0 0 0 1 0
11850 11850 427 186 427 186 1 0 0 0 -39408 32 0
11850 13036 427 186 427 186 0 0 0 0 0 1186 0
13036 13036 427 186 427 186 0 1 0 0 21841 32 0
13036 13036 427 186 427 186 1 2 0 0 7008 21 0
13036 13036 427 186 427 186 2 1 0 0 -7008 24 0
13036 13038 427 186 427 186 1 1 0 0 0 2 0
13038 13038 427 186 427 186 1 0 0 0 -21841 32 0
13038 16110 427 186 427 186 0 0 0 0 0 3072 0
16110 16110 427 186 427 186 0 1 0 0 8385 32 0
16110 16112 427 186 427 186 1 1 0 0 0 2 0
16112 16112 427 186 427 186 1 0 0 0 -8385 32 0
16112 17030 427 186 427 186 0 0 0 0 0 918 0
17030 17030 427 186 427 186 0 1 0 0 8752 32 0
17030 17031 427 186 427 186 1 1 0 0 0 1 0
17031 17031 427 186 427 186 1 0 0 0 -8752 32 0
17031 19300 427 186 427 186 0 0 0 0 0 2269 0
19300 19300 427 186 427 186 0 1 0 0 42546 32 0
19300 19302 427 186 427 186 1 1 0 0 0 2 0
19302 19302 427 186 427 186 1 0 0 0 -42546 32 0
19302 19820 427 186 427 186 0 0 0 0 0 518 0
19820 19820 427 186 427 186 0 1 0 0 24700 32 0
19820 19820 427 186 427 186 1 2 0 0 24693 19 0
19820 19820 427 186 427 186 2 1 0 0 -24693 21 0
19820 19821 427 186 427 186 1 1 0 0 0 1 0
19821 19821 427 186 427 186 1 0 0 0 -24700 32 0
19821 20415 427 186 427 186 0 0 0 0 0 594 0
20415 20415 427 186 427 186 0 1 0 0 24958 32 0
20415 20416 427 186 427 186 1 1 0 0 0 1 0
20416 20416 427 186 427 186 1 0 0 0 -24958 32 0
20416 21564 427 186 427 186 0 0 0 0 0 1148 0
21564 21564 427 186 427 186 0 1 0 0 43691 32 0
21564 21568 427 186 427 186 1 1 0 0 0 4 0
21568 21568 427 186 427 186 1 0 0 0 -43691 32 0
21568 22748 427 186 427 186 0 0 0 0 0 1180 0
22748 22748 427 186 427 186 0 1 0 0 26047 32 0
22748 22749 427 186 427 186 1 1 0 0 0 1 0
22749 22749 427 186 427 186 1 0 0 0 -26047 32 0
22749 23223 427 186 427 186 0 0 0 0 0 474 0
23223 23223 427 186 427 186 0 1 0 0 26268 32 0
23223 23224 427 186 427 186 1 1 0 0 0 1 0
23224 23224 427 186 427 186 1 0 0 0 -26268 32 0
23224 23903 427 186 427 186 0 0 0 0 0 679 0
23903 23903 427 186 427 186 0 1 0 0 26624 32 0
23903 23905 427 186 427 186 1 1 0 0 0 2 0
23905 23905 427 186 427 186 1 0 0 0 -26624 32 0
23905 28337 427 186 427 186 0 0 0 0 0 4432 0
28337 28337 427 186 427 186 0 1 0 0 47483 32 0
28337 28338 427 186 427 186 1 1 0 0 0 1 0
28338 28338 427 186 427 186 1 0 0 0 -47483 32 0
28338 37847 427 186 427 186 0 0 0 0 0 9509 0
37847 37847 427 186 427 186 0 1 0 0 33273 32 0
37847 37849 427 186 427 186 1 1 0 0 0 2 0
37849 37849 427 186 427 186 1 0 0 0 -33273 32 0
37849 43267 427 186 427 186 0 0 0 0 0 5418 0
43267 43267 427 186 427 186 0 0 0 0 1000000000 0 0
--------------------------------------
--------------------------------------
EV2
--------------------------------------
Num TPs served = 20
TPs served = 5801 6100 6460 6541 6640 6692 6793 7311 7328 8142 8163 8229 8625 8865 8991 9141 9153 9204 10787 23700
Total energy used = 100
--------------------------------------
Schedule:
0 10610 427 186 427 186 0 0 100 100 0 10610 0
10610 10610 427 186 427 186 0 1 100 100 5801 32 0
10610 10617 427 186 427 193 1 0 100 93 -5801 32 7
10617 11162 427 193 427 193 0 0 93 93 0 545 0
11162 11169 427 193 427 186 0 1 93 86 6100 32 7
11169 11170 427 186 428 186 1 0 86 85 -6100 32 1
11170 11857 428 186 428 186 0 0 85 85 0 687 0
11857 11858 428 186 427 186 0 1 85 84 6460 32 1
11858 11861 427 186 430 186 1 0 84 81 -6460 32 3
11861 12024 430 186 430 186 0 0 81 81 0 163 0
12024 12027 430 186 427 186 0 1 81 78 6541 32 3
12027 12029 427 186 427 186 1 1 78 78 0 2 0
12029 12031 427 186 428 187 1 0 78 76 -6541 32 2
12031 12242 428 187 428 187 0 0 76 76 0 211 0
12242 12244 428 187 427 186 0 1 76 74 6640 32 2
12244 12245 427 186 427 186 1 1 74 74 0 1 0
12245 12246 427 186 428 186 1 0 74 73 -6640 32 1
12246 12353 428 186 428 186 0 0 73 73 0 107 0
12353 12354 428 186 427 186 0 1 73 72 6692 32 1
12354 12358 427 186 431 186 1 0 72 68 -6692 32 4
12358 12553 431 186 431 186 0 0 68 68 0 195 0
12553 12557 431 186 427 186 0 1 68 64 6793 32 4
12557 12559 427 186 427 186 1 1 64 64 0 2 0
12559 12560 427 186 427 187 1 0 64 63 -6793 32 1
12560 13721 427 187 427 187 0 0 63 63 0 1161 0
13721 13722 427 187 427 186 0 1 63 62 7328 32 1
13722 13722 427 186 427 186 1 2 62 62 7311 8 0
13722 13723 427 186 428 186 2 1 62 61 -7328 32 1
13723 13723 428 186 428 186 1 0 61 61 -7311 8 0
13723 15550 428 186 428 186 0 0 61 61 0 1827 0
15550 15551 428 186 427 186 0 1 61 60 8142 32 1
15551 15553 427 186 429 186 1 0 60 58 -8142 32 2
15553 15589 429 186 429 186 0 0 58 58 0 36 0
15589 15591 429 186 427 186 0 1 58 56 8163 32 2
15591 15592 427 186 428 186 1 0 56 55 -8163 32 1
15592 15752 428 186 428 186 0 0 55 55 0 160 0
15752 15753 428 186 427 186 0 1 55 54 8229 32 1
15753 15755 427 186 429 186 1 0 54 52 -8229 32 2
15755 16675 429 186 429 186 0 0 52 52 0 920 0
16675 16677 429 186 427 186 0 1 52 50 8625 32 2
16677 16680 427 186 427 186 1 1 50 50 0 3 0
16680 16681 427 186 428 186 1 0 50 49 -8625 32 1
16681 17296 428 186 428 186 0 0 49 49 0 615 0
17296 17297 428 186 427 186 0 1 49 48 8865 32 1
17297 17298 427 186 428 186 1 0 48 47 -8865 32 1
17298 17638 428 186 428 186 0 0 47 47 0 340 0
17638 17639 428 186 427 186 0 1 47 46 23700 32 1
17639 17642 427 186 427 186 1 1 46 46 0 3 0
17642 17642 427 186 427 186 1 2 46 46 8991 32 0
17642 17644 427 186 429 186 2 1 46 44 -23700 29 2
17644 17653 429 186 433 191 1 0 44 35 -8991 32 9
17653 17991 433 191 433 191 0 0 35 35 0 338 0
17991 18002 433 191 427 186 0 1 35 24 9141 32 11
18002 18032 427 186 427 186 1 1 24 24 0 30 0
18032 18032 427 186 427 186 1 2 24 24 9153 32 0
18032 18035 427 186 430 186 2 1 24 21 -9141 2 3
18035 18039 430 186 428 188 1 0 21 17 -9153 29 4
18039 18199 428 188 428 188 0 0 17 17 0 160 0
18199 18202 428 188 427 186 0 1 17 14 9204 32 3
18202 18203 427 186 427 186 1 1 14 14 0 1 0
18203 18209 427 186 432 187 1 0 14 8 -9204 32 6
18209 22684 432 187 432 187 0 0 8 8 0 4475 0
22684 22690 432 187 427 186 0 1 8 2 10787 32 6
22690 22691 427 186 427 187 1 0 2 1 -10787 32 1
22691 43266 427 187 427 187 0 0 1 1 0 20575 0
43266 43267 427 187 427 186 0 0 1 0 1000000000 0 1
--------------------------------------
--------------------------------------
EV3
--------------------------------------
Num TPs served = 18
TPs served = 9396 9724 9948 11213 11414 11828 12139 13111 13299 13402 13728 13968 14136 14481 15892 24597 24886 48816
Total energy used = 100
--------------------------------------
Schedule:
0 18752 427 186 427 186 0 0 100 100 0 18752 0
18752 18752 427 186 427 186 0 1 100 100 9396 32 0
18752 18754 427 186 427 186 1 1 100 100 0 2 0
18754 18757 427 186 430 186 1 0 100 97 -9396 32 3
18757 19610 430 186 430 186 0 0 97 97 0 853 0
19610 19613 430 186 427 186 0 1 97 94 24597 32 3
19613 19627 427 186 427 186 1 1 94 94 0 14 0
19627 19627 427 186 427 186 1 2 94 94 9724 32 0
19627 19630 427 186 430 186 2 1 94 91 -24597 18 3
19630 19631 430 186 430 186 1 1 91 91 0 1 0
19631 19641 430 186 431 195 1 0 91 81 -9724 32 10
19641 20212 431 195 431 195 0 0 81 81 0 571 0
20212 20225 431 195 427 186 0 1 81 68 24886 32 13
20225 20256 427 186 427 186 1 1 68 68 0 31 0
20256 20256 427 186 427 186 1 2 68 68 9948 32 0
20256 20257 427 186 428 186 2 1 68 67 -24886 2 1
20257 20261 428 186 428 186 1 1 67 67 0 4 0
20261 20270 428 186 432 191 1 0 67 58 -9948 32 9
20270 23966 432 191 432 191 0 0 58 58 0 3696 0
23966 23976 432 191 427 186 0 1 58 48 11213 32 10
23976 23978 427 186 427 186 1 1 48 48 0 2 0
23978 23984 427 186 432 187 1 0 48 42 -11213 32 6
23984 24686 432 187 432 187 0 0 42 42 0 702 0
24686 24692 432 187 427 186 0 1 42 36 11414 32 6
24692 24693 427 186 428 186 1 0 36 35 -11414 32 1
24693 26117 428 186 428 186 0 0 35 35 0 1424 0
26117 26118 428 186 427 186 0 1 35 34 11828 32 1
26118 26119 427 186 427 187 1 0 34 33 -11828 32 1
26119 27194 427 187 427 187 0 0 33 33 0 1075 0
27194 27195 427 187 427 186 0 1 33 32 12139 32 1
27195 27196 427 186 428 186 1 0 32 31 -12139 32 1
27196 30700 428 186 428 186 0 0 31 31 0 3504 0
30700 30701 428 186 427 186 0 1 31 30 48816 32 1
30701 30711 427 186 427 186 1 1 30 30 0 10 0
30711 30711 427 186 427 186 1 2 30 30 13111 32 0
30711 30712 427 186 428 186 2 1 30 29 -48816 24 1
30712 30712 428 186 428 186 1 0 29 29 -13111 32 0
30712 31333 428 186 428 186 0 0 29 29 0 621 0
31333 31334 428 186 427 186 0 1 29 28 13299 32 1
31334 31336 427 186 427 188 1 0 28 26 -13299 32 2
31336 31727 427 188 427 188 0 0 26 26 0 391 0
31727 31729 427 188 427 186 0 1 26 24 13402 32 2
31729 31731 427 186 427 188 1 0 24 22 -13402 32 2
31731 32933 427 188 427 188 0 0 22 22 0 1202 0
32933 32935 427 188 427 186 0 1 22 20 13728 32 2
32935 32939 427 186 428 189 1 0 20 16 -13728 32 4
32939 33853 428 189 428 189 0 0 16 16 0 914 0
33853 33857 428 189 427 186 0 1 16 12 13968 32 4
33857 33858 427 186 427 186 1 1 12 12 0 1 0
33858 33859 427 186 427 187 1 0 12 11 -13968 32 1
33859 34481 427 187 427 187 0 0 11 11 0 622 0
34481 34482 427 187 427 186 0 1 11 10 14136 32 1
34482 34484 427 186 427 186 1 1 10 10 0 2 0
34484 34485 427 186 428 186 1 0 10 9 -14136 32 1
34485 35782 428 186 428 186 0 0 9 9 0 1297 0
35782 35783 428 186 427 186 0 1 9 8 14481 32 1
35783 35784 427 186 427 186 1 1 8 8 0 1 0
35784 35786 427 186 428 187 1 0 8 6 -14481 32 2
35786 40537 428 187 428 187 0 0 6 6 0 4751 0
40537 40539 428 187 427 186 0 1 6 4 15892 32 2
40539 40541 427 186 429 186 1 0 4 2 -15892 32 2
40541 43265 429 186 429 186 0 0 2 2 0 2724 0
43265 43267 429 186 427 186 0 0 2 0 1000000000 0 2
--------------------------------------
--------------------------------------
EV4
--------------------------------------
Num TPs served = 15
TPs served = 14781 14888 15196 16275 17076 17137 17244 17875 18285 18433 18492 18726 18760 20090 32948
Total energy used = 100
--------------------------------------
Schedule:
0 1461 427 186 427 186 0 0 100 100 0 1461 0
1461 1461 427 186 427 186 0 1 100 100 17875 32 0
1461 1463 427 186 428 187 1 0 100 98 -17875 32 2
1463 2708 428 187 428 187 0 0 98 98 0 1245 0
2708 2710 428 187 427 186 0 1 98 96 18285 32 2
2710 2712 427 186 428 187 1 0 96 94 -18285 32 2
2712 3189 428 187 428 187 0 0 94 94 0 477 0
3189 3191 428 187 427 186 0 1 94 92 18433 32 2
3191 3192 427 186 427 187 1 0 92 91 -18433 32 1
3192 3349 427 187 427 187 0 0 91 91 0 157 0
3349 3350 427 187 427 186 0 1 91 90 18492 32 1
3350 3357 427 186 431 189 1 0 90 83 -18492 32 7
3357 4106 431 189 431 189 0 0 83 83 0 749 0
4106 4113 431 189 427 186 0 1 83 76 18726 32 7
4113 4116 427 186 427 186 1 1 76 76 0 3 0
4116 4121 427 186 432 186 1 0 76 71 -18726 32 5
4121 4228 432 186 432 186 0 0 71 71 0 107 0
4228 4233 432 186 427 186 0 1 71 66 18760 32 5
4233 4235 427 186 428 187 1 0 66 64 -18760 32 2
4235 8281 428 187 428 187 0 0 64 64 0 4046 0
8281 8283 428 187 427 186 0 1 64 62 20090 32 2
8283 8284 427 186 427 187 1 0 62 61 -20090 32 1
8284 37029 427 187 427 187 0 0 61 61 0 28745 0
37029 37030 427 187 427 186 0 1 61 60 32948 32 1
37030 37030 427 186 427 186 1 2 60 60 14781 9 0
37030 37031 427 186 427 186 2 2 60 60 0 1 0
37031 37033 427 186 428 187 2 1 60 58 -32948 32 2
37033 37043 428 187 436 189 1 0 58 48 -14781 10 10
37043 37371 436 189 436 189 0 0 48 48 0 328 0
37371 37383 436 189 427 186 0 1 48 36 14888 32 12
37383 37384 427 186 427 186 1 1 36 36 0 1 0
37384 37388 427 186 429 188 1 0 36 32 -14888 32 4
37388 38598 429 188 429 188 0 0 32 32 0 1210 0
38598 38602 429 188 427 186 0 1 32 28 15196 32 4
38602 38607 427 186 432 186 1 0 28 23 -15196 32 5
38607 41223 432 186 432 186 0 0 23 23 0 2616 0
41223 41228 432 186 427 186 0 1 23 18 16275 32 5
41228 41230 427 186 427 188 1 0 18 16 -16275 32 2
41230 42647 427 188 427 188 0 0 16 16 0 1417 0
42647 42649 427 188 427 186 0 1 16 14 17076 32 2
42649 42653 427 186 428 189 1 0 14 10 -17076 32 4
42653 42740 428 189 428 189 0 0 10 10 0 87 0
42740 42744 428 189 427 186 0 1 10 6 17137 32 4
42744 42746 427 186 429 186 1 0 6 4 -17137 32 2
42746 42902 429 186 429 186 0 0 4 4 0 156 0
42902 42904 429 186 427 186 0 1 4 2 17244 32 2
42904 42905 427 186 428 186 1 0 2 1 -17244 32 1
42905 43266 428 186 428 186 0 0 1 1 0 361 0
43266 43267 428 186 427 186 0 0 1 0 1000000000 0 1
--------------------------------------
--------------------------------------
EV5
--------------------------------------
Num TPs served = 21
TPs served = 19298 20029 20348 20354 20403 20457 20458 20713 20841 21774 22111 22143 22160 22788 23005 23652 23898 24332 24774 24790 37144
Total energy used = 100
--------------------------------------
Schedule:
0 5861 427 186 427 186 0 0 100 100 0 5861 0
5861 5861 427 186 427 186 0 1 100 100 37144 32 0
5861 5884 427 186 427 186 1 1 100 100 0 23 0
5884 5884 427 186 427 186 1 2 100 100 19298 32 0
5884 5886 427 186 429 186 2 1 100 98 -37144 12 2
5886 5887 429 186 429 187 1 0 98 97 -19298 32 1
5887 8108 429 187 429 187 0 0 97 97 0 2221 0
8108 8111 429 187 427 186 0 1 97 94 20029 32 3
8111 8112 427 186 427 186 1 1 94 94 0 1 0
8112 8116 427 186 427 190 1 0 94 90 -20029 32 4
8116 9046 427 190 427 190 0 0 90 90 0 930 0
9046 9050 427 190 427 186 0 1 90 86 20354 32 4
9050 9050 427 186 427 186 1 2 86 86 20348 18 0
9050 9053 427 186 427 186 2 2 86 86 0 3 0
9053 9060 427 186 430 190 2 1 86 79 -20354 32 7
9060 9065 430 190 427 188 1 0 79 74 -20348 7 5
9065 9178 427 188 427 188 0 0 74 74 0 113 0
9178 9180 427 188 427 186 0 1 74 72 20403 32 2
9180 9182 427 186 427 188 1 0 72 70 -20403 32 2
9182 9329 427 188 427 188 0 0 70 70 0 147 0
9329 9331 427 188 427 186 0 1 70 68 20458 32 2
9331 9331 427 186 427 186 1 2 68 68 20457 31 0
9331 9332 427 186 427 186 2 2 68 68 0 1 0
9332 9337 427 186 432 186 2 1 68 63 -20458 32 5
9337 9342 432 186 428 187 1 0 63 58 -20457 22 5
9342 9993 428 187 428 187 0 0 58 58 0 651 0
9993 9995 428 187 427 186 0 1 58 56 20713 32 2
9995 9996 427 186 427 186 1 1 56 56 0 1 0
9996 10001 427 186 427 191 1 0 56 51 -20713 32 5
10001 10344 427 191 427 191 0 0 51 51 0 343 0
10344 10349 427 191 427 186 0 1 51 46 20841 32 5
10349 10351 427 186 428 187 1 0 46 44 -20841 32 2
10351 12877 428 187 428 187 0 0 44 44 0 2526 0
12877 12879 428 187 427 186 0 1 44 42 21774 32 2
12879 12880 427 186 427 187 1 0 42 41 -21774 32 1
12880 13755 427 187 427 187 0 0 41 41 0 875 0
13755 13756 427 187 427 186 0 1 41 40 22111 32 1
13756 13757 427 186 427 187 1 0 40 39 -22111 32 1
13757 13833 427 187 427 187 0 0 39 39 0 76 0
13833 13834 427 187 427 186 0 1 39 38 22143 32 1
13834 13835 427 186 427 186 1 1 38 38 0 1 0
13835 13838 427 186 427 189 1 0 38 35 -22143 32 3
13838 13872 427 189 427 189 0 0 35 35 0 34 0
13872 13875 427 189 427 186 0 1 35 32 22160 32 3
13875 13877 427 186 427 186 1 1 32 32 0 2 0
13877 13881 427 186 428 189 1 0 32 28 -22160 32 4
13881 15464 428 189 428 189 0 0 28 28 0 1583 0
15464 15468 428 189 427 186 0 1 28 24 22788 32 4
15468 15470 427 186 427 186 1 1 24 24 0 2 0
15470 15473 427 186 427 189 1 0 24 21 -22788 32 3
15473 15987 427 189 427 189 0 0 21 21 0 514 0
15987 15990 427 189 427 186 0 1 21 18 23005 32 3
15990 15992 427 186 429 186 1 0 18 16 -23005 32 2
15992 17516 429 186 429 186 0 0 16 16 0 1524 0
17516 17518 429 186 427 186 0 1 16 14 23652 32 2
17518 17521 427 186 428 188 1 0 14 11 -23652 32 3
17521 18057 428 188 428 188 0 0 11 11 0 536 0
18057 18060 428 188 427 186 0 1 11 8 23898 32 3
18060 18061 427 186 428 186 1 0 8 7 -23898 32 1
18061 19009 428 186 428 186 0 0 7 7 0 948 0
19009 19010 428 186 427 186 0 1 7 6 24332 32 1
19010 19011 427 186 427 186 1 1 6 6 0 1 0
19011 19012 427 186 428 186 1 0 6 5 -24332 32 1
19012 20027 428 186 428 186 0 0 5 5 0 1015 0
20027 20028 428 186 427 186 0 1 5 4 24790 32 1
20028 20028 427 186 427 186 1 2 4 4 24774 2 0
20028 20030 427 186 429 186 2 1 4 2 -24790 32 2
20030 20031 429 186 428 186 1 0 2 1 -24774 0 1
20031 43266 428 186 428 186 0 0 1 1 0 23235 0
43266 43267 428 186 427 186 0 0 1 0 1000000000 0 1
--------------------------------------
--------------------------------------
EV6
--------------------------------------
Num TPs served = 27
TPs served = 24831 24924 25180 25271 25725 25957 25988 26535 26704 27091 27190 27449 28652 28910 29615 29620 30360 30619 30823 30894 31037 31399 31575 31974 33486 34066 34785
Total energy used = 100
--------------------------------------
Schedule:
0 20110 427 186 427 186 0 0 100 100 0 20110 0
20110 20110 427 186 427 186 0 1 100 100 24831 32 0
20110 20116 427 186 427 186 1 1 100 100 0 6 0
20116 20117 427 186 427 187 1 0 100 99 -24831 32 1
20117 20309 427 187 427 187 0 0 99 99 0 192 0
20309 20310 427 187 427 186 0 1 99 98 24924 32 1
20310 20311 427 186 427 186 1 1 98 98 0 1 0
20311 20312 427 186 427 187 1 0 98 97 -24924 32 1
20312 20896 427 187 427 187 0 0 97 97 0 584 0
20896 20897 427 187 427 186 0 1 97 96 25180 32 1
20897 20900 427 186 430 186 1 0 96 93 -25180 32 3
20900 21085 430 186 430 186 0 0 93 93 0 185 0
21085 21088 430 186 427 186 0 1 93 90 25271 32 3
21088 21090 427 186 427 186 1 1 90 90 0 2 0
21090 21094 427 186 430 187 1 0 90 86 -25271 32 4
21094 22083 430 187 430 187 0 0 86 86 0 989 0
22083 22087 430 187 427 186 0 1 86 82 25725 32 4
22087 22088 427 186 427 187 1 0 82 81 -25725 32 1
22088 22573 427 187 427 187 0 0 81 81 0 485 0
22573 22574 427 187 427 186 0 1 81 80 25957 32 1
22574 22576 427 186 429 186 1 0 80 78 -25957 32 2
22576 22629 429 186 429 186 0 0 78 78 0 53 0
22629 22631 429 186 427 186 0 1 78 76 25988 32 2
22631 22632 427 186 427 187 1 0 76 75 -25988 32 1
22632 23710 427 187 427 187 0 0 75 75 0 1078 0
23710 23711 427 187 427 186 0 1 75 74 26535 32 1
23711 23712 427 186 428 186 1 0 74 73 -26535 32 1
23712 24067 428 186 428 186 0 0 73 73 0 355 0
24067 24068 428 186 427 186 0 1 73 72 26704 32 1
24068 24069 427 186 428 186 1 0 72 71 -26704 32 1
24069 24818 428 186 428 186 0 0 71 71 0 749 0
24818 24819 428 186 427 186 0 1 71 70 27091 32 1
24819 24821 427 186 428 187 1 0 70 68 -27091 32 2
24821 24988 428 187 428 187 0 0 68 68 0 167 0
24988 24990 428 187 427 186 0 1 68 66 27190 32 2
24990 24992 427 186 428 187 1 0 66 64 -27190 32 2
24992 25476 428 187 428 187 0 0 64 64 0 484 0
25476 25478 428 187 427 186 0 1 64 62 27449 32 2
25478 25480 427 186 429 186 1 0 62 60 -27449 32 2
25480 27774 429 186 429 186 0 0 60 60 0 2294 0
27774 27776 429 186 427 186 0 1 60 58 28652 32 2
27776 27777 427 186 428 186 1 0 58 57 -28652 32 1
27777 28291 428 186 428 186 0 0 57 57 0 514 0
28291 28292 428 186 427 186 0 1 57 56 28910 32 1
28292 28293 427 186 428 186 1 0 56 55 -28910 32 1
28293 29733 428 186 428 186 0 0 55 55 0 1440 0
29733 29734 428 186 427 186 0 1 55 54 29620 32 1
29734 29734 427 186 427 186 1 2 54 54 29615 20 0
29734 29735 427 186 427 187 2 1 54 53 -29620 32 1
29735 29742 427 187 431 190 1 0 53 46 -29615 22 7
29742 31176 431 190 431 190 0 0 46 46 0 1434 0
31176 31184 431 190 427 186 0 1 46 38 30360 32 8
31184 31186 427 186 427 188 1 0 38 36 -30360 32 2
31186 31675 427 188 427 188 0 0 36 36 0 489 0
31675 31677 427 188 427 186 0 1 36 34 30619 32 2
31677 31678 427 186 427 187 1 0 34 33 -30619 32 1
31678 32138 427 187 427 187 0 0 33 33 0 460 0
32138 32139 427 187 427 186 0 1 33 32 30823 32 1
32139 32140 427 186 427 186 1 1 32 32 0 1 0
32140 32141 427 186 427 187 1 0 32 31 -30823 32 1
32141 32281 427 187 427 187 0 0 31 31 0 140 0
32281 32282 427 187 427 186 0 1 31 30 30894 32 1
32282 32283 427 186 427 187 1 0 30 29 -30894 32 1
32283 32572 427 187 427 187 0 0 29 29 0 289 0
32572 32573 427 187 427 186 0 1 29 28 31037 32 1
32573 32574 427 186 427 187 1 0 28 27 -31037 32 1
32574 33383 427 187 427 187 0 0 27 27 0 809 0
33383 33384 427 187 427 186 0 1 27 26 31399 32 1
33384 33386 427 186 429 186 1 0 26 24 -31399 32 2
33386 33774 429 186 429 186 0 0 24 24 0 388 0
33774 33776 429 186 427 186 0 1 24 22 31575 32 2
33776 33778 427 186 427 188 1 0 22 20 -31575 32 2
33778 34640 427 188 427 188 0 0 20 20 0 862 0
34640 34642 427 188 427 186 0 1 20 18 31974 32 2
34642 34644 427 186 427 188 1 0 18 16 -31974 32 2
34644 38364 427 188 427 188 0 0 16 16 0 3720 0
38364 38366 427 188 427 186 0 1 16 14 33486 32 2
38366 38368 427 186 427 188 1 0 14 12 -33486 32 2
38368 39959 427 188 427 188 0 0 12 12 0 1591 0
39959 39961 427 188 427 186 0 1 12 10 34066 32 2
39961 39965 427 186 431 186 1 0 10 6 -34066 32 4
39965 42076 431 186 431 186 0 0 6 6 0 2111 0
42076 42080 431 186 427 186 0 1 6 2 34785 32 4
42080 42083 427 186 427 186 1 1 2 2 0 3 0
42083 42084 427 186 427 187 1 0 2 1 -34785 32 1
42084 43266 427 187 427 187 0 0 1 1 0 1182 0
43266 43267 427 187 427 186 0 0 1 0 1000000000 0 1
--------------------------------------
--------------------------------------
EV7
--------------------------------------
Num TPs served = 14
TPs served = 33865 34090 34476 35609 35700 35836 36233 36909 37049 37317 37672 37800 38349 38631
Total energy used = 100
--------------------------------------
Schedule:
0 1392 427 186 427 186 0 0 100 100 0 1392 0
1392 1392 427 186 427 186 0 1 100 100 35609 32 0
1392 1393 427 186 428 186 1 0 100 99 -35609 32 1
1393 1630 428 186 428 186 0 0 99 99 0 237 0
1630 1631 428 186 427 186 0 1 99 98 35700 32 1
1631 1632 427 186 428 186 1 0 98 97 -35700 32 1
1632 1990 428 186 428 186 0 0 97 97 0 358 0
1990 1991 428 186 427 186 0 1 97 96 35836 32 1
1991 1995 427 186 427 186 1 1 96 96 0 4 0
1995 2004 427 186 429 193 1 0 96 87 -35836 32 9
2004 3162 429 193 429 193 0 0 87 87 0 1158 0
3162 3171 429 193 427 186 0 1 87 78 36233 32 9
3171 3172 427 186 428 186 1 0 78 77 -36233 32 1
3172 5177 428 186 428 186 0 0 77 77 0 2005 0
5177 5178 428 186 427 186 0 1 77 76 36909 32 1
5178 5179 427 186 428 186 1 0 76 75 -36909 32 1
5179 5558 428 186 428 186 0 0 75 75 0 379 0
5558 5559 428 186 427 186 0 1 75 74 37049 32 1
5559 5560 427 186 427 187 1 0 74 73 -37049 32 1
5560 6375 427 187 427 187 0 0 73 73 0 815 0
6375 6376 427 187 427 186 0 1 73 72 37317 32 1
6376 6378 427 186 427 186 1 1 72 72 0 2 0
6378 6379 427 186 427 187 1 0 72 71 -37317 32 1
6379 7367 427 187 427 187 0 0 71 71 0 988 0
7367 7368 427 187 427 186 0 1 71 70 37672 32 1
7368 7372 427 186 430 187 1 0 70 66 -37672 32 4
7372 7735 430 187 430 187 0 0 66 66 0 363 0
7735 7739 430 187 427 186 0 1 66 62 37800 32 4
7739 7741 427 186 429 186 1 0 62 60 -37800 32 2
7741 9222 429 186 429 186 0 0 60 60 0 1481 0
9222 9224 429 186 427 186 0 1 60 58 38349 32 2
9224 9226 427 186 427 186 1 1 58 58 0 2 0
9226 9228 427 186 427 188 1 0 58 56 -38349 32 2
9228 9969 427 188 427 188 0 0 56 56 0 741 0
9969 9971 427 188 427 186 0 1 56 54 38631 32 2
9971 9972 427 186 428 186 1 0 54 53 -38631 32 1
9972 39427 428 186 428 186 0 0 53 53 0 29455 0
39427 39428 428 186 427 186 0 1 53 52 33865 32 1
39428 39436 427 186 435 186 1 0 52 44 -33865 32 8
39436 40037 435 186 435 186 0 0 44 44 0 601 0
40037 40045 435 186 427 186 0 1 44 36 34090 32 8
40045 40046 427 186 427 186 1 1 36 36 0 1 0
40046 40048 427 186 428 187 1 0 36 34 -34090 32 2
40048 41171 428 187 428 187 0 0 34 34 0 1123 0
41171 41173 428 187 427 186 0 1 34 32 34476 32 2
41173 41189 427 186 431 198 1 0 32 16 -34476 32 16
41189 43251 431 198 431 198 0 0 16 16 0 2062 0
43251 43267 431 198 427 186 0 0 16 0 1000000000 0 16
--------------------------------------
--------------------------------------
EV8
--------------------------------------
Num TPs served = 21
TPs served = 38550 38594 39062 39092 39351 39517 39839 40187 40379 40633 41402 41982 42237 42339 42416 42455 42634 43122 43538 43575 44380
Total energy used = 100
--------------------------------------
Schedule:
0 9772 427 186 427 186 0 0 100 100 0 9772 0
9772 9772 427 186 427 186 0 1 100 100 38550 32 0
9772 9774 427 186 429 186 1 0 100 98 -38550 32 2
9774 9875 429 186 429 186 0 0 98 98 0 101 0
9875 9877 429 186 427 186 0 1 98 96 38594 32 2
9877 9879 427 186 428 187 1 0 96 94 -38594 32 2
9879 10991 428 187 428 187 0 0 94 94 0 1112 0
10991 10993 428 187 427 186 0 1 94 92 39062 32 2
10993 10999 427 186 427 186 1 1 92 92 0 6 0
10999 11002 427 186 427 189 1 0 92 89 -39062 32 3
11002 11068 427 189 427 189 0 0 89 89 0 66 0
11068 11071 427 189 427 186 0 1 89 86 39092 32 3
11071 11080 427 186 434 188 1 0 86 77 -39092 32 9
11080 11686 434 188 434 188 0 0 77 77 0 606 0
11686 11695 434 188 427 186 0 1 77 68 39351 32 9
11695 11696 427 186 428 186 1 0 68 67 -39351 32 1
11696 12137 428 186 428 186 0 0 67 67 0 441 0
12137 12138 428 186 427 186 0 1 67 66 39517 32 1
12138 12142 427 186 427 186 1 1 66 66 0 4 0
12142 12145 427 186 428 188 1 0 66 63 -39517 32 3
12145 12960 428 188 428 188 0 0 63 63 0 815 0
12960 12963 428 188 427 186 0 1 63 60 39839 32 3
12963 12964 427 186 427 186 1 1 60 60 0 1 0
12964 12965 427 186 427 187 1 0 60 59 -39839 32 1
12965 13964 427 187 427 187 0 0 59 59 0 999 0
13964 13965 427 187 427 186 0 1 59 58 40187 32 1
13965 13966 427 186 427 187 1 0 58 57 -40187 32 1
13966 14418 427 187 427 187 0 0 57 57 0 452 0
14418 14419 427 187 427 186 0 1 57 56 40379 32 1
14419 14420 427 186 427 186 1 1 56 56 0 1 0
14420 14422 427 186 427 188 1 0 56 54 -40379 32 2
14422 15036 427 188 427 188 0 0 54 54 0 614 0
15036 15038 427 188 427 186 0 1 54 52 40633 32 2
15038 15041 427 186 427 189 1 0 52 49 -40633 32 3
15041 16783 427 189 427 189 0 0 49 49 0 1742 0
16783 16786 427 189 427 186 0 1 49 46 41402 32 3
16786 16787 427 186 427 187 1 0 46 45 -41402 32 1
16787 18068 427 187 427 187 0 0 45 45 0 1281 0
18068 18069 427 187 427 186 0 1 45 44 41982 32 1
18069 18070 427 186 427 186 1 1 44 44 0 1 0
18070 18072 427 186 429 186 1 0 44 42 -41982 32 2
18072 18603 429 186 429 186 0 0 42 42 0 531 0
18603 18605 429 186 427 186 0 1 42 40 42237 32 2
18605 18610 427 186 427 186 1 1 40 40 0 5 0
18610 18611 427 186 427 187 1 0 40 39 -42237 32 1
18611 18790 427 187 427 187 0 0 39 39 0 179 0
18790 18791 427 187 427 186 0 1 39 38 42339 32 1
18791 18792 427 186 428 186 1 0 38 37 -42339 32 1
18792 18961 428 186 428 186 0 0 37 37 0 169 0
18961 18962 428 186 427 186 0 1 37 36 42416 32 1
18962 18963 427 186 427 186 1 1 36 36 0 1 0
18963 18965 427 186 428 187 1 0 36 34 -42416 32 2
18965 19055 428 187 428 187 0 0 34 34 0 90 0
19055 19057 428 187 427 186 0 1 34 32 42455 32 2
19057 19061 427 186 430 187 1 0 32 28 -42455 32 4
19061 19501 430 187 430 187 0 0 28 28 0 440 0
19501 19505 430 187 427 186 0 1 28 24 42634 32 4
19505 19507 427 186 427 186 1 1 24 24 0 2 0
19507 19509 427 186 429 186 1 0 24 22 -42634 32 2
19509 20454 429 186 429 186 0 0 22 22 0 945 0
20454 20456 429 186 427 186 0 1 22 20 43122 32 2
20456 20458 427 186 427 188 1 0 20 18 -43122 32 2
20458 21281 427 188 427 188 0 0 18 18 0 823 0
21281 21283 427 188 427 186 0 1 18 16 43538 32 2
21283 21288 427 186 430 188 1 0 16 11 -43538 32 5
21288 21349 430 188 430 188 0 0 11 11 0 61 0
21349 21354 430 188 427 186 0 1 11 6 43575 32 5
21354 21356 427 186 429 186 1 0 6 4 -43575 32 2
21356 22897 429 186 429 186 0 0 4 4 0 1541 0
22897 22899 429 186 427 186 0 1 4 2 44380 32 2
22899 22900 427 186 428 186 1 0 2 1 -44380 32 1
22900 43266 428 186 428 186 0 0 1 1 0 20366 0
43266 43267 428 186 427 186 0 0 1 0 1000000000 0 1
--------------------------------------
--------------------------------------
EV9
--------------------------------------
Num TPs served = 18
TPs served = 43625 43825 44015 44079 44081 45177 45224 45348 45793 46107 46142 46175 46654 46891 47003 47365 48180 48447
Total energy used = 100
--------------------------------------
Schedule:
0 21454 427 186 427 186 0 0 100 100 0 21454 0
21454 21454 427 186 427 186 0 1 100 100 43625 32 0
21454 21455 427 186 427 186 1 1 100 100 0 1 0
21455 21458 427 186 427 189 1 0 100 97 -43625 32 3
21458 21825 427 189 427 189 0 0 97 97 0 367 0
21825 21828 427 189 427 186 0 1 97 94 43825 32 3
21828 21829 427 186 427 186 1 1 94 94 0 1 0
21829 21833 427 186 428 189 1 0 94 90 -43825 32 4
21833 22194 428 189 428 189 0 0 90 90 0 361 0
22194 22198 428 189 427 186 0 1 90 86 44015 32 4
22198 22201 427 186 429 187 1 0 86 83 -44015 32 3
22201 22315 429 187 429 187 0 0 83 83 0 114 0
22315 22318 429 187 427 186 0 1 83 80 44081 32 3
22318 22318 427 186 427 186 1 2 80 80 44079 29 0
22318 22319 427 186 427 186 2 2 80 80 0 1 0
22319 22321 427 186 429 186 2 1 80 78 -44081 32 2
22321 22321 429 186 429 186 1 0 78 78 -44079 28 0
22321 24327 429 186 429 186 0 0 78 78 0 2006 0
24327 24329 429 186 427 186 0 1 78 76 45177 32 2
24329 24330 427 186 427 186 1 1 76 76 0 1 0
24330 24331 427 186 428 186 1 0 76 75 -45177 32 1
24331 24409 428 186 428 186 0 0 75 75 0 78 0
24409 24410 428 186 427 186 0 1 75 74 45224 32 1
24410 24411 427 186 427 186 1 1 74 74 0 1 0
24411 24413 427 186 427 188 1 0 74 72 -45224 32 2
24413 24630 427 188 427 188 0 0 72 72 0 217 0
24630 24632 427 188 427 186 0 1 72 70 45348 32 2
24632 24633 427 186 427 186 1 1 70 70 0 1 0
24633 24634 427 186 428 186 1 0 70 69 -45348 32 1
24634 25404 428 186 428 186 0 0 69 69 0 770 0
25404 25405 428 186 427 186 0 1 69 68 45793 32 1
25405 25408 427 186 427 186 1 1 68 68 0 3 0
25408 25409 427 186 428 186 1 0 68 67 -45793 32 1
25409 25992 428 186 428 186 0 0 67 67 0 583 0
25992 25993 428 186 427 186 0 1 67 66 46107 32 1
25993 25994 427 186 427 186 1 1 66 66 0 1 0
25994 26005 427 186 437 187 1 0 66 55 -46107 32 11
26005 26044 437 187 437 187 0 0 55 55 0 39 0
26044 26055 437 187 427 186 0 1 55 44 46142 32 11
26055 26056 427 186 427 187 1 0 44 43 -46142 32 1
26056 26117 427 187 427 187 0 0 43 43 0 61 0
26117 26118 427 187 427 186 0 1 43 42 46175 32 1
26118 26122 427 186 431 186 1 0 42 38 -46175 32 4
26122 26992 431 186 431 186 0 0 38 38 0 870 0
26992 26996 431 186 427 186 0 1 38 34 46654 32 4
26996 26997 427 186 427 186 1 1 34 34 0 1 0
26997 27000 427 186 427 189 1 0 34 31 -46654 32 3
27000 27365 427 189 427 189 0 0 31 31 0 365 0
27365 27368 427 189 427 186 0 1 31 28 46891 32 3
27368 27369 427 186 427 186 1 1 28 28 0 1 0
27369 27374 427 186 432 186 1 0 28 23 -46891 32 5
27374 27554 432 186 432 186 0 0 23 23 0 180 0
27554 27559 432 186 427 186 0 1 23 18 47003 32 5
27559 27562 427 186 428 188 1 0 18 15 -47003 32 3
27562 28142 428 188 428 188 0 0 15 15 0 580 0
28142 28145 428 188 427 186 0 1 15 12 47365 32 3
28145 28146 427 186 427 186 1 1 12 12 0 1 0
28146 28149 427 186 429 187 1 0 12 9 -47365 32 3
28149 29558 429 187 429 187 0 0 9 9 0 1409 0
29558 29561 429 187 427 186 0 1 9 6 48180 32 3
29561 29562 427 186 427 187 1 0 6 5 -48180 32 1
29562 30049 427 187 427 187 0 0 5 5 0 487 0
30049 30050 427 187 427 186 0 1 5 4 48447 32 1
30050 30052 427 186 428 187 1 0 4 2 -48447 32 2
30052 43265 428 187 428 187 0 0 2 2 0 13213 0
43265 43267 428 187 427 186 0 0 2 0 1000000000 0 2
--------------------------------------
--------------------------------------
EV10
--------------------------------------
Num TPs served = 6
TPs served = 47102 48480 48907 49607 49842 49878
Total energy used = 42
--------------------------------------
Schedule:
0 27727 427 186 427 186 0 0 100 100 0 27727 0
27727 27727 427 186 427 186 0 1 100 100 47102 32 0
27727 27735 427 186 435 186 1 0 100 92 -47102 32 8
27735 30103 435 186 435 186 0 0 92 92 0 2368 0
30103 30111 435 186 427 186 0 1 92 84 48480 32 8
30111 30113 427 186 427 188 1 0 84 82 -48480 32 2
30113 30854 427 188 427 188 0 0 82 82 0 741 0
30854 30856 427 188 427 186 0 1 82 80 48907 32 2
30856 30857 427 186 427 186 1 1 80 80 0 1 0
30857 30858 427 186 428 186 1 0 80 79 -48907 32 1
30858 32076 428 186 428 186 0 0 79 79 0 1218 0
32076 32077 428 186 427 186 0 1 79 78 49607 32 1
32077 32080 427 186 430 186 1 0 78 75 -49607 32 3
32080 32482 430 186 430 186 0 0 75 75 0 402 0
32482 32485 430 186 427 186 0 1 75 72 49842 32 3
32485 32490 427 186 432 186 1 0 72 67 -49842 32 5
32490 32541 432 186 432 186 0 0 67 67 0 51 0
32541 32546 432 186 427 186 0 1 67 62 49878 32 5
32546 32547 427 186 427 186 1 1 62 62 0 1 0
32547 32549 427 186 428 187 1 0 62 60 -49878 32 2
32549 43265 428 187 428 187 0 0 60 60 0 10716 0
43265 43267 428 187 427 186 0 0 60 58 1000000000 0 2
--------------------------------------
--------------------------------------
EV11
--------------------------------------
Num TPs served = 0
TPs served = 
Total energy used = 0
--------------------------------------
Schedule:
0 43265 427 186 427 186 0 0 100 100 0 43265 0
43265 43266 427 186 427 186 0 0 100 100 0 0 0
43266 43267 427 186 427 186 0 0 100 100 0 0 0
--------------------------------------

-------------------------------------------------------------------------

TPs

-------------------------------------------------------------------------

----------------------
TP57 allocated to 1
----------------------

----------------------
TP291 allocated to 1
----------------------

----------------------
TP581 allocated to 1
----------------------

----------------------
TP1285 allocated to 1
----------------------

----------------------
TP1608 allocated to 1
----------------------

----------------------
TP2241 allocated to 1
----------------------

----------------------
TP2838 allocated to 1
----------------------

----------------------
TP3440 allocated to 1
----------------------

----------------------
TP3485 allocated to 1
----------------------

----------------------
TP3600 allocated to 1
----------------------

----------------------
TP4690 allocated to 1
----------------------

----------------------
TP4822 allocated to 1
----------------------

----------------------
TP5189 allocated to 1
----------------------

----------------------
TP5514 allocated to 1
----------------------

----------------------
TP5651 allocated to 1
----------------------

----------------------
TP5770 allocated to 1
----------------------

----------------------
TP5801 allocated to 2
----------------------

----------------------
TP6100 allocated to 2
----------------------

----------------------
TP6460 allocated to 2
----------------------

----------------------
TP6541 allocated to 2
----------------------

----------------------
TP6640 allocated to 2
----------------------

----------------------
TP6692 allocated to 2
----------------------

----------------------
TP6793 allocated to 2
----------------------

----------------------
TP7008 allocated to 1
----------------------

----------------------
TP7311 allocated to 2
----------------------

----------------------
TP7328 allocated to 2
----------------------

----------------------
TP8142 allocated to 2
----------------------

----------------------
TP8163 allocated to 2
----------------------

----------------------
TP8229 allocated to 2
----------------------

----------------------
TP8385 allocated to 1
----------------------

----------------------
TP8625 allocated to 2
----------------------

----------------------
TP8752 allocated to 1
----------------------

----------------------
TP8865 allocated to 2
----------------------

----------------------
TP8991 allocated to 2
----------------------

----------------------
TP9141 allocated to 2
----------------------

----------------------
TP9153 allocated to 2
----------------------

----------------------
TP9204 allocated to 2
----------------------

----------------------
TP9396 allocated to 3
----------------------

----------------------
TP9724 allocated to 3
----------------------

----------------------
TP9948 allocated to 3
----------------------

----------------------
TP10787 allocated to 2
----------------------

----------------------
TP11213 allocated to 3
----------------------

----------------------
TP11414 allocated to 3
----------------------

----------------------
TP11828 allocated to 3
----------------------

----------------------
TP12139 allocated to 3
----------------------

----------------------
TP13111 allocated to 3
----------------------

----------------------
TP13299 allocated to 3
----------------------

----------------------
TP13402 allocated to 3
----------------------

----------------------
TP13728 allocated to 3
----------------------

----------------------
TP13968 allocated to 3
----------------------

----------------------
TP14136 allocated to 3
----------------------

----------------------
TP14481 allocated to 3
----------------------

----------------------
TP14781 allocated to 4
----------------------

----------------------
TP14888 allocated to 4
----------------------

----------------------
TP15196 allocated to 4
----------------------

----------------------
TP15892 allocated to 3
----------------------

----------------------
TP16275 allocated to 4
----------------------

----------------------
TP17076 allocated to 4
----------------------

----------------------
TP17137 allocated to 4
----------------------

----------------------
TP17244 allocated to 4
----------------------

----------------------
TP17875 allocated to 4
----------------------

----------------------
TP18285 allocated to 4
----------------------

----------------------
TP18433 allocated to 4
----------------------

----------------------
TP18492 allocated to 4
----------------------

----------------------
TP18726 allocated to 4
----------------------

----------------------
TP18760 allocated to 4
----------------------

----------------------
TP19298 allocated to 5
----------------------

----------------------
TP20029 allocated to 5
----------------------

----------------------
TP20090 allocated to 4
----------------------

----------------------
TP20348 allocated to 5
----------------------

----------------------
TP20354 allocated to 5
----------------------

----------------------
TP20403 allocated to 5
----------------------

----------------------
TP20457 allocated to 5
----------------------

----------------------
TP20458 allocated to 5
----------------------

----------------------
TP20713 allocated to 5
----------------------

----------------------
TP20841 allocated to 5
----------------------

----------------------
TP20934 allocated to 1
----------------------

----------------------
TP21774 allocated to 5
----------------------

----------------------
TP21841 allocated to 1
----------------------

----------------------
TP22111 allocated to 5
----------------------

----------------------
TP22143 allocated to 5
----------------------

----------------------
TP22160 allocated to 5
----------------------

----------------------
TP22788 allocated to 5
----------------------

----------------------
TP23005 allocated to 5
----------------------

----------------------
TP23652 allocated to 5
----------------------

----------------------
TP23700 allocated to 2
----------------------

----------------------
TP23898 allocated to 5
----------------------

----------------------
TP24332 allocated to 5
----------------------

----------------------
TP24597 allocated to 3
----------------------

----------------------
TP24693 allocated to 1
----------------------

----------------------
TP24700 allocated to 1
----------------------

----------------------
TP24774 allocated to 5
----------------------

----------------------
TP24790 allocated to 5
----------------------

----------------------
TP24831 allocated to 6
----------------------

----------------------
TP24886 allocated to 3
----------------------

----------------------
TP24924 allocated to 6
----------------------

----------------------
TP24958 allocated to 1
----------------------

----------------------
TP25180 allocated to 6
----------------------

----------------------
TP25271 allocated to 6
----------------------

----------------------
TP25725 allocated to 6
----------------------

----------------------
TP25957 allocated to 6
----------------------

----------------------
TP25988 allocated to 6
----------------------

----------------------
TP26047 allocated to 1
----------------------

----------------------
TP26268 allocated to 1
----------------------

----------------------
TP26535 allocated to 6
----------------------

----------------------
TP26624 allocated to 1
----------------------

----------------------
TP26704 allocated to 6
----------------------

----------------------
TP27091 allocated to 6
----------------------

----------------------
TP27190 allocated to 6
----------------------

----------------------
TP27449 allocated to 6
----------------------

----------------------
TP28652 allocated to 6
----------------------

----------------------
TP28910 allocated to 6
----------------------

----------------------
TP29615 allocated to 6
----------------------

----------------------
TP29620 allocated to 6
----------------------

----------------------
TP30360 allocated to 6
----------------------

----------------------
TP30619 allocated to 6
----------------------

----------------------
TP30823 allocated to 6
----------------------

----------------------
TP30894 allocated to 6
----------------------

----------------------
TP31037 allocated to 6
----------------------

----------------------
TP31399 allocated to 6
----------------------

----------------------
TP31575 allocated to 6
----------------------

----------------------
TP31974 allocated to 6
----------------------

----------------------
TP32948 allocated to 4
----------------------

----------------------
TP33273 allocated to 1
----------------------

----------------------
TP33486 allocated to 6
----------------------

----------------------
TP33865 allocated to 7
----------------------

----------------------
TP34066 allocated to 6
----------------------

----------------------
TP34090 allocated to 7
----------------------

----------------------
TP34476 allocated to 7
----------------------

----------------------
TP34785 allocated to 6
----------------------

----------------------
TP35609 allocated to 7
----------------------

----------------------
TP35700 allocated to 7
----------------------

----------------------
TP35836 allocated to 7
----------------------

----------------------
TP36233 allocated to 7
----------------------

----------------------
TP36909 allocated to 7
----------------------

----------------------
TP37049 allocated to 7
----------------------

----------------------
TP37144 allocated to 5
----------------------

----------------------
TP37317 allocated to 7
----------------------

----------------------
TP37672 allocated to 7
----------------------

----------------------
TP37800 allocated to 7
----------------------

----------------------
TP38349 allocated to 7
----------------------

----------------------
TP38550 allocated to 8
----------------------

----------------------
TP38594 allocated to 8
----------------------

----------------------
TP38631 allocated to 7
----------------------

----------------------
TP38988 allocated to 1
----------------------

----------------------
TP39062 allocated to 8
----------------------

----------------------
TP39092 allocated to 8
----------------------

----------------------
TP39351 allocated to 8
----------------------

----------------------
TP39381 allocated to 1
----------------------

----------------------
TP39408 allocated to 1
----------------------

----------------------
TP39517 allocated to 8
----------------------

----------------------
TP39839 allocated to 8
----------------------

----------------------
TP40187 allocated to 8
----------------------

----------------------
TP40379 allocated to 8
----------------------

----------------------
TP40633 allocated to 8
----------------------

----------------------
TP41402 allocated to 8
----------------------

----------------------
TP41982 allocated to 8
----------------------

----------------------
TP42237 allocated to 8
----------------------

----------------------
TP42339 allocated to 8
----------------------

----------------------
TP42416 allocated to 8
----------------------

----------------------
TP42455 allocated to 8
----------------------

----------------------
TP42546 allocated to 1
----------------------

----------------------
TP42634 allocated to 8
----------------------

----------------------
TP43122 allocated to 8
----------------------

----------------------
TP43538 allocated to 8
----------------------

----------------------
TP43575 allocated to 8
----------------------

----------------------
TP43625 allocated to 9
----------------------

----------------------
TP43691 allocated to 1
----------------------

----------------------
TP43825 allocated to 9
----------------------

----------------------
TP44015 allocated to 9
----------------------

----------------------
TP44079 allocated to 9
----------------------

----------------------
TP44081 allocated to 9
----------------------

----------------------
TP44380 allocated to 8
----------------------

----------------------
TP45177 allocated to 9
----------------------

----------------------
TP45224 allocated to 9
----------------------

----------------------
TP45348 allocated to 9
----------------------

----------------------
TP45793 allocated to 9
----------------------

----------------------
TP46107 allocated to 9
----------------------

----------------------
TP46142 allocated to 9
----------------------

----------------------
TP46175 allocated to 9
----------------------

----------------------
TP46654 allocated to 9
----------------------

----------------------
TP46891 allocated to 9
----------------------

----------------------
TP47003 allocated to 9
----------------------

----------------------
TP47102 allocated to 10
----------------------

----------------------
TP47365 allocated to 9
----------------------

----------------------
TP47483 allocated to 1
----------------------

----------------------
TP48180 allocated to 9
----------------------

----------------------
TP48447 allocated to 9
----------------------

----------------------
TP48480 allocated to 10
----------------------

----------------------
TP48816 allocated to 3
----------------------

----------------------
TP48907 allocated to 10
----------------------

----------------------
TP49607 allocated to 10
----------------------

----------------------
TP49842 allocated to 10
----------------------

----------------------
TP49878 allocated to 10
----------------------

-------------------------------------------------------------------------

Ride-sharing vs Individual Mode - Num Vehicles and Distance Comparisson 

-------------------------------------------------------------------------
Individual Mode = 194 vehicles.
Ride-sharing Mode = 11 vehicles. The 11 ride-sharing vehicles + 0 vehicles of the individuals not served by the ride-sharing service.
-------------------------------------------------------------------------
Individual Mode = 493 distance.
Ride-sharing Mode = 942 distance. 942 from the EV fleet + 0 from the distance of the trips not covered individuals had to do with their own vehicle.
-------------------------------------------------------------------------
