-------------------------------------------------------------------------
TPs satisfied = 76; Total TPs = 191; Percentage Satisfied + 39.800000000000004%
-------------------------------------------------------------------------

-------------------------------------------------------------------------

EVs

-------------------------------------------------------------------------
--------------------------------------
EV1
--------------------------------------
Num TPs served = 37
TPs served = 71 170 364 491 572 991 1138 1415 1712 1819 1837 1890 2462 2766 3151 3258 3352 3621 3812 3820 3843 4164 4657 5875 6927 6990 8239 13927 30499 35402 35807 38235 43983 44271 45727 46846 47757
Total energy used = 100
--------------------------------------
Schedule:
0 154 0 248 0 248 0 0 100 100 0 154 0
154 154 0 248 0 248 0 1 100 100 71 32 0
154 155 0 248 0 248 1 1 100 100 0 1 0
155 158 0 248 0 251 1 0 100 97 -71 32 3
158 323 0 251 0 251 0 0 97 97 0 165 0
323 326 0 251 0 248 0 1 97 94 170 32 3
326 327 0 248 0 248 1 1 94 94 0 1 0
327 330 0 248 3 248 1 0 94 91 -170 32 3
330 682 3 248 3 248 0 0 91 91 0 352 0
682 685 3 248 0 248 0 1 91 88 364 32 3
685 686 0 248 0 248 1 1 88 88 0 1 0
686 686 0 248 0 248 1 0 88 88 -364 32 0
686 767 0 248 0 248 0 0 88 88 0 81 0
767 767 0 248 0 248 0 1 88 88 35402 32 0
767 768 0 248 0 248 1 1 88 88 0 1 0
768 768 0 248 0 248 1 0 88 88 -35402 32 0
768 891 0 248 0 248 0 0 88 88 0 123 0
891 891 0 248 0 248 0 1 88 88 491 32 0
891 896 0 248 5 248 1 0 88 83 -491 32 5
896 1023 5 248 5 248 0 0 83 83 0 127 0
1023 1028 5 248 0 248 0 1 83 78 572 32 5
1028 1030 0 248 0 248 1 1 78 78 0 2 0
1030 1030 0 248 0 248 1 0 78 78 -572 32 0
1030 1741 0 248 0 248 0 0 78 78 0 711 0
1741 1741 0 248 0 248 0 1 78 78 991 32 0
1741 1744 0 248 1 250 1 0 78 75 -991 32 3
1744 1893 1 250 1 250 0 0 75 75 0 149 0
1893 1896 1 250 0 248 0 1 75 72 35807 32 3
1896 1898 0 248 0 248 1 1 72 72 0 2 0
1898 1898 0 248 0 248 1 0 72 72 -35807 32 0
1898 1985 0 248 0 248 0 0 72 72 0 87 0
1985 1985 0 248 0 248 0 1 72 72 1138 32 0
1985 1987 0 248 0 250 1 0 72 70 -1138 32 2
1987 2464 0 250 0 250 0 0 70 70 0 477 0
2464 2466 0 250 0 248 0 1 70 68 1415 32 2
2466 2468 0 248 1 249 1 0 68 66 -1415 32 2
2468 2991 1 249 1 249 0 0 66 66 0 523 0
2991 2993 1 249 0 248 0 1 66 64 1712 32 2
2993 2995 0 248 0 248 1 1 64 64 0 2 0
2995 2995 0 248 0 248 1 0 64 64 -1712 32 0
2995 3172 0 248 0 248 0 0 64 64 0 177 0
3172 3172 0 248 0 248 0 1 64 64 1819 32 0
3172 3173 0 248 0 248 1 1 64 64 0 1 0
3173 3174 0 248 0 249 1 0 64 63 -1819 32 1
3174 3217 0 249 0 249 0 0 63 63 0 43 0
3217 3218 0 249 0 248 0 1 63 62 1837 32 1
3218 3220 0 248 0 248 1 1 62 62 0 2 0
3220 3222 0 248 0 250 1 0 62 60 -1837 32 2
3222 3315 0 250 0 250 0 0 60 60 0 93 0
3315 3317 0 250 0 248 0 1 60 58 1890 32 2
3317 3318 0 248 1 248 1 0 58 57 -1890 32 1
3318 4384 1 248 1 248 0 0 57 57 0 1066 0
4384 4385 1 248 0 248 0 1 57 56 2462 32 1
4385 4390 0 248 5 248 1 0 56 51 -2462 32 5
4390 4929 5 248 5 248 0 0 51 51 0 539 0
4929 4934 5 248 0 248 0 1 51 46 2766 32 5
4934 4935 0 248 0 248 1 1 46 46 0 1 0
4935 4935 0 248 0 248 1 0 46 46 -2766 32 0
4935 5618 0 248 0 248 0 0 46 46 0 683 0
5618 5618 0 248 0 248 0 1 46 46 3151 32 0
5618 5623 0 248 2 251 1 0 46 41 -3151 32 5
5623 5795 2 251 2 251 0 0 41 41 0 172 0
5795 5800 2 251 0 248 0 1 41 36 3258 32 5
5800 5801 0 248 0 248 1 1 36 36 0 1 0
5801 5801 0 248 0 248 1 0 36 36 -3258 32 0
5801 5966 0 248 0 248 0 0 36 36 0 165 0
5966 5966 0 248 0 248 0 1 36 36 3352 32 0
5966 5967 0 248 1 248 1 0 36 35 -3352 32 1
5967 6482 1 248 1 248 0 0 35 35 0 515 0
6482 6483 1 248 0 248 0 1 35 34 3621 32 1
6483 6485 0 248 0 250 1 0 34 32 -3621 32 2
6485 6847 0 250 0 250 0 0 32 32 0 362 0
6847 6849 0 250 0 248 0 1 32 30 3820 32 2
6849 6849 0 248 0 248 1 2 30 30 3812 24 0
6849 6850 0 248 0 248 2 2 30 30 0 1 0
6850 6851 0 248 1 248 2 1 30 29 -3820 32 1
6851 6852 1 248 2 248 1 0 29 28 -3812 23 1
6852 6890 2 248 2 248 0 0 28 28 0 38 0
6890 6892 2 248 0 248 0 1 28 26 3843 32 2
6892 6895 0 248 1 250 1 0 26 23 -3843 32 3
6895 7496 1 250 1 250 0 0 23 23 0 601 0
7496 7499 1 250 0 248 0 1 23 20 4164 32 3
7499 7501 0 248 0 248 1 1 20 20 0 2 0
7501 7510 0 248 7 250 1 0 20 11 -4164 32 9
7510 8417 7 250 7 250 0 0 11 11 0 907 0
8417 8426 7 250 0 248 0 1 11 2 4657 32 9
8426 8427 0 248 1 248 1 0 2 1 -4657 32 1
8427 8951 1 248 1 248 0 0 1 1 0 524 0
8951 8952 1 248 0 248 0 1 1 0 38235 32 1
8952 8953 0 248 0 248 1 1 0 0 0 1 0
8953 8953 0 248 0 248 1 0 0 0 -38235 32 0
8953 10745 0 248 0 248 0 0 0 0 0 1792 0
10745 10745 0 248 0 248 0 1 0 0 5875 32 0
10745 10747 0 248 0 248 1 1 0 0 0 2 0
10747 10747 0 248 0 248 1 0 0 0 -5875 32 0
10747 12849 0 248 0 248 0 0 0 0 0 2102 0
12849 12849 0 248 0 248 0 1 0 0 6927 32 0
12849 12851 0 248 0 248 1 1 0 0 0 2 0
12851 12851 0 248 0 248 1 0 0 0 -6927 32 0
12851 12993 0 248 0 248 0 0 0 0 0 142 0
12993 12993 0 248 0 248 0 1 0 0 6990 32 0
12993 12995 0 248 0 248 1 1 0 0 0 2 0
12995 12995 0 248 0 248 1 0 0 0 -6990 32 0
12995 15780 0 248 0 248 0 0 0 0 0 2785 0
15780 15780 0 248 0 248 0 1 0 0 8239 32 0
15780 15783 0 248 0 248 1 1 0 0 0 3 0
15783 15783 0 248 0 248 1 0 0 0 -8239 32 0
15783 22139 0 248 0 248 0 0 0 0 0 6356 0
22139 22139 0 248 0 248 0 1 0 0 43983 32 0
22139 22141 0 248 0 248 1 1 0 0 0 2 0
22141 22141 0 248 0 248 1 0 0 0 -43983 32 0
22141 22688 0 248 0 248 0 0 0 0 0 547 0
22688 22688 0 248 0 248 0 1 0 0 44271 32 0
22688 22689 0 248 0 248 1 1 0 0 0 1 0
22689 22689 0 248 0 248 1 0 0 0 -44271 32 0
22689 25287 0 248 0 248 0 0 0 0 0 2598 0
25287 25287 0 248 0 248 0 1 0 0 45727 32 0
25287 25292 0 248 0 248 1 1 0 0 0 5 0
25292 25292 0 248 0 248 1 0 0 0 -45727 32 0
25292 27294 0 248 0 248 0 0 0 0 0 2002 0
27294 27294 0 248 0 248 0 1 0 0 46846 32 0
27294 27296 0 248 0 248 1 1 0 0 0 2 0
27296 27296 0 248 0 248 1 0 0 0 -46846 32 0
27296 28787 0 248 0 248 0 0 0 0 0 1491 0
28787 28787 0 248 0 248 0 1 0 0 47757 32 0
28787 28788 0 248 0 248 1 1 0 0 0 1 0
28788 28788 0 248 0 248 1 0 0 0 -47757 32 0
28788 31442 0 248 0 248 0 0 0 0 0 2654 0
31442 31442 0 248 0 248 0 1 0 0 30499 32 0
31442 31456 0 248 0 248 1 1 0 0 0 14 0
31456 31456 0 248 0 248 1 0 0 0 -30499 32 0
31456 33678 0 248 0 248 0 0 0 0 0 2222 0
33678 33678 0 248 0 248 0 1 0 0 13927 32 0
33678 33682 0 248 0 248 1 1 0 0 0 4 0
33682 33682 0 248 0 248 1 0 0 0 -13927 32 0
33682 43267 0 248 0 248 0 0 0 0 0 9585 0
43267 43267 0 248 0 248 0 0 0 0 1000000000 0 0
--------------------------------------
--------------------------------------
EV2
--------------------------------------
Num TPs served = 13
TPs served = 4787 5630 6555 6626 7271 7511 8008 8070 8318 8592 8664 9208 9348
Total energy used = 100
--------------------------------------
Schedule:
0 8687 0 248 0 248 0 0 100 100 0 8687 0
8687 8687 0 248 0 248 0 1 100 100 4787 32 0
8687 8697 0 248 6 252 1 0 100 90 -4787 32 10
8697 10273 6 252 6 252 0 0 90 90 0 1576 0
10273 10283 6 252 0 248 0 1 90 80 5630 32 10
10283 10289 0 248 6 248 1 0 80 74 -5630 32 6
10289 12053 6 248 6 248 0 0 74 74 0 1764 0
12053 12059 6 248 0 248 0 1 74 68 6555 32 6
12059 12061 0 248 2 248 1 0 68 66 -6555 32 2
12061 12218 2 248 2 248 0 0 66 66 0 157 0
12218 12220 2 248 0 248 0 1 66 64 6626 32 2
12220 12227 0 248 2 253 1 0 64 57 -6626 32 7
12227 13607 2 253 2 253 0 0 57 57 0 1380 0
13607 13614 2 253 0 248 0 1 57 50 7271 32 7
13614 13616 0 248 2 248 1 0 50 48 -7271 32 2
13616 14136 2 248 2 248 0 0 48 48 0 520 0
14136 14138 2 248 0 248 0 1 48 46 7511 32 2
14138 14140 0 248 0 248 1 1 46 46 0 2 0
14140 14143 0 248 3 248 1 0 46 43 -7511 32 3
14143 15213 3 248 3 248 0 0 43 43 0 1070 0
15213 15216 3 248 0 248 0 1 43 40 8008 32 3
15216 15217 0 248 0 248 1 1 40 40 0 1 0
15217 15219 0 248 1 249 1 0 40 38 -8008 32 2
15219 15370 1 249 1 249 0 0 38 38 0 151 0
15370 15372 1 249 0 248 0 1 38 36 8070 32 2
15372 15377 0 248 5 248 1 0 36 31 -8070 32 5
15377 15972 5 248 5 248 0 0 31 31 0 595 0
15972 15977 5 248 0 248 0 1 31 26 8318 32 5
15977 15978 0 248 0 248 1 1 26 26 0 1 0
15978 15980 0 248 0 250 1 0 26 24 -8318 32 2
15980 16594 0 250 0 250 0 0 24 24 0 614 0
16594 16596 0 250 0 248 0 1 24 22 8592 32 2
16596 16598 0 248 2 248 1 0 22 20 -8592 32 2
16598 16774 2 248 2 248 0 0 20 20 0 176 0
16774 16776 2 248 0 248 0 1 20 18 8664 32 2
16776 16779 0 248 3 248 1 0 18 15 -8664 32 3
16779 18210 3 248 3 248 0 0 15 15 0 1431 0
18210 18213 3 248 0 248 0 1 15 12 9208 32 3
18213 18217 0 248 4 248 1 0 12 8 -9208 32 4
18217 18615 4 248 4 248 0 0 8 8 0 398 0
18615 18619 4 248 0 248 0 1 8 4 9348 32 4
18619 18620 0 248 0 248 1 1 4 4 0 1 0
18620 18622 0 248 2 248 1 0 4 2 -9348 32 2
18622 43265 2 248 2 248 0 0 2 2 0 24643 0
43265 43267 2 248 0 248 0 0 2 0 1000000000 0 2
--------------------------------------
--------------------------------------
EV3
--------------------------------------
Num TPs served = 26
TPs served = 9526 9699 10213 10521 10635 10823 11154 11805 12331 12574 13166 13224 13313 13472 13609 14349 14474 15373 16238 16746 17387 17771 17836 18113 18473 18568
Total energy used = 100
--------------------------------------
Schedule:
0 1080 0 248 0 248 0 0 100 100 0 1080 0
1080 1080 0 248 0 248 0 1 100 100 17771 32 0
1080 1081 0 248 1 248 1 0 100 99 -17771 32 1
1081 1328 1 248 1 248 0 0 99 99 0 247 0
1328 1329 1 248 0 248 0 1 99 98 17836 32 1
1329 1330 0 248 0 248 1 1 98 98 0 1 0
1330 1331 0 248 1 248 1 0 98 97 -17836 32 1
1331 2165 1 248 1 248 0 0 97 97 0 834 0
2165 2166 1 248 0 248 0 1 97 96 18113 32 1
2166 2167 0 248 0 248 1 1 96 96 0 1 0
2167 2168 0 248 0 249 1 0 96 95 -18113 32 1
2168 3304 0 249 0 249 0 0 95 95 0 1136 0
3304 3305 0 249 0 248 0 1 95 94 18473 32 1
3305 3306 0 248 0 248 1 1 94 94 0 1 0
3306 3307 0 248 0 249 1 0 94 93 -18473 32 1
3307 3601 0 249 0 249 0 0 93 93 0 294 0
3601 3602 0 249 0 248 0 1 93 92 18568 32 1
3602 3603 0 248 0 249 1 0 92 91 -18568 32 1
3603 19080 0 249 0 249 0 0 91 91 0 15477 0
19080 19081 0 249 0 248 0 1 91 90 9526 32 1
19081 19086 0 248 0 248 1 1 90 90 0 5 0
19086 19089 0 248 3 248 1 0 90 87 -9526 32 3
19089 19542 3 248 3 248 0 0 87 87 0 453 0
19542 19545 3 248 0 248 0 1 87 84 9699 32 3
19545 19546 0 248 0 248 1 1 84 84 0 1 0
19546 19548 0 248 2 248 1 0 84 82 -9699 32 2
19548 21009 2 248 2 248 0 0 82 82 0 1461 0
21009 21011 2 248 0 248 0 1 82 80 10213 32 2
21011 21014 0 248 3 248 1 0 80 77 -10213 32 3
21014 21884 3 248 3 248 0 0 77 77 0 870 0
21884 21887 3 248 0 248 0 1 77 74 10521 32 3
21887 21888 0 248 0 249 1 0 74 73 -10521 32 1
21888 22205 0 249 0 249 0 0 73 73 0 317 0
22205 22206 0 249 0 248 0 1 73 72 10635 32 1
22206 22207 0 248 1 248 1 0 72 71 -10635 32 1
22207 22819 1 248 1 248 0 0 71 71 0 612 0
22819 22820 1 248 0 248 0 1 71 70 10823 32 1
22820 22821 0 248 0 248 1 1 70 70 0 1 0
22821 22824 0 248 0 251 1 0 70 67 -10823 32 3
22824 23826 0 251 0 251 0 0 67 67 0 1002 0
23826 23829 0 251 0 248 0 1 67 64 11154 32 3
23829 23832 0 248 3 248 1 0 64 61 -11154 32 3
23832 26028 3 248 3 248 0 0 61 61 0 2196 0
26028 26031 3 248 0 248 0 1 61 58 11805 32 3
26031 26034 0 248 3 248 1 0 58 55 -11805 32 3
26034 27850 3 248 3 248 0 0 55 55 0 1816 0
27850 27853 3 248 0 248 0 1 55 52 12331 32 3
27853 27855 0 248 0 250 1 0 52 50 -12331 32 2
27855 28708 0 250 0 250 0 0 50 50 0 853 0
28708 28710 0 250 0 248 0 1 50 48 12574 32 2
28710 28711 0 248 0 248 1 1 48 48 0 1 0
28711 28712 0 248 0 249 1 0 48 47 -12574 32 1
28712 30876 0 249 0 249 0 0 47 47 0 2164 0
30876 30877 0 249 0 248 0 1 47 46 13166 32 1
30877 30880 0 248 2 249 1 0 46 43 -13166 32 3
30880 31050 2 249 2 249 0 0 43 43 0 170 0
31050 31053 2 249 0 248 0 1 43 40 13224 32 3
31053 31055 0 248 2 248 1 0 40 38 -13224 32 2
31055 31354 2 248 2 248 0 0 38 38 0 299 0
31354 31356 2 248 0 248 0 1 38 36 13313 32 2
31356 31369 0 248 0 248 1 1 36 36 0 13 0
31369 31372 0 248 1 250 1 0 36 33 -13313 32 3
31372 32007 1 250 1 250 0 0 33 33 0 635 0
32007 32010 1 250 0 248 0 1 33 30 13472 32 3
32010 32011 0 248 0 248 1 1 30 30 0 1 0
32011 32012 0 248 1 248 1 0 30 29 -13472 32 1
32012 32541 1 248 1 248 0 0 29 29 0 529 0
32541 32542 1 248 0 248 0 1 29 28 13609 32 1
32542 32544 0 248 1 249 1 0 28 26 -13609 32 2
32544 35292 1 249 1 249 0 0 26 26 0 2748 0
35292 35294 1 249 0 248 0 1 26 24 14349 32 2
35294 35298 0 248 0 248 1 1 24 24 0 4 0
35298 35300 0 248 2 248 1 0 24 22 -14349 32 2
35300 35759 2 248 2 248 0 0 22 22 0 459 0
35759 35761 2 248 0 248 0 1 22 20 14474 32 2
35761 35763 0 248 2 248 1 0 20 18 -14474 32 2
35763 39264 2 248 2 248 0 0 18 18 0 3501 0
39264 39266 2 248 0 248 0 1 18 16 15373 32 2
39266 39269 0 248 3 248 1 0 16 13 -15373 32 3
39269 41172 3 248 3 248 0 0 13 13 0 1903 0
41172 41175 3 248 0 248 0 1 13 10 16238 32 3
41175 41177 0 248 2 248 1 0 10 8 -16238 32 2
41177 42038 2 248 2 248 0 0 8 8 0 861 0
42038 42040 2 248 0 248 0 1 8 6 16746 32 2
42040 42042 0 248 0 248 1 1 6 6 0 2 0
42042 42043 0 248 1 248 1 0 6 5 -16746 32 1
42043 43151 1 248 1 248 0 0 5 5 0 1108 0
43151 43152 1 248 0 248 0 1 5 4 17387 32 1
43152 43154 0 248 2 248 1 0 4 2 -17387 32 2
43154 43265 2 248 2 248 0 0 2 2 0 111 0
43265 43267 2 248 0 248 0 0 2 0 1000000000 0 2
--------------------------------------

-------------------------------------------------------------------------

TPs

-------------------------------------------------------------------------

----------------------
TP71 allocated to 1
----------------------

----------------------
TP170 allocated to 1
----------------------

----------------------
TP364 allocated to 1
----------------------

----------------------
TP491 allocated to 1
----------------------

----------------------
TP572 allocated to 1
----------------------

----------------------
TP991 allocated to 1
----------------------

----------------------
TP1138 allocated to 1
----------------------

----------------------
TP1415 allocated to 1
----------------------

----------------------
TP1712 allocated to 1
----------------------

----------------------
TP1819 allocated to 1
----------------------

----------------------
TP1837 allocated to 1
----------------------

----------------------
TP1890 allocated to 1
----------------------

----------------------
TP2462 allocated to 1
----------------------

----------------------
TP2766 allocated to 1
----------------------

----------------------
TP3151 allocated to 1
----------------------

----------------------
TP3258 allocated to 1
----------------------

----------------------
TP3352 allocated to 1
----------------------

----------------------
TP3621 allocated to 1
----------------------

----------------------
TP3812 allocated to 1
----------------------

----------------------
TP3820 allocated to 1
----------------------

----------------------
TP3843 allocated to 1
----------------------

----------------------
TP4164 allocated to 1
----------------------

----------------------
TP4657 allocated to 1
----------------------

----------------------
TP4787 allocated to 2
----------------------

----------------------
TP5630 allocated to 2
----------------------

----------------------
TP5875 allocated to 1
----------------------

----------------------
TP6555 allocated to 2
----------------------

----------------------
TP6626 allocated to 2
----------------------

----------------------
TP6927 allocated to 1
----------------------

----------------------
TP6990 allocated to 1
----------------------

----------------------
TP7271 allocated to 2
----------------------

----------------------
TP7511 allocated to 2
----------------------

----------------------
TP8008 allocated to 2
----------------------

----------------------
TP8070 allocated to 2
----------------------

----------------------
TP8239 allocated to 1
----------------------

----------------------
TP8318 allocated to 2
----------------------

----------------------
TP8592 allocated to 2
----------------------

----------------------
TP8664 allocated to 2
----------------------

----------------------
TP9208 allocated to 2
----------------------

----------------------
TP9348 allocated to 2
----------------------

----------------------
TP9526 allocated to 3
----------------------

----------------------
TP9699 allocated to 3
----------------------

----------------------
TP10213 allocated to 3
----------------------

----------------------
TP10521 allocated to 3
----------------------

----------------------
TP10635 allocated to 3
----------------------

----------------------
TP10823 allocated to 3
----------------------

----------------------
TP11154 allocated to 3
----------------------

----------------------
TP11805 allocated to 3
----------------------

----------------------
TP12331 allocated to 3
----------------------

----------------------
TP12574 allocated to 3
----------------------

----------------------
TP13166 allocated to 3
----------------------

----------------------
TP13224 allocated to 3
----------------------

----------------------
TP13313 allocated to 3
----------------------

----------------------
TP13472 allocated to 3
----------------------

----------------------
TP13609 allocated to 3
----------------------

----------------------
TP13927 allocated to 1
----------------------

----------------------
TP14349 allocated to 3
----------------------

----------------------
TP14474 allocated to 3
----------------------

----------------------
TP15373 allocated to 3
----------------------

----------------------
TP16238 allocated to 3
----------------------

----------------------
TP16746 allocated to 3
----------------------

----------------------
TP17387 allocated to 3
----------------------

----------------------
TP17771 allocated to 3
----------------------

----------------------
TP17836 allocated to 3
----------------------

----------------------
TP18080 not allocated
----------------------

----------------------
TP18113 allocated to 3
----------------------

----------------------
TP18473 allocated to 3
----------------------

----------------------
TP18568 allocated to 3
----------------------

----------------------
TP18677 not allocated
----------------------

----------------------
TP19068 not allocated
----------------------

----------------------
TP19412 not allocated
----------------------

----------------------
TP19729 not allocated
----------------------

----------------------
TP19870 not allocated
----------------------

----------------------
TP19981 not allocated
----------------------

----------------------
TP19990 not allocated
----------------------

----------------------
TP20044 not allocated
----------------------

----------------------
TP20634 not allocated
----------------------

----------------------
TP21161 not allocated
----------------------

----------------------
TP21476 not allocated
----------------------

----------------------
TP22279 not allocated
----------------------

----------------------
TP22980 not allocated
----------------------

----------------------
TP23073 not allocated
----------------------

----------------------
TP23239 not allocated
----------------------

----------------------
TP23257 not allocated
----------------------

----------------------
TP23269 not allocated
----------------------

----------------------
TP23550 not allocated
----------------------

----------------------
TP24660 not allocated
----------------------

----------------------
TP24824 not allocated
----------------------

----------------------
TP24866 not allocated
----------------------

----------------------
TP25082 not allocated
----------------------

----------------------
TP25542 not allocated
----------------------

----------------------
TP25844 not allocated
----------------------

----------------------
TP26564 not allocated
----------------------

----------------------
TP26627 not allocated
----------------------

----------------------
TP26792 not allocated
----------------------

----------------------
TP27607 not allocated
----------------------

----------------------
TP28579 not allocated
----------------------

----------------------
TP29253 not allocated
----------------------

----------------------
TP29418 not allocated
----------------------

----------------------
TP29757 not allocated
----------------------

----------------------
TP30133 not allocated
----------------------

----------------------
TP30180 not allocated
----------------------

----------------------
TP30229 not allocated
----------------------

----------------------
TP30274 not allocated
----------------------

----------------------
TP30418 not allocated
----------------------

----------------------
TP30499 allocated to 1
----------------------

----------------------
TP30544 not allocated
----------------------

----------------------
TP31455 not allocated
----------------------

----------------------
TP31484 not allocated
----------------------

----------------------
TP31531 not allocated
----------------------

----------------------
TP31621 not allocated
----------------------

----------------------
TP31646 not allocated
----------------------

----------------------
TP31675 not allocated
----------------------

----------------------
TP31703 not allocated
----------------------

----------------------
TP31968 not allocated
----------------------

----------------------
TP32108 not allocated
----------------------

----------------------
TP32261 not allocated
----------------------

----------------------
TP32476 not allocated
----------------------

----------------------
TP32644 not allocated
----------------------

----------------------
TP32750 not allocated
----------------------

----------------------
TP32910 not allocated
----------------------

----------------------
TP33508 not allocated
----------------------

----------------------
TP33592 not allocated
----------------------

----------------------
TP33607 not allocated
----------------------

----------------------
TP33736 not allocated
----------------------

----------------------
TP34078 not allocated
----------------------

----------------------
TP34399 not allocated
----------------------

----------------------
TP34566 not allocated
----------------------

----------------------
TP34627 not allocated
----------------------

----------------------
TP34630 not allocated
----------------------

----------------------
TP34672 not allocated
----------------------

----------------------
TP34980 not allocated
----------------------

----------------------
TP35007 not allocated
----------------------

----------------------
TP35318 not allocated
----------------------

----------------------
TP35360 not allocated
----------------------

----------------------
TP35402 allocated to 1
----------------------

----------------------
TP35807 allocated to 1
----------------------

----------------------
TP35810 not allocated
----------------------

----------------------
TP35905 not allocated
----------------------

----------------------
TP36138 not allocated
----------------------

----------------------
TP36474 not allocated
----------------------

----------------------
TP36625 not allocated
----------------------

----------------------
TP37171 not allocated
----------------------

----------------------
TP37355 not allocated
----------------------

----------------------
TP37729 not allocated
----------------------

----------------------
TP37736 not allocated
----------------------

----------------------
TP38164 not allocated
----------------------

----------------------
TP38235 allocated to 1
----------------------

----------------------
TP38319 not allocated
----------------------

----------------------
TP38636 not allocated
----------------------

----------------------
TP38743 not allocated
----------------------

----------------------
TP39187 not allocated
----------------------

----------------------
TP39246 not allocated
----------------------

----------------------
TP39570 not allocated
----------------------

----------------------
TP39633 not allocated
----------------------

----------------------
TP40255 not allocated
----------------------

----------------------
TP41354 not allocated
----------------------

----------------------
TP41768 not allocated
----------------------

----------------------
TP41896 not allocated
----------------------

----------------------
TP42362 not allocated
----------------------

----------------------
TP42427 not allocated
----------------------

----------------------
TP42762 not allocated
----------------------

----------------------
TP43141 not allocated
----------------------

----------------------
TP43447 not allocated
----------------------

----------------------
TP43462 not allocated
----------------------

----------------------
TP43717 not allocated
----------------------

----------------------
TP43983 allocated to 1
----------------------

----------------------
TP44271 allocated to 1
----------------------

----------------------
TP44498 not allocated
----------------------

----------------------
TP44717 not allocated
----------------------

----------------------
TP45019 not allocated
----------------------

----------------------
TP45054 not allocated
----------------------

----------------------
TP45266 not allocated
----------------------

----------------------
TP45306 not allocated
----------------------

----------------------
TP45727 allocated to 1
----------------------

----------------------
TP46024 not allocated
----------------------

----------------------
TP46096 not allocated
----------------------

----------------------
TP46313 not allocated
----------------------

----------------------
TP46680 not allocated
----------------------

----------------------
TP46731 not allocated
----------------------

----------------------
TP46846 allocated to 1
----------------------

----------------------
TP47149 not allocated
----------------------

----------------------
TP47757 allocated to 1
----------------------

----------------------
TP48006 not allocated
----------------------

----------------------
TP48113 not allocated
----------------------

----------------------
TP48121 not allocated
----------------------

----------------------
TP48242 not allocated
----------------------

----------------------
TP48440 not allocated
----------------------

----------------------
TP48609 not allocated
----------------------

----------------------
TP49335 not allocated
----------------------

----------------------
TP49579 not allocated
----------------------

-------------------------------------------------------------------------

Ride-sharing vs Individual Mode - Num Vehicles and Distance Comparisson 

-------------------------------------------------------------------------
Individual Mode = 191 vehicles.
Ride-sharing Mode = 118 vehicles. The 3 ride-sharing vehicles + 115 vehicles of the individuals not served by the ride-sharing service.
-------------------------------------------------------------------------
Individual Mode = 503 distance.
Ride-sharing Mode = 652 distance. 300 from the EV fleet + 352 from the distance of the trips not covered individuals had to do with their own vehicle.
-------------------------------------------------------------------------
