-------------------------------------------------------------------------
TPs satisfied = 65; Total TPs = 205; Percentage Satisfied + 31.7%
-------------------------------------------------------------------------

-------------------------------------------------------------------------

EVs

-------------------------------------------------------------------------
--------------------------------------
EV1
--------------------------------------
Num TPs served = 37
TPs served = 554 798 1029 2130 2731 3154 3511 3615 3836 3935 4011 4038 4426 4702 4843 5489 6111 8225 13721 14387 14512 15182 15311 17748 22859 23129 23658 25455 25859 27759 28789 35601 36025 36107 38517 40026 47833
Total energy used = 100
--------------------------------------
Schedule:
0 1013 854 868 854 868 0 0 100 100 0 1013 0
1013 1013 854 868 854 868 0 1 100 100 17748 32 0
1013 1013 854 868 854 868 1 2 100 100 554 14 0
1013 1014 854 868 855 868 2 1 100 99 -17748 32 1
1014 1016 855 868 857 868 1 0 99 97 -554 14 2
1016 1375 857 868 857 868 0 0 97 97 0 359 0
1375 1378 857 868 854 868 0 1 97 94 35601 32 3
1378 1379 854 868 854 868 1 1 94 94 0 1 0
1379 1379 854 868 854 868 1 0 94 94 -35601 32 0
1379 1425 854 868 854 868 0 0 94 94 0 46 0
1425 1425 854 868 854 868 0 1 94 94 798 32 0
1425 1426 854 868 854 868 1 1 94 94 0 1 0
1426 1427 854 868 855 868 1 0 94 93 -798 32 1
1427 1815 855 868 855 868 0 0 93 93 0 388 0
1815 1816 855 868 854 868 0 1 93 92 1029 32 1
1816 1819 854 868 856 869 1 0 92 89 -1029 32 3
1819 2537 856 869 856 869 0 0 89 89 0 718 0
2537 2540 856 869 854 868 0 1 89 86 36025 32 3
2540 2541 854 868 854 868 1 1 86 86 0 1 0
2541 2541 854 868 854 868 1 0 86 86 -36025 32 0
2541 2809 854 868 854 868 0 0 86 86 0 268 0
2809 2809 854 868 854 868 0 1 86 86 36107 32 0
2809 2810 854 868 854 868 1 1 86 86 0 1 0
2810 2810 854 868 854 868 1 0 86 86 -36107 32 0
2810 3756 854 868 854 868 0 0 86 86 0 946 0
3756 3756 854 868 854 868 0 1 86 86 2130 32 0
3756 3758 854 868 854 868 1 1 86 86 0 2 0
3758 3759 854 868 854 869 1 0 86 85 -2130 32 1
3759 4863 854 869 854 869 0 0 85 85 0 1104 0
4863 4864 854 869 854 868 0 1 85 84 2731 32 1
4864 4866 854 868 855 869 1 0 84 82 -2731 32 2
4866 5622 855 869 855 869 0 0 82 82 0 756 0
5622 5624 855 869 854 868 0 1 82 80 3154 32 2
5624 5628 854 868 854 868 1 1 80 80 0 4 0
5628 5629 854 868 855 868 1 0 80 79 -3154 32 1
5629 6267 855 868 855 868 0 0 79 79 0 638 0
6267 6268 855 868 854 868 0 1 79 78 3511 32 1
6268 6269 854 868 854 868 1 1 78 78 0 1 0
6269 6271 854 868 856 868 1 0 78 76 -3511 32 2
6271 6475 856 868 856 868 0 0 76 76 0 204 0
6475 6477 856 868 854 868 0 1 76 74 3615 32 2
6477 6478 854 868 854 868 1 1 74 74 0 1 0
6478 6490 854 868 866 868 1 0 74 62 -3615 32 12
6490 6868 866 868 866 868 0 0 62 62 0 378 0
6868 6880 866 868 854 868 0 1 62 50 3836 32 12
6880 6881 854 868 854 868 1 1 50 50 0 1 0
6881 6883 854 868 856 868 1 0 50 48 -3836 32 2
6883 7060 856 868 856 868 0 0 48 48 0 177 0
7060 7062 856 868 854 868 0 1 48 46 3935 32 2
7062 7063 854 868 854 868 1 1 46 46 0 1 0
7063 7067 854 868 858 868 1 0 46 42 -3935 32 4
7067 7212 858 868 858 868 0 0 42 42 0 145 0
7212 7216 858 868 854 868 0 1 42 38 4011 32 4
7216 7218 854 868 856 868 1 0 38 36 -4011 32 2
7218 7260 856 868 856 868 0 0 36 36 0 42 0
7260 7262 856 868 854 868 0 1 36 34 4038 32 2
7262 7270 854 868 854 868 1 1 34 34 0 8 0
7270 7275 854 868 854 873 1 0 34 29 -4038 32 5
7275 7961 854 873 854 873 0 0 29 29 0 686 0
7961 7966 854 873 854 868 0 1 29 24 4426 32 5
7966 7967 854 868 854 868 1 1 24 24 0 1 0
7967 7970 854 868 856 869 1 0 24 21 -4426 32 3
7970 8531 856 869 856 869 0 0 21 21 0 561 0
8531 8534 856 869 854 868 0 1 21 18 4702 32 3
8534 8535 854 868 854 868 1 1 18 18 0 1 0
8535 8538 854 868 857 868 1 0 18 15 -4702 32 3
8538 8785 857 868 857 868 0 0 15 15 0 247 0
8785 8788 857 868 854 868 0 1 15 12 4843 32 3
8788 8789 854 868 855 868 1 0 12 11 -4843 32 1
8789 9697 855 868 855 868 0 0 11 11 0 908 0
9697 9698 855 868 854 868 0 1 11 10 38517 32 1
9698 9699 854 868 854 868 1 1 10 10 0 1 0
9699 9699 854 868 854 868 1 0 10 10 -38517 32 0
9699 9976 854 868 854 868 0 0 10 10 0 277 0
9976 9976 854 868 854 868 0 1 10 10 5489 32 0
9976 9978 854 868 856 868 1 0 10 8 -5489 32 2
9978 11193 856 868 856 868 0 0 8 8 0 1215 0
11193 11195 856 868 854 868 0 1 8 6 6111 32 2
11195 11198 854 868 854 871 1 0 6 3 -6111 32 3
11198 13508 854 871 854 871 0 0 3 3 0 2310 0
13508 13511 854 871 854 868 0 1 3 0 40026 32 3
13511 13512 854 868 854 868 1 1 0 0 0 1 0
13512 13512 854 868 854 868 1 0 0 0 -40026 32 0
13512 15651 854 868 854 868 0 0 0 0 0 2139 0
15651 15651 854 868 854 868 0 1 0 0 22859 32 0
15651 15652 854 868 854 868 1 1 0 0 0 1 0
15652 15652 854 868 854 868 1 0 0 0 -22859 32 0
15652 15743 854 868 854 868 0 0 0 0 0 91 0
15743 15743 854 868 854 868 0 1 0 0 8225 32 0
15743 15744 854 868 854 868 1 1 0 0 0 1 0
15744 15744 854 868 854 868 1 0 0 0 -8225 32 0
15744 16306 854 868 854 868 0 0 0 0 0 562 0
16306 16306 854 868 854 868 0 1 0 0 23129 32 0
16306 16310 854 868 854 868 1 1 0 0 0 4 0
16310 16310 854 868 854 868 1 0 0 0 -23129 32 0
16310 17534 854 868 854 868 0 0 0 0 0 1224 0
17534 17534 854 868 854 868 0 1 0 0 23658 32 0
17534 17535 854 868 854 868 1 1 0 0 0 1 0
17535 17535 854 868 854 868 1 0 0 0 -23658 32 0
17535 21491 854 868 854 868 0 0 0 0 0 3956 0
21491 21491 854 868 854 868 0 1 0 0 25455 32 0
21491 21492 854 868 854 868 1 1 0 0 0 1 0
21492 21492 854 868 854 868 1 0 0 0 -25455 32 0
21492 22349 854 868 854 868 0 0 0 0 0 857 0
22349 22349 854 868 854 868 0 1 0 0 25859 32 0
22349 22353 854 868 854 868 1 1 0 0 0 4 0
22353 22353 854 868 854 868 1 0 0 0 -25859 32 0
22353 26055 854 868 854 868 0 0 0 0 0 3702 0
26055 26055 854 868 854 868 0 1 0 0 27759 32 0
26055 26057 854 868 854 868 1 1 0 0 0 2 0
26057 26057 854 868 854 868 1 0 0 0 -27759 32 0
26057 28035 854 868 854 868 0 0 0 0 0 1978 0
28035 28035 854 868 854 868 0 1 0 0 28789 32 0
28035 28037 854 868 854 868 1 1 0 0 0 2 0
28037 28037 854 868 854 868 1 0 0 0 -28789 32 0
28037 28923 854 868 854 868 0 0 0 0 0 886 0
28923 28923 854 868 854 868 0 1 0 0 47833 32 0
28923 28924 854 868 854 868 1 1 0 0 0 1 0
28924 28924 854 868 854 868 1 0 0 0 -47833 32 0
28924 32910 854 868 854 868 0 0 0 0 0 3986 0
32910 32910 854 868 854 868 0 1 0 0 13721 32 0
32910 32911 854 868 854 868 1 1 0 0 0 1 0
32911 32911 854 868 854 868 1 0 0 0 -13721 32 0
32911 35444 854 868 854 868 0 0 0 0 0 2533 0
35444 35444 854 868 854 868 0 1 0 0 14387 32 0
35444 35445 854 868 854 868 1 1 0 0 0 1 0
35445 35445 854 868 854 868 1 0 0 0 -14387 32 0
35445 35902 854 868 854 868 0 0 0 0 0 457 0
35902 35902 854 868 854 868 0 1 0 0 14512 32 0
35902 35904 854 868 854 868 1 1 0 0 0 2 0
35904 35904 854 868 854 868 1 0 0 0 -14512 32 0
35904 38543 854 868 854 868 0 0 0 0 0 2639 0
38543 38543 854 868 854 868 0 1 0 0 15182 32 0
38543 38545 854 868 854 868 1 1 0 0 0 2 0
38545 38545 854 868 854 868 1 0 0 0 -15182 32 0
38545 39063 854 868 854 868 0 0 0 0 0 518 0
39063 39063 854 868 854 868 0 1 0 0 15311 32 0
39063 39065 854 868 854 868 1 1 0 0 0 2 0
39065 39065 854 868 854 868 1 0 0 0 -15311 32 0
39065 43267 854 868 854 868 0 0 0 0 0 4202 0
43267 43267 854 868 854 868 0 0 0 0 1000000000 0 0
--------------------------------------
--------------------------------------
EV2
--------------------------------------
Num TPs served = 8
TPs served = 4565 6162 6190 6208 6275 6417 6722 6734
Total energy used = 100
--------------------------------------
Schedule:
0 8247 854 868 854 868 0 0 100 100 0 8247 0
8247 8247 854 868 854 868 0 1 100 100 4565 32 0
8247 8266 854 868 865 876 1 0 100 81 -4565 32 19
8266 11274 865 876 865 876 0 0 81 81 0 3008 0
11274 11293 865 876 854 868 0 1 81 62 6162 32 19
11293 11295 854 868 854 868 1 1 62 62 0 2 0
11295 11296 854 868 855 868 1 0 62 61 -6162 32 1
11296 11351 855 868 855 868 0 0 61 61 0 55 0
11351 11352 855 868 854 868 0 1 61 60 6190 32 1
11352 11356 854 868 858 868 1 0 60 56 -6190 32 4
11356 11387 858 868 858 868 0 0 56 56 0 31 0
11387 11391 858 868 854 868 0 1 56 52 6208 32 4
11391 11396 854 868 858 869 1 0 52 47 -6208 32 5
11396 11513 858 869 858 869 0 0 47 47 0 117 0
11513 11518 858 869 854 868 0 1 47 42 6275 32 5
11518 11520 854 868 854 868 1 1 42 42 0 2 0
11520 11531 854 868 865 868 1 0 42 31 -6275 32 11
11531 11774 865 868 865 868 0 0 31 31 0 243 0
11774 11785 865 868 854 868 0 1 31 20 6417 32 11
11785 11789 854 868 858 868 1 0 20 16 -6417 32 4
11789 12413 858 868 858 868 0 0 16 16 0 624 0
12413 12417 858 868 854 868 0 1 16 12 6734 32 4
12417 12417 854 868 854 868 1 2 12 12 6722 15 0
12417 12423 854 868 860 868 2 1 12 6 -6734 32 6
12423 12428 860 868 855 868 1 0 6 1 -6722 5 5
12428 43266 855 868 855 868 0 0 1 1 0 30838 0
43266 43267 855 868 854 868 0 0 1 0 1000000000 0 1
--------------------------------------
--------------------------------------
EV3
--------------------------------------
Num TPs served = 20
TPs served = 7115 8080 8172 8204 8631 8849 9101 9304 10108 10255 10359 10473 10516 11003 11192 11496 11500 11550 41351 43639
Total energy used = 100
--------------------------------------
Schedule:
0 13263 854 868 854 868 0 0 100 100 0 13263 0
13263 13263 854 868 854 868 0 1 100 100 7115 32 0
13263 13264 854 868 854 868 1 1 100 100 0 1 0
13264 13266 854 868 856 868 1 0 100 98 -7115 32 2
13266 15391 856 868 856 868 0 0 98 98 0 2125 0
15391 15393 856 868 854 868 0 1 98 96 8080 32 2
15393 15396 854 868 857 868 1 0 96 93 -8080 32 3
15396 15615 857 868 857 868 0 0 93 93 0 219 0
15615 15618 857 868 854 868 0 1 93 90 8172 32 3
15618 15621 854 868 856 869 1 0 90 87 -8172 32 3
15621 15689 856 869 856 869 0 0 87 87 0 68 0
15689 15692 856 869 854 868 0 1 87 84 8204 32 3
15692 15699 854 868 857 872 1 0 84 77 -8204 32 7
15699 16670 857 872 857 872 0 0 77 77 0 971 0
16670 16677 857 872 854 868 0 1 77 70 41351 32 7
16677 16689 854 868 854 868 1 1 70 70 0 12 0
16689 16689 854 868 854 868 1 2 70 70 8631 32 0
16689 16690 854 868 855 868 2 1 70 69 -41351 20 1
16690 16691 855 868 856 868 1 0 69 68 -8631 32 1
16691 17247 856 868 856 868 0 0 68 68 0 556 0
17247 17249 856 868 854 868 0 1 68 66 8849 32 2
17249 17251 854 868 856 868 1 0 66 64 -8849 32 2
17251 17893 856 868 856 868 0 0 64 64 0 642 0
17893 17895 856 868 854 868 0 1 64 62 9101 32 2
17895 17899 854 868 856 870 1 0 62 58 -9101 32 4
17899 18496 856 870 856 870 0 0 58 58 0 597 0
18496 18500 856 870 854 868 0 1 58 54 9304 32 4
18500 18504 854 868 857 869 1 0 54 50 -9304 32 4
18504 20716 857 869 857 869 0 0 50 50 0 2212 0
20716 20720 857 869 854 868 0 1 50 46 10108 32 4
20720 20721 854 868 855 868 1 0 46 45 -10108 32 1
20721 21130 855 868 855 868 0 0 45 45 0 409 0
21130 21131 855 868 854 868 0 1 45 44 10255 32 1
21131 21133 854 868 854 868 1 1 44 44 0 2 0
21133 21137 854 868 856 870 1 0 44 40 -10255 32 4
21137 21445 856 870 856 870 0 0 40 40 0 308 0
21445 21449 856 870 854 868 0 1 40 36 10359 32 4
21449 21478 854 868 854 868 1 1 36 36 0 29 0
21478 21478 854 868 854 868 1 2 36 36 43639 32 0
21478 21479 854 868 855 868 2 1 36 35 -43639 32 1
21479 21482 855 868 858 868 1 0 35 32 -10359 4 3
21482 21767 858 868 858 868 0 0 32 32 0 285 0
21767 21771 858 868 854 868 0 1 32 28 10473 32 4
21771 21772 854 868 855 868 1 0 28 27 -10473 32 1
21772 21869 855 868 855 868 0 0 27 27 0 97 0
21869 21870 855 868 854 868 0 1 27 26 10516 32 1
21870 21871 854 868 855 868 1 0 26 25 -10516 32 1
21871 23387 855 868 855 868 0 0 25 25 0 1516 0
23387 23388 855 868 854 868 0 1 25 24 11003 32 1
23388 23389 854 868 854 868 1 1 24 24 0 1 0
23389 23391 854 868 855 869 1 0 24 22 -11003 32 2
23391 23922 855 869 855 869 0 0 22 22 0 531 0
23922 23924 855 869 854 868 0 1 22 20 11192 32 2
23924 23926 854 868 856 868 1 0 20 18 -11192 32 2
23926 24998 856 868 856 868 0 0 18 18 0 1072 0
24998 25000 856 868 854 868 0 1 18 16 11500 32 2
25000 25000 854 868 854 868 1 2 16 16 11496 16 0
25000 25001 854 868 855 868 2 1 16 15 -11500 32 1
25001 25005 855 868 857 870 1 0 15 11 -11496 17 4
25005 25158 857 870 857 870 0 0 11 11 0 153 0
25158 25163 857 870 854 868 0 1 11 6 11550 32 5
25163 25166 854 868 855 870 1 0 6 3 -11550 32 3
25166 43264 855 870 855 870 0 0 3 3 0 18098 0
43264 43267 855 870 854 868 0 0 3 0 1000000000 0 3
--------------------------------------

-------------------------------------------------------------------------

TPs

-------------------------------------------------------------------------

----------------------
TP554 allocated to 1
----------------------

----------------------
TP798 allocated to 1
----------------------

----------------------
TP1029 allocated to 1
----------------------

----------------------
TP2130 allocated to 1
----------------------

----------------------
TP2731 allocated to 1
----------------------

----------------------
TP3154 allocated to 1
----------------------

----------------------
TP3511 allocated to 1
----------------------

----------------------
TP3615 allocated to 1
----------------------

----------------------
TP3836 allocated to 1
----------------------

----------------------
TP3935 allocated to 1
----------------------

----------------------
TP4011 allocated to 1
----------------------

----------------------
TP4038 allocated to 1
----------------------

----------------------
TP4426 allocated to 1
----------------------

----------------------
TP4565 allocated to 2
----------------------

----------------------
TP4702 allocated to 1
----------------------

----------------------
TP4843 allocated to 1
----------------------

----------------------
TP5489 allocated to 1
----------------------

----------------------
TP6111 allocated to 1
----------------------

----------------------
TP6162 allocated to 2
----------------------

----------------------
TP6190 allocated to 2
----------------------

----------------------
TP6208 allocated to 2
----------------------

----------------------
TP6275 allocated to 2
----------------------

----------------------
TP6417 allocated to 2
----------------------

----------------------
TP6722 allocated to 2
----------------------

----------------------
TP6734 allocated to 2
----------------------

----------------------
TP7115 allocated to 3
----------------------

----------------------
TP8080 allocated to 3
----------------------

----------------------
TP8172 allocated to 3
----------------------

----------------------
TP8204 allocated to 3
----------------------

----------------------
TP8225 allocated to 1
----------------------

----------------------
TP8631 allocated to 3
----------------------

----------------------
TP8849 allocated to 3
----------------------

----------------------
TP9101 allocated to 3
----------------------

----------------------
TP9304 allocated to 3
----------------------

----------------------
TP10108 allocated to 3
----------------------

----------------------
TP10255 allocated to 3
----------------------

----------------------
TP10359 allocated to 3
----------------------

----------------------
TP10473 allocated to 3
----------------------

----------------------
TP10516 allocated to 3
----------------------

----------------------
TP11003 allocated to 3
----------------------

----------------------
TP11192 allocated to 3
----------------------

----------------------
TP11496 allocated to 3
----------------------

----------------------
TP11500 allocated to 3
----------------------

----------------------
TP11550 allocated to 3
----------------------

----------------------
TP11962 not allocated
----------------------

----------------------
TP12288 not allocated
----------------------

----------------------
TP12360 not allocated
----------------------

----------------------
TP12826 not allocated
----------------------

----------------------
TP12846 not allocated
----------------------

----------------------
TP12848 not allocated
----------------------

----------------------
TP12883 not allocated
----------------------

----------------------
TP12901 not allocated
----------------------

----------------------
TP12988 not allocated
----------------------

----------------------
TP13293 not allocated
----------------------

----------------------
TP13341 not allocated
----------------------

----------------------
TP13394 not allocated
----------------------

----------------------
TP13721 allocated to 1
----------------------

----------------------
TP13930 not allocated
----------------------

----------------------
TP14091 not allocated
----------------------

----------------------
TP14144 not allocated
----------------------

----------------------
TP14301 not allocated
----------------------

----------------------
TP14387 allocated to 1
----------------------

----------------------
TP14425 not allocated
----------------------

----------------------
TP14494 not allocated
----------------------

----------------------
TP14512 allocated to 1
----------------------

----------------------
TP15182 allocated to 1
----------------------

----------------------
TP15311 allocated to 1
----------------------

----------------------
TP15811 not allocated
----------------------

----------------------
TP15968 not allocated
----------------------

----------------------
TP16077 not allocated
----------------------

----------------------
TP16546 not allocated
----------------------

----------------------
TP16742 not allocated
----------------------

----------------------
TP17084 not allocated
----------------------

----------------------
TP17505 not allocated
----------------------

----------------------
TP17610 not allocated
----------------------

----------------------
TP17700 not allocated
----------------------

----------------------
TP17748 allocated to 1
----------------------

----------------------
TP17839 not allocated
----------------------

----------------------
TP18260 not allocated
----------------------

----------------------
TP18426 not allocated
----------------------

----------------------
TP18662 not allocated
----------------------

----------------------
TP18740 not allocated
----------------------

----------------------
TP18811 not allocated
----------------------

----------------------
TP18884 not allocated
----------------------

----------------------
TP19156 not allocated
----------------------

----------------------
TP19197 not allocated
----------------------

----------------------
TP19220 not allocated
----------------------

----------------------
TP19425 not allocated
----------------------

----------------------
TP19704 not allocated
----------------------

----------------------
TP19988 not allocated
----------------------

----------------------
TP20338 not allocated
----------------------

----------------------
TP20430 not allocated
----------------------

----------------------
TP20478 not allocated
----------------------

----------------------
TP20969 not allocated
----------------------

----------------------
TP21076 not allocated
----------------------

----------------------
TP21655 not allocated
----------------------

----------------------
TP21836 not allocated
----------------------

----------------------
TP22082 not allocated
----------------------

----------------------
TP22619 not allocated
----------------------

----------------------
TP22859 allocated to 1
----------------------

----------------------
TP22901 not allocated
----------------------

----------------------
TP23129 allocated to 1
----------------------

----------------------
TP23434 not allocated
----------------------

----------------------
TP23481 not allocated
----------------------

----------------------
TP23496 not allocated
----------------------

----------------------
TP23658 allocated to 1
----------------------

----------------------
TP23849 not allocated
----------------------

----------------------
TP23892 not allocated
----------------------

----------------------
TP24336 not allocated
----------------------

----------------------
TP24584 not allocated
----------------------

----------------------
TP24696 not allocated
----------------------

----------------------
TP25455 allocated to 1
----------------------

----------------------
TP25754 not allocated
----------------------

----------------------
TP25859 allocated to 1
----------------------

----------------------
TP26190 not allocated
----------------------

----------------------
TP26412 not allocated
----------------------

----------------------
TP26606 not allocated
----------------------

----------------------
TP26650 not allocated
----------------------

----------------------
TP26722 not allocated
----------------------

----------------------
TP26883 not allocated
----------------------

----------------------
TP27537 not allocated
----------------------

----------------------
TP27740 not allocated
----------------------

----------------------
TP27759 allocated to 1
----------------------

----------------------
TP28097 not allocated
----------------------

----------------------
TP28511 not allocated
----------------------

----------------------
TP28789 allocated to 1
----------------------

----------------------
TP29144 not allocated
----------------------

----------------------
TP29172 not allocated
----------------------

----------------------
TP29224 not allocated
----------------------

----------------------
TP30327 not allocated
----------------------

----------------------
TP30337 not allocated
----------------------

----------------------
TP30343 not allocated
----------------------

----------------------
TP30706 not allocated
----------------------

----------------------
TP30840 not allocated
----------------------

----------------------
TP31126 not allocated
----------------------

----------------------
TP31760 not allocated
----------------------

----------------------
TP31900 not allocated
----------------------

----------------------
TP31996 not allocated
----------------------

----------------------
TP32294 not allocated
----------------------

----------------------
TP32513 not allocated
----------------------

----------------------
TP33240 not allocated
----------------------

----------------------
TP33434 not allocated
----------------------

----------------------
TP33565 not allocated
----------------------

----------------------
TP33585 not allocated
----------------------

----------------------
TP33824 not allocated
----------------------

----------------------
TP33878 not allocated
----------------------

----------------------
TP33961 not allocated
----------------------

----------------------
TP34070 not allocated
----------------------

----------------------
TP34752 not allocated
----------------------

----------------------
TP34846 not allocated
----------------------

----------------------
TP34881 not allocated
----------------------

----------------------
TP35271 not allocated
----------------------

----------------------
TP35297 not allocated
----------------------

----------------------
TP35491 not allocated
----------------------

----------------------
TP35601 allocated to 1
----------------------

----------------------
TP35636 not allocated
----------------------

----------------------
TP35639 not allocated
----------------------

----------------------
TP35794 not allocated
----------------------

----------------------
TP36025 allocated to 1
----------------------

----------------------
TP36107 allocated to 1
----------------------

----------------------
TP36201 not allocated
----------------------

----------------------
TP36534 not allocated
----------------------

----------------------
TP36703 not allocated
----------------------

----------------------
TP36857 not allocated
----------------------

----------------------
TP36886 not allocated
----------------------

----------------------
TP37147 not allocated
----------------------

----------------------
TP37463 not allocated
----------------------

----------------------
TP38130 not allocated
----------------------

----------------------
TP38517 allocated to 1
----------------------

----------------------
TP38732 not allocated
----------------------

----------------------
TP38792 not allocated
----------------------

----------------------
TP38946 not allocated
----------------------

----------------------
TP39475 not allocated
----------------------

----------------------
TP39537 not allocated
----------------------

----------------------
TP39808 not allocated
----------------------

----------------------
TP39968 not allocated
----------------------

----------------------
TP40026 allocated to 1
----------------------

----------------------
TP41351 allocated to 3
----------------------

----------------------
TP41973 not allocated
----------------------

----------------------
TP42239 not allocated
----------------------

----------------------
TP42538 not allocated
----------------------

----------------------
TP42874 not allocated
----------------------

----------------------
TP43295 not allocated
----------------------

----------------------
TP43344 not allocated
----------------------

----------------------
TP43639 allocated to 3
----------------------

----------------------
TP44354 not allocated
----------------------

----------------------
TP44754 not allocated
----------------------

----------------------
TP45198 not allocated
----------------------

----------------------
TP45270 not allocated
----------------------

----------------------
TP45518 not allocated
----------------------

----------------------
TP45868 not allocated
----------------------

----------------------
TP46044 not allocated
----------------------

----------------------
TP46515 not allocated
----------------------

----------------------
TP47047 not allocated
----------------------

----------------------
TP47542 not allocated
----------------------

----------------------
TP47833 allocated to 1
----------------------

----------------------
TP47938 not allocated
----------------------

----------------------
TP48075 not allocated
----------------------

----------------------
TP48085 not allocated
----------------------

----------------------
TP48660 not allocated
----------------------

----------------------
TP48993 not allocated
----------------------

----------------------
TP49006 not allocated
----------------------

----------------------
TP49081 not allocated
----------------------

----------------------
TP49397 not allocated
----------------------

----------------------
TP49441 not allocated
----------------------

-------------------------------------------------------------------------

Ride-sharing vs Individual Mode - Num Vehicles and Distance Comparisson 

-------------------------------------------------------------------------
Individual Mode = 205 vehicles.
Ride-sharing Mode = 143 vehicles. The 3 ride-sharing vehicles + 140 vehicles of the individuals not served by the ride-sharing service.
-------------------------------------------------------------------------
Individual Mode = 551 distance.
Ride-sharing Mode = 696 distance. 300 from the EV fleet + 396 from the distance of the trips not covered individuals had to do with their own vehicle.
-------------------------------------------------------------------------
