-------------------------------------------------------------------------
TPs satisfied = 144; Total TPs = 184; Percentage Satisfied + 78.3%
-------------------------------------------------------------------------

-------------------------------------------------------------------------

EVs

-------------------------------------------------------------------------
--------------------------------------
EV1
--------------------------------------
Num TPs served = 38
TPs served = 342 372 764 1215 1249 2591 2607 2732 2734 2778 3857 4169 4378 4432 4612 4783 4802 5465 5480 6024 6608 8999 9854 11502 15766 18158 21259 21284 21922 24861 25037 26972 34718 40078 40874 43976 46829 47342
Total energy used = 100
--------------------------------------
Schedule:
0 654 366 558 366 558 0 0 100 100 0 654 0
654 654 366 558 366 558 0 1 100 100 342 32 0
654 655 366 558 366 558 1 1 100 100 0 1 0
655 657 366 558 367 559 1 0 100 98 -342 32 2
657 699 367 559 367 559 0 0 98 98 0 42 0
699 701 367 559 366 558 0 1 98 96 372 32 2
701 702 366 558 366 559 1 0 96 95 -372 32 1
702 1367 366 559 366 559 0 0 95 95 0 665 0
1367 1368 366 559 366 558 0 1 95 94 764 32 1
1368 1369 366 558 366 558 1 1 94 94 0 1 0
1369 1369 366 558 366 558 1 0 94 94 -764 32 0
1369 2116 366 558 366 558 0 0 94 94 0 747 0
2116 2116 366 558 366 558 0 1 94 94 1215 32 0
2116 2118 366 558 367 559 1 0 94 92 -1215 32 2
2118 2179 367 559 367 559 0 0 92 92 0 61 0
2179 2181 367 559 366 558 0 1 92 90 1249 32 2
2181 2184 366 558 369 558 1 0 90 87 -1249 32 3
2184 2315 369 558 369 558 0 0 87 87 0 131 0
2315 2318 369 558 366 558 0 1 87 84 18158 32 3
2318 2319 366 558 366 558 1 1 84 84 0 1 0
2319 2319 366 558 366 558 1 0 84 84 -18158 32 0
2319 4603 366 558 366 558 0 0 84 84 0 2284 0
4603 4603 366 558 366 558 0 1 84 84 2591 32 0
4603 4605 366 558 368 558 1 0 84 82 -2591 32 2
4605 4636 368 558 368 558 0 0 82 82 0 31 0
4636 4638 368 558 366 558 0 1 82 80 2607 32 2
4638 4640 366 558 366 558 1 1 80 80 0 2 0
4640 4644 366 558 369 559 1 0 80 76 -2607 32 4
4644 4865 369 559 369 559 0 0 76 76 0 221 0
4865 4869 369 559 366 558 0 1 76 72 2734 32 4
4869 4869 366 558 366 558 1 2 72 72 2732 30 0
4869 4869 366 558 366 558 2 1 72 72 -2732 31 0
4869 4870 366 558 366 558 1 1 72 72 0 1 0
4870 4870 366 558 366 558 1 0 72 72 -2734 32 0
4870 4949 366 558 366 558 0 0 72 72 0 79 0
4949 4949 366 558 366 558 0 1 72 72 2778 32 0
4949 4950 366 558 367 558 1 0 72 71 -2778 32 1
4950 6912 367 558 367 558 0 0 71 71 0 1962 0
6912 6913 367 558 366 558 0 1 71 70 3857 32 1
6913 6916 366 558 367 560 1 0 70 67 -3857 32 3
6916 7505 367 560 367 560 0 0 67 67 0 589 0
7505 7508 367 560 366 558 0 1 67 64 4169 32 3
7508 7511 366 558 366 558 1 1 64 64 0 3 0
7511 7527 366 558 368 572 1 0 64 48 -4169 32 16
7527 7857 368 572 368 572 0 0 48 48 0 330 0
7857 7873 368 572 366 558 0 1 48 32 4378 32 16
7873 7876 366 558 367 560 1 0 32 29 -4378 32 3
7876 7981 367 560 367 560 0 0 29 29 0 105 0
7981 7984 367 560 366 558 0 1 29 26 4432 32 3
7984 7985 366 558 366 558 1 1 26 26 0 1 0
7985 7985 366 558 366 558 1 0 26 26 -4432 32 0
7985 8335 366 558 366 558 0 0 26 26 0 350 0
8335 8335 366 558 366 558 0 1 26 26 4612 32 0
8335 8337 366 558 368 558 1 0 26 24 -4612 32 2
8337 8711 368 558 368 558 0 0 24 24 0 374 0
8711 8713 368 558 366 558 0 1 24 22 4802 32 2
8713 8713 366 558 366 558 1 2 22 22 4783 2 0
8713 8717 366 558 370 558 2 1 22 18 -4783 2 4
8717 8725 370 558 367 563 1 0 18 10 -4802 31 8
8725 9930 367 563 367 563 0 0 10 10 0 1205 0
9930 9936 367 563 366 558 0 1 10 4 5465 32 6
9936 9964 366 558 366 558 1 1 4 4 0 28 0
9964 9964 366 558 366 558 1 2 4 4 5480 32 0
9964 9965 366 558 367 558 2 1 4 3 -5480 32 1
9965 9967 367 558 366 559 1 0 3 1 -5465 3 2
9967 11030 366 559 366 559 0 0 1 1 0 1063 0
11030 11031 366 559 366 558 0 1 1 0 6024 32 1
11031 11032 366 558 366 558 1 1 0 0 0 1 0
11032 11032 366 558 366 558 1 0 0 0 -6024 32 0
11032 11435 366 558 366 558 0 0 0 0 0 403 0
11435 11435 366 558 366 558 0 1 0 0 21259 32 0
11435 11437 366 558 366 558 1 1 0 0 0 2 0
11437 11437 366 558 366 558 1 0 0 0 -21259 32 0
11437 11515 366 558 366 558 0 0 0 0 0 78 0
11515 11515 366 558 366 558 0 1 0 0 21284 32 0
11515 11516 366 558 366 558 1 1 0 0 0 1 0
11516 11516 366 558 366 558 1 0 0 0 -21284 32 0
11516 12175 366 558 366 558 0 0 0 0 0 659 0
12175 12175 366 558 366 558 0 1 0 0 6608 32 0
12175 12176 366 558 366 558 1 1 0 0 0 1 0
12176 12176 366 558 366 558 1 0 0 0 -6608 32 0
12176 13238 366 558 366 558 0 0 0 0 0 1062 0
13238 13238 366 558 366 558 0 1 0 0 21922 32 0
13238 13240 366 558 366 558 1 1 0 0 0 2 0
13240 13240 366 558 366 558 1 0 0 0 -21922 32 0
13240 13676 366 558 366 558 0 0 0 0 0 436 0
13676 13676 366 558 366 558 0 1 0 0 40078 32 0
13676 13677 366 558 366 558 1 1 0 0 0 1 0
13677 13677 366 558 366 558 1 0 0 0 -40078 32 0
13677 15599 366 558 366 558 0 0 0 0 0 1922 0
15599 15599 366 558 366 558 0 1 0 0 40874 32 0
15599 15600 366 558 366 558 1 1 0 0 0 1 0
15600 15600 366 558 366 558 1 0 0 0 -40874 32 0
15600 17656 366 558 366 558 0 0 0 0 0 2056 0
17656 17656 366 558 366 558 0 1 0 0 8999 32 0
17656 17658 366 558 366 558 1 1 0 0 0 2 0
17658 17658 366 558 366 558 1 0 0 0 -8999 32 0
17658 20029 366 558 366 558 0 0 0 0 0 2371 0
20029 20029 366 558 366 558 0 1 0 0 9854 32 0
20029 20031 366 558 366 558 1 1 0 0 0 2 0
20031 20031 366 558 366 558 1 0 0 0 -9854 32 0
20031 20167 366 558 366 558 0 0 0 0 0 136 0
20167 20167 366 558 366 558 0 1 0 0 24861 32 0
20167 20170 366 558 366 558 1 1 0 0 0 3 0
20170 20170 366 558 366 558 1 0 0 0 -24861 32 0
20170 20593 366 558 366 558 0 0 0 0 0 423 0
20593 20593 366 558 366 558 0 1 0 0 25037 32 0
20593 20596 366 558 366 558 1 1 0 0 0 3 0
20596 20596 366 558 366 558 1 0 0 0 -25037 32 0
20596 22126 366 558 366 558 0 0 0 0 0 1530 0
22126 22126 366 558 366 558 0 1 0 0 43976 32 0
22126 22127 366 558 366 558 1 1 0 0 0 1 0
22127 22127 366 558 366 558 1 0 0 0 -43976 32 0
22127 24601 366 558 366 558 0 0 0 0 0 2474 0
24601 24601 366 558 366 558 0 1 0 0 26972 32 0
24601 24602 366 558 366 558 1 1 0 0 0 1 0
24602 24602 366 558 366 558 1 0 0 0 -26972 32 0
24602 25008 366 558 366 558 0 0 0 0 0 406 0
25008 25008 366 558 366 558 0 1 0 0 11502 32 0
25008 25009 366 558 366 558 1 1 0 0 0 1 0
25009 25009 366 558 366 558 1 0 0 0 -11502 32 0
25009 27269 366 558 366 558 0 0 0 0 0 2260 0
27269 27269 366 558 366 558 0 1 0 0 46829 32 0
27269 27273 366 558 366 558 1 1 0 0 0 4 0
27273 27273 366 558 366 558 1 0 0 0 -46829 32 0
27273 28111 366 558 366 558 0 0 0 0 0 838 0
28111 28111 366 558 366 558 0 1 0 0 47342 32 0
28111 28112 366 558 366 558 1 1 0 0 0 1 0
28112 28112 366 558 366 558 1 0 0 0 -47342 32 0
28112 40338 366 558 366 558 0 0 0 0 0 12226 0
40338 40338 366 558 366 558 0 1 0 0 15766 32 0
40338 40341 366 558 366 558 1 1 0 0 0 3 0
40341 40341 366 558 366 558 1 0 0 0 -15766 32 0
40341 41895 366 558 366 558 0 0 0 0 0 1554 0
41895 41895 366 558 366 558 0 1 0 0 34718 32 0
41895 41897 366 558 366 558 1 1 0 0 0 2 0
41897 41897 366 558 366 558 1 0 0 0 -34718 32 0
41897 43267 366 558 366 558 0 0 0 0 0 1370 0
43267 43267 366 558 366 558 0 0 0 0 1000000000 0 0
--------------------------------------
--------------------------------------
EV2
--------------------------------------
Num TPs served = 19
TPs served = 5526 5605 6606 6668 7357 8004 8110 8563 8697 8793 9049 9221 9305 9362 9416 9729 9751 11378 40129
Total energy used = 100
--------------------------------------
Schedule:
0 10044 366 558 366 558 0 0 100 100 0 10044 0
10044 10044 366 558 366 558 0 1 100 100 5526 32 0
10044 10047 366 558 369 558 1 0 100 97 -5526 32 3
10047 10217 369 558 369 558 0 0 97 97 0 170 0
10217 10220 369 558 366 558 0 1 97 94 5605 32 3
10220 10222 366 558 368 558 1 0 94 92 -5605 32 2
10222 12171 368 558 368 558 0 0 92 92 0 1949 0
12171 12173 368 558 366 558 0 1 92 90 6606 32 2
12173 12174 366 558 366 559 1 0 90 89 -6606 32 1
12174 12302 366 559 366 559 0 0 89 89 0 128 0
12302 12303 366 559 366 558 0 1 89 88 6668 32 1
12303 12305 366 558 366 558 1 1 88 88 0 2 0
12305 12308 366 558 368 559 1 0 88 85 -6668 32 3
12308 13793 368 559 368 559 0 0 85 85 0 1485 0
13793 13796 368 559 366 558 0 1 85 82 40129 32 3
13796 13796 366 558 366 558 1 2 82 82 7357 19 0
13796 13797 366 558 366 558 2 2 82 82 0 1 0
13797 13798 366 558 367 558 2 1 82 81 -40129 32 1
13798 13803 367 558 372 558 1 0 81 76 -7357 18 5
13803 15205 372 558 372 558 0 0 76 76 0 1402 0
15205 15211 372 558 366 558 0 1 76 70 8004 32 6
15211 15212 366 558 367 558 1 0 70 69 -8004 32 1
15212 15479 367 558 367 558 0 0 69 69 0 267 0
15479 15480 367 558 366 558 0 1 69 68 8110 32 1
15480 15482 366 558 367 559 1 0 68 66 -8110 32 2
15482 16524 367 559 367 559 0 0 66 66 0 1042 0
16524 16526 367 559 366 558 0 1 66 64 8563 32 2
16526 16528 366 558 368 558 1 0 64 62 -8563 32 2
16528 16867 368 558 368 558 0 0 62 62 0 339 0
16867 16869 368 558 366 558 0 1 62 60 8697 32 2
16869 16870 366 558 366 558 1 1 60 60 0 1 0
16870 16872 366 558 368 558 1 0 60 58 -8697 32 2
16872 17121 368 558 368 558 0 0 58 58 0 249 0
17121 17123 368 558 366 558 0 1 58 56 8793 32 2
17123 17126 366 558 369 558 1 0 56 53 -8793 32 3
17126 17756 369 558 369 558 0 0 53 53 0 630 0
17756 17759 369 558 366 558 0 1 53 50 9049 32 3
17759 17760 366 558 366 558 1 1 50 50 0 1 0
17760 17761 366 558 366 559 1 0 50 49 -9049 32 1
17761 18242 366 559 366 559 0 0 49 49 0 481 0
18242 18243 366 559 366 558 0 1 49 48 9221 32 1
18243 18244 366 558 367 558 1 0 48 47 -9221 32 1
18244 18501 367 558 367 558 0 0 47 47 0 257 0
18501 18502 367 558 366 558 0 1 47 46 9305 32 1
18502 18503 366 558 366 558 1 1 46 46 0 1 0
18503 18510 366 558 369 562 1 0 46 39 -9305 32 7
18510 18643 369 562 369 562 0 0 39 39 0 133 0
18643 18650 369 562 366 558 0 1 39 32 9362 32 7
18650 18657 366 558 373 558 1 0 32 25 -9362 32 7
18657 18800 373 558 373 558 0 0 25 25 0 143 0
18800 18807 373 558 366 558 0 1 25 18 9416 32 7
18807 18809 366 558 366 560 1 0 18 16 -9416 32 2
18809 19634 366 560 366 560 0 0 16 16 0 825 0
19634 19636 366 560 366 558 0 1 16 14 9729 32 2
19636 19637 366 558 366 558 1 1 14 14 0 1 0
19637 19640 366 558 367 560 1 0 14 11 -9729 32 3
19640 19714 367 560 367 560 0 0 11 11 0 74 0
19714 19717 367 560 366 558 0 1 11 8 9751 32 3
19717 19719 366 558 368 558 1 0 8 6 -9751 32 2
19719 24560 368 558 368 558 0 0 6 6 0 4841 0
24560 24562 368 558 366 558 0 1 6 4 11378 32 2
24562 24564 366 558 367 559 1 0 4 2 -11378 32 2
24564 43265 367 559 367 559 0 0 2 2 0 18701 0
43265 43267 367 559 366 558 0 0 2 0 1000000000 0 2
--------------------------------------
--------------------------------------
EV3
--------------------------------------
Num TPs served = 15
TPs served = 10026 10064 12359 12629 13048 13366 14128 14161 14242 14304 14450 14803 15845 16036 32393
Total energy used = 100
--------------------------------------
Schedule:
0 20500 366 558 366 558 0 0 100 100 0 20500 0
20500 20500 366 558 366 558 0 1 100 100 10026 32 0
20500 20508 366 558 366 558 1 1 100 100 0 8 0
20508 20513 366 558 368 561 1 0 100 95 -10026 32 5
20513 20579 368 561 368 561 0 0 95 95 0 66 0
20579 20584 368 561 366 558 0 1 95 90 10064 32 5
20584 20586 366 558 366 558 1 1 90 90 0 2 0
20586 20591 366 558 368 561 1 0 90 85 -10064 32 5
20591 27952 368 561 368 561 0 0 85 85 0 7361 0
27952 27957 368 561 366 558 0 1 85 80 12359 32 5
27957 27959 366 558 368 558 1 0 80 78 -12359 32 2
27959 28929 368 558 368 558 0 0 78 78 0 970 0
28929 28931 368 558 366 558 0 1 78 76 12629 32 2
28931 28933 366 558 366 558 1 1 76 76 0 2 0
28933 28939 366 558 368 562 1 0 76 70 -12629 32 6
28939 30455 368 562 368 562 0 0 70 70 0 1516 0
30455 30461 368 562 366 558 0 1 70 64 13048 32 6
30461 30463 366 558 366 558 1 1 64 64 0 2 0
30463 30464 366 558 367 558 1 0 64 63 -13048 32 1
30464 31568 367 558 367 558 0 0 63 63 0 1104 0
31568 31569 367 558 366 558 0 1 63 62 13366 32 1
31569 31578 366 558 375 558 1 0 62 53 -13366 32 9
31578 34443 375 558 375 558 0 0 53 53 0 2865 0
34443 34452 375 558 366 558 0 1 53 44 14128 32 9
34452 34453 366 558 367 558 1 0 44 43 -14128 32 1
34453 34599 367 558 367 558 0 0 43 43 0 146 0
34599 34600 367 558 366 558 0 1 43 42 14161 32 1
34600 34603 366 558 366 558 1 1 42 42 0 3 0
34603 34611 366 558 374 558 1 0 42 34 -14161 32 8
34611 34887 374 558 374 558 0 0 34 34 0 276 0
34887 34895 374 558 366 558 0 1 34 26 14242 32 8
34895 34896 366 558 367 558 1 0 26 25 -14242 32 1
34896 35132 367 558 367 558 0 0 25 25 0 236 0
35132 35133 367 558 366 558 0 1 25 24 14304 32 1
35133 35134 366 558 366 558 1 1 24 24 0 1 0
35134 35135 366 558 367 558 1 0 24 23 -14304 32 1
35135 35679 367 558 367 558 0 0 23 23 0 544 0
35679 35680 367 558 366 558 0 1 23 22 32393 32 1
35680 35685 366 558 366 558 1 1 22 22 0 5 0
35685 35685 366 558 366 558 1 2 22 22 14450 32 0
35685 35687 366 558 368 558 2 1 22 20 -32393 27 2
35687 35687 368 558 368 558 1 0 20 20 -14450 32 0
35687 37053 368 558 368 558 0 0 20 20 0 1366 0
37053 37055 368 558 366 558 0 1 20 18 14803 32 2
37055 37059 366 558 369 559 1 0 18 14 -14803 32 4
37059 40465 369 559 369 559 0 0 14 14 0 3406 0
40465 40469 369 559 366 558 0 1 14 10 15845 32 4
40469 40470 366 558 366 558 1 1 10 10 0 1 0
40470 40473 366 558 369 558 1 0 10 7 -15845 32 3
40473 40807 369 558 369 558 0 0 7 7 0 334 0
40807 40810 369 558 366 558 0 1 7 4 16036 32 3
40810 40812 366 558 368 558 1 0 4 2 -16036 32 2
40812 43265 368 558 368 558 0 0 2 2 0 2453 0
43265 43267 368 558 366 558 0 0 2 0 1000000000 0 2
--------------------------------------
--------------------------------------
EV4
--------------------------------------
Num TPs served = 18
TPs served = 16083 16220 17697 18678 18874 19060 19093 19657 19774 20316 20427 21446 21463 21534 22101 22233 22598 23653
Total energy used = 100
--------------------------------------
Schedule:
0 865 366 558 366 558 0 0 100 100 0 865 0
865 865 366 558 366 558 0 1 100 100 17697 32 0
865 867 366 558 368 558 1 0 100 98 -17697 32 2
867 3951 368 558 368 558 0 0 98 98 0 3084 0
3951 3953 368 558 366 558 0 1 98 96 18678 32 2
3953 3954 366 558 366 559 1 0 96 95 -18678 32 1
3954 4586 366 559 366 559 0 0 95 95 0 632 0
4586 4587 366 559 366 558 0 1 95 94 18874 32 1
4587 4589 366 558 367 559 1 0 94 92 -18874 32 2
4589 5187 367 559 367 559 0 0 92 92 0 598 0
5187 5189 367 559 366 558 0 1 92 90 19060 32 2
5189 5192 366 558 366 558 1 1 90 90 0 3 0
5192 5201 366 558 371 562 1 0 90 81 -19060 32 9
5201 5263 371 562 371 562 0 0 81 81 0 62 0
5263 5272 371 562 366 558 0 1 81 72 19093 32 9
5272 5273 366 558 366 558 1 1 72 72 0 1 0
5273 5275 366 558 367 559 1 0 72 70 -19093 32 2
5275 7030 367 559 367 559 0 0 70 70 0 1755 0
7030 7032 367 559 366 558 0 1 70 68 19657 32 2
7032 7036 366 558 366 558 1 1 68 68 0 4 0
7036 7040 366 558 367 561 1 0 68 64 -19657 32 4
7040 7320 367 561 367 561 0 0 64 64 0 280 0
7320 7324 367 561 366 558 0 1 64 60 19774 32 4
7324 7332 366 558 373 559 1 0 60 52 -19774 32 8
7332 8918 373 559 373 559 0 0 52 52 0 1586 0
8918 8926 373 559 366 558 0 1 52 44 20316 32 8
8926 8927 366 558 366 558 1 1 44 44 0 1 0
8927 8928 366 558 367 558 1 0 44 43 -20316 32 1
8928 9240 367 558 367 558 0 0 43 43 0 312 0
9240 9241 367 558 366 558 0 1 43 42 20427 32 1
9241 9242 366 558 367 558 1 0 42 41 -20427 32 1
9242 11947 367 558 367 558 0 0 41 41 0 2705 0
11947 11948 367 558 366 558 0 1 41 40 21446 32 1
11948 11950 366 558 367 559 1 0 40 38 -21446 32 2
11950 12009 367 559 367 559 0 0 38 38 0 59 0
12009 12011 367 559 366 558 0 1 38 36 21463 32 2
12011 12013 366 558 367 559 1 0 36 34 -21463 32 2
12013 12203 367 559 367 559 0 0 34 34 0 190 0
12203 12205 367 559 366 558 0 1 34 32 21534 32 2
12205 12209 366 558 370 558 1 0 32 28 -21534 32 4
12209 13725 370 558 370 558 0 0 28 28 0 1516 0
13725 13729 370 558 366 558 0 1 28 24 22101 32 4
13729 13732 366 558 366 558 1 1 24 24 0 3 0
13732 13735 366 558 367 560 1 0 24 21 -22101 32 3
13735 14050 367 560 367 560 0 0 21 21 0 315 0
14050 14053 367 560 366 558 0 1 21 18 22233 32 3
14053 14056 366 558 366 561 1 0 18 15 -22233 32 3
14056 14984 366 561 366 561 0 0 15 15 0 928 0
14984 14987 366 561 366 558 0 1 15 12 22598 32 3
14987 14988 366 558 367 558 1 0 12 11 -22598 32 1
14988 17519 367 558 367 558 0 0 11 11 0 2531 0
17519 17520 367 558 366 558 0 1 11 10 23653 32 1
17520 17521 366 558 367 558 1 0 10 9 -23653 32 1
17521 40906 367 558 367 558 0 0 9 9 0 23385 0
40906 40907 367 558 366 558 0 1 9 8 16083 32 1
40907 40908 366 558 366 558 1 1 8 8 0 1 0
40908 40909 366 558 367 558 1 0 8 7 -16083 32 1
40909 41144 367 558 367 558 0 0 7 7 0 235 0
41144 41145 367 558 366 558 0 1 7 6 16220 32 1
41145 41148 366 558 368 559 1 0 6 3 -16220 32 3
41148 43264 368 559 368 559 0 0 3 3 0 2116 0
43264 43267 368 559 366 558 0 0 3 0 1000000000 0 3
--------------------------------------
--------------------------------------
EV5
--------------------------------------
Num TPs served = 23
TPs served = 23454 23651 23749 23756 24908 25535 25700 26117 26124 26290 26337 26401 26803 26894 27268 27303 27773 29629 29669 30593 30851 31539 49337
Total energy used = 100
--------------------------------------
Schedule:
0 17084 366 558 366 558 0 0 100 100 0 17084 0
17084 17084 366 558 366 558 0 1 100 100 23454 32 0
17084 17086 366 558 366 560 1 0 100 98 -23454 32 2
17086 17514 366 560 366 560 0 0 98 98 0 428 0
17514 17516 366 560 366 558 0 1 98 96 23651 32 2
17516 17518 366 558 367 559 1 0 96 94 -23651 32 2
17518 17757 367 559 367 559 0 0 94 94 0 239 0
17757 17759 367 559 366 558 0 1 94 92 23756 32 2
17759 17759 366 558 366 558 1 2 92 92 23749 15 0
17759 17761 366 558 366 560 2 1 92 90 -23756 32 2
17761 17764 366 560 367 558 1 0 90 87 -23749 11 3
17764 20273 367 558 367 558 0 0 87 87 0 2509 0
20273 20274 367 558 366 558 0 1 87 86 24908 32 1
20274 20275 366 558 367 558 1 0 86 85 -24908 32 1
20275 21666 367 558 367 558 0 0 85 85 0 1391 0
21666 21667 367 558 366 558 0 1 85 84 25535 32 1
21667 21671 366 558 366 558 1 1 84 84 0 4 0
21671 21672 366 558 366 559 1 0 84 83 -25535 32 1
21672 22029 366 559 366 559 0 0 83 83 0 357 0
22029 22030 366 559 366 558 0 1 83 82 25700 32 1
22030 22033 366 558 369 558 1 0 82 79 -25700 32 3
22033 22900 369 558 369 558 0 0 79 79 0 867 0
22900 22903 369 558 366 558 0 1 79 76 26124 32 3
22903 22903 366 558 366 558 1 2 76 76 26117 13 0
22903 22906 366 558 369 558 2 1 76 73 -26124 32 3
22906 22910 369 558 367 560 1 0 73 69 -26117 15 4
22910 23259 367 560 367 560 0 0 69 69 0 349 0
23259 23262 367 560 366 558 0 1 69 66 26290 32 3
23262 23264 366 558 367 559 1 0 66 64 -26290 32 2
23264 23358 367 559 367 559 0 0 64 64 0 94 0
23358 23360 367 559 366 558 0 1 64 62 26337 32 2
23360 23361 366 558 366 558 1 1 62 62 0 1 0
23361 23362 366 558 366 559 1 0 62 61 -26337 32 1
23362 23462 366 559 366 559 0 0 61 61 0 100 0
23462 23463 366 559 366 558 0 1 61 60 26401 32 1
23463 23464 366 558 366 558 1 1 60 60 0 1 0
23464 23465 366 558 367 558 1 0 60 59 -26401 32 1
23465 24250 367 558 367 558 0 0 59 59 0 785 0
24250 24251 367 558 366 558 0 1 59 58 26803 32 1
24251 24253 366 558 368 558 1 0 58 56 -26803 32 2
24253 24449 368 558 368 558 0 0 56 56 0 196 0
24449 24451 368 558 366 558 0 1 56 54 26894 32 2
24451 24452 366 558 366 558 1 1 54 54 0 1 0
24452 24455 366 558 368 559 1 0 54 51 -26894 32 3
24455 25134 368 559 368 559 0 0 51 51 0 679 0
25134 25137 368 559 366 558 0 1 51 48 27268 32 3
25137 25139 366 558 367 559 1 0 48 46 -27268 32 2
25139 25194 367 559 367 559 0 0 46 46 0 55 0
25194 25196 367 559 366 558 0 1 46 44 27303 32 2
25196 25202 366 558 372 558 1 0 44 38 -27303 32 6
25202 26070 372 558 372 558 0 0 38 38 0 868 0
26070 26076 372 558 366 558 0 1 38 32 27773 32 6
26076 26077 366 558 366 558 1 1 32 32 0 1 0
26077 26078 366 558 366 559 1 0 32 31 -27773 32 1
26078 29753 366 559 366 559 0 0 31 31 0 3675 0
29753 29754 366 559 366 558 0 1 31 30 29629 32 1
29754 29756 366 558 368 558 1 0 30 28 -29629 32 2
29756 29825 368 558 368 558 0 0 28 28 0 69 0
29825 29827 368 558 366 558 0 1 28 26 29669 32 2
29827 29828 366 558 366 558 1 1 26 26 0 1 0
29828 29831 366 558 368 559 1 0 26 23 -29669 32 3
29831 31611 368 559 368 559 0 0 23 23 0 1780 0
31611 31614 368 559 366 558 0 1 23 20 49337 32 3
31614 31628 366 558 366 558 1 1 20 20 0 14 0
31628 31628 366 558 366 558 1 2 20 20 30593 32 0
31628 31629 366 558 367 558 2 1 20 19 -49337 18 1
31629 31631 367 558 367 558 1 1 19 19 0 2 0
31631 31635 367 558 369 560 1 0 19 15 -30593 32 4
31635 32187 369 560 369 560 0 0 15 15 0 552 0
32187 32192 369 560 366 558 0 1 15 10 30851 32 5
32192 32195 366 558 369 558 1 0 10 7 -30851 32 3
32195 33696 369 558 369 558 0 0 7 7 0 1501 0
33696 33699 369 558 366 558 0 1 7 4 31539 32 3
33699 33703 366 558 366 558 1 1 4 4 0 4 0
33703 33705 366 558 368 558 1 0 4 2 -31539 32 2
33705 43265 368 558 368 558 0 0 2 2 0 9560 0
43265 43267 368 558 366 558 0 0 2 0 1000000000 0 2
--------------------------------------
--------------------------------------
EV6
--------------------------------------
Num TPs served = 13
TPs served = 30159 30673 32154 32590 32602 33039 33146 33162 33325 33560 33588 33727 34249
Total energy used = 100
--------------------------------------
Schedule:
0 30779 366 558 366 558 0 0 100 100 0 30779 0
30779 30779 366 558 366 558 0 1 100 100 30159 32 0
30779 30782 366 558 366 558 1 1 100 100 0 3 0
30782 30795 366 558 367 570 1 0 100 87 -30159 32 13
30795 31788 367 570 367 570 0 0 87 87 0 993 0
31788 31801 367 570 366 558 0 1 87 74 30673 32 13
31801 31803 366 558 366 558 1 1 74 74 0 2 0
31803 31822 366 558 383 560 1 0 74 55 -30673 32 19
31822 35067 383 560 383 560 0 0 55 55 0 3245 0
35067 35086 383 560 366 558 0 1 55 36 32154 32 19
35086 35087 366 558 367 558 1 0 36 35 -32154 32 1
35087 36157 367 558 367 558 0 0 35 35 0 1070 0
36157 36158 367 558 366 558 0 1 35 34 32602 32 1
36158 36158 366 558 366 558 1 2 34 34 32590 4 0
36158 36159 366 558 366 558 2 2 34 34 0 1 0
36159 36160 366 558 367 558 2 1 34 33 -32602 32 1
36160 36160 367 558 367 558 1 0 33 33 -32590 4 0
36160 37288 367 558 367 558 0 0 33 33 0 1128 0
37288 37289 367 558 366 558 0 1 33 32 33039 32 1
37289 37291 366 558 366 560 1 0 32 30 -33039 32 2
37291 37588 366 560 366 560 0 0 30 30 0 297 0
37588 37590 366 560 366 558 0 1 30 28 33162 32 2
37590 37590 366 558 366 558 1 2 28 28 33146 2 0
37590 37592 366 558 366 560 2 1 28 26 -33146 2 2
37592 37595 366 560 367 558 1 0 26 23 -33162 29 3
37595 37996 367 558 367 558 0 0 23 23 0 401 0
37996 37997 367 558 366 558 0 1 23 22 33325 32 1
37997 37998 366 558 367 558 1 0 22 21 -33325 32 1
37998 38588 367 558 367 558 0 0 21 21 0 590 0
38588 38589 367 558 366 558 0 1 21 20 33560 32 1
38589 38590 366 558 366 558 1 1 20 20 0 1 0
38590 38591 366 558 366 559 1 0 20 19 -33560 32 1
38591 38666 366 559 366 559 0 0 19 19 0 75 0
38666 38667 366 559 366 558 0 1 19 18 33588 32 1
38667 38668 366 558 367 558 1 0 18 17 -33588 32 1
38668 39080 367 558 367 558 0 0 17 17 0 412 0
39080 39081 367 558 366 558 0 1 17 16 33727 32 1
39081 39082 366 558 366 558 1 1 16 16 0 1 0
39082 39087 366 558 368 561 1 0 16 11 -33727 32 5
39087 40462 368 561 368 561 0 0 11 11 0 1375 0
40462 40467 368 561 366 558 0 1 11 6 34249 32 5
40467 40468 366 558 366 558 1 1 6 6 0 1 0
40468 40471 366 558 368 559 1 0 6 3 -34249 32 3
40471 43264 368 559 368 559 0 0 3 3 0 2793 0
43264 43267 368 559 366 558 0 0 3 0 1000000000 0 3
--------------------------------------
--------------------------------------
EV7
--------------------------------------
Num TPs served = 18
TPs served = 33985 34431 34910 35325 35530 35693 35781 36219 37061 37185 37216 37586 37781 38025 38905 39225 41606 41614
Total energy used = 100
--------------------------------------
Schedule:
0 562 366 558 366 558 0 0 100 100 0 562 0
562 562 366 558 366 558 0 1 100 100 35325 32 0
562 563 366 558 366 558 1 1 100 100 0 1 0
563 569 366 558 367 563 1 0 100 94 -35325 32 6
569 1162 367 563 367 563 0 0 94 94 0 593 0
1162 1168 367 563 366 558 0 1 94 88 35530 32 6
1168 1169 366 558 366 558 1 1 88 88 0 1 0
1169 1172 366 558 369 558 1 0 88 85 -35530 32 3
1172 1617 369 558 369 558 0 0 85 85 0 445 0
1617 1620 369 558 366 558 0 1 85 82 35693 32 3
1620 1621 366 558 366 558 1 1 82 82 0 1 0
1621 1622 366 558 367 558 1 0 82 81 -35693 32 1
1622 1834 367 558 367 558 0 0 81 81 0 212 0
1834 1835 367 558 366 558 0 1 81 80 35781 32 1
1835 1836 366 558 366 558 1 1 80 80 0 1 0
1836 1838 366 558 368 558 1 0 80 78 -35781 32 2
1838 3128 368 558 368 558 0 0 78 78 0 1290 0
3128 3130 368 558 366 558 0 1 78 76 36219 32 2
3130 3132 366 558 366 558 1 1 76 76 0 2 0
3132 3133 366 558 367 558 1 0 76 75 -36219 32 1
3133 5602 367 558 367 558 0 0 75 75 0 2469 0
5602 5603 367 558 366 558 0 1 75 74 37061 32 1
5603 5604 366 558 366 559 1 0 74 73 -37061 32 1
5604 5995 366 559 366 559 0 0 73 73 0 391 0
5995 5996 366 559 366 558 0 1 73 72 37185 32 1
5996 5997 366 558 367 558 1 0 72 71 -37185 32 1
5997 6086 367 558 367 558 0 0 71 71 0 89 0
6086 6087 367 558 366 558 0 1 71 70 37216 32 1
6087 6089 366 558 366 558 1 1 70 70 0 2 0
6089 6090 366 558 367 558 1 0 70 69 -37216 32 1
6090 7153 367 558 367 558 0 0 69 69 0 1063 0
7153 7154 367 558 366 558 0 1 69 68 37586 32 1
7154 7156 366 558 366 560 1 0 68 66 -37586 32 2
7156 7688 366 560 366 560 0 0 66 66 0 532 0
7688 7690 366 560 366 558 0 1 66 64 37781 32 2
7690 7691 366 558 366 559 1 0 64 63 -37781 32 1
7691 8338 366 559 366 559 0 0 63 63 0 647 0
8338 8339 366 559 366 558 0 1 63 62 38025 32 1
8339 8356 366 558 383 558 1 0 62 45 -38025 32 17
8356 10639 383 558 383 558 0 0 45 45 0 2283 0
10639 10656 383 558 366 558 0 1 45 28 38905 32 17
10656 10658 366 558 368 558 1 0 28 26 -38905 32 2
10658 11342 368 558 368 558 0 0 26 26 0 684 0
11342 11344 368 558 366 558 0 1 26 24 39225 32 2
11344 11345 366 558 367 558 1 0 24 23 -39225 32 1
11345 17279 367 558 367 558 0 0 23 23 0 5934 0
17279 17280 367 558 366 558 0 1 23 22 41614 32 1
17280 17280 366 558 366 558 1 2 22 22 41606 13 0
17280 17281 366 558 366 558 2 2 22 22 0 1 0
17281 17282 366 558 367 558 2 1 22 21 -41614 32 1
17282 17282 367 558 367 558 1 0 21 21 -41606 12 0
17282 39727 367 558 367 558 0 0 21 21 0 22445 0
39727 39728 367 558 366 558 0 1 21 20 33985 32 1
39728 39729 366 558 366 558 1 1 20 20 0 1 0
39729 39733 366 558 369 559 1 0 20 16 -33985 32 4
39733 41032 369 559 369 559 0 0 16 16 0 1299 0
41032 41036 369 559 366 558 0 1 16 12 34431 32 4
41036 41040 366 558 370 558 1 0 12 8 -34431 32 4
41040 42485 370 558 370 558 0 0 8 8 0 1445 0
42485 42489 370 558 366 558 0 1 8 4 34910 32 4
42489 42491 366 558 368 558 1 0 4 2 -34910 32 2
42491 43265 368 558 368 558 0 0 2 2 0 774 0
43265 43267 368 558 366 558 0 0 2 0 1000000000 0 2
--------------------------------------

-------------------------------------------------------------------------

TPs

-------------------------------------------------------------------------

----------------------
TP342 allocated to 1
----------------------

----------------------
TP372 allocated to 1
----------------------

----------------------
TP764 allocated to 1
----------------------

----------------------
TP1215 allocated to 1
----------------------

----------------------
TP1249 allocated to 1
----------------------

----------------------
TP2591 allocated to 1
----------------------

----------------------
TP2607 allocated to 1
----------------------

----------------------
TP2732 allocated to 1
----------------------

----------------------
TP2734 allocated to 1
----------------------

----------------------
TP2778 allocated to 1
----------------------

----------------------
TP3857 allocated to 1
----------------------

----------------------
TP4169 allocated to 1
----------------------

----------------------
TP4378 allocated to 1
----------------------

----------------------
TP4432 allocated to 1
----------------------

----------------------
TP4612 allocated to 1
----------------------

----------------------
TP4783 allocated to 1
----------------------

----------------------
TP4802 allocated to 1
----------------------

----------------------
TP5465 allocated to 1
----------------------

----------------------
TP5480 allocated to 1
----------------------

----------------------
TP5526 allocated to 2
----------------------

----------------------
TP5605 allocated to 2
----------------------

----------------------
TP6024 allocated to 1
----------------------

----------------------
TP6606 allocated to 2
----------------------

----------------------
TP6608 allocated to 1
----------------------

----------------------
TP6668 allocated to 2
----------------------

----------------------
TP7357 allocated to 2
----------------------

----------------------
TP8004 allocated to 2
----------------------

----------------------
TP8110 allocated to 2
----------------------

----------------------
TP8563 allocated to 2
----------------------

----------------------
TP8697 allocated to 2
----------------------

----------------------
TP8793 allocated to 2
----------------------

----------------------
TP8999 allocated to 1
----------------------

----------------------
TP9049 allocated to 2
----------------------

----------------------
TP9221 allocated to 2
----------------------

----------------------
TP9305 allocated to 2
----------------------

----------------------
TP9362 allocated to 2
----------------------

----------------------
TP9416 allocated to 2
----------------------

----------------------
TP9729 allocated to 2
----------------------

----------------------
TP9751 allocated to 2
----------------------

----------------------
TP9854 allocated to 1
----------------------

----------------------
TP10026 allocated to 3
----------------------

----------------------
TP10064 allocated to 3
----------------------

----------------------
TP11378 allocated to 2
----------------------

----------------------
TP11502 allocated to 1
----------------------

----------------------
TP12359 allocated to 3
----------------------

----------------------
TP12629 allocated to 3
----------------------

----------------------
TP13048 allocated to 3
----------------------

----------------------
TP13366 allocated to 3
----------------------

----------------------
TP14128 allocated to 3
----------------------

----------------------
TP14161 allocated to 3
----------------------

----------------------
TP14242 allocated to 3
----------------------

----------------------
TP14304 allocated to 3
----------------------

----------------------
TP14450 allocated to 3
----------------------

----------------------
TP14803 allocated to 3
----------------------

----------------------
TP15766 allocated to 1
----------------------

----------------------
TP15845 allocated to 3
----------------------

----------------------
TP16036 allocated to 3
----------------------

----------------------
TP16083 allocated to 4
----------------------

----------------------
TP16220 allocated to 4
----------------------

----------------------
TP17697 allocated to 4
----------------------

----------------------
TP18158 allocated to 1
----------------------

----------------------
TP18678 allocated to 4
----------------------

----------------------
TP18874 allocated to 4
----------------------

----------------------
TP19060 allocated to 4
----------------------

----------------------
TP19093 allocated to 4
----------------------

----------------------
TP19657 allocated to 4
----------------------

----------------------
TP19774 allocated to 4
----------------------

----------------------
TP20316 allocated to 4
----------------------

----------------------
TP20427 allocated to 4
----------------------

----------------------
TP21259 allocated to 1
----------------------

----------------------
TP21284 allocated to 1
----------------------

----------------------
TP21446 allocated to 4
----------------------

----------------------
TP21463 allocated to 4
----------------------

----------------------
TP21534 allocated to 4
----------------------

----------------------
TP21922 allocated to 1
----------------------

----------------------
TP22101 allocated to 4
----------------------

----------------------
TP22233 allocated to 4
----------------------

----------------------
TP22598 allocated to 4
----------------------

----------------------
TP23454 allocated to 5
----------------------

----------------------
TP23651 allocated to 5
----------------------

----------------------
TP23653 allocated to 4
----------------------

----------------------
TP23749 allocated to 5
----------------------

----------------------
TP23756 allocated to 5
----------------------

----------------------
TP24861 allocated to 1
----------------------

----------------------
TP24908 allocated to 5
----------------------

----------------------
TP25037 allocated to 1
----------------------

----------------------
TP25535 allocated to 5
----------------------

----------------------
TP25700 allocated to 5
----------------------

----------------------
TP26117 allocated to 5
----------------------

----------------------
TP26124 allocated to 5
----------------------

----------------------
TP26290 allocated to 5
----------------------

----------------------
TP26337 allocated to 5
----------------------

----------------------
TP26401 allocated to 5
----------------------

----------------------
TP26803 allocated to 5
----------------------

----------------------
TP26894 allocated to 5
----------------------

----------------------
TP26972 allocated to 1
----------------------

----------------------
TP27268 allocated to 5
----------------------

----------------------
TP27303 allocated to 5
----------------------

----------------------
TP27773 allocated to 5
----------------------

----------------------
TP29629 allocated to 5
----------------------

----------------------
TP29669 allocated to 5
----------------------

----------------------
TP30159 allocated to 6
----------------------

----------------------
TP30593 allocated to 5
----------------------

----------------------
TP30673 allocated to 6
----------------------

----------------------
TP30851 allocated to 5
----------------------

----------------------
TP31539 allocated to 5
----------------------

----------------------
TP32154 allocated to 6
----------------------

----------------------
TP32393 allocated to 3
----------------------

----------------------
TP32590 allocated to 6
----------------------

----------------------
TP32602 allocated to 6
----------------------

----------------------
TP33039 allocated to 6
----------------------

----------------------
TP33146 allocated to 6
----------------------

----------------------
TP33162 allocated to 6
----------------------

----------------------
TP33325 allocated to 6
----------------------

----------------------
TP33560 allocated to 6
----------------------

----------------------
TP33588 allocated to 6
----------------------

----------------------
TP33727 allocated to 6
----------------------

----------------------
TP33985 allocated to 7
----------------------

----------------------
TP34249 allocated to 6
----------------------

----------------------
TP34431 allocated to 7
----------------------

----------------------
TP34718 allocated to 1
----------------------

----------------------
TP34910 allocated to 7
----------------------

----------------------
TP35325 allocated to 7
----------------------

----------------------
TP35530 allocated to 7
----------------------

----------------------
TP35693 allocated to 7
----------------------

----------------------
TP35781 allocated to 7
----------------------

----------------------
TP36219 allocated to 7
----------------------

----------------------
TP37061 allocated to 7
----------------------

----------------------
TP37185 allocated to 7
----------------------

----------------------
TP37216 allocated to 7
----------------------

----------------------
TP37586 allocated to 7
----------------------

----------------------
TP37781 allocated to 7
----------------------

----------------------
TP38025 allocated to 7
----------------------

----------------------
TP38905 allocated to 7
----------------------

----------------------
TP39225 allocated to 7
----------------------

----------------------
TP39641 not allocated
----------------------

----------------------
TP39966 not allocated
----------------------

----------------------
TP40078 allocated to 1
----------------------

----------------------
TP40129 allocated to 2
----------------------

----------------------
TP40505 not allocated
----------------------

----------------------
TP40538 not allocated
----------------------

----------------------
TP40874 allocated to 1
----------------------

----------------------
TP40889 not allocated
----------------------

----------------------
TP40962 not allocated
----------------------

----------------------
TP41363 not allocated
----------------------

----------------------
TP41447 not allocated
----------------------

----------------------
TP41606 allocated to 7
----------------------

----------------------
TP41614 allocated to 7
----------------------

----------------------
TP41698 not allocated
----------------------

----------------------
TP41786 not allocated
----------------------

----------------------
TP42090 not allocated
----------------------

----------------------
TP42151 not allocated
----------------------

----------------------
TP42567 not allocated
----------------------

----------------------
TP42685 not allocated
----------------------

----------------------
TP43546 not allocated
----------------------

----------------------
TP43714 not allocated
----------------------

----------------------
TP43781 not allocated
----------------------

----------------------
TP43954 not allocated
----------------------

----------------------
TP43976 allocated to 1
----------------------

----------------------
TP44321 not allocated
----------------------

----------------------
TP44539 not allocated
----------------------

----------------------
TP45163 not allocated
----------------------

----------------------
TP45545 not allocated
----------------------

----------------------
TP45959 not allocated
----------------------

----------------------
TP46014 not allocated
----------------------

----------------------
TP46225 not allocated
----------------------

----------------------
TP46829 allocated to 1
----------------------

----------------------
TP46842 not allocated
----------------------

----------------------
TP47217 not allocated
----------------------

----------------------
TP47342 allocated to 1
----------------------

----------------------
TP47939 not allocated
----------------------

----------------------
TP48073 not allocated
----------------------

----------------------
TP48119 not allocated
----------------------

----------------------
TP48370 not allocated
----------------------

----------------------
TP48438 not allocated
----------------------

----------------------
TP48843 not allocated
----------------------

----------------------
TP49113 not allocated
----------------------

----------------------
TP49214 not allocated
----------------------

----------------------
TP49269 not allocated
----------------------

----------------------
TP49337 allocated to 5
----------------------

----------------------
TP49400 not allocated
----------------------

----------------------
TP49439 not allocated
----------------------

----------------------
TP49806 not allocated
----------------------

----------------------
TP49931 not allocated
----------------------

-------------------------------------------------------------------------

Ride-sharing vs Individual Mode - Num Vehicles and Distance Comparisson 

-------------------------------------------------------------------------
Individual Mode = 184 vehicles.
Ride-sharing Mode = 47 vehicles. The 7 ride-sharing vehicles + 40 vehicles of the individuals not served by the ride-sharing service.
-------------------------------------------------------------------------
Individual Mode = 497 distance.
Ride-sharing Mode = 839 distance. 700 from the EV fleet + 139 from the distance of the trips not covered individuals had to do with their own vehicle.
-------------------------------------------------------------------------
