-------------------------------------------------------------------------
TPs satisfied = 62; Total TPs = 194; Percentage Satisfied + 32.0%
-------------------------------------------------------------------------

-------------------------------------------------------------------------

EVs

-------------------------------------------------------------------------
--------------------------------------
EV1
--------------------------------------
Num TPs served = 43
TPs served = 203 381 649 696 782 1324 1587 1751 2387 2482 2704 2918 3787 3952 3995 4548 4650 4863 5228 5263 5367 5662 6679 7463 8279 18151 18440 21155 22739 23704 26382 27897 35074 35578 37378 39218 39668 41107 42363 43896 47571 47990 49690
Total energy used = 100
--------------------------------------
Schedule:
0 392 305 372 305 372 0 0 100 100 0 392 0
392 392 305 372 305 372 0 1 100 100 203 32 0
392 394 305 372 306 373 1 0 100 98 -203 32 2
394 712 306 373 306 373 0 0 98 98 0 318 0
712 714 306 373 305 372 0 1 98 96 381 32 2
714 716 305 372 307 372 1 0 96 94 -381 32 2
716 1156 307 372 307 372 0 0 94 94 0 440 0
1156 1158 307 372 305 372 0 1 94 92 649 32 2
1158 1166 305 372 305 372 1 1 92 92 0 8 0
1166 1170 305 372 306 375 1 0 92 88 -649 32 4
1170 1242 306 375 306 375 0 0 88 88 0 72 0
1242 1246 306 375 305 372 0 1 88 84 696 32 4
1246 1249 305 372 305 372 1 1 84 84 0 3 0
1249 1252 305 372 305 375 1 0 84 81 -696 32 3
1252 1307 305 375 305 375 0 0 81 81 0 55 0
1307 1310 305 375 305 372 0 1 81 78 35578 32 3
1310 1312 305 372 305 372 1 1 78 78 0 2 0
1312 1312 305 372 305 372 1 0 78 78 -35578 32 0
1312 1406 305 372 305 372 0 0 78 78 0 94 0
1406 1406 305 372 305 372 0 1 78 78 782 32 0
1406 1408 305 372 305 372 1 1 78 78 0 2 0
1408 1408 305 372 305 372 1 0 78 78 -782 32 0
1408 2288 305 372 305 372 0 0 78 78 0 880 0
2288 2288 305 372 305 372 0 1 78 78 18151 32 0
2288 2289 305 372 305 372 1 1 78 78 0 1 0
2289 2289 305 372 305 372 1 0 78 78 -18151 32 0
2289 2322 305 372 305 372 0 0 78 78 0 33 0
2322 2322 305 372 305 372 0 1 78 78 1324 32 0
2322 2323 305 372 305 373 1 0 78 77 -1324 32 1
2323 2756 305 373 305 373 0 0 77 77 0 433 0
2756 2757 305 373 305 372 0 1 77 76 1587 32 1
2757 2759 305 372 307 372 1 0 76 74 -1587 32 2
2759 3057 307 372 307 372 0 0 74 74 0 298 0
3057 3059 307 372 305 372 0 1 74 72 1751 32 2
3059 3064 305 372 305 372 1 1 72 72 0 5 0
3064 3064 305 372 305 372 1 0 72 72 -1751 32 0
3064 3208 305 372 305 372 0 0 72 72 0 144 0
3208 3208 305 372 305 372 0 1 72 72 18440 32 0
3208 3209 305 372 305 372 1 1 72 72 0 1 0
3209 3209 305 372 305 372 1 0 72 72 -18440 32 0
3209 4239 305 372 305 372 0 0 72 72 0 1030 0
4239 4239 305 372 305 372 0 1 72 72 2387 32 0
4239 4244 305 372 309 373 1 0 72 67 -2387 32 5
4244 4409 309 373 309 373 0 0 67 67 0 165 0
4409 4414 309 373 305 372 0 1 67 62 2482 32 5
4414 4416 305 372 305 374 1 0 62 60 -2482 32 2
4416 4800 305 374 305 374 0 0 60 60 0 384 0
4800 4802 305 374 305 372 0 1 60 58 2704 32 2
4802 4805 305 372 307 373 1 0 58 55 -2704 32 3
4805 5199 307 373 307 373 0 0 55 55 0 394 0
5199 5202 307 373 305 372 0 1 55 52 2918 32 3
5202 5203 305 372 305 372 1 1 52 52 0 1 0
5203 5204 305 372 306 372 1 0 52 51 -2918 32 1
5204 6541 306 372 306 372 0 0 51 51 0 1337 0
6541 6542 306 372 305 372 0 1 51 50 37378 32 1
6542 6544 305 372 305 372 1 1 50 50 0 2 0
6544 6544 305 372 305 372 1 0 50 50 -37378 32 0
6544 6786 305 372 305 372 0 0 50 50 0 242 0
6786 6786 305 372 305 372 0 1 50 50 3787 32 0
6786 6796 305 372 314 373 1 0 50 40 -3787 32 10
6796 7083 314 373 314 373 0 0 40 40 0 287 0
7083 7093 314 373 305 372 0 1 40 30 3952 32 10
7093 7094 305 372 306 372 1 0 30 29 -3952 32 1
7094 7187 306 372 306 372 0 0 29 29 0 93 0
7187 7188 306 372 305 372 0 1 29 28 3995 32 1
7188 7189 305 372 306 372 1 0 28 27 -3995 32 1
7189 8215 306 372 306 372 0 0 27 27 0 1026 0
8215 8216 306 372 305 372 0 1 27 26 4548 32 1
8216 8218 305 372 305 374 1 0 26 24 -4548 32 2
8218 8405 305 374 305 374 0 0 24 24 0 187 0
8405 8407 305 374 305 372 0 1 24 22 4650 32 2
8407 8408 305 372 305 372 1 1 22 22 0 1 0
8408 8409 305 372 306 372 1 0 22 21 -4650 32 1
8409 8833 306 372 306 372 0 0 21 21 0 424 0
8833 8834 306 372 305 372 0 1 21 20 4863 32 1
8834 8835 305 372 305 372 1 1 20 20 0 1 0
8835 8836 305 372 306 372 1 0 20 19 -4863 32 1
8836 9488 306 372 306 372 0 0 19 19 0 652 0
9488 9489 306 372 305 372 0 1 19 18 5228 32 1
9489 9490 305 372 305 372 1 1 18 18 0 1 0
9490 9490 305 372 305 372 1 0 18 18 -5228 32 0
9490 9566 305 372 305 372 0 0 18 18 0 76 0
9566 9566 305 372 305 372 0 1 18 18 5263 32 0
9566 9569 305 372 305 372 1 1 18 18 0 3 0
9569 9574 305 372 307 375 1 0 18 13 -5263 32 5
9574 9748 307 375 307 375 0 0 13 13 0 174 0
9748 9753 307 375 305 372 0 1 13 8 5367 32 5
9753 9754 305 372 305 372 1 1 8 8 0 1 0
9754 9758 305 372 308 373 1 0 8 4 -5367 32 4
9758 10342 308 373 308 373 0 0 4 4 0 584 0
10342 10346 308 373 305 372 0 1 4 0 5662 32 4
10346 10347 305 372 305 372 1 1 0 0 0 1 0
10347 10347 305 372 305 372 1 0 0 0 -5662 32 0
10347 11169 305 372 305 372 0 0 0 0 0 822 0
11169 11169 305 372 305 372 0 1 0 0 21155 32 0
11169 11171 305 372 305 372 1 1 0 0 0 2 0
11171 11171 305 372 305 372 1 0 0 0 -21155 32 0
11171 11330 305 372 305 372 0 0 0 0 0 159 0
11330 11330 305 372 305 372 0 1 0 0 39218 32 0
11330 11331 305 372 305 372 1 1 0 0 0 1 0
11331 11331 305 372 305 372 1 0 0 0 -39218 32 0
11331 12328 305 372 305 372 0 0 0 0 0 997 0
12328 12328 305 372 305 372 0 1 0 0 6679 32 0
12328 12330 305 372 305 372 1 1 0 0 0 2 0
12330 12330 305 372 305 372 1 0 0 0 -6679 32 0
12330 12540 305 372 305 372 0 0 0 0 0 210 0
12540 12540 305 372 305 372 0 1 0 0 39668 32 0
12540 12541 305 372 305 372 1 1 0 0 0 1 0
12541 12541 305 372 305 372 1 0 0 0 -39668 32 0
12541 14034 305 372 305 372 0 0 0 0 0 1493 0
14034 14034 305 372 305 372 0 1 0 0 7463 32 0
14034 14036 305 372 305 372 1 1 0 0 0 2 0
14036 14036 305 372 305 372 1 0 0 0 -7463 32 0
14036 15352 305 372 305 372 0 0 0 0 0 1316 0
15352 15352 305 372 305 372 0 1 0 0 22739 32 0
15352 15353 305 372 305 372 1 1 0 0 0 1 0
15353 15353 305 372 305 372 1 0 0 0 -22739 32 0
15353 15893 305 372 305 372 0 0 0 0 0 540 0
15893 15893 305 372 305 372 0 1 0 0 8279 32 0
15893 15894 305 372 305 372 1 1 0 0 0 1 0
15894 15894 305 372 305 372 1 0 0 0 -8279 32 0
15894 16106 305 372 305 372 0 0 0 0 0 212 0
16106 16106 305 372 305 372 0 1 0 0 41107 32 0
16106 16108 305 372 305 372 1 1 0 0 0 2 0
16108 16108 305 372 305 372 1 0 0 0 -41107 32 0
16108 17644 305 372 305 372 0 0 0 0 0 1536 0
17644 17644 305 372 305 372 0 1 0 0 23704 32 0
17644 17645 305 372 305 372 1 1 0 0 0 1 0
17645 17645 305 372 305 372 1 0 0 0 -23704 32 0
17645 18841 305 372 305 372 0 0 0 0 0 1196 0
18841 18841 305 372 305 372 0 1 0 0 42363 32 0
18841 18843 305 372 305 372 1 1 0 0 0 2 0
18843 18843 305 372 305 372 1 0 0 0 -42363 32 0
18843 21960 305 372 305 372 0 0 0 0 0 3117 0
21960 21960 305 372 305 372 0 1 0 0 43896 32 0
21960 21961 305 372 305 372 1 1 0 0 0 1 0
21961 21961 305 372 305 372 1 0 0 0 -43896 32 0
21961 23432 305 372 305 372 0 0 0 0 0 1471 0
23432 23432 305 372 305 372 0 1 0 0 26382 32 0
23432 23433 305 372 305 372 1 1 0 0 0 1 0
23433 23433 305 372 305 372 1 0 0 0 -26382 32 0
23433 26312 305 372 305 372 0 0 0 0 0 2879 0
26312 26312 305 372 305 372 0 1 0 0 27897 32 0
26312 26313 305 372 305 372 1 1 0 0 0 1 0
26313 26313 305 372 305 372 1 0 0 0 -27897 32 0
26313 28480 305 372 305 372 0 0 0 0 0 2167 0
28480 28480 305 372 305 372 0 1 0 0 47571 32 0
28480 28483 305 372 305 372 1 1 0 0 0 3 0
28483 28483 305 372 305 372 1 0 0 0 -47571 32 0
28483 29197 305 372 305 372 0 0 0 0 0 714 0
29197 29197 305 372 305 372 0 1 0 0 47990 32 0
29197 29198 305 372 305 372 1 1 0 0 0 1 0
29198 29198 305 372 305 372 1 0 0 0 -47990 32 0
29198 32221 305 372 305 372 0 0 0 0 0 3023 0
32221 32221 305 372 305 372 0 1 0 0 49690 32 0
32221 32224 305 372 305 372 1 1 0 0 0 3 0
32224 32224 305 372 305 372 1 0 0 0 -49690 32 0
32224 42976 305 372 305 372 0 0 0 0 0 10752 0
42976 42976 305 372 305 372 0 1 0 0 35074 32 0
42976 42977 305 372 305 372 1 1 0 0 0 1 0
42977 42977 305 372 305 372 1 0 0 0 -35074 32 0
42977 43267 305 372 305 372 0 0 0 0 0 290 0
43267 43267 305 372 305 372 0 0 0 0 1000000000 0 0
--------------------------------------
--------------------------------------
EV2
--------------------------------------
Num TPs served = 19
TPs served = 5422 5728 5842 5866 6727 7492 8045 8155 8820 8943 9375 10079 10853 10919 11100 11264 11915 23495 23634
Total energy used = 100
--------------------------------------
Schedule:
0 9854 305 372 305 372 0 0 100 100 0 9854 0
9854 9854 305 372 305 372 0 1 100 100 5422 32 0
9854 9858 305 372 307 374 1 0 100 96 -5422 32 4
9858 10469 307 374 307 374 0 0 96 96 0 611 0
10469 10473 307 374 305 372 0 1 96 92 5728 32 4
10473 10476 305 372 306 374 1 0 92 89 -5728 32 3
10476 10690 306 374 306 374 0 0 89 89 0 214 0
10690 10693 306 374 305 372 0 1 89 86 5842 32 3
10693 10699 305 372 305 378 1 0 86 80 -5842 32 6
10699 10722 305 378 305 378 0 0 80 80 0 23 0
10722 10728 305 378 305 372 0 1 80 74 5866 32 6
10728 10730 305 372 305 372 1 1 74 74 0 2 0
10730 10732 305 372 307 372 1 0 74 72 -5866 32 2
10732 12407 307 372 307 372 0 0 72 72 0 1675 0
12407 12409 307 372 305 372 0 1 72 70 6727 32 2
12409 12411 305 372 307 372 1 0 70 68 -6727 32 2
12411 14108 307 372 307 372 0 0 68 68 0 1697 0
14108 14110 307 372 305 372 0 1 68 66 7492 32 2
14110 14111 305 372 306 372 1 0 66 65 -7492 32 1
14111 15315 306 372 306 372 0 0 65 65 0 1204 0
15315 15316 306 372 305 372 0 1 65 64 8045 32 1
15316 15318 305 372 307 372 1 0 64 62 -8045 32 2
15318 15575 307 372 307 372 0 0 62 62 0 257 0
15575 15577 307 372 305 372 0 1 62 60 8155 32 2
15577 15581 305 372 309 372 1 0 60 56 -8155 32 4
15581 17157 309 372 309 372 0 0 56 56 0 1576 0
17157 17161 309 372 305 372 0 1 56 52 23495 32 4
17161 17179 305 372 305 372 1 1 52 52 0 18 0
17179 17179 305 372 305 372 1 2 52 52 8820 32 0
17179 17180 305 372 306 372 2 1 52 51 -23495 14 1
17180 17181 306 372 306 372 1 1 51 51 0 1 0
17181 17181 306 372 306 372 1 0 51 51 -8820 32 0
17181 17485 306 372 306 372 0 0 51 51 0 304 0
17485 17486 306 372 305 372 0 1 51 50 23634 32 1
17486 17501 305 372 305 372 1 1 50 50 0 15 0
17501 17501 305 372 305 372 1 2 50 50 8943 32 0
17501 17502 305 372 306 372 2 1 50 49 -23634 17 1
17502 17510 306 372 314 372 1 0 49 41 -8943 32 8
17510 18677 314 372 314 372 0 0 41 41 0 1167 0
18677 18686 314 372 305 372 0 1 41 32 9375 32 9
18686 18687 305 372 306 372 1 0 32 31 -9375 32 1
18687 20625 306 372 306 372 0 0 31 31 0 1938 0
20625 20626 306 372 305 372 0 1 31 30 10079 32 1
20626 20630 305 372 306 375 1 0 30 26 -10079 32 4
20630 22906 306 375 306 375 0 0 26 26 0 2276 0
22906 22910 306 375 305 372 0 1 26 22 10853 32 4
22910 22911 305 372 305 373 1 0 22 21 -10853 32 1
22911 23123 305 373 305 373 0 0 21 21 0 212 0
23123 23124 305 373 305 372 0 1 21 20 10919 32 1
23124 23128 305 372 309 372 1 0 20 16 -10919 32 4
23128 23687 309 372 309 372 0 0 16 16 0 559 0
23687 23691 309 372 305 372 0 1 16 12 11100 32 4
23691 23694 305 372 307 373 1 0 12 9 -11100 32 3
23694 24148 307 373 307 373 0 0 9 9 0 454 0
24148 24151 307 373 305 372 0 1 9 6 11264 32 3
24151 24154 305 372 305 372 1 1 6 6 0 3 0
24154 24155 305 372 306 372 1 0 6 5 -11264 32 1
24155 26397 306 372 306 372 0 0 5 5 0 2242 0
26397 26398 306 372 305 372 0 1 5 4 11915 32 1
26398 26399 305 372 305 372 1 1 4 4 0 1 0
26399 26401 305 372 305 374 1 0 4 2 -11915 32 2
26401 43265 305 374 305 374 0 0 2 2 0 16864 0
43265 43267 305 374 305 372 0 0 2 0 1000000000 0 2
--------------------------------------

-------------------------------------------------------------------------

TPs

-------------------------------------------------------------------------

----------------------
TP203 allocated to 1
----------------------

----------------------
TP381 allocated to 1
----------------------

----------------------
TP649 allocated to 1
----------------------

----------------------
TP696 allocated to 1
----------------------

----------------------
TP782 allocated to 1
----------------------

----------------------
TP1324 allocated to 1
----------------------

----------------------
TP1587 allocated to 1
----------------------

----------------------
TP1751 allocated to 1
----------------------

----------------------
TP2387 allocated to 1
----------------------

----------------------
TP2482 allocated to 1
----------------------

----------------------
TP2704 allocated to 1
----------------------

----------------------
TP2918 allocated to 1
----------------------

----------------------
TP3787 allocated to 1
----------------------

----------------------
TP3952 allocated to 1
----------------------

----------------------
TP3995 allocated to 1
----------------------

----------------------
TP4548 allocated to 1
----------------------

----------------------
TP4650 allocated to 1
----------------------

----------------------
TP4863 allocated to 1
----------------------

----------------------
TP5228 allocated to 1
----------------------

----------------------
TP5263 allocated to 1
----------------------

----------------------
TP5367 allocated to 1
----------------------

----------------------
TP5422 allocated to 2
----------------------

----------------------
TP5662 allocated to 1
----------------------

----------------------
TP5728 allocated to 2
----------------------

----------------------
TP5842 allocated to 2
----------------------

----------------------
TP5866 allocated to 2
----------------------

----------------------
TP6679 allocated to 1
----------------------

----------------------
TP6727 allocated to 2
----------------------

----------------------
TP7463 allocated to 1
----------------------

----------------------
TP7492 allocated to 2
----------------------

----------------------
TP8045 allocated to 2
----------------------

----------------------
TP8155 allocated to 2
----------------------

----------------------
TP8279 allocated to 1
----------------------

----------------------
TP8820 allocated to 2
----------------------

----------------------
TP8943 allocated to 2
----------------------

----------------------
TP9375 allocated to 2
----------------------

----------------------
TP10079 allocated to 2
----------------------

----------------------
TP10853 allocated to 2
----------------------

----------------------
TP10919 allocated to 2
----------------------

----------------------
TP11100 allocated to 2
----------------------

----------------------
TP11264 allocated to 2
----------------------

----------------------
TP11543 not allocated
----------------------

----------------------
TP11915 allocated to 2
----------------------

----------------------
TP12002 not allocated
----------------------

----------------------
TP12372 not allocated
----------------------

----------------------
TP12381 not allocated
----------------------

----------------------
TP12603 not allocated
----------------------

----------------------
TP12919 not allocated
----------------------

----------------------
TP13043 not allocated
----------------------

----------------------
TP13162 not allocated
----------------------

----------------------
TP13176 not allocated
----------------------

----------------------
TP15083 not allocated
----------------------

----------------------
TP15155 not allocated
----------------------

----------------------
TP15295 not allocated
----------------------

----------------------
TP15375 not allocated
----------------------

----------------------
TP16290 not allocated
----------------------

----------------------
TP16596 not allocated
----------------------

----------------------
TP16697 not allocated
----------------------

----------------------
TP17153 not allocated
----------------------

----------------------
TP17309 not allocated
----------------------

----------------------
TP17682 not allocated
----------------------

----------------------
TP17764 not allocated
----------------------

----------------------
TP17938 not allocated
----------------------

----------------------
TP18151 allocated to 1
----------------------

----------------------
TP18192 not allocated
----------------------

----------------------
TP18440 allocated to 1
----------------------

----------------------
TP18610 not allocated
----------------------

----------------------
TP18625 not allocated
----------------------

----------------------
TP18687 not allocated
----------------------

----------------------
TP19112 not allocated
----------------------

----------------------
TP19596 not allocated
----------------------

----------------------
TP19899 not allocated
----------------------

----------------------
TP20091 not allocated
----------------------

----------------------
TP20389 not allocated
----------------------

----------------------
TP20598 not allocated
----------------------

----------------------
TP20717 not allocated
----------------------

----------------------
TP20730 not allocated
----------------------

----------------------
TP20829 not allocated
----------------------

----------------------
TP21155 allocated to 1
----------------------

----------------------
TP21197 not allocated
----------------------

----------------------
TP21205 not allocated
----------------------

----------------------
TP21297 not allocated
----------------------

----------------------
TP21399 not allocated
----------------------

----------------------
TP21401 not allocated
----------------------

----------------------
TP21402 not allocated
----------------------

----------------------
TP21740 not allocated
----------------------

----------------------
TP21867 not allocated
----------------------

----------------------
TP22043 not allocated
----------------------

----------------------
TP22112 not allocated
----------------------

----------------------
TP22362 not allocated
----------------------

----------------------
TP22739 allocated to 1
----------------------

----------------------
TP22783 not allocated
----------------------

----------------------
TP23058 not allocated
----------------------

----------------------
TP23234 not allocated
----------------------

----------------------
TP23303 not allocated
----------------------

----------------------
TP23445 not allocated
----------------------

----------------------
TP23495 allocated to 2
----------------------

----------------------
TP23634 allocated to 2
----------------------

----------------------
TP23704 allocated to 1
----------------------

----------------------
TP24042 not allocated
----------------------

----------------------
TP24793 not allocated
----------------------

----------------------
TP25153 not allocated
----------------------

----------------------
TP25156 not allocated
----------------------

----------------------
TP25291 not allocated
----------------------

----------------------
TP26382 allocated to 1
----------------------

----------------------
TP26715 not allocated
----------------------

----------------------
TP27142 not allocated
----------------------

----------------------
TP27804 not allocated
----------------------

----------------------
TP27897 allocated to 1
----------------------

----------------------
TP28197 not allocated
----------------------

----------------------
TP28208 not allocated
----------------------

----------------------
TP28432 not allocated
----------------------

----------------------
TP28514 not allocated
----------------------

----------------------
TP28997 not allocated
----------------------

----------------------
TP29259 not allocated
----------------------

----------------------
TP29500 not allocated
----------------------

----------------------
TP31278 not allocated
----------------------

----------------------
TP32245 not allocated
----------------------

----------------------
TP32284 not allocated
----------------------

----------------------
TP32434 not allocated
----------------------

----------------------
TP32617 not allocated
----------------------

----------------------
TP32736 not allocated
----------------------

----------------------
TP32751 not allocated
----------------------

----------------------
TP33023 not allocated
----------------------

----------------------
TP33701 not allocated
----------------------

----------------------
TP33753 not allocated
----------------------

----------------------
TP33958 not allocated
----------------------

----------------------
TP34497 not allocated
----------------------

----------------------
TP34762 not allocated
----------------------

----------------------
TP34974 not allocated
----------------------

----------------------
TP35074 allocated to 1
----------------------

----------------------
TP35298 not allocated
----------------------

----------------------
TP35578 allocated to 1
----------------------

----------------------
TP35593 not allocated
----------------------

----------------------
TP35644 not allocated
----------------------

----------------------
TP35796 not allocated
----------------------

----------------------
TP36036 not allocated
----------------------

----------------------
TP36054 not allocated
----------------------

----------------------
TP36121 not allocated
----------------------

----------------------
TP36178 not allocated
----------------------

----------------------
TP36278 not allocated
----------------------

----------------------
TP36464 not allocated
----------------------

----------------------
TP36497 not allocated
----------------------

----------------------
TP36499 not allocated
----------------------

----------------------
TP36749 not allocated
----------------------

----------------------
TP37362 not allocated
----------------------

----------------------
TP37378 allocated to 1
----------------------

----------------------
TP38217 not allocated
----------------------

----------------------
TP38218 not allocated
----------------------

----------------------
TP38576 not allocated
----------------------

----------------------
TP38613 not allocated
----------------------

----------------------
TP39102 not allocated
----------------------

----------------------
TP39218 allocated to 1
----------------------

----------------------
TP39346 not allocated
----------------------

----------------------
TP39668 allocated to 1
----------------------

----------------------
TP39725 not allocated
----------------------

----------------------
TP39928 not allocated
----------------------

----------------------
TP40110 not allocated
----------------------

----------------------
TP40325 not allocated
----------------------

----------------------
TP40359 not allocated
----------------------

----------------------
TP40940 not allocated
----------------------

----------------------
TP41107 allocated to 1
----------------------

----------------------
TP41156 not allocated
----------------------

----------------------
TP41669 not allocated
----------------------

----------------------
TP41836 not allocated
----------------------

----------------------
TP42024 not allocated
----------------------

----------------------
TP42145 not allocated
----------------------

----------------------
TP42363 allocated to 1
----------------------

----------------------
TP43331 not allocated
----------------------

----------------------
TP43431 not allocated
----------------------

----------------------
TP43550 not allocated
----------------------

----------------------
TP43868 not allocated
----------------------

----------------------
TP43896 allocated to 1
----------------------

----------------------
TP44913 not allocated
----------------------

----------------------
TP45161 not allocated
----------------------

----------------------
TP45222 not allocated
----------------------

----------------------
TP45243 not allocated
----------------------

----------------------
TP45678 not allocated
----------------------

----------------------
TP46282 not allocated
----------------------

----------------------
TP46625 not allocated
----------------------

----------------------
TP46787 not allocated
----------------------

----------------------
TP47006 not allocated
----------------------

----------------------
TP47408 not allocated
----------------------

----------------------
TP47571 allocated to 1
----------------------

----------------------
TP47990 allocated to 1
----------------------

----------------------
TP48043 not allocated
----------------------

----------------------
TP48092 not allocated
----------------------

----------------------
TP48225 not allocated
----------------------

----------------------
TP48519 not allocated
----------------------

----------------------
TP49027 not allocated
----------------------

----------------------
TP49119 not allocated
----------------------

----------------------
TP49246 not allocated
----------------------

----------------------
TP49690 allocated to 1
----------------------

----------------------
TP49820 not allocated
----------------------

-------------------------------------------------------------------------

Ride-sharing vs Individual Mode - Num Vehicles and Distance Comparisson 

-------------------------------------------------------------------------
Individual Mode = 194 vehicles.
Ride-sharing Mode = 134 vehicles. The 2 ride-sharing vehicles + 132 vehicles of the individuals not served by the ride-sharing service.
-------------------------------------------------------------------------
Individual Mode = 467 distance.
Ride-sharing Mode = 565 distance. 200 from the EV fleet + 365 from the distance of the trips not covered individuals had to do with their own vehicle.
-------------------------------------------------------------------------
