-------------------------------------------------------------------------
TPs satisfied = 61; Total TPs = 186; Percentage Satisfied + 32.800000000000004%
-------------------------------------------------------------------------

-------------------------------------------------------------------------

EVs

-------------------------------------------------------------------------
--------------------------------------
EV1
--------------------------------------
Num TPs served = 45
TPs served = 93 489 1189 1592 1596 1651 2144 2649 2762 2789 3194 3661 3802 3879 4047 4238 4265 4297 4381 4478 4509 4573 4840 5697 5742 5757 6290 11047 14416 14876 17129 17731 19942 26908 28718 32671 36711 41573 42100 42561 42562 43043 46877 47478 47722
Total energy used = 100
--------------------------------------
Schedule:
0 187 122 930 122 930 0 0 100 100 0 187 0
187 187 122 930 122 930 0 1 100 100 93 32 0
187 191 122 930 126 930 1 0 100 96 -93 32 4
191 882 126 930 126 930 0 0 96 96 0 691 0
882 886 126 930 122 930 0 1 96 92 489 32 4
886 887 122 930 122 931 1 0 92 91 -489 32 1
887 968 122 931 122 931 0 0 91 91 0 81 0
968 969 122 931 122 930 0 1 91 90 17731 32 1
969 971 122 930 122 930 1 1 90 90 0 2 0
971 971 122 930 122 930 1 0 90 90 -17731 32 0
971 2075 122 930 122 930 0 0 90 90 0 1104 0
2075 2075 122 930 122 930 0 1 90 90 1189 32 0
2075 2078 122 930 125 930 1 0 90 87 -1189 32 3
2078 2777 125 930 125 930 0 0 87 87 0 699 0
2777 2780 125 930 122 930 0 1 87 84 1596 32 3
2780 2780 122 930 122 930 1 2 84 84 1592 25 0
2780 2781 122 930 122 930 2 2 84 84 0 1 0
2781 2781 122 930 122 930 2 1 84 84 -1596 32 0
2781 2782 122 930 122 931 1 0 84 83 -1592 24 1
2782 2881 122 931 122 931 0 0 83 83 0 99 0
2881 2882 122 931 122 930 0 1 83 82 1651 32 1
2882 2883 122 930 122 930 1 1 82 82 0 1 0
2883 2884 122 930 122 931 1 0 82 81 -1651 32 1
2884 3783 122 931 122 931 0 0 81 81 0 899 0
3783 3784 122 931 122 930 0 1 81 80 2144 32 1
3784 3785 122 930 122 930 1 1 80 80 0 1 0
3785 3787 122 930 124 930 1 0 80 78 -2144 32 2
3787 4611 124 930 124 930 0 0 78 78 0 824 0
4611 4613 124 930 122 930 0 1 78 76 36711 32 2
4613 4614 122 930 122 930 1 1 76 76 0 1 0
4614 4614 122 930 122 930 1 0 76 76 -36711 32 0
4614 4731 122 930 122 930 0 0 76 76 0 117 0
4731 4731 122 930 122 930 0 1 76 76 2649 32 0
4731 4733 122 930 122 930 1 1 76 76 0 2 0
4733 4733 122 930 122 930 1 0 76 76 -2649 32 0
4733 4926 122 930 122 930 0 0 76 76 0 193 0
4926 4926 122 930 122 930 0 1 76 76 2762 32 0
4926 4927 122 930 122 930 1 1 76 76 0 1 0
4927 4927 122 930 122 930 1 0 76 76 -2762 32 0
4927 4966 122 930 122 930 0 0 76 76 0 39 0
4966 4966 122 930 122 930 0 1 76 76 2789 32 0
4966 4967 122 930 122 931 1 0 76 75 -2789 32 1
4967 5701 122 931 122 931 0 0 75 75 0 734 0
5701 5702 122 931 122 930 0 1 75 74 3194 32 1
5702 5703 122 930 122 931 1 0 74 73 -3194 32 1
5703 6563 122 931 122 931 0 0 73 73 0 860 0
6563 6564 122 931 122 930 0 1 73 72 3661 32 1
6564 6565 122 930 122 930 1 1 72 72 0 1 0
6565 6566 122 930 123 930 1 0 72 71 -3661 32 1
6566 6817 123 930 123 930 0 0 71 71 0 251 0
6817 6818 123 930 122 930 0 1 71 70 3802 32 1
6818 6822 122 930 123 933 1 0 70 66 -3802 32 4
6822 6950 123 933 123 933 0 0 66 66 0 128 0
6950 6954 123 933 122 930 0 1 66 62 3879 32 4
6954 6956 122 930 123 931 1 0 62 60 -3879 32 2
6956 7281 123 931 123 931 0 0 60 60 0 325 0
7281 7283 123 931 122 930 0 1 60 58 4047 32 2
7283 7284 122 930 122 930 1 1 58 58 0 1 0
7284 7285 122 930 123 930 1 0 58 57 -4047 32 1
7285 7616 123 930 123 930 0 0 57 57 0 331 0
7616 7617 123 930 122 930 0 1 57 56 4238 32 1
7617 7618 122 930 123 930 1 0 56 55 -4238 32 1
7618 7653 123 930 123 930 0 0 55 55 0 35 0
7653 7654 123 930 122 930 0 1 55 54 4265 32 1
7654 7655 122 930 122 931 1 0 54 53 -4265 32 1
7655 7714 122 931 122 931 0 0 53 53 0 59 0
7714 7715 122 931 122 930 0 1 53 52 4297 32 1
7715 7716 122 930 122 930 1 1 52 52 0 1 0
7716 7718 122 930 124 930 1 0 52 50 -4297 32 2
7718 7865 124 930 124 930 0 0 50 50 0 147 0
7865 7867 124 930 122 930 0 1 50 48 19942 32 2
7867 7878 122 930 122 930 1 1 48 48 0 11 0
7878 7878 122 930 122 930 1 2 48 48 4381 32 0
7878 7880 122 930 124 930 2 1 48 46 -19942 23 2
7880 7881 124 930 124 930 1 1 46 46 0 1 0
7881 7885 124 930 127 931 1 0 46 42 -4381 32 4
7885 8060 127 931 127 931 0 0 42 42 0 175 0
8060 8066 127 931 122 930 0 1 42 36 4478 32 6
8066 8068 122 930 124 930 1 0 36 34 -4478 32 2
8068 8136 124 930 124 930 0 0 34 34 0 68 0
8136 8138 124 930 122 930 0 1 34 32 4509 32 2
8138 8143 122 930 127 930 1 0 32 27 -4509 32 5
8143 8265 127 930 127 930 0 0 27 27 0 122 0
8265 8270 127 930 122 930 0 1 27 22 4573 32 5
8270 8275 122 930 122 930 1 1 22 22 0 5 0
8275 8282 122 930 128 931 1 0 22 15 -4573 32 7
8282 8776 128 931 128 931 0 0 15 15 0 494 0
8776 8783 128 931 122 930 0 1 15 8 4840 32 7
8783 8784 122 930 122 930 1 1 8 8 0 1 0
8784 8785 122 930 122 931 1 0 8 7 -4840 32 1
8785 10411 122 931 122 931 0 0 7 7 0 1626 0
10411 10412 122 931 122 930 0 1 7 6 5697 32 1
10412 10413 122 930 123 930 1 0 6 5 -5697 32 1
10413 10535 123 930 123 930 0 0 5 5 0 122 0
10535 10536 123 930 122 930 0 1 5 4 5757 32 1
10536 10536 122 930 122 930 1 2 4 4 5742 1 0
10536 10536 122 930 122 930 2 1 4 4 -5742 4 0
10536 10538 122 930 122 930 1 1 4 4 0 2 0
10538 10539 122 930 123 930 1 0 4 3 -5757 32 1
10539 11543 123 930 123 930 0 0 3 3 0 1004 0
11543 11544 123 930 122 930 0 1 3 2 6290 32 1
11544 11545 122 930 122 930 1 1 2 2 0 1 0
11545 11546 122 930 123 930 1 0 2 1 -6290 32 1
11546 17183 123 930 123 930 0 0 1 1 0 5637 0
17183 17184 123 930 122 930 0 1 1 0 41573 32 1
17184 17187 122 930 122 930 1 1 0 0 0 3 0
17187 17187 122 930 122 930 1 0 0 0 -41573 32 0
17187 18322 122 930 122 930 0 0 0 0 0 1135 0
18322 18322 122 930 122 930 0 1 0 0 42100 32 0
18322 18326 122 930 122 930 1 1 0 0 0 4 0
18326 18326 122 930 122 930 1 0 0 0 -42100 32 0
18326 19341 122 930 122 930 0 0 0 0 0 1015 0
19341 19341 122 930 122 930 0 1 0 0 42562 32 0
19341 19341 122 930 122 930 1 2 0 0 42561 31 0
19341 19342 122 930 122 930 2 2 0 0 0 1 0
19342 19342 122 930 122 930 2 1 0 0 -42562 32 0
19342 19342 122 930 122 930 1 0 0 0 -42561 32 0
19342 20303 122 930 122 930 0 0 0 0 0 961 0
20303 20303 122 930 122 930 0 1 0 0 43043 32 0
20303 20307 122 930 122 930 1 1 0 0 0 4 0
20307 20307 122 930 122 930 1 0 0 0 -43043 32 0
20307 23497 122 930 122 930 0 0 0 0 0 3190 0
23497 23497 122 930 122 930 0 1 0 0 11047 32 0
23497 23498 122 930 122 930 1 1 0 0 0 1 0
23498 23498 122 930 122 930 1 0 0 0 -11047 32 0
23498 24479 122 930 122 930 0 0 0 0 0 981 0
24479 24479 122 930 122 930 0 1 0 0 26908 32 0
24479 24480 122 930 122 930 1 1 0 0 0 1 0
24480 24480 122 930 122 930 1 0 0 0 -26908 32 0
24480 27341 122 930 122 930 0 0 0 0 0 2861 0
27341 27341 122 930 122 930 0 1 0 0 46877 32 0
27341 27343 122 930 122 930 1 1 0 0 0 2 0
27343 27343 122 930 122 930 1 0 0 0 -46877 32 0
27343 27911 122 930 122 930 0 0 0 0 0 568 0
27911 27911 122 930 122 930 0 1 0 0 28718 32 0
27911 27914 122 930 122 930 1 1 0 0 0 3 0
27914 27914 122 930 122 930 1 0 0 0 -28718 32 0
27914 28332 122 930 122 930 0 0 0 0 0 418 0
28332 28332 122 930 122 930 0 1 0 0 47478 32 0
28332 28333 122 930 122 930 1 1 0 0 0 1 0
28333 28333 122 930 122 930 1 0 0 0 -47478 32 0
28333 28737 122 930 122 930 0 0 0 0 0 404 0
28737 28737 122 930 122 930 0 1 0 0 47722 32 0
28737 28738 122 930 122 930 1 1 0 0 0 1 0
28738 28738 122 930 122 930 1 0 0 0 -47722 32 0
28738 35548 122 930 122 930 0 0 0 0 0 6810 0
35548 35548 122 930 122 930 0 1 0 0 14416 32 0
35548 35549 122 930 122 930 1 1 0 0 0 1 0
35549 35549 122 930 122 930 1 0 0 0 -14416 32 0
35549 36313 122 930 122 930 0 0 0 0 0 764 0
36313 36313 122 930 122 930 0 1 0 0 32671 32 0
36313 36314 122 930 122 930 1 1 0 0 0 1 0
36314 36314 122 930 122 930 1 0 0 0 -32671 32 0
36314 37338 122 930 122 930 0 0 0 0 0 1024 0
37338 37338 122 930 122 930 0 1 0 0 14876 32 0
37338 37339 122 930 122 930 1 1 0 0 0 1 0
37339 37339 122 930 122 930 1 0 0 0 -14876 32 0
37339 42732 122 930 122 930 0 0 0 0 0 5393 0
42732 42732 122 930 122 930 0 1 0 0 17129 32 0
42732 42735 122 930 122 930 1 1 0 0 0 3 0
42735 42735 122 930 122 930 1 0 0 0 -17129 32 0
42735 43267 122 930 122 930 0 0 0 0 0 532 0
43267 43267 122 930 122 930 0 0 0 0 1000000000 0 0
--------------------------------------
--------------------------------------
EV2
--------------------------------------
Num TPs served = 16
TPs served = 4627 5910 5961 6180 6327 6381 7043 7740 7750 7859 8252 8323 8743 9113 9319 10029
Total energy used = 100
--------------------------------------
Schedule:
0 8368 122 930 122 930 0 0 100 100 0 8368 0
8368 8368 122 930 122 930 0 1 100 100 4627 32 0
8368 8378 122 930 132 930 1 0 100 90 -4627 32 10
8378 10806 132 930 132 930 0 0 90 90 0 2428 0
10806 10816 132 930 122 930 0 1 90 80 5910 32 10
10816 10817 122 930 122 930 1 1 80 80 0 1 0
10817 10819 122 930 122 932 1 0 80 78 -5910 32 2
10819 10909 122 932 122 932 0 0 78 78 0 90 0
10909 10911 122 932 122 930 0 1 78 76 5961 32 2
10911 10912 122 930 122 930 1 1 76 76 0 1 0
10912 10915 122 930 124 931 1 0 76 73 -5961 32 3
10915 11328 124 931 124 931 0 0 73 73 0 413 0
11328 11331 124 931 122 930 0 1 73 70 6180 32 3
11331 11341 122 930 122 930 1 1 70 70 0 10 0
11341 11345 122 930 125 931 1 0 70 66 -6180 32 4
11345 11605 125 931 125 931 0 0 66 66 0 260 0
11605 11609 125 931 122 930 0 1 66 62 6327 32 4
11609 11610 122 930 122 931 1 0 62 61 -6327 32 1
11610 11725 122 931 122 931 0 0 61 61 0 115 0
11725 11726 122 931 122 930 0 1 61 60 6381 32 1
11726 11730 122 930 126 930 1 0 60 56 -6381 32 4
11730 13080 126 930 126 930 0 0 56 56 0 1350 0
13080 13084 126 930 122 930 0 1 56 52 7043 32 4
13084 13086 122 930 124 930 1 0 52 50 -7043 32 2
13086 14658 124 930 124 930 0 0 50 50 0 1572 0
14658 14660 124 930 122 930 0 1 50 48 7750 32 2
14660 14660 122 930 122 930 1 2 48 48 7740 2 0
14660 14662 122 930 124 930 2 1 48 46 -7750 32 2
14662 14664 124 930 126 930 1 0 46 44 -7740 2 2
14664 14896 126 930 126 930 0 0 44 44 0 232 0
14896 14900 126 930 122 930 0 1 44 40 7859 32 4
14900 14901 122 930 122 930 1 1 40 40 0 1 0
14901 14904 122 930 122 933 1 0 40 37 -7859 32 3
14904 15820 122 933 122 933 0 0 37 37 0 916 0
15820 15823 122 933 122 930 0 1 37 34 8252 32 3
15823 15824 122 930 122 930 1 1 34 34 0 1 0
15824 15826 122 930 122 932 1 0 34 32 -8252 32 2
15826 15987 122 932 122 932 0 0 32 32 0 161 0
15987 15989 122 932 122 930 0 1 32 30 8323 32 2
15989 15996 122 930 129 930 1 0 30 23 -8323 32 7
15996 17004 129 930 129 930 0 0 23 23 0 1008 0
17004 17011 129 930 122 930 0 1 23 16 8743 32 7
17011 17013 122 930 124 930 1 0 16 14 -8743 32 2
17013 17925 124 930 124 930 0 0 14 14 0 912 0
17925 17927 124 930 122 930 0 1 14 12 9113 32 2
17927 17928 122 930 122 930 1 1 12 12 0 1 0
17928 17930 122 930 123 931 1 0 12 10 -9113 32 2
17930 18547 123 931 123 931 0 0 10 10 0 617 0
18547 18549 123 931 122 930 0 1 10 8 9319 32 2
18549 18550 122 930 122 930 1 1 8 8 0 1 0
18550 18553 122 930 124 931 1 0 8 5 -9319 32 3
18553 20506 124 931 124 931 0 0 5 5 0 1953 0
20506 20509 124 931 122 930 0 1 5 2 10029 32 3
20509 20510 122 930 122 930 1 1 2 2 0 1 0
20510 20511 122 930 123 930 1 0 2 1 -10029 32 1
20511 43266 123 930 123 930 0 0 1 1 0 22755 0
43266 43267 123 930 122 930 0 0 1 0 1000000000 0 1
--------------------------------------

-------------------------------------------------------------------------

TPs

-------------------------------------------------------------------------

----------------------
TP93 allocated to 1
----------------------

----------------------
TP489 allocated to 1
----------------------

----------------------
TP1189 allocated to 1
----------------------

----------------------
TP1592 allocated to 1
----------------------

----------------------
TP1596 allocated to 1
----------------------

----------------------
TP1651 allocated to 1
----------------------

----------------------
TP2144 allocated to 1
----------------------

----------------------
TP2649 allocated to 1
----------------------

----------------------
TP2762 allocated to 1
----------------------

----------------------
TP2789 allocated to 1
----------------------

----------------------
TP3194 allocated to 1
----------------------

----------------------
TP3661 allocated to 1
----------------------

----------------------
TP3802 allocated to 1
----------------------

----------------------
TP3879 allocated to 1
----------------------

----------------------
TP4047 allocated to 1
----------------------

----------------------
TP4238 allocated to 1
----------------------

----------------------
TP4265 allocated to 1
----------------------

----------------------
TP4297 allocated to 1
----------------------

----------------------
TP4381 allocated to 1
----------------------

----------------------
TP4478 allocated to 1
----------------------

----------------------
TP4509 allocated to 1
----------------------

----------------------
TP4573 allocated to 1
----------------------

----------------------
TP4627 allocated to 2
----------------------

----------------------
TP4840 allocated to 1
----------------------

----------------------
TP5697 allocated to 1
----------------------

----------------------
TP5742 allocated to 1
----------------------

----------------------
TP5757 allocated to 1
----------------------

----------------------
TP5910 allocated to 2
----------------------

----------------------
TP5961 allocated to 2
----------------------

----------------------
TP6180 allocated to 2
----------------------

----------------------
TP6290 allocated to 1
----------------------

----------------------
TP6327 allocated to 2
----------------------

----------------------
TP6381 allocated to 2
----------------------

----------------------
TP7043 allocated to 2
----------------------

----------------------
TP7740 allocated to 2
----------------------

----------------------
TP7750 allocated to 2
----------------------

----------------------
TP7859 allocated to 2
----------------------

----------------------
TP8252 allocated to 2
----------------------

----------------------
TP8323 allocated to 2
----------------------

----------------------
TP8743 allocated to 2
----------------------

----------------------
TP9113 allocated to 2
----------------------

----------------------
TP9319 allocated to 2
----------------------

----------------------
TP9700 not allocated
----------------------

----------------------
TP10029 allocated to 2
----------------------

----------------------
TP10092 not allocated
----------------------

----------------------
TP10269 not allocated
----------------------

----------------------
TP10882 not allocated
----------------------

----------------------
TP11018 not allocated
----------------------

----------------------
TP11047 allocated to 1
----------------------

----------------------
TP11256 not allocated
----------------------

----------------------
TP11392 not allocated
----------------------

----------------------
TP11460 not allocated
----------------------

----------------------
TP12130 not allocated
----------------------

----------------------
TP12242 not allocated
----------------------

----------------------
TP12353 not allocated
----------------------

----------------------
TP12675 not allocated
----------------------

----------------------
TP12902 not allocated
----------------------

----------------------
TP12927 not allocated
----------------------

----------------------
TP13189 not allocated
----------------------

----------------------
TP13221 not allocated
----------------------

----------------------
TP13245 not allocated
----------------------

----------------------
TP13571 not allocated
----------------------

----------------------
TP13741 not allocated
----------------------

----------------------
TP13864 not allocated
----------------------

----------------------
TP14416 allocated to 1
----------------------

----------------------
TP14635 not allocated
----------------------

----------------------
TP14876 allocated to 1
----------------------

----------------------
TP15221 not allocated
----------------------

----------------------
TP15691 not allocated
----------------------

----------------------
TP15713 not allocated
----------------------

----------------------
TP15819 not allocated
----------------------

----------------------
TP16262 not allocated
----------------------

----------------------
TP16298 not allocated
----------------------

----------------------
TP16989 not allocated
----------------------

----------------------
TP17101 not allocated
----------------------

----------------------
TP17129 allocated to 1
----------------------

----------------------
TP17411 not allocated
----------------------

----------------------
TP17532 not allocated
----------------------

----------------------
TP17731 allocated to 1
----------------------

----------------------
TP17844 not allocated
----------------------

----------------------
TP18028 not allocated
----------------------

----------------------
TP18169 not allocated
----------------------

----------------------
TP18705 not allocated
----------------------

----------------------
TP18771 not allocated
----------------------

----------------------
TP18990 not allocated
----------------------

----------------------
TP19042 not allocated
----------------------

----------------------
TP19076 not allocated
----------------------

----------------------
TP19649 not allocated
----------------------

----------------------
TP19942 allocated to 1
----------------------

----------------------
TP20488 not allocated
----------------------

----------------------
TP20861 not allocated
----------------------

----------------------
TP21293 not allocated
----------------------

----------------------
TP21425 not allocated
----------------------

----------------------
TP21465 not allocated
----------------------

----------------------
TP21745 not allocated
----------------------

----------------------
TP21848 not allocated
----------------------

----------------------
TP22382 not allocated
----------------------

----------------------
TP23514 not allocated
----------------------

----------------------
TP23681 not allocated
----------------------

----------------------
TP23785 not allocated
----------------------

----------------------
TP24183 not allocated
----------------------

----------------------
TP24293 not allocated
----------------------

----------------------
TP24480 not allocated
----------------------

----------------------
TP24591 not allocated
----------------------

----------------------
TP24764 not allocated
----------------------

----------------------
TP24872 not allocated
----------------------

----------------------
TP24937 not allocated
----------------------

----------------------
TP25022 not allocated
----------------------

----------------------
TP25752 not allocated
----------------------

----------------------
TP26084 not allocated
----------------------

----------------------
TP26307 not allocated
----------------------

----------------------
TP26391 not allocated
----------------------

----------------------
TP26908 allocated to 1
----------------------

----------------------
TP26927 not allocated
----------------------

----------------------
TP27173 not allocated
----------------------

----------------------
TP27250 not allocated
----------------------

----------------------
TP27352 not allocated
----------------------

----------------------
TP27725 not allocated
----------------------

----------------------
TP28455 not allocated
----------------------

----------------------
TP28575 not allocated
----------------------

----------------------
TP28718 allocated to 1
----------------------

----------------------
TP29116 not allocated
----------------------

----------------------
TP29194 not allocated
----------------------

----------------------
TP29599 not allocated
----------------------

----------------------
TP30319 not allocated
----------------------

----------------------
TP30342 not allocated
----------------------

----------------------
TP31571 not allocated
----------------------

----------------------
TP31666 not allocated
----------------------

----------------------
TP32220 not allocated
----------------------

----------------------
TP32354 not allocated
----------------------

----------------------
TP32398 not allocated
----------------------

----------------------
TP32468 not allocated
----------------------

----------------------
TP32584 not allocated
----------------------

----------------------
TP32645 not allocated
----------------------

----------------------
TP32671 allocated to 1
----------------------

----------------------
TP33056 not allocated
----------------------

----------------------
TP33518 not allocated
----------------------

----------------------
TP34027 not allocated
----------------------

----------------------
TP34113 not allocated
----------------------

----------------------
TP34646 not allocated
----------------------

----------------------
TP34778 not allocated
----------------------

----------------------
TP35110 not allocated
----------------------

----------------------
TP35571 not allocated
----------------------

----------------------
TP35804 not allocated
----------------------

----------------------
TP36139 not allocated
----------------------

----------------------
TP36206 not allocated
----------------------

----------------------
TP36595 not allocated
----------------------

----------------------
TP36668 not allocated
----------------------

----------------------
TP36711 allocated to 1
----------------------

----------------------
TP37446 not allocated
----------------------

----------------------
TP37671 not allocated
----------------------

----------------------
TP37854 not allocated
----------------------

----------------------
TP38872 not allocated
----------------------

----------------------
TP38922 not allocated
----------------------

----------------------
TP39186 not allocated
----------------------

----------------------
TP39227 not allocated
----------------------

----------------------
TP39283 not allocated
----------------------

----------------------
TP40345 not allocated
----------------------

----------------------
TP41166 not allocated
----------------------

----------------------
TP41573 allocated to 1
----------------------

----------------------
TP41787 not allocated
----------------------

----------------------
TP42100 allocated to 1
----------------------

----------------------
TP42561 allocated to 1
----------------------

----------------------
TP42562 allocated to 1
----------------------

----------------------
TP42622 not allocated
----------------------

----------------------
TP42720 not allocated
----------------------

----------------------
TP43043 allocated to 1
----------------------

----------------------
TP43191 not allocated
----------------------

----------------------
TP44052 not allocated
----------------------

----------------------
TP44405 not allocated
----------------------

----------------------
TP44973 not allocated
----------------------

----------------------
TP45841 not allocated
----------------------

----------------------
TP46851 not allocated
----------------------

----------------------
TP46877 allocated to 1
----------------------

----------------------
TP47478 allocated to 1
----------------------

----------------------
TP47503 not allocated
----------------------

----------------------
TP47722 allocated to 1
----------------------

----------------------
TP48219 not allocated
----------------------

----------------------
TP48269 not allocated
----------------------

----------------------
TP48496 not allocated
----------------------

----------------------
TP48557 not allocated
----------------------

----------------------
TP48769 not allocated
----------------------

----------------------
TP48998 not allocated
----------------------

----------------------
TP49577 not allocated
----------------------

----------------------
TP49679 not allocated
----------------------

----------------------
TP49854 not allocated
----------------------

-------------------------------------------------------------------------

Ride-sharing vs Individual Mode - Num Vehicles and Distance Comparisson 

-------------------------------------------------------------------------
Individual Mode = 186 vehicles.
Ride-sharing Mode = 127 vehicles. The 2 ride-sharing vehicles + 125 vehicles of the individuals not served by the ride-sharing service.
-------------------------------------------------------------------------
Individual Mode = 448 distance.
Ride-sharing Mode = 544 distance. 200 from the EV fleet + 344 from the distance of the trips not covered individuals had to do with their own vehicle.
-------------------------------------------------------------------------
