-------------------------------------------------------------------------
TPs satisfied = 159; Total TPs = 186; Percentage Satisfied + 85.5%
-------------------------------------------------------------------------

-------------------------------------------------------------------------

EVs

-------------------------------------------------------------------------
--------------------------------------
EV1
--------------------------------------
Num TPs served = 45
TPs served = 93 489 1189 1592 1596 1651 2144 2649 2762 2789 3194 3661 3802 3879 4047 4238 4265 4297 4381 4478 4509 4573 4840 5697 5742 5757 6290 11047 14416 14876 17129 17731 19942 26908 28718 32671 36711 41573 42100 42561 42562 43043 46877 47478 47722
Total energy used = 100
--------------------------------------
Schedule:
0 187 122 930 122 930 0 0 100 100 0 187 0
187 187 122 930 122 930 0 1 100 100 93 32 0
187 191 122 930 126 930 1 0 100 96 -93 32 4
191 882 126 930 126 930 0 0 96 96 0 691 0
882 886 126 930 122 930 0 1 96 92 489 32 4
886 887 122 930 122 931 1 0 92 91 -489 32 1
887 968 122 931 122 931 0 0 91 91 0 81 0
968 969 122 931 122 930 0 1 91 90 17731 32 1
969 971 122 930 122 930 1 1 90 90 0 2 0
971 971 122 930 122 930 1 0 90 90 -17731 32 0
971 2075 122 930 122 930 0 0 90 90 0 1104 0
2075 2075 122 930 122 930 0 1 90 90 1189 32 0
2075 2078 122 930 125 930 1 0 90 87 -1189 32 3
2078 2777 125 930 125 930 0 0 87 87 0 699 0
2777 2780 125 930 122 930 0 1 87 84 1596 32 3
2780 2780 122 930 122 930 1 2 84 84 1592 25 0
2780 2781 122 930 122 930 2 2 84 84 0 1 0
2781 2781 122 930 122 930 2 1 84 84 -1596 32 0
2781 2782 122 930 122 931 1 0 84 83 -1592 24 1
2782 2881 122 931 122 931 0 0 83 83 0 99 0
2881 2882 122 931 122 930 0 1 83 82 1651 32 1
2882 2883 122 930 122 930 1 1 82 82 0 1 0
2883 2884 122 930 122 931 1 0 82 81 -1651 32 1
2884 3783 122 931 122 931 0 0 81 81 0 899 0
3783 3784 122 931 122 930 0 1 81 80 2144 32 1
3784 3785 122 930 122 930 1 1 80 80 0 1 0
3785 3787 122 930 124 930 1 0 80 78 -2144 32 2
3787 4611 124 930 124 930 0 0 78 78 0 824 0
4611 4613 124 930 122 930 0 1 78 76 36711 32 2
4613 4614 122 930 122 930 1 1 76 76 0 1 0
4614 4614 122 930 122 930 1 0 76 76 -36711 32 0
4614 4731 122 930 122 930 0 0 76 76 0 117 0
4731 4731 122 930 122 930 0 1 76 76 2649 32 0
4731 4733 122 930 122 930 1 1 76 76 0 2 0
4733 4733 122 930 122 930 1 0 76 76 -2649 32 0
4733 4926 122 930 122 930 0 0 76 76 0 193 0
4926 4926 122 930 122 930 0 1 76 76 2762 32 0
4926 4927 122 930 122 930 1 1 76 76 0 1 0
4927 4927 122 930 122 930 1 0 76 76 -2762 32 0
4927 4966 122 930 122 930 0 0 76 76 0 39 0
4966 4966 122 930 122 930 0 1 76 76 2789 32 0
4966 4967 122 930 122 931 1 0 76 75 -2789 32 1
4967 5701 122 931 122 931 0 0 75 75 0 734 0
5701 5702 122 931 122 930 0 1 75 74 3194 32 1
5702 5703 122 930 122 931 1 0 74 73 -3194 32 1
5703 6563 122 931 122 931 0 0 73 73 0 860 0
6563 6564 122 931 122 930 0 1 73 72 3661 32 1
6564 6565 122 930 122 930 1 1 72 72 0 1 0
6565 6566 122 930 123 930 1 0 72 71 -3661 32 1
6566 6817 123 930 123 930 0 0 71 71 0 251 0
6817 6818 123 930 122 930 0 1 71 70 3802 32 1
6818 6822 122 930 123 933 1 0 70 66 -3802 32 4
6822 6950 123 933 123 933 0 0 66 66 0 128 0
6950 6954 123 933 122 930 0 1 66 62 3879 32 4
6954 6956 122 930 123 931 1 0 62 60 -3879 32 2
6956 7281 123 931 123 931 0 0 60 60 0 325 0
7281 7283 123 931 122 930 0 1 60 58 4047 32 2
7283 7284 122 930 122 930 1 1 58 58 0 1 0
7284 7285 122 930 123 930 1 0 58 57 -4047 32 1
7285 7616 123 930 123 930 0 0 57 57 0 331 0
7616 7617 123 930 122 930 0 1 57 56 4238 32 1
7617 7618 122 930 123 930 1 0 56 55 -4238 32 1
7618 7653 123 930 123 930 0 0 55 55 0 35 0
7653 7654 123 930 122 930 0 1 55 54 4265 32 1
7654 7655 122 930 122 931 1 0 54 53 -4265 32 1
7655 7714 122 931 122 931 0 0 53 53 0 59 0
7714 7715 122 931 122 930 0 1 53 52 4297 32 1
7715 7716 122 930 122 930 1 1 52 52 0 1 0
7716 7718 122 930 124 930 1 0 52 50 -4297 32 2
7718 7865 124 930 124 930 0 0 50 50 0 147 0
7865 7867 124 930 122 930 0 1 50 48 19942 32 2
7867 7878 122 930 122 930 1 1 48 48 0 11 0
7878 7878 122 930 122 930 1 2 48 48 4381 32 0
7878 7880 122 930 124 930 2 1 48 46 -19942 23 2
7880 7881 124 930 124 930 1 1 46 46 0 1 0
7881 7885 124 930 127 931 1 0 46 42 -4381 32 4
7885 8060 127 931 127 931 0 0 42 42 0 175 0
8060 8066 127 931 122 930 0 1 42 36 4478 32 6
8066 8068 122 930 124 930 1 0 36 34 -4478 32 2
8068 8136 124 930 124 930 0 0 34 34 0 68 0
8136 8138 124 930 122 930 0 1 34 32 4509 32 2
8138 8143 122 930 127 930 1 0 32 27 -4509 32 5
8143 8265 127 930 127 930 0 0 27 27 0 122 0
8265 8270 127 930 122 930 0 1 27 22 4573 32 5
8270 8275 122 930 122 930 1 1 22 22 0 5 0
8275 8282 122 930 128 931 1 0 22 15 -4573 32 7
8282 8776 128 931 128 931 0 0 15 15 0 494 0
8776 8783 128 931 122 930 0 1 15 8 4840 32 7
8783 8784 122 930 122 930 1 1 8 8 0 1 0
8784 8785 122 930 122 931 1 0 8 7 -4840 32 1
8785 10411 122 931 122 931 0 0 7 7 0 1626 0
10411 10412 122 931 122 930 0 1 7 6 5697 32 1
10412 10413 122 930 123 930 1 0 6 5 -5697 32 1
10413 10535 123 930 123 930 0 0 5 5 0 122 0
10535 10536 123 930 122 930 0 1 5 4 5757 32 1
10536 10536 122 930 122 930 1 2 4 4 5742 1 0
10536 10536 122 930 122 930 2 1 4 4 -5742 4 0
10536 10538 122 930 122 930 1 1 4 4 0 2 0
10538 10539 122 930 123 930 1 0 4 3 -5757 32 1
10539 11543 123 930 123 930 0 0 3 3 0 1004 0
11543 11544 123 930 122 930 0 1 3 2 6290 32 1
11544 11545 122 930 122 930 1 1 2 2 0 1 0
11545 11546 122 930 123 930 1 0 2 1 -6290 32 1
11546 17183 123 930 123 930 0 0 1 1 0 5637 0
17183 17184 123 930 122 930 0 1 1 0 41573 32 1
17184 17187 122 930 122 930 1 1 0 0 0 3 0
17187 17187 122 930 122 930 1 0 0 0 -41573 32 0
17187 18322 122 930 122 930 0 0 0 0 0 1135 0
18322 18322 122 930 122 930 0 1 0 0 42100 32 0
18322 18326 122 930 122 930 1 1 0 0 0 4 0
18326 18326 122 930 122 930 1 0 0 0 -42100 32 0
18326 19341 122 930 122 930 0 0 0 0 0 1015 0
19341 19341 122 930 122 930 0 1 0 0 42562 32 0
19341 19341 122 930 122 930 1 2 0 0 42561 31 0
19341 19342 122 930 122 930 2 2 0 0 0 1 0
19342 19342 122 930 122 930 2 1 0 0 -42562 32 0
19342 19342 122 930 122 930 1 0 0 0 -42561 32 0
19342 20303 122 930 122 930 0 0 0 0 0 961 0
20303 20303 122 930 122 930 0 1 0 0 43043 32 0
20303 20307 122 930 122 930 1 1 0 0 0 4 0
20307 20307 122 930 122 930 1 0 0 0 -43043 32 0
20307 23497 122 930 122 930 0 0 0 0 0 3190 0
23497 23497 122 930 122 930 0 1 0 0 11047 32 0
23497 23498 122 930 122 930 1 1 0 0 0 1 0
23498 23498 122 930 122 930 1 0 0 0 -11047 32 0
23498 24479 122 930 122 930 0 0 0 0 0 981 0
24479 24479 122 930 122 930 0 1 0 0 26908 32 0
24479 24480 122 930 122 930 1 1 0 0 0 1 0
24480 24480 122 930 122 930 1 0 0 0 -26908 32 0
24480 27341 122 930 122 930 0 0 0 0 0 2861 0
27341 27341 122 930 122 930 0 1 0 0 46877 32 0
27341 27343 122 930 122 930 1 1 0 0 0 2 0
27343 27343 122 930 122 930 1 0 0 0 -46877 32 0
27343 27911 122 930 122 930 0 0 0 0 0 568 0
27911 27911 122 930 122 930 0 1 0 0 28718 32 0
27911 27914 122 930 122 930 1 1 0 0 0 3 0
27914 27914 122 930 122 930 1 0 0 0 -28718 32 0
27914 28332 122 930 122 930 0 0 0 0 0 418 0
28332 28332 122 930 122 930 0 1 0 0 47478 32 0
28332 28333 122 930 122 930 1 1 0 0 0 1 0
28333 28333 122 930 122 930 1 0 0 0 -47478 32 0
28333 28737 122 930 122 930 0 0 0 0 0 404 0
28737 28737 122 930 122 930 0 1 0 0 47722 32 0
28737 28738 122 930 122 930 1 1 0 0 0 1 0
28738 28738 122 930 122 930 1 0 0 0 -47722 32 0
28738 35548 122 930 122 930 0 0 0 0 0 6810 0
35548 35548 122 930 122 930 0 1 0 0 14416 32 0
35548 35549 122 930 122 930 1 1 0 0 0 1 0
35549 35549 122 930 122 930 1 0 0 0 -14416 32 0
35549 36313 122 930 122 930 0 0 0 0 0 764 0
36313 36313 122 930 122 930 0 1 0 0 32671 32 0
36313 36314 122 930 122 930 1 1 0 0 0 1 0
36314 36314 122 930 122 930 1 0 0 0 -32671 32 0
36314 37338 122 930 122 930 0 0 0 0 0 1024 0
37338 37338 122 930 122 930 0 1 0 0 14876 32 0
37338 37339 122 930 122 930 1 1 0 0 0 1 0
37339 37339 122 930 122 930 1 0 0 0 -14876 32 0
37339 42732 122 930 122 930 0 0 0 0 0 5393 0
42732 42732 122 930 122 930 0 1 0 0 17129 32 0
42732 42735 122 930 122 930 1 1 0 0 0 3 0
42735 42735 122 930 122 930 1 0 0 0 -17129 32 0
42735 43267 122 930 122 930 0 0 0 0 0 532 0
43267 43267 122 930 122 930 0 0 0 0 1000000000 0 0
--------------------------------------
--------------------------------------
EV2
--------------------------------------
Num TPs served = 16
TPs served = 4627 5910 5961 6180 6327 6381 7043 7740 7750 7859 8252 8323 8743 9113 9319 10029
Total energy used = 100
--------------------------------------
Schedule:
0 8368 122 930 122 930 0 0 100 100 0 8368 0
8368 8368 122 930 122 930 0 1 100 100 4627 32 0
8368 8378 122 930 132 930 1 0 100 90 -4627 32 10
8378 10806 132 930 132 930 0 0 90 90 0 2428 0
10806 10816 132 930 122 930 0 1 90 80 5910 32 10
10816 10817 122 930 122 930 1 1 80 80 0 1 0
10817 10819 122 930 122 932 1 0 80 78 -5910 32 2
10819 10909 122 932 122 932 0 0 78 78 0 90 0
10909 10911 122 932 122 930 0 1 78 76 5961 32 2
10911 10912 122 930 122 930 1 1 76 76 0 1 0
10912 10915 122 930 124 931 1 0 76 73 -5961 32 3
10915 11328 124 931 124 931 0 0 73 73 0 413 0
11328 11331 124 931 122 930 0 1 73 70 6180 32 3
11331 11341 122 930 122 930 1 1 70 70 0 10 0
11341 11345 122 930 125 931 1 0 70 66 -6180 32 4
11345 11605 125 931 125 931 0 0 66 66 0 260 0
11605 11609 125 931 122 930 0 1 66 62 6327 32 4
11609 11610 122 930 122 931 1 0 62 61 -6327 32 1
11610 11725 122 931 122 931 0 0 61 61 0 115 0
11725 11726 122 931 122 930 0 1 61 60 6381 32 1
11726 11730 122 930 126 930 1 0 60 56 -6381 32 4
11730 13080 126 930 126 930 0 0 56 56 0 1350 0
13080 13084 126 930 122 930 0 1 56 52 7043 32 4
13084 13086 122 930 124 930 1 0 52 50 -7043 32 2
13086 14658 124 930 124 930 0 0 50 50 0 1572 0
14658 14660 124 930 122 930 0 1 50 48 7750 32 2
14660 14660 122 930 122 930 1 2 48 48 7740 2 0
14660 14662 122 930 124 930 2 1 48 46 -7750 32 2
14662 14664 124 930 126 930 1 0 46 44 -7740 2 2
14664 14896 126 930 126 930 0 0 44 44 0 232 0
14896 14900 126 930 122 930 0 1 44 40 7859 32 4
14900 14901 122 930 122 930 1 1 40 40 0 1 0
14901 14904 122 930 122 933 1 0 40 37 -7859 32 3
14904 15820 122 933 122 933 0 0 37 37 0 916 0
15820 15823 122 933 122 930 0 1 37 34 8252 32 3
15823 15824 122 930 122 930 1 1 34 34 0 1 0
15824 15826 122 930 122 932 1 0 34 32 -8252 32 2
15826 15987 122 932 122 932 0 0 32 32 0 161 0
15987 15989 122 932 122 930 0 1 32 30 8323 32 2
15989 15996 122 930 129 930 1 0 30 23 -8323 32 7
15996 17004 129 930 129 930 0 0 23 23 0 1008 0
17004 17011 129 930 122 930 0 1 23 16 8743 32 7
17011 17013 122 930 124 930 1 0 16 14 -8743 32 2
17013 17925 124 930 124 930 0 0 14 14 0 912 0
17925 17927 124 930 122 930 0 1 14 12 9113 32 2
17927 17928 122 930 122 930 1 1 12 12 0 1 0
17928 17930 122 930 123 931 1 0 12 10 -9113 32 2
17930 18547 123 931 123 931 0 0 10 10 0 617 0
18547 18549 123 931 122 930 0 1 10 8 9319 32 2
18549 18550 122 930 122 930 1 1 8 8 0 1 0
18550 18553 122 930 124 931 1 0 8 5 -9319 32 3
18553 20506 124 931 124 931 0 0 5 5 0 1953 0
20506 20509 124 931 122 930 0 1 5 2 10029 32 3
20509 20510 122 930 122 930 1 1 2 2 0 1 0
20510 20511 122 930 123 930 1 0 2 1 -10029 32 1
20511 43266 123 930 123 930 0 0 1 1 0 22755 0
43266 43267 123 930 122 930 0 0 1 0 1000000000 0 1
--------------------------------------
--------------------------------------
EV3
--------------------------------------
Num TPs served = 20
TPs served = 9700 10092 10269 10882 11018 11256 11392 11460 12130 12242 12353 12675 12902 12927 13189 13221 13571 13741 26391 48998
Total energy used = 100
--------------------------------------
Schedule:
0 19547 122 930 122 930 0 0 100 100 0 19547 0
19547 19547 122 930 122 930 0 1 100 100 9700 32 0
19547 19555 122 930 128 932 1 0 100 92 -9700 32 8
19555 20669 128 932 128 932 0 0 92 92 0 1114 0
20669 20677 128 932 122 930 0 1 92 84 10092 32 8
20677 20680 122 930 124 931 1 0 84 81 -10092 32 3
20680 21179 124 931 124 931 0 0 81 81 0 499 0
21179 21182 124 931 122 930 0 1 81 78 10269 32 3
21182 21184 122 930 122 930 1 1 78 78 0 2 0
21184 21185 122 930 122 931 1 0 78 77 -10269 32 1
21185 23010 122 931 122 931 0 0 77 77 0 1825 0
23010 23011 122 931 122 930 0 1 77 76 10882 32 1
23011 23012 122 930 122 930 1 1 76 76 0 1 0
23012 23014 122 930 123 931 1 0 76 74 -10882 32 2
23014 23445 123 931 123 931 0 0 74 74 0 431 0
23445 23447 123 931 122 930 0 1 74 72 26391 32 2
23447 23447 122 930 122 930 1 2 72 72 11018 13 0
23447 23448 122 930 122 930 2 2 72 72 0 1 0
23448 23449 122 930 122 931 2 1 72 71 -26391 32 1
23449 23450 122 931 123 931 1 0 71 70 -11018 12 1
23450 24125 123 931 123 931 0 0 70 70 0 675 0
24125 24127 123 931 122 930 0 1 70 68 11256 32 2
24127 24135 122 930 129 931 1 0 68 60 -11256 32 8
24135 24622 129 931 129 931 0 0 60 60 0 487 0
24622 24630 129 931 122 930 0 1 60 52 11392 32 8
24630 24631 122 930 123 930 1 0 52 51 -11392 32 1
24631 24855 123 930 123 930 0 0 51 51 0 224 0
24855 24856 123 930 122 930 0 1 51 50 11460 32 1
24856 24857 122 930 123 930 1 0 50 49 -11460 32 1
24857 27172 123 930 123 930 0 0 49 49 0 2315 0
27172 27173 123 930 122 930 0 1 49 48 12130 32 1
27173 27174 122 930 122 931 1 0 48 47 -12130 32 1
27174 27523 122 931 122 931 0 0 47 47 0 349 0
27523 27524 122 931 122 930 0 1 47 46 12242 32 1
27524 27526 122 930 122 932 1 0 46 44 -12242 32 2
27526 27934 122 932 122 932 0 0 44 44 0 408 0
27934 27936 122 932 122 930 0 1 44 42 12353 32 2
27936 27938 122 930 124 930 1 0 42 40 -12353 32 2
27938 29092 124 930 124 930 0 0 40 40 0 1154 0
29092 29094 124 930 122 930 0 1 40 38 12675 32 2
29094 29096 122 930 124 930 1 0 38 36 -12675 32 2
29096 29942 124 930 124 930 0 0 36 36 0 846 0
29942 29944 124 930 122 930 0 1 36 34 12902 32 2
29944 29945 122 930 123 930 1 0 34 33 -12902 32 1
29945 30007 123 930 123 930 0 0 33 33 0 62 0
30007 30008 123 930 122 930 0 1 33 32 12927 32 1
30008 30010 122 930 123 931 1 0 32 30 -12927 32 2
30010 30935 123 931 123 931 0 0 30 30 0 925 0
30935 30937 123 931 122 930 0 1 30 28 13189 32 2
30937 30940 122 930 125 930 1 0 28 25 -13189 32 3
30940 31018 125 930 125 930 0 0 25 25 0 78 0
31018 31021 125 930 122 930 0 1 25 22 48998 32 3
31021 31048 122 930 122 930 1 1 22 22 0 27 0
31048 31048 122 930 122 930 1 2 22 22 13221 32 0
31048 31050 122 930 123 931 2 1 22 20 -48998 6 2
31050 31052 123 931 123 931 1 1 20 20 0 2 0
31052 31056 123 931 127 931 1 0 20 16 -13221 32 4
31056 32394 127 931 127 931 0 0 16 16 0 1338 0
32394 32400 127 931 122 930 0 1 16 10 13571 32 6
32400 32403 122 930 125 930 1 0 10 7 -13571 32 3
32403 32993 125 930 125 930 0 0 7 7 0 590 0
32993 32996 125 930 122 930 0 1 7 4 13741 32 3
32996 32998 122 930 123 931 1 0 4 2 -13741 32 2
32998 43265 123 931 123 931 0 0 2 2 0 10267 0
43265 43267 123 931 122 930 0 0 2 0 1000000000 0 2
--------------------------------------
--------------------------------------
EV4
--------------------------------------
Num TPs served = 18
TPs served = 13245 13864 14635 15221 15691 15713 15819 16262 16298 16989 17101 17411 17532 17844 18169 18705 19042 30319
Total energy used = 100
--------------------------------------
Schedule:
0 373 122 930 122 930 0 0 100 100 0 373 0
373 373 122 930 122 930 0 1 100 100 17532 32 0
373 375 122 930 122 930 1 1 100 100 0 2 0
375 377 122 930 123 931 1 0 100 98 -17532 32 2
377 1364 123 931 123 931 0 0 98 98 0 987 0
1364 1366 123 931 122 930 0 1 98 96 17844 32 2
1366 1368 122 930 123 931 1 0 96 94 -17844 32 2
1368 2344 123 931 123 931 0 0 94 94 0 976 0
2344 2346 123 931 122 930 0 1 94 92 18169 32 2
2346 2347 122 930 122 931 1 0 92 91 -18169 32 1
2347 4056 122 931 122 931 0 0 91 91 0 1709 0
4056 4057 122 931 122 930 0 1 91 90 18705 32 1
4057 4058 122 930 122 930 1 1 90 90 0 1 0
4058 4059 122 930 122 931 1 0 90 89 -18705 32 1
4059 5131 122 931 122 931 0 0 89 89 0 1072 0
5131 5132 122 931 122 930 0 1 89 88 19042 32 1
5132 5133 122 930 123 930 1 0 88 87 -19042 32 1
5133 31103 123 930 123 930 0 0 87 87 0 25970 0
31103 31104 123 930 122 930 0 1 87 86 30319 32 1
31104 31133 122 930 122 930 1 1 86 86 0 29 0
31133 31133 122 930 122 930 1 2 86 86 13245 32 0
31133 31134 122 930 123 930 2 1 86 85 -30319 4 1
31134 31135 123 930 123 930 1 1 85 85 0 1 0
31135 31144 123 930 127 935 1 0 85 76 -13245 32 9
31144 33435 127 935 127 935 0 0 76 76 0 2291 0
33435 33445 127 935 122 930 0 1 76 66 13864 32 10
33445 33448 122 930 125 930 1 0 66 63 -13864 32 3
33448 36397 125 930 125 930 0 0 63 63 0 2949 0
36397 36400 125 930 122 930 0 1 63 60 14635 32 3
36400 36405 122 930 122 930 1 1 60 60 0 5 0
36405 36411 122 930 125 933 1 0 60 54 -14635 32 6
36411 38674 125 933 125 933 0 0 54 54 0 2263 0
38674 38680 125 933 122 930 0 1 54 48 15221 32 6
38680 38681 122 930 123 930 1 0 48 47 -15221 32 1
38681 40194 123 930 123 930 0 0 47 47 0 1513 0
40194 40195 123 930 122 930 0 1 47 46 15691 32 1
40195 40196 122 930 123 930 1 0 46 45 -15691 32 1
40196 40228 123 930 123 930 0 0 45 45 0 32 0
40228 40229 123 930 122 930 0 1 45 44 15713 32 1
40229 40236 122 930 124 935 1 0 44 37 -15713 32 7
40236 40413 124 935 124 935 0 0 37 37 0 177 0
40413 40420 124 935 122 930 0 1 37 30 15819 32 7
40420 40421 122 930 122 930 1 1 30 30 0 1 0
40421 40422 122 930 122 931 1 0 30 29 -15819 32 1
40422 41207 122 931 122 931 0 0 29 29 0 785 0
41207 41208 122 931 122 930 0 1 29 28 16262 32 1
41208 41209 122 930 122 930 1 1 28 28 0 1 0
41209 41215 122 930 125 933 1 0 28 22 -16262 32 6
41215 41264 125 933 125 933 0 0 22 22 0 49 0
41264 41270 125 933 122 930 0 1 22 16 16298 32 6
41270 41272 122 930 124 930 1 0 16 14 -16298 32 2
41272 42481 124 930 124 930 0 0 14 14 0 1209 0
42481 42483 124 930 122 930 0 1 14 12 16989 32 2
42483 42485 122 930 122 932 1 0 12 10 -16989 32 2
42485 42692 122 932 122 932 0 0 10 10 0 207 0
42692 42694 122 932 122 930 0 1 10 8 17101 32 2
42694 42695 122 930 122 930 1 1 8 8 0 1 0
42695 42698 122 930 122 933 1 0 8 5 -17101 32 3
42698 43185 122 933 122 933 0 0 5 5 0 487 0
43185 43188 122 933 122 930 0 1 5 2 17411 32 3
43188 43189 122 930 123 930 1 0 2 1 -17411 32 1
43189 43266 123 930 123 930 0 0 1 1 0 77 0
43266 43267 123 930 122 930 0 0 1 0 1000000000 0 1
--------------------------------------
--------------------------------------
EV5
--------------------------------------
Num TPs served = 22
TPs served = 18028 18771 18990 19076 19649 20488 20861 21293 21425 21465 21745 21848 22382 23514 23681 23785 24183 24293 24591 24764 27352 35804
Total energy used = 100
--------------------------------------
Schedule:
0 1887 122 930 122 930 0 0 100 100 0 1887 0
1887 1887 122 930 122 930 0 1 100 100 35804 32 0
1887 1897 122 930 122 930 1 1 100 100 0 10 0
1897 1897 122 930 122 930 1 2 100 100 18028 32 0
1897 1898 122 930 123 930 2 1 100 99 -35804 22 1
1898 1901 123 930 123 930 1 1 99 99 0 3 0
1901 1904 123 930 125 931 1 0 99 96 -18028 32 3
1904 4265 125 931 125 931 0 0 96 96 0 2361 0
4265 4269 125 931 122 930 0 1 96 92 18771 32 4
4269 4270 122 930 122 930 1 1 92 92 0 1 0
4270 4272 122 930 123 931 1 0 92 90 -18771 32 2
4272 4958 123 931 123 931 0 0 90 90 0 686 0
4958 4960 123 931 122 930 0 1 90 88 18990 32 2
4960 4962 122 930 123 931 1 0 88 86 -18990 32 2
4962 5220 123 931 123 931 0 0 86 86 0 258 0
5220 5222 123 931 122 930 0 1 86 84 19076 32 2
5222 5226 122 930 124 932 1 0 84 80 -19076 32 4
5226 7005 124 932 124 932 0 0 80 80 0 1779 0
7005 7009 124 932 122 930 0 1 80 76 19649 32 4
7009 7010 122 930 123 930 1 0 76 75 -19649 32 1
7010 9404 123 930 123 930 0 0 75 75 0 2394 0
9404 9405 123 930 122 930 0 1 75 74 20488 32 1
9405 9408 122 930 125 930 1 0 74 71 -20488 32 3
9408 10415 125 930 125 930 0 0 71 71 0 1007 0
10415 10418 125 930 122 930 0 1 71 68 20861 32 3
10418 10419 122 930 122 930 1 1 68 68 0 1 0
10419 10421 122 930 123 931 1 0 68 66 -20861 32 2
10421 11535 123 931 123 931 0 0 66 66 0 1114 0
11535 11537 123 931 122 930 0 1 66 64 21293 32 2
11537 11539 122 930 122 932 1 0 64 62 -21293 32 2
11539 11893 122 932 122 932 0 0 62 62 0 354 0
11893 11895 122 932 122 930 0 1 62 60 21425 32 2
11895 11897 122 930 124 930 1 0 60 58 -21425 32 2
11897 12017 124 930 124 930 0 0 58 58 0 120 0
12017 12019 124 930 122 930 0 1 58 56 21465 32 2
12019 12020 122 930 122 930 1 1 56 56 0 1 0
12020 12025 122 930 127 930 1 0 56 51 -21465 32 5
12025 12796 127 930 127 930 0 0 51 51 0 771 0
12796 12801 127 930 122 930 0 1 51 46 21745 32 5
12801 12803 122 930 123 931 1 0 46 44 -21745 32 2
12803 13047 123 931 123 931 0 0 44 44 0 244 0
13047 13049 123 931 122 930 0 1 44 42 21848 32 2
13049 13050 122 930 123 930 1 0 42 41 -21848 32 1
13050 14437 123 930 123 930 0 0 41 41 0 1387 0
14437 14438 123 930 122 930 0 1 41 40 22382 32 1
14438 14439 122 930 123 930 1 0 40 39 -22382 32 1
14439 17201 123 930 123 930 0 0 39 39 0 2762 0
17201 17202 123 930 122 930 0 1 39 38 23514 32 1
17202 17205 122 930 122 930 1 1 38 38 0 3 0
17205 17209 122 930 126 930 1 0 38 34 -23514 32 4
17209 17596 126 930 126 930 0 0 34 34 0 387 0
17596 17600 126 930 122 930 0 1 34 30 23681 32 4
17600 17605 122 930 122 930 1 1 30 30 0 5 0
17605 17608 122 930 122 933 1 0 30 27 -23681 32 3
17608 17811 122 933 122 933 0 0 27 27 0 203 0
17811 17814 122 933 122 930 0 1 27 24 23785 32 3
17814 17816 122 930 123 931 1 0 24 22 -23785 32 2
17816 18684 123 931 123 931 0 0 22 22 0 868 0
18684 18686 123 931 122 930 0 1 22 20 24183 32 2
18686 18690 122 930 126 930 1 0 20 16 -24183 32 4
18690 18924 126 930 126 930 0 0 16 16 0 234 0
18924 18928 126 930 122 930 0 1 16 12 24293 32 4
18928 18929 122 930 122 930 1 1 12 12 0 1 0
18929 18932 122 930 125 930 1 0 12 9 -24293 32 3
18932 19595 125 930 125 930 0 0 9 9 0 663 0
19595 19598 125 930 122 930 0 1 9 6 24591 32 3
19598 19599 122 930 122 930 1 1 6 6 0 1 0
19599 19600 122 930 123 930 1 0 6 5 -24591 32 1
19600 19979 123 930 123 930 0 0 5 5 0 379 0
19979 19980 123 930 122 930 0 1 5 4 24764 32 1
19980 19986 122 930 122 930 1 1 4 4 0 6 0
19986 19987 122 930 122 931 1 0 4 3 -24764 32 1
19987 25296 122 931 122 931 0 0 3 3 0 5309 0
25296 25297 122 931 122 930 0 1 3 2 27352 32 1
25297 25298 122 930 122 931 1 0 2 1 -27352 32 1
25298 43266 122 931 122 931 0 0 1 1 0 17968 0
43266 43267 122 931 122 930 0 0 1 0 1000000000 0 1
--------------------------------------
--------------------------------------
EV6
--------------------------------------
Num TPs served = 18
TPs served = 24480 24872 24937 25022 25752 26084 26307 26927 27173 27250 27725 28455 28575 29116 29194 29599 43191 48269
Total energy used = 100
--------------------------------------
Schedule:
0 19344 122 930 122 930 0 0 100 100 0 19344 0
19344 19344 122 930 122 930 0 1 100 100 24480 32 0
19344 19350 122 930 125 933 1 0 100 94 -24480 32 6
19350 20191 125 933 125 933 0 0 94 94 0 841 0
20191 20197 125 933 122 930 0 1 94 88 24872 32 6
20197 20201 122 930 126 930 1 0 88 84 -24872 32 4
20201 20338 126 930 126 930 0 0 84 84 0 137 0
20338 20342 126 930 122 930 0 1 84 80 24937 32 4
20342 20344 122 930 124 930 1 0 80 78 -24937 32 2
20344 20586 124 930 124 930 0 0 78 78 0 242 0
20586 20588 124 930 122 930 0 1 78 76 43191 32 2
20588 20588 122 930 122 930 1 2 76 76 25022 10 0
20588 20590 122 930 124 930 2 1 76 74 -43191 32 2
20590 20591 124 930 125 930 1 0 74 73 -25022 11 1
20591 22131 125 930 125 930 0 0 73 73 0 1540 0
22131 22134 125 930 122 930 0 1 73 70 25752 32 3
22134 22135 122 930 122 930 1 1 70 70 0 1 0
22135 22137 122 930 122 932 1 0 70 68 -25752 32 2
22137 22824 122 932 122 932 0 0 68 68 0 687 0
22824 22826 122 932 122 930 0 1 68 66 26084 32 2
22826 22831 122 930 127 930 1 0 66 61 -26084 32 5
22831 23290 127 930 127 930 0 0 61 61 0 459 0
23290 23295 127 930 122 930 0 1 61 56 26307 32 5
23295 23298 122 930 125 930 1 0 56 53 -26307 32 3
23298 24505 125 930 125 930 0 0 53 53 0 1207 0
24505 24508 125 930 122 930 0 1 53 50 26927 32 3
24508 24511 122 930 122 930 1 1 50 50 0 3 0
24511 24514 122 930 122 933 1 0 50 47 -26927 32 3
24514 24961 122 933 122 933 0 0 47 47 0 447 0
24961 24964 122 933 122 930 0 1 47 44 27173 32 3
24964 24965 122 930 122 930 1 1 44 44 0 1 0
24965 24968 122 930 125 930 1 0 44 41 -27173 32 3
24968 25104 125 930 125 930 0 0 41 41 0 136 0
25104 25107 125 930 122 930 0 1 41 38 27250 32 3
25107 25109 122 930 122 932 1 0 38 36 -27250 32 2
25109 25985 122 932 122 932 0 0 36 36 0 876 0
25985 25987 122 932 122 930 0 1 36 34 27725 32 2
25987 25989 122 930 122 932 1 0 34 32 -27725 32 2
25989 27405 122 932 122 932 0 0 32 32 0 1416 0
27405 27407 122 932 122 930 0 1 32 30 28455 32 2
27407 27413 122 930 122 930 1 1 30 30 0 6 0
27413 27417 122 930 125 931 1 0 30 26 -28455 32 4
27417 27624 125 931 125 931 0 0 26 26 0 207 0
27624 27628 125 931 122 930 0 1 26 22 28575 32 4
27628 27630 122 930 124 930 1 0 22 20 -28575 32 2
27630 28711 124 930 124 930 0 0 20 20 0 1081 0
28711 28713 124 930 122 930 0 1 20 18 29116 32 2
28713 28714 122 930 123 930 1 0 18 17 -29116 32 1
28714 28886 123 930 123 930 0 0 17 17 0 172 0
28886 28887 123 930 122 930 0 1 17 16 29194 32 1
28887 28890 122 930 123 932 1 0 16 13 -29194 32 3
28890 29697 123 932 123 932 0 0 13 13 0 807 0
29697 29700 123 932 122 930 0 1 13 10 29599 32 3
29700 29731 122 930 122 930 1 1 10 10 0 31 0
29731 29731 122 930 122 930 1 2 10 10 48269 32 0
29731 29732 122 930 122 931 2 1 10 9 -48269 32 1
29732 29736 122 931 124 933 1 0 9 5 -29599 5 4
29736 43262 124 933 124 933 0 0 5 5 0 13526 0
43262 43267 124 933 122 930 0 0 5 0 1000000000 0 5
--------------------------------------
--------------------------------------
EV7
--------------------------------------
Num TPs served = 20
TPs served = 30342 31571 31666 32220 32354 32398 32468 32584 32645 33056 33518 34027 34113 34646 34778 35110 35571 36206 36595 36668
Total energy used = 100
--------------------------------------
Schedule:
0 1287 122 930 122 930 0 0 100 100 0 1287 0
1287 1287 122 930 122 930 0 1 100 100 35571 32 0
1287 1288 122 930 122 931 1 0 100 99 -35571 32 1
1288 3094 122 931 122 931 0 0 99 99 0 1806 0
3094 3095 122 931 122 930 0 1 99 98 36206 32 1
3095 3096 122 930 123 930 1 0 98 97 -36206 32 1
3096 4222 123 930 123 930 0 0 97 97 0 1126 0
4222 4223 123 930 122 930 0 1 97 96 36595 32 1
4223 4224 122 930 122 930 1 1 96 96 0 1 0
4224 4226 122 930 124 930 1 0 96 94 -36595 32 2
4226 4480 124 930 124 930 0 0 94 94 0 254 0
4480 4482 124 930 122 930 0 1 94 92 36668 32 2
4482 4483 122 930 122 931 1 0 92 91 -36668 32 1
4483 31146 122 931 122 931 0 0 91 91 0 26663 0
31146 31147 122 931 122 930 0 1 91 90 30342 32 1
31147 31149 122 930 122 930 1 1 90 90 0 2 0
31149 31150 122 930 122 931 1 0 90 89 -30342 32 1
31150 33770 122 931 122 931 0 0 89 89 0 2620 0
33770 33771 122 931 122 930 0 1 89 88 31571 32 1
33771 33776 122 930 126 931 1 0 88 83 -31571 32 5
33776 33977 126 931 126 931 0 0 83 83 0 201 0
33977 33982 126 931 122 930 0 1 83 78 31666 32 5
33982 33988 122 930 128 930 1 0 78 72 -31666 32 6
33988 35258 128 930 128 930 0 0 72 72 0 1270 0
35258 35264 128 930 122 930 0 1 72 66 32220 32 6
35264 35267 122 930 124 931 1 0 66 63 -32220 32 3
35267 35574 124 931 124 931 0 0 63 63 0 307 0
35574 35577 124 931 122 930 0 1 63 60 32354 32 3
35577 35579 122 930 124 930 1 0 60 58 -32354 32 2
35579 35696 124 930 124 930 0 0 58 58 0 117 0
35696 35698 124 930 122 930 0 1 58 56 32398 32 2
35698 35699 122 930 123 930 1 0 56 55 -32398 32 1
35699 35838 123 930 123 930 0 0 55 55 0 139 0
35838 35839 123 930 122 930 0 1 55 54 32468 32 1
35839 35842 122 930 122 930 1 1 54 54 0 3 0
35842 35846 122 930 124 932 1 0 54 50 -32468 32 4
35846 36109 124 932 124 932 0 0 50 50 0 263 0
36109 36113 124 932 122 930 0 1 50 46 32584 32 4
36113 36119 122 930 125 933 1 0 46 40 -32584 32 6
36119 36253 125 933 125 933 0 0 40 40 0 134 0
36253 36259 125 933 122 930 0 1 40 34 32645 32 6
36259 36260 122 930 122 930 1 1 34 34 0 1 0
36260 36261 122 930 123 930 1 0 34 33 -32645 32 1
36261 37333 123 930 123 930 0 0 33 33 0 1072 0
37333 37334 123 930 122 930 0 1 33 32 33056 32 1
37334 37335 122 930 123 930 1 0 32 31 -33056 32 1
37335 38483 123 930 123 930 0 0 31 31 0 1148 0
38483 38484 123 930 122 930 0 1 31 30 33518 32 1
38484 38485 122 930 123 930 1 0 30 29 -33518 32 1
38485 39836 123 930 123 930 0 0 29 29 0 1351 0
39836 39837 123 930 122 930 0 1 29 28 34027 32 1
39837 39838 122 930 123 930 1 0 28 27 -34027 32 1
39838 40101 123 930 123 930 0 0 27 27 0 263 0
40101 40102 123 930 122 930 0 1 27 26 34113 32 1
40102 40111 122 930 125 936 1 0 26 17 -34113 32 9
40111 41650 125 936 125 936 0 0 17 17 0 1539 0
41650 41659 125 936 122 930 0 1 17 8 34646 32 9
41659 41661 122 930 122 932 1 0 8 6 -34646 32 2
41661 42054 122 932 122 932 0 0 6 6 0 393 0
42054 42056 122 932 122 930 0 1 6 4 34778 32 2
42056 42057 122 930 123 930 1 0 4 3 -34778 32 1
42057 43079 123 930 123 930 0 0 3 3 0 1022 0
43079 43080 123 930 122 930 0 1 3 2 35110 32 1
43080 43081 122 930 122 931 1 0 2 1 -35110 32 1
43081 43266 122 931 122 931 0 0 1 1 0 185 0
43266 43267 122 931 122 930 0 0 1 0 1000000000 0 1
--------------------------------------

-------------------------------------------------------------------------

TPs

-------------------------------------------------------------------------

----------------------
TP93 allocated to 1
----------------------

----------------------
TP489 allocated to 1
----------------------

----------------------
TP1189 allocated to 1
----------------------

----------------------
TP1592 allocated to 1
----------------------

----------------------
TP1596 allocated to 1
----------------------

----------------------
TP1651 allocated to 1
----------------------

----------------------
TP2144 allocated to 1
----------------------

----------------------
TP2649 allocated to 1
----------------------

----------------------
TP2762 allocated to 1
----------------------

----------------------
TP2789 allocated to 1
----------------------

----------------------
TP3194 allocated to 1
----------------------

----------------------
TP3661 allocated to 1
----------------------

----------------------
TP3802 allocated to 1
----------------------

----------------------
TP3879 allocated to 1
----------------------

----------------------
TP4047 allocated to 1
----------------------

----------------------
TP4238 allocated to 1
----------------------

----------------------
TP4265 allocated to 1
----------------------

----------------------
TP4297 allocated to 1
----------------------

----------------------
TP4381 allocated to 1
----------------------

----------------------
TP4478 allocated to 1
----------------------

----------------------
TP4509 allocated to 1
----------------------

----------------------
TP4573 allocated to 1
----------------------

----------------------
TP4627 allocated to 2
----------------------

----------------------
TP4840 allocated to 1
----------------------

----------------------
TP5697 allocated to 1
----------------------

----------------------
TP5742 allocated to 1
----------------------

----------------------
TP5757 allocated to 1
----------------------

----------------------
TP5910 allocated to 2
----------------------

----------------------
TP5961 allocated to 2
----------------------

----------------------
TP6180 allocated to 2
----------------------

----------------------
TP6290 allocated to 1
----------------------

----------------------
TP6327 allocated to 2
----------------------

----------------------
TP6381 allocated to 2
----------------------

----------------------
TP7043 allocated to 2
----------------------

----------------------
TP7740 allocated to 2
----------------------

----------------------
TP7750 allocated to 2
----------------------

----------------------
TP7859 allocated to 2
----------------------

----------------------
TP8252 allocated to 2
----------------------

----------------------
TP8323 allocated to 2
----------------------

----------------------
TP8743 allocated to 2
----------------------

----------------------
TP9113 allocated to 2
----------------------

----------------------
TP9319 allocated to 2
----------------------

----------------------
TP9700 allocated to 3
----------------------

----------------------
TP10029 allocated to 2
----------------------

----------------------
TP10092 allocated to 3
----------------------

----------------------
TP10269 allocated to 3
----------------------

----------------------
TP10882 allocated to 3
----------------------

----------------------
TP11018 allocated to 3
----------------------

----------------------
TP11047 allocated to 1
----------------------

----------------------
TP11256 allocated to 3
----------------------

----------------------
TP11392 allocated to 3
----------------------

----------------------
TP11460 allocated to 3
----------------------

----------------------
TP12130 allocated to 3
----------------------

----------------------
TP12242 allocated to 3
----------------------

----------------------
TP12353 allocated to 3
----------------------

----------------------
TP12675 allocated to 3
----------------------

----------------------
TP12902 allocated to 3
----------------------

----------------------
TP12927 allocated to 3
----------------------

----------------------
TP13189 allocated to 3
----------------------

----------------------
TP13221 allocated to 3
----------------------

----------------------
TP13245 allocated to 4
----------------------

----------------------
TP13571 allocated to 3
----------------------

----------------------
TP13741 allocated to 3
----------------------

----------------------
TP13864 allocated to 4
----------------------

----------------------
TP14416 allocated to 1
----------------------

----------------------
TP14635 allocated to 4
----------------------

----------------------
TP14876 allocated to 1
----------------------

----------------------
TP15221 allocated to 4
----------------------

----------------------
TP15691 allocated to 4
----------------------

----------------------
TP15713 allocated to 4
----------------------

----------------------
TP15819 allocated to 4
----------------------

----------------------
TP16262 allocated to 4
----------------------

----------------------
TP16298 allocated to 4
----------------------

----------------------
TP16989 allocated to 4
----------------------

----------------------
TP17101 allocated to 4
----------------------

----------------------
TP17129 allocated to 1
----------------------

----------------------
TP17411 allocated to 4
----------------------

----------------------
TP17532 allocated to 4
----------------------

----------------------
TP17731 allocated to 1
----------------------

----------------------
TP17844 allocated to 4
----------------------

----------------------
TP18028 allocated to 5
----------------------

----------------------
TP18169 allocated to 4
----------------------

----------------------
TP18705 allocated to 4
----------------------

----------------------
TP18771 allocated to 5
----------------------

----------------------
TP18990 allocated to 5
----------------------

----------------------
TP19042 allocated to 4
----------------------

----------------------
TP19076 allocated to 5
----------------------

----------------------
TP19649 allocated to 5
----------------------

----------------------
TP19942 allocated to 1
----------------------

----------------------
TP20488 allocated to 5
----------------------

----------------------
TP20861 allocated to 5
----------------------

----------------------
TP21293 allocated to 5
----------------------

----------------------
TP21425 allocated to 5
----------------------

----------------------
TP21465 allocated to 5
----------------------

----------------------
TP21745 allocated to 5
----------------------

----------------------
TP21848 allocated to 5
----------------------

----------------------
TP22382 allocated to 5
----------------------

----------------------
TP23514 allocated to 5
----------------------

----------------------
TP23681 allocated to 5
----------------------

----------------------
TP23785 allocated to 5
----------------------

----------------------
TP24183 allocated to 5
----------------------

----------------------
TP24293 allocated to 5
----------------------

----------------------
TP24480 allocated to 6
----------------------

----------------------
TP24591 allocated to 5
----------------------

----------------------
TP24764 allocated to 5
----------------------

----------------------
TP24872 allocated to 6
----------------------

----------------------
TP24937 allocated to 6
----------------------

----------------------
TP25022 allocated to 6
----------------------

----------------------
TP25752 allocated to 6
----------------------

----------------------
TP26084 allocated to 6
----------------------

----------------------
TP26307 allocated to 6
----------------------

----------------------
TP26391 allocated to 3
----------------------

----------------------
TP26908 allocated to 1
----------------------

----------------------
TP26927 allocated to 6
----------------------

----------------------
TP27173 allocated to 6
----------------------

----------------------
TP27250 allocated to 6
----------------------

----------------------
TP27352 allocated to 5
----------------------

----------------------
TP27725 allocated to 6
----------------------

----------------------
TP28455 allocated to 6
----------------------

----------------------
TP28575 allocated to 6
----------------------

----------------------
TP28718 allocated to 1
----------------------

----------------------
TP29116 allocated to 6
----------------------

----------------------
TP29194 allocated to 6
----------------------

----------------------
TP29599 allocated to 6
----------------------

----------------------
TP30319 allocated to 4
----------------------

----------------------
TP30342 allocated to 7
----------------------

----------------------
TP31571 allocated to 7
----------------------

----------------------
TP31666 allocated to 7
----------------------

----------------------
TP32220 allocated to 7
----------------------

----------------------
TP32354 allocated to 7
----------------------

----------------------
TP32398 allocated to 7
----------------------

----------------------
TP32468 allocated to 7
----------------------

----------------------
TP32584 allocated to 7
----------------------

----------------------
TP32645 allocated to 7
----------------------

----------------------
TP32671 allocated to 1
----------------------

----------------------
TP33056 allocated to 7
----------------------

----------------------
TP33518 allocated to 7
----------------------

----------------------
TP34027 allocated to 7
----------------------

----------------------
TP34113 allocated to 7
----------------------

----------------------
TP34646 allocated to 7
----------------------

----------------------
TP34778 allocated to 7
----------------------

----------------------
TP35110 allocated to 7
----------------------

----------------------
TP35571 allocated to 7
----------------------

----------------------
TP35804 allocated to 5
----------------------

----------------------
TP36139 not allocated
----------------------

----------------------
TP36206 allocated to 7
----------------------

----------------------
TP36595 allocated to 7
----------------------

----------------------
TP36668 allocated to 7
----------------------

----------------------
TP36711 allocated to 1
----------------------

----------------------
TP37446 not allocated
----------------------

----------------------
TP37671 not allocated
----------------------

----------------------
TP37854 not allocated
----------------------

----------------------
TP38872 not allocated
----------------------

----------------------
TP38922 not allocated
----------------------

----------------------
TP39186 not allocated
----------------------

----------------------
TP39227 not allocated
----------------------

----------------------
TP39283 not allocated
----------------------

----------------------
TP40345 not allocated
----------------------

----------------------
TP41166 not allocated
----------------------

----------------------
TP41573 allocated to 1
----------------------

----------------------
TP41787 not allocated
----------------------

----------------------
TP42100 allocated to 1
----------------------

----------------------
TP42561 allocated to 1
----------------------

----------------------
TP42562 allocated to 1
----------------------

----------------------
TP42622 not allocated
----------------------

----------------------
TP42720 not allocated
----------------------

----------------------
TP43043 allocated to 1
----------------------

----------------------
TP43191 allocated to 6
----------------------

----------------------
TP44052 not allocated
----------------------

----------------------
TP44405 not allocated
----------------------

----------------------
TP44973 not allocated
----------------------

----------------------
TP45841 not allocated
----------------------

----------------------
TP46851 not allocated
----------------------

----------------------
TP46877 allocated to 1
----------------------

----------------------
TP47478 allocated to 1
----------------------

----------------------
TP47503 not allocated
----------------------

----------------------
TP47722 allocated to 1
----------------------

----------------------
TP48219 not allocated
----------------------

----------------------
TP48269 allocated to 6
----------------------

----------------------
TP48496 not allocated
----------------------

----------------------
TP48557 not allocated
----------------------

----------------------
TP48769 not allocated
----------------------

----------------------
TP48998 allocated to 3
----------------------

----------------------
TP49577 not allocated
----------------------

----------------------
TP49679 not allocated
----------------------

----------------------
TP49854 not allocated
----------------------

-------------------------------------------------------------------------

Ride-sharing vs Individual Mode - Num Vehicles and Distance Comparisson 

-------------------------------------------------------------------------
Individual Mode = 186 vehicles.
Ride-sharing Mode = 34 vehicles. The 7 ride-sharing vehicles + 27 vehicles of the individuals not served by the ride-sharing service.
-------------------------------------------------------------------------
Individual Mode = 448 distance.
Ride-sharing Mode = 786 distance. 700 from the EV fleet + 86 from the distance of the trips not covered individuals had to do with their own vehicle.
-------------------------------------------------------------------------
