-------------------------------------------------------------------------
TPs satisfied = 177; Total TPs = 194; Percentage Satisfied + 91.2%
-------------------------------------------------------------------------

-------------------------------------------------------------------------

EVs

-------------------------------------------------------------------------
--------------------------------------
EV1
--------------------------------------
Num TPs served = 39
TPs served = 65 392 636 834 928 1162 1370 1462 1759 1769 1776 1881 1901 1999 2408 2728 2797 4884 5356 7044 9342 10356 11108 13269 13298 14693 18949 25193 25267 26931 29654 29998 32740 33085 36299 42271 43110 43255 47745
Total energy used = 100
--------------------------------------
Schedule:
0 143 915 930 915 930 0 0 100 100 0 143 0
143 143 915 930 915 930 0 1 100 100 65 32 0
143 144 915 930 916 930 1 0 100 99 -65 32 1
144 729 916 930 916 930 0 0 99 99 0 585 0
729 730 916 930 915 930 0 1 99 98 392 32 1
730 731 915 930 915 930 1 1 98 98 0 1 0
731 735 915 930 919 930 1 0 98 94 -392 32 4
735 1135 919 930 919 930 0 0 94 94 0 400 0
1135 1139 919 930 915 930 0 1 94 90 636 32 4
1139 1141 915 930 915 930 1 1 90 90 0 2 0
1141 1149 915 930 917 936 1 0 90 82 -636 32 8
1149 1472 917 936 917 936 0 0 82 82 0 323 0
1472 1480 917 936 915 930 0 1 82 74 834 32 8
1480 1482 915 930 917 930 1 0 74 72 -834 32 2
1482 1636 917 930 917 930 0 0 72 72 0 154 0
1636 1638 917 930 915 930 0 1 72 70 928 32 2
1638 1640 915 930 917 930 1 0 70 68 -928 32 2
1640 2035 917 930 917 930 0 0 68 68 0 395 0
2035 2037 917 930 915 930 0 1 68 66 1162 32 2
2037 2038 915 930 915 930 1 1 66 66 0 1 0
2038 2042 915 930 919 930 1 0 66 62 -1162 32 4
2042 2395 919 930 919 930 0 0 62 62 0 353 0
2395 2399 919 930 915 930 0 1 62 58 1370 32 4
2399 2402 915 930 918 930 1 0 58 55 -1370 32 3
2402 2546 918 930 918 930 0 0 55 55 0 144 0
2546 2549 918 930 915 930 0 1 55 52 1462 32 3
2549 2553 915 930 915 930 1 1 52 52 0 4 0
2553 2559 915 930 916 935 1 0 52 46 -1462 32 6
2559 3085 916 935 916 935 0 0 46 46 0 526 0
3085 3091 916 935 915 930 0 1 46 40 1769 32 6
3091 3091 915 930 915 930 1 2 40 40 1759 15 0
3091 3093 915 930 916 931 2 1 40 38 -1769 32 2
3093 3103 916 931 916 931 1 1 38 38 0 10 0
3103 3105 916 931 915 930 1 2 38 36 1776 32 2
3105 3107 915 930 915 932 2 1 36 34 -1759 1 2
3107 3109 915 932 915 930 1 0 34 32 -1776 30 2
3109 3302 915 930 915 930 0 0 32 32 0 193 0
3302 3302 915 930 915 930 0 1 32 32 1881 32 0
3302 3303 915 930 915 930 1 1 32 32 0 1 0
3303 3311 915 930 923 930 1 0 32 24 -1881 32 8
3311 3351 923 930 923 930 0 0 24 24 0 40 0
3351 3359 923 930 915 930 0 1 24 16 36299 32 8
3359 3359 915 930 915 930 1 2 16 16 1901 16 0
3359 3363 915 930 917 932 2 1 16 12 -36299 32 4
3363 3366 917 932 918 934 1 0 12 9 -1901 18 3
3366 3511 918 934 918 934 0 0 9 9 0 145 0
3511 3518 918 934 915 930 0 1 9 2 1999 32 7
3518 3519 915 930 916 930 1 0 2 1 -1999 32 1
3519 4275 916 930 916 930 0 0 1 1 0 756 0
4275 4276 916 930 915 930 0 1 1 0 2408 32 1
4276 4278 915 930 915 930 1 1 0 0 0 2 0
4278 4278 915 930 915 930 1 0 0 0 -2408 32 0
4278 4844 915 930 915 930 0 0 0 0 0 566 0
4844 4844 915 930 915 930 0 1 0 0 18949 32 0
4844 4845 915 930 915 930 1 1 0 0 0 1 0
4845 4845 915 930 915 930 1 0 0 0 -18949 32 0
4845 4853 915 930 915 930 0 0 0 0 0 8 0
4853 4853 915 930 915 930 0 1 0 0 2728 32 0
4853 4855 915 930 915 930 1 1 0 0 0 2 0
4855 4855 915 930 915 930 1 0 0 0 -2728 32 0
4855 4982 915 930 915 930 0 0 0 0 0 127 0
4982 4982 915 930 915 930 0 1 0 0 2797 32 0
4982 4984 915 930 915 930 1 1 0 0 0 2 0
4984 4984 915 930 915 930 1 0 0 0 -2797 32 0
4984 8872 915 930 915 930 0 0 0 0 0 3888 0
8872 8872 915 930 915 930 0 1 0 0 4884 32 0
8872 8873 915 930 915 930 1 1 0 0 0 1 0
8873 8873 915 930 915 930 1 0 0 0 -4884 32 0
8873 9737 915 930 915 930 0 0 0 0 0 864 0
9737 9737 915 930 915 930 0 1 0 0 5356 32 0
9737 9738 915 930 915 930 1 1 0 0 0 1 0
9738 9738 915 930 915 930 1 0 0 0 -5356 32 0
9738 13091 915 930 915 930 0 0 0 0 0 3353 0
13091 13091 915 930 915 930 0 1 0 0 7044 32 0
13091 13093 915 930 915 930 1 1 0 0 0 2 0
13093 13093 915 930 915 930 1 0 0 0 -7044 32 0
13093 18597 915 930 915 930 0 0 0 0 0 5504 0
18597 18597 915 930 915 930 0 1 0 0 9342 32 0
18597 18598 915 930 915 930 1 1 0 0 0 1 0
18598 18598 915 930 915 930 1 0 0 0 -9342 32 0
18598 18670 915 930 915 930 0 0 0 0 0 72 0
18670 18670 915 930 915 930 0 1 0 0 42271 32 0
18670 18676 915 930 915 930 1 1 0 0 0 6 0
18676 18676 915 930 915 930 1 0 0 0 -42271 32 0
18676 20431 915 930 915 930 0 0 0 0 0 1755 0
20431 20431 915 930 915 930 0 1 0 0 43110 32 0
20431 20432 915 930 915 930 1 1 0 0 0 1 0
20432 20432 915 930 915 930 1 0 0 0 -43110 32 0
20432 20702 915 930 915 930 0 0 0 0 0 270 0
20702 20702 915 930 915 930 0 1 0 0 43255 32 0
20702 20703 915 930 915 930 1 1 0 0 0 1 0
20703 20703 915 930 915 930 1 0 0 0 -43255 32 0
20703 20923 915 930 915 930 0 0 0 0 0 220 0
20923 20923 915 930 915 930 0 1 0 0 25193 32 0
20923 20925 915 930 915 930 1 1 0 0 0 2 0
20925 20925 915 930 915 930 1 0 0 0 -25193 32 0
20925 21080 915 930 915 930 0 0 0 0 0 155 0
21080 21080 915 930 915 930 0 1 0 0 25267 32 0
21080 21082 915 930 915 930 1 1 0 0 0 2 0
21082 21082 915 930 915 930 1 0 0 0 -25267 32 0
21082 21439 915 930 915 930 0 0 0 0 0 357 0
21439 21439 915 930 915 930 0 1 0 0 10356 32 0
21439 21441 915 930 915 930 1 1 0 0 0 2 0
21441 21441 915 930 915 930 1 0 0 0 -10356 32 0
21441 23705 915 930 915 930 0 0 0 0 0 2264 0
23705 23705 915 930 915 930 0 1 0 0 11108 32 0
23705 23707 915 930 915 930 1 1 0 0 0 2 0
23707 23707 915 930 915 930 1 0 0 0 -11108 32 0
23707 24515 915 930 915 930 0 0 0 0 0 808 0
24515 24515 915 930 915 930 0 1 0 0 26931 32 0
24515 24516 915 930 915 930 1 1 0 0 0 1 0
24516 24516 915 930 915 930 1 0 0 0 -26931 32 0
24516 28771 915 930 915 930 0 0 0 0 0 4255 0
28771 28771 915 930 915 930 0 1 0 0 47745 32 0
28771 28773 915 930 915 930 1 1 0 0 0 2 0
28773 28773 915 930 915 930 1 0 0 0 -47745 32 0
28773 29799 915 930 915 930 0 0 0 0 0 1026 0
29799 29799 915 930 915 930 0 1 0 0 29654 32 0
29799 29803 915 930 915 930 1 1 0 0 0 4 0
29803 29803 915 930 915 930 1 0 0 0 -29654 32 0
29803 30474 915 930 915 930 0 0 0 0 0 671 0
30474 30474 915 930 915 930 0 1 0 0 29998 32 0
30474 30475 915 930 915 930 1 1 0 0 0 1 0
30475 30475 915 930 915 930 1 0 0 0 -29998 32 0
30475 31205 915 930 915 930 0 0 0 0 0 730 0
31205 31205 915 930 915 930 0 1 0 0 13269 32 0
31205 31207 915 930 915 930 1 1 0 0 0 2 0
31207 31207 915 930 915 930 1 0 0 0 -13269 32 0
31207 31333 915 930 915 930 0 0 0 0 0 126 0
31333 31333 915 930 915 930 0 1 0 0 13298 32 0
31333 31335 915 930 915 930 1 1 0 0 0 2 0
31335 31335 915 930 915 930 1 0 0 0 -13298 32 0
31335 36468 915 930 915 930 0 0 0 0 0 5133 0
36468 36468 915 930 915 930 0 1 0 0 32740 32 0
36468 36472 915 930 915 930 1 1 0 0 0 4 0
36472 36472 915 930 915 930 1 0 0 0 -32740 32 0
36472 36646 915 930 915 930 0 0 0 0 0 174 0
36646 36646 915 930 915 930 0 1 0 0 14693 32 0
36646 36648 915 930 915 930 1 1 0 0 0 2 0
36648 36648 915 930 915 930 1 0 0 0 -14693 32 0
36648 37414 915 930 915 930 0 0 0 0 0 766 0
37414 37414 915 930 915 930 0 1 0 0 33085 32 0
37414 37415 915 930 915 930 1 1 0 0 0 1 0
37415 37415 915 930 915 930 1 0 0 0 -33085 32 0
37415 43267 915 930 915 930 0 0 0 0 0 5852 0
43267 43267 915 930 915 930 0 0 0 0 1000000000 0 0
--------------------------------------
--------------------------------------
EV2
--------------------------------------
Num TPs served = 12
TPs served = 2354 2507 2585 2625 2739 3061 3112 3333 3633 3819 4183 5200
Total energy used = 100
--------------------------------------
Schedule:
0 4181 915 930 915 930 0 0 100 100 0 4181 0
4181 4181 915 930 915 930 0 1 100 100 2354 32 0
4181 4182 915 930 915 930 1 1 100 100 0 1 0
4182 4183 915 930 916 930 1 0 100 99 -2354 32 1
4183 4451 916 930 916 930 0 0 99 99 0 268 0
4451 4452 916 930 915 930 0 1 99 98 2507 32 1
4452 4463 915 930 915 941 1 0 98 87 -2507 32 11
4463 4582 915 941 915 941 0 0 87 87 0 119 0
4582 4593 915 941 915 930 0 1 87 76 2585 32 11
4593 4594 915 930 916 930 1 0 76 75 -2585 32 1
4594 4669 916 930 916 930 0 0 75 75 0 75 0
4669 4670 916 930 915 930 0 1 75 74 2625 32 1
4670 4672 915 930 915 930 1 1 74 74 0 2 0
4672 4674 915 930 916 931 1 0 74 72 -2625 32 2
4674 4876 916 931 916 931 0 0 72 72 0 202 0
4876 4878 916 931 915 930 0 1 72 70 2739 32 2
4878 4879 915 930 915 930 1 1 70 70 0 1 0
4879 4880 915 930 916 930 1 0 70 69 -2739 32 1
4880 5463 916 930 916 930 0 0 69 69 0 583 0
5463 5464 916 930 915 930 0 1 69 68 3061 32 1
5464 5466 915 930 916 931 1 0 68 66 -3061 32 2
5466 5541 916 931 916 931 0 0 66 66 0 75 0
5541 5543 916 931 915 930 0 1 66 64 3112 32 2
5543 5547 915 930 918 931 1 0 64 60 -3112 32 4
5547 5937 918 931 918 931 0 0 60 60 0 390 0
5937 5941 918 931 915 930 0 1 60 56 3333 32 4
5941 5950 915 930 918 936 1 0 56 47 -3333 32 9
5950 6498 918 936 918 936 0 0 47 47 0 548 0
6498 6507 918 936 915 930 0 1 47 38 3633 32 9
6507 6509 915 930 915 932 1 0 38 36 -3633 32 2
6509 6846 915 932 915 932 0 0 36 36 0 337 0
6846 6848 915 932 915 930 0 1 36 34 3819 32 2
6848 6863 915 930 926 934 1 0 34 19 -3819 32 15
6863 7518 926 934 926 934 0 0 19 19 0 655 0
7518 7533 926 934 915 930 0 1 19 4 4183 32 15
7533 7534 915 930 915 930 1 1 4 4 0 1 0
7534 7535 915 930 916 930 1 0 4 3 -4183 32 1
7535 9438 916 930 916 930 0 0 3 3 0 1903 0
9438 9439 916 930 915 930 0 1 3 2 5200 32 1
9439 9440 915 930 916 930 1 0 2 1 -5200 32 1
9440 43266 916 930 916 930 0 0 1 1 0 33826 0
43266 43267 916 930 915 930 0 0 1 0 1000000000 0 1
--------------------------------------
--------------------------------------
EV3
--------------------------------------
Num TPs served = 15
TPs served = 5191 5553 5698 5790 5999 6136 6225 6243 6378 6926 7682 8159 8282 8575 23231
Total energy used = 100
--------------------------------------
Schedule:
0 9423 915 930 915 930 0 0 100 100 0 9423 0
9423 9423 915 930 915 930 0 1 100 100 5191 32 0
9423 9424 915 930 915 930 1 1 100 100 0 1 0
9424 9426 915 930 917 930 1 0 100 98 -5191 32 2
9426 10107 917 930 917 930 0 0 98 98 0 681 0
10107 10109 917 930 915 930 0 1 98 96 5553 32 2
10109 10110 915 930 916 930 1 0 96 95 -5553 32 1
10110 10416 916 930 916 930 0 0 95 95 0 306 0
10416 10417 916 930 915 930 0 1 95 94 5698 32 1
10417 10424 915 930 915 930 1 1 94 94 0 7 0
10424 10436 915 930 917 940 1 0 94 82 -5698 32 12
10436 10579 917 940 917 940 0 0 82 82 0 143 0
10579 10591 917 940 915 930 0 1 82 70 5790 32 12
10591 10594 915 930 917 931 1 0 70 67 -5790 32 3
10594 10981 917 931 917 931 0 0 67 67 0 387 0
10981 10984 917 931 915 930 0 1 67 64 5999 32 3
10984 10986 915 930 915 930 1 1 64 64 0 2 0
10986 10988 915 930 917 930 1 0 64 62 -5999 32 2
10988 11238 917 930 917 930 0 0 62 62 0 250 0
11238 11240 917 930 915 930 0 1 62 60 6136 32 2
11240 11248 915 930 920 933 1 0 60 52 -6136 32 8
11248 11410 920 933 920 933 0 0 52 52 0 162 0
11410 11418 920 933 915 930 0 1 52 44 6225 32 8
11418 11422 915 930 919 930 1 0 44 40 -6225 32 4
11422 11451 919 930 919 930 0 0 40 40 0 29 0
11451 11455 919 930 915 930 0 1 40 36 6243 32 4
11455 11457 915 930 917 930 1 0 36 34 -6243 32 2
11457 11712 917 930 917 930 0 0 34 34 0 255 0
11712 11714 917 930 915 930 0 1 34 32 6378 32 2
11714 11715 915 930 915 930 1 1 32 32 0 1 0
11715 11718 915 930 916 932 1 0 32 29 -6378 32 3
11718 12836 916 932 916 932 0 0 29 29 0 1118 0
12836 12839 916 932 915 930 0 1 29 26 6926 32 3
12839 12840 915 930 915 930 1 1 26 26 0 1 0
12840 12843 915 930 917 931 1 0 26 23 -6926 32 3
12843 14507 917 931 917 931 0 0 23 23 0 1664 0
14507 14510 917 931 915 930 0 1 23 20 7682 32 3
14510 14512 915 930 917 930 1 0 20 18 -7682 32 2
14512 15582 917 930 917 930 0 0 18 18 0 1070 0
15582 15584 917 930 915 930 0 1 18 16 8159 32 2
15584 15585 915 930 916 930 1 0 16 15 -8159 32 1
15585 15898 916 930 916 930 0 0 15 15 0 313 0
15898 15899 916 930 915 930 0 1 15 14 8282 32 1
15899 15903 915 930 919 930 1 0 14 10 -8282 32 4
15903 16529 919 930 919 930 0 0 10 10 0 626 0
16529 16533 919 930 915 930 0 1 10 6 23231 32 4
16533 16551 915 930 915 930 1 1 6 6 0 18 0
16551 16551 915 930 915 930 1 2 6 6 8575 32 0
16551 16554 915 930 918 930 2 1 6 3 -23231 14 3
16554 16554 918 930 918 930 1 0 3 3 -8575 32 0
16554 43264 918 930 918 930 0 0 3 3 0 26710 0
43264 43267 918 930 915 930 0 0 3 0 1000000000 0 3
--------------------------------------
--------------------------------------
EV4
--------------------------------------
Num TPs served = 17
TPs served = 7973 8936 9163 9421 9428 10045 10180 10186 10932 11021 11023 11086 11183 11568 11951 12418 12867
Total energy used = 100
--------------------------------------
Schedule:
0 15134 915 930 915 930 0 0 100 100 0 15134 0
15134 15134 915 930 915 930 0 1 100 100 7973 32 0
15134 15147 915 930 928 930 1 0 100 87 -7973 32 13
15147 17476 928 930 928 930 0 0 87 87 0 2329 0
17476 17489 928 930 915 930 0 1 87 74 8936 32 13
17489 17490 915 930 915 930 1 1 74 74 0 1 0
17490 17492 915 930 915 932 1 0 74 72 -8936 32 2
17492 18052 915 932 915 932 0 0 72 72 0 560 0
18052 18054 915 932 915 930 0 1 72 70 9163 32 2
18054 18060 915 930 919 932 1 0 70 64 -9163 32 6
18060 18827 919 932 919 932 0 0 64 64 0 767 0
18827 18833 919 932 915 930 0 1 64 58 9428 32 6
18833 18833 915 930 915 930 1 2 58 58 9421 18 0
18833 18836 915 930 916 932 2 1 58 55 -9428 32 3
18836 18843 916 932 921 930 1 0 55 48 -9421 18 7
18843 20543 921 930 921 930 0 0 48 48 0 1700 0
20543 20549 921 930 915 930 0 1 48 42 10045 32 6
20549 20550 915 930 915 930 1 1 42 42 0 1 0
20550 20553 915 930 917 931 1 0 42 39 -10045 32 3
20553 20924 917 931 917 931 0 0 39 39 0 371 0
20924 20927 917 931 915 930 0 1 39 36 10186 32 3
20927 20927 915 930 915 930 1 2 36 36 10180 12 0
20927 20929 915 930 917 930 2 1 36 34 -10186 32 2
20929 20929 917 930 917 930 1 0 34 34 -10180 12 0
20929 23150 917 930 917 930 0 0 34 34 0 2221 0
23150 23152 917 930 915 930 0 1 34 32 10932 32 2
23152 23154 915 930 915 932 1 0 32 30 -10932 32 2
23154 23436 915 932 915 932 0 0 30 30 0 282 0
23436 23438 915 932 915 930 0 1 30 28 11023 32 2
23438 23438 915 930 915 930 1 2 28 28 11021 29 0
23438 23441 915 930 918 930 2 1 28 25 -11023 32 3
23441 23445 918 930 915 931 1 0 25 21 -11021 25 4
23445 23633 915 931 915 931 0 0 21 21 0 188 0
23633 23634 915 931 915 930 0 1 21 20 11086 32 1
23634 23636 915 930 915 930 1 1 20 20 0 2 0
23636 23637 915 930 915 931 1 0 20 19 -11086 32 1
23637 23903 915 931 915 931 0 0 19 19 0 266 0
23903 23904 915 931 915 930 0 1 19 18 11183 32 1
23904 23908 915 930 918 931 1 0 18 14 -11183 32 4
23908 25249 918 931 918 931 0 0 14 14 0 1341 0
25249 25253 918 931 915 930 0 1 14 10 11568 32 4
25253 25254 915 930 916 930 1 0 10 9 -11568 32 1
25254 26540 916 930 916 930 0 0 9 9 0 1286 0
26540 26541 916 930 915 930 0 1 9 8 11951 32 1
26541 26543 915 930 917 930 1 0 8 6 -11951 32 2
26543 28133 917 930 917 930 0 0 6 6 0 1590 0
28133 28135 917 930 915 930 0 1 6 4 12418 32 2
28135 28136 915 930 916 930 1 0 4 3 -12418 32 1
28136 29806 916 930 916 930 0 0 3 3 0 1670 0
29806 29807 916 930 915 930 0 1 3 2 12867 32 1
29807 29809 915 930 915 930 1 1 2 2 0 2 0
29809 29810 915 930 915 931 1 0 2 1 -12867 32 1
29810 43266 915 931 915 931 0 0 1 1 0 13456 0
43266 43267 915 931 915 930 0 0 1 0 1000000000 0 1
--------------------------------------
--------------------------------------
EV5
--------------------------------------
Num TPs served = 18
TPs served = 12513 13013 13030 13109 13397 13481 13734 13925 14087 14157 14924 15682 15698 16087 16509 30103 30765 48602
Total energy used = 100
--------------------------------------
Schedule:
0 28488 915 930 915 930 0 0 100 100 0 28488 0
28488 28488 915 930 915 930 0 1 100 100 12513 32 0
28488 28491 915 930 915 933 1 0 100 97 -12513 32 3
28491 30319 915 933 915 933 0 0 97 97 0 1828 0
30319 30322 915 933 915 930 0 1 97 94 48602 32 3
30322 30331 915 930 915 930 1 1 94 94 0 9 0
30331 30331 915 930 915 930 1 2 94 94 13013 32 0
30331 30332 915 930 916 930 2 1 94 93 -48602 23 1
30332 30334 916 930 917 931 1 0 93 91 -13013 32 2
30334 30390 917 931 917 931 0 0 91 91 0 56 0
30390 30393 917 931 915 930 0 1 91 88 13030 32 3
30393 30395 915 930 917 930 1 0 88 86 -13030 32 2
30395 30678 917 930 917 930 0 0 86 86 0 283 0
30678 30680 917 930 915 930 0 1 86 84 30103 32 2
30680 30705 915 930 915 930 1 1 84 84 0 25 0
30705 30705 915 930 915 930 1 2 84 84 13109 32 0
30705 30706 915 930 916 930 2 1 84 83 -30103 7 1
30706 30708 916 930 918 930 1 0 83 81 -13109 32 2
30708 31701 918 930 918 930 0 0 81 81 0 993 0
31701 31704 918 930 915 930 0 1 81 78 13397 32 3
31704 31705 915 930 916 930 1 0 78 77 -13397 32 1
31705 32006 916 930 916 930 0 0 77 77 0 301 0
32006 32007 916 930 915 930 0 1 77 76 30765 32 1
32007 32037 915 930 915 930 1 1 76 76 0 30 0
32037 32037 915 930 915 930 1 2 76 76 13481 32 0
32037 32038 915 930 915 931 2 1 76 75 -30765 2 1
32038 32043 915 931 915 931 1 1 75 75 0 5 0
32043 32047 915 931 919 931 1 0 75 71 -13481 32 4
32047 32958 919 931 919 931 0 0 71 71 0 911 0
32958 32963 919 931 915 930 0 1 71 66 13734 32 5
32963 32965 915 930 915 930 1 1 66 66 0 2 0
32965 32979 915 930 929 930 1 0 66 52 -13734 32 14
32979 33658 929 930 929 930 0 0 52 52 0 679 0
33658 33672 929 930 915 930 0 1 52 38 13925 32 14
33672 33676 915 930 917 932 1 0 38 34 -13925 32 4
33676 34311 917 932 917 932 0 0 34 34 0 635 0
34311 34315 917 932 915 930 0 1 34 30 14087 32 4
34315 34316 915 930 915 930 1 1 30 30 0 1 0
34316 34318 915 930 915 932 1 0 30 28 -14087 32 2
34318 34591 915 932 915 932 0 0 28 28 0 273 0
34591 34593 915 932 915 930 0 1 28 26 14157 32 2
34593 34594 915 930 915 930 1 1 26 26 0 1 0
34594 34600 915 930 921 930 1 0 26 20 -14157 32 6
34600 37531 921 930 921 930 0 0 20 20 0 2931 0
37531 37537 921 930 915 930 0 1 20 14 14924 32 6
37537 37538 915 930 916 930 1 0 14 13 -14924 32 1
37538 40175 916 930 916 930 0 0 13 13 0 2637 0
40175 40176 916 930 915 930 0 1 13 12 15682 32 1
40176 40210 915 930 915 930 1 1 12 12 0 34 0
40210 40210 915 930 915 930 1 2 12 12 15698 32 0
40210 40212 915 930 915 932 2 1 12 10 -15698 32 2
40212 40213 915 932 915 931 1 0 10 9 -15682 2 1
40213 40912 915 931 915 931 0 0 9 9 0 699 0
40912 40913 915 931 915 930 0 1 9 8 16087 32 1
40913 40916 915 930 916 932 1 0 8 5 -16087 32 3
40916 41615 916 932 916 932 0 0 5 5 0 699 0
41615 41618 916 932 915 930 0 1 5 2 16509 32 3
41618 41619 915 930 915 930 1 1 2 2 0 1 0
41619 41620 915 930 916 930 1 0 2 1 -16509 32 1
41620 43266 916 930 916 930 0 0 1 1 0 1646 0
43266 43267 916 930 915 930 0 0 1 0 1000000000 0 1
--------------------------------------
--------------------------------------
EV6
--------------------------------------
Num TPs served = 22
TPs served = 16159 16337 17444 17891 18029 18041 18273 19574 19850 20903 21386 22055 22353 23667 23735 23804 23820 23826 23871 24148 25070 27288
Total energy used = 100
--------------------------------------
Schedule:
0 41 915 930 915 930 0 0 100 100 0 41 0
41 41 915 930 915 930 0 1 100 100 17444 32 0
41 43 915 930 915 930 1 1 100 100 0 2 0
43 45 915 930 915 932 1 0 100 98 -17444 32 2
45 1498 915 932 915 932 0 0 98 98 0 1453 0
1498 1500 915 932 915 930 0 1 98 96 17891 32 2
1500 1501 915 930 915 930 1 1 96 96 0 1 0
1501 1502 915 930 915 931 1 0 96 95 -17891 32 1
1502 1904 915 931 915 931 0 0 95 95 0 402 0
1904 1905 915 931 915 930 0 1 95 94 18029 32 1
1905 1906 915 930 916 930 1 0 94 93 -18029 32 1
1906 1954 916 930 916 930 0 0 93 93 0 48 0
1954 1955 916 930 915 930 0 1 93 92 18041 32 1
1955 1958 915 930 918 930 1 0 92 89 -18041 32 3
1958 2640 918 930 918 930 0 0 89 89 0 682 0
2640 2643 918 930 915 930 0 1 89 86 18273 32 3
2643 2645 915 930 916 931 1 0 86 84 -18273 32 2
2645 6795 916 931 916 931 0 0 84 84 0 4150 0
6795 6797 916 931 915 930 0 1 84 82 19574 32 2
6797 6799 915 930 917 930 1 0 82 80 -19574 32 2
6799 7570 917 930 917 930 0 0 80 80 0 771 0
7570 7572 917 930 915 930 0 1 80 78 19850 32 2
7572 7573 915 930 916 930 1 0 78 77 -19850 32 1
7573 10504 916 930 916 930 0 0 77 77 0 2931 0
10504 10505 916 930 915 930 0 1 77 76 20903 32 1
10505 10507 915 930 915 930 1 1 76 76 0 2 0
10507 10513 915 930 920 931 1 0 76 70 -20903 32 6
10513 11803 920 931 920 931 0 0 70 70 0 1290 0
11803 11809 920 931 915 930 0 1 70 64 21386 32 6
11809 11816 915 930 921 931 1 0 64 57 -21386 32 7
11816 13591 921 931 921 931 0 0 57 57 0 1775 0
13591 13598 921 931 915 930 0 1 57 50 22055 32 7
13598 13603 915 930 915 930 1 1 50 50 0 5 0
13603 13604 915 930 916 930 1 0 50 49 -22055 32 1
13604 14364 916 930 916 930 0 0 49 49 0 760 0
14364 14365 916 930 915 930 0 1 49 48 22353 32 1
14365 14366 915 930 915 930 1 1 48 48 0 1 0
14366 14368 915 930 915 932 1 0 48 46 -22353 32 2
14368 17555 915 932 915 932 0 0 46 46 0 3187 0
17555 17557 915 932 915 930 0 1 46 44 23667 32 2
17557 17558 915 930 916 930 1 0 44 43 -23667 32 1
17558 17711 916 930 916 930 0 0 43 43 0 153 0
17711 17712 916 930 915 930 0 1 43 42 23735 32 1
17712 17714 915 930 916 931 1 0 42 40 -23735 32 2
17714 17854 916 931 916 931 0 0 40 40 0 140 0
17854 17856 916 931 915 930 0 1 40 38 23804 32 2
17856 17857 915 930 916 930 1 0 38 37 -23804 32 1
17857 17903 916 930 916 930 0 0 37 37 0 46 0
17903 17904 916 930 915 930 0 1 37 36 23826 32 1
17904 17904 915 930 915 930 1 2 36 36 23820 26 0
17904 17905 915 930 916 930 2 1 36 35 -23826 32 1
17905 17909 916 930 915 933 1 0 35 31 -23820 30 4
17909 17990 915 933 915 933 0 0 31 31 0 81 0
17990 17993 915 933 915 930 0 1 31 28 23871 32 3
17993 17995 915 930 917 930 1 0 28 26 -23871 32 2
17995 18601 917 930 917 930 0 0 26 26 0 606 0
18601 18603 917 930 915 930 0 1 26 24 24148 32 2
18603 18605 915 930 916 931 1 0 24 22 -24148 32 2
18605 20673 916 931 916 931 0 0 22 22 0 2068 0
20673 20675 916 931 915 930 0 1 22 20 25070 32 2
20675 20678 915 930 917 931 1 0 20 17 -25070 32 3
20678 25171 917 931 917 931 0 0 17 17 0 4493 0
25171 25174 917 931 915 930 0 1 17 14 27288 32 3
25174 25177 915 930 915 930 1 1 14 14 0 3 0
25177 25178 915 930 916 930 1 0 14 13 -27288 32 1
25178 41048 916 930 916 930 0 0 13 13 0 15870 0
41048 41049 916 930 915 930 0 1 13 12 16159 32 1
41049 41051 915 930 916 931 1 0 12 10 -16159 32 2
41051 41326 916 931 916 931 0 0 10 10 0 275 0
41326 41328 916 931 915 930 0 1 10 8 16337 32 2
41328 41330 915 930 915 930 1 1 8 8 0 2 0
41330 41334 915 930 918 931 1 0 8 4 -16337 32 4
41334 43263 918 931 918 931 0 0 4 4 0 1929 0
43263 43267 918 931 915 930 0 0 4 0 1000000000 0 4
--------------------------------------
--------------------------------------
EV7
--------------------------------------
Num TPs served = 16
TPs served = 24358 25368 25615 26110 27109 27770 28827 29087 29191 29580 29739 29977 30065 30968 31287 31497
Total energy used = 100
--------------------------------------
Schedule:
0 19066 915 930 915 930 0 0 100 100 0 19066 0
19066 19066 915 930 915 930 0 1 100 100 24358 32 0
19066 19074 915 930 922 931 1 0 100 92 -24358 32 8
19074 21306 922 931 922 931 0 0 92 92 0 2232 0
21306 21314 922 931 915 930 0 1 92 84 25368 32 8
21314 21316 915 930 917 930 1 0 84 82 -25368 32 2
21316 21850 917 930 917 930 0 0 82 82 0 534 0
21850 21852 917 930 915 930 0 1 82 80 25615 32 2
21852 21854 915 930 917 930 1 0 80 78 -25615 32 2
21854 22868 917 930 917 930 0 0 78 78 0 1014 0
22868 22870 917 930 915 930 0 1 78 76 26110 32 2
22870 22875 915 930 917 933 1 0 76 71 -26110 32 5
22875 24842 917 933 917 933 0 0 71 71 0 1967 0
24842 24847 917 933 915 930 0 1 71 66 27109 32 5
24847 24848 915 930 915 930 1 1 66 66 0 1 0
24848 24854 915 930 917 934 1 0 66 60 -27109 32 6
24854 26064 917 934 917 934 0 0 60 60 0 1210 0
26064 26070 917 934 915 930 0 1 60 54 27770 32 6
26070 26072 915 930 917 930 1 0 54 52 -27770 32 2
26072 28116 917 930 917 930 0 0 52 52 0 2044 0
28116 28118 917 930 915 930 0 1 52 50 28827 32 2
28118 28120 915 930 915 930 1 1 50 50 0 2 0
28120 28123 915 930 918 930 1 0 50 47 -28827 32 3
28123 28653 918 930 918 930 0 0 47 47 0 530 0
28653 28656 918 930 915 930 0 1 47 44 29087 32 3
28656 28657 915 930 915 930 1 1 44 44 0 1 0
28657 28658 915 930 916 930 1 0 44 43 -29087 32 1
28658 28882 916 930 916 930 0 0 43 43 0 224 0
28882 28883 916 930 915 930 0 1 43 42 29191 32 1
28883 28885 915 930 915 930 1 1 42 42 0 2 0
28885 28888 915 930 917 931 1 0 42 39 -29191 32 3
28888 29669 917 931 917 931 0 0 39 39 0 781 0
29669 29672 917 931 915 930 0 1 39 36 29580 32 3
29672 29676 915 930 919 930 1 0 36 32 -29580 32 4
29676 29955 919 930 919 930 0 0 32 32 0 279 0
29955 29959 919 930 915 930 0 1 32 28 29739 32 4
29959 29961 915 930 915 930 1 1 28 28 0 2 0
29961 29967 915 930 918 933 1 0 28 22 -29739 32 6
29967 30428 918 933 918 933 0 0 22 22 0 461 0
30428 30434 918 933 915 930 0 1 22 16 29977 32 6
30434 30436 915 930 915 932 1 0 16 14 -29977 32 2
30436 30593 915 932 915 932 0 0 14 14 0 157 0
30593 30595 915 932 915 930 0 1 14 12 30065 32 2
30595 30597 915 930 915 930 1 1 12 12 0 2 0
30597 30598 915 930 915 931 1 0 12 11 -30065 32 1
30598 32428 915 931 915 931 0 0 11 11 0 1830 0
32428 32429 915 931 915 930 0 1 11 10 30968 32 1
32429 32430 915 930 915 930 1 1 10 10 0 1 0
32430 32432 915 930 915 932 1 0 10 8 -30968 32 2
32432 33134 915 932 915 932 0 0 8 8 0 702 0
33134 33136 915 932 915 930 0 1 8 6 31287 32 2
33136 33140 915 930 915 930 1 1 6 6 0 4 0
33140 33142 915 930 917 930 1 0 6 4 -31287 32 2
33142 33593 917 930 917 930 0 0 4 4 0 451 0
33593 33595 917 930 915 930 0 1 4 2 31497 32 2
33595 33596 915 930 916 930 1 0 2 1 -31497 32 1
33596 43266 916 930 916 930 0 0 1 1 0 9670 0
43266 43267 916 930 915 930 0 0 1 0 1000000000 0 1
--------------------------------------
--------------------------------------
EV8
--------------------------------------
Num TPs served = 21
TPs served = 31964 34132 34465 34551 34794 35035 35243 35421 35506 36382 36870 37845 37984 38046 38193 38480 39094 39272 39677 40065 40201
Total energy used = 100
--------------------------------------
Schedule:
0 297 915 930 915 930 0 0 100 100 0 297 0
297 297 915 930 915 930 0 1 100 100 35243 32 0
297 304 915 930 917 935 1 0 100 93 -35243 32 7
304 803 917 935 917 935 0 0 93 93 0 499 0
803 810 917 935 915 930 0 1 93 86 35421 32 7
810 812 915 930 916 931 1 0 86 84 -35421 32 2
812 1085 916 931 916 931 0 0 84 84 0 273 0
1085 1087 916 931 915 930 0 1 84 82 35506 32 2
1087 1088 915 930 915 930 1 1 82 82 0 1 0
1088 1089 915 930 916 930 1 0 82 81 -35506 32 1
1089 3605 916 930 916 930 0 0 81 81 0 2516 0
3605 3606 916 930 915 930 0 1 81 80 36382 32 1
3606 3613 915 930 915 930 1 1 80 80 0 7 0
3613 3614 915 930 916 930 1 0 80 79 -36382 32 1
3614 5069 916 930 916 930 0 0 79 79 0 1455 0
5069 5070 916 930 915 930 0 1 79 78 36870 32 1
5070 5079 915 930 915 930 1 1 78 78 0 9 0
5079 5080 915 930 915 931 1 0 78 77 -36870 32 1
5080 7841 915 931 915 931 0 0 77 77 0 2761 0
7841 7842 915 931 915 930 0 1 77 76 37845 32 1
7842 7849 915 930 922 930 1 0 76 69 -37845 32 7
7849 8204 922 930 922 930 0 0 69 69 0 355 0
8204 8211 922 930 915 930 0 1 69 62 37984 32 7
8211 8212 915 930 915 930 1 1 62 62 0 1 0
8212 8213 915 930 915 931 1 0 62 61 -37984 32 1
8213 8411 915 931 915 931 0 0 61 61 0 198 0
8411 8412 915 931 915 930 0 1 61 60 38046 32 1
8412 8413 915 930 915 930 1 1 60 60 0 1 0
8413 8414 915 930 916 930 1 0 60 59 -38046 32 1
8414 8843 916 930 916 930 0 0 59 59 0 429 0
8843 8844 916 930 915 930 0 1 59 58 38193 32 1
8844 8846 915 930 917 930 1 0 58 56 -38193 32 2
8846 9584 917 930 917 930 0 0 56 56 0 738 0
9584 9586 917 930 915 930 0 1 56 54 38480 32 2
9586 9588 915 930 917 930 1 0 54 52 -38480 32 2
9588 11071 917 930 917 930 0 0 52 52 0 1483 0
11071 11073 917 930 915 930 0 1 52 50 39094 32 2
11073 11075 915 930 917 930 1 0 50 48 -39094 32 2
11075 11477 917 930 917 930 0 0 48 48 0 402 0
11477 11479 917 930 915 930 0 1 48 46 39272 32 2
11479 11480 915 930 915 931 1 0 46 45 -39272 32 1
11480 12552 915 931 915 931 0 0 45 45 0 1072 0
12552 12553 915 931 915 930 0 1 45 44 39677 32 1
12553 12555 915 930 917 930 1 0 44 42 -39677 32 2
12555 13641 917 930 917 930 0 0 42 42 0 1086 0
13641 13643 917 930 915 930 0 1 42 40 40065 32 2
13643 13644 915 930 915 931 1 0 40 39 -40065 32 1
13644 13988 915 931 915 931 0 0 39 39 0 344 0
13988 13989 915 931 915 930 0 1 39 38 40201 32 1
13989 13990 915 930 916 930 1 0 38 37 -40201 32 1
13990 34614 916 930 916 930 0 0 37 37 0 20624 0
34614 34615 916 930 915 930 0 1 37 36 31964 32 1
34615 34620 915 930 915 930 1 1 36 36 0 5 0
34620 34624 915 930 917 932 1 0 36 32 -31964 32 4
34624 40163 917 932 917 932 0 0 32 32 0 5539 0
40163 40167 917 932 915 930 0 1 32 28 34132 32 4
40167 40171 915 930 915 930 1 1 28 28 0 4 0
40171 40173 915 930 916 931 1 0 28 26 -34132 32 2
40173 41141 916 931 916 931 0 0 26 26 0 968 0
41141 41143 916 931 915 930 0 1 26 24 34465 32 2
41143 41147 915 930 919 930 1 0 24 20 -34465 32 4
41147 41376 919 930 919 930 0 0 20 20 0 229 0
41376 41380 919 930 915 930 0 1 20 16 34551 32 4
41380 41382 915 930 917 930 1 0 16 14 -34551 32 2
41382 42119 917 930 917 930 0 0 14 14 0 737 0
42119 42121 917 930 915 930 0 1 14 12 34794 32 2
42121 42125 915 930 915 934 1 0 12 8 -34794 32 4
42125 42846 915 934 915 934 0 0 8 8 0 721 0
42846 42850 915 934 915 930 0 1 8 4 35035 32 4
42850 42852 915 930 917 930 1 0 4 2 -35035 32 2
42852 43265 917 930 917 930 0 0 2 2 0 413 0
43265 43267 917 930 915 930 0 0 2 0 1000000000 0 2
--------------------------------------
--------------------------------------
EV9
--------------------------------------
Num TPs served = 17
TPs served = 40231 40422 40520 40555 40582 40910 41423 41491 41567 41584 41927 42068 42146 42194 42423 43318 43403
Total energy used = 100
--------------------------------------
Schedule:
0 14076 915 930 915 930 0 0 100 100 0 14076 0
14076 14076 915 930 915 930 0 1 100 100 40231 32 0
14076 14077 915 930 916 930 1 0 100 99 -40231 32 1
14077 14516 916 930 916 930 0 0 99 99 0 439 0
14516 14517 916 930 915 930 0 1 99 98 40422 32 1
14517 14518 915 930 915 930 1 1 98 98 0 1 0
14518 14524 915 930 918 933 1 0 98 92 -40422 32 6
14524 14744 918 933 918 933 0 0 92 92 0 220 0
14744 14750 918 933 915 930 0 1 92 86 40520 32 6
14750 14752 915 930 916 931 1 0 86 84 -40520 32 2
14752 14820 916 931 916 931 0 0 84 84 0 68 0
14820 14822 916 931 915 930 0 1 84 82 40555 32 2
14822 14824 915 930 917 930 1 0 82 80 -40555 32 2
14824 14904 917 930 917 930 0 0 80 80 0 80 0
14904 14906 917 930 915 930 0 1 80 78 40582 32 2
14906 14908 915 930 917 930 1 0 78 76 -40582 32 2
14908 15669 917 930 917 930 0 0 76 76 0 761 0
15669 15671 917 930 915 930 0 1 76 74 40910 32 2
15671 15677 915 930 915 930 1 1 74 74 0 6 0
15677 15678 915 930 915 931 1 0 74 73 -40910 32 1
15678 16832 915 931 915 931 0 0 73 73 0 1154 0
16832 16833 915 931 915 930 0 1 73 72 41423 32 1
16833 16834 915 930 915 930 1 1 72 72 0 1 0
16834 16837 915 930 917 931 1 0 72 69 -41423 32 3
16837 16993 917 931 917 931 0 0 69 69 0 156 0
16993 16996 917 931 915 930 0 1 69 66 41491 32 3
16996 17002 915 930 917 934 1 0 66 60 -41491 32 6
17002 17163 917 934 917 934 0 0 60 60 0 161 0
17163 17169 917 934 915 930 0 1 60 54 41567 32 6
17169 17171 915 930 915 932 1 0 54 52 -41567 32 2
17171 17205 915 932 915 932 0 0 52 52 0 34 0
17205 17207 915 932 915 930 0 1 52 50 41584 32 2
17207 17208 915 930 915 930 1 1 50 50 0 1 0
17208 17215 915 930 919 933 1 0 50 43 -41584 32 7
17215 17947 919 933 919 933 0 0 43 43 0 732 0
17947 17954 919 933 915 930 0 1 43 36 41927 32 7
17954 17956 915 930 915 930 1 1 36 36 0 2 0
17956 17957 915 930 915 931 1 0 36 35 -41927 32 1
17957 18253 915 931 915 931 0 0 35 35 0 296 0
18253 18254 915 931 915 930 0 1 35 34 42068 32 1
18254 18264 915 930 920 935 1 0 34 24 -42068 32 10
18264 18420 920 935 920 935 0 0 24 24 0 156 0
18420 18430 920 935 915 930 0 1 24 14 42146 32 10
18430 18431 915 930 916 930 1 0 14 13 -42146 32 1
18431 18524 916 930 916 930 0 0 13 13 0 93 0
18524 18525 916 930 915 930 0 1 13 12 42194 32 1
18525 18527 915 930 917 930 1 0 12 10 -42194 32 2
18527 18976 917 930 917 930 0 0 10 10 0 449 0
18976 18978 917 930 915 930 0 1 10 8 42423 32 2
18978 18980 915 930 915 932 1 0 8 6 -42423 32 2
18980 20831 915 932 915 932 0 0 6 6 0 1851 0
20831 20833 915 932 915 930 0 1 6 4 43318 32 2
20833 20835 915 930 915 930 1 1 4 4 0 2 0
20835 20836 915 930 915 931 1 0 4 3 -43318 32 1
20836 21013 915 931 915 931 0 0 3 3 0 177 0
21013 21014 915 931 915 930 0 1 3 2 43403 32 1
21014 21015 915 930 915 930 1 1 2 2 0 1 0
21015 21016 915 930 916 930 1 0 2 1 -43403 32 1
21016 43266 916 930 916 930 0 0 1 1 0 22250 0
43266 43267 916 930 915 930 0 0 1 0 1000000000 0 1
--------------------------------------

-------------------------------------------------------------------------

TPs

-------------------------------------------------------------------------

----------------------
TP65 allocated to 1
----------------------

----------------------
TP392 allocated to 1
----------------------

----------------------
TP636 allocated to 1
----------------------

----------------------
TP834 allocated to 1
----------------------

----------------------
TP928 allocated to 1
----------------------

----------------------
TP1162 allocated to 1
----------------------

----------------------
TP1370 allocated to 1
----------------------

----------------------
TP1462 allocated to 1
----------------------

----------------------
TP1759 allocated to 1
----------------------

----------------------
TP1769 allocated to 1
----------------------

----------------------
TP1776 allocated to 1
----------------------

----------------------
TP1881 allocated to 1
----------------------

----------------------
TP1901 allocated to 1
----------------------

----------------------
TP1999 allocated to 1
----------------------

----------------------
TP2354 allocated to 2
----------------------

----------------------
TP2408 allocated to 1
----------------------

----------------------
TP2507 allocated to 2
----------------------

----------------------
TP2585 allocated to 2
----------------------

----------------------
TP2625 allocated to 2
----------------------

----------------------
TP2728 allocated to 1
----------------------

----------------------
TP2739 allocated to 2
----------------------

----------------------
TP2797 allocated to 1
----------------------

----------------------
TP3061 allocated to 2
----------------------

----------------------
TP3112 allocated to 2
----------------------

----------------------
TP3333 allocated to 2
----------------------

----------------------
TP3633 allocated to 2
----------------------

----------------------
TP3819 allocated to 2
----------------------

----------------------
TP4183 allocated to 2
----------------------

----------------------
TP4884 allocated to 1
----------------------

----------------------
TP5191 allocated to 3
----------------------

----------------------
TP5200 allocated to 2
----------------------

----------------------
TP5356 allocated to 1
----------------------

----------------------
TP5553 allocated to 3
----------------------

----------------------
TP5698 allocated to 3
----------------------

----------------------
TP5790 allocated to 3
----------------------

----------------------
TP5999 allocated to 3
----------------------

----------------------
TP6136 allocated to 3
----------------------

----------------------
TP6225 allocated to 3
----------------------

----------------------
TP6243 allocated to 3
----------------------

----------------------
TP6378 allocated to 3
----------------------

----------------------
TP6926 allocated to 3
----------------------

----------------------
TP7044 allocated to 1
----------------------

----------------------
TP7682 allocated to 3
----------------------

----------------------
TP7973 allocated to 4
----------------------

----------------------
TP8159 allocated to 3
----------------------

----------------------
TP8282 allocated to 3
----------------------

----------------------
TP8575 allocated to 3
----------------------

----------------------
TP8936 allocated to 4
----------------------

----------------------
TP9163 allocated to 4
----------------------

----------------------
TP9342 allocated to 1
----------------------

----------------------
TP9421 allocated to 4
----------------------

----------------------
TP9428 allocated to 4
----------------------

----------------------
TP10045 allocated to 4
----------------------

----------------------
TP10180 allocated to 4
----------------------

----------------------
TP10186 allocated to 4
----------------------

----------------------
TP10356 allocated to 1
----------------------

----------------------
TP10932 allocated to 4
----------------------

----------------------
TP11021 allocated to 4
----------------------

----------------------
TP11023 allocated to 4
----------------------

----------------------
TP11086 allocated to 4
----------------------

----------------------
TP11108 allocated to 1
----------------------

----------------------
TP11183 allocated to 4
----------------------

----------------------
TP11568 allocated to 4
----------------------

----------------------
TP11951 allocated to 4
----------------------

----------------------
TP12418 allocated to 4
----------------------

----------------------
TP12513 allocated to 5
----------------------

----------------------
TP12867 allocated to 4
----------------------

----------------------
TP13013 allocated to 5
----------------------

----------------------
TP13030 allocated to 5
----------------------

----------------------
TP13109 allocated to 5
----------------------

----------------------
TP13269 allocated to 1
----------------------

----------------------
TP13298 allocated to 1
----------------------

----------------------
TP13397 allocated to 5
----------------------

----------------------
TP13481 allocated to 5
----------------------

----------------------
TP13734 allocated to 5
----------------------

----------------------
TP13925 allocated to 5
----------------------

----------------------
TP14087 allocated to 5
----------------------

----------------------
TP14157 allocated to 5
----------------------

----------------------
TP14693 allocated to 1
----------------------

----------------------
TP14924 allocated to 5
----------------------

----------------------
TP15682 allocated to 5
----------------------

----------------------
TP15698 allocated to 5
----------------------

----------------------
TP16087 allocated to 5
----------------------

----------------------
TP16159 allocated to 6
----------------------

----------------------
TP16337 allocated to 6
----------------------

----------------------
TP16509 allocated to 5
----------------------

----------------------
TP17444 allocated to 6
----------------------

----------------------
TP17891 allocated to 6
----------------------

----------------------
TP18029 allocated to 6
----------------------

----------------------
TP18041 allocated to 6
----------------------

----------------------
TP18273 allocated to 6
----------------------

----------------------
TP18949 allocated to 1
----------------------

----------------------
TP19574 allocated to 6
----------------------

----------------------
TP19850 allocated to 6
----------------------

----------------------
TP20903 allocated to 6
----------------------

----------------------
TP21386 allocated to 6
----------------------

----------------------
TP22055 allocated to 6
----------------------

----------------------
TP22353 allocated to 6
----------------------

----------------------
TP23231 allocated to 3
----------------------

----------------------
TP23667 allocated to 6
----------------------

----------------------
TP23735 allocated to 6
----------------------

----------------------
TP23804 allocated to 6
----------------------

----------------------
TP23820 allocated to 6
----------------------

----------------------
TP23826 allocated to 6
----------------------

----------------------
TP23871 allocated to 6
----------------------

----------------------
TP24148 allocated to 6
----------------------

----------------------
TP24358 allocated to 7
----------------------

----------------------
TP25070 allocated to 6
----------------------

----------------------
TP25193 allocated to 1
----------------------

----------------------
TP25267 allocated to 1
----------------------

----------------------
TP25368 allocated to 7
----------------------

----------------------
TP25615 allocated to 7
----------------------

----------------------
TP26110 allocated to 7
----------------------

----------------------
TP26931 allocated to 1
----------------------

----------------------
TP27109 allocated to 7
----------------------

----------------------
TP27288 allocated to 6
----------------------

----------------------
TP27770 allocated to 7
----------------------

----------------------
TP28827 allocated to 7
----------------------

----------------------
TP29087 allocated to 7
----------------------

----------------------
TP29191 allocated to 7
----------------------

----------------------
TP29580 allocated to 7
----------------------

----------------------
TP29654 allocated to 1
----------------------

----------------------
TP29739 allocated to 7
----------------------

----------------------
TP29977 allocated to 7
----------------------

----------------------
TP29998 allocated to 1
----------------------

----------------------
TP30065 allocated to 7
----------------------

----------------------
TP30103 allocated to 5
----------------------

----------------------
TP30765 allocated to 5
----------------------

----------------------
TP30968 allocated to 7
----------------------

----------------------
TP31287 allocated to 7
----------------------

----------------------
TP31497 allocated to 7
----------------------

----------------------
TP31964 allocated to 8
----------------------

----------------------
TP32740 allocated to 1
----------------------

----------------------
TP33085 allocated to 1
----------------------

----------------------
TP34132 allocated to 8
----------------------

----------------------
TP34465 allocated to 8
----------------------

----------------------
TP34551 allocated to 8
----------------------

----------------------
TP34794 allocated to 8
----------------------

----------------------
TP35035 allocated to 8
----------------------

----------------------
TP35243 allocated to 8
----------------------

----------------------
TP35421 allocated to 8
----------------------

----------------------
TP35506 allocated to 8
----------------------

----------------------
TP36299 allocated to 1
----------------------

----------------------
TP36382 allocated to 8
----------------------

----------------------
TP36870 allocated to 8
----------------------

----------------------
TP37845 allocated to 8
----------------------

----------------------
TP37984 allocated to 8
----------------------

----------------------
TP38046 allocated to 8
----------------------

----------------------
TP38193 allocated to 8
----------------------

----------------------
TP38480 allocated to 8
----------------------

----------------------
TP39094 allocated to 8
----------------------

----------------------
TP39272 allocated to 8
----------------------

----------------------
TP39677 allocated to 8
----------------------

----------------------
TP40065 allocated to 8
----------------------

----------------------
TP40201 allocated to 8
----------------------

----------------------
TP40231 allocated to 9
----------------------

----------------------
TP40422 allocated to 9
----------------------

----------------------
TP40520 allocated to 9
----------------------

----------------------
TP40555 allocated to 9
----------------------

----------------------
TP40582 allocated to 9
----------------------

----------------------
TP40910 allocated to 9
----------------------

----------------------
TP41423 allocated to 9
----------------------

----------------------
TP41491 allocated to 9
----------------------

----------------------
TP41567 allocated to 9
----------------------

----------------------
TP41584 allocated to 9
----------------------

----------------------
TP41927 allocated to 9
----------------------

----------------------
TP42068 allocated to 9
----------------------

----------------------
TP42146 allocated to 9
----------------------

----------------------
TP42194 allocated to 9
----------------------

----------------------
TP42271 allocated to 1
----------------------

----------------------
TP42423 allocated to 9
----------------------

----------------------
TP43110 allocated to 1
----------------------

----------------------
TP43255 allocated to 1
----------------------

----------------------
TP43318 allocated to 9
----------------------

----------------------
TP43403 allocated to 9
----------------------

----------------------
TP43529 not allocated
----------------------

----------------------
TP43826 not allocated
----------------------

----------------------
TP44076 not allocated
----------------------

----------------------
TP44290 not allocated
----------------------

----------------------
TP45786 not allocated
----------------------

----------------------
TP45851 not allocated
----------------------

----------------------
TP45989 not allocated
----------------------

----------------------
TP47202 not allocated
----------------------

----------------------
TP47311 not allocated
----------------------

----------------------
TP47379 not allocated
----------------------

----------------------
TP47745 allocated to 1
----------------------

----------------------
TP47858 not allocated
----------------------

----------------------
TP48358 not allocated
----------------------

----------------------
TP48464 not allocated
----------------------

----------------------
TP48548 not allocated
----------------------

----------------------
TP48602 allocated to 5
----------------------

----------------------
TP49093 not allocated
----------------------

----------------------
TP49210 not allocated
----------------------

----------------------
TP49822 not allocated
----------------------

-------------------------------------------------------------------------

Ride-sharing vs Individual Mode - Num Vehicles and Distance Comparisson 

-------------------------------------------------------------------------
Individual Mode = 194 vehicles.
Ride-sharing Mode = 26 vehicles. The 9 ride-sharing vehicles + 17 vehicles of the individuals not served by the ride-sharing service.
-------------------------------------------------------------------------
Individual Mode = 512 distance.
Ride-sharing Mode = 948 distance. 900 from the EV fleet + 48 from the distance of the trips not covered individuals had to do with their own vehicle.
-------------------------------------------------------------------------
