-------------------------------------------------------------------------
TPs satisfied = 154; Total TPs = 207; Percentage Satisfied + 74.4%
-------------------------------------------------------------------------

-------------------------------------------------------------------------

EVs

-------------------------------------------------------------------------
--------------------------------------
EV1
--------------------------------------
Num TPs served = 34
TPs served = 17 479 535 594 738 740 905 960 1421 1458 1492 1674 1839 1982 2224 3021 3829 11730 14894 16226 17577 18691 19213 20399 25799 27652 34968 38192 38617 39678 40795 41987 46687 46863
Total energy used = 100
--------------------------------------
Schedule:
0 54 488 930 488 930 0 0 100 100 0 54 0
54 54 488 930 488 930 0 1 100 100 17 32 0
54 55 488 930 488 930 1 1 100 100 0 1 0
55 58 488 930 491 930 1 0 100 97 -17 32 3
58 501 491 930 491 930 0 0 97 97 0 443 0
501 504 491 930 488 930 0 1 97 94 17577 32 3
504 505 488 930 488 930 1 1 94 94 0 1 0
505 505 488 930 488 930 1 0 94 94 -17577 32 0
505 867 488 930 488 930 0 0 94 94 0 362 0
867 867 488 930 488 930 0 1 94 94 479 32 0
867 869 488 930 488 930 1 1 94 94 0 2 0
869 877 488 930 492 934 1 0 94 86 -479 32 8
877 955 492 934 492 934 0 0 86 86 0 78 0
955 963 492 934 488 930 0 1 86 78 535 32 8
963 965 488 930 488 930 1 1 78 78 0 2 0
965 965 488 930 488 930 1 0 78 78 -535 32 0
965 1065 488 930 488 930 0 0 78 78 0 100 0
1065 1065 488 930 488 930 0 1 78 78 594 32 0
1065 1068 488 930 488 930 1 1 78 78 0 3 0
1068 1069 488 930 488 931 1 0 78 77 -594 32 1
1069 1329 488 931 488 931 0 0 77 77 0 260 0
1329 1330 488 931 488 930 0 1 77 76 740 32 1
1330 1330 488 930 488 930 1 2 76 76 738 26 0
1330 1331 488 930 489 930 2 1 76 75 -740 32 1
1331 1350 489 930 495 943 1 0 75 56 -738 32 19
1350 1576 495 943 495 943 0 0 56 56 0 226 0
1576 1596 495 943 488 930 0 1 56 36 905 32 20
1596 1598 488 930 490 930 1 0 36 34 -905 32 2
1598 1691 490 930 490 930 0 0 34 34 0 93 0
1691 1693 490 930 488 930 0 1 34 32 960 32 2
1693 1694 488 930 488 930 1 1 32 32 0 1 0
1694 1700 488 930 493 931 1 0 32 26 -960 32 6
1700 2471 493 931 493 931 0 0 26 26 0 771 0
2471 2477 493 931 488 930 0 1 26 20 1421 32 6
2477 2479 488 930 490 930 1 0 20 18 -1421 32 2
2479 2541 490 930 490 930 0 0 18 18 0 62 0
2541 2543 490 930 488 930 0 1 18 16 1458 32 2
2543 2544 488 930 489 930 1 0 16 15 -1458 32 1
2544 2607 489 930 489 930 0 0 15 15 0 63 0
2607 2608 489 930 488 930 0 1 15 14 1492 32 1
2608 2610 488 930 488 932 1 0 14 12 -1492 32 2
2610 2923 488 932 488 932 0 0 12 12 0 313 0
2923 2925 488 932 488 930 0 1 12 10 1674 32 2
2925 2926 488 930 489 930 1 0 10 9 -1674 32 1
2926 3219 489 930 489 930 0 0 9 9 0 293 0
3219 3220 489 930 488 930 0 1 9 8 1839 32 1
3220 3222 488 930 489 931 1 0 8 6 -1839 32 2
3222 3481 489 931 489 931 0 0 6 6 0 259 0
3481 3483 489 931 488 930 0 1 6 4 1982 32 2
3483 3494 488 930 488 930 1 1 4 4 0 11 0
3494 3495 488 930 488 931 1 0 4 3 -1982 32 1
3495 3935 488 931 488 931 0 0 3 3 0 440 0
3935 3936 488 931 488 930 0 1 3 2 2224 32 1
3936 3937 488 930 488 930 1 1 2 2 0 1 0
3937 3938 488 930 488 931 1 0 2 1 -2224 32 1
3938 4010 488 931 488 931 0 0 1 1 0 72 0
4010 4011 488 931 488 930 0 1 1 0 18691 32 1
4011 4013 488 930 488 930 1 1 0 0 0 2 0
4013 4013 488 930 488 930 1 0 0 0 -18691 32 0
4013 5391 488 930 488 930 0 0 0 0 0 1378 0
5391 5391 488 930 488 930 0 1 0 0 3021 32 0
5391 5393 488 930 488 930 1 1 0 0 0 2 0
5393 5393 488 930 488 930 1 0 0 0 -3021 32 0
5393 5641 488 930 488 930 0 0 0 0 0 248 0
5641 5641 488 930 488 930 0 1 0 0 19213 32 0
5641 5644 488 930 488 930 1 1 0 0 0 3 0
5644 5644 488 930 488 930 1 0 0 0 -19213 32 0
5644 6867 488 930 488 930 0 0 0 0 0 1223 0
6867 6867 488 930 488 930 0 1 0 0 3829 32 0
6867 6868 488 930 488 930 1 1 0 0 0 1 0
6868 6868 488 930 488 930 1 0 0 0 -3829 32 0
6868 8839 488 930 488 930 0 0 0 0 0 1971 0
8839 8839 488 930 488 930 0 1 0 0 38192 32 0
8839 8840 488 930 488 930 1 1 0 0 0 1 0
8840 8840 488 930 488 930 1 0 0 0 -38192 32 0
8840 9167 488 930 488 930 0 0 0 0 0 327 0
9167 9167 488 930 488 930 0 1 0 0 20399 32 0
9167 9169 488 930 488 930 1 1 0 0 0 2 0
9169 9169 488 930 488 930 1 0 0 0 -20399 32 0
9169 9938 488 930 488 930 0 0 0 0 0 769 0
9938 9938 488 930 488 930 0 1 0 0 38617 32 0
9938 9940 488 930 488 930 1 1 0 0 0 2 0
9940 9940 488 930 488 930 1 0 0 0 -38617 32 0
9940 12554 488 930 488 930 0 0 0 0 0 2614 0
12554 12554 488 930 488 930 0 1 0 0 39678 32 0
12554 12555 488 930 488 930 1 1 0 0 0 1 0
12555 12555 488 930 488 930 1 0 0 0 -39678 32 0
12555 15434 488 930 488 930 0 0 0 0 0 2879 0
15434 15434 488 930 488 930 0 1 0 0 40795 32 0
15434 15436 488 930 488 930 1 1 0 0 0 2 0
15436 15436 488 930 488 930 1 0 0 0 -40795 32 0
15436 18075 488 930 488 930 0 0 0 0 0 2639 0
18075 18075 488 930 488 930 0 1 0 0 41987 32 0
18075 18076 488 930 488 930 1 1 0 0 0 1 0
18076 18076 488 930 488 930 1 0 0 0 -41987 32 0
18076 22240 488 930 488 930 0 0 0 0 0 4164 0
22240 22240 488 930 488 930 0 1 0 0 25799 32 0
22240 22241 488 930 488 930 1 1 0 0 0 1 0
22241 22241 488 930 488 930 1 0 0 0 -25799 32 0
22241 25793 488 930 488 930 0 0 0 0 0 3552 0
25793 25793 488 930 488 930 0 1 0 0 11730 32 0
25793 25795 488 930 488 930 1 1 0 0 0 2 0
25795 25795 488 930 488 930 1 0 0 0 -11730 32 0
25795 25855 488 930 488 930 0 0 0 0 0 60 0
25855 25855 488 930 488 930 0 1 0 0 27652 32 0
25855 25856 488 930 488 930 1 1 0 0 0 1 0
25856 25856 488 930 488 930 1 0 0 0 -27652 32 0
25856 27050 488 930 488 930 0 0 0 0 0 1194 0
27050 27050 488 930 488 930 0 1 0 0 46687 32 0
27050 27051 488 930 488 930 1 1 0 0 0 1 0
27051 27051 488 930 488 930 1 0 0 0 -46687 32 0
27051 27320 488 930 488 930 0 0 0 0 0 269 0
27320 27320 488 930 488 930 0 1 0 0 46863 32 0
27320 27324 488 930 488 930 1 1 0 0 0 4 0
27324 27324 488 930 488 930 1 0 0 0 -46863 32 0
27324 37413 488 930 488 930 0 0 0 0 0 10089 0
37413 37413 488 930 488 930 0 1 0 0 14894 32 0
37413 37415 488 930 488 930 1 1 0 0 0 2 0
37415 37415 488 930 488 930 1 0 0 0 -14894 32 0
37415 41155 488 930 488 930 0 0 0 0 0 3740 0
41155 41155 488 930 488 930 0 1 0 0 16226 32 0
41155 41158 488 930 488 930 1 1 0 0 0 3 0
41158 41158 488 930 488 930 1 0 0 0 -16226 32 0
41158 42691 488 930 488 930 0 0 0 0 0 1533 0
42691 42691 488 930 488 930 0 1 0 0 34968 32 0
42691 42692 488 930 488 930 1 1 0 0 0 1 0
42692 42692 488 930 488 930 1 0 0 0 -34968 32 0
42692 43267 488 930 488 930 0 0 0 0 0 575 0
43267 43267 488 930 488 930 0 0 0 0 1000000000 0 0
--------------------------------------
--------------------------------------
EV2
--------------------------------------
Num TPs served = 19
TPs served = 1771 2062 3038 3135 3563 4034 4090 4093 4174 4392 4714 4994 5091 5522 5580 5846 6057 6564 8169
Total energy used = 100
--------------------------------------
Schedule:
0 3094 488 930 488 930 0 0 100 100 0 3094 0
3094 3094 488 930 488 930 0 1 100 100 1771 32 0
3094 3101 488 930 488 930 1 1 100 100 0 7 0
3101 3106 488 930 489 934 1 0 100 95 -1771 32 5
3106 3617 489 934 489 934 0 0 95 95 0 511 0
3617 3622 489 934 488 930 0 1 95 90 2062 32 5
3622 3623 488 930 488 930 1 1 90 90 0 1 0
3623 3625 488 930 488 932 1 0 90 88 -2062 32 2
3625 5421 488 932 488 932 0 0 88 88 0 1796 0
5421 5423 488 932 488 930 0 1 88 86 3038 32 2
5423 5430 488 930 494 931 1 0 86 79 -3038 32 7
5430 5582 494 931 494 931 0 0 79 79 0 152 0
5582 5589 494 931 488 930 0 1 79 72 3135 32 7
5589 5590 488 930 488 930 1 1 72 72 0 1 0
5590 5595 488 930 493 930 1 0 72 67 -3135 32 5
5595 6363 493 930 493 930 0 0 67 67 0 768 0
6363 6368 493 930 488 930 0 1 67 62 3563 32 5
6368 6369 488 930 488 930 1 1 62 62 0 1 0
6369 6370 488 930 489 930 1 0 62 61 -3563 32 1
6370 7251 489 930 489 930 0 0 61 61 0 881 0
7251 7252 489 930 488 930 0 1 61 60 4034 32 1
7252 7253 488 930 488 930 1 1 60 60 0 1 0
7253 7254 488 930 489 930 1 0 60 59 -4034 32 1
7254 7363 489 930 489 930 0 0 59 59 0 109 0
7363 7364 489 930 488 930 0 1 59 58 4093 32 1
7364 7364 488 930 488 930 1 2 58 58 4090 27 0
7364 7376 488 930 488 930 2 2 58 58 0 12 0
7376 7382 488 930 492 932 2 1 58 52 -4093 32 6
7382 7386 492 932 488 932 1 0 52 48 -4090 7 4
7386 7515 488 932 488 932 0 0 48 48 0 129 0
7515 7517 488 932 488 930 0 1 48 46 4174 32 2
7517 7520 488 930 491 930 1 0 46 43 -4174 32 3
7520 7892 491 930 491 930 0 0 43 43 0 372 0
7892 7895 491 930 488 930 0 1 43 40 4392 32 3
7895 7896 488 930 489 930 1 0 40 39 -4392 32 1
7896 8562 489 930 489 930 0 0 39 39 0 666 0
8562 8563 489 930 488 930 0 1 39 38 4714 32 1
8563 8565 488 930 490 930 1 0 38 36 -4714 32 2
8565 9063 490 930 490 930 0 0 36 36 0 498 0
9063 9065 490 930 488 930 0 1 36 34 4994 32 2
9065 9066 488 930 488 930 1 1 34 34 0 1 0
9066 9068 488 930 489 931 1 0 34 32 -4994 32 2
9068 9232 489 931 489 931 0 0 32 32 0 164 0
9232 9234 489 931 488 930 0 1 32 30 5091 32 2
9234 9237 488 930 490 931 1 0 30 27 -5091 32 3
9237 10030 490 931 490 931 0 0 27 27 0 793 0
10030 10033 490 931 488 930 0 1 27 24 5522 32 3
10033 10034 488 930 488 930 1 1 24 24 0 1 0
10034 10036 488 930 488 932 1 0 24 22 -5522 32 2
10036 10171 488 932 488 932 0 0 22 22 0 135 0
10171 10173 488 932 488 930 0 1 22 20 5580 32 2
10173 10174 488 930 489 930 1 0 20 19 -5580 32 1
10174 10697 489 930 489 930 0 0 19 19 0 523 0
10697 10698 489 930 488 930 0 1 19 18 5846 32 1
10698 10699 488 930 488 930 1 1 18 18 0 1 0
10699 10701 488 930 490 930 1 0 18 16 -5846 32 2
10701 11095 490 930 490 930 0 0 16 16 0 394 0
11095 11097 490 930 488 930 0 1 16 14 6057 32 2
11097 11100 488 930 490 931 1 0 14 11 -6057 32 3
11100 12078 490 931 490 931 0 0 11 11 0 978 0
12078 12081 490 931 488 930 0 1 11 8 6564 32 3
12081 12083 488 930 489 931 1 0 8 6 -6564 32 2
12083 15602 489 931 489 931 0 0 6 6 0 3519 0
15602 15604 489 931 488 930 0 1 6 4 8169 32 2
15604 15606 488 930 490 930 1 0 4 2 -8169 32 2
15606 43265 490 930 490 930 0 0 2 2 0 27659 0
43265 43267 490 930 488 930 0 0 2 0 1000000000 0 2
--------------------------------------
--------------------------------------
EV3
--------------------------------------
Num TPs served = 16
TPs served = 6103 6297 6823 8285 8644 9444 9560 9592 10280 10615 10838 10878 10889 11194 11505 11888
Total energy used = 100
--------------------------------------
Schedule:
0 11172 488 930 488 930 0 0 100 100 0 11172 0
11172 11172 488 930 488 930 0 1 100 100 6103 32 0
11172 11177 488 930 492 931 1 0 100 95 -6103 32 5
11177 11555 492 931 492 931 0 0 95 95 0 378 0
11555 11560 492 931 488 930 0 1 95 90 6297 32 5
11560 11562 488 930 488 930 1 1 90 90 0 2 0
11562 11574 488 930 496 934 1 0 90 78 -6297 32 12
11574 12609 496 934 496 934 0 0 78 78 0 1035 0
12609 12621 496 934 488 930 0 1 78 66 6823 32 12
12621 12624 488 930 491 930 1 0 66 63 -6823 32 3
12624 15901 491 930 491 930 0 0 63 63 0 3277 0
15901 15904 491 930 488 930 0 1 63 60 8285 32 3
15904 15907 488 930 490 931 1 0 60 57 -8285 32 3
15907 16706 490 931 490 931 0 0 57 57 0 799 0
16706 16709 490 931 488 930 0 1 57 54 8644 32 3
16709 16714 488 930 492 931 1 0 54 49 -8644 32 5
16714 18857 492 931 492 931 0 0 49 49 0 2143 0
18857 18862 492 931 488 930 0 1 49 44 9444 32 5
18862 18863 488 930 488 930 1 1 44 44 0 1 0
18863 18866 488 930 491 930 1 0 44 41 -9444 32 3
18866 19181 491 930 491 930 0 0 41 41 0 315 0
19181 19184 491 930 488 930 0 1 41 38 9560 32 3
19184 19185 488 930 489 930 1 0 38 37 -9560 32 1
19185 19262 489 930 489 930 0 0 37 37 0 77 0
19262 19263 489 930 488 930 0 1 37 36 9592 32 1
19263 19268 488 930 493 930 1 0 36 31 -9592 32 5
19268 21201 493 930 493 930 0 0 31 31 0 1933 0
21201 21206 493 930 488 930 0 1 31 26 10280 32 5
21206 21208 488 930 490 930 1 0 26 24 -10280 32 2
21208 22152 490 930 490 930 0 0 24 24 0 944 0
22152 22154 490 930 488 930 0 1 24 22 10615 32 2
22154 22155 488 930 488 930 1 1 22 22 0 1 0
22155 22156 488 930 488 931 1 0 22 21 -10615 32 1
22156 22861 488 931 488 931 0 0 21 21 0 705 0
22861 22862 488 931 488 930 0 1 21 20 10838 32 1
22862 22867 488 930 492 931 1 0 20 15 -10838 32 5
22867 22992 492 931 492 931 0 0 15 15 0 125 0
22992 22997 492 931 488 930 0 1 15 10 10878 32 5
22997 23027 488 930 488 930 1 1 10 10 0 30 0
23027 23027 488 930 488 930 1 2 10 10 10889 32 0
23027 23029 488 930 490 930 2 1 10 8 -10889 32 2
23029 23029 490 930 490 930 1 0 8 8 -10878 2 0
23029 23926 490 930 490 930 0 0 8 8 0 897 0
23926 23928 490 930 488 930 0 1 8 6 11194 32 2
23928 23929 488 930 489 930 1 0 6 5 -11194 32 1
23929 25014 489 930 489 930 0 0 5 5 0 1085 0
25014 25015 489 930 488 930 0 1 5 4 11505 32 1
25015 25016 488 930 488 930 1 1 4 4 0 1 0
25016 25017 488 930 489 930 1 0 4 3 -11505 32 1
25017 26314 489 930 489 930 0 0 3 3 0 1297 0
26314 26315 489 930 488 930 0 1 3 2 11888 32 1
26315 26316 488 930 488 931 1 0 2 1 -11888 32 1
26316 43266 488 931 488 931 0 0 1 1 0 16950 0
43266 43267 488 931 488 930 0 0 1 0 1000000000 0 1
--------------------------------------
--------------------------------------
EV4
--------------------------------------
Num TPs served = 21
TPs served = 11426 12047 12051 12170 12316 13034 13321 13600 13822 14133 14289 14328 14352 15035 15261 15398 15505 15575 16006 16368 33836
Total energy used = 100
--------------------------------------
Schedule:
0 24733 488 930 488 930 0 0 100 100 0 24733 0
24733 24733 488 930 488 930 0 1 100 100 11426 32 0
24733 24734 488 930 488 930 1 1 100 100 0 1 0
24734 24739 488 930 490 933 1 0 100 95 -11426 32 5
24739 26899 490 933 490 933 0 0 95 95 0 2160 0
26899 26904 490 933 488 930 0 1 95 90 12051 32 5
26904 26904 488 930 488 930 1 2 90 90 12047 18 0
26904 26908 488 930 492 930 2 1 90 86 -12051 32 4
26908 26913 492 930 488 931 1 0 86 81 -12047 10 5
26913 27275 488 931 488 931 0 0 81 81 0 362 0
27275 27276 488 931 488 930 0 1 81 80 12170 32 1
27276 27277 488 930 488 930 1 1 80 80 0 1 0
27277 27280 488 930 491 930 1 0 80 77 -12170 32 3
27280 27815 491 930 491 930 0 0 77 77 0 535 0
27815 27818 491 930 488 930 0 1 77 74 12316 32 3
27818 27819 488 930 488 931 1 0 74 73 -12316 32 1
27819 30404 488 931 488 931 0 0 73 73 0 2585 0
30404 30405 488 931 488 930 0 1 73 72 13034 32 1
30405 30407 488 930 489 931 1 0 72 70 -13034 32 2
30407 31373 489 931 489 931 0 0 70 70 0 966 0
31373 31375 489 931 488 930 0 1 70 68 13321 32 2
31375 31377 488 930 490 930 1 0 68 66 -13321 32 2
31377 32504 490 930 490 930 0 0 66 66 0 1127 0
32504 32506 490 930 488 930 0 1 66 64 13600 32 2
32506 32510 488 930 488 930 1 1 64 64 0 4 0
32510 32515 488 930 493 930 1 0 64 59 -13600 32 5
32515 33278 493 930 493 930 0 0 59 59 0 763 0
33278 33283 493 930 488 930 0 1 59 54 13822 32 5
33283 33284 488 930 489 930 1 0 54 53 -13822 32 1
33284 34469 489 930 489 930 0 0 53 53 0 1185 0
34469 34470 489 930 488 930 0 1 53 52 14133 32 1
34470 34471 488 930 488 930 1 1 52 52 0 1 0
34471 34472 488 930 489 930 1 0 52 51 -14133 32 1
34472 35061 489 930 489 930 0 0 51 51 0 589 0
35061 35062 489 930 488 930 0 1 51 50 14289 32 1
35062 35063 488 930 488 931 1 0 50 49 -14289 32 1
35063 35224 488 931 488 931 0 0 49 49 0 161 0
35224 35225 488 931 488 930 0 1 49 48 14328 32 1
35225 35226 488 930 488 931 1 0 48 47 -14328 32 1
35226 35304 488 931 488 931 0 0 47 47 0 78 0
35304 35305 488 931 488 930 0 1 47 46 14352 32 1
35305 35307 488 930 488 930 1 1 46 46 0 2 0
35307 35309 488 930 489 931 1 0 46 44 -14352 32 2
35309 37923 489 931 489 931 0 0 44 44 0 2614 0
37923 37925 489 931 488 930 0 1 44 42 15035 32 2
37925 37926 488 930 489 930 1 0 42 41 -15035 32 1
37926 38801 489 930 489 930 0 0 41 41 0 875 0
38801 38802 489 930 488 930 0 1 41 40 15261 32 1
38802 38804 488 930 490 930 1 0 40 38 -15261 32 2
38804 39374 490 930 490 930 0 0 38 38 0 570 0
39374 39376 490 930 488 930 0 1 38 36 33836 32 2
39376 39376 488 930 488 930 1 2 36 36 15398 9 0
39376 39377 488 930 489 930 2 1 36 35 -33836 32 1
39377 39377 489 930 489 930 1 0 35 35 -15398 9 0
39377 39745 489 930 489 930 0 0 35 35 0 368 0
39745 39746 489 930 488 930 0 1 35 34 15505 32 1
39746 39747 488 930 488 930 1 1 34 34 0 1 0
39747 39751 488 930 492 930 1 0 34 30 -15505 32 4
39751 39941 492 930 492 930 0 0 30 30 0 190 0
39941 39945 492 930 488 930 0 1 30 26 15575 32 4
39945 39948 488 930 491 930 1 0 26 23 -15575 32 3
39948 40749 491 930 491 930 0 0 23 23 0 801 0
40749 40752 491 930 488 930 0 1 23 20 16006 32 3
40752 40760 488 930 495 931 1 0 20 12 -16006 32 8
40760 41371 495 931 495 931 0 0 12 12 0 611 0
41371 41379 495 931 488 930 0 1 12 4 16368 32 8
41379 41381 488 930 488 930 1 1 4 4 0 2 0
41381 41383 488 930 490 930 1 0 4 2 -16368 32 2
41383 43265 490 930 490 930 0 0 2 2 0 1882 0
43265 43267 490 930 488 930 0 0 2 0 1000000000 0 2
--------------------------------------
--------------------------------------
EV5
--------------------------------------
Num TPs served = 26
TPs served = 16142 16423 16520 17164 17465 17878 17987 18068 18633 19537 19660 19929 19951 20231 20826 20917 21023 21053 22128 22452 22862 23451 24191 24492 34645 38845
Total energy used = 100
--------------------------------------
Schedule:
0 127 488 930 488 930 0 0 100 100 0 127 0
127 127 488 930 488 930 0 1 100 100 17465 32 0
127 129 488 930 488 932 1 0 100 98 -17465 32 2
129 1467 488 932 488 932 0 0 98 98 0 1338 0
1467 1469 488 932 488 930 0 1 98 96 17878 32 2
1469 1473 488 930 492 930 1 0 96 92 -17878 32 4
1473 1771 492 930 492 930 0 0 92 92 0 298 0
1771 1775 492 930 488 930 0 1 92 88 17987 32 4
1775 1776 488 930 489 930 1 0 88 87 -17987 32 1
1776 2020 489 930 489 930 0 0 87 87 0 244 0
2020 2021 489 930 488 930 0 1 87 86 18068 32 1
2021 2022 488 930 489 930 1 0 86 85 -18068 32 1
2022 3802 489 930 489 930 0 0 85 85 0 1780 0
3802 3803 489 930 488 930 0 1 85 84 18633 32 1
3803 3804 488 930 488 931 1 0 84 83 -18633 32 1
3804 6679 488 931 488 931 0 0 83 83 0 2875 0
6679 6680 488 931 488 930 0 1 83 82 19537 32 1
6680 6682 488 930 490 930 1 0 82 80 -19537 32 2
6682 7045 490 930 490 930 0 0 80 80 0 363 0
7045 7047 490 930 488 930 0 1 80 78 19660 32 2
7047 7049 488 930 490 930 1 0 78 76 -19660 32 2
7049 7831 490 930 490 930 0 0 76 76 0 782 0
7831 7833 490 930 488 930 0 1 76 74 19929 32 2
7833 7835 488 930 488 930 1 1 74 74 0 2 0
7835 7836 488 930 489 930 1 0 74 73 -19929 32 1
7836 7883 489 930 489 930 0 0 73 73 0 47 0
7883 7884 489 930 488 930 0 1 73 72 19951 32 1
7884 7885 488 930 488 931 1 0 72 71 -19951 32 1
7885 8700 488 931 488 931 0 0 71 71 0 815 0
8700 8701 488 931 488 930 0 1 71 70 20231 32 1
8701 8703 488 930 490 930 1 0 70 68 -20231 32 2
8703 10310 490 930 490 930 0 0 68 68 0 1607 0
10310 10312 490 930 488 930 0 1 68 66 20826 32 2
10312 10315 488 930 490 931 1 0 66 63 -20826 32 3
10315 10524 490 931 490 931 0 0 63 63 0 209 0
10524 10527 490 931 488 930 0 1 63 60 38845 32 3
10527 10547 488 930 488 930 1 1 60 60 0 20 0
10547 10547 488 930 488 930 1 2 60 60 20917 32 0
10547 10549 488 930 490 930 2 1 60 58 -38845 12 2
10549 10550 490 930 491 930 1 0 58 57 -20917 32 1
10550 10788 491 930 491 930 0 0 57 57 0 238 0
10788 10791 491 930 488 930 0 1 57 54 21023 32 3
10791 10793 488 930 488 930 1 1 54 54 0 2 0
10793 10795 488 930 489 931 1 0 54 52 -21023 32 2
10795 10884 489 931 489 931 0 0 52 52 0 89 0
10884 10886 489 931 488 930 0 1 52 50 21053 32 2
10886 10889 488 930 488 930 1 1 50 50 0 3 0
10889 10890 488 930 488 931 1 0 50 49 -21053 32 1
10890 13801 488 931 488 931 0 0 49 49 0 2911 0
13801 13802 488 931 488 930 0 1 49 48 22128 32 1
13802 13804 488 930 488 930 1 1 48 48 0 2 0
13804 13810 488 930 494 930 1 0 48 42 -22128 32 6
13810 14619 494 930 494 930 0 0 42 42 0 809 0
14619 14625 494 930 488 930 0 1 42 36 22452 32 6
14625 14626 488 930 489 930 1 0 36 35 -22452 32 1
14626 15658 489 930 489 930 0 0 35 35 0 1032 0
15658 15659 489 930 488 930 0 1 35 34 22862 32 1
15659 15660 488 930 489 930 1 0 34 33 -22862 32 1
15660 17080 489 930 489 930 0 0 33 33 0 1420 0
17080 17081 489 930 488 930 0 1 33 32 23451 32 1
17081 17082 488 930 488 930 1 1 32 32 0 1 0
17082 17084 488 930 489 931 1 0 32 30 -23451 32 2
17084 18701 489 931 489 931 0 0 30 30 0 1617 0
18701 18703 489 931 488 930 0 1 30 28 24191 32 2
18703 18705 488 930 490 930 1 0 28 26 -24191 32 2
18705 19374 490 930 490 930 0 0 26 26 0 669 0
19374 19376 490 930 488 930 0 1 26 24 24492 32 2
19376 19377 488 930 489 930 1 0 24 23 -24492 32 1
19377 41021 489 930 489 930 0 0 23 23 0 21644 0
41021 41022 489 930 488 930 0 1 23 22 16142 32 1
41022 41023 488 930 488 930 1 1 22 22 0 1 0
41023 41027 488 930 492 930 1 0 22 18 -16142 32 4
41027 41472 492 930 492 930 0 0 18 18 0 445 0
41472 41476 492 930 488 930 0 1 18 14 16423 32 4
41476 41477 488 930 488 930 1 1 14 14 0 1 0
41477 41478 488 930 489 930 1 0 14 13 -16423 32 1
41478 41657 489 930 489 930 0 0 13 13 0 179 0
41657 41658 489 930 488 930 0 1 13 12 34645 32 1
41658 41658 488 930 488 930 1 2 12 12 16520 11 0
41658 41659 488 930 489 930 2 1 12 11 -34645 32 1
41659 41662 489 930 490 932 1 0 11 8 -16520 13 3
41662 42784 490 932 490 932 0 0 8 8 0 1122 0
42784 42788 490 932 488 930 0 1 8 4 17164 32 4
42788 42790 488 930 488 930 1 1 4 4 0 2 0
42790 42792 488 930 490 930 1 0 4 2 -17164 32 2
42792 43265 490 930 490 930 0 0 2 2 0 473 0
43265 43267 490 930 488 930 0 0 2 0 1000000000 0 2
--------------------------------------
--------------------------------------
EV6
--------------------------------------
Num TPs served = 17
TPs served = 22936 23880 24896 25085 25121 25671 25834 26223 27458 27619 28421 28468 28516 28743 28761 28996 46972
Total energy used = 100
--------------------------------------
Schedule:
0 15798 488 930 488 930 0 0 100 100 0 15798 0
15798 15798 488 930 488 930 0 1 100 100 22936 32 0
15798 15804 488 930 493 931 1 0 100 94 -22936 32 6
15804 18006 493 931 493 931 0 0 94 94 0 2202 0
18006 18012 493 931 488 930 0 1 94 88 23880 32 6
18012 18014 488 930 488 930 1 1 88 88 0 2 0
18014 18019 488 930 493 930 1 0 88 83 -23880 32 5
18019 20249 493 930 493 930 0 0 83 83 0 2230 0
20249 20254 493 930 488 930 0 1 83 78 24896 32 5
20254 20255 488 930 488 931 1 0 78 77 -24896 32 1
20255 20700 488 931 488 931 0 0 77 77 0 445 0
20700 20701 488 931 488 930 0 1 77 76 25085 32 1
20701 20704 488 930 490 931 1 0 76 73 -25085 32 3
20704 20779 490 931 490 931 0 0 73 73 0 75 0
20779 20782 490 931 488 930 0 1 73 70 25121 32 3
20782 20785 488 930 488 930 1 1 70 70 0 3 0
20785 20787 488 930 490 930 1 0 70 68 -25121 32 2
20787 21968 490 930 490 930 0 0 68 68 0 1181 0
21968 21970 490 930 488 930 0 1 68 66 25671 32 2
21970 21973 488 930 488 930 1 1 66 66 0 3 0
21973 21974 488 930 489 930 1 0 66 65 -25671 32 1
21974 22296 489 930 489 930 0 0 65 65 0 322 0
22296 22297 489 930 488 930 0 1 65 64 25834 32 1
22297 22304 488 930 494 931 1 0 64 57 -25834 32 7
22304 23108 494 931 494 931 0 0 57 57 0 804 0
23108 23115 494 931 488 930 0 1 57 50 26223 32 7
23115 23118 488 930 489 932 1 0 50 47 -26223 32 3
23118 25488 489 932 489 932 0 0 47 47 0 2370 0
25488 25491 489 932 488 930 0 1 47 44 27458 32 3
25491 25493 488 930 489 931 1 0 44 42 -27458 32 2
25493 25791 489 931 489 931 0 0 42 42 0 298 0
25791 25793 489 931 488 930 0 1 42 40 27619 32 2
25793 25797 488 930 492 930 1 0 40 36 -27619 32 4
25797 27334 492 930 492 930 0 0 36 36 0 1537 0
27334 27338 492 930 488 930 0 1 36 32 28421 32 4
27338 27341 488 930 491 930 1 0 32 29 -28421 32 3
27341 27425 491 930 491 930 0 0 29 29 0 84 0
27425 27428 491 930 488 930 0 1 29 26 28468 32 3
27428 27432 488 930 492 930 1 0 26 22 -28468 32 4
27432 27507 492 930 492 930 0 0 22 22 0 75 0
27507 27511 492 930 488 930 0 1 22 18 46972 32 4
27511 27518 488 930 488 930 1 1 18 18 0 7 0
27518 27518 488 930 488 930 1 2 18 18 28516 32 0
27518 27521 488 930 490 931 2 1 18 15 -46972 25 3
27521 27522 490 931 490 931 1 1 15 15 0 1 0
27522 27522 490 931 490 931 1 0 15 15 -28516 32 0
27522 27948 490 931 490 931 0 0 15 15 0 426 0
27948 27951 490 931 488 930 0 1 15 12 28743 32 3
27951 27983 488 930 488 930 1 1 12 12 0 32 0
27983 27983 488 930 488 930 1 2 12 12 28761 32 0
27983 27985 488 930 490 930 2 1 12 10 -28743 0 2
27985 27987 490 930 490 930 1 1 10 10 0 2 0
27987 27990 490 930 493 930 1 0 10 7 -28761 32 3
27990 28464 493 930 493 930 0 0 7 7 0 474 0
28464 28469 493 930 488 930 0 1 7 2 28996 32 5
28469 28470 488 930 489 930 1 0 2 1 -28996 32 1
28470 43266 489 930 489 930 0 0 1 1 0 14796 0
43266 43267 489 930 488 930 0 0 1 0 1000000000 0 1
--------------------------------------
--------------------------------------
EV7
--------------------------------------
Num TPs served = 21
TPs served = 28828 29052 29090 29148 29748 29884 30298 30636 30700 31065 31509 31654 31674 31722 32077 32184 33604 34068 34988 35915 47628
Total energy used = 100
--------------------------------------
Schedule:
0 2253 488 930 488 930 0 0 100 100 0 2253 0
2253 2253 488 930 488 930 0 1 100 100 35915 32 0
2253 2254 488 930 489 930 1 0 100 99 -35915 32 1
2254 28118 489 930 489 930 0 0 99 99 0 25864 0
28118 28119 489 930 488 930 0 1 99 98 28828 32 1
28119 28125 488 930 494 930 1 0 98 92 -28828 32 6
28125 28573 494 930 494 930 0 0 92 92 0 448 0
28573 28579 494 930 488 930 0 1 92 86 47628 32 6
28579 28590 488 930 488 930 1 1 86 86 0 11 0
28590 28590 488 930 488 930 1 2 86 86 29052 32 0
28590 28592 488 930 490 930 2 1 86 84 -47628 21 2
28592 28595 490 930 492 931 1 0 84 81 -29052 32 3
28595 28657 492 931 492 931 0 0 81 81 0 62 0
28657 28662 492 931 488 930 0 1 81 76 29090 32 5
28662 28663 488 930 489 930 1 0 76 75 -29090 32 1
28663 28773 489 930 489 930 0 0 75 75 0 110 0
28773 28774 489 930 488 930 0 1 75 74 29148 32 1
28774 28777 488 930 491 930 1 0 74 71 -29148 32 3
28777 29975 491 930 491 930 0 0 71 71 0 1198 0
29975 29978 491 930 488 930 0 1 71 68 29748 32 3
29978 29979 488 930 489 930 1 0 68 67 -29748 32 1
29979 30250 489 930 489 930 0 0 67 67 0 271 0
30250 30251 489 930 488 930 0 1 67 66 29884 32 1
30251 30253 488 930 489 931 1 0 66 64 -29884 32 2
30253 31064 489 931 489 931 0 0 64 64 0 811 0
31064 31066 489 931 488 930 0 1 64 62 30298 32 2
31066 31068 488 930 490 930 1 0 62 60 -30298 32 2
31068 31717 490 930 490 930 0 0 60 60 0 649 0
31717 31719 490 930 488 930 0 1 60 58 30636 32 2
31719 31720 488 930 488 930 1 1 58 58 0 1 0
31720 31721 488 930 489 930 1 0 58 57 -30636 32 1
31721 31860 489 930 489 930 0 0 57 57 0 139 0
31860 31861 489 930 488 930 0 1 57 56 30700 32 1
31861 31862 488 930 489 930 1 0 56 55 -30700 32 1
31862 32634 489 930 489 930 0 0 55 55 0 772 0
32634 32635 489 930 488 930 0 1 55 54 31065 32 1
32635 32636 488 930 488 931 1 0 54 53 -31065 32 1
32636 33632 488 931 488 931 0 0 53 53 0 996 0
33632 33633 488 931 488 930 0 1 53 52 31509 32 1
33633 33634 488 930 488 930 1 1 52 52 0 1 0
33634 33635 488 930 489 930 1 0 52 51 -31509 32 1
33635 33956 489 930 489 930 0 0 51 51 0 321 0
33956 33957 489 930 488 930 0 1 51 50 31654 32 1
33957 33959 488 930 488 930 1 1 50 50 0 2 0
33959 33965 488 930 493 931 1 0 50 44 -31654 32 6
33965 34000 493 931 493 931 0 0 44 44 0 35 0
34000 34006 493 931 488 930 0 1 44 38 31674 32 6
34006 34010 488 930 490 932 1 0 38 34 -31674 32 4
34010 34114 490 932 490 932 0 0 34 34 0 104 0
34114 34118 490 932 488 930 0 1 34 30 31722 32 4
34118 34119 488 930 489 930 1 0 30 29 -31722 32 1
34119 34886 489 930 489 930 0 0 29 29 0 767 0
34886 34887 489 930 488 930 0 1 29 28 32077 32 1
34887 34889 488 930 490 930 1 0 28 26 -32077 32 2
34889 35159 490 930 490 930 0 0 26 26 0 270 0
35159 35161 490 930 488 930 0 1 26 24 32184 32 2
35161 35163 488 930 489 931 1 0 24 22 -32184 32 2
35163 38707 489 931 489 931 0 0 22 22 0 3544 0
38707 38709 489 931 488 930 0 1 22 20 33604 32 2
38709 38711 488 930 488 932 1 0 20 18 -33604 32 2
38711 39964 488 932 488 932 0 0 18 18 0 1253 0
39964 39966 488 932 488 930 0 1 18 16 34068 32 2
39966 39972 488 930 492 932 1 0 16 10 -34068 32 6
39972 42725 492 932 492 932 0 0 10 10 0 2753 0
42725 42731 492 932 488 930 0 1 10 4 34988 32 6
42731 42733 488 930 488 930 1 1 4 4 0 2 0
42733 42735 488 930 489 931 1 0 4 2 -34988 32 2
42735 43265 489 931 489 931 0 0 2 2 0 530 0
43265 43267 489 931 488 930 0 0 2 0 1000000000 0 2
--------------------------------------

-------------------------------------------------------------------------

TPs

-------------------------------------------------------------------------

----------------------
TP17 allocated to 1
----------------------

----------------------
TP479 allocated to 1
----------------------

----------------------
TP535 allocated to 1
----------------------

----------------------
TP594 allocated to 1
----------------------

----------------------
TP738 allocated to 1
----------------------

----------------------
TP740 allocated to 1
----------------------

----------------------
TP905 allocated to 1
----------------------

----------------------
TP960 allocated to 1
----------------------

----------------------
TP1421 allocated to 1
----------------------

----------------------
TP1458 allocated to 1
----------------------

----------------------
TP1492 allocated to 1
----------------------

----------------------
TP1674 allocated to 1
----------------------

----------------------
TP1771 allocated to 2
----------------------

----------------------
TP1839 allocated to 1
----------------------

----------------------
TP1982 allocated to 1
----------------------

----------------------
TP2062 allocated to 2
----------------------

----------------------
TP2224 allocated to 1
----------------------

----------------------
TP3021 allocated to 1
----------------------

----------------------
TP3038 allocated to 2
----------------------

----------------------
TP3135 allocated to 2
----------------------

----------------------
TP3563 allocated to 2
----------------------

----------------------
TP3829 allocated to 1
----------------------

----------------------
TP4034 allocated to 2
----------------------

----------------------
TP4090 allocated to 2
----------------------

----------------------
TP4093 allocated to 2
----------------------

----------------------
TP4174 allocated to 2
----------------------

----------------------
TP4392 allocated to 2
----------------------

----------------------
TP4714 allocated to 2
----------------------

----------------------
TP4994 allocated to 2
----------------------

----------------------
TP5091 allocated to 2
----------------------

----------------------
TP5522 allocated to 2
----------------------

----------------------
TP5580 allocated to 2
----------------------

----------------------
TP5846 allocated to 2
----------------------

----------------------
TP6057 allocated to 2
----------------------

----------------------
TP6103 allocated to 3
----------------------

----------------------
TP6297 allocated to 3
----------------------

----------------------
TP6564 allocated to 2
----------------------

----------------------
TP6823 allocated to 3
----------------------

----------------------
TP8169 allocated to 2
----------------------

----------------------
TP8285 allocated to 3
----------------------

----------------------
TP8644 allocated to 3
----------------------

----------------------
TP9444 allocated to 3
----------------------

----------------------
TP9560 allocated to 3
----------------------

----------------------
TP9592 allocated to 3
----------------------

----------------------
TP10280 allocated to 3
----------------------

----------------------
TP10615 allocated to 3
----------------------

----------------------
TP10838 allocated to 3
----------------------

----------------------
TP10878 allocated to 3
----------------------

----------------------
TP10889 allocated to 3
----------------------

----------------------
TP11194 allocated to 3
----------------------

----------------------
TP11426 allocated to 4
----------------------

----------------------
TP11505 allocated to 3
----------------------

----------------------
TP11730 allocated to 1
----------------------

----------------------
TP11888 allocated to 3
----------------------

----------------------
TP12047 allocated to 4
----------------------

----------------------
TP12051 allocated to 4
----------------------

----------------------
TP12170 allocated to 4
----------------------

----------------------
TP12316 allocated to 4
----------------------

----------------------
TP13034 allocated to 4
----------------------

----------------------
TP13321 allocated to 4
----------------------

----------------------
TP13600 allocated to 4
----------------------

----------------------
TP13822 allocated to 4
----------------------

----------------------
TP14133 allocated to 4
----------------------

----------------------
TP14289 allocated to 4
----------------------

----------------------
TP14328 allocated to 4
----------------------

----------------------
TP14352 allocated to 4
----------------------

----------------------
TP14894 allocated to 1
----------------------

----------------------
TP15035 allocated to 4
----------------------

----------------------
TP15261 allocated to 4
----------------------

----------------------
TP15398 allocated to 4
----------------------

----------------------
TP15505 allocated to 4
----------------------

----------------------
TP15575 allocated to 4
----------------------

----------------------
TP16006 allocated to 4
----------------------

----------------------
TP16142 allocated to 5
----------------------

----------------------
TP16226 allocated to 1
----------------------

----------------------
TP16368 allocated to 4
----------------------

----------------------
TP16423 allocated to 5
----------------------

----------------------
TP16520 allocated to 5
----------------------

----------------------
TP17164 allocated to 5
----------------------

----------------------
TP17465 allocated to 5
----------------------

----------------------
TP17577 allocated to 1
----------------------

----------------------
TP17878 allocated to 5
----------------------

----------------------
TP17987 allocated to 5
----------------------

----------------------
TP18068 allocated to 5
----------------------

----------------------
TP18633 allocated to 5
----------------------

----------------------
TP18691 allocated to 1
----------------------

----------------------
TP19213 allocated to 1
----------------------

----------------------
TP19537 allocated to 5
----------------------

----------------------
TP19660 allocated to 5
----------------------

----------------------
TP19929 allocated to 5
----------------------

----------------------
TP19951 allocated to 5
----------------------

----------------------
TP20231 allocated to 5
----------------------

----------------------
TP20399 allocated to 1
----------------------

----------------------
TP20826 allocated to 5
----------------------

----------------------
TP20917 allocated to 5
----------------------

----------------------
TP21023 allocated to 5
----------------------

----------------------
TP21053 allocated to 5
----------------------

----------------------
TP22128 allocated to 5
----------------------

----------------------
TP22452 allocated to 5
----------------------

----------------------
TP22862 allocated to 5
----------------------

----------------------
TP22936 allocated to 6
----------------------

----------------------
TP23451 allocated to 5
----------------------

----------------------
TP23880 allocated to 6
----------------------

----------------------
TP24191 allocated to 5
----------------------

----------------------
TP24492 allocated to 5
----------------------

----------------------
TP24896 allocated to 6
----------------------

----------------------
TP25085 allocated to 6
----------------------

----------------------
TP25121 allocated to 6
----------------------

----------------------
TP25671 allocated to 6
----------------------

----------------------
TP25799 allocated to 1
----------------------

----------------------
TP25834 allocated to 6
----------------------

----------------------
TP26223 allocated to 6
----------------------

----------------------
TP27458 allocated to 6
----------------------

----------------------
TP27619 allocated to 6
----------------------

----------------------
TP27652 allocated to 1
----------------------

----------------------
TP28421 allocated to 6
----------------------

----------------------
TP28468 allocated to 6
----------------------

----------------------
TP28516 allocated to 6
----------------------

----------------------
TP28743 allocated to 6
----------------------

----------------------
TP28761 allocated to 6
----------------------

----------------------
TP28828 allocated to 7
----------------------

----------------------
TP28996 allocated to 6
----------------------

----------------------
TP29052 allocated to 7
----------------------

----------------------
TP29090 allocated to 7
----------------------

----------------------
TP29148 allocated to 7
----------------------

----------------------
TP29748 allocated to 7
----------------------

----------------------
TP29884 allocated to 7
----------------------

----------------------
TP30298 allocated to 7
----------------------

----------------------
TP30636 allocated to 7
----------------------

----------------------
TP30700 allocated to 7
----------------------

----------------------
TP31065 allocated to 7
----------------------

----------------------
TP31509 allocated to 7
----------------------

----------------------
TP31654 allocated to 7
----------------------

----------------------
TP31674 allocated to 7
----------------------

----------------------
TP31722 allocated to 7
----------------------

----------------------
TP32077 allocated to 7
----------------------

----------------------
TP32184 allocated to 7
----------------------

----------------------
TP33604 allocated to 7
----------------------

----------------------
TP33836 allocated to 4
----------------------

----------------------
TP34068 allocated to 7
----------------------

----------------------
TP34645 allocated to 5
----------------------

----------------------
TP34804 not allocated
----------------------

----------------------
TP34968 allocated to 1
----------------------

----------------------
TP34988 allocated to 7
----------------------

----------------------
TP35119 not allocated
----------------------

----------------------
TP35253 not allocated
----------------------

----------------------
TP35664 not allocated
----------------------

----------------------
TP35915 allocated to 7
----------------------

----------------------
TP35964 not allocated
----------------------

----------------------
TP36021 not allocated
----------------------

----------------------
TP36158 not allocated
----------------------

----------------------
TP36165 not allocated
----------------------

----------------------
TP36756 not allocated
----------------------

----------------------
TP37090 not allocated
----------------------

----------------------
TP37091 not allocated
----------------------

----------------------
TP37739 not allocated
----------------------

----------------------
TP37743 not allocated
----------------------

----------------------
TP37750 not allocated
----------------------

----------------------
TP37875 not allocated
----------------------

----------------------
TP38143 not allocated
----------------------

----------------------
TP38192 allocated to 1
----------------------

----------------------
TP38215 not allocated
----------------------

----------------------
TP38617 allocated to 1
----------------------

----------------------
TP38845 allocated to 5
----------------------

----------------------
TP38846 not allocated
----------------------

----------------------
TP39026 not allocated
----------------------

----------------------
TP39377 not allocated
----------------------

----------------------
TP39678 allocated to 1
----------------------

----------------------
TP39884 not allocated
----------------------

----------------------
TP40307 not allocated
----------------------

----------------------
TP40467 not allocated
----------------------

----------------------
TP40795 allocated to 1
----------------------

----------------------
TP40854 not allocated
----------------------

----------------------
TP41091 not allocated
----------------------

----------------------
TP41638 not allocated
----------------------

----------------------
TP41679 not allocated
----------------------

----------------------
TP41762 not allocated
----------------------

----------------------
TP41880 not allocated
----------------------

----------------------
TP41987 allocated to 1
----------------------

----------------------
TP42104 not allocated
----------------------

----------------------
TP42692 not allocated
----------------------

----------------------
TP42843 not allocated
----------------------

----------------------
TP43703 not allocated
----------------------

----------------------
TP43869 not allocated
----------------------

----------------------
TP44108 not allocated
----------------------

----------------------
TP44168 not allocated
----------------------

----------------------
TP45061 not allocated
----------------------

----------------------
TP45526 not allocated
----------------------

----------------------
TP45685 not allocated
----------------------

----------------------
TP46005 not allocated
----------------------

----------------------
TP46010 not allocated
----------------------

----------------------
TP46479 not allocated
----------------------

----------------------
TP46499 not allocated
----------------------

----------------------
TP46687 allocated to 1
----------------------

----------------------
TP46863 allocated to 1
----------------------

----------------------
TP46972 allocated to 6
----------------------

----------------------
TP47120 not allocated
----------------------

----------------------
TP47142 not allocated
----------------------

----------------------
TP47460 not allocated
----------------------

----------------------
TP47628 allocated to 7
----------------------

----------------------
TP47906 not allocated
----------------------

----------------------
TP47927 not allocated
----------------------

----------------------
TP48253 not allocated
----------------------

----------------------
TP48807 not allocated
----------------------

----------------------
TP49211 not allocated
----------------------

----------------------
TP49296 not allocated
----------------------

----------------------
TP49736 not allocated
----------------------

-------------------------------------------------------------------------

Ride-sharing vs Individual Mode - Num Vehicles and Distance Comparisson 

-------------------------------------------------------------------------
Individual Mode = 207 vehicles.
Ride-sharing Mode = 60 vehicles. The 7 ride-sharing vehicles + 53 vehicles of the individuals not served by the ride-sharing service.
-------------------------------------------------------------------------
Individual Mode = 508 distance.
Ride-sharing Mode = 842 distance. 700 from the EV fleet + 142 from the distance of the trips not covered individuals had to do with their own vehicle.
-------------------------------------------------------------------------
