-------------------------------------------------------------------------
TPs satisfied = 189; Total TPs = 189; Percentage Satisfied + 100.0%
-------------------------------------------------------------------------

-------------------------------------------------------------------------

EVs

-------------------------------------------------------------------------
--------------------------------------
EV1
--------------------------------------
Num TPs served = 42
TPs served = 336 422 1397 1460 1554 1594 1690 1818 2035 2407 2417 2565 2588 2600 2847 3208 3361 14255 15783 17869 19637 24248 25319 28417 29203 33524 33677 33764 33968 34134 35346 35350 36186 36992 41810 42176 43055 43205 43700 46060 46512 48215
Total energy used = 100
--------------------------------------
Schedule:
0 623 549 620 549 620 0 0 100 100 0 623 0
623 623 549 620 549 620 0 1 100 100 35350 32 0
623 623 549 620 549 620 1 2 100 100 35346 23 0
623 623 549 620 549 620 2 1 100 100 -35346 24 0
623 646 549 620 549 620 1 1 100 100 0 23 0
646 646 549 620 549 620 1 2 100 100 336 32 0
646 648 549 620 549 622 2 1 100 98 -35350 9 2
648 650 549 622 549 622 1 1 98 98 0 2 0
650 652 549 622 549 624 1 0 98 96 -336 32 2
652 770 549 624 549 624 0 0 96 96 0 118 0
770 774 549 624 549 620 0 1 96 92 422 32 4
774 779 549 620 552 622 1 0 92 87 -422 32 5
779 1444 552 622 552 622 0 0 87 87 0 665 0
1444 1449 552 622 549 620 0 1 87 82 17869 32 5
1449 1451 549 620 549 620 1 1 82 82 0 2 0
1451 1451 549 620 549 620 1 0 82 82 -17869 32 0
1451 2439 549 620 549 620 0 0 82 82 0 988 0
2439 2439 549 620 549 620 0 1 82 82 1397 32 0
2439 2442 549 620 551 621 1 0 82 79 -1397 32 3
2442 2544 551 621 551 621 0 0 79 79 0 102 0
2544 2547 551 621 549 620 0 1 79 76 1460 32 3
2547 2548 549 620 549 620 1 1 76 76 0 1 0
2548 2552 549 620 549 624 1 0 76 72 -1460 32 4
2552 2697 549 624 549 624 0 0 72 72 0 145 0
2697 2701 549 624 549 620 0 1 72 68 1554 32 4
2701 2704 549 620 549 620 1 1 68 68 0 3 0
2704 2707 549 620 552 620 1 0 68 65 -1554 32 3
2707 2772 552 620 552 620 0 0 65 65 0 65 0
2772 2775 552 620 549 620 0 1 65 62 1594 32 3
2775 2777 549 620 551 620 1 0 62 60 -1594 32 2
2777 2948 551 620 551 620 0 0 60 60 0 171 0
2948 2950 551 620 549 620 0 1 60 58 1690 32 2
2950 2959 549 620 549 620 1 1 58 58 0 9 0
2959 2967 549 620 554 623 1 0 58 50 -1690 32 8
2967 3026 554 623 554 623 0 0 50 50 0 59 0
3026 3034 554 623 549 620 0 1 50 42 36186 32 8
3034 3035 549 620 549 620 1 1 42 42 0 1 0
3035 3035 549 620 549 620 1 0 42 42 -36186 32 0
3035 3171 549 620 549 620 0 0 42 42 0 136 0
3171 3171 549 620 549 620 0 1 42 42 1818 32 0
3171 3173 549 620 551 620 1 0 42 40 -1818 32 2
3173 3572 551 620 551 620 0 0 40 40 0 399 0
3572 3574 551 620 549 620 0 1 40 38 2035 32 2
3574 3575 549 620 549 620 1 1 38 38 0 1 0
3575 3578 549 620 551 621 1 0 38 35 -2035 32 3
3578 4296 551 621 551 621 0 0 35 35 0 718 0
4296 4299 551 621 549 620 0 1 35 32 2417 32 3
4299 4299 549 620 549 620 1 2 32 32 2407 8 0
4299 4303 549 620 552 621 2 1 32 28 -2417 32 4
4303 4307 552 621 549 622 1 0 28 24 -2407 2 4
4307 4554 549 622 549 622 0 0 24 24 0 247 0
4554 4556 549 622 549 620 0 1 24 22 2565 32 2
4556 4557 549 620 549 620 1 1 22 22 0 1 0
4557 4558 549 620 550 620 1 0 22 21 -2565 32 1
4558 4624 550 620 550 620 0 0 21 21 0 66 0
4624 4625 550 620 549 620 0 1 21 20 2600 32 1
4625 4625 549 620 549 620 1 2 20 20 2588 7 0
4625 4625 549 620 549 620 2 1 20 20 -2588 8 0
4625 4628 549 620 552 620 1 0 20 17 -2600 32 3
4628 5074 552 620 552 620 0 0 17 17 0 446 0
5074 5077 552 620 549 620 0 1 17 14 2847 32 3
5077 5081 549 620 549 620 1 1 14 14 0 4 0
5081 5084 549 620 552 620 1 0 14 11 -2847 32 3
5084 5410 552 620 552 620 0 0 11 11 0 326 0
5410 5413 552 620 549 620 0 1 11 8 36992 32 3
5413 5416 549 620 549 620 1 1 8 8 0 3 0
5416 5416 549 620 549 620 1 0 8 8 -36992 32 0
5416 5719 549 620 549 620 0 0 8 8 0 303 0
5719 5719 549 620 549 620 0 1 8 8 3208 32 0
5719 5721 549 620 549 622 1 0 8 6 -3208 32 2
5721 5974 549 622 549 622 0 0 6 6 0 253 0
5974 5976 549 622 549 620 0 1 6 4 3361 32 2
5976 5978 549 620 549 620 1 1 4 4 0 2 0
5978 5980 549 620 551 620 1 0 4 2 -3361 32 2
5980 6965 551 620 551 620 0 0 2 2 0 985 0
6965 6967 551 620 549 620 0 1 2 0 19637 32 2
6967 6969 549 620 549 620 1 1 0 0 0 2 0
6969 6969 549 620 549 620 1 0 0 0 -19637 32 0
6969 17693 549 620 549 620 0 0 0 0 0 10724 0
17693 17693 549 620 549 620 0 1 0 0 41810 32 0
17693 17695 549 620 549 620 1 1 0 0 0 2 0
17695 17695 549 620 549 620 1 0 0 0 -41810 32 0
17695 18489 549 620 549 620 0 0 0 0 0 794 0
18489 18489 549 620 549 620 0 1 0 0 42176 32 0
18489 18490 549 620 549 620 1 1 0 0 0 1 0
18490 18490 549 620 549 620 1 0 0 0 -42176 32 0
18490 18813 549 620 549 620 0 0 0 0 0 323 0
18813 18813 549 620 549 620 0 1 0 0 24248 32 0
18813 18820 549 620 549 620 1 1 0 0 0 7 0
18820 18820 549 620 549 620 1 0 0 0 -24248 32 0
18820 20323 549 620 549 620 0 0 0 0 0 1503 0
20323 20323 549 620 549 620 0 1 0 0 43055 32 0
20323 20325 549 620 549 620 1 1 0 0 0 2 0
20325 20325 549 620 549 620 1 0 0 0 -43055 32 0
20325 20613 549 620 549 620 0 0 0 0 0 288 0
20613 20613 549 620 549 620 0 1 0 0 43205 32 0
20613 20614 549 620 549 620 1 1 0 0 0 1 0
20614 20614 549 620 549 620 1 0 0 0 -43205 32 0
20614 21190 549 620 549 620 0 0 0 0 0 576 0
21190 21190 549 620 549 620 0 1 0 0 25319 32 0
21190 21191 549 620 549 620 1 1 0 0 0 1 0
21191 21191 549 620 549 620 1 0 0 0 -25319 32 0
21191 21580 549 620 549 620 0 0 0 0 0 389 0
21580 21580 549 620 549 620 0 1 0 0 43700 32 0
21580 21581 549 620 549 620 1 1 0 0 0 1 0
21581 21581 549 620 549 620 1 0 0 0 -43700 32 0
21581 25922 549 620 549 620 0 0 0 0 0 4341 0
25922 25922 549 620 549 620 0 1 0 0 46060 32 0
25922 25928 549 620 549 620 1 1 0 0 0 6 0
25928 25928 549 620 549 620 1 0 0 0 -46060 32 0
25928 26712 549 620 549 620 0 0 0 0 0 784 0
26712 26712 549 620 549 620 0 1 0 0 46512 32 0
26712 26713 549 620 549 620 1 1 0 0 0 1 0
26713 26713 549 620 549 620 1 0 0 0 -46512 32 0
26713 27323 549 620 549 620 0 0 0 0 0 610 0
27323 27323 549 620 549 620 0 1 0 0 28417 32 0
27323 27325 549 620 549 620 1 1 0 0 0 2 0
27325 27325 549 620 549 620 1 0 0 0 -28417 32 0
27325 28901 549 620 549 620 0 0 0 0 0 1576 0
28901 28901 549 620 549 620 0 1 0 0 29203 32 0
28901 28903 549 620 549 620 1 1 0 0 0 2 0
28903 28903 549 620 549 620 1 0 0 0 -29203 32 0
28903 29627 549 620 549 620 0 0 0 0 0 724 0
29627 29627 549 620 549 620 0 1 0 0 48215 32 0
29627 29628 549 620 549 620 1 1 0 0 0 1 0
29628 29628 549 620 549 620 1 0 0 0 -48215 32 0
29628 34930 549 620 549 620 0 0 0 0 0 5302 0
34930 34930 549 620 549 620 0 1 0 0 14255 32 0
34930 34931 549 620 549 620 1 1 0 0 0 1 0
34931 34931 549 620 549 620 1 0 0 0 -14255 32 0
34931 38498 549 620 549 620 0 0 0 0 0 3567 0
38498 38498 549 620 549 620 0 1 0 0 33524 32 0
38498 38499 549 620 549 620 1 1 0 0 0 1 0
38499 38499 549 620 549 620 1 0 0 0 -33524 32 0
38499 38932 549 620 549 620 0 0 0 0 0 433 0
38932 38932 549 620 549 620 0 1 0 0 33677 32 0
38932 38934 549 620 549 620 1 1 0 0 0 2 0
38934 38934 549 620 549 620 1 0 0 0 -33677 32 0
38934 39163 549 620 549 620 0 0 0 0 0 229 0
39163 39163 549 620 549 620 0 1 0 0 33764 32 0
39163 39164 549 620 549 620 1 1 0 0 0 1 0
39164 39164 549 620 549 620 1 0 0 0 -33764 32 0
39164 39669 549 620 549 620 0 0 0 0 0 505 0
39669 39669 549 620 549 620 0 1 0 0 33968 32 0
39669 39671 549 620 549 620 1 1 0 0 0 2 0
39671 39671 549 620 549 620 1 0 0 0 -33968 32 0
39671 40172 549 620 549 620 0 0 0 0 0 501 0
40172 40172 549 620 549 620 0 1 0 0 34134 32 0
40172 40176 549 620 549 620 1 1 0 0 0 4 0
40176 40176 549 620 549 620 1 0 0 0 -34134 32 0
40176 40364 549 620 549 620 0 0 0 0 0 188 0
40364 40364 549 620 549 620 0 1 0 0 15783 32 0
40364 40365 549 620 549 620 1 1 0 0 0 1 0
40365 40365 549 620 549 620 1 0 0 0 -15783 32 0
40365 43267 549 620 549 620 0 0 0 0 0 2902 0
43267 43267 549 620 549 620 0 0 0 0 1000000000 0 0
--------------------------------------
--------------------------------------
EV2
--------------------------------------
Num TPs served = 16
TPs served = 3659 4614 4906 5068 5430 5431 5454 5579 5643 5764 5781 6350 6768 6907 7560 38769
Total energy used = 100
--------------------------------------
Schedule:
0 6562 549 620 549 620 0 0 100 100 0 6562 0
6562 6562 549 620 549 620 0 1 100 100 3659 32 0
6562 6563 549 620 549 621 1 0 100 99 -3659 32 1
6563 8336 549 621 549 621 0 0 99 99 0 1773 0
8336 8337 549 621 549 620 0 1 99 98 4614 32 1
8337 8338 549 620 549 620 1 1 98 98 0 1 0
8338 8342 549 620 549 624 1 0 98 94 -4614 32 4
8342 8913 549 624 549 624 0 0 94 94 0 571 0
8913 8917 549 624 549 620 0 1 94 90 4906 32 4
8917 8918 549 620 549 621 1 0 90 89 -4906 32 1
8918 9183 549 621 549 621 0 0 89 89 0 265 0
9183 9184 549 621 549 620 0 1 89 88 5068 32 1
9184 9186 549 620 549 620 1 1 88 88 0 2 0
9186 9187 549 620 549 621 1 0 88 87 -5068 32 1
9187 9866 549 621 549 621 0 0 87 87 0 679 0
9866 9867 549 621 549 620 0 1 87 86 5431 32 1
9867 9867 549 620 549 620 1 2 86 86 5430 31 0
9867 9869 549 620 549 620 2 2 86 86 0 2 0
9869 9873 549 620 551 622 2 1 86 82 -5431 32 4
9873 9875 551 622 550 623 1 0 82 80 -5430 27 2
9875 9914 550 623 550 623 0 0 80 80 0 39 0
9914 9918 550 623 549 620 0 1 80 76 5454 32 4
9918 9919 549 620 549 621 1 0 76 75 -5454 32 1
9919 10170 549 621 549 621 0 0 75 75 0 251 0
10170 10171 549 621 549 620 0 1 75 74 5579 32 1
10171 10174 549 620 552 620 1 0 74 71 -5579 32 3
10174 10306 552 620 552 620 0 0 71 71 0 132 0
10306 10309 552 620 549 620 0 1 71 68 5643 32 3
10309 10341 549 620 549 620 1 1 68 68 0 32 0
10341 10341 549 620 549 620 1 2 68 68 38769 32 0
10341 10353 549 620 561 620 2 1 68 56 -5643 1 12
10353 10364 561 620 550 620 1 0 56 45 -38769 12 11
10364 10547 550 620 550 620 0 0 45 45 0 183 0
10547 10548 550 620 549 620 0 1 45 44 5764 32 1
10548 10574 549 620 549 620 1 1 44 44 0 26 0
10574 10574 549 620 549 620 1 2 44 44 5781 32 0
10574 10577 549 620 549 623 2 1 44 41 -5764 8 3
10577 10583 549 623 555 623 1 0 41 35 -5781 32 6
10583 11645 555 623 555 623 0 0 35 35 0 1062 0
11645 11654 555 623 549 620 0 1 35 26 6350 32 9
11654 11662 549 620 549 628 1 0 26 18 -6350 32 8
11662 12501 549 628 549 628 0 0 18 18 0 839 0
12501 12509 549 628 549 620 0 1 18 10 6768 32 8
12509 12511 549 620 551 620 1 0 10 8 -6768 32 2
12511 12798 551 620 551 620 0 0 8 8 0 287 0
12798 12800 551 620 549 620 0 1 8 6 6907 32 2
12800 12802 549 620 551 620 1 0 6 4 -6907 32 2
12802 14230 551 620 551 620 0 0 4 4 0 1428 0
14230 14232 551 620 549 620 0 1 4 2 7560 32 2
14232 14234 549 620 549 620 1 1 2 2 0 2 0
14234 14235 549 620 550 620 1 0 2 1 -7560 32 1
14235 43266 550 620 550 620 0 0 1 1 0 29031 0
43266 43267 550 620 549 620 0 0 1 0 1000000000 0 1
--------------------------------------
--------------------------------------
EV3
--------------------------------------
Num TPs served = 16
TPs served = 7508 7881 8137 8778 9697 10041 10238 10494 10806 10902 11239 11576 11696 13211 13527 13567
Total energy used = 100
--------------------------------------
Schedule:
0 14135 549 620 549 620 0 0 100 100 0 14135 0
14135 14135 549 620 549 620 0 1 100 100 7508 32 0
14135 14136 549 620 549 620 1 1 100 100 0 1 0
14136 14143 549 620 555 621 1 0 100 93 -7508 32 7
14143 14937 555 621 555 621 0 0 93 93 0 794 0
14937 14944 555 621 549 620 0 1 93 86 7881 32 7
14944 14947 549 620 550 622 1 0 86 83 -7881 32 3
14947 15535 550 622 550 622 0 0 83 83 0 588 0
15535 15538 550 622 549 620 0 1 83 80 8137 32 3
15538 15539 549 620 550 620 1 0 80 79 -8137 32 1
15539 17085 550 620 550 620 0 0 79 79 0 1546 0
17085 17086 550 620 549 620 0 1 79 78 8778 32 1
17086 17087 549 620 549 620 1 1 78 78 0 1 0
17087 17091 549 620 553 620 1 0 78 74 -8778 32 4
17091 19537 553 620 553 620 0 0 74 74 0 2446 0
19537 19541 553 620 549 620 0 1 74 70 9697 32 4
19541 19545 549 620 551 622 1 0 70 66 -9697 32 4
19545 20534 551 622 551 622 0 0 66 66 0 989 0
20534 20538 551 622 549 620 0 1 66 62 10041 32 4
20538 20539 549 620 549 620 1 1 62 62 0 1 0
20539 20540 549 620 549 621 1 0 62 61 -10041 32 1
20540 21077 549 621 549 621 0 0 61 61 0 537 0
21077 21078 549 621 549 620 0 1 61 60 10238 32 1
21078 21080 549 620 551 620 1 0 60 58 -10238 32 2
21080 21818 551 620 551 620 0 0 58 58 0 738 0
21818 21820 551 620 549 620 0 1 58 56 10494 32 2
21820 21821 549 620 550 620 1 0 56 55 -10494 32 1
21821 22754 550 620 550 620 0 0 55 55 0 933 0
22754 22755 550 620 549 620 0 1 55 54 10806 32 1
22755 22756 549 620 550 620 1 0 54 53 -10806 32 1
22756 23076 550 620 550 620 0 0 53 53 0 320 0
23076 23077 550 620 549 620 0 1 53 52 10902 32 1
23077 23080 549 620 549 620 1 1 52 52 0 3 0
23080 23088 549 620 552 625 1 0 52 44 -10902 32 8
23088 24048 552 625 552 625 0 0 44 44 0 960 0
24048 24056 552 625 549 620 0 1 44 36 11239 32 8
24056 24059 549 620 552 620 1 0 36 33 -11239 32 3
24059 25280 552 620 552 620 0 0 33 33 0 1221 0
25280 25283 552 620 549 620 0 1 33 30 11576 32 3
25283 25284 549 620 549 620 1 1 30 30 0 1 0
25284 25285 549 620 550 620 1 0 30 29 -11576 32 1
25285 25681 550 620 550 620 0 0 29 29 0 396 0
25681 25682 550 620 549 620 0 1 29 28 11696 32 1
25682 25689 549 620 556 620 1 0 28 21 -11696 32 7
25689 30990 556 620 556 620 0 0 21 21 0 5301 0
30990 30997 556 620 549 620 0 1 21 14 13211 32 7
30997 30998 549 620 549 621 1 0 14 13 -13211 32 1
30998 32230 549 621 549 621 0 0 13 13 0 1232 0
32230 32231 549 621 549 620 0 1 13 12 13527 32 1
32231 32232 549 620 549 620 1 1 12 12 0 1 0
32232 32234 549 620 550 621 1 0 12 10 -13527 32 2
32234 32380 550 621 550 621 0 0 10 10 0 146 0
32380 32382 550 621 549 620 0 1 10 8 13567 32 2
32382 32384 549 620 549 620 1 1 8 8 0 2 0
32384 32388 549 620 550 623 1 0 8 4 -13567 32 4
32388 43263 550 623 550 623 0 0 4 4 0 10875 0
43263 43267 550 623 549 620 0 0 4 0 1000000000 0 4
--------------------------------------
--------------------------------------
EV4
--------------------------------------
Num TPs served = 21
TPs served = 14176 14413 16075 16468 16536 16891 17271 18007 18064 18177 18302 19016 19095 19131 19352 19432 19455 19490 19502 20331 20615
Total energy used = 100
--------------------------------------
Schedule:
0 1843 549 620 549 620 0 0 100 100 0 1843 0
1843 1843 549 620 549 620 0 1 100 100 18007 32 0
1843 1844 549 620 550 620 1 0 100 99 -18007 32 1
1844 2011 550 620 550 620 0 0 99 99 0 167 0
2011 2012 550 620 549 620 0 1 99 98 18064 32 1
2012 2015 549 620 549 620 1 1 98 98 0 3 0
2015 2016 549 620 549 621 1 0 98 97 -18064 32 1
2016 2366 549 621 549 621 0 0 97 97 0 350 0
2366 2367 549 621 549 620 0 1 97 96 18177 32 1
2367 2369 549 620 550 621 1 0 96 94 -18177 32 2
2369 2749 550 621 550 621 0 0 94 94 0 380 0
2749 2751 550 621 549 620 0 1 94 92 18302 32 2
2751 2752 549 620 549 620 1 1 92 92 0 1 0
2752 2753 549 620 549 621 1 0 92 91 -18302 32 1
2753 5038 549 621 549 621 0 0 91 91 0 2285 0
5038 5039 549 621 549 620 0 1 91 90 19016 32 1
5039 5042 549 620 549 620 1 1 90 90 0 3 0
5042 5045 549 620 552 620 1 0 90 87 -19016 32 3
5045 5283 552 620 552 620 0 0 87 87 0 238 0
5283 5286 552 620 549 620 0 1 87 84 19095 32 3
5286 5288 549 620 550 621 1 0 84 82 -19095 32 2
5288 5406 550 621 550 621 0 0 82 82 0 118 0
5406 5408 550 621 549 620 0 1 82 80 19131 32 2
5408 5409 549 620 549 620 1 1 80 80 0 1 0
5409 5412 549 620 550 622 1 0 80 77 -19131 32 3
5412 6042 550 622 550 622 0 0 77 77 0 630 0
6042 6045 550 622 549 620 0 1 77 74 19352 32 3
6045 6049 549 620 553 620 1 0 74 70 -19352 32 4
6049 6300 553 620 553 620 0 0 70 70 0 251 0
6300 6304 553 620 549 620 0 1 70 66 19432 32 4
6304 6305 549 620 549 620 1 1 66 66 0 1 0
6305 6306 549 620 549 621 1 0 66 65 -19432 32 1
6306 6415 549 621 549 621 0 0 65 65 0 109 0
6415 6416 549 621 549 620 0 1 65 64 19455 32 1
6416 6425 549 620 555 623 1 0 64 55 -19455 32 9
6425 6512 555 623 555 623 0 0 55 55 0 87 0
6512 6521 555 623 549 620 0 1 55 46 19490 32 9
6521 6522 549 620 550 620 1 0 46 45 -19490 32 1
6522 6556 550 620 550 620 0 0 45 45 0 34 0
6556 6557 550 620 549 620 0 1 45 44 19502 32 1
6557 6559 549 620 550 621 1 0 44 42 -19502 32 2
6559 8972 550 621 550 621 0 0 42 42 0 2413 0
8972 8974 550 621 549 620 0 1 42 40 20331 32 2
8974 8975 549 620 549 620 1 1 40 40 0 1 0
8975 8976 549 620 550 620 1 0 40 39 -20331 32 1
8976 9734 550 620 550 620 0 0 39 39 0 758 0
9734 9735 550 620 549 620 0 1 39 38 20615 32 1
9735 9737 549 620 549 620 1 1 38 38 0 2 0
9737 9738 549 620 549 621 1 0 38 37 -20615 32 1
9738 34644 549 621 549 621 0 0 37 37 0 24906 0
34644 34645 549 621 549 620 0 1 37 36 14176 32 1
34645 34646 549 620 549 620 1 1 36 36 0 1 0
34646 34647 549 620 550 620 1 0 36 35 -14176 32 1
34647 35544 550 620 550 620 0 0 35 35 0 897 0
35544 35545 550 620 549 620 0 1 35 34 14413 32 1
35545 35548 549 620 552 620 1 0 34 31 -14413 32 3
35548 40889 552 620 552 620 0 0 31 31 0 5341 0
40889 40892 552 620 549 620 0 1 31 28 16075 32 3
40892 40897 549 620 554 620 1 0 28 23 -16075 32 5
40897 41541 554 620 554 620 0 0 23 23 0 644 0
41541 41546 554 620 549 620 0 1 23 18 16468 32 5
41546 41550 549 620 553 620 1 0 18 14 -16468 32 4
41550 41660 553 620 553 620 0 0 14 14 0 110 0
41660 41664 553 620 549 620 0 1 14 10 16536 32 4
41664 41665 549 620 549 620 1 1 10 10 0 1 0
41665 41667 549 620 551 620 1 0 10 8 -16536 32 2
41667 42296 551 620 551 620 0 0 8 8 0 629 0
42296 42298 551 620 549 620 0 1 8 6 16891 32 2
42298 42300 549 620 551 620 1 0 6 4 -16891 32 2
42300 42959 551 620 551 620 0 0 4 4 0 659 0
42959 42961 551 620 549 620 0 1 4 2 17271 32 2
42961 42962 549 620 550 620 1 0 2 1 -17271 32 1
42962 43266 550 620 550 620 0 0 1 1 0 304 0
43266 43267 550 620 549 620 0 0 1 0 1000000000 0 1
--------------------------------------
--------------------------------------
EV5
--------------------------------------
Num TPs served = 20
TPs served = 20372 20876 21166 21620 22155 22282 22443 22473 22622 22741 22877 22935 23072 23142 23260 23279 23296 23412 23578 39147
Total energy used = 100
--------------------------------------
Schedule:
0 9107 549 620 549 620 0 0 100 100 0 9107 0
9107 9107 549 620 549 620 0 1 100 100 20372 32 0
9107 9109 549 620 549 620 1 1 100 100 0 2 0
9109 9114 549 620 552 622 1 0 100 95 -20372 32 5
9114 10448 552 622 552 622 0 0 95 95 0 1334 0
10448 10453 552 622 549 620 0 1 95 90 20876 32 5
10453 10455 549 620 551 620 1 0 90 88 -20876 32 2
10455 11191 551 620 551 620 0 0 88 88 0 736 0
11191 11193 551 620 549 620 0 1 88 86 39147 32 2
11193 11194 549 620 549 620 1 1 86 86 0 1 0
11194 11194 549 620 549 620 1 2 86 86 21166 32 0
11194 11195 549 620 550 620 2 1 86 85 -39147 31 1
11195 11199 550 620 550 620 1 1 85 85 0 4 0
11199 11203 550 620 551 623 1 0 85 81 -21166 32 4
11203 12428 551 623 551 623 0 0 81 81 0 1225 0
12428 12433 551 623 549 620 0 1 81 76 21620 32 5
12433 12436 549 620 551 621 1 0 76 73 -21620 32 3
12436 13855 551 621 551 621 0 0 73 73 0 1419 0
13855 13858 551 621 549 620 0 1 73 70 22155 32 3
13858 13860 549 620 550 621 1 0 70 68 -22155 32 2
13860 14175 550 621 550 621 0 0 68 68 0 315 0
14175 14177 550 621 549 620 0 1 68 66 22282 32 2
14177 14179 549 620 549 620 1 1 66 66 0 2 0
14179 14182 549 620 552 620 1 0 66 63 -22282 32 3
14182 14599 552 620 552 620 0 0 63 63 0 417 0
14599 14602 552 620 549 620 0 1 63 60 22443 32 3
14602 14606 549 620 551 622 1 0 60 56 -22443 32 4
14606 14678 551 622 551 622 0 0 56 56 0 72 0
14678 14682 551 622 549 620 0 1 56 52 22473 32 4
14682 14683 549 620 549 620 1 1 52 52 0 1 0
14683 14688 549 620 554 620 1 0 52 47 -22473 32 5
14688 15051 554 620 554 620 0 0 47 47 0 363 0
15051 15056 554 620 549 620 0 1 47 42 22622 32 5
15056 15059 549 620 552 620 1 0 42 39 -22622 32 3
15059 15351 552 620 552 620 0 0 39 39 0 292 0
15351 15354 552 620 549 620 0 1 39 36 22741 32 3
15354 15356 549 620 549 622 1 0 36 34 -22741 32 2
15356 15686 549 622 549 622 0 0 34 34 0 330 0
15686 15688 549 622 549 620 0 1 34 32 22877 32 2
15688 15691 549 620 552 620 1 0 32 29 -22877 32 3
15691 15794 552 620 552 620 0 0 29 29 0 103 0
15794 15797 552 620 549 620 0 1 29 26 22935 32 3
15797 15799 549 620 550 621 1 0 26 24 -22935 32 2
15799 16143 550 621 550 621 0 0 24 24 0 344 0
16143 16145 550 621 549 620 0 1 24 22 23072 32 2
16145 16146 549 620 549 621 1 0 22 21 -23072 32 1
16146 16328 549 621 549 621 0 0 21 21 0 182 0
16328 16329 549 621 549 620 0 1 21 20 23142 32 1
16329 16331 549 620 550 621 1 0 20 18 -23142 32 2
16331 16610 550 621 550 621 0 0 18 18 0 279 0
16610 16612 550 621 549 620 0 1 18 16 23260 32 2
16612 16613 549 620 549 621 1 0 16 15 -23260 32 1
16613 16663 549 621 549 621 0 0 15 15 0 50 0
16663 16664 549 621 549 620 0 1 15 14 23279 32 1
16664 16665 549 620 550 620 1 0 14 13 -23279 32 1
16665 16704 550 620 550 620 0 0 13 13 0 39 0
16704 16705 550 620 549 620 0 1 13 12 23296 32 1
16705 16709 549 620 549 620 1 1 12 12 0 4 0
16709 16710 549 620 549 621 1 0 12 11 -23296 32 1
16710 16980 549 621 549 621 0 0 11 11 0 270 0
16980 16981 549 621 549 620 0 1 11 10 23412 32 1
16981 16985 549 620 553 620 1 0 10 6 -23412 32 4
16985 17332 553 620 553 620 0 0 6 6 0 347 0
17332 17336 553 620 549 620 0 1 6 2 23578 32 4
17336 17337 549 620 549 620 1 1 2 2 0 1 0
17337 17338 549 620 550 620 1 0 2 1 -23578 32 1
17338 43266 550 620 550 620 0 0 1 1 0 25928 0
43266 43267 550 620 549 620 0 0 1 0 1000000000 0 1
--------------------------------------
--------------------------------------
EV6
--------------------------------------
Num TPs served = 15
TPs served = 24878 25152 25748 26442 26498 26559 26642 27315 27362 27494 27704 27747 28543 28747 30016
Total energy used = 100
--------------------------------------
Schedule:
0 20210 549 620 549 620 0 0 100 100 0 20210 0
20210 20210 549 620 549 620 0 1 100 100 24878 32 0
20210 20212 549 620 551 620 1 0 100 98 -24878 32 2
20212 20839 551 620 551 620 0 0 98 98 0 627 0
20839 20841 551 620 549 620 0 1 98 96 25152 32 2
20841 20843 549 620 549 620 1 1 96 96 0 2 0
20843 20847 549 620 553 620 1 0 96 92 -25152 32 4
20847 22126 553 620 553 620 0 0 92 92 0 1279 0
22126 22130 553 620 549 620 0 1 92 88 25748 32 4
22130 22138 549 620 557 620 1 0 88 80 -25748 32 8
22138 23537 557 620 557 620 0 0 80 80 0 1399 0
23537 23545 557 620 549 620 0 1 80 72 26442 32 8
23545 23549 549 620 550 623 1 0 72 68 -26442 32 4
23549 23640 550 623 550 623 0 0 68 68 0 91 0
23640 23644 550 623 549 620 0 1 68 64 26498 32 4
23644 23645 549 620 550 620 1 0 64 63 -26498 32 1
23645 23763 550 620 550 620 0 0 63 63 0 118 0
23763 23764 550 620 549 620 0 1 63 62 26559 32 1
23764 23769 549 620 554 620 1 0 62 57 -26559 32 5
23769 23941 554 620 554 620 0 0 57 57 0 172 0
23941 23946 554 620 549 620 0 1 57 52 26642 32 5
23946 23948 549 620 549 622 1 0 52 50 -26642 32 2
23948 25215 549 622 549 622 0 0 50 50 0 1267 0
25215 25217 549 622 549 620 0 1 50 48 27315 32 2
25217 25219 549 620 551 620 1 0 48 46 -27315 32 2
25219 25315 551 620 551 620 0 0 46 46 0 96 0
25315 25317 551 620 549 620 0 1 46 44 27362 32 2
25317 25318 549 620 549 620 1 1 44 44 0 1 0
25318 25322 549 620 551 622 1 0 44 40 -27362 32 4
25322 25556 551 622 551 622 0 0 40 40 0 234 0
25556 25560 551 622 549 620 0 1 40 36 27494 32 4
25560 25563 549 620 552 620 1 0 36 33 -27494 32 3
25563 25943 552 620 552 620 0 0 33 33 0 380 0
25943 25946 552 620 549 620 0 1 33 30 27704 32 3
25946 25947 549 620 549 620 1 1 30 30 0 1 0
25947 25954 549 620 555 621 1 0 30 23 -27704 32 7
25954 26020 555 621 555 621 0 0 23 23 0 66 0
26020 26027 555 621 549 620 0 1 23 16 27747 32 7
26027 26028 549 620 549 621 1 0 16 15 -27747 32 1
26028 27569 549 621 549 621 0 0 15 15 0 1541 0
27569 27570 549 621 549 620 0 1 15 14 28543 32 1
27570 27573 549 620 551 621 1 0 14 11 -28543 32 3
27573 27953 551 621 551 621 0 0 11 11 0 380 0
27953 27956 551 621 549 620 0 1 11 8 28747 32 3
27956 27959 549 620 549 623 1 0 8 5 -28747 32 3
27959 30498 549 623 549 623 0 0 5 5 0 2539 0
30498 30501 549 623 549 620 0 1 5 2 30016 32 3
30501 30503 549 620 549 620 1 1 2 2 0 2 0
30503 30504 549 620 550 620 1 0 2 1 -30016 32 1
30504 43266 550 620 550 620 0 0 1 1 0 12762 0
43266 43267 550 620 549 620 0 0 1 0 1000000000 0 1
--------------------------------------
--------------------------------------
EV7
--------------------------------------
Num TPs served = 22
TPs served = 30022 30309 31309 31316 31418 31494 32551 32732 32930 33218 33255 33512 33673 33857 34093 34172 34454 34901 35276 36013 38876 49039
Total energy used = 100
--------------------------------------
Schedule:
0 414 549 620 549 620 0 0 100 100 0 414 0
414 414 549 620 549 620 0 1 100 100 35276 32 0
414 415 549 620 549 620 1 1 100 100 0 1 0
415 416 549 620 549 621 1 0 100 99 -35276 32 1
416 2508 549 621 549 621 0 0 99 99 0 2092 0
2508 2509 549 621 549 620 0 1 99 98 36013 32 1
2509 2511 549 620 551 620 1 0 98 96 -36013 32 2
2511 10594 551 620 551 620 0 0 96 96 0 8083 0
10594 10596 551 620 549 620 0 1 96 94 38876 32 2
10596 10597 549 620 550 620 1 0 94 93 -38876 32 1
10597 30515 550 620 550 620 0 0 93 93 0 19918 0
30515 30516 550 620 549 620 0 1 93 92 30022 32 1
30516 30519 549 620 549 623 1 0 92 89 -30022 32 3
30519 31087 549 623 549 623 0 0 89 89 0 568 0
31087 31090 549 623 549 620 0 1 89 86 49039 32 3
31090 31090 549 620 549 620 1 2 86 86 30309 29 0
31090 31092 549 620 551 620 2 1 86 84 -49039 32 2
31092 31092 551 620 551 620 1 0 84 84 -30309 29 0
31092 33197 551 620 551 620 0 0 84 84 0 2105 0
33197 33199 551 620 549 620 0 1 84 82 31316 32 2
33199 33199 549 620 549 620 1 2 82 82 31309 18 0
33199 33202 549 620 549 623 2 1 82 79 -31316 32 3
33202 33205 549 623 550 621 1 0 79 76 -31309 14 3
33205 33421 550 621 550 621 0 0 76 76 0 216 0
33421 33423 550 621 549 620 0 1 76 74 31418 32 2
33423 33425 549 620 549 620 1 1 74 74 0 2 0
33425 33427 549 620 551 620 1 0 74 72 -31418 32 2
33427 33588 551 620 551 620 0 0 72 72 0 161 0
33588 33590 551 620 549 620 0 1 72 70 31494 32 2
33590 33591 549 620 549 620 1 1 70 70 0 1 0
33591 33592 549 620 549 621 1 0 70 69 -31494 32 1
33592 36037 549 621 549 621 0 0 69 69 0 2445 0
36037 36038 549 621 549 620 0 1 69 68 32551 32 1
36038 36039 549 620 549 620 1 1 68 68 0 1 0
36039 36041 549 620 551 620 1 0 68 66 -32551 32 2
36041 36447 551 620 551 620 0 0 66 66 0 406 0
36447 36449 551 620 549 620 0 1 66 64 32732 32 2
36449 36450 549 620 549 621 1 0 64 63 -32732 32 1
36450 36992 549 621 549 621 0 0 63 63 0 542 0
36992 36993 549 621 549 620 0 1 63 62 32930 32 1
36993 36996 549 620 552 620 1 0 62 59 -32930 32 3
36996 37721 552 620 552 620 0 0 59 59 0 725 0
37721 37724 552 620 549 620 0 1 59 56 33218 32 3
37724 37726 549 620 550 621 1 0 56 54 -33218 32 2
37726 37799 550 621 550 621 0 0 54 54 0 73 0
37799 37801 550 621 549 620 0 1 54 52 33255 32 2
37801 37802 549 620 549 620 1 1 52 52 0 1 0
37802 37803 549 620 549 621 1 0 52 51 -33255 32 1
37803 38464 549 621 549 621 0 0 51 51 0 661 0
38464 38465 549 621 549 620 0 1 51 50 33512 32 1
38465 38469 549 620 550 623 1 0 50 46 -33512 32 4
38469 38916 550 623 550 623 0 0 46 46 0 447 0
38916 38920 550 623 549 620 0 1 46 42 33673 32 4
38920 38927 549 620 556 620 1 0 42 35 -33673 32 7
38927 39412 556 620 556 620 0 0 35 35 0 485 0
39412 39419 556 620 549 620 0 1 35 28 33857 32 7
39419 39420 549 620 549 620 1 1 28 28 0 1 0
39420 39423 549 620 551 621 1 0 28 25 -33857 32 3
39423 40050 551 621 551 621 0 0 25 25 0 627 0
40050 40053 551 621 549 620 0 1 25 22 34093 32 3
40053 40055 549 620 550 621 1 0 22 20 -34093 32 2
40055 40267 550 621 550 621 0 0 20 20 0 212 0
40267 40269 550 621 549 620 0 1 20 18 34172 32 2
40269 40270 549 620 549 621 1 0 18 17 -34172 32 1
40270 41110 549 621 549 621 0 0 17 17 0 840 0
41110 41111 549 621 549 620 0 1 17 16 34454 32 1
41111 41112 549 620 549 620 1 1 16 16 0 1 0
41112 41115 549 620 552 620 1 0 16 13 -34454 32 3
41115 42463 552 620 552 620 0 0 13 13 0 1348 0
42463 42466 552 620 549 620 0 1 13 10 34901 32 3
42466 42471 549 620 553 621 1 0 10 5 -34901 32 5
42471 43262 553 621 553 621 0 0 5 5 0 791 0
43262 43267 553 621 549 620 0 0 5 0 1000000000 0 5
--------------------------------------
--------------------------------------
EV8
--------------------------------------
Num TPs served = 14
TPs served = 34927 35714 36317 37398 39838 40292 40444 41031 41183 41192 41490 41742 43108 43562
Total energy used = 100
--------------------------------------
Schedule:
0 1669 549 620 549 620 0 0 100 100 0 1669 0
1669 1669 549 620 549 620 0 1 100 100 35714 32 0
1669 1671 549 620 549 620 1 1 100 100 0 2 0
1671 1678 549 620 552 624 1 0 100 93 -35714 32 7
1678 3403 552 624 552 624 0 0 93 93 0 1725 0
3403 3410 552 624 549 620 0 1 93 86 36317 32 7
3410 3418 549 620 555 622 1 0 86 78 -36317 32 8
3418 6600 555 622 555 622 0 0 78 78 0 3182 0
6600 6608 555 622 549 620 0 1 78 70 37398 32 8
6608 6611 549 620 551 621 1 0 70 67 -37398 32 3
6611 12955 551 621 551 621 0 0 67 67 0 6344 0
12955 12958 551 621 549 620 0 1 67 64 39838 32 3
12958 12962 549 620 553 620 1 0 64 60 -39838 32 4
12962 14229 553 620 553 620 0 0 60 60 0 1267 0
14229 14233 553 620 549 620 0 1 60 56 40292 32 4
14233 14236 549 620 551 621 1 0 56 53 -40292 32 3
14236 14567 551 621 551 621 0 0 53 53 0 331 0
14567 14570 551 621 549 620 0 1 53 50 40444 32 3
14570 14573 549 620 552 620 1 0 50 47 -40444 32 3
14573 15941 552 620 552 620 0 0 47 47 0 1368 0
15941 15944 552 620 549 620 0 1 47 44 41031 32 3
15944 15947 549 620 552 620 1 0 44 41 -41031 32 3
15947 16291 552 620 552 620 0 0 41 41 0 344 0
16291 16294 552 620 549 620 0 1 41 38 41192 32 3
16294 16294 549 620 549 620 1 2 38 38 41183 11 0
16294 16299 549 620 553 621 2 1 38 33 -41192 32 5
16299 16303 553 621 549 621 1 0 33 29 -41183 4 4
16303 16994 549 621 549 621 0 0 29 29 0 691 0
16994 16995 549 621 549 620 0 1 29 28 41490 32 1
16995 16997 549 620 550 621 1 0 28 26 -41490 32 2
16997 17555 550 621 550 621 0 0 26 26 0 558 0
17555 17557 550 621 549 620 0 1 26 24 41742 32 2
17557 17562 549 620 551 623 1 0 24 19 -41742 32 5
17562 20424 551 623 551 623 0 0 19 19 0 2862 0
20424 20429 551 623 549 620 0 1 19 14 43108 32 5
20429 20430 549 620 549 621 1 0 14 13 -43108 32 1
20430 21330 549 621 549 621 0 0 13 13 0 900 0
21330 21331 549 621 549 620 0 1 13 12 43562 32 1
21331 21333 549 620 549 620 1 1 12 12 0 2 0
21333 21334 549 620 550 620 1 0 12 11 -43562 32 1
21334 42545 550 620 550 620 0 0 11 11 0 21211 0
42545 42546 550 620 549 620 0 1 11 10 34927 32 1
42546 42550 549 620 549 620 1 1 10 10 0 4 0
42550 42555 549 620 554 620 1 0 10 5 -34927 32 5
42555 43262 554 620 554 620 0 0 5 5 0 707 0
43262 43267 554 620 549 620 0 0 5 0 1000000000 0 5
--------------------------------------
--------------------------------------
EV9
--------------------------------------
Num TPs served = 19
TPs served = 41913 42087 43706 43711 44013 44500 45304 45662 46085 46095 46401 47203 47412 47453 47612 47623 48310 48335 48780
Total energy used = 100
--------------------------------------
Schedule:
0 17924 549 620 549 620 0 0 100 100 0 17924 0
17924 17924 549 620 549 620 0 1 100 100 41913 32 0
17924 17926 549 620 549 620 1 1 100 100 0 2 0
17926 17929 549 620 552 620 1 0 100 97 -41913 32 3
17929 18291 552 620 552 620 0 0 97 97 0 362 0
18291 18294 552 620 549 620 0 1 97 94 42087 32 3
18294 18298 549 620 553 620 1 0 94 90 -42087 32 4
18298 21595 553 620 553 620 0 0 90 90 0 3297 0
21595 21599 553 620 549 620 0 1 90 86 43711 32 4
21599 21599 549 620 549 620 1 2 86 86 43706 23 0
21599 21601 549 620 549 622 2 1 86 84 -43711 32 2
21601 21606 549 622 552 620 1 0 84 79 -43706 19 5
21606 22192 552 620 552 620 0 0 79 79 0 586 0
22192 22195 552 620 549 620 0 1 79 76 44013 32 3
22195 22196 549 620 550 620 1 0 76 75 -44013 32 1
22196 23116 550 620 550 620 0 0 75 75 0 920 0
23116 23117 550 620 549 620 0 1 75 74 44500 32 1
23117 23119 549 620 549 620 1 1 74 74 0 2 0
23119 23128 549 620 555 623 1 0 74 65 -44500 32 9
23128 24543 555 623 555 623 0 0 65 65 0 1415 0
24543 24552 555 623 549 620 0 1 65 56 45304 32 9
24552 24553 549 620 550 620 1 0 56 55 -45304 32 1
24553 25178 550 620 550 620 0 0 55 55 0 625 0
25178 25179 550 620 549 620 0 1 55 54 45662 32 1
25179 25180 549 620 549 621 1 0 54 53 -45662 32 1
25180 25970 549 621 549 621 0 0 53 53 0 790 0
25970 25971 549 621 549 620 0 1 53 52 46095 32 1
25971 25971 549 620 549 620 1 2 52 52 46085 15 0
25971 25974 549 620 550 622 2 1 52 49 -46095 32 3
25974 25975 550 622 549 622 1 0 49 48 -46085 13 1
25975 26491 549 622 549 622 0 0 48 48 0 516 0
26491 26493 549 622 549 620 0 1 48 46 46401 32 2
26493 26495 549 620 550 621 1 0 46 44 -46401 32 2
26495 27908 550 621 550 621 0 0 44 44 0 1413 0
27908 27910 550 621 549 620 0 1 44 42 47203 32 2
27910 27912 549 620 550 621 1 0 42 40 -47203 32 2
27912 28218 550 621 550 621 0 0 40 40 0 306 0
28218 28220 550 621 549 620 0 1 40 38 47412 32 2
28220 28221 549 620 550 620 1 0 38 37 -47412 32 1
28221 28290 550 620 550 620 0 0 37 37 0 69 0
28290 28291 550 620 549 620 0 1 37 36 47453 32 1
28291 28292 549 620 550 620 1 0 36 35 -47453 32 1
28292 28571 550 620 550 620 0 0 35 35 0 279 0
28571 28572 550 620 549 620 0 1 35 34 47623 32 1
28572 28572 549 620 549 620 1 2 34 34 47612 14 0
28572 28577 549 620 549 620 2 2 34 34 0 5 0
28577 28581 549 620 550 623 2 1 34 30 -47623 32 4
28581 28582 550 623 550 622 1 0 30 29 -47612 9 1
28582 29800 550 622 550 622 0 0 29 29 0 1218 0
29800 29803 550 622 549 620 0 1 29 26 48310 32 3
29803 29813 549 620 558 621 1 0 26 16 -48310 32 10
29813 29845 558 621 558 621 0 0 16 16 0 32 0
29845 29855 558 621 549 620 0 1 16 6 48335 32 10
29855 29856 549 620 549 620 1 1 6 6 0 1 0
29856 29857 549 620 550 620 1 0 6 5 -48335 32 1
29857 30638 550 620 550 620 0 0 5 5 0 781 0
30638 30639 550 620 549 620 0 1 5 4 48780 32 1
30639 30641 549 620 551 620 1 0 4 2 -48780 32 2
30641 43265 551 620 551 620 0 0 2 2 0 12624 0
43265 43267 551 620 549 620 0 0 2 0 1000000000 0 2
--------------------------------------
--------------------------------------
EV10
--------------------------------------
Num TPs served = 4
TPs served = 48543 49595 49619 49730
Total energy used = 22
--------------------------------------
Schedule:
0 30217 549 620 549 620 0 0 100 100 0 30217 0
30217 30217 549 620 549 620 0 1 100 100 48543 32 0
30217 30218 549 620 549 620 1 1 100 100 0 1 0
30218 30224 549 620 551 624 1 0 100 94 -48543 32 6
30224 32046 551 624 551 624 0 0 94 94 0 1822 0
32046 32052 551 624 549 620 0 1 94 88 49595 32 6
32052 32053 549 620 549 620 1 1 88 88 0 1 0
32053 32055 549 620 550 621 1 0 88 86 -49595 32 2
32055 32095 550 621 550 621 0 0 86 86 0 40 0
32095 32097 550 621 549 620 0 1 86 84 49619 32 2
32097 32098 549 620 549 620 1 1 84 84 0 1 0
32098 32100 549 620 549 622 1 0 84 82 -49619 32 2
32100 32295 549 622 549 622 0 0 82 82 0 195 0
32295 32297 549 622 549 620 0 1 82 80 49730 32 2
32297 32298 549 620 549 621 1 0 80 79 -49730 32 1
32298 43266 549 621 549 621 0 0 79 79 0 10968 0
43266 43267 549 621 549 620 0 0 79 78 1000000000 0 1
--------------------------------------
--------------------------------------
EV11
--------------------------------------
Num TPs served = 0
TPs served = 
Total energy used = 0
--------------------------------------
Schedule:
0 43265 549 620 549 620 0 0 100 100 0 43265 0
43265 43266 549 620 549 620 0 0 100 100 0 0 0
43266 43267 549 620 549 620 0 0 100 100 0 0 0
--------------------------------------

-------------------------------------------------------------------------

TPs

-------------------------------------------------------------------------

----------------------
TP336 allocated to 1
----------------------

----------------------
TP422 allocated to 1
----------------------

----------------------
TP1397 allocated to 1
----------------------

----------------------
TP1460 allocated to 1
----------------------

----------------------
TP1554 allocated to 1
----------------------

----------------------
TP1594 allocated to 1
----------------------

----------------------
TP1690 allocated to 1
----------------------

----------------------
TP1818 allocated to 1
----------------------

----------------------
TP2035 allocated to 1
----------------------

----------------------
TP2407 allocated to 1
----------------------

----------------------
TP2417 allocated to 1
----------------------

----------------------
TP2565 allocated to 1
----------------------

----------------------
TP2588 allocated to 1
----------------------

----------------------
TP2600 allocated to 1
----------------------

----------------------
TP2847 allocated to 1
----------------------

----------------------
TP3208 allocated to 1
----------------------

----------------------
TP3361 allocated to 1
----------------------

----------------------
TP3659 allocated to 2
----------------------

----------------------
TP4614 allocated to 2
----------------------

----------------------
TP4906 allocated to 2
----------------------

----------------------
TP5068 allocated to 2
----------------------

----------------------
TP5430 allocated to 2
----------------------

----------------------
TP5431 allocated to 2
----------------------

----------------------
TP5454 allocated to 2
----------------------

----------------------
TP5579 allocated to 2
----------------------

----------------------
TP5643 allocated to 2
----------------------

----------------------
TP5764 allocated to 2
----------------------

----------------------
TP5781 allocated to 2
----------------------

----------------------
TP6350 allocated to 2
----------------------

----------------------
TP6768 allocated to 2
----------------------

----------------------
TP6907 allocated to 2
----------------------

----------------------
TP7508 allocated to 3
----------------------

----------------------
TP7560 allocated to 2
----------------------

----------------------
TP7881 allocated to 3
----------------------

----------------------
TP8137 allocated to 3
----------------------

----------------------
TP8778 allocated to 3
----------------------

----------------------
TP9697 allocated to 3
----------------------

----------------------
TP10041 allocated to 3
----------------------

----------------------
TP10238 allocated to 3
----------------------

----------------------
TP10494 allocated to 3
----------------------

----------------------
TP10806 allocated to 3
----------------------

----------------------
TP10902 allocated to 3
----------------------

----------------------
TP11239 allocated to 3
----------------------

----------------------
TP11576 allocated to 3
----------------------

----------------------
TP11696 allocated to 3
----------------------

----------------------
TP13211 allocated to 3
----------------------

----------------------
TP13527 allocated to 3
----------------------

----------------------
TP13567 allocated to 3
----------------------

----------------------
TP14176 allocated to 4
----------------------

----------------------
TP14255 allocated to 1
----------------------

----------------------
TP14413 allocated to 4
----------------------

----------------------
TP15783 allocated to 1
----------------------

----------------------
TP16075 allocated to 4
----------------------

----------------------
TP16468 allocated to 4
----------------------

----------------------
TP16536 allocated to 4
----------------------

----------------------
TP16891 allocated to 4
----------------------

----------------------
TP17271 allocated to 4
----------------------

----------------------
TP17869 allocated to 1
----------------------

----------------------
TP18007 allocated to 4
----------------------

----------------------
TP18064 allocated to 4
----------------------

----------------------
TP18177 allocated to 4
----------------------

----------------------
TP18302 allocated to 4
----------------------

----------------------
TP19016 allocated to 4
----------------------

----------------------
TP19095 allocated to 4
----------------------

----------------------
TP19131 allocated to 4
----------------------

----------------------
TP19352 allocated to 4
----------------------

----------------------
TP19432 allocated to 4
----------------------

----------------------
TP19455 allocated to 4
----------------------

----------------------
TP19490 allocated to 4
----------------------

----------------------
TP19502 allocated to 4
----------------------

----------------------
TP19637 allocated to 1
----------------------

----------------------
TP20331 allocated to 4
----------------------

----------------------
TP20372 allocated to 5
----------------------

----------------------
TP20615 allocated to 4
----------------------

----------------------
TP20876 allocated to 5
----------------------

----------------------
TP21166 allocated to 5
----------------------

----------------------
TP21620 allocated to 5
----------------------

----------------------
TP22155 allocated to 5
----------------------

----------------------
TP22282 allocated to 5
----------------------

----------------------
TP22443 allocated to 5
----------------------

----------------------
TP22473 allocated to 5
----------------------

----------------------
TP22622 allocated to 5
----------------------

----------------------
TP22741 allocated to 5
----------------------

----------------------
TP22877 allocated to 5
----------------------

----------------------
TP22935 allocated to 5
----------------------

----------------------
TP23072 allocated to 5
----------------------

----------------------
TP23142 allocated to 5
----------------------

----------------------
TP23260 allocated to 5
----------------------

----------------------
TP23279 allocated to 5
----------------------

----------------------
TP23296 allocated to 5
----------------------

----------------------
TP23412 allocated to 5
----------------------

----------------------
TP23578 allocated to 5
----------------------

----------------------
TP24248 allocated to 1
----------------------

----------------------
TP24878 allocated to 6
----------------------

----------------------
TP25152 allocated to 6
----------------------

----------------------
TP25319 allocated to 1
----------------------

----------------------
TP25748 allocated to 6
----------------------

----------------------
TP26442 allocated to 6
----------------------

----------------------
TP26498 allocated to 6
----------------------

----------------------
TP26559 allocated to 6
----------------------

----------------------
TP26642 allocated to 6
----------------------

----------------------
TP27315 allocated to 6
----------------------

----------------------
TP27362 allocated to 6
----------------------

----------------------
TP27494 allocated to 6
----------------------

----------------------
TP27704 allocated to 6
----------------------

----------------------
TP27747 allocated to 6
----------------------

----------------------
TP28417 allocated to 1
----------------------

----------------------
TP28543 allocated to 6
----------------------

----------------------
TP28747 allocated to 6
----------------------

----------------------
TP29203 allocated to 1
----------------------

----------------------
TP30016 allocated to 6
----------------------

----------------------
TP30022 allocated to 7
----------------------

----------------------
TP30309 allocated to 7
----------------------

----------------------
TP31309 allocated to 7
----------------------

----------------------
TP31316 allocated to 7
----------------------

----------------------
TP31418 allocated to 7
----------------------

----------------------
TP31494 allocated to 7
----------------------

----------------------
TP32551 allocated to 7
----------------------

----------------------
TP32732 allocated to 7
----------------------

----------------------
TP32930 allocated to 7
----------------------

----------------------
TP33218 allocated to 7
----------------------

----------------------
TP33255 allocated to 7
----------------------

----------------------
TP33512 allocated to 7
----------------------

----------------------
TP33524 allocated to 1
----------------------

----------------------
TP33673 allocated to 7
----------------------

----------------------
TP33677 allocated to 1
----------------------

----------------------
TP33764 allocated to 1
----------------------

----------------------
TP33857 allocated to 7
----------------------

----------------------
TP33968 allocated to 1
----------------------

----------------------
TP34093 allocated to 7
----------------------

----------------------
TP34134 allocated to 1
----------------------

----------------------
TP34172 allocated to 7
----------------------

----------------------
TP34454 allocated to 7
----------------------

----------------------
TP34901 allocated to 7
----------------------

----------------------
TP34927 allocated to 8
----------------------

----------------------
TP35276 allocated to 7
----------------------

----------------------
TP35346 allocated to 1
----------------------

----------------------
TP35350 allocated to 1
----------------------

----------------------
TP35714 allocated to 8
----------------------

----------------------
TP36013 allocated to 7
----------------------

----------------------
TP36186 allocated to 1
----------------------

----------------------
TP36317 allocated to 8
----------------------

----------------------
TP36992 allocated to 1
----------------------

----------------------
TP37398 allocated to 8
----------------------

----------------------
TP38769 allocated to 2
----------------------

----------------------
TP38876 allocated to 7
----------------------

----------------------
TP39147 allocated to 5
----------------------

----------------------
TP39838 allocated to 8
----------------------

----------------------
TP40292 allocated to 8
----------------------

----------------------
TP40444 allocated to 8
----------------------

----------------------
TP41031 allocated to 8
----------------------

----------------------
TP41183 allocated to 8
----------------------

----------------------
TP41192 allocated to 8
----------------------

----------------------
TP41490 allocated to 8
----------------------

----------------------
TP41742 allocated to 8
----------------------

----------------------
TP41810 allocated to 1
----------------------

----------------------
TP41913 allocated to 9
----------------------

----------------------
TP42087 allocated to 9
----------------------

----------------------
TP42176 allocated to 1
----------------------

----------------------
TP43055 allocated to 1
----------------------

----------------------
TP43108 allocated to 8
----------------------

----------------------
TP43205 allocated to 1
----------------------

----------------------
TP43562 allocated to 8
----------------------

----------------------
TP43700 allocated to 1
----------------------

----------------------
TP43706 allocated to 9
----------------------

----------------------
TP43711 allocated to 9
----------------------

----------------------
TP44013 allocated to 9
----------------------

----------------------
TP44500 allocated to 9
----------------------

----------------------
TP45304 allocated to 9
----------------------

----------------------
TP45662 allocated to 9
----------------------

----------------------
TP46060 allocated to 1
----------------------

----------------------
TP46085 allocated to 9
----------------------

----------------------
TP46095 allocated to 9
----------------------

----------------------
TP46401 allocated to 9
----------------------

----------------------
TP46512 allocated to 1
----------------------

----------------------
TP47203 allocated to 9
----------------------

----------------------
TP47412 allocated to 9
----------------------

----------------------
TP47453 allocated to 9
----------------------

----------------------
TP47612 allocated to 9
----------------------

----------------------
TP47623 allocated to 9
----------------------

----------------------
TP48215 allocated to 1
----------------------

----------------------
TP48310 allocated to 9
----------------------

----------------------
TP48335 allocated to 9
----------------------

----------------------
TP48543 allocated to 10
----------------------

----------------------
TP48780 allocated to 9
----------------------

----------------------
TP49039 allocated to 7
----------------------

----------------------
TP49595 allocated to 10
----------------------

----------------------
TP49619 allocated to 10
----------------------

----------------------
TP49730 allocated to 10
----------------------

-------------------------------------------------------------------------

Ride-sharing vs Individual Mode - Num Vehicles and Distance Comparisson 

-------------------------------------------------------------------------
Individual Mode = 189 vehicles.
Ride-sharing Mode = 11 vehicles. The 11 ride-sharing vehicles + 0 vehicles of the individuals not served by the ride-sharing service.
-------------------------------------------------------------------------
Individual Mode = 481 distance.
Ride-sharing Mode = 922 distance. 922 from the EV fleet + 0 from the distance of the trips not covered individuals had to do with their own vehicle.
-------------------------------------------------------------------------
