-------------------------------------------------------------------------
TPs satisfied = 103; Total TPs = 200; Percentage Satisfied + 51.5%
-------------------------------------------------------------------------

-------------------------------------------------------------------------

EVs

-------------------------------------------------------------------------
--------------------------------------
EV1
--------------------------------------
Num TPs served = 46
TPs served = 222 617 630 645 776 837 964 980 1274 1454 1730 2531 2812 2976 3734 3939 4018 4176 4207 4240 5003 5041 5703 5766 5987 10144 10697 11469 14029 19105 19308 19716 20651 21650 23771 26667 28123 29877 32199 34136 35883 37458 38463 44533 47079 47362
Total energy used = 100
--------------------------------------
Schedule:
0 424 305 186 305 186 0 0 100 100 0 424 0
424 424 305 186 305 186 0 1 100 100 222 32 0
424 426 305 186 307 186 1 0 100 98 -222 32 2
426 1129 307 186 307 186 0 0 98 98 0 703 0
1129 1131 307 186 305 186 0 1 98 96 630 32 2
1131 1131 305 186 305 186 1 2 96 96 617 8 0
1131 1132 305 186 305 186 2 2 96 96 0 1 0
1132 1136 305 186 307 188 2 1 96 92 -630 32 4
1136 1137 307 188 307 187 1 0 92 91 -617 5 1
1137 1150 307 187 307 187 0 0 91 91 0 13 0
1150 1153 307 187 305 186 0 1 91 88 645 32 3
1153 1154 305 186 306 186 1 0 88 87 -645 32 1
1154 1393 306 186 306 186 0 0 87 87 0 239 0
1393 1394 306 186 305 186 0 1 87 86 776 32 1
1394 1396 305 186 305 186 1 1 86 86 0 2 0
1396 1396 305 186 305 186 1 0 86 86 -776 32 0
1396 1487 305 186 305 186 0 0 86 86 0 91 0
1487 1487 305 186 305 186 0 1 86 86 837 32 0
1487 1489 305 186 307 186 1 0 86 84 -837 32 2
1489 1721 307 186 307 186 0 0 84 84 0 232 0
1721 1723 307 186 305 186 0 1 84 82 980 32 2
1723 1723 305 186 305 186 1 2 82 82 964 6 0
1723 1725 305 186 305 186 2 2 82 82 0 2 0
1725 1725 305 186 305 186 2 1 82 82 -980 32 0
1725 1726 305 186 305 187 1 0 82 81 -964 4 1
1726 2160 305 187 305 187 0 0 81 81 0 434 0
2160 2161 305 187 305 186 0 1 81 80 35883 32 1
2161 2163 305 186 305 186 1 1 80 80 0 2 0
2163 2163 305 186 305 186 1 0 80 80 -35883 32 0
2163 2231 305 186 305 186 0 0 80 80 0 68 0
2231 2231 305 186 305 186 0 1 80 80 1274 32 0
2231 2233 305 186 307 186 1 0 80 78 -1274 32 2
2233 2534 307 186 307 186 0 0 78 78 0 301 0
2534 2536 307 186 305 186 0 1 78 76 1454 32 2
2536 2540 305 186 305 186 1 1 76 76 0 4 0
2540 2542 305 186 306 187 1 0 76 74 -1454 32 2
2542 3021 306 187 306 187 0 0 74 74 0 479 0
3021 3023 306 187 305 186 0 1 74 72 1730 32 2
3023 3025 305 186 305 186 1 1 72 72 0 2 0
3025 3025 305 186 305 186 1 0 72 72 -1730 32 0
3025 4493 305 186 305 186 0 0 72 72 0 1468 0
4493 4493 305 186 305 186 0 1 72 72 2531 32 0
4493 4494 305 186 305 187 1 0 72 71 -2531 32 1
4494 5014 305 187 305 187 0 0 71 71 0 520 0
5014 5015 305 187 305 186 0 1 71 70 2812 32 1
5015 5017 305 186 305 186 1 1 70 70 0 2 0
5017 5018 305 186 306 186 1 0 70 69 -2812 32 1
5018 5316 306 186 306 186 0 0 69 69 0 298 0
5316 5317 306 186 305 186 0 1 69 68 19105 32 1
5317 5317 305 186 305 186 1 2 68 68 2976 26 0
5317 5318 305 186 305 186 2 2 68 68 0 1 0
5318 5318 305 186 305 186 2 1 68 68 -19105 32 0
5318 5319 305 186 306 186 1 0 68 67 -2976 25 1
5319 5910 306 186 306 186 0 0 67 67 0 591 0
5910 5911 306 186 305 186 0 1 67 66 19308 32 1
5911 5912 305 186 305 186 1 1 66 66 0 1 0
5912 5912 305 186 305 186 1 0 66 66 -19308 32 0
5912 6704 305 186 305 186 0 0 66 66 0 792 0
6704 6704 305 186 305 186 0 1 66 66 3734 32 0
6704 6706 305 186 305 186 1 1 66 66 0 2 0
6706 6706 305 186 305 186 1 0 66 66 -3734 32 0
6706 6778 305 186 305 186 0 0 66 66 0 72 0
6778 6778 305 186 305 186 0 1 66 66 37458 32 0
6778 6779 305 186 305 186 1 1 66 66 0 1 0
6779 6779 305 186 305 186 1 0 66 66 -37458 32 0
6779 7072 305 186 305 186 0 0 66 66 0 293 0
7072 7072 305 186 305 186 0 1 66 66 3939 32 0
7072 7073 305 186 305 186 1 1 66 66 0 1 0
7073 7076 305 186 308 186 1 0 66 63 -3939 32 3
7076 7197 308 186 308 186 0 0 63 63 0 121 0
7197 7200 308 186 305 186 0 1 63 60 19716 32 3
7200 7201 305 186 305 186 1 1 60 60 0 1 0
7201 7201 305 186 305 186 1 0 60 60 -19716 32 0
7201 7225 305 186 305 186 0 0 60 60 0 24 0
7225 7225 305 186 305 186 0 1 60 60 4018 32 0
7225 7226 305 186 306 186 1 0 60 59 -4018 32 1
7226 7520 306 186 306 186 0 0 59 59 0 294 0
7520 7521 306 186 305 186 0 1 59 58 4176 32 1
7521 7530 305 186 313 187 1 0 58 49 -4176 32 9
7530 7563 313 187 313 187 0 0 49 49 0 33 0
7563 7572 313 187 305 186 0 1 49 40 4207 32 9
7572 7573 305 186 305 187 1 0 40 39 -4207 32 1
7573 7619 305 187 305 187 0 0 39 39 0 46 0
7619 7620 305 187 305 186 0 1 39 38 4240 32 1
7620 7625 305 186 310 186 1 0 38 33 -4240 32 5
7625 9076 310 186 310 186 0 0 33 33 0 1451 0
9076 9081 310 186 305 186 0 1 33 28 5003 32 5
9081 9083 305 186 307 186 1 0 28 26 -5003 32 2
9083 9138 307 186 307 186 0 0 26 26 0 55 0
9138 9140 307 186 305 186 0 1 26 24 5041 32 2
9140 9142 305 186 305 186 1 1 24 24 0 2 0
9142 9148 305 186 311 186 1 0 24 18 -5041 32 6
9148 9529 311 186 311 186 0 0 18 18 0 381 0
9529 9535 311 186 305 186 0 1 18 12 38463 32 6
9535 9537 305 186 305 186 1 1 12 12 0 2 0
9537 9537 305 186 305 186 1 0 12 12 -38463 32 0
9537 9826 305 186 305 186 0 0 12 12 0 289 0
9826 9826 305 186 305 186 0 1 12 12 20651 32 0
9826 9827 305 186 305 186 1 1 12 12 0 1 0
9827 9827 305 186 305 186 1 0 12 12 -20651 32 0
9827 10423 305 186 305 186 0 0 12 12 0 596 0
10423 10423 305 186 305 186 0 1 12 12 5703 32 0
10423 10426 305 186 305 186 1 1 12 12 0 3 0
10426 10429 305 186 308 186 1 0 12 9 -5703 32 3
10429 10548 308 186 308 186 0 0 9 9 0 119 0
10548 10551 308 186 305 186 0 1 9 6 5766 32 3
10551 10552 305 186 305 186 1 1 6 6 0 1 0
10552 10554 305 186 306 187 1 0 6 4 -5766 32 2
10554 10962 306 187 306 187 0 0 4 4 0 408 0
10962 10964 306 187 305 186 0 1 4 2 5987 32 2
10964 10965 305 186 305 187 1 0 2 1 -5987 32 1
10965 12519 305 187 305 187 0 0 1 1 0 1554 0
12519 12520 305 187 305 186 0 1 1 0 21650 32 1
12520 12521 305 186 305 186 1 1 0 0 0 1 0
12521 12521 305 186 305 186 1 0 0 0 -21650 32 0
12521 17787 305 186 305 186 0 0 0 0 0 5266 0
17787 17787 305 186 305 186 0 1 0 0 23771 32 0
17787 17788 305 186 305 186 1 1 0 0 0 1 0
17788 17788 305 186 305 186 1 0 0 0 -23771 32 0
17788 20804 305 186 305 186 0 0 0 0 0 3016 0
20804 20804 305 186 305 186 0 1 0 0 10144 32 0
20804 20805 305 186 305 186 1 1 0 0 0 1 0
20805 20805 305 186 305 186 1 0 0 0 -10144 32 0
20805 22405 305 186 305 186 0 0 0 0 0 1600 0
22405 22405 305 186 305 186 0 1 0 0 10697 32 0
22405 22407 305 186 305 186 1 1 0 0 0 2 0
22407 22407 305 186 305 186 1 0 0 0 -10697 32 0
22407 23172 305 186 305 186 0 0 0 0 0 765 0
23172 23172 305 186 305 186 0 1 0 0 44533 32 0
23172 23173 305 186 305 186 1 1 0 0 0 1 0
23173 23173 305 186 305 186 1 0 0 0 -44533 32 0
23173 23996 305 186 305 186 0 0 0 0 0 823 0
23996 23996 305 186 305 186 0 1 0 0 26667 32 0
23996 24000 305 186 305 186 1 1 0 0 0 4 0
24000 24000 305 186 305 186 1 0 0 0 -26667 32 0
24000 24876 305 186 305 186 0 0 0 0 0 876 0
24876 24876 305 186 305 186 0 1 0 0 11469 32 0
24876 24878 305 186 305 186 1 1 0 0 0 2 0
24878 24878 305 186 305 186 1 0 0 0 -11469 32 0
24878 26763 305 186 305 186 0 0 0 0 0 1885 0
26763 26763 305 186 305 186 0 1 0 0 28123 32 0
26763 26765 305 186 305 186 1 1 0 0 0 2 0
26765 26765 305 186 305 186 1 0 0 0 -28123 32 0
26765 27687 305 186 305 186 0 0 0 0 0 922 0
27687 27687 305 186 305 186 0 1 0 0 47079 32 0
27687 27689 305 186 305 186 1 1 0 0 0 2 0
27689 27689 305 186 305 186 1 0 0 0 -47079 32 0
27689 28142 305 186 305 186 0 0 0 0 0 453 0
28142 28142 305 186 305 186 0 1 0 0 47362 32 0
28142 28143 305 186 305 186 1 1 0 0 0 1 0
28143 28143 305 186 305 186 1 0 0 0 -47362 32 0
28143 30237 305 186 305 186 0 0 0 0 0 2094 0
30237 30237 305 186 305 186 0 1 0 0 29877 32 0
30237 30238 305 186 305 186 1 1 0 0 0 1 0
30238 30238 305 186 305 186 1 0 0 0 -29877 32 0
30238 34103 305 186 305 186 0 0 0 0 0 3865 0
34103 34103 305 186 305 186 0 1 0 0 14029 32 0
34103 34111 305 186 305 186 1 1 0 0 0 8 0
34111 34111 305 186 305 186 1 0 0 0 -14029 32 0
34111 35203 305 186 305 186 0 0 0 0 0 1092 0
35203 35203 305 186 305 186 0 1 0 0 32199 32 0
35203 35205 305 186 305 186 1 1 0 0 0 2 0
35205 35205 305 186 305 186 1 0 0 0 -32199 32 0
35205 40179 305 186 305 186 0 0 0 0 0 4974 0
40179 40179 305 186 305 186 0 1 0 0 34136 32 0
40179 40180 305 186 305 186 1 1 0 0 0 1 0
40180 40180 305 186 305 186 1 0 0 0 -34136 32 0
40180 43267 305 186 305 186 0 0 0 0 0 3087 0
43267 43267 305 186 305 186 0 0 0 0 1000000000 0 0
--------------------------------------
--------------------------------------
EV2
--------------------------------------
Num TPs served = 22
TPs served = 5901 6041 6154 7041 7278 7527 7596 8030 8117 8170 9119 9158 9336 9481 9500 9679 10174 10227 10260 10769 10846 12509
Total energy used = 100
--------------------------------------
Schedule:
0 10799 305 186 305 186 0 0 100 100 0 10799 0
10799 10799 305 186 305 186 0 1 100 100 5901 32 0
10799 10801 305 186 306 187 1 0 100 98 -5901 32 2
10801 11067 306 187 306 187 0 0 98 98 0 266 0
11067 11069 306 187 305 186 0 1 98 96 6041 32 2
11069 11071 305 186 307 186 1 0 96 94 -6041 32 2
11071 11268 307 186 307 186 0 0 94 94 0 197 0
11268 11270 307 186 305 186 0 1 94 92 6154 32 2
11270 11271 305 186 305 186 1 1 92 92 0 1 0
11271 11273 305 186 306 187 1 0 92 90 -6154 32 2
11273 13079 306 187 306 187 0 0 90 90 0 1806 0
13079 13081 306 187 305 186 0 1 90 88 7041 32 2
13081 13086 305 186 310 186 1 0 88 83 -7041 32 5
13086 13627 310 186 310 186 0 0 83 83 0 541 0
13627 13632 310 186 305 186 0 1 83 78 7278 32 5
13632 13636 305 186 309 186 1 0 78 74 -7278 32 4
13636 14161 309 186 309 186 0 0 74 74 0 525 0
14161 14165 309 186 305 186 0 1 74 70 7527 32 4
14165 14171 305 186 309 188 1 0 70 64 -7527 32 6
14171 14301 309 188 309 188 0 0 64 64 0 130 0
14301 14307 309 188 305 186 0 1 64 58 7596 32 6
14307 14308 305 186 305 186 1 1 58 58 0 1 0
14308 14312 305 186 308 187 1 0 58 54 -7596 32 4
14312 15265 308 187 308 187 0 0 54 54 0 953 0
15265 15269 308 187 305 186 0 1 54 50 8030 32 4
15269 15270 305 186 305 187 1 0 50 49 -8030 32 1
15270 15492 305 187 305 187 0 0 49 49 0 222 0
15492 15493 305 187 305 186 0 1 49 48 8117 32 1
15493 15494 305 186 306 186 1 0 48 47 -8117 32 1
15494 15605 306 186 306 186 0 0 47 47 0 111 0
15605 15606 306 186 305 186 0 1 47 46 8170 32 1
15606 15607 305 186 306 186 1 0 46 45 -8170 32 1
15607 17940 306 186 306 186 0 0 45 45 0 2333 0
17940 17941 306 186 305 186 0 1 45 44 9119 32 1
17941 17942 305 186 306 186 1 0 44 43 -9119 32 1
17942 18046 306 186 306 186 0 0 43 43 0 104 0
18046 18047 306 186 305 186 0 1 43 42 9158 32 1
18047 18048 305 186 305 186 1 1 42 42 0 1 0
18048 18049 305 186 306 186 1 0 42 41 -9158 32 1
18049 18578 306 186 306 186 0 0 41 41 0 529 0
18578 18579 306 186 305 186 0 1 41 40 9336 32 1
18579 18580 305 186 305 186 1 1 40 40 0 1 0
18580 18585 305 186 307 189 1 0 40 35 -9336 32 5
18585 18974 307 189 307 189 0 0 35 35 0 389 0
18974 18979 307 189 305 186 0 1 35 30 9481 32 5
18979 18982 305 186 307 187 1 0 30 27 -9481 32 3
18982 19022 307 187 307 187 0 0 27 27 0 40 0
19022 19025 307 187 305 186 0 1 27 24 9500 32 3
19025 19026 305 186 305 186 1 1 24 24 0 1 0
19026 19027 305 186 306 186 1 0 24 23 -9500 32 1
19027 19492 306 186 306 186 0 0 23 23 0 465 0
19492 19493 306 186 305 186 0 1 23 22 9679 32 1
19493 19495 305 186 307 186 1 0 22 20 -9679 32 2
19495 20890 307 186 307 186 0 0 20 20 0 1395 0
20890 20892 307 186 305 186 0 1 20 18 10174 32 2
20892 20893 305 186 305 186 1 1 18 18 0 1 0
20893 20894 305 186 305 187 1 0 18 17 -10174 32 1
20894 21053 305 187 305 187 0 0 17 17 0 159 0
21053 21054 305 187 305 186 0 1 17 16 10227 32 1
21054 21055 305 186 306 186 1 0 16 15 -10227 32 1
21055 21150 306 186 306 186 0 0 15 15 0 95 0
21150 21151 306 186 305 186 0 1 15 14 10260 32 1
21151 21154 305 186 308 186 1 0 14 11 -10260 32 3
21154 22635 308 186 308 186 0 0 11 11 0 1481 0
22635 22638 308 186 305 186 0 1 11 8 10769 32 3
22638 22639 305 186 305 186 1 1 8 8 0 1 0
22639 22640 305 186 306 186 1 0 8 7 -10769 32 1
22640 22885 306 186 306 186 0 0 7 7 0 245 0
22885 22886 306 186 305 186 0 1 7 6 10846 32 1
22886 22887 305 186 305 186 1 1 6 6 0 1 0
22887 22889 305 186 307 186 1 0 6 4 -10846 32 2
22889 28464 307 186 307 186 0 0 4 4 0 5575 0
28464 28466 307 186 305 186 0 1 4 2 12509 32 2
28466 28467 305 186 305 186 1 1 2 2 0 1 0
28467 28468 305 186 305 187 1 0 2 1 -12509 32 1
28468 43266 305 187 305 187 0 0 1 1 0 14798 0
43266 43267 305 187 305 186 0 0 1 0 1000000000 0 1
--------------------------------------
--------------------------------------
EV3
--------------------------------------
Num TPs served = 19
TPs served = 10258 11141 11406 12131 12692 12766 13071 13089 13493 13558 13824 14408 14419 14816 14917 15050 16081 16135 18361
Total energy used = 100
--------------------------------------
Schedule:
0 2970 305 186 305 186 0 0 100 100 0 2970 0
2970 2970 305 186 305 186 0 1 100 100 18361 32 0
2970 2972 305 186 305 188 1 0 100 98 -18361 32 2
2972 21143 305 188 305 188 0 0 98 98 0 18171 0
21143 21145 305 188 305 186 0 1 98 96 10258 32 2
21145 21146 305 186 305 186 1 1 96 96 0 1 0
21146 21157 305 186 316 186 1 0 96 85 -10258 32 11
21157 23783 316 186 316 186 0 0 85 85 0 2626 0
23783 23794 316 186 305 186 0 1 85 74 11141 32 11
23794 23799 305 186 306 190 1 0 74 69 -11141 32 5
23799 24662 306 190 306 190 0 0 69 69 0 863 0
24662 24667 306 190 305 186 0 1 69 64 11406 32 5
24667 24670 305 186 305 186 1 1 64 64 0 3 0
24670 24672 305 186 305 188 1 0 64 62 -11406 32 2
24672 27180 305 188 305 188 0 0 62 62 0 2508 0
27180 27182 305 188 305 186 0 1 62 60 12131 32 2
27182 27183 305 186 305 186 1 1 60 60 0 1 0
27183 27185 305 186 306 187 1 0 60 58 -12131 32 2
27185 29176 306 187 306 187 0 0 58 58 0 1991 0
29176 29178 306 187 305 186 0 1 58 56 12692 32 2
29178 29183 305 186 309 187 1 0 56 51 -12692 32 5
29183 29412 309 187 309 187 0 0 51 51 0 229 0
29412 29417 309 187 305 186 0 1 51 46 12766 32 5
29417 29418 305 186 306 186 1 0 46 45 -12766 32 1
29418 30559 306 186 306 186 0 0 45 45 0 1141 0
30559 30560 306 186 305 186 0 1 45 44 13071 32 1
30560 30562 305 186 307 186 1 0 44 42 -13071 32 2
30562 30633 307 186 307 186 0 0 42 42 0 71 0
30633 30635 307 186 305 186 0 1 42 40 13089 32 2
30635 30637 305 186 305 186 1 1 40 40 0 2 0
30637 30638 305 186 306 186 1 0 40 39 -13089 32 1
30638 32088 306 186 306 186 0 0 39 39 0 1450 0
32088 32089 306 186 305 186 0 1 39 38 13493 32 1
32089 32091 305 186 307 186 1 0 38 36 -13493 32 2
32091 32334 307 186 307 186 0 0 36 36 0 243 0
32334 32336 307 186 305 186 0 1 36 34 13558 32 2
32336 32337 305 186 306 186 1 0 34 33 -13558 32 1
32337 33285 306 186 306 186 0 0 33 33 0 948 0
33285 33286 306 186 305 186 0 1 33 32 13824 32 1
33286 33289 305 186 308 186 1 0 32 29 -13824 32 3
33289 35520 308 186 308 186 0 0 29 29 0 2231 0
35520 35523 308 186 305 186 0 1 29 26 14408 32 3
35523 35526 305 186 305 189 1 0 26 23 -14408 32 3
35526 35555 305 189 305 189 0 0 23 23 0 29 0
35555 35558 305 189 305 186 0 1 23 20 14419 32 3
35558 35559 305 186 306 186 1 0 20 19 -14419 32 1
35559 37094 306 186 306 186 0 0 19 19 0 1535 0
37094 37095 306 186 305 186 0 1 19 18 14816 32 1
37095 37096 305 186 306 186 1 0 18 17 -14816 32 1
37096 37515 306 186 306 186 0 0 17 17 0 419 0
37515 37516 306 186 305 186 0 1 17 16 14917 32 1
37516 37517 305 186 305 186 1 1 16 16 0 1 0
37517 37520 305 186 308 186 1 0 16 13 -14917 32 3
37520 37974 308 186 308 186 0 0 13 13 0 454 0
37974 37977 308 186 305 186 0 1 13 10 15050 32 3
37977 37979 305 186 307 186 1 0 10 8 -15050 32 2
37979 40899 307 186 307 186 0 0 8 8 0 2920 0
40899 40901 307 186 305 186 0 1 8 6 16081 32 2
40901 40903 305 186 307 186 1 0 6 4 -16081 32 2
40903 41007 307 186 307 186 0 0 4 4 0 104 0
41007 41009 307 186 305 186 0 1 4 2 16135 32 2
41009 41010 305 186 306 186 1 0 2 1 -16135 32 1
41010 43266 306 186 306 186 0 0 1 1 0 2256 0
43266 43267 306 186 305 186 0 0 1 0 1000000000 0 1
--------------------------------------
--------------------------------------
EV4
--------------------------------------
Num TPs served = 16
TPs served = 15589 16398 17983 18460 18965 19452 19540 19707 19754 20201 20575 21350 22006 22087 22121 24583
Total energy used = 100
--------------------------------------
Schedule:
0 1761 305 186 305 186 0 0 100 100 0 1761 0
1761 1761 305 186 305 186 0 1 100 100 17983 32 0
1761 1766 305 186 309 187 1 0 100 95 -17983 32 5
1766 3253 309 187 309 187 0 0 95 95 0 1487 0
3253 3258 309 187 305 186 0 1 95 90 18460 32 5
3258 3260 305 186 307 186 1 0 90 88 -18460 32 2
3260 4879 307 186 307 186 0 0 88 88 0 1619 0
4879 4881 307 186 305 186 0 1 88 86 18965 32 2
4881 4883 305 186 307 186 1 0 86 84 -18965 32 2
4883 6404 307 186 307 186 0 0 84 84 0 1521 0
6404 6406 307 186 305 186 0 1 84 82 19452 32 2
6406 6410 305 186 309 186 1 0 82 78 -19452 32 4
6410 6684 309 186 309 186 0 0 78 78 0 274 0
6684 6688 309 186 305 186 0 1 78 74 19540 32 4
6688 6689 305 186 305 186 1 1 74 74 0 1 0
6689 6695 305 186 311 186 1 0 74 68 -19540 32 6
6695 7171 311 186 311 186 0 0 68 68 0 476 0
7171 7177 311 186 305 186 0 1 68 62 19707 32 6
7177 7178 305 186 306 186 1 0 62 61 -19707 32 1
7178 7281 306 186 306 186 0 0 61 61 0 103 0
7281 7282 306 186 305 186 0 1 61 60 19754 32 1
7282 7284 305 186 305 188 1 0 60 58 -19754 32 2
7284 8598 305 188 305 188 0 0 58 58 0 1314 0
8598 8600 305 188 305 186 0 1 58 56 20201 32 2
8600 8602 305 186 305 186 1 1 56 56 0 2 0
8602 8607 305 186 305 191 1 0 56 51 -20201 32 5
8607 9642 305 191 305 191 0 0 51 51 0 1035 0
9642 9647 305 191 305 186 0 1 51 46 20575 32 5
9647 9651 305 186 308 187 1 0 46 42 -20575 32 4
9651 11690 308 187 308 187 0 0 42 42 0 2039 0
11690 11694 308 187 305 186 0 1 42 38 21350 32 4
11694 11695 305 186 305 186 1 1 38 38 0 1 0
11695 11696 305 186 305 187 1 0 38 37 -21350 32 1
11696 13480 305 187 305 187 0 0 37 37 0 1784 0
13480 13481 305 187 305 186 0 1 37 36 22006 32 1
13481 13486 305 186 305 186 1 1 36 36 0 5 0
13486 13487 305 186 305 187 1 0 36 35 -22006 32 1
13487 13692 305 187 305 187 0 0 35 35 0 205 0
13692 13693 305 187 305 186 0 1 35 34 22087 32 1
13693 13696 305 186 305 186 1 1 34 34 0 3 0
13696 13698 305 186 307 186 1 0 34 32 -22087 32 2
13698 13780 307 186 307 186 0 0 32 32 0 82 0
13780 13782 307 186 305 186 0 1 32 30 22121 32 2
13782 13785 305 186 308 186 1 0 30 27 -22121 32 3
13785 19580 308 186 308 186 0 0 27 27 0 5795 0
19580 19583 308 186 305 186 0 1 27 24 24583 32 3
19583 19585 305 186 305 186 1 1 24 24 0 2 0
19585 19586 305 186 306 186 1 0 24 23 -24583 32 1
19586 39988 306 186 306 186 0 0 23 23 0 20402 0
39988 39989 306 186 305 186 0 1 23 22 15589 32 1
39989 39990 305 186 305 186 1 1 22 22 0 1 0
39990 39998 305 186 306 193 1 0 22 14 -15589 32 8
39998 41426 306 193 306 193 0 0 14 14 0 1428 0
41426 41434 306 193 305 186 0 1 14 6 16398 32 8
41434 41437 305 186 305 186 1 1 6 6 0 3 0
41437 41440 305 186 305 189 1 0 6 3 -16398 32 3
41440 43264 305 189 305 189 0 0 3 3 0 1824 0
43264 43267 305 189 305 186 0 0 3 0 1000000000 0 3
--------------------------------------

-------------------------------------------------------------------------

TPs

-------------------------------------------------------------------------

----------------------
TP222 allocated to 1
----------------------

----------------------
TP617 allocated to 1
----------------------

----------------------
TP630 allocated to 1
----------------------

----------------------
TP645 allocated to 1
----------------------

----------------------
TP776 allocated to 1
----------------------

----------------------
TP837 allocated to 1
----------------------

----------------------
TP964 allocated to 1
----------------------

----------------------
TP980 allocated to 1
----------------------

----------------------
TP1274 allocated to 1
----------------------

----------------------
TP1454 allocated to 1
----------------------

----------------------
TP1730 allocated to 1
----------------------

----------------------
TP2531 allocated to 1
----------------------

----------------------
TP2812 allocated to 1
----------------------

----------------------
TP2976 allocated to 1
----------------------

----------------------
TP3734 allocated to 1
----------------------

----------------------
TP3939 allocated to 1
----------------------

----------------------
TP4018 allocated to 1
----------------------

----------------------
TP4176 allocated to 1
----------------------

----------------------
TP4207 allocated to 1
----------------------

----------------------
TP4240 allocated to 1
----------------------

----------------------
TP5003 allocated to 1
----------------------

----------------------
TP5041 allocated to 1
----------------------

----------------------
TP5703 allocated to 1
----------------------

----------------------
TP5766 allocated to 1
----------------------

----------------------
TP5901 allocated to 2
----------------------

----------------------
TP5987 allocated to 1
----------------------

----------------------
TP6041 allocated to 2
----------------------

----------------------
TP6154 allocated to 2
----------------------

----------------------
TP7041 allocated to 2
----------------------

----------------------
TP7278 allocated to 2
----------------------

----------------------
TP7527 allocated to 2
----------------------

----------------------
TP7596 allocated to 2
----------------------

----------------------
TP8030 allocated to 2
----------------------

----------------------
TP8117 allocated to 2
----------------------

----------------------
TP8170 allocated to 2
----------------------

----------------------
TP9119 allocated to 2
----------------------

----------------------
TP9158 allocated to 2
----------------------

----------------------
TP9336 allocated to 2
----------------------

----------------------
TP9481 allocated to 2
----------------------

----------------------
TP9500 allocated to 2
----------------------

----------------------
TP9679 allocated to 2
----------------------

----------------------
TP10144 allocated to 1
----------------------

----------------------
TP10174 allocated to 2
----------------------

----------------------
TP10227 allocated to 2
----------------------

----------------------
TP10258 allocated to 3
----------------------

----------------------
TP10260 allocated to 2
----------------------

----------------------
TP10697 allocated to 1
----------------------

----------------------
TP10769 allocated to 2
----------------------

----------------------
TP10846 allocated to 2
----------------------

----------------------
TP11141 allocated to 3
----------------------

----------------------
TP11406 allocated to 3
----------------------

----------------------
TP11469 allocated to 1
----------------------

----------------------
TP12131 allocated to 3
----------------------

----------------------
TP12509 allocated to 2
----------------------

----------------------
TP12692 allocated to 3
----------------------

----------------------
TP12766 allocated to 3
----------------------

----------------------
TP13071 allocated to 3
----------------------

----------------------
TP13089 allocated to 3
----------------------

----------------------
TP13493 allocated to 3
----------------------

----------------------
TP13558 allocated to 3
----------------------

----------------------
TP13824 allocated to 3
----------------------

----------------------
TP14029 allocated to 1
----------------------

----------------------
TP14408 allocated to 3
----------------------

----------------------
TP14419 allocated to 3
----------------------

----------------------
TP14816 allocated to 3
----------------------

----------------------
TP14917 allocated to 3
----------------------

----------------------
TP15050 allocated to 3
----------------------

----------------------
TP15589 allocated to 4
----------------------

----------------------
TP16081 allocated to 3
----------------------

----------------------
TP16135 allocated to 3
----------------------

----------------------
TP16398 allocated to 4
----------------------

----------------------
TP17983 allocated to 4
----------------------

----------------------
TP18361 allocated to 3
----------------------

----------------------
TP18460 allocated to 4
----------------------

----------------------
TP18965 allocated to 4
----------------------

----------------------
TP19105 allocated to 1
----------------------

----------------------
TP19308 allocated to 1
----------------------

----------------------
TP19452 allocated to 4
----------------------

----------------------
TP19540 allocated to 4
----------------------

----------------------
TP19707 allocated to 4
----------------------

----------------------
TP19716 allocated to 1
----------------------

----------------------
TP19754 allocated to 4
----------------------

----------------------
TP20201 allocated to 4
----------------------

----------------------
TP20575 allocated to 4
----------------------

----------------------
TP20651 allocated to 1
----------------------

----------------------
TP21350 allocated to 4
----------------------

----------------------
TP21650 allocated to 1
----------------------

----------------------
TP22006 allocated to 4
----------------------

----------------------
TP22087 allocated to 4
----------------------

----------------------
TP22121 allocated to 4
----------------------

----------------------
TP22320 not allocated
----------------------

----------------------
TP23627 not allocated
----------------------

----------------------
TP23771 allocated to 1
----------------------

----------------------
TP23825 not allocated
----------------------

----------------------
TP24521 not allocated
----------------------

----------------------
TP24583 allocated to 4
----------------------

----------------------
TP24680 not allocated
----------------------

----------------------
TP24809 not allocated
----------------------

----------------------
TP24880 not allocated
----------------------

----------------------
TP25051 not allocated
----------------------

----------------------
TP25315 not allocated
----------------------

----------------------
TP25491 not allocated
----------------------

----------------------
TP25529 not allocated
----------------------

----------------------
TP25690 not allocated
----------------------

----------------------
TP26496 not allocated
----------------------

----------------------
TP26520 not allocated
----------------------

----------------------
TP26554 not allocated
----------------------

----------------------
TP26667 allocated to 1
----------------------

----------------------
TP26687 not allocated
----------------------

----------------------
TP26768 not allocated
----------------------

----------------------
TP27118 not allocated
----------------------

----------------------
TP27302 not allocated
----------------------

----------------------
TP27642 not allocated
----------------------

----------------------
TP27905 not allocated
----------------------

----------------------
TP28123 allocated to 1
----------------------

----------------------
TP28387 not allocated
----------------------

----------------------
TP28605 not allocated
----------------------

----------------------
TP28649 not allocated
----------------------

----------------------
TP28987 not allocated
----------------------

----------------------
TP29146 not allocated
----------------------

----------------------
TP29545 not allocated
----------------------

----------------------
TP29632 not allocated
----------------------

----------------------
TP29877 allocated to 1
----------------------

----------------------
TP30227 not allocated
----------------------

----------------------
TP30335 not allocated
----------------------

----------------------
TP30361 not allocated
----------------------

----------------------
TP30475 not allocated
----------------------

----------------------
TP30829 not allocated
----------------------

----------------------
TP30914 not allocated
----------------------

----------------------
TP31002 not allocated
----------------------

----------------------
TP31022 not allocated
----------------------

----------------------
TP31191 not allocated
----------------------

----------------------
TP31527 not allocated
----------------------

----------------------
TP31758 not allocated
----------------------

----------------------
TP31985 not allocated
----------------------

----------------------
TP32146 not allocated
----------------------

----------------------
TP32199 allocated to 1
----------------------

----------------------
TP32266 not allocated
----------------------

----------------------
TP32615 not allocated
----------------------

----------------------
TP32834 not allocated
----------------------

----------------------
TP33220 not allocated
----------------------

----------------------
TP33229 not allocated
----------------------

----------------------
TP33360 not allocated
----------------------

----------------------
TP33874 not allocated
----------------------

----------------------
TP33894 not allocated
----------------------

----------------------
TP34136 allocated to 1
----------------------

----------------------
TP34274 not allocated
----------------------

----------------------
TP34468 not allocated
----------------------

----------------------
TP34753 not allocated
----------------------

----------------------
TP35184 not allocated
----------------------

----------------------
TP35883 allocated to 1
----------------------

----------------------
TP36475 not allocated
----------------------

----------------------
TP36757 not allocated
----------------------

----------------------
TP36873 not allocated
----------------------

----------------------
TP37058 not allocated
----------------------

----------------------
TP37137 not allocated
----------------------

----------------------
TP37141 not allocated
----------------------

----------------------
TP37377 not allocated
----------------------

----------------------
TP37458 allocated to 1
----------------------

----------------------
TP37747 not allocated
----------------------

----------------------
TP38197 not allocated
----------------------

----------------------
TP38463 allocated to 1
----------------------

----------------------
TP38532 not allocated
----------------------

----------------------
TP38715 not allocated
----------------------

----------------------
TP38825 not allocated
----------------------

----------------------
TP38926 not allocated
----------------------

----------------------
TP39552 not allocated
----------------------

----------------------
TP39631 not allocated
----------------------

----------------------
TP39972 not allocated
----------------------

----------------------
TP40022 not allocated
----------------------

----------------------
TP40699 not allocated
----------------------

----------------------
TP41213 not allocated
----------------------

----------------------
TP41516 not allocated
----------------------

----------------------
TP41687 not allocated
----------------------

----------------------
TP41947 not allocated
----------------------

----------------------
TP43005 not allocated
----------------------

----------------------
TP43038 not allocated
----------------------

----------------------
TP43131 not allocated
----------------------

----------------------
TP43888 not allocated
----------------------

----------------------
TP44102 not allocated
----------------------

----------------------
TP44107 not allocated
----------------------

----------------------
TP44533 allocated to 1
----------------------

----------------------
TP44689 not allocated
----------------------

----------------------
TP45028 not allocated
----------------------

----------------------
TP45302 not allocated
----------------------

----------------------
TP45356 not allocated
----------------------

----------------------
TP45580 not allocated
----------------------

----------------------
TP46338 not allocated
----------------------

----------------------
TP46383 not allocated
----------------------

----------------------
TP46889 not allocated
----------------------

----------------------
TP47076 not allocated
----------------------

----------------------
TP47079 allocated to 1
----------------------

----------------------
TP47331 not allocated
----------------------

----------------------
TP47362 allocated to 1
----------------------

----------------------
TP47374 not allocated
----------------------

----------------------
TP47661 not allocated
----------------------

----------------------
TP48187 not allocated
----------------------

----------------------
TP48336 not allocated
----------------------

----------------------
TP48396 not allocated
----------------------

----------------------
TP49560 not allocated
----------------------

-------------------------------------------------------------------------

Ride-sharing vs Individual Mode - Num Vehicles and Distance Comparisson 

-------------------------------------------------------------------------
Individual Mode = 200 vehicles.
Ride-sharing Mode = 101 vehicles. The 4 ride-sharing vehicles + 97 vehicles of the individuals not served by the ride-sharing service.
-------------------------------------------------------------------------
Individual Mode = 482 distance.
Ride-sharing Mode = 679 distance. 400 from the EV fleet + 279 from the distance of the trips not covered individuals had to do with their own vehicle.
-------------------------------------------------------------------------
