-------------------------------------------------------------------------
TPs satisfied = 147; Total TPs = 184; Percentage Satisfied + 79.9%
-------------------------------------------------------------------------

-------------------------------------------------------------------------

EVs

-------------------------------------------------------------------------
--------------------------------------
EV1
--------------------------------------
Num TPs served = 38
TPs served = 464 469 974 1385 1424 1718 1788 2126 2829 3002 3067 3395 3457 3723 3883 5089 13225 13458 16354 17228 17963 18883 20016 21467 23002 27938 33494 35981 36628 37969 40050 42972 44193 44978 45334 45939 47736 48472
Total energy used = 100
--------------------------------------
Schedule:
0 850 366 124 366 124 0 0 100 100 0 850 0
850 850 366 124 366 124 0 1 100 100 469 32 0
850 850 366 124 366 124 1 2 100 100 464 19 0
850 852 366 124 368 124 2 1 100 98 -469 32 2
852 855 368 124 371 124 1 0 98 95 -464 19 3
855 1682 371 124 371 124 0 0 95 95 0 827 0
1682 1687 371 124 366 124 0 1 95 90 17963 32 5
1687 1691 366 124 366 124 1 1 90 90 0 4 0
1691 1691 366 124 366 124 1 0 90 90 -17963 32 0
1691 1715 366 124 366 124 0 0 90 90 0 24 0
1715 1715 366 124 366 124 0 1 90 90 974 32 0
1715 1722 366 124 373 124 1 0 90 83 -974 32 7
1722 2404 373 124 373 124 0 0 83 83 0 682 0
2404 2411 373 124 366 124 0 1 83 76 35981 32 7
2411 2422 366 124 366 124 1 1 76 76 0 11 0
2422 2422 366 124 366 124 1 2 76 76 1385 32 0
2422 2425 366 124 369 124 2 1 76 73 -35981 21 3
2425 2426 369 124 369 124 1 1 73 73 0 1 0
2426 2426 369 124 369 124 1 0 73 73 -1385 32 0
2426 2481 369 124 369 124 0 0 73 73 0 55 0
2481 2484 369 124 366 124 0 1 73 70 1424 32 3
2484 2486 366 124 367 125 1 0 70 68 -1424 32 2
2486 3001 367 125 367 125 0 0 68 68 0 515 0
3001 3003 367 125 366 124 0 1 68 66 1718 32 2
3003 3005 366 124 367 125 1 0 66 64 -1718 32 2
3005 3122 367 125 367 125 0 0 64 64 0 117 0
3122 3124 367 125 366 124 0 1 64 62 1788 32 2
3124 3126 366 124 366 124 1 1 62 62 0 2 0
3126 3134 366 124 370 128 1 0 62 54 -1788 32 8
3134 3736 370 128 370 128 0 0 54 54 0 602 0
3736 3744 370 128 366 124 0 1 54 46 2126 32 8
3744 3747 366 124 369 124 1 0 46 43 -2126 32 3
3747 4333 369 124 369 124 0 0 43 43 0 586 0
4333 4336 369 124 366 124 0 1 43 40 36628 32 3
4336 4339 366 124 366 124 1 1 40 40 0 3 0
4339 4339 366 124 366 124 1 0 40 40 -36628 32 0
4339 4618 366 124 366 124 0 0 40 40 0 279 0
4618 4618 366 124 366 124 0 1 40 40 18883 32 0
4618 4619 366 124 366 124 1 1 40 40 0 1 0
4619 4619 366 124 366 124 1 0 40 40 -18883 32 0
4619 5049 366 124 366 124 0 0 40 40 0 430 0
5049 5049 366 124 366 124 0 1 40 40 2829 32 0
5049 5051 366 124 366 124 1 1 40 40 0 2 0
5051 5056 366 124 371 124 1 0 40 35 -2829 32 5
5056 5354 371 124 371 124 0 0 35 35 0 298 0
5354 5359 371 124 366 124 0 1 35 30 3002 32 5
5359 5362 366 124 366 124 1 1 30 30 0 3 0
5362 5362 366 124 366 124 1 0 30 30 -3002 32 0
5362 5472 366 124 366 124 0 0 30 30 0 110 0
5472 5472 366 124 366 124 0 1 30 30 3067 32 0
5472 5475 366 124 366 127 1 0 30 27 -3067 32 3
5475 6038 366 127 366 127 0 0 27 27 0 563 0
6038 6041 366 127 366 124 0 1 27 24 3395 32 3
6041 6043 366 124 366 124 1 1 24 24 0 2 0
6043 6045 366 124 366 126 1 0 24 22 -3395 32 2
6045 6167 366 126 366 126 0 0 22 22 0 122 0
6167 6169 366 126 366 124 0 1 22 20 3457 32 2
6169 6170 366 124 366 125 1 0 20 19 -3457 32 1
6170 6678 366 125 366 125 0 0 19 19 0 508 0
6678 6679 366 125 366 124 0 1 19 18 3723 32 1
6679 6681 366 124 366 124 1 1 18 18 0 2 0
6681 6689 366 124 369 129 1 0 18 10 -3723 32 8
6689 6950 369 129 369 129 0 0 10 10 0 261 0
6950 6958 369 129 366 124 0 1 10 2 3883 32 8
6958 6959 366 124 366 124 1 1 2 2 0 1 0
6959 6959 366 124 366 124 1 0 2 2 -3883 32 0
6959 8076 366 124 366 124 0 0 2 2 0 1117 0
8076 8076 366 124 366 124 0 1 2 2 20016 32 0
8076 8077 366 124 366 124 1 1 2 2 0 1 0
8077 8077 366 124 366 124 1 0 2 2 -20016 32 0
8077 8165 366 124 366 124 0 0 2 2 0 88 0
8165 8165 366 124 366 124 0 1 2 2 37969 32 0
8165 8166 366 124 366 124 1 1 2 2 0 1 0
8166 8166 366 124 366 124 1 0 2 2 -37969 32 0
8166 9231 366 124 366 124 0 0 2 2 0 1065 0
9231 9231 366 124 366 124 0 1 2 2 5089 32 0
9231 9232 366 124 366 124 1 1 2 2 0 1 0
9232 9233 366 124 367 124 1 0 2 1 -5089 32 1
9233 12021 367 124 367 124 0 0 1 1 0 2788 0
12021 12022 367 124 366 124 0 1 1 0 21467 32 1
12022 12024 366 124 366 124 1 1 0 0 0 2 0
12024 12024 366 124 366 124 1 0 0 0 -21467 32 0
12024 13597 366 124 366 124 0 0 0 0 0 1573 0
13597 13597 366 124 366 124 0 1 0 0 40050 32 0
13597 13598 366 124 366 124 1 1 0 0 0 1 0
13598 13598 366 124 366 124 1 0 0 0 -40050 32 0
13598 15986 366 124 366 124 0 0 0 0 0 2388 0
15986 15986 366 124 366 124 0 1 0 0 23002 32 0
15986 15988 366 124 366 124 1 1 0 0 0 2 0
15988 15988 366 124 366 124 1 0 0 0 -23002 32 0
15988 20176 366 124 366 124 0 0 0 0 0 4188 0
20176 20176 366 124 366 124 0 1 0 0 42972 32 0
20176 20177 366 124 366 124 1 1 0 0 0 1 0
20177 20177 366 124 366 124 1 0 0 0 -42972 32 0
20177 22549 366 124 366 124 0 0 0 0 0 2372 0
22549 22549 366 124 366 124 0 1 0 0 44193 32 0
22549 22551 366 124 366 124 1 1 0 0 0 2 0
22551 22551 366 124 366 124 1 0 0 0 -44193 32 0
22551 23987 366 124 366 124 0 0 0 0 0 1436 0
23987 23987 366 124 366 124 0 1 0 0 44978 32 0
23987 23988 366 124 366 124 1 1 0 0 0 1 0
23988 23988 366 124 366 124 1 0 0 0 -44978 32 0
23988 24606 366 124 366 124 0 0 0 0 0 618 0
24606 24606 366 124 366 124 0 1 0 0 45334 32 0
24606 24608 366 124 366 124 1 1 0 0 0 2 0
24608 24608 366 124 366 124 1 0 0 0 -45334 32 0
24608 25679 366 124 366 124 0 0 0 0 0 1071 0
25679 25679 366 124 366 124 0 1 0 0 45939 32 0
25679 25681 366 124 366 124 1 1 0 0 0 2 0
25681 25681 366 124 366 124 1 0 0 0 -45939 32 0
25681 26396 366 124 366 124 0 0 0 0 0 715 0
26396 26396 366 124 366 124 0 1 0 0 27938 32 0
26396 26397 366 124 366 124 1 1 0 0 0 1 0
26397 26397 366 124 366 124 1 0 0 0 -27938 32 0
26397 28759 366 124 366 124 0 0 0 0 0 2362 0
28759 28759 366 124 366 124 0 1 0 0 47736 32 0
28759 28760 366 124 366 124 1 1 0 0 0 1 0
28760 28760 366 124 366 124 1 0 0 0 -47736 32 0
28760 30097 366 124 366 124 0 0 0 0 0 1337 0
30097 30097 366 124 366 124 0 1 0 0 48472 32 0
30097 30098 366 124 366 124 1 1 0 0 0 1 0
30098 30098 366 124 366 124 1 0 0 0 -48472 32 0
30098 31056 366 124 366 124 0 0 0 0 0 958 0
31056 31056 366 124 366 124 0 1 0 0 13225 32 0
31056 31057 366 124 366 124 1 1 0 0 0 1 0
31057 31057 366 124 366 124 1 0 0 0 -13225 32 0
31057 31956 366 124 366 124 0 0 0 0 0 899 0
31956 31956 366 124 366 124 0 1 0 0 13458 32 0
31956 31957 366 124 366 124 1 1 0 0 0 1 0
31957 31957 366 124 366 124 1 0 0 0 -13458 32 0
31957 38394 366 124 366 124 0 0 0 0 0 6437 0
38394 38394 366 124 366 124 0 1 0 0 33494 32 0
38394 38396 366 124 366 124 1 1 0 0 0 2 0
38396 38396 366 124 366 124 1 0 0 0 -33494 32 0
38396 41355 366 124 366 124 0 0 0 0 0 2959 0
41355 41355 366 124 366 124 0 1 0 0 16354 32 0
41355 41356 366 124 366 124 1 1 0 0 0 1 0
41356 41356 366 124 366 124 1 0 0 0 -16354 32 0
41356 42881 366 124 366 124 0 0 0 0 0 1525 0
42881 42881 366 124 366 124 0 1 0 0 17228 32 0
42881 42882 366 124 366 124 1 1 0 0 0 1 0
42882 42882 366 124 366 124 1 0 0 0 -17228 32 0
42882 43267 366 124 366 124 0 0 0 0 0 385 0
43267 43267 366 124 366 124 0 0 0 0 1000000000 0 0
--------------------------------------
--------------------------------------
EV2
--------------------------------------
Num TPs served = 15
TPs served = 4161 5004 5085 6072 6942 7409 7796 7838 8397 8463 8889 9495 9739 22526 24632
Total energy used = 100
--------------------------------------
Schedule:
0 7495 366 124 366 124 0 0 100 100 0 7495 0
7495 7495 366 124 366 124 0 1 100 100 4161 32 0
7495 7497 366 124 368 124 1 0 100 98 -4161 32 2
7497 9080 368 124 368 124 0 0 98 98 0 1583 0
9080 9082 368 124 366 124 0 1 98 96 5004 32 2
9082 9085 366 124 366 124 1 1 96 96 0 3 0
9085 9087 366 124 366 126 1 0 96 94 -5004 32 2
9087 9221 366 126 366 126 0 0 94 94 0 134 0
9221 9223 366 126 366 124 0 1 94 92 5085 32 2
9223 9224 366 124 366 124 1 1 92 92 0 1 0
9224 9231 366 124 368 129 1 0 92 85 -5085 32 7
9231 11113 368 129 368 129 0 0 85 85 0 1882 0
11113 11120 368 129 366 124 0 1 85 78 6072 32 7
11120 11124 366 124 370 124 1 0 78 74 -6072 32 4
11124 12885 370 124 370 124 0 0 74 74 0 1761 0
12885 12889 370 124 366 124 0 1 74 70 6942 32 4
12889 12890 366 124 367 124 1 0 70 69 -6942 32 1
12890 13890 367 124 367 124 0 0 69 69 0 1000 0
13890 13891 367 124 366 124 0 1 69 68 7409 32 1
13891 13897 366 124 366 124 1 1 68 68 0 6 0
13897 13903 366 124 367 129 1 0 68 62 -7409 32 6
13903 14755 367 129 367 129 0 0 62 62 0 852 0
14755 14761 367 129 366 124 0 1 62 56 7796 32 6
14761 14792 366 124 366 124 1 1 56 56 0 31 0
14792 14792 366 124 366 124 1 2 56 56 22526 32 0
14792 14794 366 124 366 126 2 1 56 54 -22526 32 2
14794 14801 366 126 373 126 1 0 54 47 -7796 11 7
14801 14856 373 126 373 126 0 0 47 47 0 55 0
14856 14865 373 126 366 124 0 1 47 38 7838 32 9
14865 14866 366 124 366 124 1 1 38 38 0 1 0
14866 14876 366 124 369 131 1 0 38 28 -7838 32 10
14876 16121 369 131 369 131 0 0 28 28 0 1245 0
16121 16131 369 131 366 124 0 1 28 18 8397 32 10
16131 16134 366 124 369 124 1 0 18 15 -8397 32 3
16134 16281 369 124 369 124 0 0 15 15 0 147 0
16281 16284 369 124 366 124 0 1 15 12 8463 32 3
16284 16285 366 124 366 125 1 0 12 11 -8463 32 1
16285 17354 366 125 366 125 0 0 11 11 0 1069 0
17354 17355 366 125 366 124 0 1 11 10 8889 32 1
17355 17358 366 124 366 124 1 1 10 10 0 3 0
17358 17359 366 124 367 124 1 0 10 9 -8889 32 1
17359 19012 367 124 367 124 0 0 9 9 0 1653 0
19012 19013 367 124 366 124 0 1 9 8 9495 32 1
19013 19014 366 124 366 125 1 0 8 7 -9495 32 1
19014 19688 366 125 366 125 0 0 7 7 0 674 0
19688 19689 366 125 366 124 0 1 7 6 24632 32 1
19689 19689 366 124 366 124 1 2 6 6 9739 12 0
19689 19690 366 124 366 124 2 2 6 6 0 1 0
19690 19691 366 124 367 124 2 1 6 5 -24632 32 1
19691 19693 367 124 369 124 1 0 5 3 -9739 12 2
19693 43264 369 124 369 124 0 0 3 3 0 23571 0
43264 43267 369 124 366 124 0 0 3 0 1000000000 0 3
--------------------------------------
--------------------------------------
EV3
--------------------------------------
Num TPs served = 11
TPs served = 8591 9835 10472 10553 11320 11920 11957 12087 12259 12313 12495
Total energy used = 100
--------------------------------------
Schedule:
0 16594 366 124 366 124 0 0 100 100 0 16594 0
16594 16594 366 124 366 124 0 1 100 100 8591 32 0
16594 16601 366 124 366 124 1 1 100 100 0 7 0
16601 16609 366 124 367 131 1 0 100 92 -8591 32 8
16609 19981 367 131 367 131 0 0 92 92 0 3372 0
19981 19989 367 131 366 124 0 1 92 84 9835 32 8
19989 19994 366 124 366 124 1 1 84 84 0 5 0
19994 20011 366 124 369 138 1 0 84 67 -9835 32 17
20011 21749 369 138 369 138 0 0 67 67 0 1738 0
21749 21766 369 138 366 124 0 1 67 50 10472 32 17
21766 21768 366 124 368 124 1 0 50 48 -10472 32 2
21768 21954 368 124 368 124 0 0 48 48 0 186 0
21954 21956 368 124 366 124 0 1 48 46 10553 32 2
21956 21958 366 124 366 126 1 0 46 44 -10553 32 2
21958 24309 366 126 366 126 0 0 44 44 0 2351 0
24309 24311 366 126 366 124 0 1 44 42 11320 32 2
24311 24312 366 124 366 125 1 0 42 41 -11320 32 1
24312 26427 366 125 366 125 0 0 41 41 0 2115 0
26427 26428 366 125 366 124 0 1 41 40 11920 32 1
26428 26431 366 124 369 124 1 0 40 37 -11920 32 3
26431 26565 369 124 369 124 0 0 37 37 0 134 0
26565 26568 369 124 366 124 0 1 37 34 11957 32 3
26568 26569 366 124 366 124 1 1 34 34 0 1 0
26569 26573 366 124 370 124 1 0 34 30 -11957 32 4
26573 27017 370 124 370 124 0 0 30 30 0 444 0
27017 27021 370 124 366 124 0 1 30 26 12087 32 4
27021 27023 366 124 366 124 1 1 26 26 0 2 0
27023 27029 366 124 372 124 1 0 26 20 -12087 32 6
27029 27598 372 124 372 124 0 0 20 20 0 569 0
27598 27604 372 124 366 124 0 1 20 14 12259 32 6
27604 27605 366 124 367 124 1 0 14 13 -12259 32 1
27605 27814 367 124 367 124 0 0 13 13 0 209 0
27814 27815 367 124 366 124 0 1 13 12 12313 32 1
27815 27817 366 124 366 126 1 0 12 10 -12313 32 2
27817 28413 366 126 366 126 0 0 10 10 0 596 0
28413 28415 366 126 366 124 0 1 10 8 12495 32 2
28415 28417 366 124 366 124 1 1 8 8 0 2 0
28417 28421 366 124 369 125 1 0 8 4 -12495 32 4
28421 43263 369 125 369 125 0 0 4 4 0 14842 0
43263 43267 369 125 366 124 0 0 4 0 1000000000 0 4
--------------------------------------
--------------------------------------
EV4
--------------------------------------
Num TPs served = 19
TPs served = 13119 13426 13914 14245 14439 14719 15038 15275 15283 15639 15769 15802 16034 16647 16780 17094 17230 17669 17744
Total energy used = 100
--------------------------------------
Schedule:
0 789 366 124 366 124 0 0 100 100 0 789 0
789 789 366 124 366 124 0 1 100 100 17669 32 0
789 794 366 124 371 124 1 0 100 95 -17669 32 5
794 993 371 124 371 124 0 0 95 95 0 199 0
993 998 371 124 366 124 0 1 95 90 17744 32 5
998 1000 366 124 366 126 1 0 90 88 -17744 32 2
1000 30737 366 126 366 126 0 0 88 88 0 29737 0
30737 30739 366 126 366 124 0 1 88 86 13119 32 2
30739 30741 366 124 366 126 1 0 86 84 -13119 32 2
30741 31831 366 126 366 126 0 0 84 84 0 1090 0
31831 31833 366 126 366 124 0 1 84 82 13426 32 2
31833 31834 366 124 366 124 1 1 82 82 0 1 0
31834 31835 366 124 367 124 1 0 82 81 -13426 32 1
31835 33633 367 124 367 124 0 0 81 81 0 1798 0
33633 33634 367 124 366 124 0 1 81 80 13914 32 1
33634 33635 366 124 366 125 1 0 80 79 -13914 32 1
33635 34904 366 125 366 125 0 0 79 79 0 1269 0
34904 34905 366 125 366 124 0 1 79 78 14245 32 1
34905 34907 366 124 367 125 1 0 78 76 -14245 32 2
34907 35638 367 125 367 125 0 0 76 76 0 731 0
35638 35640 367 125 366 124 0 1 76 74 14439 32 2
35640 35641 366 124 366 124 1 1 74 74 0 1 0
35641 35642 366 124 367 124 1 0 74 73 -14439 32 1
35642 36748 367 124 367 124 0 0 73 73 0 1106 0
36748 36749 367 124 366 124 0 1 73 72 14719 32 1
36749 36753 366 124 369 125 1 0 72 68 -14719 32 4
36753 37930 369 125 369 125 0 0 68 68 0 1177 0
37930 37934 369 125 366 124 0 1 68 64 15038 32 4
37934 37937 366 124 369 124 1 0 64 61 -15038 32 3
37937 38903 369 124 369 124 0 0 61 61 0 966 0
38903 38906 369 124 366 124 0 1 61 58 15283 32 3
38906 38906 366 124 366 124 1 2 58 58 15275 6 0
38906 38907 366 124 366 125 2 1 58 57 -15283 32 1
38907 38910 366 125 368 124 1 0 57 54 -15275 4 3
38910 40090 368 124 368 124 0 0 54 54 0 1180 0
40090 40092 368 124 366 124 0 1 54 52 15639 32 2
40092 40094 366 124 368 124 1 0 52 50 -15639 32 2
40094 40342 368 124 368 124 0 0 50 50 0 248 0
40342 40344 368 124 366 124 0 1 50 48 15769 32 2
40344 40345 366 124 366 124 1 1 48 48 0 1 0
40345 40347 366 124 367 125 1 0 48 46 -15769 32 2
40347 40394 367 125 367 125 0 0 46 46 0 47 0
40394 40396 367 125 366 124 0 1 46 44 15802 32 2
40396 40399 366 124 366 124 1 1 44 44 0 3 0
40399 40401 366 124 367 125 1 0 44 42 -15802 32 2
40401 40806 367 125 367 125 0 0 42 42 0 405 0
40806 40808 367 125 366 124 0 1 42 40 16034 32 2
40808 40820 366 124 378 124 1 0 40 28 -16034 32 12
40820 41854 378 124 378 124 0 0 28 28 0 1034 0
41854 41866 378 124 366 124 0 1 28 16 16647 32 12
41866 41867 366 124 366 125 1 0 16 15 -16647 32 1
41867 42091 366 125 366 125 0 0 15 15 0 224 0
42091 42092 366 125 366 124 0 1 15 14 16780 32 1
42092 42093 366 124 366 124 1 1 14 14 0 1 0
42093 42095 366 124 367 125 1 0 14 12 -16780 32 2
42095 42677 367 125 367 125 0 0 12 12 0 582 0
42677 42679 367 125 366 124 0 1 12 10 17094 32 2
42679 42681 366 124 366 124 1 1 10 10 0 2 0
42681 42684 366 124 369 124 1 0 10 7 -17094 32 3
42684 42883 369 124 369 124 0 0 7 7 0 199 0
42883 42886 369 124 366 124 0 1 7 4 17230 32 3
42886 42887 366 124 366 124 1 1 4 4 0 1 0
42887 42889 366 124 368 124 1 0 4 2 -17230 32 2
42889 43265 368 124 368 124 0 0 2 2 0 376 0
43265 43267 368 124 366 124 0 0 2 0 1000000000 0 2
--------------------------------------
--------------------------------------
EV5
--------------------------------------
Num TPs served = 19
TPs served = 18309 18750 18880 19048 19228 19686 19832 19941 20175 20688 20838 20849 21248 21344 22534 22703 22772 22828 23346
Total energy used = 100
--------------------------------------
Schedule:
0 2795 366 124 366 124 0 0 100 100 0 2795 0
2795 2795 366 124 366 124 0 1 100 100 18309 32 0
2795 2796 366 124 366 124 1 1 100 100 0 1 0
2796 2800 366 124 368 126 1 0 100 96 -18309 32 4
2800 4179 368 126 368 126 0 0 96 96 0 1379 0
4179 4183 368 126 366 124 0 1 96 92 18750 32 4
4183 4187 366 124 370 124 1 0 92 88 -18750 32 4
4187 4603 370 124 370 124 0 0 88 88 0 416 0
4603 4607 370 124 366 124 0 1 88 84 18880 32 4
4607 4608 366 124 366 124 1 1 84 84 0 1 0
4608 4609 366 124 366 125 1 0 84 83 -18880 32 1
4609 5143 366 125 366 125 0 0 83 83 0 534 0
5143 5144 366 125 366 124 0 1 83 82 19048 32 1
5144 5147 366 124 369 124 1 0 82 79 -19048 32 3
5147 5675 369 124 369 124 0 0 79 79 0 528 0
5675 5678 369 124 366 124 0 1 79 76 19228 32 3
5678 5681 366 124 367 126 1 0 76 73 -19228 32 3
5681 7128 367 126 367 126 0 0 73 73 0 1447 0
7128 7131 367 126 366 124 0 1 73 70 19686 32 3
7131 7135 366 124 370 124 1 0 70 66 -19686 32 4
7135 7524 370 124 370 124 0 0 66 66 0 389 0
7524 7528 370 124 366 124 0 1 66 62 19832 32 4
7528 7529 366 124 367 124 1 0 62 61 -19832 32 1
7529 7861 367 124 367 124 0 0 61 61 0 332 0
7861 7862 367 124 366 124 0 1 61 60 19941 32 1
7862 7864 366 124 368 124 1 0 60 58 -19941 32 2
7864 8519 368 124 368 124 0 0 58 58 0 655 0
8519 8521 368 124 366 124 0 1 58 56 20175 32 2
8521 8522 366 124 366 124 1 1 56 56 0 1 0
8522 8523 366 124 367 124 1 0 56 55 -20175 32 1
8523 9925 367 124 367 124 0 0 55 55 0 1402 0
9925 9926 367 124 366 124 0 1 55 54 20688 32 1
9926 9928 366 124 366 124 1 1 54 54 0 2 0
9928 9929 366 124 366 125 1 0 54 53 -20688 32 1
9929 10341 366 125 366 125 0 0 53 53 0 412 0
10341 10342 366 125 366 124 0 1 53 52 20838 32 1
10342 10343 366 124 367 124 1 0 52 51 -20838 32 1
10343 10381 367 124 367 124 0 0 51 51 0 38 0
10381 10382 367 124 366 124 0 1 51 50 20849 32 1
10382 10384 366 124 366 124 1 1 50 50 0 2 0
10384 10388 366 124 370 124 1 0 50 46 -20849 32 4
10388 11404 370 124 370 124 0 0 46 46 0 1016 0
11404 11408 370 124 366 124 0 1 46 42 21248 32 4
11408 11410 366 124 368 124 1 0 42 40 -21248 32 2
11410 11675 368 124 368 124 0 0 40 40 0 265 0
11675 11677 368 124 366 124 0 1 40 38 21344 32 2
11677 11687 366 124 376 124 1 0 38 28 -21344 32 10
11687 14802 376 124 376 124 0 0 28 28 0 3115 0
14802 14812 376 124 366 124 0 1 28 18 22534 32 10
14812 14815 366 124 366 127 1 0 18 15 -22534 32 3
14815 15253 366 127 366 127 0 0 15 15 0 438 0
15253 15256 366 127 366 124 0 1 15 12 22703 32 3
15256 15257 366 124 367 124 1 0 12 11 -22703 32 1
15257 15425 367 124 367 124 0 0 11 11 0 168 0
15425 15426 367 124 366 124 0 1 11 10 22772 32 1
15426 15428 366 124 368 124 1 0 10 8 -22772 32 2
15428 15571 368 124 368 124 0 0 8 8 0 143 0
15571 15573 368 124 366 124 0 1 8 6 22828 32 2
15573 15574 366 124 366 124 1 1 6 6 0 1 0
15574 15576 366 124 366 126 1 0 6 4 -22828 32 2
15576 16822 366 126 366 126 0 0 4 4 0 1246 0
16822 16824 366 126 366 124 0 1 4 2 23346 32 2
16824 16825 366 124 367 124 1 0 2 1 -23346 32 1
16825 43266 367 124 367 124 0 0 1 1 0 26441 0
43266 43267 367 124 366 124 0 0 1 0 1000000000 0 1
--------------------------------------
--------------------------------------
EV6
--------------------------------------
Num TPs served = 21
TPs served = 23106 23577 23741 24036 24789 25901 26003 26238 26267 27391 27709 27913 27915 28051 28104 28318 28353 28947 29969 46069 46309
Total energy used = 100
--------------------------------------
Schedule:
0 16249 366 124 366 124 0 0 100 100 0 16249 0
16249 16249 366 124 366 124 0 1 100 100 23106 32 0
16249 16258 366 124 366 124 1 1 100 100 0 9 0
16258 16262 366 124 369 125 1 0 100 96 -23106 32 4
16262 17330 369 125 369 125 0 0 96 96 0 1068 0
17330 17334 369 125 366 124 0 1 96 92 23577 32 4
17334 17335 366 124 366 125 1 0 92 91 -23577 32 1
17335 17719 366 125 366 125 0 0 91 91 0 384 0
17719 17720 366 125 366 124 0 1 91 90 23741 32 1
17720 17722 366 124 366 124 1 1 90 90 0 2 0
17722 17723 366 124 366 125 1 0 90 89 -23741 32 1
17723 18363 366 125 366 125 0 0 89 89 0 640 0
18363 18364 366 125 366 124 0 1 89 88 24036 32 1
18364 18365 366 124 366 124 1 1 88 88 0 1 0
18365 18366 366 124 367 124 1 0 88 87 -24036 32 1
18366 20026 367 124 367 124 0 0 87 87 0 1660 0
20026 20027 367 124 366 124 0 1 87 86 24789 32 1
20027 20031 366 124 370 124 1 0 86 82 -24789 32 4
20031 22444 370 124 370 124 0 0 82 82 0 2413 0
22444 22448 370 124 366 124 0 1 82 78 25901 32 4
22448 22453 366 124 369 126 1 0 78 73 -25901 32 5
22453 22656 369 126 369 126 0 0 73 73 0 203 0
22656 22661 369 126 366 124 0 1 73 68 26003 32 5
22661 22662 366 124 366 125 1 0 68 67 -26003 32 1
22662 23141 366 125 366 125 0 0 67 67 0 479 0
23141 23142 366 125 366 124 0 1 67 66 26238 32 1
23142 23143 366 124 367 124 1 0 66 65 -26238 32 1
23143 23220 367 124 367 124 0 0 65 65 0 77 0
23220 23221 367 124 366 124 0 1 65 64 26267 32 1
23221 23224 366 124 369 124 1 0 64 61 -26267 32 3
23224 25369 369 124 369 124 0 0 61 61 0 2145 0
25369 25372 369 124 366 124 0 1 61 58 27391 32 3
25372 25373 366 124 366 124 1 1 58 58 0 1 0
25373 25374 366 124 367 124 1 0 58 57 -27391 32 1
25374 25934 367 124 367 124 0 0 57 57 0 560 0
25934 25935 367 124 366 124 0 1 57 56 46069 32 1
25935 25956 366 124 366 124 1 1 56 56 0 21 0
25956 25956 366 124 366 124 1 2 56 56 27709 32 0
25956 25957 366 124 367 124 2 1 56 55 -46069 11 1
25957 25961 367 124 367 124 1 1 55 55 0 4 0
25961 25967 367 124 373 124 1 0 55 49 -27709 32 6
25967 26325 373 124 373 124 0 0 49 49 0 358 0
26325 26332 373 124 366 124 0 1 49 42 46309 32 7
26332 26349 366 124 366 124 1 1 42 42 0 17 0
26349 26349 366 124 366 124 1 2 42 42 27915 32 0
26349 26349 366 124 366 124 2 3 42 42 27913 29 0
26349 26350 366 124 367 124 3 2 42 41 -46309 15 1
26350 26351 367 124 367 124 2 2 41 41 0 1 0
26351 26356 367 124 367 129 2 1 41 36 -27915 32 5
26356 26362 367 129 368 124 1 0 36 30 -27913 18 6
26362 26607 368 124 368 124 0 0 30 30 0 245 0
26607 26609 368 124 366 124 0 1 30 28 28051 32 2
26609 26610 366 124 366 125 1 0 28 27 -28051 32 1
26610 26720 366 125 366 125 0 0 27 27 0 110 0
26720 26721 366 125 366 124 0 1 27 26 28104 32 1
26721 26724 366 124 367 126 1 0 26 23 -28104 32 3
26724 27144 367 126 367 126 0 0 23 23 0 420 0
27144 27147 367 126 366 124 0 1 23 20 28318 32 3
27147 27149 366 124 368 124 1 0 20 18 -28318 32 2
27149 27211 368 124 368 124 0 0 18 18 0 62 0
27211 27213 368 124 366 124 0 1 18 16 28353 32 2
27213 27214 366 124 366 125 1 0 16 15 -28353 32 1
27214 28371 366 125 366 125 0 0 15 15 0 1157 0
28371 28372 366 125 366 124 0 1 15 14 28947 32 1
28372 28374 366 124 367 125 1 0 14 12 -28947 32 2
28374 30415 367 125 367 125 0 0 12 12 0 2041 0
30415 30417 367 125 366 124 0 1 12 10 29969 32 2
30417 30422 366 124 370 125 1 0 10 5 -29969 32 5
30422 43262 370 125 370 125 0 0 5 5 0 12840 0
43262 43267 370 125 366 124 0 0 5 0 1000000000 0 5
--------------------------------------
--------------------------------------
EV7
--------------------------------------
Num TPs served = 24
TPs served = 30252 30434 31064 31393 31573 31809 32288 32377 32581 32935 33110 33234 33271 33772 34894 35178 35210 35466 35603 36935 37244 37552 37653 38127
Total energy used = 100
--------------------------------------
Schedule:
0 120 366 124 366 124 0 0 100 100 0 120 0
120 120 366 124 366 124 0 1 100 100 35178 32 0
120 125 366 124 371 124 1 0 100 95 -35178 32 5
125 189 371 124 371 124 0 0 95 95 0 64 0
189 194 371 124 366 124 0 1 95 90 35210 32 5
194 195 366 124 367 124 1 0 90 89 -35210 32 1
195 935 367 124 367 124 0 0 89 89 0 740 0
935 936 367 124 366 124 0 1 89 88 35466 32 1
936 937 366 124 366 124 1 1 88 88 0 1 0
937 939 366 124 367 125 1 0 88 86 -35466 32 2
939 1379 367 125 367 125 0 0 86 86 0 440 0
1379 1381 367 125 366 124 0 1 86 84 35603 32 2
1381 1382 366 124 366 124 1 1 84 84 0 1 0
1382 1383 366 124 367 124 1 0 84 83 -35603 32 1
1383 5257 367 124 367 124 0 0 83 83 0 3874 0
5257 5258 367 124 366 124 0 1 83 82 36935 32 1
5258 5259 366 124 366 125 1 0 82 81 -36935 32 1
5259 6181 366 125 366 125 0 0 81 81 0 922 0
6181 6182 366 125 366 124 0 1 81 80 37244 32 1
6182 6183 366 124 366 124 1 1 80 80 0 1 0
6183 6187 366 124 369 125 1 0 80 76 -37244 32 4
6187 7062 369 125 369 125 0 0 76 76 0 875 0
7062 7066 369 125 366 124 0 1 76 72 37552 32 4
7066 7067 366 124 366 124 1 1 72 72 0 1 0
7067 7069 366 124 367 125 1 0 72 70 -37552 32 2
7069 7320 367 125 367 125 0 0 70 70 0 251 0
7320 7322 367 125 366 124 0 1 70 68 37653 32 2
7322 7324 366 124 367 125 1 0 68 66 -37653 32 2
7324 8657 367 125 367 125 0 0 66 66 0 1333 0
8657 8659 367 125 366 124 0 1 66 64 38127 32 2
8659 8660 366 124 367 124 1 0 64 63 -38127 32 1
8660 30962 367 124 367 124 0 0 63 63 0 22302 0
30962 30963 367 124 366 124 0 1 63 62 30252 32 1
30963 30965 366 124 368 124 1 0 62 60 -30252 32 2
30965 31325 368 124 368 124 0 0 60 60 0 360 0
31325 31327 368 124 366 124 0 1 60 58 30434 32 2
31327 31328 366 124 366 124 1 1 58 58 0 1 0
31328 31330 366 124 367 125 1 0 58 56 -30434 32 2
31330 32630 367 125 367 125 0 0 56 56 0 1300 0
32630 32632 367 125 366 124 0 1 56 54 31064 32 2
32632 32634 366 124 368 124 1 0 54 52 -31064 32 2
32634 33368 368 124 368 124 0 0 52 52 0 734 0
33368 33370 368 124 366 124 0 1 52 50 31393 32 2
33370 33371 366 124 367 124 1 0 50 49 -31393 32 1
33371 33772 367 124 367 124 0 0 49 49 0 401 0
33772 33773 367 124 366 124 0 1 49 48 31573 32 1
33773 33776 366 124 366 127 1 0 48 45 -31573 32 3
33776 34296 366 127 366 127 0 0 45 45 0 520 0
34296 34299 366 127 366 124 0 1 45 42 31809 32 3
34299 34302 366 124 366 127 1 0 42 39 -31809 32 3
34302 35412 366 127 366 127 0 0 39 39 0 1110 0
35412 35415 366 127 366 124 0 1 39 36 32288 32 3
35415 35420 366 124 371 124 1 0 36 31 -32288 32 5
35420 35634 371 124 371 124 0 0 31 31 0 214 0
35634 35639 371 124 366 124 0 1 31 26 32377 32 5
35639 35641 366 124 366 126 1 0 26 24 -32377 32 2
35641 36105 366 126 366 126 0 0 24 24 0 464 0
36105 36107 366 126 366 124 0 1 24 22 32581 32 2
36107 36108 366 124 366 124 1 1 22 22 0 1 0
36108 36110 366 124 366 126 1 0 22 20 -32581 32 2
36110 37001 366 126 366 126 0 0 20 20 0 891 0
37001 37003 366 126 366 124 0 1 20 18 32935 32 2
37003 37006 366 124 366 124 1 1 18 18 0 3 0
37006 37007 366 124 367 124 1 0 18 17 -32935 32 1
37007 37475 367 124 367 124 0 0 17 17 0 468 0
37475 37476 367 124 366 124 0 1 17 16 33110 32 1
37476 37478 366 124 366 126 1 0 16 14 -33110 32 2
37478 37756 366 126 366 126 0 0 14 14 0 278 0
37756 37758 366 126 366 124 0 1 14 12 33234 32 2
37758 37759 366 124 366 124 1 1 12 12 0 1 0
37759 37760 366 124 367 124 1 0 12 11 -33234 32 1
37760 37840 367 124 367 124 0 0 11 11 0 80 0
37840 37841 367 124 366 124 0 1 11 10 33271 32 1
37841 37842 366 124 366 124 1 1 10 10 0 1 0
37842 37845 366 124 368 125 1 0 10 7 -33271 32 3
37845 39178 368 125 368 125 0 0 7 7 0 1333 0
39178 39181 368 125 366 124 0 1 7 4 33772 32 3
39181 39182 366 124 366 125 1 0 4 3 -33772 32 1
39182 42430 366 125 366 125 0 0 3 3 0 3248 0
42430 42431 366 125 366 124 0 1 3 2 34894 32 1
42431 42432 366 124 366 124 1 1 2 2 0 1 0
42432 42433 366 124 367 124 1 0 2 1 -34894 32 1
42433 43266 367 124 367 124 0 0 1 1 0 833 0
43266 43267 367 124 366 124 0 0 1 0 1000000000 0 1
--------------------------------------

-------------------------------------------------------------------------

TPs

-------------------------------------------------------------------------

----------------------
TP464 allocated to 1
----------------------

----------------------
TP469 allocated to 1
----------------------

----------------------
TP974 allocated to 1
----------------------

----------------------
TP1385 allocated to 1
----------------------

----------------------
TP1424 allocated to 1
----------------------

----------------------
TP1718 allocated to 1
----------------------

----------------------
TP1788 allocated to 1
----------------------

----------------------
TP2126 allocated to 1
----------------------

----------------------
TP2829 allocated to 1
----------------------

----------------------
TP3002 allocated to 1
----------------------

----------------------
TP3067 allocated to 1
----------------------

----------------------
TP3395 allocated to 1
----------------------

----------------------
TP3457 allocated to 1
----------------------

----------------------
TP3723 allocated to 1
----------------------

----------------------
TP3883 allocated to 1
----------------------

----------------------
TP4161 allocated to 2
----------------------

----------------------
TP5004 allocated to 2
----------------------

----------------------
TP5085 allocated to 2
----------------------

----------------------
TP5089 allocated to 1
----------------------

----------------------
TP6072 allocated to 2
----------------------

----------------------
TP6942 allocated to 2
----------------------

----------------------
TP7409 allocated to 2
----------------------

----------------------
TP7796 allocated to 2
----------------------

----------------------
TP7838 allocated to 2
----------------------

----------------------
TP8397 allocated to 2
----------------------

----------------------
TP8463 allocated to 2
----------------------

----------------------
TP8591 allocated to 3
----------------------

----------------------
TP8889 allocated to 2
----------------------

----------------------
TP9495 allocated to 2
----------------------

----------------------
TP9739 allocated to 2
----------------------

----------------------
TP9835 allocated to 3
----------------------

----------------------
TP10472 allocated to 3
----------------------

----------------------
TP10553 allocated to 3
----------------------

----------------------
TP11320 allocated to 3
----------------------

----------------------
TP11920 allocated to 3
----------------------

----------------------
TP11957 allocated to 3
----------------------

----------------------
TP12087 allocated to 3
----------------------

----------------------
TP12259 allocated to 3
----------------------

----------------------
TP12313 allocated to 3
----------------------

----------------------
TP12495 allocated to 3
----------------------

----------------------
TP13119 allocated to 4
----------------------

----------------------
TP13225 allocated to 1
----------------------

----------------------
TP13426 allocated to 4
----------------------

----------------------
TP13458 allocated to 1
----------------------

----------------------
TP13914 allocated to 4
----------------------

----------------------
TP14245 allocated to 4
----------------------

----------------------
TP14439 allocated to 4
----------------------

----------------------
TP14719 allocated to 4
----------------------

----------------------
TP15038 allocated to 4
----------------------

----------------------
TP15275 allocated to 4
----------------------

----------------------
TP15283 allocated to 4
----------------------

----------------------
TP15639 allocated to 4
----------------------

----------------------
TP15769 allocated to 4
----------------------

----------------------
TP15802 allocated to 4
----------------------

----------------------
TP16034 allocated to 4
----------------------

----------------------
TP16354 allocated to 1
----------------------

----------------------
TP16647 allocated to 4
----------------------

----------------------
TP16780 allocated to 4
----------------------

----------------------
TP17094 allocated to 4
----------------------

----------------------
TP17228 allocated to 1
----------------------

----------------------
TP17230 allocated to 4
----------------------

----------------------
TP17669 allocated to 4
----------------------

----------------------
TP17744 allocated to 4
----------------------

----------------------
TP17963 allocated to 1
----------------------

----------------------
TP18309 allocated to 5
----------------------

----------------------
TP18750 allocated to 5
----------------------

----------------------
TP18880 allocated to 5
----------------------

----------------------
TP18883 allocated to 1
----------------------

----------------------
TP19048 allocated to 5
----------------------

----------------------
TP19228 allocated to 5
----------------------

----------------------
TP19686 allocated to 5
----------------------

----------------------
TP19832 allocated to 5
----------------------

----------------------
TP19941 allocated to 5
----------------------

----------------------
TP20016 allocated to 1
----------------------

----------------------
TP20175 allocated to 5
----------------------

----------------------
TP20688 allocated to 5
----------------------

----------------------
TP20838 allocated to 5
----------------------

----------------------
TP20849 allocated to 5
----------------------

----------------------
TP21248 allocated to 5
----------------------

----------------------
TP21344 allocated to 5
----------------------

----------------------
TP21467 allocated to 1
----------------------

----------------------
TP22526 allocated to 2
----------------------

----------------------
TP22534 allocated to 5
----------------------

----------------------
TP22703 allocated to 5
----------------------

----------------------
TP22772 allocated to 5
----------------------

----------------------
TP22828 allocated to 5
----------------------

----------------------
TP23002 allocated to 1
----------------------

----------------------
TP23106 allocated to 6
----------------------

----------------------
TP23346 allocated to 5
----------------------

----------------------
TP23577 allocated to 6
----------------------

----------------------
TP23741 allocated to 6
----------------------

----------------------
TP24036 allocated to 6
----------------------

----------------------
TP24632 allocated to 2
----------------------

----------------------
TP24789 allocated to 6
----------------------

----------------------
TP25901 allocated to 6
----------------------

----------------------
TP26003 allocated to 6
----------------------

----------------------
TP26238 allocated to 6
----------------------

----------------------
TP26267 allocated to 6
----------------------

----------------------
TP27391 allocated to 6
----------------------

----------------------
TP27709 allocated to 6
----------------------

----------------------
TP27913 allocated to 6
----------------------

----------------------
TP27915 allocated to 6
----------------------

----------------------
TP27938 allocated to 1
----------------------

----------------------
TP28051 allocated to 6
----------------------

----------------------
TP28104 allocated to 6
----------------------

----------------------
TP28318 allocated to 6
----------------------

----------------------
TP28353 allocated to 6
----------------------

----------------------
TP28947 allocated to 6
----------------------

----------------------
TP29969 allocated to 6
----------------------

----------------------
TP30252 allocated to 7
----------------------

----------------------
TP30434 allocated to 7
----------------------

----------------------
TP31064 allocated to 7
----------------------

----------------------
TP31393 allocated to 7
----------------------

----------------------
TP31573 allocated to 7
----------------------

----------------------
TP31809 allocated to 7
----------------------

----------------------
TP32288 allocated to 7
----------------------

----------------------
TP32377 allocated to 7
----------------------

----------------------
TP32581 allocated to 7
----------------------

----------------------
TP32935 allocated to 7
----------------------

----------------------
TP33110 allocated to 7
----------------------

----------------------
TP33234 allocated to 7
----------------------

----------------------
TP33271 allocated to 7
----------------------

----------------------
TP33494 allocated to 1
----------------------

----------------------
TP33772 allocated to 7
----------------------

----------------------
TP34894 allocated to 7
----------------------

----------------------
TP35178 allocated to 7
----------------------

----------------------
TP35210 allocated to 7
----------------------

----------------------
TP35466 allocated to 7
----------------------

----------------------
TP35603 allocated to 7
----------------------

----------------------
TP35981 allocated to 1
----------------------

----------------------
TP36628 allocated to 1
----------------------

----------------------
TP36935 allocated to 7
----------------------

----------------------
TP37244 allocated to 7
----------------------

----------------------
TP37552 allocated to 7
----------------------

----------------------
TP37653 allocated to 7
----------------------

----------------------
TP37738 not allocated
----------------------

----------------------
TP37969 allocated to 1
----------------------

----------------------
TP38127 allocated to 7
----------------------

----------------------
TP38229 not allocated
----------------------

----------------------
TP39210 not allocated
----------------------

----------------------
TP39807 not allocated
----------------------

----------------------
TP40050 allocated to 1
----------------------

----------------------
TP40123 not allocated
----------------------

----------------------
TP40127 not allocated
----------------------

----------------------
TP40177 not allocated
----------------------

----------------------
TP40265 not allocated
----------------------

----------------------
TP40826 not allocated
----------------------

----------------------
TP41323 not allocated
----------------------

----------------------
TP41497 not allocated
----------------------

----------------------
TP41551 not allocated
----------------------

----------------------
TP42327 not allocated
----------------------

----------------------
TP42972 allocated to 1
----------------------

----------------------
TP43030 not allocated
----------------------

----------------------
TP43067 not allocated
----------------------

----------------------
TP43531 not allocated
----------------------

----------------------
TP43634 not allocated
----------------------

----------------------
TP44002 not allocated
----------------------

----------------------
TP44193 allocated to 1
----------------------

----------------------
TP44257 not allocated
----------------------

----------------------
TP44665 not allocated
----------------------

----------------------
TP44978 allocated to 1
----------------------

----------------------
TP45334 allocated to 1
----------------------

----------------------
TP45390 not allocated
----------------------

----------------------
TP45939 allocated to 1
----------------------

----------------------
TP46038 not allocated
----------------------

----------------------
TP46069 allocated to 6
----------------------

----------------------
TP46309 allocated to 6
----------------------

----------------------
TP46587 not allocated
----------------------

----------------------
TP46703 not allocated
----------------------

----------------------
TP46802 not allocated
----------------------

----------------------
TP46987 not allocated
----------------------

----------------------
TP47239 not allocated
----------------------

----------------------
TP47371 not allocated
----------------------

----------------------
TP47615 not allocated
----------------------

----------------------
TP47736 allocated to 1
----------------------

----------------------
TP47981 not allocated
----------------------

----------------------
TP48037 not allocated
----------------------

----------------------
TP48230 not allocated
----------------------

----------------------
TP48472 allocated to 1
----------------------

----------------------
TP48539 not allocated
----------------------

----------------------
TP48550 not allocated
----------------------

----------------------
TP48804 not allocated
----------------------

----------------------
TP48947 not allocated
----------------------

----------------------
TP49195 not allocated
----------------------

-------------------------------------------------------------------------

Ride-sharing vs Individual Mode - Num Vehicles and Distance Comparisson 

-------------------------------------------------------------------------
Individual Mode = 184 vehicles.
Ride-sharing Mode = 44 vehicles. The 7 ride-sharing vehicles + 37 vehicles of the individuals not served by the ride-sharing service.
-------------------------------------------------------------------------
Individual Mode = 482 distance.
Ride-sharing Mode = 821 distance. 700 from the EV fleet + 121 from the distance of the trips not covered individuals had to do with their own vehicle.
-------------------------------------------------------------------------
