-------------------------------------------------------------------------
TPs satisfied = 77; Total TPs = 195; Percentage Satisfied + 39.5%
-------------------------------------------------------------------------

-------------------------------------------------------------------------

EVs

-------------------------------------------------------------------------
--------------------------------------
EV1
--------------------------------------
Num TPs served = 38
TPs served = 19 565 732 1132 1227 1520 3009 3023 4019 4418 5467 5600 5856 6554 6992 7577 8351 8535 10548 14658 18621 22365 24100 25115 28012 30973 31489 32891 33367 34107 35067 35196 37075 38439 42207 43339 44172 44185
Total energy used = 100
--------------------------------------
Schedule:
0 61 366 434 366 434 0 0 100 100 0 61 0
61 61 366 434 366 434 0 1 100 100 19 32 0
61 67 366 434 372 434 1 0 100 94 -19 32 6
67 153 372 434 372 434 0 0 94 94 0 86 0
153 159 372 434 366 434 0 1 94 88 35196 32 6
159 161 366 434 366 434 1 1 88 88 0 2 0
161 161 366 434 366 434 1 0 88 88 -35196 32 0
161 1016 366 434 366 434 0 0 88 88 0 855 0
1016 1016 366 434 366 434 0 1 88 88 565 32 0
1016 1022 366 434 366 434 1 1 88 88 0 6 0
1022 1022 366 434 366 434 1 0 88 88 -565 32 0
1022 1309 366 434 366 434 0 0 88 88 0 287 0
1309 1309 366 434 366 434 0 1 88 88 732 32 0
1309 1310 366 434 366 434 1 1 88 88 0 1 0
1310 1314 366 434 370 434 1 0 88 84 -732 32 4
1314 1972 370 434 370 434 0 0 84 84 0 658 0
1972 1976 370 434 366 434 0 1 84 80 1132 32 4
1976 1978 366 434 366 434 1 1 80 80 0 2 0
1978 1990 366 434 378 434 1 0 80 68 -1132 32 12
1990 2125 378 434 378 434 0 0 68 68 0 135 0
2125 2137 378 434 366 434 0 1 68 56 1227 32 12
2137 2138 366 434 366 435 1 0 56 55 -1227 32 1
2138 2648 366 435 366 435 0 0 55 55 0 510 0
2648 2649 366 435 366 434 0 1 55 54 1520 32 1
2649 2654 366 434 368 437 1 0 54 49 -1520 32 5
2654 3772 368 437 368 437 0 0 49 49 0 1118 0
3772 3777 368 437 366 434 0 1 49 44 18621 32 5
3777 3778 366 434 366 434 1 1 44 44 0 1 0
3778 3778 366 434 366 434 1 0 44 44 -18621 32 0
3778 5395 366 434 366 434 0 0 44 44 0 1617 0
5395 5395 366 434 366 434 0 1 44 44 3023 32 0
5395 5395 366 434 366 434 1 2 44 44 3009 9 0
5395 5396 366 434 366 434 2 2 44 44 0 1 0
5396 5399 366 434 366 437 2 1 44 41 -3023 32 3
5399 5402 366 437 367 435 1 0 41 38 -3009 5 3
5402 5644 367 435 367 435 0 0 38 38 0 242 0
5644 5646 367 435 366 434 0 1 38 36 37075 32 2
5646 5649 366 434 366 434 1 1 36 36 0 3 0
5649 5649 366 434 366 434 1 0 36 36 -37075 32 0
5649 7226 366 434 366 434 0 0 36 36 0 1577 0
7226 7226 366 434 366 434 0 1 36 36 4019 32 0
7226 7228 366 434 366 434 1 1 36 36 0 2 0
7228 7228 366 434 366 434 1 0 36 36 -4019 32 0
7228 7951 366 434 366 434 0 0 36 36 0 723 0
7951 7951 366 434 366 434 0 1 36 36 4418 32 0
7951 7952 366 434 366 434 1 1 36 36 0 1 0
7952 7953 366 434 367 434 1 0 36 35 -4418 32 1
7953 9488 367 434 367 434 0 0 35 35 0 1535 0
9488 9489 367 434 366 434 0 1 35 34 38439 32 1
9489 9492 366 434 366 434 1 1 34 34 0 3 0
9492 9492 366 434 366 434 1 0 34 34 -38439 32 0
9492 9940 366 434 366 434 0 0 34 34 0 448 0
9940 9940 366 434 366 434 0 1 34 34 5467 32 0
9940 9941 366 434 366 434 1 1 34 34 0 1 0
9941 9943 366 434 366 436 1 0 34 32 -5467 32 2
9943 10202 366 436 366 436 0 0 32 32 0 259 0
10202 10204 366 436 366 434 0 1 32 30 5600 32 2
10204 10206 366 434 368 434 1 0 30 28 -5600 32 2
10206 10711 368 434 368 434 0 0 28 28 0 505 0
10711 10713 368 434 366 434 0 1 28 26 5856 32 2
10713 10715 366 434 366 434 1 1 26 26 0 2 0
10715 10715 366 434 366 434 1 0 26 26 -5856 32 0
10715 12056 366 434 366 434 0 0 26 26 0 1341 0
12056 12056 366 434 366 434 0 1 26 26 6554 32 0
12056 12057 366 434 367 434 1 0 26 25 -6554 32 1
12057 12994 367 434 367 434 0 0 25 25 0 937 0
12994 12995 367 434 366 434 0 1 25 24 6992 32 1
12995 13001 366 434 371 435 1 0 24 18 -6992 32 6
13001 14257 371 435 371 435 0 0 18 18 0 1256 0
14257 14263 371 435 366 434 0 1 18 12 7577 32 6
14263 14264 366 434 366 434 1 1 12 12 0 1 0
14264 14266 366 434 366 436 1 0 12 10 -7577 32 2
14266 14399 366 436 366 436 0 0 10 10 0 133 0
14399 14401 366 436 366 434 0 1 10 8 22365 32 2
14401 14402 366 434 366 434 1 1 8 8 0 1 0
14402 14402 366 434 366 434 1 0 8 8 -22365 32 0
14402 16054 366 434 366 434 0 0 8 8 0 1652 0
16054 16054 366 434 366 434 0 1 8 8 8351 32 0
16054 16055 366 434 366 434 1 1 8 8 0 1 0
16055 16056 366 434 367 434 1 0 8 7 -8351 32 1
16056 16454 367 434 367 434 0 0 7 7 0 398 0
16454 16455 367 434 366 434 0 1 7 6 8535 32 1
16455 16457 366 434 368 434 1 0 6 4 -8535 32 2
16457 18505 368 434 368 434 0 0 4 4 0 2048 0
18505 18507 368 434 366 434 0 1 4 2 24100 32 2
18507 18508 366 434 366 434 1 1 2 2 0 1 0
18508 18508 366 434 366 434 1 0 2 2 -24100 32 0
18508 18548 366 434 366 434 0 0 2 2 0 40 0
18548 18548 366 434 366 434 0 1 2 2 42207 32 0
18548 18549 366 434 366 434 1 1 2 2 0 1 0
18549 18549 366 434 366 434 1 0 2 2 -42207 32 0
18549 20765 366 434 366 434 0 0 2 2 0 2216 0
20765 20765 366 434 366 434 0 1 2 2 25115 32 0
20765 20766 366 434 366 434 1 1 2 2 0 1 0
20766 20766 366 434 366 434 1 0 2 2 -25115 32 0
20766 20876 366 434 366 434 0 0 2 2 0 110 0
20876 20876 366 434 366 434 0 1 2 2 43339 32 0
20876 20878 366 434 366 434 1 1 2 2 0 2 0
20878 20878 366 434 366 434 1 0 2 2 -43339 32 0
20878 21947 366 434 366 434 0 0 2 2 0 1069 0
21947 21947 366 434 366 434 0 1 2 2 10548 32 0
21947 21948 366 434 366 434 1 1 2 2 0 1 0
21948 21949 366 434 366 435 1 0 2 1 -10548 32 1
21949 22536 366 435 366 435 0 0 1 1 0 587 0
22536 22537 366 435 366 434 0 1 1 0 44185 32 1
22537 22537 366 434 366 434 1 2 0 0 44172 5 0
22537 22537 366 434 366 434 2 1 0 0 -44172 6 0
22537 22538 366 434 366 434 1 1 0 0 0 1 0
22538 22538 366 434 366 434 1 0 0 0 -44185 32 0
22538 26545 366 434 366 434 0 0 0 0 0 4007 0
26545 26545 366 434 366 434 0 1 0 0 28012 32 0
26545 26547 366 434 366 434 1 1 0 0 0 2 0
26547 26547 366 434 366 434 1 0 0 0 -28012 32 0
26547 32437 366 434 366 434 0 0 0 0 0 5890 0
32437 32437 366 434 366 434 0 1 0 0 30973 32 0
32437 32440 366 434 366 434 1 1 0 0 0 3 0
32440 32440 366 434 366 434 1 0 0 0 -30973 32 0
32440 33577 366 434 366 434 0 0 0 0 0 1137 0
33577 33577 366 434 366 434 0 1 0 0 31489 32 0
33577 33578 366 434 366 434 1 1 0 0 0 1 0
33578 33578 366 434 366 434 1 0 0 0 -31489 32 0
33578 36492 366 434 366 434 0 0 0 0 0 2914 0
36492 36492 366 434 366 434 0 1 0 0 14658 32 0
36492 36493 366 434 366 434 1 1 0 0 0 1 0
36493 36493 366 434 366 434 1 0 0 0 -14658 32 0
36493 36869 366 434 366 434 0 0 0 0 0 376 0
36869 36869 366 434 366 434 0 1 0 0 32891 32 0
36869 36871 366 434 366 434 1 1 0 0 0 2 0
36871 36871 366 434 366 434 1 0 0 0 -32891 32 0
36871 38091 366 434 366 434 0 0 0 0 0 1220 0
38091 38091 366 434 366 434 0 1 0 0 33367 32 0
38091 38093 366 434 366 434 1 1 0 0 0 2 0
38093 38093 366 434 366 434 1 0 0 0 -33367 32 0
38093 40084 366 434 366 434 0 0 0 0 0 1991 0
40084 40084 366 434 366 434 0 1 0 0 34107 32 0
40084 40085 366 434 366 434 1 1 0 0 0 1 0
40085 40085 366 434 366 434 1 0 0 0 -34107 32 0
40085 42955 366 434 366 434 0 0 0 0 0 2870 0
42955 42955 366 434 366 434 0 1 0 0 35067 32 0
42955 42963 366 434 366 434 1 1 0 0 0 8 0
42963 42963 366 434 366 434 1 0 0 0 -35067 32 0
42963 43267 366 434 366 434 0 0 0 0 0 304 0
43267 43267 366 434 366 434 0 0 0 0 1000000000 0 0
--------------------------------------
--------------------------------------
EV2
--------------------------------------
Num TPs served = 20
TPs served = 7767 9569 10081 11068 11087 11636 11994 12066 12464 12696 12917 12990 13097 13156 13533 13622 13644 13904 14549 43230
Total energy used = 100
--------------------------------------
Schedule:
0 14699 366 434 366 434 0 0 100 100 0 14699 0
14699 14699 366 434 366 434 0 1 100 100 7767 32 0
14699 14702 366 434 366 434 1 1 100 100 0 3 0
14702 14708 366 434 368 438 1 0 100 94 -7767 32 6
14708 19208 368 438 368 438 0 0 94 94 0 4500 0
19208 19214 368 438 366 434 0 1 94 88 9569 32 6
19214 19216 366 434 367 435 1 0 88 86 -9569 32 2
19216 20659 367 435 367 435 0 0 86 86 0 1443 0
20659 20661 367 435 366 434 0 1 86 84 43230 32 2
20661 20661 366 434 366 434 1 2 84 84 10081 3 0
20661 20662 366 434 366 434 2 2 84 84 0 1 0
20662 20664 366 434 368 434 2 1 84 82 -43230 32 2
20664 20664 368 434 368 434 1 0 82 82 -10081 2 0
20664 23588 368 434 368 434 0 0 82 82 0 2924 0
23588 23590 368 434 366 434 0 1 82 80 11068 32 2
23590 23591 366 434 367 434 1 0 80 79 -11068 32 1
23591 23637 367 434 367 434 0 0 79 79 0 46 0
23637 23638 367 434 366 434 0 1 79 78 11087 32 1
23638 23639 366 434 367 434 1 0 78 77 -11087 32 1
23639 25468 367 434 367 434 0 0 77 77 0 1829 0
25468 25469 367 434 366 434 0 1 77 76 11636 32 1
25469 25473 366 434 366 434 1 1 76 76 0 4 0
25473 25477 366 434 366 438 1 0 76 72 -11636 32 4
25477 26695 366 438 366 438 0 0 72 72 0 1218 0
26695 26699 366 438 366 434 0 1 72 68 11994 32 4
26699 26700 366 434 366 435 1 0 68 67 -11994 32 1
26700 26953 366 435 366 435 0 0 67 67 0 253 0
26953 26954 366 435 366 434 0 1 67 66 12066 32 1
26954 26959 366 434 371 434 1 0 66 61 -12066 32 5
26959 28301 371 434 371 434 0 0 61 61 0 1342 0
28301 28306 371 434 366 434 0 1 61 56 12464 32 5
28306 28310 366 434 368 436 1 0 56 52 -12464 32 4
28310 29184 368 436 368 436 0 0 52 52 0 874 0
29184 29188 368 436 366 434 0 1 52 48 12696 32 4
29188 29191 366 434 369 434 1 0 48 45 -12696 32 3
29191 29973 369 434 369 434 0 0 45 45 0 782 0
29973 29976 369 434 366 434 0 1 45 42 12917 32 3
29976 29977 366 434 366 435 1 0 42 41 -12917 32 1
29977 30249 366 435 366 435 0 0 41 41 0 272 0
30249 30250 366 435 366 434 0 1 41 40 12990 32 1
30250 30252 366 434 368 434 1 0 40 38 -12990 32 2
30252 30666 368 434 368 434 0 0 38 38 0 414 0
30666 30668 368 434 366 434 0 1 38 36 13097 32 2
30668 30669 366 434 366 435 1 0 36 35 -13097 32 1
30669 30846 366 435 366 435 0 0 35 35 0 177 0
30846 30847 366 435 366 434 0 1 35 34 13156 32 1
30847 30849 366 434 366 434 1 1 34 34 0 2 0
30849 30850 366 434 366 435 1 0 34 33 -13156 32 1
30850 32255 366 435 366 435 0 0 33 33 0 1405 0
32255 32256 366 435 366 434 0 1 33 32 13533 32 1
32256 32260 366 434 369 435 1 0 32 28 -13533 32 4
32260 32566 369 435 369 435 0 0 28 28 0 306 0
32566 32570 369 435 366 434 0 1 28 24 13622 32 4
32570 32571 366 434 366 435 1 0 24 23 -13622 32 1
32571 32642 366 435 366 435 0 0 23 23 0 71 0
32642 32643 366 435 366 434 0 1 23 22 13644 32 1
32643 32644 366 434 366 434 1 1 22 22 0 1 0
32644 32650 366 434 368 438 1 0 22 16 -13644 32 6
32650 33586 368 438 368 438 0 0 16 16 0 936 0
33586 33592 368 438 366 434 0 1 16 10 13904 32 6
33592 33595 366 434 367 436 1 0 10 7 -13904 32 3
33595 36052 367 436 367 436 0 0 7 7 0 2457 0
36052 36055 367 436 366 434 0 1 7 4 14549 32 3
36055 36057 366 434 367 435 1 0 4 2 -14549 32 2
36057 43265 367 435 367 435 0 0 2 2 0 7208 0
43265 43267 367 435 366 434 0 0 2 0 1000000000 0 2
--------------------------------------
--------------------------------------
EV3
--------------------------------------
Num TPs served = 19
TPs served = 14704 15344 15370 15859 16154 16234 16241 16402 16452 16475 16641 16656 16667 16684 16895 16997 17257 17258 17516
Total energy used = 100
--------------------------------------
Schedule:
0 324 366 434 366 434 0 0 100 100 0 324 0
324 324 366 434 366 434 0 1 100 100 17516 32 0
324 325 366 434 366 434 1 1 100 100 0 1 0
325 326 366 434 367 434 1 0 100 99 -17516 32 1
326 36682 367 434 367 434 0 0 99 99 0 36356 0
36682 36683 367 434 366 434 0 1 99 98 14704 32 1
36683 36687 366 434 368 436 1 0 98 94 -14704 32 4
36687 39180 368 436 368 436 0 0 94 94 0 2493 0
39180 39184 368 436 366 434 0 1 94 90 15344 32 4
39184 39189 366 434 371 434 1 0 90 85 -15344 32 5
39189 39257 371 434 371 434 0 0 85 85 0 68 0
39257 39262 371 434 366 434 0 1 85 80 15370 32 5
39262 39268 366 434 367 439 1 0 80 74 -15370 32 6
39268 40484 367 439 367 439 0 0 74 74 0 1216 0
40484 40490 367 439 366 434 0 1 74 68 15859 32 6
40490 40491 366 434 367 434 1 0 68 67 -15859 32 1
40491 41042 367 434 367 434 0 0 67 67 0 551 0
41042 41043 367 434 366 434 0 1 67 66 16154 32 1
41043 41045 366 434 368 434 1 0 66 64 -16154 32 2
41045 41179 368 434 368 434 0 0 64 64 0 134 0
41179 41181 368 434 366 434 0 1 64 62 16241 32 2
41181 41181 366 434 366 434 1 2 62 62 16234 19 0
41181 41188 366 434 373 434 2 1 62 55 -16241 32 7
41188 41190 373 434 371 434 1 0 55 53 -16234 17 2
41190 41438 371 434 371 434 0 0 53 53 0 248 0
41438 41443 371 434 366 434 0 1 53 48 16402 32 5
41443 41448 366 434 370 435 1 0 48 43 -16402 32 5
41448 41516 370 435 370 435 0 0 43 43 0 68 0
41516 41521 370 435 366 434 0 1 43 38 16452 32 5
41521 41523 366 434 367 435 1 0 38 36 -16452 32 2
41523 41560 367 435 367 435 0 0 36 36 0 37 0
41560 41562 367 435 366 434 0 1 36 34 16475 32 2
41562 41563 366 434 367 434 1 0 34 33 -16475 32 1
41563 41849 367 434 367 434 0 0 33 33 0 286 0
41849 41850 367 434 366 434 0 1 33 32 16641 32 1
41850 41883 366 434 366 434 1 1 32 32 0 33 0
41883 41883 366 434 366 434 1 2 32 32 16656 32 0
41883 41889 366 434 371 435 2 1 32 26 -16641 0 6
41889 41893 371 435 371 435 1 1 26 26 0 4 0
41893 41899 371 435 366 434 1 2 26 20 16667 32 6
41899 41900 366 434 366 435 2 1 20 19 -16667 32 1
41900 41901 366 435 366 436 1 0 19 18 -16656 16 1
41901 41923 366 436 366 436 0 0 18 18 0 22 0
41923 41925 366 436 366 434 0 1 18 16 16684 32 2
41925 41927 366 434 366 436 1 0 16 14 -16684 32 2
41927 42303 366 436 366 436 0 0 14 14 0 376 0
42303 42305 366 436 366 434 0 1 14 12 16895 32 2
42305 42307 366 434 366 434 1 1 12 12 0 2 0
42307 42309 366 434 368 434 1 0 12 10 -16895 32 2
42309 42493 368 434 368 434 0 0 10 10 0 184 0
42493 42495 368 434 366 434 0 1 10 8 16997 32 2
42495 42497 366 434 367 435 1 0 8 6 -16997 32 2
42497 42936 367 435 367 435 0 0 6 6 0 439 0
42936 42938 367 435 366 434 0 1 6 4 17258 32 2
42938 42938 366 434 366 434 1 2 4 4 17257 31 0
42938 42939 366 434 367 434 2 1 4 3 -17258 32 1
42939 42940 367 434 367 434 1 1 3 3 0 1 0
42940 42941 367 434 368 434 1 0 3 2 -17257 32 1
42941 43265 368 434 368 434 0 0 2 2 0 324 0
43265 43267 368 434 366 434 0 0 2 0 1000000000 0 2
--------------------------------------

-------------------------------------------------------------------------

TPs

-------------------------------------------------------------------------

----------------------
TP19 allocated to 1
----------------------

----------------------
TP565 allocated to 1
----------------------

----------------------
TP732 allocated to 1
----------------------

----------------------
TP1132 allocated to 1
----------------------

----------------------
TP1227 allocated to 1
----------------------

----------------------
TP1520 allocated to 1
----------------------

----------------------
TP3009 allocated to 1
----------------------

----------------------
TP3023 allocated to 1
----------------------

----------------------
TP4019 allocated to 1
----------------------

----------------------
TP4418 allocated to 1
----------------------

----------------------
TP5467 allocated to 1
----------------------

----------------------
TP5600 allocated to 1
----------------------

----------------------
TP5856 allocated to 1
----------------------

----------------------
TP6554 allocated to 1
----------------------

----------------------
TP6992 allocated to 1
----------------------

----------------------
TP7577 allocated to 1
----------------------

----------------------
TP7767 allocated to 2
----------------------

----------------------
TP8351 allocated to 1
----------------------

----------------------
TP8535 allocated to 1
----------------------

----------------------
TP9569 allocated to 2
----------------------

----------------------
TP10081 allocated to 2
----------------------

----------------------
TP10548 allocated to 1
----------------------

----------------------
TP11068 allocated to 2
----------------------

----------------------
TP11087 allocated to 2
----------------------

----------------------
TP11636 allocated to 2
----------------------

----------------------
TP11994 allocated to 2
----------------------

----------------------
TP12066 allocated to 2
----------------------

----------------------
TP12464 allocated to 2
----------------------

----------------------
TP12696 allocated to 2
----------------------

----------------------
TP12917 allocated to 2
----------------------

----------------------
TP12990 allocated to 2
----------------------

----------------------
TP13097 allocated to 2
----------------------

----------------------
TP13156 allocated to 2
----------------------

----------------------
TP13533 allocated to 2
----------------------

----------------------
TP13622 allocated to 2
----------------------

----------------------
TP13644 allocated to 2
----------------------

----------------------
TP13904 allocated to 2
----------------------

----------------------
TP14549 allocated to 2
----------------------

----------------------
TP14658 allocated to 1
----------------------

----------------------
TP14704 allocated to 3
----------------------

----------------------
TP15344 allocated to 3
----------------------

----------------------
TP15370 allocated to 3
----------------------

----------------------
TP15859 allocated to 3
----------------------

----------------------
TP16154 allocated to 3
----------------------

----------------------
TP16234 allocated to 3
----------------------

----------------------
TP16241 allocated to 3
----------------------

----------------------
TP16402 allocated to 3
----------------------

----------------------
TP16452 allocated to 3
----------------------

----------------------
TP16475 allocated to 3
----------------------

----------------------
TP16641 allocated to 3
----------------------

----------------------
TP16656 allocated to 3
----------------------

----------------------
TP16667 allocated to 3
----------------------

----------------------
TP16684 allocated to 3
----------------------

----------------------
TP16895 allocated to 3
----------------------

----------------------
TP16997 allocated to 3
----------------------

----------------------
TP17171 not allocated
----------------------

----------------------
TP17257 allocated to 3
----------------------

----------------------
TP17258 allocated to 3
----------------------

----------------------
TP17516 allocated to 3
----------------------

----------------------
TP17541 not allocated
----------------------

----------------------
TP17758 not allocated
----------------------

----------------------
TP18448 not allocated
----------------------

----------------------
TP18515 not allocated
----------------------

----------------------
TP18621 allocated to 1
----------------------

----------------------
TP18654 not allocated
----------------------

----------------------
TP18828 not allocated
----------------------

----------------------
TP20471 not allocated
----------------------

----------------------
TP20794 not allocated
----------------------

----------------------
TP21130 not allocated
----------------------

----------------------
TP21351 not allocated
----------------------

----------------------
TP21394 not allocated
----------------------

----------------------
TP21510 not allocated
----------------------

----------------------
TP21663 not allocated
----------------------

----------------------
TP21733 not allocated
----------------------

----------------------
TP21796 not allocated
----------------------

----------------------
TP22093 not allocated
----------------------

----------------------
TP22197 not allocated
----------------------

----------------------
TP22217 not allocated
----------------------

----------------------
TP22365 allocated to 1
----------------------

----------------------
TP22447 not allocated
----------------------

----------------------
TP22824 not allocated
----------------------

----------------------
TP23310 not allocated
----------------------

----------------------
TP23679 not allocated
----------------------

----------------------
TP23729 not allocated
----------------------

----------------------
TP24100 allocated to 1
----------------------

----------------------
TP24267 not allocated
----------------------

----------------------
TP24364 not allocated
----------------------

----------------------
TP24639 not allocated
----------------------

----------------------
TP24802 not allocated
----------------------

----------------------
TP24882 not allocated
----------------------

----------------------
TP25013 not allocated
----------------------

----------------------
TP25115 allocated to 1
----------------------

----------------------
TP25383 not allocated
----------------------

----------------------
TP25680 not allocated
----------------------

----------------------
TP26021 not allocated
----------------------

----------------------
TP26045 not allocated
----------------------

----------------------
TP26247 not allocated
----------------------

----------------------
TP26327 not allocated
----------------------

----------------------
TP27901 not allocated
----------------------

----------------------
TP27988 not allocated
----------------------

----------------------
TP28012 allocated to 1
----------------------

----------------------
TP28983 not allocated
----------------------

----------------------
TP29258 not allocated
----------------------

----------------------
TP29389 not allocated
----------------------

----------------------
TP29518 not allocated
----------------------

----------------------
TP29624 not allocated
----------------------

----------------------
TP29911 not allocated
----------------------

----------------------
TP30013 not allocated
----------------------

----------------------
TP30538 not allocated
----------------------

----------------------
TP30725 not allocated
----------------------

----------------------
TP30904 not allocated
----------------------

----------------------
TP30973 allocated to 1
----------------------

----------------------
TP31489 allocated to 1
----------------------

----------------------
TP31709 not allocated
----------------------

----------------------
TP32374 not allocated
----------------------

----------------------
TP32824 not allocated
----------------------

----------------------
TP32891 allocated to 1
----------------------

----------------------
TP33104 not allocated
----------------------

----------------------
TP33132 not allocated
----------------------

----------------------
TP33367 allocated to 1
----------------------

----------------------
TP33841 not allocated
----------------------

----------------------
TP33970 not allocated
----------------------

----------------------
TP34015 not allocated
----------------------

----------------------
TP34107 allocated to 1
----------------------

----------------------
TP34276 not allocated
----------------------

----------------------
TP34417 not allocated
----------------------

----------------------
TP34674 not allocated
----------------------

----------------------
TP34742 not allocated
----------------------

----------------------
TP34867 not allocated
----------------------

----------------------
TP35012 not allocated
----------------------

----------------------
TP35067 allocated to 1
----------------------

----------------------
TP35196 allocated to 1
----------------------

----------------------
TP35524 not allocated
----------------------

----------------------
TP35758 not allocated
----------------------

----------------------
TP35787 not allocated
----------------------

----------------------
TP36247 not allocated
----------------------

----------------------
TP36287 not allocated
----------------------

----------------------
TP36451 not allocated
----------------------

----------------------
TP36580 not allocated
----------------------

----------------------
TP37075 allocated to 1
----------------------

----------------------
TP37383 not allocated
----------------------

----------------------
TP37429 not allocated
----------------------

----------------------
TP37456 not allocated
----------------------

----------------------
TP37767 not allocated
----------------------

----------------------
TP37773 not allocated
----------------------

----------------------
TP38176 not allocated
----------------------

----------------------
TP38213 not allocated
----------------------

----------------------
TP38439 allocated to 1
----------------------

----------------------
TP38523 not allocated
----------------------

----------------------
TP38754 not allocated
----------------------

----------------------
TP39128 not allocated
----------------------

----------------------
TP39263 not allocated
----------------------

----------------------
TP39789 not allocated
----------------------

----------------------
TP39791 not allocated
----------------------

----------------------
TP40036 not allocated
----------------------

----------------------
TP40256 not allocated
----------------------

----------------------
TP40384 not allocated
----------------------

----------------------
TP40515 not allocated
----------------------

----------------------
TP40849 not allocated
----------------------

----------------------
TP41112 not allocated
----------------------

----------------------
TP41317 not allocated
----------------------

----------------------
TP41585 not allocated
----------------------

----------------------
TP41975 not allocated
----------------------

----------------------
TP42092 not allocated
----------------------

----------------------
TP42207 allocated to 1
----------------------

----------------------
TP42550 not allocated
----------------------

----------------------
TP43097 not allocated
----------------------

----------------------
TP43143 not allocated
----------------------

----------------------
TP43230 allocated to 2
----------------------

----------------------
TP43339 allocated to 1
----------------------

----------------------
TP43596 not allocated
----------------------

----------------------
TP43990 not allocated
----------------------

----------------------
TP44172 allocated to 1
----------------------

----------------------
TP44185 allocated to 1
----------------------

----------------------
TP44302 not allocated
----------------------

----------------------
TP44565 not allocated
----------------------

----------------------
TP44649 not allocated
----------------------

----------------------
TP44791 not allocated
----------------------

----------------------
TP45207 not allocated
----------------------

----------------------
TP45251 not allocated
----------------------

----------------------
TP46733 not allocated
----------------------

----------------------
TP46882 not allocated
----------------------

----------------------
TP46927 not allocated
----------------------

----------------------
TP46964 not allocated
----------------------

----------------------
TP47152 not allocated
----------------------

----------------------
TP47289 not allocated
----------------------

----------------------
TP47564 not allocated
----------------------

----------------------
TP47802 not allocated
----------------------

----------------------
TP48495 not allocated
----------------------

----------------------
TP48502 not allocated
----------------------

----------------------
TP48992 not allocated
----------------------

----------------------
TP49204 not allocated
----------------------

----------------------
TP49286 not allocated
----------------------

----------------------
TP49934 not allocated
----------------------

----------------------
TP50000 not allocated
----------------------

-------------------------------------------------------------------------

Ride-sharing vs Individual Mode - Num Vehicles and Distance Comparisson 

-------------------------------------------------------------------------
Individual Mode = 195 vehicles.
Ride-sharing Mode = 121 vehicles. The 3 ride-sharing vehicles + 118 vehicles of the individuals not served by the ride-sharing service.
-------------------------------------------------------------------------
Individual Mode = 491 distance.
Ride-sharing Mode = 631 distance. 300 from the EV fleet + 331 from the distance of the trips not covered individuals had to do with their own vehicle.
-------------------------------------------------------------------------
