-------------------------------------------------------------------------
TPs satisfied = 55; Total TPs = 175; Percentage Satisfied + 31.4%
-------------------------------------------------------------------------

-------------------------------------------------------------------------

EVs

-------------------------------------------------------------------------
--------------------------------------
EV1
--------------------------------------
Num TPs served = 37
TPs served = 886 1645 1739 2180 2370 2510 3255 4147 4159 4222 4322 4343 4448 4557 5048 5598 5917 5988 6669 6988 12847 20081 20380 22994 24221 24609 24737 29432 29689 36065 38224 40659 42822 43684 44327 46061 46443
Total energy used = 100
--------------------------------------
Schedule:
0 1566 610 310 610 310 0 0 100 100 0 1566 0
1566 1566 610 310 610 310 0 1 100 100 886 32 0
1566 1575 610 310 619 310 1 0 100 91 -886 32 9
1575 2672 619 310 619 310 0 0 91 91 0 1097 0
2672 2681 619 310 610 310 0 1 91 82 36065 32 9
2681 2682 610 310 610 310 1 1 82 82 0 1 0
2682 2682 610 310 610 310 1 0 82 82 -36065 32 0
2682 2870 610 310 610 310 0 0 82 82 0 188 0
2870 2870 610 310 610 310 0 1 82 82 1645 32 0
2870 2871 610 310 610 310 1 1 82 82 0 1 0
2871 2871 610 310 610 310 1 0 82 82 -1645 32 0
2871 3041 610 310 610 310 0 0 82 82 0 170 0
3041 3041 610 310 610 310 0 1 82 82 1739 32 0
3041 3044 610 310 613 310 1 0 82 79 -1739 32 3
3044 3848 613 310 613 310 0 0 79 79 0 804 0
3848 3851 613 310 610 310 0 1 79 76 2180 32 3
3851 3852 610 310 610 310 1 1 76 76 0 1 0
3852 3853 610 310 611 310 1 0 76 75 -2180 32 1
3853 4206 611 310 611 310 0 0 75 75 0 353 0
4206 4207 611 310 610 310 0 1 75 74 2370 32 1
4207 4208 610 310 610 310 1 1 74 74 0 1 0
4208 4211 610 310 610 313 1 0 74 71 -2370 32 3
4211 4457 610 313 610 313 0 0 71 71 0 246 0
4457 4460 610 313 610 310 0 1 71 68 2510 32 3
4460 4461 610 310 610 310 1 1 68 68 0 1 0
4461 4462 610 310 611 310 1 0 68 67 -2510 32 1
4462 5795 611 310 611 310 0 0 67 67 0 1333 0
5795 5796 611 310 610 310 0 1 67 66 3255 32 1
5796 5802 610 310 611 315 1 0 66 60 -3255 32 6
5802 7483 611 315 611 315 0 0 60 60 0 1681 0
7483 7489 611 315 610 310 0 1 60 54 4159 32 6
7489 7489 610 310 610 310 1 2 54 54 4147 6 0
7489 7490 610 310 610 310 2 2 54 54 0 1 0
7490 7491 610 310 610 311 2 1 54 53 -4159 32 1
7491 7493 610 311 611 310 1 0 53 51 -4147 3 2
7493 7592 611 310 611 310 0 0 51 51 0 99 0
7592 7593 611 310 610 310 0 1 51 50 4222 32 1
7593 7597 610 310 610 310 1 1 50 50 0 4 0
7597 7601 610 310 614 310 1 0 50 46 -4222 32 4
7601 7763 614 310 614 310 0 0 46 46 0 162 0
7763 7767 614 310 610 310 0 1 46 42 4322 32 4
7767 7768 610 310 611 310 1 0 42 41 -4322 32 1
7768 7808 611 310 611 310 0 0 41 41 0 40 0
7808 7809 611 310 610 310 0 1 41 40 4343 32 1
7809 7810 610 310 610 311 1 0 40 39 -4343 32 1
7810 8015 610 311 610 311 0 0 39 39 0 205 0
8015 8016 610 311 610 310 0 1 39 38 4448 32 1
8016 8020 610 310 610 310 1 1 38 38 0 4 0
8020 8021 610 310 610 311 1 0 38 37 -4448 32 1
8021 8252 610 311 610 311 0 0 37 37 0 231 0
8252 8253 610 311 610 310 0 1 37 36 20081 32 1
8253 8253 610 310 610 310 1 2 36 36 4557 13 0
8253 8254 610 310 610 310 2 2 36 36 0 1 0
8254 8255 610 310 611 310 2 1 36 35 -20081 32 1
8255 8258 611 310 611 313 1 0 35 32 -4557 12 3
8258 8926 611 313 611 313 0 0 32 32 0 668 0
8926 8930 611 313 610 310 0 1 32 28 38224 32 4
8930 8934 610 310 610 310 1 1 28 28 0 4 0
8934 8934 610 310 610 310 1 0 28 28 -38224 32 0
8934 9120 610 310 610 310 0 0 28 28 0 186 0
9120 9120 610 310 610 310 0 1 28 28 20380 32 0
9120 9151 610 310 610 310 1 1 28 28 0 31 0
9151 9151 610 310 610 310 1 2 28 28 5048 32 0
9151 9153 610 310 612 310 2 1 28 26 -20380 1 2
9153 9155 612 310 612 310 1 1 26 26 0 2 0
9155 9158 612 310 614 311 1 0 26 23 -5048 32 3
9158 10196 614 311 614 311 0 0 23 23 0 1038 0
10196 10201 614 311 610 310 0 1 23 18 5598 32 5
10201 10204 610 310 610 310 1 1 18 18 0 3 0
10204 10207 610 310 612 311 1 0 18 15 -5598 32 3
10207 10825 612 311 612 311 0 0 15 15 0 618 0
10825 10828 612 311 610 310 0 1 15 12 5917 32 3
10828 10830 610 310 610 310 1 1 12 12 0 2 0
10830 10831 610 310 611 310 1 0 12 11 -5917 32 1
10831 10964 611 310 611 310 0 0 11 11 0 133 0
10964 10965 611 310 610 310 0 1 11 10 5988 32 1
10965 10967 610 310 612 310 1 0 10 8 -5988 32 2
10967 12306 612 310 612 310 0 0 8 8 0 1339 0
12306 12308 612 310 610 310 0 1 8 6 6669 32 2
12308 12310 610 310 610 310 1 1 6 6 0 2 0
12310 12312 610 310 610 312 1 0 6 4 -6669 32 2
12312 12987 610 312 610 312 0 0 4 4 0 675 0
12987 12989 610 312 610 310 0 1 4 2 6988 32 2
12989 12990 610 310 610 311 1 0 2 1 -6988 32 1
12990 15094 610 311 610 311 0 0 1 1 0 2104 0
15094 15095 610 311 610 310 0 1 1 0 40659 32 1
15095 15097 610 310 610 310 1 1 0 0 0 2 0
15097 15097 610 310 610 310 1 0 0 0 -40659 32 0
15097 15966 610 310 610 310 0 0 0 0 0 869 0
15966 15966 610 310 610 310 0 1 0 0 22994 32 0
15966 15969 610 310 610 310 1 1 0 0 0 3 0
15969 15969 610 310 610 310 1 0 0 0 -22994 32 0
15969 18759 610 310 610 310 0 0 0 0 0 2790 0
18759 18759 610 310 610 310 0 1 0 0 24221 32 0
18759 18762 610 310 610 310 1 1 0 0 0 3 0
18762 18762 610 310 610 310 1 0 0 0 -24221 32 0
18762 19636 610 310 610 310 0 0 0 0 0 874 0
19636 19636 610 310 610 310 0 1 0 0 24609 32 0
19636 19637 610 310 610 310 1 1 0 0 0 1 0
19637 19637 610 310 610 310 1 0 0 0 -24609 32 0
19637 19867 610 310 610 310 0 0 0 0 0 230 0
19867 19867 610 310 610 310 0 1 0 0 42822 32 0
19867 19869 610 310 610 310 1 1 0 0 0 2 0
19869 19869 610 310 610 310 1 0 0 0 -42822 32 0
19869 19921 610 310 610 310 0 0 0 0 0 52 0
19921 19921 610 310 610 310 0 1 0 0 24737 32 0
19921 19922 610 310 610 310 1 1 0 0 0 1 0
19922 19922 610 310 610 310 1 0 0 0 -24737 32 0
19922 21552 610 310 610 310 0 0 0 0 0 1630 0
21552 21552 610 310 610 310 0 1 0 0 43684 32 0
21552 21553 610 310 610 310 1 1 0 0 0 1 0
21553 21553 610 310 610 310 1 0 0 0 -43684 32 0
21553 22796 610 310 610 310 0 0 0 0 0 1243 0
22796 22796 610 310 610 310 0 1 0 0 44327 32 0
22796 22798 610 310 610 310 1 1 0 0 0 2 0
22798 22798 610 310 610 310 1 0 0 0 -44327 32 0
22798 25924 610 310 610 310 0 0 0 0 0 3126 0
25924 25924 610 310 610 310 0 1 0 0 46061 32 0
25924 25926 610 310 610 310 1 1 0 0 0 2 0
25926 25926 610 310 610 310 1 0 0 0 -46061 32 0
25926 26576 610 310 610 310 0 0 0 0 0 650 0
26576 26576 610 310 610 310 0 1 0 0 46443 32 0
26576 26577 610 310 610 310 1 1 0 0 0 1 0
26577 26577 610 310 610 310 1 0 0 0 -46443 32 0
26577 29381 610 310 610 310 0 0 0 0 0 2804 0
29381 29381 610 310 610 310 0 1 0 0 29432 32 0
29381 29382 610 310 610 310 1 1 0 0 0 1 0
29382 29382 610 310 610 310 1 0 0 0 -29432 32 0
29382 29734 610 310 610 310 0 0 0 0 0 352 0
29734 29734 610 310 610 310 0 1 0 0 12847 32 0
29734 29735 610 310 610 310 1 1 0 0 0 1 0
29735 29735 610 310 610 310 1 0 0 0 -12847 32 0
29735 29860 610 310 610 310 0 0 0 0 0 125 0
29860 29860 610 310 610 310 0 1 0 0 29689 32 0
29860 29861 610 310 610 310 1 1 0 0 0 1 0
29861 29861 610 310 610 310 1 0 0 0 -29689 32 0
29861 43267 610 310 610 310 0 0 0 0 0 13406 0
43267 43267 610 310 610 310 0 0 0 0 1000000000 0 0
--------------------------------------
--------------------------------------
EV2
--------------------------------------
Num TPs served = 18
TPs served = 5619 5668 6392 7092 7452 7525 7532 8109 8192 8557 9259 9663 9855 22784 24052 24800 40820 40909
Total energy used = 100
--------------------------------------
Schedule:
0 10256 610 310 610 310 0 0 100 100 0 10256 0
10256 10256 610 310 610 310 0 1 100 100 5619 32 0
10256 10265 610 310 610 310 1 1 100 100 0 9 0
10265 10272 610 310 612 315 1 0 100 93 -5619 32 7
10272 10352 612 315 612 315 0 0 93 93 0 80 0
10352 10359 612 315 610 310 0 1 93 86 5668 32 7
10359 10361 610 310 610 310 1 1 86 86 0 2 0
10361 10368 610 310 617 310 1 0 86 79 -5668 32 7
10368 11737 617 310 617 310 0 0 79 79 0 1369 0
11737 11744 617 310 610 310 0 1 79 72 6392 32 7
11744 11749 610 310 615 310 1 0 72 67 -6392 32 5
11749 13211 615 310 615 310 0 0 67 67 0 1462 0
13211 13216 615 310 610 310 0 1 67 62 7092 32 5
13216 13219 610 310 610 310 1 1 62 62 0 3 0
13219 13220 610 310 610 311 1 0 62 61 -7092 32 1
13220 14007 610 311 610 311 0 0 61 61 0 787 0
14007 14008 610 311 610 310 0 1 61 60 7452 32 1
14008 14014 610 310 610 310 1 1 60 60 0 6 0
14014 14023 610 310 614 315 1 0 60 51 -7452 32 9
14023 14165 614 315 614 315 0 0 51 51 0 142 0
14165 14174 614 315 610 310 0 1 51 42 7532 32 9
14174 14174 610 310 610 310 1 2 42 42 7525 21 0
14174 14179 610 310 615 310 2 1 42 37 -7532 32 5
14179 14185 615 310 610 311 1 0 37 31 -7525 12 6
14185 15481 610 311 610 311 0 0 31 31 0 1296 0
15481 15482 610 311 610 310 0 1 31 30 40820 32 1
15482 15482 610 310 610 310 1 2 30 30 22784 9 0
15482 15482 610 310 610 310 2 3 30 30 8109 29 0
15482 15483 610 310 610 310 3 3 30 30 0 1 0
15483 15484 610 310 611 310 3 2 30 29 -40820 32 1
15484 15485 611 310 612 310 2 1 29 28 -22784 8 1
15485 15488 612 310 615 310 1 0 28 25 -8109 28 3
15488 15664 615 310 615 310 0 0 25 25 0 176 0
15664 15669 615 310 610 310 0 1 25 20 40909 32 5
15669 15669 610 310 610 310 1 2 20 20 8192 21 0
15669 15671 610 310 612 310 2 1 20 18 -40909 32 2
15671 15671 612 310 612 310 1 0 18 18 -8192 21 0
15671 16517 612 310 612 310 0 0 18 18 0 846 0
16517 16519 612 310 610 310 0 1 18 16 8557 32 2
16519 16521 610 310 612 310 1 0 16 14 -8557 32 2
16521 18361 612 310 612 310 0 0 14 14 0 1840 0
18361 18363 612 310 610 310 0 1 14 12 9259 32 2
18363 18395 610 310 610 310 1 1 12 12 0 32 0
18395 18395 610 310 610 310 1 2 12 12 24052 32 0
18395 18396 610 310 611 310 2 1 12 11 -9259 0 1
18396 18400 611 310 611 310 1 1 11 11 0 4 0
18400 18400 611 310 611 310 1 0 11 11 -24052 32 0
18400 19448 611 310 611 310 0 0 11 11 0 1048 0
19448 19449 611 310 610 310 0 1 11 10 9663 32 1
19449 19451 610 310 611 311 1 0 10 8 -9663 32 2
19451 20051 611 311 611 311 0 0 8 8 0 600 0
20051 20053 611 311 610 310 0 1 8 6 24800 32 2
20053 20053 610 310 610 310 1 2 6 6 9855 9 0
20053 20056 610 310 611 312 2 1 6 3 -24800 32 3
20056 20056 611 312 611 312 1 0 3 3 -9855 10 0
20056 43264 611 312 611 312 0 0 3 3 0 23208 0
43264 43267 611 312 610 310 0 0 3 0 1000000000 0 3
--------------------------------------

-------------------------------------------------------------------------

TPs

-------------------------------------------------------------------------

----------------------
TP886 allocated to 1
----------------------

----------------------
TP1645 allocated to 1
----------------------

----------------------
TP1739 allocated to 1
----------------------

----------------------
TP2180 allocated to 1
----------------------

----------------------
TP2370 allocated to 1
----------------------

----------------------
TP2510 allocated to 1
----------------------

----------------------
TP3255 allocated to 1
----------------------

----------------------
TP4147 allocated to 1
----------------------

----------------------
TP4159 allocated to 1
----------------------

----------------------
TP4222 allocated to 1
----------------------

----------------------
TP4322 allocated to 1
----------------------

----------------------
TP4343 allocated to 1
----------------------

----------------------
TP4448 allocated to 1
----------------------

----------------------
TP4557 allocated to 1
----------------------

----------------------
TP5048 allocated to 1
----------------------

----------------------
TP5598 allocated to 1
----------------------

----------------------
TP5619 allocated to 2
----------------------

----------------------
TP5668 allocated to 2
----------------------

----------------------
TP5917 allocated to 1
----------------------

----------------------
TP5988 allocated to 1
----------------------

----------------------
TP6392 allocated to 2
----------------------

----------------------
TP6669 allocated to 1
----------------------

----------------------
TP6988 allocated to 1
----------------------

----------------------
TP7092 allocated to 2
----------------------

----------------------
TP7452 allocated to 2
----------------------

----------------------
TP7525 allocated to 2
----------------------

----------------------
TP7532 allocated to 2
----------------------

----------------------
TP8109 allocated to 2
----------------------

----------------------
TP8192 allocated to 2
----------------------

----------------------
TP8557 allocated to 2
----------------------

----------------------
TP9259 allocated to 2
----------------------

----------------------
TP9663 allocated to 2
----------------------

----------------------
TP9855 allocated to 2
----------------------

----------------------
TP9899 not allocated
----------------------

----------------------
TP10527 not allocated
----------------------

----------------------
TP11133 not allocated
----------------------

----------------------
TP11180 not allocated
----------------------

----------------------
TP11628 not allocated
----------------------

----------------------
TP11834 not allocated
----------------------

----------------------
TP12451 not allocated
----------------------

----------------------
TP12760 not allocated
----------------------

----------------------
TP12847 allocated to 1
----------------------

----------------------
TP12868 not allocated
----------------------

----------------------
TP13228 not allocated
----------------------

----------------------
TP13495 not allocated
----------------------

----------------------
TP13666 not allocated
----------------------

----------------------
TP13816 not allocated
----------------------

----------------------
TP14380 not allocated
----------------------

----------------------
TP14873 not allocated
----------------------

----------------------
TP15133 not allocated
----------------------

----------------------
TP15535 not allocated
----------------------

----------------------
TP15669 not allocated
----------------------

----------------------
TP15692 not allocated
----------------------

----------------------
TP15768 not allocated
----------------------

----------------------
TP16405 not allocated
----------------------

----------------------
TP16454 not allocated
----------------------

----------------------
TP16460 not allocated
----------------------

----------------------
TP16485 not allocated
----------------------

----------------------
TP16995 not allocated
----------------------

----------------------
TP17162 not allocated
----------------------

----------------------
TP17219 not allocated
----------------------

----------------------
TP17460 not allocated
----------------------

----------------------
TP17614 not allocated
----------------------

----------------------
TP18021 not allocated
----------------------

----------------------
TP18372 not allocated
----------------------

----------------------
TP18794 not allocated
----------------------

----------------------
TP18944 not allocated
----------------------

----------------------
TP19192 not allocated
----------------------

----------------------
TP19226 not allocated
----------------------

----------------------
TP20081 allocated to 1
----------------------

----------------------
TP20204 not allocated
----------------------

----------------------
TP20380 allocated to 1
----------------------

----------------------
TP20565 not allocated
----------------------

----------------------
TP20761 not allocated
----------------------

----------------------
TP21296 not allocated
----------------------

----------------------
TP21388 not allocated
----------------------

----------------------
TP22346 not allocated
----------------------

----------------------
TP22429 not allocated
----------------------

----------------------
TP22556 not allocated
----------------------

----------------------
TP22784 allocated to 2
----------------------

----------------------
TP22975 not allocated
----------------------

----------------------
TP22994 allocated to 1
----------------------

----------------------
TP23397 not allocated
----------------------

----------------------
TP23592 not allocated
----------------------

----------------------
TP23835 not allocated
----------------------

----------------------
TP24052 allocated to 2
----------------------

----------------------
TP24221 allocated to 1
----------------------

----------------------
TP24609 allocated to 1
----------------------

----------------------
TP24686 not allocated
----------------------

----------------------
TP24737 allocated to 1
----------------------

----------------------
TP24800 allocated to 2
----------------------

----------------------
TP24847 not allocated
----------------------

----------------------
TP25476 not allocated
----------------------

----------------------
TP25757 not allocated
----------------------

----------------------
TP25993 not allocated
----------------------

----------------------
TP26975 not allocated
----------------------

----------------------
TP26980 not allocated
----------------------

----------------------
TP27000 not allocated
----------------------

----------------------
TP27198 not allocated
----------------------

----------------------
TP27408 not allocated
----------------------

----------------------
TP27746 not allocated
----------------------

----------------------
TP28177 not allocated
----------------------

----------------------
TP28808 not allocated
----------------------

----------------------
TP28831 not allocated
----------------------

----------------------
TP28943 not allocated
----------------------

----------------------
TP29432 allocated to 1
----------------------

----------------------
TP29689 allocated to 1
----------------------

----------------------
TP29972 not allocated
----------------------

----------------------
TP30293 not allocated
----------------------

----------------------
TP30296 not allocated
----------------------

----------------------
TP30419 not allocated
----------------------

----------------------
TP30530 not allocated
----------------------

----------------------
TP31129 not allocated
----------------------

----------------------
TP31153 not allocated
----------------------

----------------------
TP31210 not allocated
----------------------

----------------------
TP31222 not allocated
----------------------

----------------------
TP31566 not allocated
----------------------

----------------------
TP32820 not allocated
----------------------

----------------------
TP34176 not allocated
----------------------

----------------------
TP34560 not allocated
----------------------

----------------------
TP34625 not allocated
----------------------

----------------------
TP36065 allocated to 1
----------------------

----------------------
TP36409 not allocated
----------------------

----------------------
TP36693 not allocated
----------------------

----------------------
TP36759 not allocated
----------------------

----------------------
TP37037 not allocated
----------------------

----------------------
TP37376 not allocated
----------------------

----------------------
TP37444 not allocated
----------------------

----------------------
TP37776 not allocated
----------------------

----------------------
TP37943 not allocated
----------------------

----------------------
TP38125 not allocated
----------------------

----------------------
TP38224 allocated to 1
----------------------

----------------------
TP39018 not allocated
----------------------

----------------------
TP39064 not allocated
----------------------

----------------------
TP39236 not allocated
----------------------

----------------------
TP39953 not allocated
----------------------

----------------------
TP40154 not allocated
----------------------

----------------------
TP40229 not allocated
----------------------

----------------------
TP40439 not allocated
----------------------

----------------------
TP40503 not allocated
----------------------

----------------------
TP40659 allocated to 1
----------------------

----------------------
TP40820 allocated to 2
----------------------

----------------------
TP40909 allocated to 2
----------------------

----------------------
TP40941 not allocated
----------------------

----------------------
TP40985 not allocated
----------------------

----------------------
TP41469 not allocated
----------------------

----------------------
TP41779 not allocated
----------------------

----------------------
TP42432 not allocated
----------------------

----------------------
TP42822 allocated to 1
----------------------

----------------------
TP42919 not allocated
----------------------

----------------------
TP43165 not allocated
----------------------

----------------------
TP43597 not allocated
----------------------

----------------------
TP43684 allocated to 1
----------------------

----------------------
TP43879 not allocated
----------------------

----------------------
TP44324 not allocated
----------------------

----------------------
TP44327 allocated to 1
----------------------

----------------------
TP44421 not allocated
----------------------

----------------------
TP44494 not allocated
----------------------

----------------------
TP44811 not allocated
----------------------

----------------------
TP45101 not allocated
----------------------

----------------------
TP45574 not allocated
----------------------

----------------------
TP45622 not allocated
----------------------

----------------------
TP46061 allocated to 1
----------------------

----------------------
TP46443 allocated to 1
----------------------

----------------------
TP46507 not allocated
----------------------

----------------------
TP46661 not allocated
----------------------

----------------------
TP46811 not allocated
----------------------

----------------------
TP47195 not allocated
----------------------

----------------------
TP47262 not allocated
----------------------

----------------------
TP48566 not allocated
----------------------

----------------------
TP48621 not allocated
----------------------

----------------------
TP49196 not allocated
----------------------

----------------------
TP49331 not allocated
----------------------

----------------------
TP49453 not allocated
----------------------

----------------------
TP49824 not allocated
----------------------

-------------------------------------------------------------------------

Ride-sharing vs Individual Mode - Num Vehicles and Distance Comparisson 

-------------------------------------------------------------------------
Individual Mode = 175 vehicles.
Ride-sharing Mode = 122 vehicles. The 2 ride-sharing vehicles + 120 vehicles of the individuals not served by the ride-sharing service.
-------------------------------------------------------------------------
Individual Mode = 428 distance.
Ride-sharing Mode = 516 distance. 200 from the EV fleet + 316 from the distance of the trips not covered individuals had to do with their own vehicle.
-------------------------------------------------------------------------
