-------------------------------------------------------------------------
TPs satisfied = 157; Total TPs = 184; Percentage Satisfied + 85.3%
-------------------------------------------------------------------------

-------------------------------------------------------------------------

EVs

-------------------------------------------------------------------------
--------------------------------------
EV1
--------------------------------------
Num TPs served = 33
TPs served = 109 877 938 1678 1891 2611 2615 2641 2860 3293 3300 3543 4120 4806 4983 5105 5317 5815 6336 10259 13401 17745 26111 26131 26607 32832 36171 36381 40048 40053 47027 48255 49376
Total energy used = 100
--------------------------------------
Schedule:
0 216 732 496 732 496 0 0 100 100 0 216 0
216 216 732 496 732 496 0 1 100 100 109 32 0
216 218 732 496 734 496 1 0 100 98 -109 32 2
218 1001 734 496 734 496 0 0 98 98 0 783 0
1001 1003 734 496 732 496 0 1 98 96 17745 32 2
1003 1005 732 496 732 496 1 1 96 96 0 2 0
1005 1005 732 496 732 496 1 0 96 96 -17745 32 0
1005 1549 732 496 732 496 0 0 96 96 0 544 0
1549 1549 732 496 732 496 0 1 96 96 877 32 0
1549 1552 732 496 735 496 1 0 96 93 -877 32 3
1552 1652 735 496 735 496 0 0 93 93 0 100 0
1652 1655 735 496 732 496 0 1 93 90 938 32 3
1655 1656 732 496 732 496 1 1 90 90 0 1 0
1656 1660 732 496 736 496 1 0 90 86 -938 32 4
1660 2927 736 496 736 496 0 0 86 86 0 1267 0
2927 2931 736 496 732 496 0 1 86 82 1678 32 4
2931 2932 732 496 732 496 1 1 82 82 0 1 0
2932 2936 732 496 733 499 1 0 82 78 -1678 32 4
2936 2999 733 499 733 499 0 0 78 78 0 63 0
2999 3003 733 499 732 496 0 1 78 74 36171 32 4
3003 3004 732 496 732 496 1 1 74 74 0 1 0
3004 3004 732 496 732 496 1 0 74 74 -36171 32 0
3004 3320 732 496 732 496 0 0 74 74 0 316 0
3320 3320 732 496 732 496 0 1 74 74 1891 32 0
3320 3324 732 496 732 500 1 0 74 70 -1891 32 4
3324 3600 732 500 732 500 0 0 70 70 0 276 0
3600 3604 732 500 732 496 0 1 70 66 36381 32 4
3604 3605 732 496 732 496 1 1 66 66 0 1 0
3605 3605 732 496 732 496 1 0 66 66 -36381 32 0
3605 4652 732 496 732 496 0 0 66 66 0 1047 0
4652 4652 732 496 732 496 0 1 66 66 2615 32 0
4652 4652 732 496 732 496 1 2 66 66 2611 24 0
4652 4654 732 496 734 496 2 1 66 64 -2615 32 2
4654 4656 734 496 736 496 1 0 64 62 -2611 24 2
4656 4709 736 496 736 496 0 0 62 62 0 53 0
4709 4713 736 496 732 496 0 1 62 58 2641 32 4
4713 4717 732 496 735 497 1 0 58 54 -2641 32 4
4717 5096 735 497 735 497 0 0 54 54 0 379 0
5096 5100 735 497 732 496 0 1 54 50 2860 32 4
5100 5101 732 496 732 496 1 1 50 50 0 1 0
5101 5103 732 496 733 497 1 0 50 48 -2860 32 2
5103 5883 733 497 733 497 0 0 48 48 0 780 0
5883 5885 733 497 732 496 0 1 48 46 3300 32 2
5885 5885 732 496 732 496 1 2 46 46 3293 19 0
5885 5886 732 496 733 496 2 1 46 45 -3300 32 1
5886 5887 733 496 734 496 1 0 45 44 -3293 19 1
5887 6331 734 496 734 496 0 0 44 44 0 444 0
6331 6333 734 496 732 496 0 1 44 42 3543 32 2
6333 6336 732 496 732 496 1 1 42 42 0 3 0
6336 6340 732 496 736 496 1 0 42 38 -3543 32 4
6340 7407 736 496 736 496 0 0 38 38 0 1067 0
7407 7411 736 496 732 496 0 1 38 34 4120 32 4
7411 7412 732 496 732 496 1 1 34 34 0 1 0
7412 7414 732 496 734 496 1 0 34 32 -4120 32 2
7414 8715 734 496 734 496 0 0 32 32 0 1301 0
8715 8717 734 496 732 496 0 1 32 30 4806 32 2
8717 8720 732 496 734 497 1 0 30 27 -4806 32 3
8720 9038 734 497 734 497 0 0 27 27 0 318 0
9038 9041 734 497 732 496 0 1 27 24 4983 32 3
9041 9042 732 496 733 496 1 0 24 23 -4983 32 1
9042 9267 733 496 733 496 0 0 23 23 0 225 0
9267 9268 733 496 732 496 0 1 23 22 5105 32 1
9268 9272 732 496 735 497 1 0 22 18 -5105 32 4
9272 9674 735 497 735 497 0 0 18 18 0 402 0
9674 9678 735 497 732 496 0 1 18 14 5317 32 4
9678 9681 732 496 732 496 1 1 14 14 0 3 0
9681 9683 732 496 734 496 1 0 14 12 -5317 32 2
9683 10630 734 496 734 496 0 0 12 12 0 947 0
10630 10632 734 496 732 496 0 1 12 10 5815 32 2
10632 10633 732 496 732 496 1 1 10 10 0 1 0
10633 10633 732 496 732 496 1 0 10 10 -5815 32 0
10633 11624 732 496 732 496 0 0 10 10 0 991 0
11624 11624 732 496 732 496 0 1 10 10 6336 32 0
11624 11629 732 496 737 496 1 0 10 5 -6336 32 5
11629 13599 737 496 737 496 0 0 5 5 0 1970 0
13599 13604 737 496 732 496 0 1 5 0 40053 32 5
13604 13604 732 496 732 496 1 2 0 0 40048 20 0
13604 13604 732 496 732 496 2 1 0 0 -40048 21 0
13604 13605 732 496 732 496 1 1 0 0 0 1 0
13605 13605 732 496 732 496 1 0 0 0 -40053 32 0
13605 21147 732 496 732 496 0 0 0 0 0 7542 0
21147 21147 732 496 732 496 0 1 0 0 10259 32 0
21147 21148 732 496 732 496 1 1 0 0 0 1 0
21148 21148 732 496 732 496 1 0 0 0 -10259 32 0
21148 22872 732 496 732 496 0 0 0 0 0 1724 0
22872 22872 732 496 732 496 0 1 0 0 26111 32 0
22872 22873 732 496 732 496 1 1 0 0 0 1 0
22873 22873 732 496 732 496 1 0 0 0 -26111 32 0
22873 22916 732 496 732 496 0 0 0 0 0 43 0
22916 22916 732 496 732 496 0 1 0 0 26131 32 0
22916 22917 732 496 732 496 1 1 0 0 0 1 0
22917 22917 732 496 732 496 1 0 0 0 -26131 32 0
22917 23870 732 496 732 496 0 0 0 0 0 953 0
23870 23870 732 496 732 496 0 1 0 0 26607 32 0
23870 23872 732 496 732 496 1 1 0 0 0 2 0
23872 23872 732 496 732 496 1 0 0 0 -26607 32 0
23872 27600 732 496 732 496 0 0 0 0 0 3728 0
27600 27600 732 496 732 496 0 1 0 0 47027 32 0
27600 27601 732 496 732 496 1 1 0 0 0 1 0
27601 27601 732 496 732 496 1 0 0 0 -47027 32 0
27601 29707 732 496 732 496 0 0 0 0 0 2106 0
29707 29707 732 496 732 496 0 1 0 0 48255 32 0
29707 29708 732 496 732 496 1 1 0 0 0 1 0
29708 29708 732 496 732 496 1 0 0 0 -48255 32 0
29708 31680 732 496 732 496 0 0 0 0 0 1972 0
31680 31680 732 496 732 496 0 1 0 0 49376 32 0
31680 31682 732 496 732 496 1 1 0 0 0 2 0
31682 31682 732 496 732 496 1 0 0 0 -49376 32 0
31682 31726 732 496 732 496 0 0 0 0 0 44 0
31726 31726 732 496 732 496 0 1 0 0 13401 32 0
31726 31727 732 496 732 496 1 1 0 0 0 1 0
31727 31727 732 496 732 496 1 0 0 0 -13401 32 0
31727 36704 732 496 732 496 0 0 0 0 0 4977 0
36704 36704 732 496 732 496 0 1 0 0 32832 32 0
36704 36705 732 496 732 496 1 1 0 0 0 1 0
36705 36705 732 496 732 496 1 0 0 0 -32832 32 0
36705 43267 732 496 732 496 0 0 0 0 0 6562 0
43267 43267 732 496 732 496 0 0 0 0 1000000000 0 0
--------------------------------------
--------------------------------------
EV2
--------------------------------------
Num TPs served = 20
TPs served = 6426 6903 6917 7030 7088 7912 8621 8741 8786 8876 8982 9320 9613 9654 10268 10337 10774 10836 12221 44250
Total energy used = 100
--------------------------------------
Schedule:
0 11801 732 496 732 496 0 0 100 100 0 11801 0
11801 11801 732 496 732 496 0 1 100 100 6426 32 0
11801 11802 732 496 732 496 1 1 100 100 0 1 0
11802 11805 732 496 733 498 1 0 100 97 -6426 32 3
11805 12818 733 498 733 498 0 0 97 97 0 1013 0
12818 12821 733 498 732 496 0 1 97 94 6917 32 3
12821 12821 732 496 732 496 1 2 94 94 6903 6 0
12821 12823 732 496 734 496 2 1 94 92 -6917 32 2
12823 12827 734 496 732 498 1 0 92 88 -6903 2 4
12827 13059 732 498 732 498 0 0 88 88 0 232 0
13059 13061 732 498 732 496 0 1 88 86 7030 32 2
13061 13062 732 496 732 496 1 1 86 86 0 1 0
13062 13065 732 496 733 498 1 0 86 83 -7030 32 3
13065 13205 733 498 733 498 0 0 83 83 0 140 0
13205 13208 733 498 732 496 0 1 83 80 7088 32 3
13208 13209 732 496 732 497 1 0 80 79 -7088 32 1
13209 15015 732 497 732 497 0 0 79 79 0 1806 0
15015 15016 732 497 732 496 0 1 79 78 7912 32 1
15016 15017 732 496 732 496 1 1 78 78 0 1 0
15017 15018 732 496 732 497 1 0 78 77 -7912 32 1
15018 16663 732 497 732 497 0 0 77 77 0 1645 0
16663 16664 732 497 732 496 0 1 77 76 8621 32 1
16664 16665 732 496 733 496 1 0 76 75 -8621 32 1
16665 17007 733 496 733 496 0 0 75 75 0 342 0
17007 17008 733 496 732 496 0 1 75 74 8741 32 1
17008 17009 732 496 732 496 1 1 74 74 0 1 0
17009 17011 732 496 733 497 1 0 74 72 -8741 32 2
17011 17100 733 497 733 497 0 0 72 72 0 89 0
17100 17102 733 497 732 496 0 1 72 70 8786 32 2
17102 17103 732 496 732 496 1 1 70 70 0 1 0
17103 17104 732 496 733 496 1 0 70 69 -8786 32 1
17104 17322 733 496 733 496 0 0 69 69 0 218 0
17322 17323 733 496 732 496 0 1 69 68 8876 32 1
17323 17324 732 496 732 496 1 1 68 68 0 1 0
17324 17330 732 496 737 497 1 0 68 62 -8876 32 6
17330 17600 737 497 737 497 0 0 62 62 0 270 0
17600 17606 737 497 732 496 0 1 62 56 8982 32 6
17606 17610 732 496 733 499 1 0 56 52 -8982 32 4
17610 18548 733 499 733 499 0 0 52 52 0 938 0
18548 18552 733 499 732 496 0 1 52 48 9320 32 4
18552 18553 732 496 732 496 1 1 48 48 0 1 0
18553 18555 732 496 734 496 1 0 48 46 -9320 32 2
18555 19313 734 496 734 496 0 0 46 46 0 758 0
19313 19315 734 496 732 496 0 1 46 44 9613 32 2
19315 19316 732 496 733 496 1 0 44 43 -9613 32 1
19316 19425 733 496 733 496 0 0 43 43 0 109 0
19425 19426 733 496 732 496 0 1 43 42 9654 32 1
19426 19427 732 496 732 496 1 1 42 42 0 1 0
19427 19431 732 496 734 498 1 0 42 38 -9654 32 4
19431 21176 734 498 734 498 0 0 38 38 0 1745 0
21176 21180 734 498 732 496 0 1 38 34 10268 32 4
21180 21185 732 496 737 496 1 0 34 29 -10268 32 5
21185 21377 737 496 737 496 0 0 29 29 0 192 0
21377 21382 737 496 732 496 0 1 29 24 10337 32 5
21382 21383 732 496 733 496 1 0 24 23 -10337 32 1
21383 22645 733 496 733 496 0 0 23 23 0 1262 0
22645 22646 733 496 732 496 0 1 23 22 44250 32 1
22646 22648 732 496 732 496 1 1 22 22 0 2 0
22648 22648 732 496 732 496 1 2 22 22 10774 32 0
22648 22650 732 496 734 496 2 1 22 20 -44250 30 2
22650 22651 734 496 735 496 1 0 20 19 -10774 32 1
22651 22853 735 496 735 496 0 0 19 19 0 202 0
22853 22856 735 496 732 496 0 1 19 16 10836 32 3
22856 22862 732 496 736 498 1 0 16 10 -10836 32 6
22862 27434 736 498 736 498 0 0 10 10 0 4572 0
27434 27440 736 498 732 496 0 1 10 4 12221 32 6
27440 27442 732 496 734 496 1 0 4 2 -12221 32 2
27442 43265 734 496 734 496 0 0 2 2 0 15823 0
43265 43267 734 496 732 496 0 0 2 0 1000000000 0 2
--------------------------------------
--------------------------------------
EV3
--------------------------------------
Num TPs served = 22
TPs served = 12241 12841 13178 13619 13806 13821 13976 14140 14247 14675 15139 15472 15561 15663 15860 15971 16852 17067 17893 18097 31619 34248
Total energy used = 100
--------------------------------------
Schedule:
0 1505 732 496 732 496 0 0 100 100 0 1505 0
1505 1505 732 496 732 496 0 1 100 100 17893 32 0
1505 1506 732 496 733 496 1 0 100 99 -17893 32 1
1506 2105 733 496 733 496 0 0 99 99 0 599 0
2105 2106 733 496 732 496 0 1 99 98 18097 32 1
2106 2109 732 496 735 496 1 0 98 95 -18097 32 3
2109 27517 735 496 735 496 0 0 95 95 0 25408 0
27517 27520 735 496 732 496 0 1 95 92 12241 32 3
27520 27521 732 496 733 496 1 0 92 91 -12241 32 1
27521 29712 733 496 733 496 0 0 91 91 0 2191 0
29712 29713 733 496 732 496 0 1 91 90 12841 32 1
29713 29720 732 496 734 501 1 0 90 83 -12841 32 7
29720 30913 734 501 734 501 0 0 83 83 0 1193 0
30913 30920 734 501 732 496 0 1 83 76 13178 32 7
30920 30922 732 496 733 497 1 0 76 74 -13178 32 2
30922 32562 733 497 733 497 0 0 74 74 0 1640 0
32562 32564 733 497 732 496 0 1 74 72 13619 32 2
32564 32567 732 496 732 499 1 0 72 69 -13619 32 3
32567 33215 732 499 732 499 0 0 69 69 0 648 0
33215 33218 732 499 732 496 0 1 69 66 13806 32 3
33218 33221 732 496 732 496 1 1 66 66 0 3 0
33221 33227 732 496 738 496 1 0 66 60 -13806 32 6
33227 33271 738 496 738 496 0 0 60 60 0 44 0
33271 33277 738 496 732 496 0 1 60 54 13821 32 6
33277 33278 732 496 733 496 1 0 54 53 -13821 32 1
33278 33863 733 496 733 496 0 0 53 53 0 585 0
33863 33864 733 496 732 496 0 1 53 52 31619 32 1
33864 33888 732 496 732 496 1 1 52 52 0 24 0
33888 33888 732 496 732 496 1 2 52 52 13976 32 0
33888 33890 732 496 733 497 2 1 52 50 -31619 8 2
33890 33891 733 497 733 498 1 0 50 49 -13976 32 1
33891 34491 733 498 733 498 0 0 49 49 0 600 0
34491 34494 733 498 732 496 0 1 49 46 14140 32 3
34494 34495 732 496 733 496 1 0 46 45 -14140 32 1
34495 34908 733 496 733 496 0 0 45 45 0 413 0
34908 34909 733 496 732 496 0 1 45 44 14247 32 1
34909 34914 732 496 732 501 1 0 44 39 -14247 32 5
34914 36559 732 501 732 501 0 0 39 39 0 1645 0
36559 36564 732 501 732 496 0 1 39 34 14675 32 5
36564 36565 732 496 733 496 1 0 34 33 -14675 32 1
36565 38351 733 496 733 496 0 0 33 33 0 1786 0
38351 38352 733 496 732 496 0 1 33 32 15139 32 1
38352 38353 732 496 732 496 1 1 32 32 0 1 0
38353 38360 732 496 736 499 1 0 32 25 -15139 32 7
38360 39619 736 499 736 499 0 0 25 25 0 1259 0
39619 39626 736 499 732 496 0 1 25 18 15472 32 7
39626 39628 732 496 732 498 1 0 18 16 -15472 32 2
39628 39904 732 498 732 498 0 0 16 16 0 276 0
39904 39906 732 498 732 496 0 1 16 14 15561 32 2
39906 39907 732 496 732 496 1 1 14 14 0 1 0
39907 39908 732 496 732 497 1 0 14 13 -15561 32 1
39908 40140 732 497 732 497 0 0 13 13 0 232 0
40140 40141 732 497 732 496 0 1 13 12 15663 32 1
40141 40144 732 496 732 496 1 1 12 12 0 3 0
40144 40145 732 496 733 496 1 0 12 11 -15663 32 1
40145 40465 733 496 733 496 0 0 11 11 0 320 0
40465 40466 733 496 732 496 0 1 11 10 34248 32 1
40466 40491 732 496 732 496 1 1 10 10 0 25 0
40491 40491 732 496 732 496 1 2 10 10 15860 32 0
40491 40492 732 496 733 496 2 1 10 9 -34248 7 1
40492 40492 733 496 733 496 1 0 9 9 -15860 32 0
40492 40685 733 496 733 496 0 0 9 9 0 193 0
40685 40686 733 496 732 496 0 1 9 8 15971 32 1
40686 40688 732 496 733 497 1 0 8 6 -15971 32 2
40688 42227 733 497 733 497 0 0 6 6 0 1539 0
42227 42229 733 497 732 496 0 1 6 4 16852 32 2
42229 42230 732 496 733 496 1 0 4 3 -16852 32 1
42230 42635 733 496 733 496 0 0 3 3 0 405 0
42635 42636 733 496 732 496 0 1 3 2 17067 32 1
42636 42639 732 496 732 496 1 1 2 2 0 3 0
42639 42640 732 496 733 496 1 0 2 1 -17067 32 1
42640 43266 733 496 733 496 0 0 1 1 0 626 0
43266 43267 733 496 732 496 0 0 1 0 1000000000 0 1
--------------------------------------
--------------------------------------
EV4
--------------------------------------
Num TPs served = 16
TPs served = 17173 18671 18799 19239 19536 19572 20108 20132 20415 20520 20860 21546 22370 22600 22888 22942
Total energy used = 100
--------------------------------------
Schedule:
0 3931 732 496 732 496 0 0 100 100 0 3931 0
3931 3931 732 496 732 496 0 1 100 100 18671 32 0
3931 3932 732 496 733 496 1 0 100 99 -18671 32 1
3932 4356 733 496 733 496 0 0 99 99 0 424 0
4356 4357 733 496 732 496 0 1 99 98 18799 32 1
4357 4358 732 496 733 496 1 0 98 97 -18799 32 1
4358 5714 733 496 733 496 0 0 97 97 0 1356 0
5714 5715 733 496 732 496 0 1 97 96 19239 32 1
5715 5717 732 496 732 496 1 1 96 96 0 2 0
5717 5719 732 496 733 497 1 0 96 94 -19239 32 2
5719 6676 733 497 733 497 0 0 94 94 0 957 0
6676 6678 733 497 732 496 0 1 94 92 19536 32 2
6678 6680 732 496 733 497 1 0 92 90 -19536 32 2
6680 6788 733 497 733 497 0 0 90 90 0 108 0
6788 6790 733 497 732 496 0 1 90 88 19572 32 2
6790 6794 732 496 732 496 1 1 88 88 0 4 0
6794 6795 732 496 733 496 1 0 88 87 -19572 32 1
6795 8333 733 496 733 496 0 0 87 87 0 1538 0
8333 8334 733 496 732 496 0 1 87 86 20108 32 1
8334 8336 732 496 734 496 1 0 86 84 -20108 32 2
8336 8407 734 496 734 496 0 0 84 84 0 71 0
8407 8409 734 496 732 496 0 1 84 82 20132 32 2
8409 8410 732 496 732 497 1 0 82 81 -20132 32 1
8410 9204 732 497 732 497 0 0 81 81 0 794 0
9204 9205 732 497 732 496 0 1 81 80 20415 32 1
9205 9206 732 496 732 497 1 0 80 79 -20415 32 1
9206 9499 732 497 732 497 0 0 79 79 0 293 0
9499 9500 732 497 732 496 0 1 79 78 20520 32 1
9500 9501 732 496 733 496 1 0 78 77 -20520 32 1
9501 10415 733 496 733 496 0 0 77 77 0 914 0
10415 10416 733 496 732 496 0 1 77 76 20860 32 1
10416 10419 732 496 734 497 1 0 76 73 -20860 32 3
10419 12227 734 497 734 497 0 0 73 73 0 1808 0
12227 12230 734 497 732 496 0 1 73 70 21546 32 3
12230 12231 732 496 732 497 1 0 70 69 -21546 32 1
12231 14410 732 497 732 497 0 0 69 69 0 2179 0
14410 14411 732 497 732 496 0 1 69 68 22370 32 1
14411 14412 732 496 733 496 1 0 68 67 -22370 32 1
14412 14992 733 496 733 496 0 0 67 67 0 580 0
14992 14993 733 496 732 496 0 1 67 66 22600 32 1
14993 14995 732 496 734 496 1 0 66 64 -22600 32 2
14995 15709 734 496 734 496 0 0 64 64 0 714 0
15709 15711 734 496 732 496 0 1 64 62 22888 32 2
15711 15716 732 496 732 496 1 1 62 62 0 5 0
15716 15730 732 496 739 503 1 0 62 48 -22888 32 14
15730 15818 739 503 739 503 0 0 48 48 0 88 0
15818 15832 739 503 732 496 0 1 48 34 22942 32 14
15832 15834 732 496 734 496 1 0 34 32 -22942 32 2
15834 42802 734 496 734 496 0 0 32 32 0 26968 0
42802 42804 734 496 732 496 0 1 32 30 17173 32 2
42804 42807 732 496 732 496 1 1 30 30 0 3 0
42807 42822 732 496 742 501 1 0 30 15 -17173 32 15
42822 43252 742 501 742 501 0 0 15 15 0 430 0
43252 43267 742 501 732 496 0 0 15 0 1000000000 0 15
--------------------------------------
--------------------------------------
EV5
--------------------------------------
Num TPs served = 19
TPs served = 23589 23885 24031 24097 24389 24497 24588 24681 25504 25587 25647 25917 25925 27346 27425 27438 27446 28055 45833
Total energy used = 100
--------------------------------------
Schedule:
0 17379 732 496 732 496 0 0 100 100 0 17379 0
17379 17379 732 496 732 496 0 1 100 100 23589 32 0
17379 17384 732 496 732 496 1 1 100 100 0 5 0
17384 17389 732 496 734 499 1 0 100 95 -23589 32 5
17389 18021 734 499 734 499 0 0 95 95 0 632 0
18021 18026 734 499 732 496 0 1 95 90 23885 32 5
18026 18028 732 496 734 496 1 0 90 88 -23885 32 2
18028 18354 734 496 734 496 0 0 88 88 0 326 0
18354 18356 734 496 732 496 0 1 88 86 24031 32 2
18356 18358 732 496 734 496 1 0 86 84 -24031 32 2
18358 18501 734 496 734 496 0 0 84 84 0 143 0
18501 18503 734 496 732 496 0 1 84 82 24097 32 2
18503 18508 732 496 737 496 1 0 82 77 -24097 32 5
18508 19126 737 496 737 496 0 0 77 77 0 618 0
19126 19131 737 496 732 496 0 1 77 72 24389 32 5
19131 19132 732 496 733 496 1 0 72 71 -24389 32 1
19132 19387 733 496 733 496 0 0 71 71 0 255 0
19387 19388 733 496 732 496 0 1 71 70 24497 32 1
19388 19390 732 496 732 498 1 0 70 68 -24497 32 2
19390 19589 732 498 732 498 0 0 68 68 0 199 0
19589 19591 732 498 732 496 0 1 68 66 24588 32 2
19591 19596 732 496 735 498 1 0 66 61 -24588 32 5
19596 19779 735 498 735 498 0 0 61 61 0 183 0
19779 19784 735 498 732 496 0 1 61 56 24681 32 5
19784 19786 732 496 732 496 1 1 56 56 0 2 0
19786 19787 732 496 732 497 1 0 56 55 -24681 32 1
19787 21604 732 497 732 497 0 0 55 55 0 1817 0
21604 21605 732 497 732 496 0 1 55 54 25504 32 1
21605 21606 732 496 732 497 1 0 54 53 -25504 32 1
21606 21787 732 497 732 497 0 0 53 53 0 181 0
21787 21788 732 497 732 496 0 1 53 52 25587 32 1
21788 21789 732 496 733 496 1 0 52 51 -25587 32 1
21789 21916 733 496 733 496 0 0 51 51 0 127 0
21916 21917 733 496 732 496 0 1 51 50 25647 32 1
21917 21918 732 496 732 496 1 1 50 50 0 1 0
21918 21921 732 496 735 496 1 0 50 47 -25647 32 3
21921 22493 735 496 735 496 0 0 47 47 0 572 0
22493 22496 735 496 732 496 0 1 47 44 25925 32 3
22496 22496 732 496 732 496 1 2 44 44 25917 17 0
22496 22499 732 496 735 496 2 1 44 41 -25925 32 3
22499 22501 735 496 733 496 1 0 41 39 -25917 13 2
22501 25287 733 496 733 496 0 0 39 39 0 2786 0
25287 25288 733 496 732 496 0 1 39 38 27346 32 1
25288 25291 732 496 732 496 1 1 38 38 0 3 0
25291 25296 732 496 732 501 1 0 38 33 -27346 32 5
25296 25427 732 501 732 501 0 0 33 33 0 131 0
25427 25432 732 501 732 496 0 1 33 28 27425 32 5
25432 25464 732 496 732 496 1 1 28 28 0 32 0
25464 25464 732 496 732 496 1 2 28 28 27438 32 0
25464 25466 732 496 734 496 2 1 28 26 -27425 0 2
25466 25481 734 496 734 496 1 1 26 26 0 15 0
25481 25483 734 496 732 496 1 2 26 24 45833 32 2
25483 25483 732 496 732 496 2 3 24 24 27446 24 0
25483 25484 732 496 732 497 3 2 24 23 -45833 32 1
25484 25490 732 497 734 501 2 1 23 17 -27446 25 6
25490 25497 734 501 736 496 1 0 17 10 -27438 4 7
25497 26617 736 496 736 496 0 0 10 10 0 1120 0
26617 26621 736 496 732 496 0 1 10 6 28055 32 4
26621 26624 732 496 732 499 1 0 6 3 -28055 32 3
26624 43264 732 499 732 499 0 0 3 3 0 16640 0
43264 43267 732 499 732 496 0 0 3 0 1000000000 0 3
--------------------------------------
--------------------------------------
EV6
--------------------------------------
Num TPs served = 17
TPs served = 28215 28224 28319 28602 28634 28750 28906 29088 29152 29216 29236 29387 30145 30526 31211 32129 47751
Total energy used = 100
--------------------------------------
Schedule:
0 26951 732 496 732 496 0 0 100 100 0 26951 0
26951 26951 732 496 732 496 0 1 100 100 28224 32 0
26951 26951 732 496 732 496 1 2 100 100 28215 15 0
26951 26952 732 496 732 497 2 1 100 99 -28224 32 1
26952 26954 732 497 733 496 1 0 99 97 -28215 14 2
26954 27148 733 496 733 496 0 0 97 97 0 194 0
27148 27149 733 496 732 496 0 1 97 96 28319 32 1
27149 27152 732 496 732 496 1 1 96 96 0 3 0
27152 27154 732 496 732 498 1 0 96 94 -28319 32 2
27154 27675 732 498 732 498 0 0 94 94 0 521 0
27675 27677 732 498 732 496 0 1 94 92 28602 32 2
27677 27678 732 496 733 496 1 0 92 91 -28602 32 1
27678 27739 733 496 733 496 0 0 91 91 0 61 0
27739 27740 733 496 732 496 0 1 91 90 28634 32 1
27740 27741 732 496 732 497 1 0 90 89 -28634 32 1
27741 27958 732 497 732 497 0 0 89 89 0 217 0
27958 27959 732 497 732 496 0 1 89 88 28750 32 1
27959 27960 732 496 732 497 1 0 88 87 -28750 32 1
27960 28278 732 497 732 497 0 0 87 87 0 318 0
28278 28279 732 497 732 496 0 1 87 86 28906 32 1
28279 28280 732 496 733 496 1 0 86 85 -28906 32 1
28280 28656 733 496 733 496 0 0 85 85 0 376 0
28656 28657 733 496 732 496 0 1 85 84 29088 32 1
28657 28659 732 496 734 496 1 0 84 82 -29088 32 2
28659 28775 734 496 734 496 0 0 82 82 0 116 0
28775 28777 734 496 732 496 0 1 82 80 47751 32 2
28777 28783 732 496 732 496 1 1 80 80 0 6 0
28783 28783 732 496 732 496 1 2 80 80 29152 32 0
28783 28789 732 496 738 496 2 1 80 74 -47751 26 6
28789 28790 738 496 738 496 1 1 74 74 0 1 0
28790 28800 738 496 746 498 1 0 74 64 -29152 32 10
28800 28916 746 498 746 498 0 0 64 64 0 116 0
28916 28932 746 498 732 496 0 1 64 48 29216 32 16
28932 28933 732 496 732 496 1 1 48 48 0 1 0
28933 28934 732 496 733 496 1 0 48 47 -29216 32 1
28934 28965 733 496 733 496 0 0 47 47 0 31 0
28965 28966 733 496 732 496 0 1 47 46 29236 32 1
28966 28967 732 496 732 496 1 1 46 46 0 1 0
28967 28972 732 496 733 500 1 0 46 41 -29236 32 5
28972 29272 733 500 733 500 0 0 41 41 0 300 0
29272 29277 733 500 732 496 0 1 41 36 29387 32 5
29277 29287 732 496 742 496 1 0 36 26 -29387 32 10
29287 30742 742 496 742 496 0 0 26 26 0 1455 0
30742 30752 742 496 732 496 0 1 26 16 30145 32 10
30752 30754 732 496 732 496 1 1 16 16 0 2 0
30754 30755 732 496 733 496 1 0 16 15 -30145 32 1
30755 31499 733 496 733 496 0 0 15 15 0 744 0
31499 31500 733 496 732 496 0 1 15 14 30526 32 1
31500 31502 732 496 733 497 1 0 14 12 -30526 32 2
31502 32956 733 497 733 497 0 0 12 12 0 1454 0
32956 32958 733 497 732 496 0 1 12 10 31211 32 2
32958 32960 732 496 732 496 1 1 10 10 0 2 0
32960 32964 732 496 734 498 1 0 10 6 -31211 32 4
32964 35011 734 498 734 498 0 0 6 6 0 2047 0
35011 35015 734 498 732 496 0 1 6 2 32129 32 4
35015 35016 732 496 733 496 1 0 2 1 -32129 32 1
35016 43266 733 496 733 496 0 0 1 1 0 8250 0
43266 43267 733 496 732 496 0 0 1 0 1000000000 0 1
--------------------------------------
--------------------------------------
EV7
--------------------------------------
Num TPs served = 18
TPs served = 32646 32670 32711 33319 33598 33638 33790 33925 34149 34151 34285 34461 34800 34833 35585 35970 36344 36837
Total energy used = 100
--------------------------------------
Schedule:
0 1329 732 496 732 496 0 0 100 100 0 1329 0
1329 1329 732 496 732 496 0 1 100 100 35585 32 0
1329 1331 732 496 732 498 1 0 100 98 -35585 32 2
1331 2378 732 498 732 498 0 0 98 98 0 1047 0
2378 2380 732 498 732 496 0 1 98 96 35970 32 2
2380 2382 732 496 734 496 1 0 96 94 -35970 32 2
2382 3487 734 496 734 496 0 0 94 94 0 1105 0
3487 3489 734 496 732 496 0 1 94 92 36344 32 2
3489 3492 732 496 734 497 1 0 92 89 -36344 32 3
3492 4972 734 497 734 497 0 0 89 89 0 1480 0
4972 4975 734 497 732 496 0 1 89 86 36837 32 3
4975 4984 732 496 736 501 1 0 86 77 -36837 32 9
4984 36251 736 501 736 501 0 0 77 77 0 31267 0
36251 36260 736 501 732 496 0 1 77 68 32646 32 9
36260 36264 732 496 735 497 1 0 68 64 -32646 32 4
36264 36308 735 497 735 497 0 0 64 64 0 44 0
36308 36312 735 497 732 496 0 1 64 60 32670 32 4
36312 36315 732 496 735 496 1 0 60 57 -32670 32 3
36315 36397 735 496 735 496 0 0 57 57 0 82 0
36397 36400 735 496 732 496 0 1 57 54 32711 32 3
36400 36402 732 496 734 496 1 0 54 52 -32711 32 2
36402 37970 734 496 734 496 0 0 52 52 0 1568 0
37970 37972 734 496 732 496 0 1 52 50 33319 32 2
37972 37973 732 496 733 496 1 0 50 49 -33319 32 1
37973 38694 733 496 733 496 0 0 49 49 0 721 0
38694 38695 733 496 732 496 0 1 49 48 33598 32 1
38695 38698 732 496 732 496 1 1 48 48 0 3 0
38698 38700 732 496 734 496 1 0 48 46 -33598 32 2
38700 38821 734 496 734 496 0 0 46 46 0 121 0
38821 38823 734 496 732 496 0 1 46 44 33638 32 2
38823 38825 732 496 734 496 1 0 44 42 -33638 32 2
38825 39250 734 496 734 496 0 0 42 42 0 425 0
39250 39252 734 496 732 496 0 1 42 40 33790 32 2
39252 39253 732 496 733 496 1 0 40 39 -33790 32 1
39253 39566 733 496 733 496 0 0 39 39 0 313 0
39566 39567 733 496 732 496 0 1 39 38 33925 32 1
39567 39568 732 496 733 496 1 0 38 37 -33925 32 1
39568 40214 733 496 733 496 0 0 37 37 0 646 0
40214 40215 733 496 732 496 0 1 37 36 34151 32 1
40215 40215 732 496 732 496 1 2 36 36 34149 25 0
40215 40216 732 496 733 496 2 1 36 35 -34151 32 1
40216 40218 733 496 732 497 1 0 35 33 -34149 24 2
40218 40574 732 497 732 497 0 0 33 33 0 356 0
40574 40575 732 497 732 496 0 1 33 32 34285 32 1
40575 40576 732 496 733 496 1 0 32 31 -34285 32 1
40576 41135 733 496 733 496 0 0 31 31 0 559 0
41135 41136 733 496 732 496 0 1 31 30 34461 32 1
41136 41140 732 496 732 496 1 1 30 30 0 4 0
41140 41152 732 496 737 503 1 0 30 18 -34461 32 12
41152 42124 737 503 737 503 0 0 18 18 0 972 0
42124 42136 737 503 732 496 0 1 18 6 34800 32 12
42136 42137 732 496 732 496 1 1 6 6 0 1 0
42137 42138 732 496 732 497 1 0 6 5 -34800 32 1
42138 42241 732 497 732 497 0 0 5 5 0 103 0
42241 42242 732 497 732 496 0 1 5 4 34833 32 1
42242 42244 732 496 734 496 1 0 4 2 -34833 32 2
42244 43265 734 496 734 496 0 0 2 2 0 1021 0
43265 43267 734 496 732 496 0 0 2 0 1000000000 0 2
--------------------------------------
--------------------------------------
EV8
--------------------------------------
Num TPs served = 12
TPs served = 36252 37051 37076 37927 37958 38042 38404 38677 39321 39482 40263 40557
Total energy used = 100
--------------------------------------
Schedule:
0 3214 732 496 732 496 0 0 100 100 0 3214 0
3214 3214 732 496 732 496 0 1 100 100 36252 32 0
3214 3228 732 496 741 501 1 0 100 86 -36252 32 14
3228 5549 741 501 741 501 0 0 86 86 0 2321 0
5549 5563 741 501 732 496 0 1 86 72 37051 32 14
5563 5564 732 496 732 496 1 1 72 72 0 1 0
5564 5565 732 496 733 496 1 0 72 71 -37051 32 1
5565 5649 733 496 733 496 0 0 71 71 0 84 0
5649 5650 733 496 732 496 0 1 71 70 37076 32 1
5650 5651 732 496 732 496 1 1 70 70 0 1 0
5651 5654 732 496 732 499 1 0 70 67 -37076 32 3
5654 8057 732 499 732 499 0 0 67 67 0 2403 0
8057 8060 732 499 732 496 0 1 67 64 37927 32 3
8060 8063 732 496 734 497 1 0 64 61 -37927 32 3
8063 8128 734 497 734 497 0 0 61 61 0 65 0
8128 8131 734 497 732 496 0 1 61 58 37958 32 3
8131 8132 732 496 732 497 1 0 58 57 -37958 32 1
8132 8392 732 497 732 497 0 0 57 57 0 260 0
8392 8393 732 497 732 496 0 1 57 56 38042 32 1
8393 8395 732 496 734 496 1 0 56 54 -38042 32 2
8395 9384 734 496 734 496 0 0 54 54 0 989 0
9384 9386 734 496 732 496 0 1 54 52 38404 32 2
9386 9391 732 496 737 496 1 0 52 47 -38404 32 5
9391 10100 737 496 737 496 0 0 47 47 0 709 0
10100 10105 737 496 732 496 0 1 47 42 38677 32 5
10105 10110 732 496 735 498 1 0 42 37 -38677 32 5
10110 11611 735 498 735 498 0 0 37 37 0 1501 0
11611 11616 735 498 732 496 0 1 37 32 39321 32 5
11616 11619 732 496 732 496 1 1 32 32 0 3 0
11619 11628 732 496 732 505 1 0 32 23 -39321 32 9
11628 12047 732 505 732 505 0 0 23 23 0 419 0
12047 12056 732 505 732 496 0 1 23 14 39482 32 9
12056 12058 732 496 732 496 1 1 14 14 0 2 0
12058 12060 732 496 733 497 1 0 14 12 -39482 32 2
12060 14147 733 497 733 497 0 0 12 12 0 2087 0
14147 14149 733 497 732 496 0 1 12 10 40263 32 2
14149 14150 732 496 732 497 1 0 10 9 -40263 32 1
14150 14823 732 497 732 497 0 0 9 9 0 673 0
14823 14824 732 497 732 496 0 1 9 8 40557 32 1
14824 14828 732 496 736 496 1 0 8 4 -40557 32 4
14828 43263 736 496 736 496 0 0 4 4 0 28435 0
43263 43267 736 496 732 496 0 0 4 0 1000000000 0 4
--------------------------------------

-------------------------------------------------------------------------

TPs

-------------------------------------------------------------------------

----------------------
TP109 allocated to 1
----------------------

----------------------
TP877 allocated to 1
----------------------

----------------------
TP938 allocated to 1
----------------------

----------------------
TP1678 allocated to 1
----------------------

----------------------
TP1891 allocated to 1
----------------------

----------------------
TP2611 allocated to 1
----------------------

----------------------
TP2615 allocated to 1
----------------------

----------------------
TP2641 allocated to 1
----------------------

----------------------
TP2860 allocated to 1
----------------------

----------------------
TP3293 allocated to 1
----------------------

----------------------
TP3300 allocated to 1
----------------------

----------------------
TP3543 allocated to 1
----------------------

----------------------
TP4120 allocated to 1
----------------------

----------------------
TP4806 allocated to 1
----------------------

----------------------
TP4983 allocated to 1
----------------------

----------------------
TP5105 allocated to 1
----------------------

----------------------
TP5317 allocated to 1
----------------------

----------------------
TP5815 allocated to 1
----------------------

----------------------
TP6336 allocated to 1
----------------------

----------------------
TP6426 allocated to 2
----------------------

----------------------
TP6903 allocated to 2
----------------------

----------------------
TP6917 allocated to 2
----------------------

----------------------
TP7030 allocated to 2
----------------------

----------------------
TP7088 allocated to 2
----------------------

----------------------
TP7912 allocated to 2
----------------------

----------------------
TP8621 allocated to 2
----------------------

----------------------
TP8741 allocated to 2
----------------------

----------------------
TP8786 allocated to 2
----------------------

----------------------
TP8876 allocated to 2
----------------------

----------------------
TP8982 allocated to 2
----------------------

----------------------
TP9320 allocated to 2
----------------------

----------------------
TP9613 allocated to 2
----------------------

----------------------
TP9654 allocated to 2
----------------------

----------------------
TP10259 allocated to 1
----------------------

----------------------
TP10268 allocated to 2
----------------------

----------------------
TP10337 allocated to 2
----------------------

----------------------
TP10774 allocated to 2
----------------------

----------------------
TP10836 allocated to 2
----------------------

----------------------
TP12221 allocated to 2
----------------------

----------------------
TP12241 allocated to 3
----------------------

----------------------
TP12841 allocated to 3
----------------------

----------------------
TP13178 allocated to 3
----------------------

----------------------
TP13401 allocated to 1
----------------------

----------------------
TP13619 allocated to 3
----------------------

----------------------
TP13806 allocated to 3
----------------------

----------------------
TP13821 allocated to 3
----------------------

----------------------
TP13976 allocated to 3
----------------------

----------------------
TP14140 allocated to 3
----------------------

----------------------
TP14247 allocated to 3
----------------------

----------------------
TP14675 allocated to 3
----------------------

----------------------
TP15139 allocated to 3
----------------------

----------------------
TP15472 allocated to 3
----------------------

----------------------
TP15561 allocated to 3
----------------------

----------------------
TP15663 allocated to 3
----------------------

----------------------
TP15860 allocated to 3
----------------------

----------------------
TP15971 allocated to 3
----------------------

----------------------
TP16852 allocated to 3
----------------------

----------------------
TP17067 allocated to 3
----------------------

----------------------
TP17173 allocated to 4
----------------------

----------------------
TP17745 allocated to 1
----------------------

----------------------
TP17893 allocated to 3
----------------------

----------------------
TP18097 allocated to 3
----------------------

----------------------
TP18671 allocated to 4
----------------------

----------------------
TP18799 allocated to 4
----------------------

----------------------
TP19239 allocated to 4
----------------------

----------------------
TP19536 allocated to 4
----------------------

----------------------
TP19572 allocated to 4
----------------------

----------------------
TP20108 allocated to 4
----------------------

----------------------
TP20132 allocated to 4
----------------------

----------------------
TP20415 allocated to 4
----------------------

----------------------
TP20520 allocated to 4
----------------------

----------------------
TP20860 allocated to 4
----------------------

----------------------
TP21546 allocated to 4
----------------------

----------------------
TP22370 allocated to 4
----------------------

----------------------
TP22600 allocated to 4
----------------------

----------------------
TP22888 allocated to 4
----------------------

----------------------
TP22942 allocated to 4
----------------------

----------------------
TP23589 allocated to 5
----------------------

----------------------
TP23885 allocated to 5
----------------------

----------------------
TP24031 allocated to 5
----------------------

----------------------
TP24097 allocated to 5
----------------------

----------------------
TP24389 allocated to 5
----------------------

----------------------
TP24497 allocated to 5
----------------------

----------------------
TP24588 allocated to 5
----------------------

----------------------
TP24681 allocated to 5
----------------------

----------------------
TP25504 allocated to 5
----------------------

----------------------
TP25587 allocated to 5
----------------------

----------------------
TP25647 allocated to 5
----------------------

----------------------
TP25917 allocated to 5
----------------------

----------------------
TP25925 allocated to 5
----------------------

----------------------
TP26111 allocated to 1
----------------------

----------------------
TP26131 allocated to 1
----------------------

----------------------
TP26607 allocated to 1
----------------------

----------------------
TP27346 allocated to 5
----------------------

----------------------
TP27425 allocated to 5
----------------------

----------------------
TP27438 allocated to 5
----------------------

----------------------
TP27446 allocated to 5
----------------------

----------------------
TP28055 allocated to 5
----------------------

----------------------
TP28215 allocated to 6
----------------------

----------------------
TP28224 allocated to 6
----------------------

----------------------
TP28319 allocated to 6
----------------------

----------------------
TP28602 allocated to 6
----------------------

----------------------
TP28634 allocated to 6
----------------------

----------------------
TP28750 allocated to 6
----------------------

----------------------
TP28906 allocated to 6
----------------------

----------------------
TP29088 allocated to 6
----------------------

----------------------
TP29152 allocated to 6
----------------------

----------------------
TP29216 allocated to 6
----------------------

----------------------
TP29236 allocated to 6
----------------------

----------------------
TP29387 allocated to 6
----------------------

----------------------
TP30145 allocated to 6
----------------------

----------------------
TP30526 allocated to 6
----------------------

----------------------
TP31211 allocated to 6
----------------------

----------------------
TP31619 allocated to 3
----------------------

----------------------
TP32129 allocated to 6
----------------------

----------------------
TP32646 allocated to 7
----------------------

----------------------
TP32670 allocated to 7
----------------------

----------------------
TP32711 allocated to 7
----------------------

----------------------
TP32832 allocated to 1
----------------------

----------------------
TP33319 allocated to 7
----------------------

----------------------
TP33598 allocated to 7
----------------------

----------------------
TP33638 allocated to 7
----------------------

----------------------
TP33790 allocated to 7
----------------------

----------------------
TP33925 allocated to 7
----------------------

----------------------
TP34149 allocated to 7
----------------------

----------------------
TP34151 allocated to 7
----------------------

----------------------
TP34248 allocated to 3
----------------------

----------------------
TP34285 allocated to 7
----------------------

----------------------
TP34461 allocated to 7
----------------------

----------------------
TP34800 allocated to 7
----------------------

----------------------
TP34833 allocated to 7
----------------------

----------------------
TP35585 allocated to 7
----------------------

----------------------
TP35970 allocated to 7
----------------------

----------------------
TP36171 allocated to 1
----------------------

----------------------
TP36252 allocated to 8
----------------------

----------------------
TP36344 allocated to 7
----------------------

----------------------
TP36381 allocated to 1
----------------------

----------------------
TP36837 allocated to 7
----------------------

----------------------
TP37051 allocated to 8
----------------------

----------------------
TP37076 allocated to 8
----------------------

----------------------
TP37927 allocated to 8
----------------------

----------------------
TP37958 allocated to 8
----------------------

----------------------
TP38042 allocated to 8
----------------------

----------------------
TP38404 allocated to 8
----------------------

----------------------
TP38677 allocated to 8
----------------------

----------------------
TP39321 allocated to 8
----------------------

----------------------
TP39482 allocated to 8
----------------------

----------------------
TP40048 allocated to 1
----------------------

----------------------
TP40053 allocated to 1
----------------------

----------------------
TP40263 allocated to 8
----------------------

----------------------
TP40557 allocated to 8
----------------------

----------------------
TP40615 not allocated
----------------------

----------------------
TP40959 not allocated
----------------------

----------------------
TP41429 not allocated
----------------------

----------------------
TP41505 not allocated
----------------------

----------------------
TP42566 not allocated
----------------------

----------------------
TP43882 not allocated
----------------------

----------------------
TP43935 not allocated
----------------------

----------------------
TP44113 not allocated
----------------------

----------------------
TP44250 allocated to 2
----------------------

----------------------
TP44567 not allocated
----------------------

----------------------
TP44751 not allocated
----------------------

----------------------
TP45033 not allocated
----------------------

----------------------
TP45195 not allocated
----------------------

----------------------
TP45539 not allocated
----------------------

----------------------
TP45561 not allocated
----------------------

----------------------
TP45833 allocated to 5
----------------------

----------------------
TP46207 not allocated
----------------------

----------------------
TP46221 not allocated
----------------------

----------------------
TP46241 not allocated
----------------------

----------------------
TP46285 not allocated
----------------------

----------------------
TP47027 allocated to 1
----------------------

----------------------
TP47373 not allocated
----------------------

----------------------
TP47751 allocated to 6
----------------------

----------------------
TP47987 not allocated
----------------------

----------------------
TP48203 not allocated
----------------------

----------------------
TP48255 allocated to 1
----------------------

----------------------
TP48381 not allocated
----------------------

----------------------
TP48679 not allocated
----------------------

----------------------
TP48974 not allocated
----------------------

----------------------
TP49143 not allocated
----------------------

----------------------
TP49376 allocated to 1
----------------------

----------------------
TP49410 not allocated
----------------------

----------------------
TP49553 not allocated
----------------------

-------------------------------------------------------------------------

Ride-sharing vs Individual Mode - Num Vehicles and Distance Comparisson 

-------------------------------------------------------------------------
Individual Mode = 184 vehicles.
Ride-sharing Mode = 35 vehicles. The 8 ride-sharing vehicles + 27 vehicles of the individuals not served by the ride-sharing service.
-------------------------------------------------------------------------
Individual Mode = 499 distance.
Ride-sharing Mode = 881 distance. 800 from the EV fleet + 81 from the distance of the trips not covered individuals had to do with their own vehicle.
-------------------------------------------------------------------------
