-------------------------------------------------------------------------
TPs satisfied = 75; Total TPs = 206; Percentage Satisfied + 36.4%
-------------------------------------------------------------------------

-------------------------------------------------------------------------

EVs

-------------------------------------------------------------------------
--------------------------------------
EV1
--------------------------------------
Num TPs served = 38
TPs served = 459 611 613 1113 1959 2051 2161 2874 2876 3068 3259 3875 4134 4206 4224 4251 4279 4550 5583 6813 6936 8380 9657 21983 22151 22715 25576 26855 27050 28152 32837 33756 34075 40576 40901 42841 45121 48657
Total energy used = 100
--------------------------------------
Schedule:
0 830 549 868 549 868 0 0 100 100 0 830 0
830 830 549 868 549 868 0 1 100 100 459 32 0
830 832 549 868 549 868 1 1 100 100 0 2 0
832 833 549 868 550 868 1 0 100 99 -459 32 1
833 1101 550 868 550 868 0 0 99 99 0 268 0
1101 1102 550 868 549 868 0 1 99 98 613 32 1
1102 1102 549 868 549 868 1 2 98 98 611 28 0
1102 1107 549 868 549 868 2 2 98 98 0 5 0
1107 1114 549 868 549 875 2 1 98 91 -613 32 7
1114 1122 549 875 550 868 1 0 91 83 -611 10 8
1122 1947 550 868 550 868 0 0 83 83 0 825 0
1947 1948 550 868 549 868 0 1 83 82 1113 32 1
1948 1949 549 868 549 868 1 1 82 82 0 1 0
1949 1950 549 868 550 868 1 0 82 81 -1113 32 1
1950 3445 550 868 550 868 0 0 81 81 0 1495 0
3445 3446 550 868 549 868 0 1 81 80 1959 32 1
3446 3449 549 868 549 868 1 1 80 80 0 3 0
3449 3449 549 868 549 868 1 0 80 80 -1959 32 0
3449 3605 549 868 549 868 0 0 80 80 0 156 0
3605 3605 549 868 549 868 0 1 80 80 2051 32 0
3605 3606 549 868 549 868 1 1 80 80 0 1 0
3606 3609 549 868 549 871 1 0 80 77 -2051 32 3
3609 3815 549 871 549 871 0 0 77 77 0 206 0
3815 3818 549 871 549 868 0 1 77 74 2161 32 3
3818 3819 549 868 549 868 1 1 74 74 0 1 0
3819 3824 549 868 549 873 1 0 74 69 -2161 32 5
3824 5122 549 873 549 873 0 0 69 69 0 1298 0
5122 5127 549 873 549 868 0 1 69 64 2876 32 5
5127 5127 549 868 549 868 1 2 64 64 2874 26 0
5127 5128 549 868 549 868 2 2 64 64 0 1 0
5128 5129 549 868 550 868 2 1 64 63 -2876 32 1
5129 5131 550 868 549 869 1 0 63 61 -2874 32 2
5131 5474 549 869 549 869 0 0 61 61 0 343 0
5474 5475 549 869 549 868 0 1 61 60 3068 32 1
5475 5477 549 868 551 868 1 0 60 58 -3068 32 2
5477 5804 551 868 551 868 0 0 58 58 0 327 0
5804 5806 551 868 549 868 0 1 58 56 3259 32 2
5806 5808 549 868 551 868 1 0 56 54 -3259 32 2
5808 6945 551 868 551 868 0 0 54 54 0 1137 0
6945 6947 551 868 549 868 0 1 54 52 3875 32 2
6947 6949 549 868 549 868 1 1 52 52 0 2 0
6949 6957 549 868 554 871 1 0 52 44 -3875 32 8
6957 7428 554 871 554 871 0 0 44 44 0 471 0
7428 7436 554 871 549 868 0 1 44 36 4134 32 8
7436 7438 549 868 551 868 1 0 36 34 -4134 32 2
7438 7594 551 868 551 868 0 0 34 34 0 156 0
7594 7596 551 868 549 868 0 1 34 32 4224 32 2
7596 7596 549 868 549 868 1 2 32 32 4206 7 0
7596 7597 549 868 549 868 2 2 32 32 0 1 0
7597 7598 549 868 549 869 2 1 32 31 -4224 32 1
7598 7601 549 869 551 868 1 0 31 28 -4206 4 3
7601 7634 551 868 551 868 0 0 28 28 0 33 0
7634 7636 551 868 549 868 0 1 28 26 4251 32 2
7636 7645 549 868 558 868 1 0 26 17 -4251 32 9
7645 7674 558 868 558 868 0 0 17 17 0 29 0
7674 7683 558 868 549 868 0 1 17 8 4279 32 9
7683 7684 549 868 550 868 1 0 8 7 -4279 32 1
7684 8220 550 868 550 868 0 0 7 7 0 536 0
8220 8221 550 868 549 868 0 1 7 6 4550 32 1
8221 8223 549 868 551 868 1 0 6 4 -4550 32 2
8223 10174 551 868 551 868 0 0 4 4 0 1951 0
10174 10176 551 868 549 868 0 1 4 2 5583 32 2
10176 10177 549 868 549 868 1 1 2 2 0 1 0
10177 10177 549 868 549 868 1 0 2 2 -5583 32 0
10177 12599 549 868 549 868 0 0 2 2 0 2422 0
12599 12599 549 868 549 868 0 1 2 2 6813 32 0
12599 12600 549 868 549 869 1 0 2 1 -6813 32 1
12600 12877 549 869 549 869 0 0 1 1 0 277 0
12877 12878 549 869 549 868 0 1 1 0 6936 32 1
12878 12879 549 868 549 868 1 1 0 0 0 1 0
12879 12879 549 868 549 868 1 0 0 0 -6936 32 0
12879 13415 549 868 549 868 0 0 0 0 0 536 0
13415 13415 549 868 549 868 0 1 0 0 21983 32 0
13415 13416 549 868 549 868 1 1 0 0 0 1 0
13416 13416 549 868 549 868 1 0 0 0 -21983 32 0
13416 13848 549 868 549 868 0 0 0 0 0 432 0
13848 13848 549 868 549 868 0 1 0 0 22151 32 0
13848 13850 549 868 549 868 1 1 0 0 0 2 0
13850 13850 549 868 549 868 1 0 0 0 -22151 32 0
13850 14889 549 868 549 868 0 0 0 0 0 1039 0
14889 14889 549 868 549 868 0 1 0 0 40576 32 0
14889 14890 549 868 549 868 1 1 0 0 0 1 0
14890 14890 549 868 549 868 1 0 0 0 -40576 32 0
14890 15290 549 868 549 868 0 0 0 0 0 400 0
15290 15290 549 868 549 868 0 1 0 0 22715 32 0
15290 15291 549 868 549 868 1 1 0 0 0 1 0
15291 15291 549 868 549 868 1 0 0 0 -22715 32 0
15291 15656 549 868 549 868 0 0 0 0 0 365 0
15656 15656 549 868 549 868 0 1 0 0 40901 32 0
15656 15658 549 868 549 868 1 1 0 0 0 2 0
15658 15658 549 868 549 868 1 0 0 0 -40901 32 0
15658 16102 549 868 549 868 0 0 0 0 0 444 0
16102 16102 549 868 549 868 0 1 0 0 8380 32 0
16102 16105 549 868 549 868 1 1 0 0 0 3 0
16105 16105 549 868 549 868 1 0 0 0 -8380 32 0
16105 19432 549 868 549 868 0 0 0 0 0 3327 0
19432 19432 549 868 549 868 0 1 0 0 9657 32 0
19432 19433 549 868 549 868 1 1 0 0 0 1 0
19433 19433 549 868 549 868 1 0 0 0 -9657 32 0
19433 19903 549 868 549 868 0 0 0 0 0 470 0
19903 19903 549 868 549 868 0 1 0 0 42841 32 0
19903 19904 549 868 549 868 1 1 0 0 0 1 0
19904 19904 549 868 549 868 1 0 0 0 -42841 32 0
19904 21751 549 868 549 868 0 0 0 0 0 1847 0
21751 21751 549 868 549 868 0 1 0 0 25576 32 0
21751 21753 549 868 549 868 1 1 0 0 0 2 0
21753 21753 549 868 549 868 1 0 0 0 -25576 32 0
21753 24238 549 868 549 868 0 0 0 0 0 2485 0
24238 24238 549 868 549 868 0 1 0 0 45121 32 0
24238 24240 549 868 549 868 1 1 0 0 0 2 0
24240 24240 549 868 549 868 1 0 0 0 -45121 32 0
24240 24362 549 868 549 868 0 0 0 0 0 122 0
24362 24362 549 868 549 868 0 1 0 0 26855 32 0
24362 24364 549 868 549 868 1 1 0 0 0 2 0
24364 24364 549 868 549 868 1 0 0 0 -26855 32 0
24364 24754 549 868 549 868 0 0 0 0 0 390 0
24754 24754 549 868 549 868 0 1 0 0 27050 32 0
24754 24756 549 868 549 868 1 1 0 0 0 2 0
24756 24756 549 868 549 868 1 0 0 0 -27050 32 0
24756 26808 549 868 549 868 0 0 0 0 0 2052 0
26808 26808 549 868 549 868 0 1 0 0 28152 32 0
26808 26809 549 868 549 868 1 1 0 0 0 1 0
26809 26809 549 868 549 868 1 0 0 0 -28152 32 0
26809 30413 549 868 549 868 0 0 0 0 0 3604 0
30413 30413 549 868 549 868 0 1 0 0 48657 32 0
30413 30414 549 868 549 868 1 1 0 0 0 1 0
30414 30414 549 868 549 868 1 0 0 0 -48657 32 0
30414 36716 549 868 549 868 0 0 0 0 0 6302 0
36716 36716 549 868 549 868 0 1 0 0 32837 32 0
36716 36717 549 868 549 868 1 1 0 0 0 1 0
36717 36717 549 868 549 868 1 0 0 0 -32837 32 0
36717 39150 549 868 549 868 0 0 0 0 0 2433 0
39150 39150 549 868 549 868 0 1 0 0 33756 32 0
39150 39153 549 868 549 868 1 1 0 0 0 3 0
39153 39153 549 868 549 868 1 0 0 0 -33756 32 0
39153 39985 549 868 549 868 0 0 0 0 0 832 0
39985 39985 549 868 549 868 0 1 0 0 34075 32 0
39985 39987 549 868 549 868 1 1 0 0 0 2 0
39987 39987 549 868 549 868 1 0 0 0 -34075 32 0
39987 43267 549 868 549 868 0 0 0 0 0 3280 0
43267 43267 549 868 549 868 0 0 0 0 1000000000 0 0
--------------------------------------
--------------------------------------
EV2
--------------------------------------
Num TPs served = 16
TPs served = 4897 5213 5306 5450 5479 5990 6123 7053 7067 7093 7638 7865 9528 9756 9938 10698
Total energy used = 100
--------------------------------------
Schedule:
0 8900 549 868 549 868 0 0 100 100 0 8900 0
8900 8900 549 868 549 868 0 1 100 100 4897 32 0
8900 8903 549 868 552 868 1 0 100 97 -4897 32 3
8903 9461 552 868 552 868 0 0 97 97 0 558 0
9461 9464 552 868 549 868 0 1 97 94 5213 32 3
9464 9475 549 868 560 868 1 0 94 83 -5213 32 11
9475 9644 560 868 560 868 0 0 83 83 0 169 0
9644 9655 560 868 549 868 0 1 83 72 5306 32 11
9655 9656 549 868 549 868 1 1 72 72 0 1 0
9656 9659 549 868 549 871 1 0 72 69 -5306 32 3
9659 9909 549 871 549 871 0 0 69 69 0 250 0
9909 9912 549 871 549 868 0 1 69 66 5450 32 3
9912 9914 549 868 550 869 1 0 66 64 -5450 32 2
9914 9961 550 869 550 869 0 0 64 64 0 47 0
9961 9963 550 869 549 868 0 1 64 62 5479 32 2
9963 9966 549 868 551 869 1 0 62 59 -5479 32 3
9966 10964 551 869 551 869 0 0 59 59 0 998 0
10964 10967 551 869 549 868 0 1 59 56 5990 32 3
10967 10969 549 868 550 869 1 0 56 54 -5990 32 2
10969 11217 550 869 550 869 0 0 54 54 0 248 0
11217 11219 550 869 549 868 0 1 54 52 6123 32 2
11219 11220 549 868 549 868 1 1 52 52 0 1 0
11220 11222 549 868 550 869 1 0 52 50 -6123 32 2
11222 13113 550 869 550 869 0 0 50 50 0 1891 0
13113 13115 550 869 549 868 0 1 50 48 7053 32 2
13115 13147 549 868 549 868 1 1 48 48 0 32 0
13147 13147 549 868 549 868 1 2 48 48 7067 32 0
13147 13148 549 868 550 868 2 1 48 47 -7053 0 1
13148 13151 550 868 550 871 1 0 47 44 -7067 32 3
13151 13213 550 871 550 871 0 0 44 44 0 62 0
13213 13217 550 871 549 868 0 1 44 40 7093 32 4
13217 13218 549 868 549 868 1 1 40 40 0 1 0
13218 13219 549 868 549 869 1 0 40 39 -7093 32 1
13219 14400 549 869 549 869 0 0 39 39 0 1181 0
14400 14401 549 869 549 868 0 1 39 38 7638 32 1
14401 14402 549 868 549 868 1 1 38 38 0 1 0
14402 14403 549 868 550 868 1 0 38 37 -7638 32 1
14403 14911 550 868 550 868 0 0 37 37 0 508 0
14911 14912 550 868 549 868 0 1 37 36 7865 32 1
14912 14913 549 868 549 868 1 1 36 36 0 1 0
14913 14914 549 868 550 868 1 0 36 35 -7865 32 1
14914 19090 550 868 550 868 0 0 35 35 0 4176 0
19090 19091 550 868 549 868 0 1 35 34 9528 32 1
19091 19104 549 868 562 868 1 0 34 21 -9528 32 13
19104 19733 562 868 562 868 0 0 21 21 0 629 0
19733 19746 562 868 549 868 0 1 21 8 9756 32 13
19746 19748 549 868 550 869 1 0 8 6 -9756 32 2
19748 20216 550 869 550 869 0 0 6 6 0 468 0
20216 20218 550 869 549 868 0 1 6 4 9938 32 2
20218 20219 549 868 550 868 1 0 4 3 -9938 32 1
20219 22409 550 868 550 868 0 0 3 3 0 2190 0
22409 22410 550 868 549 868 0 1 3 2 10698 32 1
22410 22413 549 868 549 868 1 1 2 2 0 3 0
22413 22414 549 868 550 868 1 0 2 1 -10698 32 1
22414 43266 550 868 550 868 0 0 1 1 0 20852 0
43266 43267 550 868 549 868 0 0 1 0 1000000000 0 1
--------------------------------------
--------------------------------------
EV3
--------------------------------------
Num TPs served = 21
TPs served = 10298 10441 10753 11221 12939 13314 13997 14709 14777 14792 14936 15040 15112 15140 15521 15599 16344 16353 16355 16633 30436
Total energy used = 100
--------------------------------------
Schedule:
0 21274 549 868 549 868 0 0 100 100 0 21274 0
21274 21274 549 868 549 868 0 1 100 100 10298 32 0
21274 21275 549 868 549 868 1 1 100 100 0 1 0
21275 21277 549 868 551 868 1 0 100 98 -10298 32 2
21277 21672 551 868 551 868 0 0 98 98 0 395 0
21672 21674 551 868 549 868 0 1 98 96 10441 32 2
21674 21679 549 868 550 872 1 0 96 91 -10441 32 5
21679 22572 550 872 550 872 0 0 91 91 0 893 0
22572 22577 550 872 549 868 0 1 91 86 10753 32 5
22577 22578 549 868 550 868 1 0 86 85 -10753 32 1
22578 24006 550 868 550 868 0 0 85 85 0 1428 0
24006 24007 550 868 549 868 0 1 85 84 11221 32 1
24007 24009 549 868 550 869 1 0 84 82 -11221 32 2
24009 30068 550 869 550 869 0 0 82 82 0 6059 0
30068 30070 550 869 549 868 0 1 82 80 12939 32 2
30070 30071 549 868 550 868 1 0 80 79 -12939 32 1
30071 31329 550 868 550 868 0 0 79 79 0 1258 0
31329 31330 550 868 549 868 0 1 79 78 30436 32 1
31330 31357 549 868 549 868 1 1 78 78 0 27 0
31357 31357 549 868 549 868 1 2 78 78 13314 32 0
31357 31359 549 868 550 869 2 1 78 76 -30436 7 2
31359 31361 550 869 552 869 1 0 76 74 -13314 32 2
31361 33966 552 869 552 869 0 0 74 74 0 2605 0
33966 33970 552 869 549 868 0 1 74 70 13997 32 4
33970 33972 549 868 549 868 1 1 70 70 0 2 0
33972 33974 549 868 549 870 1 0 70 68 -13997 32 2
33974 36692 549 870 549 870 0 0 68 68 0 2718 0
36692 36694 549 870 549 868 0 1 68 66 14709 32 2
36694 36696 549 868 550 869 1 0 66 64 -14709 32 2
36696 36988 550 869 550 869 0 0 64 64 0 292 0
36988 36990 550 869 549 868 0 1 64 62 14777 32 2
36990 36999 549 868 552 874 1 0 62 53 -14777 32 9
36999 37022 552 874 552 874 0 0 53 53 0 23 0
37022 37031 552 874 549 868 0 1 53 44 14792 32 9
37031 37034 549 868 551 869 1 0 44 41 -14792 32 3
37034 37585 551 869 551 869 0 0 41 41 0 551 0
37585 37588 551 869 549 868 0 1 41 38 14936 32 3
37588 37590 549 868 551 868 1 0 38 36 -14936 32 2
37590 37937 551 868 551 868 0 0 36 36 0 347 0
37937 37939 551 868 549 868 0 1 36 34 15040 32 2
37939 37940 549 868 549 868 1 1 34 34 0 1 0
37940 37944 549 868 553 868 1 0 34 30 -15040 32 4
37944 38239 553 868 553 868 0 0 30 30 0 295 0
38239 38243 553 868 549 868 0 1 30 26 15112 32 4
38243 38244 549 868 549 868 1 1 26 26 0 1 0
38244 38246 549 868 551 868 1 0 26 24 -15112 32 2
38246 38367 551 868 551 868 0 0 24 24 0 121 0
38367 38369 551 868 549 868 0 1 24 22 15140 32 2
38369 38370 549 868 549 868 1 1 22 22 0 1 0
38370 38372 549 868 551 868 1 0 22 20 -15140 32 2
38372 39817 551 868 551 868 0 0 20 20 0 1445 0
39817 39819 551 868 549 868 0 1 20 18 15521 32 2
39819 39821 549 868 550 869 1 0 18 16 -15521 32 2
39821 40002 550 869 550 869 0 0 16 16 0 181 0
40002 40004 550 869 549 868 0 1 16 14 15599 32 2
40004 40006 549 868 551 868 1 0 14 12 -15599 32 2
40006 41354 551 868 551 868 0 0 12 12 0 1348 0
41354 41356 551 868 549 868 0 1 12 10 16355 32 2
41356 41356 549 868 549 868 1 2 10 10 16353 28 0
41356 41356 549 868 549 868 2 3 10 10 16344 16 0
41356 41357 549 868 549 869 3 2 10 9 -16355 32 1
41357 41359 549 869 550 868 2 1 9 7 -16353 26 2
41359 41361 550 868 549 869 1 0 7 5 -16344 12 2
41361 41838 549 869 549 869 0 0 5 5 0 477 0
41838 41839 549 869 549 868 0 1 5 4 16633 32 1
41839 41841 549 868 551 868 1 0 4 2 -16633 32 2
41841 43265 551 868 551 868 0 0 2 2 0 1424 0
43265 43267 551 868 549 868 0 0 2 0 1000000000 0 2
--------------------------------------

-------------------------------------------------------------------------

TPs

-------------------------------------------------------------------------

----------------------
TP459 allocated to 1
----------------------

----------------------
TP611 allocated to 1
----------------------

----------------------
TP613 allocated to 1
----------------------

----------------------
TP1113 allocated to 1
----------------------

----------------------
TP1959 allocated to 1
----------------------

----------------------
TP2051 allocated to 1
----------------------

----------------------
TP2161 allocated to 1
----------------------

----------------------
TP2874 allocated to 1
----------------------

----------------------
TP2876 allocated to 1
----------------------

----------------------
TP3068 allocated to 1
----------------------

----------------------
TP3259 allocated to 1
----------------------

----------------------
TP3875 allocated to 1
----------------------

----------------------
TP4134 allocated to 1
----------------------

----------------------
TP4206 allocated to 1
----------------------

----------------------
TP4224 allocated to 1
----------------------

----------------------
TP4251 allocated to 1
----------------------

----------------------
TP4279 allocated to 1
----------------------

----------------------
TP4550 allocated to 1
----------------------

----------------------
TP4897 allocated to 2
----------------------

----------------------
TP5213 allocated to 2
----------------------

----------------------
TP5306 allocated to 2
----------------------

----------------------
TP5450 allocated to 2
----------------------

----------------------
TP5479 allocated to 2
----------------------

----------------------
TP5583 allocated to 1
----------------------

----------------------
TP5990 allocated to 2
----------------------

----------------------
TP6123 allocated to 2
----------------------

----------------------
TP6813 allocated to 1
----------------------

----------------------
TP6936 allocated to 1
----------------------

----------------------
TP7053 allocated to 2
----------------------

----------------------
TP7067 allocated to 2
----------------------

----------------------
TP7093 allocated to 2
----------------------

----------------------
TP7638 allocated to 2
----------------------

----------------------
TP7865 allocated to 2
----------------------

----------------------
TP8380 allocated to 1
----------------------

----------------------
TP9528 allocated to 2
----------------------

----------------------
TP9657 allocated to 1
----------------------

----------------------
TP9756 allocated to 2
----------------------

----------------------
TP9938 allocated to 2
----------------------

----------------------
TP10298 allocated to 3
----------------------

----------------------
TP10441 allocated to 3
----------------------

----------------------
TP10698 allocated to 2
----------------------

----------------------
TP10753 allocated to 3
----------------------

----------------------
TP11221 allocated to 3
----------------------

----------------------
TP12939 allocated to 3
----------------------

----------------------
TP13314 allocated to 3
----------------------

----------------------
TP13997 allocated to 3
----------------------

----------------------
TP14709 allocated to 3
----------------------

----------------------
TP14777 allocated to 3
----------------------

----------------------
TP14792 allocated to 3
----------------------

----------------------
TP14936 allocated to 3
----------------------

----------------------
TP15040 allocated to 3
----------------------

----------------------
TP15112 allocated to 3
----------------------

----------------------
TP15140 allocated to 3
----------------------

----------------------
TP15521 allocated to 3
----------------------

----------------------
TP15599 allocated to 3
----------------------

----------------------
TP15733 not allocated
----------------------

----------------------
TP16326 not allocated
----------------------

----------------------
TP16344 allocated to 3
----------------------

----------------------
TP16353 allocated to 3
----------------------

----------------------
TP16355 allocated to 3
----------------------

----------------------
TP16633 allocated to 3
----------------------

----------------------
TP16798 not allocated
----------------------

----------------------
TP17177 not allocated
----------------------

----------------------
TP17557 not allocated
----------------------

----------------------
TP17575 not allocated
----------------------

----------------------
TP17777 not allocated
----------------------

----------------------
TP18142 not allocated
----------------------

----------------------
TP18235 not allocated
----------------------

----------------------
TP18501 not allocated
----------------------

----------------------
TP18947 not allocated
----------------------

----------------------
TP18970 not allocated
----------------------

----------------------
TP19113 not allocated
----------------------

----------------------
TP19303 not allocated
----------------------

----------------------
TP19516 not allocated
----------------------

----------------------
TP19609 not allocated
----------------------

----------------------
TP20203 not allocated
----------------------

----------------------
TP20383 not allocated
----------------------

----------------------
TP20624 not allocated
----------------------

----------------------
TP21009 not allocated
----------------------

----------------------
TP21186 not allocated
----------------------

----------------------
TP21652 not allocated
----------------------

----------------------
TP21905 not allocated
----------------------

----------------------
TP21983 allocated to 1
----------------------

----------------------
TP22151 allocated to 1
----------------------

----------------------
TP22715 allocated to 1
----------------------

----------------------
TP22878 not allocated
----------------------

----------------------
TP22891 not allocated
----------------------

----------------------
TP23259 not allocated
----------------------

----------------------
TP23409 not allocated
----------------------

----------------------
TP23453 not allocated
----------------------

----------------------
TP23753 not allocated
----------------------

----------------------
TP23798 not allocated
----------------------

----------------------
TP24423 not allocated
----------------------

----------------------
TP24578 not allocated
----------------------

----------------------
TP24618 not allocated
----------------------

----------------------
TP24697 not allocated
----------------------

----------------------
TP24801 not allocated
----------------------

----------------------
TP25031 not allocated
----------------------

----------------------
TP25202 not allocated
----------------------

----------------------
TP25560 not allocated
----------------------

----------------------
TP25576 allocated to 1
----------------------

----------------------
TP25701 not allocated
----------------------

----------------------
TP26217 not allocated
----------------------

----------------------
TP26454 not allocated
----------------------

----------------------
TP26702 not allocated
----------------------

----------------------
TP26832 not allocated
----------------------

----------------------
TP26842 not allocated
----------------------

----------------------
TP26855 allocated to 1
----------------------

----------------------
TP26998 not allocated
----------------------

----------------------
TP27050 allocated to 1
----------------------

----------------------
TP27345 not allocated
----------------------

----------------------
TP27692 not allocated
----------------------

----------------------
TP27699 not allocated
----------------------

----------------------
TP28152 allocated to 1
----------------------

----------------------
TP28392 not allocated
----------------------

----------------------
TP28800 not allocated
----------------------

----------------------
TP29013 not allocated
----------------------

----------------------
TP29025 not allocated
----------------------

----------------------
TP29341 not allocated
----------------------

----------------------
TP29408 not allocated
----------------------

----------------------
TP29575 not allocated
----------------------

----------------------
TP29591 not allocated
----------------------

----------------------
TP29822 not allocated
----------------------

----------------------
TP29849 not allocated
----------------------

----------------------
TP29864 not allocated
----------------------

----------------------
TP29928 not allocated
----------------------

----------------------
TP30167 not allocated
----------------------

----------------------
TP30275 not allocated
----------------------

----------------------
TP30436 allocated to 3
----------------------

----------------------
TP30504 not allocated
----------------------

----------------------
TP30679 not allocated
----------------------

----------------------
TP31905 not allocated
----------------------

----------------------
TP32383 not allocated
----------------------

----------------------
TP32521 not allocated
----------------------

----------------------
TP32837 allocated to 1
----------------------

----------------------
TP32888 not allocated
----------------------

----------------------
TP33111 not allocated
----------------------

----------------------
TP33534 not allocated
----------------------

----------------------
TP33756 allocated to 1
----------------------

----------------------
TP33793 not allocated
----------------------

----------------------
TP34075 allocated to 1
----------------------

----------------------
TP34298 not allocated
----------------------

----------------------
TP34337 not allocated
----------------------

----------------------
TP34547 not allocated
----------------------

----------------------
TP34550 not allocated
----------------------

----------------------
TP34892 not allocated
----------------------

----------------------
TP34904 not allocated
----------------------

----------------------
TP35458 not allocated
----------------------

----------------------
TP36124 not allocated
----------------------

----------------------
TP36217 not allocated
----------------------

----------------------
TP36620 not allocated
----------------------

----------------------
TP36663 not allocated
----------------------

----------------------
TP36697 not allocated
----------------------

----------------------
TP36930 not allocated
----------------------

----------------------
TP37148 not allocated
----------------------

----------------------
TP37157 not allocated
----------------------

----------------------
TP37525 not allocated
----------------------

----------------------
TP37940 not allocated
----------------------

----------------------
TP38097 not allocated
----------------------

----------------------
TP38189 not allocated
----------------------

----------------------
TP38458 not allocated
----------------------

----------------------
TP38729 not allocated
----------------------

----------------------
TP38915 not allocated
----------------------

----------------------
TP39024 not allocated
----------------------

----------------------
TP39082 not allocated
----------------------

----------------------
TP39262 not allocated
----------------------

----------------------
TP39706 not allocated
----------------------

----------------------
TP40037 not allocated
----------------------

----------------------
TP40339 not allocated
----------------------

----------------------
TP40576 allocated to 1
----------------------

----------------------
TP40901 allocated to 1
----------------------

----------------------
TP40950 not allocated
----------------------

----------------------
TP41034 not allocated
----------------------

----------------------
TP41278 not allocated
----------------------

----------------------
TP41553 not allocated
----------------------

----------------------
TP42596 not allocated
----------------------

----------------------
TP42681 not allocated
----------------------

----------------------
TP42841 allocated to 1
----------------------

----------------------
TP42870 not allocated
----------------------

----------------------
TP42954 not allocated
----------------------

----------------------
TP42965 not allocated
----------------------

----------------------
TP43571 not allocated
----------------------

----------------------
TP43792 not allocated
----------------------

----------------------
TP44341 not allocated
----------------------

----------------------
TP45046 not allocated
----------------------

----------------------
TP45121 allocated to 1
----------------------

----------------------
TP45336 not allocated
----------------------

----------------------
TP45347 not allocated
----------------------

----------------------
TP45412 not allocated
----------------------

----------------------
TP45825 not allocated
----------------------

----------------------
TP45968 not allocated
----------------------

----------------------
TP46197 not allocated
----------------------

----------------------
TP46555 not allocated
----------------------

----------------------
TP46828 not allocated
----------------------

----------------------
TP46894 not allocated
----------------------

----------------------
TP47319 not allocated
----------------------

----------------------
TP48371 not allocated
----------------------

----------------------
TP48657 allocated to 1
----------------------

----------------------
TP48718 not allocated
----------------------

----------------------
TP48811 not allocated
----------------------

----------------------
TP48883 not allocated
----------------------

----------------------
TP48969 not allocated
----------------------

----------------------
TP49569 not allocated
----------------------

----------------------
TP49672 not allocated
----------------------

----------------------
TP49815 not allocated
----------------------

----------------------
TP49896 not allocated
----------------------

-------------------------------------------------------------------------

Ride-sharing vs Individual Mode - Num Vehicles and Distance Comparisson 

-------------------------------------------------------------------------
Individual Mode = 206 vehicles.
Ride-sharing Mode = 134 vehicles. The 3 ride-sharing vehicles + 131 vehicles of the individuals not served by the ride-sharing service.
-------------------------------------------------------------------------
Individual Mode = 504 distance.
Ride-sharing Mode = 651 distance. 300 from the EV fleet + 351 from the distance of the trips not covered individuals had to do with their own vehicle.
-------------------------------------------------------------------------
