-------------------------------------------------------------------------
TPs satisfied = 166; Total TPs = 205; Percentage Satisfied + 81.0%
-------------------------------------------------------------------------

-------------------------------------------------------------------------

EVs

-------------------------------------------------------------------------
--------------------------------------
EV1
--------------------------------------
Num TPs served = 36
TPs served = 46 623 1024 1180 1360 1428 1536 1707 1814 2163 2185 2298 2539 2718 3175 3959 4294 4723 6017 7297 9395 10127 15548 17528 23713 23759 29550 30733 32897 32921 35850 36096 43426 45762 46016 49031
Total energy used = 100
--------------------------------------
Schedule:
0 112 793 186 793 186 0 0 100 100 0 112 0
112 112 793 186 793 186 0 1 100 100 46 32 0
112 113 793 186 793 186 1 1 100 100 0 1 0
113 115 793 186 794 187 1 0 100 98 -46 32 2
115 353 794 187 794 187 0 0 98 98 0 238 0
353 355 794 187 793 186 0 1 98 96 17528 32 2
355 359 793 186 793 186 1 1 96 96 0 4 0
359 359 793 186 793 186 1 0 96 96 -17528 32 0
359 1118 793 186 793 186 0 0 96 96 0 759 0
1118 1118 793 186 793 186 0 1 96 96 623 32 0
1118 1122 793 186 797 186 1 0 96 92 -623 32 4
1122 1804 797 186 797 186 0 0 92 92 0 682 0
1804 1808 797 186 793 186 0 1 92 88 1024 32 4
1808 1810 793 186 793 186 1 1 88 88 0 2 0
1810 1812 793 186 793 188 1 0 88 86 -1024 32 2
1812 2025 793 188 793 188 0 0 86 86 0 213 0
2025 2027 793 188 793 186 0 1 86 84 35850 32 2
2027 2059 793 186 793 186 1 1 84 84 0 32 0
2059 2059 793 186 793 186 1 2 84 84 1180 32 0
2059 2061 793 186 793 188 2 1 84 82 -35850 0 2
2061 2065 793 188 793 192 1 0 82 78 -1180 32 4
2065 2378 793 192 793 192 0 0 78 78 0 313 0
2378 2384 793 192 793 186 0 1 78 72 1360 32 6
2384 2390 793 186 793 186 1 1 72 72 0 6 0
2390 2392 793 186 794 187 1 0 72 70 -1360 32 2
2392 2491 794 187 794 187 0 0 70 70 0 99 0
2491 2493 794 187 793 186 0 1 70 68 1428 32 2
2493 2494 793 186 794 186 1 0 68 67 -1428 32 1
2494 2672 794 186 794 186 0 0 67 67 0 178 0
2672 2673 794 186 793 186 0 1 67 66 1536 32 1
2673 2674 793 186 793 186 1 1 66 66 0 1 0
2674 2676 793 186 793 188 1 0 66 64 -1536 32 2
2676 2771 793 188 793 188 0 0 64 64 0 95 0
2771 2773 793 188 793 186 0 1 64 62 36096 32 2
2773 2774 793 186 793 186 1 1 62 62 0 1 0
2774 2774 793 186 793 186 1 0 62 62 -36096 32 0
2774 2982 793 186 793 186 0 0 62 62 0 208 0
2982 2982 793 186 793 186 0 1 62 62 1707 32 0
2982 2983 793 186 793 186 1 1 62 62 0 1 0
2983 2984 793 186 793 187 1 0 62 61 -1707 32 1
2984 3165 793 187 793 187 0 0 61 61 0 181 0
3165 3166 793 187 793 186 0 1 61 60 1814 32 1
3166 3170 793 186 793 186 1 1 60 60 0 4 0
3170 3171 793 186 793 187 1 0 60 59 -1814 32 1
3171 3820 793 187 793 187 0 0 59 59 0 649 0
3820 3821 793 187 793 186 0 1 59 58 2163 32 1
3821 3829 793 186 795 192 1 0 58 50 -2163 32 8
3829 3852 795 192 795 192 0 0 50 50 0 23 0
3852 3860 795 192 793 186 0 1 50 42 2185 32 8
3860 3862 793 186 793 188 1 0 42 40 -2185 32 2
3862 4072 793 188 793 188 0 0 40 40 0 210 0
4072 4074 793 188 793 186 0 1 40 38 2298 32 2
4074 4076 793 186 795 186 1 0 38 36 -2298 32 2
4076 4509 795 186 795 186 0 0 36 36 0 433 0
4509 4511 795 186 793 186 0 1 36 34 2539 32 2
4511 4513 793 186 794 187 1 0 34 32 -2539 32 2
4513 4831 794 187 794 187 0 0 32 32 0 318 0
4831 4833 794 187 793 186 0 1 32 30 2718 32 2
4833 4844 793 186 804 186 1 0 30 19 -2718 32 11
4844 5649 804 186 804 186 0 0 19 19 0 805 0
5649 5660 804 186 793 186 0 1 19 8 3175 32 11
5660 5661 793 186 794 186 1 0 8 7 -3175 32 1
5661 7110 794 186 794 186 0 0 7 7 0 1449 0
7110 7111 794 186 793 186 0 1 7 6 3959 32 1
7111 7112 793 186 794 186 1 0 6 5 -3959 32 1
7112 7709 794 186 794 186 0 0 5 5 0 597 0
7709 7710 794 186 793 186 0 1 5 4 4294 32 1
7710 7711 793 186 794 186 1 0 4 3 -4294 32 1
7711 8582 794 186 794 186 0 0 3 3 0 871 0
8582 8583 794 186 793 186 0 1 3 2 4723 32 1
8583 8585 793 186 793 186 1 1 2 2 0 2 0
8585 8585 793 186 793 186 1 0 2 2 -4723 32 0
8585 11017 793 186 793 186 0 0 2 2 0 2432 0
11017 11017 793 186 793 186 0 1 2 2 6017 32 0
11017 11018 793 186 794 186 1 0 2 1 -6017 32 1
11018 13667 794 186 794 186 0 0 1 1 0 2649 0
13667 13668 794 186 793 186 0 1 1 0 7297 32 1
13668 13670 793 186 793 186 1 1 0 0 0 2 0
13670 13670 793 186 793 186 1 0 0 0 -7297 32 0
13670 17672 793 186 793 186 0 0 0 0 0 4002 0
17672 17672 793 186 793 186 0 1 0 0 23713 32 0
17672 17674 793 186 793 186 1 1 0 0 0 2 0
17674 17674 793 186 793 186 1 0 0 0 -23713 32 0
17674 17762 793 186 793 186 0 0 0 0 0 88 0
17762 17762 793 186 793 186 0 1 0 0 23759 32 0
17762 17763 793 186 793 186 1 1 0 0 0 1 0
17763 17763 793 186 793 186 1 0 0 0 -23759 32 0
17763 18751 793 186 793 186 0 0 0 0 0 988 0
18751 18751 793 186 793 186 0 1 0 0 9395 32 0
18751 18752 793 186 793 186 1 1 0 0 0 1 0
18752 18752 793 186 793 186 1 0 0 0 -9395 32 0
18752 20769 793 186 793 186 0 0 0 0 0 2017 0
20769 20769 793 186 793 186 0 1 0 0 10127 32 0
20769 20771 793 186 793 186 1 1 0 0 0 2 0
20771 20771 793 186 793 186 1 0 0 0 -10127 32 0
20771 21052 793 186 793 186 0 0 0 0 0 281 0
21052 21052 793 186 793 186 0 1 0 0 43426 32 0
21052 21053 793 186 793 186 1 1 0 0 0 1 0
21053 21053 793 186 793 186 1 0 0 0 -43426 32 0
21053 25361 793 186 793 186 0 0 0 0 0 4308 0
25361 25361 793 186 793 186 0 1 0 0 45762 32 0
25361 25362 793 186 793 186 1 1 0 0 0 1 0
25362 25362 793 186 793 186 1 0 0 0 -45762 32 0
25362 25841 793 186 793 186 0 0 0 0 0 479 0
25841 25841 793 186 793 186 0 1 0 0 46016 32 0
25841 25842 793 186 793 186 1 1 0 0 0 1 0
25842 25842 793 186 793 186 1 0 0 0 -46016 32 0
25842 29615 793 186 793 186 0 0 0 0 0 3773 0
29615 29615 793 186 793 186 0 1 0 0 29550 32 0
29615 29617 793 186 793 186 1 1 0 0 0 2 0
29617 29617 793 186 793 186 1 0 0 0 -29550 32 0
29617 31072 793 186 793 186 0 0 0 0 0 1455 0
31072 31072 793 186 793 186 0 1 0 0 49031 32 0
31072 31073 793 186 793 186 1 1 0 0 0 1 0
31073 31073 793 186 793 186 1 0 0 0 -49031 32 0
31073 31948 793 186 793 186 0 0 0 0 0 875 0
31948 31948 793 186 793 186 0 1 0 0 30733 32 0
31948 31951 793 186 793 186 1 1 0 0 0 3 0
31951 31951 793 186 793 186 1 0 0 0 -30733 32 0
31951 36891 793 186 793 186 0 0 0 0 0 4940 0
36891 36891 793 186 793 186 0 1 0 0 32897 32 0
36891 36899 793 186 793 186 1 1 0 0 0 8 0
36899 36899 793 186 793 186 1 0 0 0 -32897 32 0
36899 36959 793 186 793 186 0 0 0 0 0 60 0
36959 36959 793 186 793 186 0 1 0 0 32921 32 0
36959 36965 793 186 793 186 1 1 0 0 0 6 0
36965 36965 793 186 793 186 1 0 0 0 -32921 32 0
36965 39877 793 186 793 186 0 0 0 0 0 2912 0
39877 39877 793 186 793 186 0 1 0 0 15548 32 0
39877 39880 793 186 793 186 1 1 0 0 0 3 0
39880 39880 793 186 793 186 1 0 0 0 -15548 32 0
39880 43267 793 186 793 186 0 0 0 0 0 3387 0
43267 43267 793 186 793 186 0 0 0 0 1000000000 0 0
--------------------------------------
--------------------------------------
EV2
--------------------------------------
Num TPs served = 13
TPs served = 2810 3426 4149 4417 4545 5211 5378 6478 7001 7210 7834 7862 8339
Total energy used = 100
--------------------------------------
Schedule:
0 5010 793 186 793 186 0 0 100 100 0 5010 0
5010 5010 793 186 793 186 0 1 100 100 2810 32 0
5010 5011 793 186 793 186 1 1 100 100 0 1 0
5011 5023 793 186 797 194 1 0 100 88 -2810 32 12
5023 6089 797 194 797 194 0 0 88 88 0 1066 0
6089 6101 797 194 793 186 0 1 88 76 3426 32 12
6101 6112 793 186 794 196 1 0 76 65 -3426 32 11
6112 7456 794 196 794 196 0 0 65 65 0 1344 0
7456 7467 794 196 793 186 0 1 65 54 4149 32 11
7467 7468 793 186 793 186 1 1 54 54 0 1 0
7468 7471 793 186 794 188 1 0 54 51 -4149 32 3
7471 7946 794 188 794 188 0 0 51 51 0 475 0
7946 7949 794 188 793 186 0 1 51 48 4417 32 3
7949 7951 793 186 795 186 1 0 48 46 -4417 32 2
7951 8207 795 186 795 186 0 0 46 46 0 256 0
8207 8209 795 186 793 186 0 1 46 44 4545 32 2
8209 8213 793 186 796 187 1 0 44 40 -4545 32 4
8213 9455 796 187 796 187 0 0 40 40 0 1242 0
9455 9459 796 187 793 186 0 1 40 36 5211 32 4
9459 9460 793 186 793 186 1 1 36 36 0 1 0
9460 9462 793 186 795 186 1 0 36 34 -5211 32 2
9462 9782 795 186 795 186 0 0 34 34 0 320 0
9782 9784 795 186 793 186 0 1 34 32 5378 32 2
9784 9786 793 186 793 186 1 1 32 32 0 2 0
9786 9788 793 186 793 188 1 0 32 30 -5378 32 2
9788 11897 793 188 793 188 0 0 30 30 0 2109 0
11897 11899 793 188 793 186 0 1 30 28 6478 32 2
11899 11900 793 186 794 186 1 0 28 27 -6478 32 1
11900 13007 794 186 794 186 0 0 27 27 0 1107 0
13007 13008 794 186 793 186 0 1 27 26 7001 32 1
13008 13009 793 186 793 186 1 1 26 26 0 1 0
13009 13012 793 186 795 187 1 0 26 23 -7001 32 3
13012 13477 795 187 795 187 0 0 23 23 0 465 0
13477 13480 795 187 793 186 0 1 23 20 7210 32 3
13480 13482 793 186 795 186 1 0 20 18 -7210 32 2
13482 14842 795 186 795 186 0 0 18 18 0 1360 0
14842 14844 795 186 793 186 0 1 18 16 7834 32 2
14844 14847 793 186 793 186 1 1 16 16 0 3 0
14847 14849 793 186 794 187 1 0 16 14 -7834 32 2
14849 14904 794 187 794 187 0 0 14 14 0 55 0
14904 14906 794 187 793 186 0 1 14 12 7862 32 2
14906 14910 793 186 797 186 1 0 12 8 -7862 32 4
14910 16020 797 186 797 186 0 0 8 8 0 1110 0
16020 16024 797 186 793 186 0 1 8 4 8339 32 4
16024 16026 793 186 793 188 1 0 4 2 -8339 32 2
16026 43265 793 188 793 188 0 0 2 2 0 27239 0
43265 43267 793 188 793 186 0 0 2 0 1000000000 0 2
--------------------------------------
--------------------------------------
EV3
--------------------------------------
Num TPs served = 14
TPs served = 7949 8114 8368 8534 8642 9636 9766 9805 9829 9954 10103 24739 41348 42873
Total energy used = 100
--------------------------------------
Schedule:
0 15086 793 186 793 186 0 0 100 100 0 15086 0
15086 15086 793 186 793 186 0 1 100 100 7949 32 0
15086 15090 793 186 797 186 1 0 100 96 -7949 32 4
15090 15485 797 186 797 186 0 0 96 96 0 395 0
15485 15489 797 186 793 186 0 1 96 92 8114 32 4
15489 15491 793 186 793 186 1 1 92 92 0 2 0
15491 15494 793 186 793 189 1 0 92 89 -8114 32 3
15494 16081 793 189 793 189 0 0 89 89 0 587 0
16081 16084 793 189 793 186 0 1 89 86 8368 32 3
16084 16085 793 186 793 186 1 1 86 86 0 1 0
16085 16089 793 186 793 190 1 0 86 82 -8368 32 4
16089 16449 793 190 793 190 0 0 82 82 0 360 0
16449 16453 793 190 793 186 0 1 82 78 8534 32 4
16453 16455 793 186 795 186 1 0 78 76 -8534 32 2
16455 16671 795 186 795 186 0 0 76 76 0 216 0
16671 16673 795 186 793 186 0 1 76 74 41348 32 2
16673 16707 793 186 793 186 1 1 74 74 0 34 0
16707 16707 793 186 793 186 1 2 74 74 8642 32 0
16707 16708 793 186 794 186 2 1 74 73 -41348 0 1
16708 16725 794 186 795 202 1 0 73 56 -8642 32 17
16725 19363 795 202 795 202 0 0 56 56 0 2638 0
19363 19381 795 202 793 186 0 1 56 38 9636 32 18
19381 19385 793 186 797 186 1 0 38 34 -9636 32 4
19385 19769 797 186 797 186 0 0 34 34 0 384 0
19769 19773 797 186 793 186 0 1 34 30 9766 32 4
19773 19776 793 186 795 187 1 0 30 27 -9766 32 3
19776 19921 795 187 795 187 0 0 27 27 0 145 0
19921 19924 795 187 793 186 0 1 27 24 24739 32 3
19924 19924 793 186 793 186 1 2 24 24 9805 27 0
19924 19925 793 186 793 187 2 1 24 23 -24739 32 1
19925 19928 793 187 793 190 1 0 23 20 -9805 28 3
19928 19973 793 190 793 190 0 0 20 20 0 45 0
19973 19977 793 190 793 186 0 1 20 16 42873 32 4
19977 19977 793 186 793 186 1 2 16 16 9829 27 0
19977 19978 793 186 793 186 2 2 16 16 0 1 0
19978 19979 793 186 794 186 2 1 16 15 -42873 32 1
19979 19979 794 186 794 186 1 0 15 15 -9829 28 0
19979 20282 794 186 794 186 0 0 15 15 0 303 0
20282 20283 794 186 793 186 0 1 15 14 9954 32 1
20283 20285 793 186 795 186 1 0 14 12 -9954 32 2
20285 20706 795 186 795 186 0 0 12 12 0 421 0
20706 20708 795 186 793 186 0 1 12 10 10103 32 2
20708 20710 793 186 793 186 1 1 10 10 0 2 0
20710 20715 793 186 795 189 1 0 10 5 -10103 32 5
20715 43262 795 189 795 189 0 0 5 5 0 22547 0
43262 43267 795 189 793 186 0 0 5 0 1000000000 0 5
--------------------------------------
--------------------------------------
EV4
--------------------------------------
Num TPs served = 24
TPs served = 10176 10401 10430 10431 10525 10673 10741 10777 10964 11665 12023 12037 12302 13359 13450 13468 13697 13892 13936 14414 14509 14586 28184 43354
Total energy used = 100
--------------------------------------
Schedule:
0 20912 793 186 793 186 0 0 100 100 0 20912 0
20912 20912 793 186 793 186 0 1 100 100 43354 32 0
20912 20912 793 186 793 186 1 2 100 100 10176 22 0
20912 20914 793 186 793 186 2 2 100 100 0 2 0
20914 20915 793 186 794 186 2 1 100 99 -43354 32 1
20915 20916 794 186 794 187 1 0 99 98 -10176 20 1
20916 21558 794 187 794 187 0 0 98 98 0 642 0
21558 21560 794 187 793 186 0 1 98 96 10401 32 2
21560 21562 793 186 794 187 1 0 96 94 -10401 32 2
21562 21645 794 187 794 187 0 0 94 94 0 83 0
21645 21647 794 187 793 186 0 1 94 92 10431 32 2
21647 21647 793 186 793 186 1 2 92 92 10430 31 0
21647 21649 793 186 793 186 2 2 92 92 0 2 0
21649 21651 793 186 795 186 2 1 92 90 -10431 32 2
21651 21652 795 186 794 186 1 0 90 89 -10430 27 1
21652 21894 794 186 794 186 0 0 89 89 0 242 0
21894 21895 794 186 793 186 0 1 89 88 10525 32 1
21895 21896 793 186 793 186 1 1 88 88 0 1 0
21896 21897 793 186 793 187 1 0 88 87 -10525 32 1
21897 22303 793 187 793 187 0 0 87 87 0 406 0
22303 22304 793 187 793 186 0 1 87 86 10673 32 1
22304 22306 793 186 794 187 1 0 86 84 -10673 32 2
22306 22539 794 187 794 187 0 0 84 84 0 233 0
22539 22541 794 187 793 186 0 1 84 82 10741 32 2
22541 22543 793 186 795 186 1 0 82 80 -10741 32 2
22543 22652 795 186 795 186 0 0 80 80 0 109 0
22652 22654 795 186 793 186 0 1 80 78 10777 32 2
22654 22660 793 186 799 186 1 0 78 72 -10777 32 6
22660 23278 799 186 799 186 0 0 72 72 0 618 0
23278 23284 799 186 793 186 0 1 72 66 10964 32 6
23284 23285 793 186 793 186 1 1 66 66 0 1 0
23285 23287 793 186 795 186 1 0 66 64 -10964 32 2
23287 25570 795 186 795 186 0 0 64 64 0 2283 0
25570 25572 795 186 793 186 0 1 64 62 11665 32 2
25572 25574 793 186 793 186 1 1 62 62 0 2 0
25574 25575 793 186 794 186 1 0 62 61 -11665 32 1
25575 26816 794 186 794 186 0 0 61 61 0 1241 0
26816 26817 794 186 793 186 0 1 61 60 12023 32 1
26817 26818 793 186 793 186 1 1 60 60 0 1 0
26818 26819 793 186 794 186 1 0 60 59 -12023 32 1
26819 26866 794 186 794 186 0 0 59 59 0 47 0
26866 26867 794 186 793 186 0 1 59 58 28184 32 1
26867 26867 793 186 793 186 1 2 58 58 12037 21 0
26867 26868 793 186 794 186 2 1 58 57 -28184 32 1
26868 26868 794 186 794 186 1 0 57 57 -12037 21 0
26868 27769 794 186 794 186 0 0 57 57 0 901 0
27769 27770 794 186 793 186 0 1 57 56 12302 32 1
27770 27775 793 186 793 186 1 1 56 56 0 5 0
27775 27778 793 186 795 187 1 0 56 53 -12302 32 3
27778 31539 795 187 795 187 0 0 53 53 0 3761 0
31539 31542 795 187 793 186 0 1 53 50 13359 32 3
31542 31545 793 186 793 186 1 1 50 50 0 3 0
31545 31550 793 186 798 186 1 0 50 45 -13359 32 5
31550 31922 798 186 798 186 0 0 45 45 0 372 0
31922 31927 798 186 793 186 0 1 45 40 13450 32 5
31927 31929 793 186 793 188 1 0 40 38 -13450 32 2
31929 31999 793 188 793 188 0 0 38 38 0 70 0
31999 32001 793 188 793 186 0 1 38 36 13468 32 2
32001 32003 793 186 794 187 1 0 36 34 -13468 32 2
32003 32815 794 187 794 187 0 0 34 34 0 812 0
32815 32817 794 187 793 186 0 1 34 32 13697 32 2
32817 32819 793 186 793 186 1 1 32 32 0 2 0
32819 32822 793 186 796 186 1 0 32 29 -13697 32 3
32822 33531 796 186 796 186 0 0 29 29 0 709 0
33531 33534 796 186 793 186 0 1 29 26 13892 32 3
33534 33536 793 186 795 186 1 0 26 24 -13892 32 2
33536 33715 795 186 795 186 0 0 24 24 0 179 0
33715 33717 795 186 793 186 0 1 24 22 13936 32 2
33717 33721 793 186 793 186 1 1 22 22 0 4 0
33721 33723 793 186 794 187 1 0 22 20 -13936 32 2
33723 35544 794 187 794 187 0 0 20 20 0 1821 0
35544 35546 794 187 793 186 0 1 20 18 14414 32 2
35546 35547 793 186 794 186 1 0 18 17 -14414 32 1
35547 35890 794 186 794 186 0 0 17 17 0 343 0
35890 35891 794 186 793 186 0 1 17 16 14509 32 1
35891 35895 793 186 797 186 1 0 16 12 -14509 32 4
35895 36199 797 186 797 186 0 0 12 12 0 304 0
36199 36203 797 186 793 186 0 1 12 8 14586 32 4
36203 36207 793 186 796 187 1 0 8 4 -14586 32 4
36207 43263 796 187 796 187 0 0 4 4 0 7056 0
43263 43267 796 187 793 186 0 0 4 0 1000000000 0 4
--------------------------------------
--------------------------------------
EV5
--------------------------------------
Num TPs served = 18
TPs served = 14904 15526 16008 16176 16263 16682 16737 17179 17181 17595 17849 17887 18126 18532 19036 19449 19501 19858
Total energy used = 100
--------------------------------------
Schedule:
0 569 793 186 793 186 0 0 100 100 0 569 0
569 569 793 186 793 186 0 1 100 100 17595 32 0
569 571 793 186 793 186 1 1 100 100 0 2 0
571 576 793 186 795 189 1 0 100 95 -17595 32 5
576 1382 795 189 795 189 0 0 95 95 0 806 0
1382 1387 795 189 793 186 0 1 95 90 17849 32 5
1387 1389 793 186 793 186 1 1 90 90 0 2 0
1389 1390 793 186 793 187 1 0 90 89 -17849 32 1
1390 1493 793 187 793 187 0 0 89 89 0 103 0
1493 1494 793 187 793 186 0 1 89 88 17887 32 1
1494 1495 793 186 793 186 1 1 88 88 0 1 0
1495 1496 793 186 793 187 1 0 88 87 -17887 32 1
1496 2191 793 187 793 187 0 0 87 87 0 695 0
2191 2192 793 187 793 186 0 1 87 86 18126 32 1
2192 2193 793 186 794 186 1 0 86 85 -18126 32 1
2193 3501 794 186 794 186 0 0 85 85 0 1308 0
3501 3502 794 186 793 186 0 1 85 84 18532 32 1
3502 3503 793 186 793 186 1 1 84 84 0 1 0
3503 3506 793 186 794 188 1 0 84 81 -18532 32 3
3506 5109 794 188 794 188 0 0 81 81 0 1603 0
5109 5112 794 188 793 186 0 1 81 78 19036 32 3
5112 5115 793 186 793 189 1 0 78 75 -19036 32 3
5115 6386 793 189 793 189 0 0 75 75 0 1271 0
6386 6389 793 189 793 186 0 1 75 72 19449 32 3
6389 6393 793 186 797 186 1 0 72 68 -19449 32 4
6393 6549 797 186 797 186 0 0 68 68 0 156 0
6549 6553 797 186 793 186 0 1 68 64 19501 32 4
6553 6554 793 186 793 187 1 0 64 63 -19501 32 1
6554 7611 793 187 793 187 0 0 63 63 0 1057 0
7611 7612 793 187 793 186 0 1 63 62 19858 32 1
7612 7615 793 186 796 186 1 0 62 59 -19858 32 3
7615 37455 796 186 796 186 0 0 59 59 0 29840 0
37455 37458 796 186 793 186 0 1 59 56 14904 32 3
37458 37466 793 186 801 186 1 0 56 48 -14904 32 8
37466 39820 801 186 801 186 0 0 48 48 0 2354 0
39820 39828 801 186 793 186 0 1 48 40 15526 32 8
39828 39829 793 186 793 186 1 1 40 40 0 1 0
39829 39834 793 186 794 190 1 0 40 35 -15526 32 5
39834 40749 794 190 794 190 0 0 35 35 0 915 0
40749 40754 794 190 793 186 0 1 35 30 16008 32 5
40754 40756 793 186 793 186 1 1 30 30 0 2 0
40756 40757 793 186 794 186 1 0 30 29 -16008 32 1
40757 41073 794 186 794 186 0 0 29 29 0 316 0
41073 41074 794 186 793 186 0 1 29 28 16176 32 1
41074 41075 793 186 794 186 1 0 28 27 -16176 32 1
41075 41208 794 186 794 186 0 0 27 27 0 133 0
41208 41209 794 186 793 186 0 1 27 26 16263 32 1
41209 41214 793 186 797 187 1 0 26 21 -16263 32 5
41214 41913 797 187 797 187 0 0 21 21 0 699 0
41913 41918 797 187 793 186 0 1 21 16 16682 32 5
41918 41919 793 186 793 187 1 0 16 15 -16682 32 1
41919 42025 793 187 793 187 0 0 15 15 0 106 0
42025 42026 793 187 793 186 0 1 15 14 16737 32 1
42026 42027 793 186 793 186 1 1 14 14 0 1 0
42027 42030 793 186 796 186 1 0 14 11 -16737 32 3
42030 42811 796 186 796 186 0 0 11 11 0 781 0
42811 42814 796 186 793 186 0 1 11 8 17181 32 3
42814 42814 793 186 793 186 1 2 8 8 17179 30 0
42814 42817 793 186 796 186 2 1 8 5 -17181 32 3
42817 42821 796 186 793 187 1 0 5 1 -17179 25 4
42821 43266 793 187 793 187 0 0 1 1 0 445 0
43266 43267 793 187 793 186 0 0 1 0 1000000000 0 1
--------------------------------------
--------------------------------------
EV6
--------------------------------------
Num TPs served = 21
TPs served = 19927 20848 21193 21400 21662 21673 21974 22097 22378 22717 22844 22899 23341 23817 24871 24936 25109 25390 25433 25882 25982
Total energy used = 100
--------------------------------------
Schedule:
0 7824 793 186 793 186 0 0 100 100 0 7824 0
7824 7824 793 186 793 186 0 1 100 100 19927 32 0
7824 7826 793 186 794 187 1 0 100 98 -19927 32 2
7826 10373 794 187 794 187 0 0 98 98 0 2547 0
10373 10375 794 187 793 186 0 1 98 96 20848 32 2
10375 10376 793 186 793 186 1 1 96 96 0 1 0
10376 10381 793 186 794 190 1 0 96 91 -20848 32 5
10381 11282 794 190 794 190 0 0 91 91 0 901 0
11282 11287 794 190 793 186 0 1 91 86 21193 32 5
11287 11289 793 186 793 188 1 0 86 84 -21193 32 2
11289 11838 793 188 793 188 0 0 84 84 0 549 0
11838 11840 793 188 793 186 0 1 84 82 21400 32 2
11840 11841 793 186 794 186 1 0 82 81 -21400 32 1
11841 12548 794 186 794 186 0 0 81 81 0 707 0
12548 12549 794 186 793 186 0 1 81 80 21662 32 1
12549 12551 793 186 795 186 1 0 80 78 -21662 32 2
12551 12593 795 186 795 186 0 0 78 78 0 42 0
12593 12595 795 186 793 186 0 1 78 76 21673 32 2
12595 12600 793 186 797 187 1 0 76 71 -21673 32 5
12600 13394 797 187 797 187 0 0 71 71 0 794 0
13394 13399 797 187 793 186 0 1 71 66 21974 32 5
13399 13401 793 186 793 186 1 1 66 66 0 2 0
13401 13410 793 186 797 191 1 0 66 57 -21974 32 9
13410 13705 797 191 797 191 0 0 57 57 0 295 0
13705 13714 797 191 793 186 0 1 57 48 22097 32 9
13714 13716 793 186 795 186 1 0 48 46 -22097 32 2
13716 14426 795 186 795 186 0 0 46 46 0 710 0
14426 14428 795 186 793 186 0 1 46 44 22378 32 2
14428 14430 793 186 793 186 1 1 44 44 0 2 0
14430 14431 793 186 793 187 1 0 44 43 -22378 32 1
14431 15292 793 187 793 187 0 0 43 43 0 861 0
15292 15293 793 187 793 186 0 1 43 42 22717 32 1
15293 15295 793 186 795 186 1 0 42 40 -22717 32 2
15295 15614 795 186 795 186 0 0 40 40 0 319 0
15614 15616 795 186 793 186 0 1 40 38 22844 32 2
15616 15617 793 186 793 186 1 1 38 38 0 1 0
15617 15620 793 186 795 187 1 0 38 35 -22844 32 3
15620 15725 795 187 795 187 0 0 35 35 0 105 0
15725 15728 795 187 793 186 0 1 35 32 22899 32 3
15728 15730 793 186 795 186 1 0 32 30 -22899 32 2
15730 16812 795 186 795 186 0 0 30 30 0 1082 0
16812 16814 795 186 793 186 0 1 30 28 23341 32 2
16814 16816 793 186 795 186 1 0 28 26 -23341 32 2
16816 17885 795 186 795 186 0 0 26 26 0 1069 0
17885 17887 795 186 793 186 0 1 26 24 23817 32 2
17887 17888 793 186 793 186 1 1 24 24 0 1 0
17888 17889 793 186 794 186 1 0 24 23 -23817 32 1
17889 20191 794 186 794 186 0 0 23 23 0 2302 0
20191 20192 794 186 793 186 0 1 23 22 24871 32 1
20192 20193 793 186 793 187 1 0 22 21 -24871 32 1
20193 20340 793 187 793 187 0 0 21 21 0 147 0
20340 20341 793 187 793 186 0 1 21 20 24936 32 1
20341 20343 793 186 795 186 1 0 20 18 -24936 32 2
20343 20751 795 186 795 186 0 0 18 18 0 408 0
20751 20753 795 186 793 186 0 1 18 16 25109 32 2
20753 20754 793 186 793 187 1 0 16 15 -25109 32 1
20754 21349 793 187 793 187 0 0 15 15 0 595 0
21349 21350 793 187 793 186 0 1 15 14 25390 32 1
21350 21365 793 186 793 186 1 1 14 14 0 15 0
21365 21368 793 186 795 187 1 0 14 11 -25390 32 3
21368 21426 795 187 795 187 0 0 11 11 0 58 0
21426 21429 795 187 793 186 0 1 11 8 25433 32 3
21429 21432 793 186 793 186 1 1 8 8 0 3 0
21432 21433 793 186 793 187 1 0 8 7 -25433 32 1
21433 22393 793 187 793 187 0 0 7 7 0 960 0
22393 22394 793 187 793 186 0 1 7 6 25882 32 1
22394 22395 793 186 794 186 1 0 6 5 -25882 32 1
22395 22615 794 186 794 186 0 0 5 5 0 220 0
22615 22616 794 186 793 186 0 1 5 4 25982 32 1
22616 22618 793 186 794 187 1 0 4 2 -25982 32 2
22618 43265 794 187 794 187 0 0 2 2 0 20647 0
43265 43267 794 187 793 186 0 0 2 0 1000000000 0 2
--------------------------------------
--------------------------------------
EV7
--------------------------------------
Num TPs served = 24
TPs served = 26176 26249 26513 26678 28035 28114 28118 28562 29138 29730 30176 30182 30656 30929 31242 31893 32124 32183 32373 32448 33669 33818 35539 44536
Total energy used = 100
--------------------------------------
Schedule:
0 1196 793 186 793 186 0 0 100 100 0 1196 0
1196 1196 793 186 793 186 0 1 100 100 35539 32 0
1196 1197 793 186 793 187 1 0 100 99 -35539 32 1
1197 23000 793 187 793 187 0 0 99 99 0 21803 0
23000 23001 793 187 793 186 0 1 99 98 26176 32 1
23001 23002 793 186 793 186 1 1 98 98 0 1 0
23002 23003 793 186 794 186 1 0 98 97 -26176 32 1
23003 23180 794 186 794 186 0 0 97 97 0 177 0
23180 23181 794 186 793 186 0 1 97 96 44536 32 1
23181 23181 793 186 793 186 1 2 96 96 26249 26 0
23181 23182 793 186 794 186 2 1 96 95 -44536 32 1
23182 23184 794 186 795 187 1 0 95 93 -26249 26 2
23184 23659 795 187 795 187 0 0 93 93 0 475 0
23659 23662 795 187 793 186 0 1 93 90 26513 32 3
23662 23663 793 186 793 187 1 0 90 89 -26513 32 1
23663 24014 793 187 793 187 0 0 89 89 0 351 0
24014 24015 793 187 793 186 0 1 89 88 26678 32 1
24015 24017 793 186 793 186 1 1 88 88 0 2 0
24017 24018 793 186 793 187 1 0 88 87 -26678 32 1
24018 26587 793 187 793 187 0 0 87 87 0 2569 0
26587 26588 793 187 793 186 0 1 87 86 28035 32 1
26588 26590 793 186 795 186 1 0 86 84 -28035 32 2
26590 26746 795 186 795 186 0 0 84 84 0 156 0
26746 26748 795 186 793 186 0 1 84 82 28118 32 2
26748 26748 793 186 793 186 1 2 82 82 28114 26 0
26748 26749 793 186 793 187 2 1 82 81 -28118 32 1
26749 26752 793 187 795 186 1 0 81 78 -28114 24 3
26752 27598 795 186 795 186 0 0 78 78 0 846 0
27598 27600 795 186 793 186 0 1 78 76 28562 32 2
27600 27603 793 186 796 186 1 0 76 73 -28562 32 3
27603 28756 796 186 796 186 0 0 73 73 0 1153 0
28756 28759 796 186 793 186 0 1 73 70 29138 32 3
28759 28761 793 186 793 186 1 1 70 70 0 2 0
28761 28766 793 186 795 189 1 0 70 65 -29138 32 5
28766 29941 795 189 795 189 0 0 65 65 0 1175 0
29941 29946 795 189 793 186 0 1 65 60 29730 32 5
29946 29950 793 186 794 189 1 0 60 56 -29730 32 4
29950 30813 794 189 794 189 0 0 56 56 0 863 0
30813 30817 794 189 793 186 0 1 56 52 30182 32 4
30817 30817 793 186 793 186 1 2 52 52 30176 23 0
30817 30820 793 186 793 186 2 2 52 52 0 3 0
30820 30823 793 186 795 187 2 1 52 49 -30182 32 3
30823 30824 795 187 795 186 1 0 49 48 -30176 18 1
30824 31761 795 186 795 186 0 0 48 48 0 937 0
31761 31763 795 186 793 186 0 1 48 46 30656 32 2
31763 31765 793 186 795 186 1 0 46 44 -30656 32 2
31765 32358 795 186 795 186 0 0 44 44 0 593 0
32358 32360 795 186 793 186 0 1 44 42 30929 32 2
32360 32362 793 186 795 186 1 0 42 40 -30929 32 2
32362 33030 795 186 795 186 0 0 40 40 0 668 0
33030 33032 795 186 793 186 0 1 40 38 31242 32 2
33032 33033 793 186 793 187 1 0 38 37 -31242 32 1
33033 34474 793 187 793 187 0 0 37 37 0 1441 0
34474 34475 793 187 793 186 0 1 37 36 31893 32 1
34475 34480 793 186 798 186 1 0 36 31 -31893 32 5
34480 34990 798 186 798 186 0 0 31 31 0 510 0
34990 34995 798 186 793 186 0 1 31 26 32124 32 5
34995 34996 793 186 793 186 1 1 26 26 0 1 0
34996 34997 793 186 794 186 1 0 26 25 -32124 32 1
34997 35157 794 186 794 186 0 0 25 25 0 160 0
35157 35158 794 186 793 186 0 1 25 24 32183 32 1
35158 35159 793 186 793 186 1 1 24 24 0 1 0
35159 35162 793 186 794 188 1 0 24 21 -32183 32 3
35162 35622 794 188 794 188 0 0 21 21 0 460 0
35622 35625 794 188 793 186 0 1 21 18 32373 32 3
35625 35626 793 186 793 186 1 1 18 18 0 1 0
35626 35627 793 186 794 186 1 0 18 17 -32373 32 1
35627 35800 794 186 794 186 0 0 17 17 0 173 0
35800 35801 794 186 793 186 0 1 17 16 32448 32 1
35801 35804 793 186 795 187 1 0 16 13 -32448 32 3
35804 38911 795 187 795 187 0 0 13 13 0 3107 0
38911 38914 795 187 793 186 0 1 13 10 33669 32 3
38914 38915 793 186 793 186 1 1 10 10 0 1 0
38915 38918 793 186 796 186 1 0 10 7 -33669 32 3
38918 39336 796 186 796 186 0 0 7 7 0 418 0
39336 39339 796 186 793 186 0 1 7 4 33818 32 3
39339 39342 793 186 793 186 1 1 4 4 0 3 0
39342 39344 793 186 793 188 1 0 4 2 -33818 32 2
39344 43265 793 188 793 188 0 0 2 2 0 3921 0
43265 43267 793 188 793 186 0 0 2 0 1000000000 0 2
--------------------------------------
--------------------------------------
EV8
--------------------------------------
Num TPs served = 16
TPs served = 34456 34854 35169 35725 35757 36002 36005 36130 36417 36918 37017 37432 37813 38021 38666 39959
Total energy used = 100
--------------------------------------
Schedule:
0 92 793 186 793 186 0 0 100 100 0 92 0
92 92 793 186 793 186 0 1 100 100 35169 32 0
92 95 793 186 796 186 1 0 100 97 -35169 32 3
95 1693 796 186 796 186 0 0 97 97 0 1598 0
1693 1696 796 186 793 186 0 1 97 94 35725 32 3
1696 1697 793 186 793 187 1 0 94 93 -35725 32 1
1697 1790 793 187 793 187 0 0 93 93 0 93 0
1790 1791 793 187 793 186 0 1 93 92 35757 32 1
1791 1792 793 186 793 186 1 1 92 92 0 1 0
1792 1797 793 186 797 187 1 0 92 87 -35757 32 5
1797 2483 797 187 797 187 0 0 87 87 0 686 0
2483 2488 797 187 793 186 0 1 87 82 36005 32 5
2488 2488 793 186 793 186 1 2 82 82 36002 24 0
2488 2498 793 186 803 186 2 1 82 72 -36005 32 10
2498 2506 803 186 795 186 1 0 72 64 -36002 8 8
2506 2872 795 186 795 186 0 0 64 64 0 366 0
2872 2874 795 186 793 186 0 1 64 62 36130 32 2
2874 2876 793 186 794 187 1 0 62 60 -36130 32 2
2876 3707 794 187 794 187 0 0 60 60 0 831 0
3707 3709 794 187 793 186 0 1 60 58 36417 32 2
3709 3711 793 186 794 187 1 0 58 56 -36417 32 2
3711 5212 794 187 794 187 0 0 56 56 0 1501 0
5212 5214 794 187 793 186 0 1 56 54 36918 32 2
5214 5216 793 186 793 188 1 0 54 52 -36918 32 2
5216 5483 793 188 793 188 0 0 52 52 0 267 0
5483 5485 793 188 793 186 0 1 52 50 37017 32 2
5485 5487 793 186 793 186 1 1 50 50 0 2 0
5487 5493 793 186 798 187 1 0 50 44 -37017 32 6
5493 6697 798 187 798 187 0 0 44 44 0 1204 0
6697 6703 798 187 793 186 0 1 44 38 37432 32 6
6703 6704 793 186 793 187 1 0 38 37 -37432 32 1
6704 7766 793 187 793 187 0 0 37 37 0 1062 0
7766 7767 793 187 793 186 0 1 37 36 37813 32 1
7767 7770 793 186 793 186 1 1 36 36 0 3 0
7770 7774 793 186 796 187 1 0 36 32 -37813 32 4
7774 8331 796 187 796 187 0 0 32 32 0 557 0
8331 8335 796 187 793 186 0 1 32 28 38021 32 4
8335 8337 793 186 795 186 1 0 28 26 -38021 32 2
8337 10077 795 186 795 186 0 0 26 26 0 1740 0
10077 10079 795 186 793 186 0 1 26 24 38666 32 2
10079 10082 793 186 795 187 1 0 24 21 -38666 32 3
10082 13306 795 187 795 187 0 0 21 21 0 3224 0
13306 13309 795 187 793 186 0 1 21 18 39959 32 3
13309 13310 793 186 794 186 1 0 18 17 -39959 32 1
13310 41117 794 186 794 186 0 0 17 17 0 27807 0
41117 41118 794 186 793 186 0 1 17 16 34456 32 1
41118 41122 793 186 794 189 1 0 16 12 -34456 32 4
41122 42299 794 189 794 189 0 0 12 12 0 1177 0
42299 42303 794 189 793 186 0 1 12 8 34854 32 4
42303 42310 793 186 793 186 1 1 8 8 0 7 0
42310 42314 793 186 797 186 1 0 8 4 -34854 32 4
42314 43263 797 186 797 186 0 0 4 4 0 949 0
43263 43267 797 186 793 186 0 0 4 0 1000000000 0 4
--------------------------------------

-------------------------------------------------------------------------

TPs

-------------------------------------------------------------------------

----------------------
TP46 allocated to 1
----------------------

----------------------
TP623 allocated to 1
----------------------

----------------------
TP1024 allocated to 1
----------------------

----------------------
TP1180 allocated to 1
----------------------

----------------------
TP1360 allocated to 1
----------------------

----------------------
TP1428 allocated to 1
----------------------

----------------------
TP1536 allocated to 1
----------------------

----------------------
TP1707 allocated to 1
----------------------

----------------------
TP1814 allocated to 1
----------------------

----------------------
TP2163 allocated to 1
----------------------

----------------------
TP2185 allocated to 1
----------------------

----------------------
TP2298 allocated to 1
----------------------

----------------------
TP2539 allocated to 1
----------------------

----------------------
TP2718 allocated to 1
----------------------

----------------------
TP2810 allocated to 2
----------------------

----------------------
TP3175 allocated to 1
----------------------

----------------------
TP3426 allocated to 2
----------------------

----------------------
TP3959 allocated to 1
----------------------

----------------------
TP4149 allocated to 2
----------------------

----------------------
TP4294 allocated to 1
----------------------

----------------------
TP4417 allocated to 2
----------------------

----------------------
TP4545 allocated to 2
----------------------

----------------------
TP4723 allocated to 1
----------------------

----------------------
TP5211 allocated to 2
----------------------

----------------------
TP5378 allocated to 2
----------------------

----------------------
TP6017 allocated to 1
----------------------

----------------------
TP6478 allocated to 2
----------------------

----------------------
TP7001 allocated to 2
----------------------

----------------------
TP7210 allocated to 2
----------------------

----------------------
TP7297 allocated to 1
----------------------

----------------------
TP7834 allocated to 2
----------------------

----------------------
TP7862 allocated to 2
----------------------

----------------------
TP7949 allocated to 3
----------------------

----------------------
TP8114 allocated to 3
----------------------

----------------------
TP8339 allocated to 2
----------------------

----------------------
TP8368 allocated to 3
----------------------

----------------------
TP8534 allocated to 3
----------------------

----------------------
TP8642 allocated to 3
----------------------

----------------------
TP9395 allocated to 1
----------------------

----------------------
TP9636 allocated to 3
----------------------

----------------------
TP9766 allocated to 3
----------------------

----------------------
TP9805 allocated to 3
----------------------

----------------------
TP9829 allocated to 3
----------------------

----------------------
TP9954 allocated to 3
----------------------

----------------------
TP10103 allocated to 3
----------------------

----------------------
TP10127 allocated to 1
----------------------

----------------------
TP10176 allocated to 4
----------------------

----------------------
TP10401 allocated to 4
----------------------

----------------------
TP10430 allocated to 4
----------------------

----------------------
TP10431 allocated to 4
----------------------

----------------------
TP10525 allocated to 4
----------------------

----------------------
TP10673 allocated to 4
----------------------

----------------------
TP10741 allocated to 4
----------------------

----------------------
TP10777 allocated to 4
----------------------

----------------------
TP10964 allocated to 4
----------------------

----------------------
TP11665 allocated to 4
----------------------

----------------------
TP12023 allocated to 4
----------------------

----------------------
TP12037 allocated to 4
----------------------

----------------------
TP12302 allocated to 4
----------------------

----------------------
TP13359 allocated to 4
----------------------

----------------------
TP13450 allocated to 4
----------------------

----------------------
TP13468 allocated to 4
----------------------

----------------------
TP13697 allocated to 4
----------------------

----------------------
TP13892 allocated to 4
----------------------

----------------------
TP13936 allocated to 4
----------------------

----------------------
TP14414 allocated to 4
----------------------

----------------------
TP14509 allocated to 4
----------------------

----------------------
TP14586 allocated to 4
----------------------

----------------------
TP14904 allocated to 5
----------------------

----------------------
TP15526 allocated to 5
----------------------

----------------------
TP15548 allocated to 1
----------------------

----------------------
TP16008 allocated to 5
----------------------

----------------------
TP16176 allocated to 5
----------------------

----------------------
TP16263 allocated to 5
----------------------

----------------------
TP16682 allocated to 5
----------------------

----------------------
TP16737 allocated to 5
----------------------

----------------------
TP17179 allocated to 5
----------------------

----------------------
TP17181 allocated to 5
----------------------

----------------------
TP17528 allocated to 1
----------------------

----------------------
TP17595 allocated to 5
----------------------

----------------------
TP17849 allocated to 5
----------------------

----------------------
TP17887 allocated to 5
----------------------

----------------------
TP18126 allocated to 5
----------------------

----------------------
TP18532 allocated to 5
----------------------

----------------------
TP19036 allocated to 5
----------------------

----------------------
TP19449 allocated to 5
----------------------

----------------------
TP19501 allocated to 5
----------------------

----------------------
TP19858 allocated to 5
----------------------

----------------------
TP19927 allocated to 6
----------------------

----------------------
TP20848 allocated to 6
----------------------

----------------------
TP21193 allocated to 6
----------------------

----------------------
TP21400 allocated to 6
----------------------

----------------------
TP21662 allocated to 6
----------------------

----------------------
TP21673 allocated to 6
----------------------

----------------------
TP21974 allocated to 6
----------------------

----------------------
TP22097 allocated to 6
----------------------

----------------------
TP22378 allocated to 6
----------------------

----------------------
TP22717 allocated to 6
----------------------

----------------------
TP22844 allocated to 6
----------------------

----------------------
TP22899 allocated to 6
----------------------

----------------------
TP23341 allocated to 6
----------------------

----------------------
TP23713 allocated to 1
----------------------

----------------------
TP23759 allocated to 1
----------------------

----------------------
TP23817 allocated to 6
----------------------

----------------------
TP24739 allocated to 3
----------------------

----------------------
TP24871 allocated to 6
----------------------

----------------------
TP24936 allocated to 6
----------------------

----------------------
TP25109 allocated to 6
----------------------

----------------------
TP25390 allocated to 6
----------------------

----------------------
TP25433 allocated to 6
----------------------

----------------------
TP25882 allocated to 6
----------------------

----------------------
TP25982 allocated to 6
----------------------

----------------------
TP26176 allocated to 7
----------------------

----------------------
TP26249 allocated to 7
----------------------

----------------------
TP26513 allocated to 7
----------------------

----------------------
TP26678 allocated to 7
----------------------

----------------------
TP28035 allocated to 7
----------------------

----------------------
TP28114 allocated to 7
----------------------

----------------------
TP28118 allocated to 7
----------------------

----------------------
TP28184 allocated to 4
----------------------

----------------------
TP28562 allocated to 7
----------------------

----------------------
TP29138 allocated to 7
----------------------

----------------------
TP29550 allocated to 1
----------------------

----------------------
TP29730 allocated to 7
----------------------

----------------------
TP30176 allocated to 7
----------------------

----------------------
TP30182 allocated to 7
----------------------

----------------------
TP30656 allocated to 7
----------------------

----------------------
TP30733 allocated to 1
----------------------

----------------------
TP30929 allocated to 7
----------------------

----------------------
TP31242 allocated to 7
----------------------

----------------------
TP31893 allocated to 7
----------------------

----------------------
TP32124 allocated to 7
----------------------

----------------------
TP32183 allocated to 7
----------------------

----------------------
TP32373 allocated to 7
----------------------

----------------------
TP32448 allocated to 7
----------------------

----------------------
TP32897 allocated to 1
----------------------

----------------------
TP32921 allocated to 1
----------------------

----------------------
TP33669 allocated to 7
----------------------

----------------------
TP33818 allocated to 7
----------------------

----------------------
TP34456 allocated to 8
----------------------

----------------------
TP34854 allocated to 8
----------------------

----------------------
TP35169 allocated to 8
----------------------

----------------------
TP35539 allocated to 7
----------------------

----------------------
TP35725 allocated to 8
----------------------

----------------------
TP35757 allocated to 8
----------------------

----------------------
TP35850 allocated to 1
----------------------

----------------------
TP36002 allocated to 8
----------------------

----------------------
TP36005 allocated to 8
----------------------

----------------------
TP36096 allocated to 1
----------------------

----------------------
TP36130 allocated to 8
----------------------

----------------------
TP36417 allocated to 8
----------------------

----------------------
TP36918 allocated to 8
----------------------

----------------------
TP37017 allocated to 8
----------------------

----------------------
TP37432 allocated to 8
----------------------

----------------------
TP37813 allocated to 8
----------------------

----------------------
TP38021 allocated to 8
----------------------

----------------------
TP38666 allocated to 8
----------------------

----------------------
TP39135 not allocated
----------------------

----------------------
TP39334 not allocated
----------------------

----------------------
TP39749 not allocated
----------------------

----------------------
TP39959 allocated to 8
----------------------

----------------------
TP40253 not allocated
----------------------

----------------------
TP40365 not allocated
----------------------

----------------------
TP41068 not allocated
----------------------

----------------------
TP41209 not allocated
----------------------

----------------------
TP41325 not allocated
----------------------

----------------------
TP41348 allocated to 3
----------------------

----------------------
TP41443 not allocated
----------------------

----------------------
TP41761 not allocated
----------------------

----------------------
TP41872 not allocated
----------------------

----------------------
TP41978 not allocated
----------------------

----------------------
TP42182 not allocated
----------------------

----------------------
TP42873 allocated to 3
----------------------

----------------------
TP43354 allocated to 4
----------------------

----------------------
TP43426 allocated to 1
----------------------

----------------------
TP43805 not allocated
----------------------

----------------------
TP44505 not allocated
----------------------

----------------------
TP44536 allocated to 7
----------------------

----------------------
TP44542 not allocated
----------------------

----------------------
TP44556 not allocated
----------------------

----------------------
TP44697 not allocated
----------------------

----------------------
TP44945 not allocated
----------------------

----------------------
TP45156 not allocated
----------------------

----------------------
TP45275 not allocated
----------------------

----------------------
TP45380 not allocated
----------------------

----------------------
TP45762 allocated to 1
----------------------

----------------------
TP46016 allocated to 1
----------------------

----------------------
TP46030 not allocated
----------------------

----------------------
TP46162 not allocated
----------------------

----------------------
TP46204 not allocated
----------------------

----------------------
TP46209 not allocated
----------------------

----------------------
TP46567 not allocated
----------------------

----------------------
TP46669 not allocated
----------------------

----------------------
TP47425 not allocated
----------------------

----------------------
TP47638 not allocated
----------------------

----------------------
TP47689 not allocated
----------------------

----------------------
TP47706 not allocated
----------------------

----------------------
TP47899 not allocated
----------------------

----------------------
TP47923 not allocated
----------------------

----------------------
TP48512 not allocated
----------------------

----------------------
TP48649 not allocated
----------------------

----------------------
TP48919 not allocated
----------------------

----------------------
TP49031 allocated to 1
----------------------

----------------------
TP49148 not allocated
----------------------

----------------------
TP49704 not allocated
----------------------

-------------------------------------------------------------------------

Ride-sharing vs Individual Mode - Num Vehicles and Distance Comparisson 

-------------------------------------------------------------------------
Individual Mode = 205 vehicles.
Ride-sharing Mode = 47 vehicles. The 8 ride-sharing vehicles + 39 vehicles of the individuals not served by the ride-sharing service.
-------------------------------------------------------------------------
Individual Mode = 523 distance.
Ride-sharing Mode = 910 distance. 800 from the EV fleet + 110 from the distance of the trips not covered individuals had to do with their own vehicle.
-------------------------------------------------------------------------
