-------------------------------------------------------------------------
TPs satisfied = 125; Total TPs = 182; Percentage Satisfied + 68.7%
-------------------------------------------------------------------------

-------------------------------------------------------------------------

EVs

-------------------------------------------------------------------------
--------------------------------------
EV1
--------------------------------------
Num TPs served = 45
TPs served = 121 198 241 639 1150 1261 1310 1815 2244 2252 2339 2477 2495 2608 2883 2984 3138 3372 3428 3484 3587 4466 4487 5156 5164 5845 6367 6459 6812 7558 8833 12091 13957 14681 21097 21717 25119 26058 28228 29956 35940 36254 37809 38696 42352
Total energy used = 100
--------------------------------------
Schedule:
0 233 671 682 671 682 0 0 100 100 0 233 0
233 233 671 682 671 682 0 1 100 100 121 32 0
233 234 671 682 672 682 1 0 100 99 -121 32 1
234 385 672 682 672 682 0 0 99 99 0 151 0
385 386 672 682 671 682 0 1 99 98 198 32 1
386 392 671 682 677 682 1 0 98 92 -198 32 6
392 459 677 682 677 682 0 0 92 92 0 67 0
459 465 677 682 671 682 0 1 92 86 241 32 6
465 467 671 682 671 684 1 0 86 84 -241 32 2
467 1143 671 684 671 684 0 0 84 84 0 676 0
1143 1145 671 684 671 682 0 1 84 82 639 32 2
1145 1146 671 682 672 682 1 0 82 81 -639 32 1
1146 2013 672 682 672 682 0 0 81 81 0 867 0
2013 2014 672 682 671 682 0 1 81 80 1150 32 1
2014 2017 671 682 671 682 1 1 80 80 0 3 0
2017 2019 671 682 672 683 1 0 80 78 -1150 32 2
2019 2198 672 683 672 683 0 0 78 78 0 179 0
2198 2200 672 683 671 682 0 1 78 76 1261 32 2
2200 2202 671 682 673 682 1 0 76 74 -1261 32 2
2202 2306 673 682 673 682 0 0 74 74 0 104 0
2306 2308 673 682 671 682 0 1 74 72 35940 32 2
2308 2308 671 682 671 682 1 2 72 72 1310 26 0
2308 2308 671 682 671 682 2 1 72 72 -1310 28 0
2308 2309 671 682 671 682 1 1 72 72 0 1 0
2309 2309 671 682 671 682 1 0 72 72 -35940 32 0
2309 3168 671 682 671 682 0 0 72 72 0 859 0
3168 3168 671 682 671 682 0 1 72 72 1815 32 0
3168 3170 671 682 671 682 1 1 72 72 0 2 0
3170 3172 671 682 672 683 1 0 72 70 -1815 32 2
3172 3218 672 683 672 683 0 0 70 70 0 46 0
3218 3220 672 683 671 682 0 1 70 68 36254 32 2
3220 3222 671 682 671 682 1 1 68 68 0 2 0
3222 3222 671 682 671 682 1 0 68 68 -36254 32 0
3222 3997 671 682 671 682 0 0 68 68 0 775 0
3997 3997 671 682 671 682 0 1 68 68 2252 32 0
3997 3997 671 682 671 682 1 2 68 68 2244 18 0
3997 3998 671 682 671 683 2 1 68 67 -2252 32 1
3998 3998 671 683 671 683 1 0 67 67 -2244 19 0
3998 4153 671 683 671 683 0 0 67 67 0 155 0
4153 4154 671 683 671 682 0 1 67 66 2339 32 1
4154 4156 671 682 673 682 1 0 66 64 -2339 32 2
4156 4434 673 682 673 682 0 0 64 64 0 278 0
4434 4436 673 682 671 682 0 1 64 62 2495 32 2
4436 4436 671 682 671 682 1 2 62 62 2477 4 0
4436 4437 671 682 672 682 2 1 62 61 -2495 32 1
4437 4438 672 682 673 682 1 0 61 60 -2477 5 1
4438 4637 673 682 673 682 0 0 60 60 0 199 0
4637 4639 673 682 671 682 0 1 60 58 2608 32 2
4639 4641 671 682 673 682 1 0 58 56 -2608 32 2
4641 5139 673 682 673 682 0 0 56 56 0 498 0
5139 5141 673 682 671 682 0 1 56 54 2883 32 2
5141 5142 671 682 672 682 1 0 54 53 -2883 32 1
5142 5323 672 682 672 682 0 0 53 53 0 181 0
5323 5324 672 682 671 682 0 1 53 52 2984 32 1
5324 5328 671 682 675 682 1 0 52 48 -2984 32 4
5328 5589 675 682 675 682 0 0 48 48 0 261 0
5589 5593 675 682 671 682 0 1 48 44 3138 32 4
5593 5594 671 682 671 682 1 1 44 44 0 1 0
5594 5594 671 682 671 682 1 0 44 44 -3138 32 0
5594 5999 671 682 671 682 0 0 44 44 0 405 0
5999 5999 671 682 671 682 0 1 44 44 3372 32 0
5999 6000 671 682 671 682 1 1 44 44 0 1 0
6000 6001 671 682 672 682 1 0 44 43 -3372 32 1
6001 6104 672 682 672 682 0 0 43 43 0 103 0
6104 6105 672 682 671 682 0 1 43 42 3428 32 1
6105 6106 671 682 671 682 1 1 42 42 0 1 0
6106 6107 671 682 672 682 1 0 42 41 -3428 32 1
6107 6204 672 682 672 682 0 0 41 41 0 97 0
6204 6205 672 682 671 682 0 1 41 40 3484 32 1
6205 6208 671 682 674 682 1 0 40 37 -3484 32 3
6208 6416 674 682 674 682 0 0 37 37 0 208 0
6416 6419 674 682 671 682 0 1 37 34 3587 32 3
6419 6421 671 682 673 682 1 0 34 32 -3587 32 2
6421 7754 673 682 673 682 0 0 32 32 0 1333 0
7754 7756 673 682 671 682 0 1 32 30 37809 32 2
7756 7757 671 682 671 682 1 1 30 30 0 1 0
7757 7757 671 682 671 682 1 0 30 30 -37809 32 0
7757 8049 671 682 671 682 0 0 30 30 0 292 0
8049 8049 671 682 671 682 0 1 30 30 4466 32 0
8049 8052 671 682 671 682 1 1 30 30 0 3 0
8052 8053 671 682 672 682 1 0 30 29 -4466 32 1
8053 8087 672 682 672 682 0 0 29 29 0 34 0
8087 8088 672 682 671 682 0 1 29 28 4487 32 1
8088 8092 671 682 675 682 1 0 28 24 -4487 32 4
8092 9373 675 682 675 682 0 0 24 24 0 1281 0
9373 9377 675 682 671 682 0 1 24 20 5164 32 4
9377 9377 671 682 671 682 1 2 20 20 5156 15 0
9377 9378 671 682 672 682 2 1 20 19 -5164 32 1
9378 9379 672 682 673 682 1 0 19 18 -5156 15 1
9379 10146 673 682 673 682 0 0 18 18 0 767 0
10146 10148 673 682 671 682 0 1 18 16 38696 32 2
10148 10150 671 682 671 682 1 1 16 16 0 2 0
10150 10150 671 682 671 682 1 0 16 16 -38696 32 0
10150 10697 671 682 671 682 0 0 16 16 0 547 0
10697 10697 671 682 671 682 0 1 16 16 5845 32 0
10697 10699 671 682 672 683 1 0 16 14 -5845 32 2
10699 10990 672 683 672 683 0 0 14 14 0 291 0
10990 10992 672 683 671 682 0 1 14 12 21097 32 2
10992 10993 671 682 671 682 1 1 12 12 0 1 0
10993 10993 671 682 671 682 1 0 12 12 -21097 32 0
10993 11696 671 682 671 682 0 0 12 12 0 703 0
11696 11696 671 682 671 682 0 1 12 12 6367 32 0
11696 11697 671 682 671 683 1 0 12 11 -6367 32 1
11697 11853 671 683 671 683 0 0 11 11 0 156 0
11853 11854 671 683 671 682 0 1 11 10 6459 32 1
11854 11858 671 682 671 682 1 1 10 10 0 4 0
11858 11859 671 682 672 682 1 0 10 9 -6459 32 1
11859 12596 672 682 672 682 0 0 9 9 0 737 0
12596 12597 672 682 671 682 0 1 9 8 6812 32 1
12597 12598 671 682 672 682 1 0 8 7 -6812 32 1
12598 12728 672 682 672 682 0 0 7 7 0 130 0
12728 12729 672 682 671 682 0 1 7 6 21717 32 1
12729 12731 671 682 671 682 1 1 6 6 0 2 0
12731 12731 671 682 671 682 1 0 6 6 -21717 32 0
12731 14230 671 682 671 682 0 0 6 6 0 1499 0
14230 14230 671 682 671 682 0 1 6 6 7558 32 0
14230 14232 671 682 671 684 1 0 6 4 -7558 32 2
14232 17209 671 684 671 684 0 0 4 4 0 2977 0
17209 17211 671 684 671 682 0 1 4 2 8833 32 2
17211 17212 671 682 671 683 1 0 2 1 -8833 32 1
17212 18813 671 683 671 683 0 0 1 1 0 1601 0
18813 18814 671 683 671 682 0 1 1 0 42352 32 1
18814 18815 671 682 671 682 1 1 0 0 0 1 0
18815 18815 671 682 671 682 1 0 0 0 -42352 32 0
18815 20774 671 682 671 682 0 0 0 0 0 1959 0
20774 20774 671 682 671 682 0 1 0 0 25119 32 0
20774 20776 671 682 671 682 1 1 0 0 0 2 0
20776 20776 671 682 671 682 1 0 0 0 -25119 32 0
20776 22771 671 682 671 682 0 0 0 0 0 1995 0
22771 22771 671 682 671 682 0 1 0 0 26058 32 0
22771 22772 671 682 671 682 1 1 0 0 0 1 0
22772 22772 671 682 671 682 1 0 0 0 -26058 32 0
22772 26961 671 682 671 682 0 0 0 0 0 4189 0
26961 26961 671 682 671 682 0 1 0 0 28228 32 0
26961 26963 671 682 671 682 1 1 0 0 0 2 0
26963 26963 671 682 671 682 1 0 0 0 -28228 32 0
26963 27037 671 682 671 682 0 0 0 0 0 74 0
27037 27037 671 682 671 682 0 1 0 0 12091 32 0
27037 27038 671 682 671 682 1 1 0 0 0 1 0
27038 27038 671 682 671 682 1 0 0 0 -12091 32 0
27038 30392 671 682 671 682 0 0 0 0 0 3354 0
30392 30392 671 682 671 682 0 1 0 0 29956 32 0
30392 30394 671 682 671 682 1 1 0 0 0 2 0
30394 30394 671 682 671 682 1 0 0 0 -29956 32 0
30394 33800 671 682 671 682 0 0 0 0 0 3406 0
33800 33800 671 682 671 682 0 1 0 0 13957 32 0
33800 33801 671 682 671 682 1 1 0 0 0 1 0
33801 33801 671 682 671 682 1 0 0 0 -13957 32 0
33801 36607 671 682 671 682 0 0 0 0 0 2806 0
36607 36607 671 682 671 682 0 1 0 0 14681 32 0
36607 36608 671 682 671 682 1 1 0 0 0 1 0
36608 36608 671 682 671 682 1 0 0 0 -14681 32 0
36608 43267 671 682 671 682 0 0 0 0 0 6659 0
43267 43267 671 682 671 682 0 0 0 0 1000000000 0 0
--------------------------------------
--------------------------------------
EV2
--------------------------------------
Num TPs served = 21
TPs served = 8105 8139 8433 9593 9792 9999 10042 10212 10519 10905 11265 12114 12150 12838 13530 13629 13780 13877 14001 14362 23095
Total energy used = 100
--------------------------------------
Schedule:
0 15464 671 682 671 682 0 0 100 100 0 15464 0
15464 15464 671 682 671 682 0 1 100 100 8105 32 0
15464 15466 671 682 673 682 1 0 100 98 -8105 32 2
15466 15542 673 682 673 682 0 0 98 98 0 76 0
15542 15544 673 682 671 682 0 1 98 96 8139 32 2
15544 15546 671 682 672 683 1 0 96 94 -8139 32 2
15546 16219 672 683 672 683 0 0 94 94 0 673 0
16219 16221 672 683 671 682 0 1 94 92 23095 32 2
16221 16225 671 682 671 682 1 1 92 92 0 4 0
16225 16225 671 682 671 682 1 2 92 92 8433 32 0
16225 16227 671 682 672 683 2 1 92 90 -23095 28 2
16227 16230 672 683 672 683 1 1 90 90 0 3 0
16230 16233 672 683 674 684 1 0 90 87 -8433 32 3
16233 19262 674 684 674 684 0 0 87 87 0 3029 0
19262 19267 674 684 671 682 0 1 87 82 9593 32 5
19267 19269 671 682 673 682 1 0 82 80 -9593 32 2
19269 19888 673 682 673 682 0 0 80 80 0 619 0
19888 19890 673 682 671 682 0 1 80 78 9792 32 2
19890 19891 671 682 671 682 1 1 78 78 0 1 0
19891 19892 671 682 672 682 1 0 78 77 -9792 32 1
19892 20407 672 682 672 682 0 0 77 77 0 515 0
20407 20408 672 682 671 682 0 1 77 76 9999 32 1
20408 20415 671 682 676 684 1 0 76 69 -9999 32 7
20415 20537 676 684 676 684 0 0 69 69 0 122 0
20537 20544 676 684 671 682 0 1 69 62 10042 32 7
20544 20546 671 682 673 682 1 0 62 60 -10042 32 2
20546 21002 673 682 673 682 0 0 60 60 0 456 0
21002 21004 673 682 671 682 0 1 60 58 10212 32 2
21004 21006 671 682 673 682 1 0 58 56 -10212 32 2
21006 21875 673 682 673 682 0 0 56 56 0 869 0
21875 21877 673 682 671 682 0 1 56 54 10519 32 2
21877 21878 671 682 671 682 1 1 54 54 0 1 0
21878 21879 671 682 671 683 1 0 54 53 -10519 32 1
21879 23086 671 683 671 683 0 0 53 53 0 1207 0
23086 23087 671 683 671 682 0 1 53 52 10905 32 1
23087 23088 671 682 671 683 1 0 52 51 -10905 32 1
23088 24153 671 683 671 683 0 0 51 51 0 1065 0
24153 24154 671 683 671 682 0 1 51 50 11265 32 1
24154 24156 671 682 671 682 1 1 50 50 0 2 0
24156 24158 671 682 671 684 1 0 50 48 -11265 32 2
24158 27132 671 684 671 684 0 0 48 48 0 2974 0
27132 27134 671 684 671 682 0 1 48 46 12114 32 2
27134 27137 671 682 673 683 1 0 46 43 -12114 32 3
27137 27219 673 683 673 683 0 0 43 43 0 82 0
27219 27222 673 683 671 682 0 1 43 40 12150 32 3
27222 27224 671 682 671 682 1 1 40 40 0 2 0
27224 27229 671 682 674 684 1 0 40 35 -12150 32 5
27229 29701 674 684 674 684 0 0 35 35 0 2472 0
29701 29706 674 684 671 682 0 1 35 30 12838 32 5
29706 29708 671 682 673 682 1 0 30 28 -12838 32 2
29708 32237 673 682 673 682 0 0 28 28 0 2529 0
32237 32239 673 682 671 682 0 1 28 26 13530 32 2
32239 32241 671 682 672 683 1 0 26 24 -13530 32 2
32241 32580 672 683 672 683 0 0 24 24 0 339 0
32580 32582 672 683 671 682 0 1 24 22 13629 32 2
32582 32583 671 682 671 682 1 1 22 22 0 1 0
32583 32584 671 682 672 682 1 0 22 21 -13629 32 1
32584 33129 672 682 672 682 0 0 21 21 0 545 0
33129 33130 672 682 671 682 0 1 21 20 13780 32 1
33130 33132 671 682 671 682 1 1 20 20 0 2 0
33132 33136 671 682 671 686 1 0 20 16 -13780 32 4
33136 33489 671 686 671 686 0 0 16 16 0 353 0
33489 33493 671 686 671 682 0 1 16 12 13877 32 4
33493 33495 671 682 671 682 1 1 12 12 0 2 0
33495 33496 671 682 671 683 1 0 12 11 -13877 32 1
33496 33979 671 683 671 683 0 0 11 11 0 483 0
33979 33980 671 683 671 682 0 1 11 10 14001 32 1
33980 33983 671 682 671 682 1 1 10 10 0 3 0
33983 33984 671 682 671 683 1 0 10 9 -14001 32 1
33984 35334 671 683 671 683 0 0 9 9 0 1350 0
35334 35335 671 683 671 682 0 1 9 8 14362 32 1
35335 35336 671 682 671 682 1 1 8 8 0 1 0
35336 35340 671 682 675 682 1 0 8 4 -14362 32 4
35340 43263 675 682 675 682 0 0 4 4 0 7923 0
43263 43267 675 682 671 682 0 0 4 0 1000000000 0 4
--------------------------------------
--------------------------------------
EV3
--------------------------------------
Num TPs served = 20
TPs served = 15399 15493 16185 16504 16929 16938 17222 17740 18020 18487 18738 18915 19491 19755 20207 20330 20558 20663 33837 36572
Total energy used = 100
--------------------------------------
Schedule:
0 988 671 682 671 682 0 0 100 100 0 988 0
988 988 671 682 671 682 0 1 100 100 17740 32 0
988 989 671 682 671 682 1 1 100 100 0 1 0
989 992 671 682 673 683 1 0 100 97 -17740 32 3
992 1868 673 683 673 683 0 0 97 97 0 876 0
1868 1871 673 683 671 682 0 1 97 94 18020 32 3
1871 1877 671 682 677 682 1 0 94 88 -18020 32 6
1877 3323 677 682 677 682 0 0 88 88 0 1446 0
3323 3329 677 682 671 682 0 1 88 82 18487 32 6
3329 3331 671 682 671 682 1 1 82 82 0 2 0
3331 3334 671 682 674 682 1 0 82 79 -18487 32 3
3334 4163 674 682 674 682 0 0 79 79 0 829 0
4163 4166 674 682 671 682 0 1 79 76 36572 32 3
4166 4166 671 682 671 682 1 2 76 76 18738 13 0
4166 4167 671 682 671 683 2 1 76 75 -36572 32 1
4167 4168 671 683 672 683 1 0 75 74 -18738 13 1
4168 4727 672 683 672 683 0 0 74 74 0 559 0
4727 4729 672 683 671 682 0 1 74 72 18915 32 2
4729 4730 671 682 672 682 1 0 72 71 -18915 32 1
4730 6521 672 682 672 682 0 0 71 71 0 1791 0
6521 6522 672 682 671 682 0 1 71 70 19491 32 1
6522 6523 671 682 671 683 1 0 70 69 -19491 32 1
6523 7283 671 683 671 683 0 0 69 69 0 760 0
7283 7284 671 683 671 682 0 1 69 68 19755 32 1
7284 7285 671 682 671 682 1 1 68 68 0 1 0
7285 7286 671 682 671 683 1 0 68 67 -19755 32 1
7286 8622 671 683 671 683 0 0 67 67 0 1336 0
8622 8623 671 683 671 682 0 1 67 66 20207 32 1
8623 8624 671 682 672 682 1 0 66 65 -20207 32 1
8624 8972 672 682 672 682 0 0 65 65 0 348 0
8972 8973 672 682 671 682 0 1 65 64 20330 32 1
8973 8980 671 682 677 683 1 0 64 57 -20330 32 7
8980 9604 677 683 677 683 0 0 57 57 0 624 0
9604 9611 677 683 671 682 0 1 57 50 20558 32 7
9611 9612 671 682 671 683 1 0 50 49 -20558 32 1
9612 9862 671 683 671 683 0 0 49 49 0 250 0
9862 9863 671 683 671 682 0 1 49 48 20663 32 1
9863 9864 671 682 671 682 1 1 48 48 0 1 0
9864 9869 671 682 676 682 1 0 48 43 -20663 32 5
9869 39372 676 682 676 682 0 0 43 43 0 29503 0
39372 39377 676 682 671 682 0 1 43 38 33837 32 5
39377 39377 671 682 671 682 1 2 38 38 15399 14 0
39377 39378 671 682 671 682 2 2 38 38 0 1 0
39378 39379 671 682 672 682 2 1 38 37 -33837 32 1
39379 39384 672 682 672 687 1 0 37 32 -15399 13 5
39384 39690 672 687 672 687 0 0 32 32 0 306 0
39690 39696 672 687 671 682 0 1 32 26 15493 32 6
39696 39697 671 682 672 682 1 0 26 25 -15493 32 1
39697 41086 672 682 672 682 0 0 25 25 0 1389 0
41086 41087 672 682 671 682 0 1 25 24 16185 32 1
41087 41089 671 682 671 682 1 1 24 24 0 2 0
41089 41090 671 682 671 683 1 0 24 23 -16185 32 1
41090 41609 671 683 671 683 0 0 23 23 0 519 0
41609 41610 671 683 671 682 0 1 23 22 16504 32 1
41610 41614 671 682 674 683 1 0 22 18 -16504 32 4
41614 42383 674 683 674 683 0 0 18 18 0 769 0
42383 42387 674 683 671 682 0 1 18 14 16938 32 4
42387 42387 671 682 671 682 1 2 14 14 16929 13 0
42387 42389 671 682 673 682 2 1 14 12 -16938 32 2
42389 42389 673 682 673 682 1 0 12 12 -16929 13 0
42389 42869 673 682 673 682 0 0 12 12 0 480 0
42869 42871 673 682 671 682 0 1 12 10 17222 32 2
42871 42876 671 682 675 683 1 0 10 5 -17222 32 5
42876 43262 675 683 675 683 0 0 5 5 0 386 0
43262 43267 675 683 671 682 0 0 5 0 1000000000 0 5
--------------------------------------
--------------------------------------
EV4
--------------------------------------
Num TPs served = 23
TPs served = 20429 20755 21309 21799 22422 22873 22976 23306 23471 23640 23949 24484 24510 24641 24900 25044 25097 25131 25215 25229 25939 41015 43316
Total energy used = 100
--------------------------------------
Schedule:
0 9243 671 682 671 682 0 0 100 100 0 9243 0
9243 9243 671 682 671 682 0 1 100 100 20429 32 0
9243 9250 671 682 678 682 1 0 100 93 -20429 32 7
9250 10111 678 682 678 682 0 0 93 93 0 861 0
10111 10118 678 682 671 682 0 1 93 86 20755 32 7
10118 10121 671 682 671 682 1 1 86 86 0 3 0
10121 10127 671 682 671 688 1 0 86 80 -20755 32 6
10127 11572 671 688 671 688 0 0 80 80 0 1445 0
11572 11578 671 688 671 682 0 1 80 74 21309 32 6
11578 11579 671 682 671 682 1 1 74 74 0 1 0
11579 11581 671 682 671 684 1 0 74 72 -21309 32 2
11581 12940 671 684 671 684 0 0 72 72 0 1359 0
12940 12942 671 684 671 682 0 1 72 70 21799 32 2
12942 12946 671 682 674 683 1 0 70 66 -21799 32 4
12946 14555 674 683 674 683 0 0 66 66 0 1609 0
14555 14559 674 683 671 682 0 1 66 62 22422 32 4
14559 14560 671 682 671 682 1 1 62 62 0 1 0
14560 14561 671 682 671 683 1 0 62 61 -22422 32 1
14561 15682 671 683 671 683 0 0 61 61 0 1121 0
15682 15683 671 683 671 682 0 1 61 60 22873 32 1
15683 15684 671 682 671 683 1 0 60 59 -22873 32 1
15684 15894 671 683 671 683 0 0 59 59 0 210 0
15894 15895 671 683 671 682 0 1 59 58 41015 32 1
15895 15904 671 682 671 682 1 1 58 58 0 9 0
15904 15904 671 682 671 682 1 2 58 58 22976 32 0
15904 15905 671 682 672 682 2 1 58 57 -41015 25 1
15905 15907 672 682 672 684 1 0 57 55 -22976 32 2
15907 16729 672 684 672 684 0 0 55 55 0 822 0
16729 16732 672 684 671 682 0 1 55 52 23306 32 3
16732 16734 671 682 671 682 1 1 52 52 0 2 0
16734 16736 671 682 672 683 1 0 52 50 -23306 32 2
16736 17115 672 683 672 683 0 0 50 50 0 379 0
17115 17117 672 683 671 682 0 1 50 48 23471 32 2
17117 17118 671 682 671 682 1 1 48 48 0 1 0
17118 17119 671 682 672 682 1 0 48 47 -23471 32 1
17119 17496 672 682 672 682 0 0 47 47 0 377 0
17496 17497 672 682 671 682 0 1 47 46 23640 32 1
17497 17498 671 682 671 683 1 0 46 45 -23640 32 1
17498 18173 671 683 671 683 0 0 45 45 0 675 0
18173 18174 671 683 671 682 0 1 45 44 23949 32 1
18174 18176 671 682 673 682 1 0 44 42 -23949 32 2
18176 19353 673 682 673 682 0 0 42 42 0 1177 0
19353 19355 673 682 671 682 0 1 42 40 24484 32 2
19355 19361 671 682 676 683 1 0 40 34 -24484 32 6
19361 19407 676 683 676 683 0 0 34 34 0 46 0
19407 19413 676 683 671 682 0 1 34 28 24510 32 6
19413 19415 671 682 673 682 1 0 28 26 -24510 32 2
19415 19703 673 682 673 682 0 0 26 26 0 288 0
19703 19705 673 682 671 682 0 1 26 24 24641 32 2
19705 19706 671 682 672 682 1 0 24 23 -24641 32 1
19706 20260 672 682 672 682 0 0 23 23 0 554 0
20260 20261 672 682 671 682 0 1 23 22 24900 32 1
20261 20262 671 682 672 682 1 0 22 21 -24900 32 1
20262 20615 672 682 672 682 0 0 21 21 0 353 0
20615 20616 672 682 671 682 0 1 21 20 25044 32 1
20616 20618 671 682 672 683 1 0 20 18 -25044 32 2
20618 20724 672 683 672 683 0 0 18 18 0 106 0
20724 20726 672 683 671 682 0 1 18 16 25097 32 2
20726 20727 671 682 671 682 1 1 16 16 0 1 0
20727 20729 671 682 673 682 1 0 16 14 -25097 32 2
20729 20827 673 682 673 682 0 0 14 14 0 98 0
20827 20829 673 682 671 682 0 1 14 12 43316 32 2
20829 20829 671 682 671 682 1 2 12 12 25131 9 0
20829 20830 671 682 671 682 2 2 12 12 0 1 0
20830 20831 671 682 672 682 2 1 12 11 -43316 32 1
20831 20832 672 682 673 682 1 0 11 10 -25131 8 1
20832 20993 673 682 673 682 0 0 10 10 0 161 0
20993 20995 673 682 671 682 0 1 10 8 25229 32 2
20995 20995 671 682 671 682 1 2 8 8 25215 10 0
20995 20997 671 682 671 684 2 1 8 6 -25229 32 2
20997 20999 671 684 672 683 1 0 6 4 -25215 9 2
20999 22525 672 683 672 683 0 0 4 4 0 1526 0
22525 22527 672 683 671 682 0 1 4 2 25939 32 2
22527 22528 671 682 671 683 1 0 2 1 -25939 32 1
22528 43266 671 683 671 683 0 0 1 1 0 20738 0
43266 43267 671 683 671 682 0 0 1 0 1000000000 0 1
--------------------------------------
--------------------------------------
EV5
--------------------------------------
Num TPs served = 16
TPs served = 25797 25992 26448 26574 28599 29954 31428 31961 32012 32167 32190 33152 33490 33498 33532 34827
Total energy used = 100
--------------------------------------
Schedule:
0 22237 671 682 671 682 0 0 100 100 0 22237 0
22237 22237 671 682 671 682 0 1 100 100 25797 32 0
22237 22240 671 682 674 682 1 0 100 97 -25797 32 3
22240 22635 674 682 674 682 0 0 97 97 0 395 0
22635 22638 674 682 671 682 0 1 97 94 25992 32 3
22638 22640 671 682 671 682 1 1 94 94 0 2 0
22640 22642 671 682 671 684 1 0 94 92 -25992 32 2
22642 23554 671 684 671 684 0 0 92 92 0 912 0
23554 23556 671 684 671 682 0 1 92 90 26448 32 2
23556 23557 671 682 671 682 1 1 90 90 0 1 0
23557 23561 671 682 673 684 1 0 90 86 -26448 32 4
23561 23796 673 684 673 684 0 0 86 86 0 235 0
23796 23800 673 684 671 682 0 1 86 82 26574 32 4
23800 23801 671 682 671 683 1 0 82 81 -26574 32 1
23801 27673 671 683 671 683 0 0 81 81 0 3872 0
27673 27674 671 683 671 682 0 1 81 80 28599 32 1
27674 27676 671 682 673 682 1 0 80 78 -28599 32 2
27676 30388 673 682 673 682 0 0 78 78 0 2712 0
30388 30390 673 682 671 682 0 1 78 76 29954 32 2
30390 30393 671 682 672 684 1 0 76 73 -29954 32 3
30393 33442 672 684 672 684 0 0 73 73 0 3049 0
33442 33445 672 684 671 682 0 1 73 70 31428 32 3
33445 33447 671 682 673 682 1 0 70 68 -31428 32 2
33447 34605 673 682 673 682 0 0 68 68 0 1158 0
34605 34607 673 682 671 682 0 1 68 66 31961 32 2
34607 34608 671 682 671 682 1 1 66 66 0 1 0
34608 34609 671 682 671 683 1 0 66 65 -31961 32 1
34609 34728 671 683 671 683 0 0 65 65 0 119 0
34728 34729 671 683 671 682 0 1 65 64 32012 32 1
34729 34730 671 682 671 682 1 1 64 64 0 1 0
34730 34731 671 682 671 683 1 0 64 63 -32012 32 1
34731 35105 671 683 671 683 0 0 63 63 0 374 0
35105 35106 671 683 671 682 0 1 63 62 32167 32 1
35106 35107 671 682 672 682 1 0 62 61 -32167 32 1
35107 35177 672 682 672 682 0 0 61 61 0 70 0
35177 35178 672 682 671 682 0 1 61 60 32190 32 1
35178 35193 671 682 671 682 1 1 60 60 0 15 0
35193 35215 671 682 684 691 1 0 60 38 -32190 32 22
35215 37553 684 691 684 691 0 0 38 38 0 2338 0
37553 37575 684 691 671 682 0 1 38 16 33152 32 22
37575 37578 671 682 674 682 1 0 16 13 -33152 32 3
37578 38375 674 682 674 682 0 0 13 13 0 797 0
38375 38378 674 682 671 682 0 1 13 10 33490 32 3
38378 38408 671 682 671 682 1 1 10 10 0 30 0
38408 38408 671 682 671 682 1 2 10 10 33498 32 0
38408 38410 671 682 672 683 2 1 10 8 -33498 32 2
38410 38411 672 683 672 682 1 0 8 7 -33490 0 1
38411 38515 672 682 672 682 0 0 7 7 0 104 0
38515 38516 672 682 671 682 0 1 7 6 33532 32 1
38516 38518 671 682 672 683 1 0 6 4 -33532 32 2
38518 42217 672 683 672 683 0 0 4 4 0 3699 0
42217 42219 672 683 671 682 0 1 4 2 34827 32 2
42219 42220 671 682 672 682 1 0 2 1 -34827 32 1
42220 43266 672 682 672 682 0 0 1 1 0 1046 0
43266 43267 672 682 671 682 0 0 1 0 1000000000 0 1
--------------------------------------

-------------------------------------------------------------------------

TPs

-------------------------------------------------------------------------

----------------------
TP121 allocated to 1
----------------------

----------------------
TP198 allocated to 1
----------------------

----------------------
TP241 allocated to 1
----------------------

----------------------
TP639 allocated to 1
----------------------

----------------------
TP1150 allocated to 1
----------------------

----------------------
TP1261 allocated to 1
----------------------

----------------------
TP1310 allocated to 1
----------------------

----------------------
TP1815 allocated to 1
----------------------

----------------------
TP2244 allocated to 1
----------------------

----------------------
TP2252 allocated to 1
----------------------

----------------------
TP2339 allocated to 1
----------------------

----------------------
TP2477 allocated to 1
----------------------

----------------------
TP2495 allocated to 1
----------------------

----------------------
TP2608 allocated to 1
----------------------

----------------------
TP2883 allocated to 1
----------------------

----------------------
TP2984 allocated to 1
----------------------

----------------------
TP3138 allocated to 1
----------------------

----------------------
TP3372 allocated to 1
----------------------

----------------------
TP3428 allocated to 1
----------------------

----------------------
TP3484 allocated to 1
----------------------

----------------------
TP3587 allocated to 1
----------------------

----------------------
TP4466 allocated to 1
----------------------

----------------------
TP4487 allocated to 1
----------------------

----------------------
TP5156 allocated to 1
----------------------

----------------------
TP5164 allocated to 1
----------------------

----------------------
TP5845 allocated to 1
----------------------

----------------------
TP6367 allocated to 1
----------------------

----------------------
TP6459 allocated to 1
----------------------

----------------------
TP6812 allocated to 1
----------------------

----------------------
TP7558 allocated to 1
----------------------

----------------------
TP8105 allocated to 2
----------------------

----------------------
TP8139 allocated to 2
----------------------

----------------------
TP8433 allocated to 2
----------------------

----------------------
TP8833 allocated to 1
----------------------

----------------------
TP9593 allocated to 2
----------------------

----------------------
TP9792 allocated to 2
----------------------

----------------------
TP9999 allocated to 2
----------------------

----------------------
TP10042 allocated to 2
----------------------

----------------------
TP10212 allocated to 2
----------------------

----------------------
TP10519 allocated to 2
----------------------

----------------------
TP10905 allocated to 2
----------------------

----------------------
TP11265 allocated to 2
----------------------

----------------------
TP12091 allocated to 1
----------------------

----------------------
TP12114 allocated to 2
----------------------

----------------------
TP12150 allocated to 2
----------------------

----------------------
TP12838 allocated to 2
----------------------

----------------------
TP13530 allocated to 2
----------------------

----------------------
TP13629 allocated to 2
----------------------

----------------------
TP13780 allocated to 2
----------------------

----------------------
TP13877 allocated to 2
----------------------

----------------------
TP13957 allocated to 1
----------------------

----------------------
TP14001 allocated to 2
----------------------

----------------------
TP14362 allocated to 2
----------------------

----------------------
TP14681 allocated to 1
----------------------

----------------------
TP15399 allocated to 3
----------------------

----------------------
TP15493 allocated to 3
----------------------

----------------------
TP16185 allocated to 3
----------------------

----------------------
TP16504 allocated to 3
----------------------

----------------------
TP16929 allocated to 3
----------------------

----------------------
TP16938 allocated to 3
----------------------

----------------------
TP17222 allocated to 3
----------------------

----------------------
TP17740 allocated to 3
----------------------

----------------------
TP18020 allocated to 3
----------------------

----------------------
TP18487 allocated to 3
----------------------

----------------------
TP18738 allocated to 3
----------------------

----------------------
TP18915 allocated to 3
----------------------

----------------------
TP19491 allocated to 3
----------------------

----------------------
TP19755 allocated to 3
----------------------

----------------------
TP20207 allocated to 3
----------------------

----------------------
TP20330 allocated to 3
----------------------

----------------------
TP20429 allocated to 4
----------------------

----------------------
TP20558 allocated to 3
----------------------

----------------------
TP20663 allocated to 3
----------------------

----------------------
TP20755 allocated to 4
----------------------

----------------------
TP21097 allocated to 1
----------------------

----------------------
TP21309 allocated to 4
----------------------

----------------------
TP21717 allocated to 1
----------------------

----------------------
TP21799 allocated to 4
----------------------

----------------------
TP22422 allocated to 4
----------------------

----------------------
TP22873 allocated to 4
----------------------

----------------------
TP22976 allocated to 4
----------------------

----------------------
TP23095 allocated to 2
----------------------

----------------------
TP23306 allocated to 4
----------------------

----------------------
TP23471 allocated to 4
----------------------

----------------------
TP23640 allocated to 4
----------------------

----------------------
TP23949 allocated to 4
----------------------

----------------------
TP24484 allocated to 4
----------------------

----------------------
TP24510 allocated to 4
----------------------

----------------------
TP24641 allocated to 4
----------------------

----------------------
TP24900 allocated to 4
----------------------

----------------------
TP25044 allocated to 4
----------------------

----------------------
TP25097 allocated to 4
----------------------

----------------------
TP25119 allocated to 1
----------------------

----------------------
TP25131 allocated to 4
----------------------

----------------------
TP25215 allocated to 4
----------------------

----------------------
TP25229 allocated to 4
----------------------

----------------------
TP25797 allocated to 5
----------------------

----------------------
TP25939 allocated to 4
----------------------

----------------------
TP25992 allocated to 5
----------------------

----------------------
TP26058 allocated to 1
----------------------

----------------------
TP26448 allocated to 5
----------------------

----------------------
TP26574 allocated to 5
----------------------

----------------------
TP28228 allocated to 1
----------------------

----------------------
TP28599 allocated to 5
----------------------

----------------------
TP29954 allocated to 5
----------------------

----------------------
TP29956 allocated to 1
----------------------

----------------------
TP31428 allocated to 5
----------------------

----------------------
TP31961 allocated to 5
----------------------

----------------------
TP32012 allocated to 5
----------------------

----------------------
TP32167 allocated to 5
----------------------

----------------------
TP32190 allocated to 5
----------------------

----------------------
TP33152 allocated to 5
----------------------

----------------------
TP33490 allocated to 5
----------------------

----------------------
TP33498 allocated to 5
----------------------

----------------------
TP33532 allocated to 5
----------------------

----------------------
TP33837 allocated to 3
----------------------

----------------------
TP34010 not allocated
----------------------

----------------------
TP34593 not allocated
----------------------

----------------------
TP34827 allocated to 5
----------------------

----------------------
TP35120 not allocated
----------------------

----------------------
TP35665 not allocated
----------------------

----------------------
TP35838 not allocated
----------------------

----------------------
TP35940 allocated to 1
----------------------

----------------------
TP36131 not allocated
----------------------

----------------------
TP36166 not allocated
----------------------

----------------------
TP36237 not allocated
----------------------

----------------------
TP36254 allocated to 1
----------------------

----------------------
TP36542 not allocated
----------------------

----------------------
TP36572 allocated to 3
----------------------

----------------------
TP36588 not allocated
----------------------

----------------------
TP37095 not allocated
----------------------

----------------------
TP37293 not allocated
----------------------

----------------------
TP37316 not allocated
----------------------

----------------------
TP37809 allocated to 1
----------------------

----------------------
TP37956 not allocated
----------------------

----------------------
TP38177 not allocated
----------------------

----------------------
TP38501 not allocated
----------------------

----------------------
TP38696 allocated to 1
----------------------

----------------------
TP38830 not allocated
----------------------

----------------------
TP38860 not allocated
----------------------

----------------------
TP38890 not allocated
----------------------

----------------------
TP39095 not allocated
----------------------

----------------------
TP39443 not allocated
----------------------

----------------------
TP39450 not allocated
----------------------

----------------------
TP39534 not allocated
----------------------

----------------------
TP39941 not allocated
----------------------

----------------------
TP40100 not allocated
----------------------

----------------------
TP40355 not allocated
----------------------

----------------------
TP40432 not allocated
----------------------

----------------------
TP40737 not allocated
----------------------

----------------------
TP40842 not allocated
----------------------

----------------------
TP41015 allocated to 4
----------------------

----------------------
TP41060 not allocated
----------------------

----------------------
TP41223 not allocated
----------------------

----------------------
TP41321 not allocated
----------------------

----------------------
TP41324 not allocated
----------------------

----------------------
TP41337 not allocated
----------------------

----------------------
TP42352 allocated to 1
----------------------

----------------------
TP42709 not allocated
----------------------

----------------------
TP42890 not allocated
----------------------

----------------------
TP42903 not allocated
----------------------

----------------------
TP42944 not allocated
----------------------

----------------------
TP43079 not allocated
----------------------

----------------------
TP43316 allocated to 4
----------------------

----------------------
TP43729 not allocated
----------------------

----------------------
TP43880 not allocated
----------------------

----------------------
TP44010 not allocated
----------------------

----------------------
TP44538 not allocated
----------------------

----------------------
TP44785 not allocated
----------------------

----------------------
TP44933 not allocated
----------------------

----------------------
TP45038 not allocated
----------------------

----------------------
TP45557 not allocated
----------------------

----------------------
TP45726 not allocated
----------------------

----------------------
TP45778 not allocated
----------------------

----------------------
TP45882 not allocated
----------------------

----------------------
TP46737 not allocated
----------------------

----------------------
TP47850 not allocated
----------------------

----------------------
TP48160 not allocated
----------------------

----------------------
TP48904 not allocated
----------------------

----------------------
TP49386 not allocated
----------------------

----------------------
TP49570 not allocated
----------------------

----------------------
TP49772 not allocated
----------------------

-------------------------------------------------------------------------

Ride-sharing vs Individual Mode - Num Vehicles and Distance Comparisson 

-------------------------------------------------------------------------
Individual Mode = 182 vehicles.
Ride-sharing Mode = 62 vehicles. The 5 ride-sharing vehicles + 57 vehicles of the individuals not served by the ride-sharing service.
-------------------------------------------------------------------------
Individual Mode = 402 distance.
Ride-sharing Mode = 639 distance. 500 from the EV fleet + 139 from the distance of the trips not covered individuals had to do with their own vehicle.
-------------------------------------------------------------------------
