-------------------------------------------------------------------------
TPs satisfied = 63; Total TPs = 188; Percentage Satisfied + 33.5%
-------------------------------------------------------------------------

-------------------------------------------------------------------------

EVs

-------------------------------------------------------------------------
--------------------------------------
EV1
--------------------------------------
Num TPs served = 45
TPs served = 58 301 567 596 678 939 1177 1588 1599 2186 2191 2402 3489 3617 3989 4208 4263 4541 4604 4693 4978 5293 6104 6795 7037 7118 7358 7489 7988 12419 14745 14946 14987 16076 17025 20107 20477 23854 24373 34615 42717 44484 46161 47692 49334
Total energy used = 100
--------------------------------------
Schedule:
0 128 61 682 61 682 0 0 100 100 0 128 0
128 128 61 682 61 682 0 1 100 100 58 32 0
128 130 61 682 63 682 1 0 100 98 -58 32 2
130 583 63 682 63 682 0 0 98 98 0 453 0
583 585 63 682 61 682 0 1 98 96 301 32 2
585 587 61 682 63 682 1 0 96 94 -301 32 2
587 1019 63 682 63 682 0 0 94 94 0 432 0
1019 1021 63 682 61 682 0 1 94 92 567 32 2
1021 1024 61 682 63 683 1 0 92 89 -567 32 3
1024 1065 63 683 63 683 0 0 89 89 0 41 0
1065 1068 63 683 61 682 0 1 89 86 596 32 3
1068 1070 61 682 63 682 1 0 86 84 -596 32 2
1070 1209 63 682 63 682 0 0 84 84 0 139 0
1209 1211 63 682 61 682 0 1 84 82 678 32 2
1211 1212 61 682 62 682 1 0 82 81 -678 32 1
1212 1655 62 682 62 682 0 0 81 81 0 443 0
1655 1656 62 682 61 682 0 1 81 80 939 32 1
1656 1657 61 682 61 683 1 0 80 79 -939 32 1
1657 2055 61 683 61 683 0 0 79 79 0 398 0
2055 2056 61 683 61 682 0 1 79 78 1177 32 1
2056 2058 61 682 63 682 1 0 78 76 -1177 32 2
2058 2782 63 682 63 682 0 0 76 76 0 724 0
2782 2784 63 682 61 682 0 1 76 74 1599 32 2
2784 2784 61 682 61 682 1 2 74 74 1588 6 0
2784 2784 61 682 61 682 2 1 74 74 -1588 7 0
2784 2786 61 682 63 682 1 0 74 72 -1599 32 2
2786 3865 63 682 63 682 0 0 72 72 0 1079 0
3865 3867 63 682 61 682 0 1 72 70 2191 32 2
3867 3867 61 682 61 682 1 2 70 70 2186 26 0
3867 3874 61 682 61 682 2 2 70 70 0 7 0
3874 3874 61 682 61 682 2 1 70 70 -2191 32 0
3874 3878 61 682 63 684 1 0 70 66 -2186 20 4
3878 4264 63 684 63 684 0 0 66 66 0 386 0
4264 4268 63 684 61 682 0 1 66 62 2402 32 4
4268 4270 61 682 62 683 1 0 62 60 -2402 32 2
4270 6219 62 683 62 683 0 0 60 60 0 1949 0
6219 6221 62 683 61 682 0 1 60 58 3489 32 2
6221 6222 61 682 61 682 1 1 58 58 0 1 0
6222 6223 61 682 62 682 1 0 58 57 -3489 32 1
6223 6478 62 682 62 682 0 0 57 57 0 255 0
6478 6479 62 682 61 682 0 1 57 56 3617 32 1
6479 6480 61 682 62 682 1 0 56 55 -3617 32 1
6480 7176 62 682 62 682 0 0 55 55 0 696 0
7176 7177 62 682 61 682 0 1 55 54 3989 32 1
7177 7178 61 682 61 682 1 1 54 54 0 1 0
7178 7179 61 682 62 682 1 0 54 53 -3989 32 1
7179 7572 62 682 62 682 0 0 53 53 0 393 0
7572 7573 62 682 61 682 0 1 53 52 4208 32 1
7573 7574 61 682 61 682 1 1 52 52 0 1 0
7574 7575 61 682 61 683 1 0 52 51 -4208 32 1
7575 7651 61 683 61 683 0 0 51 51 0 76 0
7651 7652 61 683 61 682 0 1 51 50 4263 32 1
7652 7655 61 682 64 682 1 0 50 47 -4263 32 3
7655 8200 64 682 64 682 0 0 47 47 0 545 0
8200 8203 64 682 61 682 0 1 47 44 4541 32 3
8203 8207 61 682 61 682 1 1 44 44 0 4 0
8207 8207 61 682 61 682 1 0 44 44 -4541 32 0
8207 8333 61 682 61 682 0 0 44 44 0 126 0
8333 8333 61 682 61 682 0 1 44 44 20107 32 0
8333 8333 61 682 61 682 1 2 44 44 4604 23 0
8333 8334 61 682 61 682 2 2 44 44 0 1 0
8334 8334 61 682 61 682 2 1 44 44 -20107 32 0
8334 8335 61 682 62 682 1 0 44 43 -4604 22 1
8335 8510 62 682 62 682 0 0 43 43 0 175 0
8510 8511 62 682 61 682 0 1 43 42 4693 32 1
8511 8513 61 682 63 682 1 0 42 40 -4693 32 2
8513 9033 63 682 63 682 0 0 40 40 0 520 0
9033 9035 63 682 61 682 0 1 40 38 4978 32 2
9035 9040 61 682 66 682 1 0 38 33 -4978 32 5
9040 9376 66 682 66 682 0 0 33 33 0 336 0
9376 9381 66 682 61 682 0 1 33 28 20477 32 5
9381 9383 61 682 61 682 1 1 28 28 0 2 0
9383 9383 61 682 61 682 1 0 28 28 -20477 32 0
9383 9623 61 682 61 682 0 0 28 28 0 240 0
9623 9623 61 682 61 682 0 1 28 28 5293 32 0
9623 9624 61 682 61 682 1 1 28 28 0 1 0
9624 9625 61 682 62 682 1 0 28 27 -5293 32 1
9625 11173 62 682 62 682 0 0 27 27 0 1548 0
11173 11174 62 682 61 682 0 1 27 26 6104 32 1
11174 11175 61 682 61 682 1 1 26 26 0 1 0
11175 11178 61 682 63 683 1 0 26 23 -6104 32 3
11178 12557 63 683 63 683 0 0 23 23 0 1379 0
12557 12560 63 683 61 682 0 1 23 20 6795 32 3
12560 12563 61 682 64 682 1 0 20 17 -6795 32 3
12563 13073 64 682 64 682 0 0 17 17 0 510 0
13073 13076 64 682 61 682 0 1 17 14 7037 32 3
13076 13081 61 682 65 683 1 0 14 9 -7037 32 5
13081 13265 65 683 65 683 0 0 9 9 0 184 0
13265 13270 65 683 61 682 0 1 9 4 7118 32 5
13270 13272 61 682 61 682 1 1 4 4 0 2 0
13272 13273 61 682 61 683 1 0 4 3 -7118 32 1
13273 13787 61 683 61 683 0 0 3 3 0 514 0
13787 13788 61 683 61 682 0 1 3 2 7358 32 1
13788 13790 61 682 61 682 1 1 2 2 0 2 0
13790 13790 61 682 61 682 1 0 2 2 -7358 32 0
13790 14103 61 682 61 682 0 0 2 2 0 313 0
14103 14103 61 682 61 682 0 1 2 2 7489 32 0
14103 14104 61 682 61 683 1 0 2 1 -7489 32 1
14104 15183 61 683 61 683 0 0 1 1 0 1079 0
15183 15184 61 683 61 682 0 1 1 0 7988 32 1
15184 15187 61 682 61 682 1 1 0 0 0 3 0
15187 15187 61 682 61 682 1 0 0 0 -7988 32 0
15187 17954 61 682 61 682 0 0 0 0 0 2767 0
17954 17954 61 682 61 682 0 1 0 0 23854 32 0
17954 17956 61 682 61 682 1 1 0 0 0 2 0
17956 17956 61 682 61 682 1 0 0 0 -23854 32 0
17956 19097 61 682 61 682 0 0 0 0 0 1141 0
19097 19097 61 682 61 682 0 1 0 0 24373 32 0
19097 19099 61 682 61 682 1 1 0 0 0 2 0
19099 19099 61 682 61 682 1 0 0 0 -24373 32 0
19099 19665 61 682 61 682 0 0 0 0 0 566 0
19665 19665 61 682 61 682 0 1 0 0 42717 32 0
19665 19667 61 682 61 682 1 1 0 0 0 2 0
19667 19667 61 682 61 682 1 0 0 0 -42717 32 0
19667 23086 61 682 61 682 0 0 0 0 0 3419 0
23086 23086 61 682 61 682 0 1 0 0 44484 32 0
23086 23087 61 682 61 682 1 1 0 0 0 1 0
23087 23087 61 682 61 682 1 0 0 0 -44484 32 0
23087 26089 61 682 61 682 0 0 0 0 0 3002 0
26089 26089 61 682 61 682 0 1 0 0 46161 32 0
26089 26091 61 682 61 682 1 1 0 0 0 2 0
26091 26091 61 682 61 682 1 0 0 0 -46161 32 0
26091 28137 61 682 61 682 0 0 0 0 0 2046 0
28137 28137 61 682 61 682 0 1 0 0 12419 32 0
28137 28138 61 682 61 682 1 1 0 0 0 1 0
28138 28138 61 682 61 682 1 0 0 0 -12419 32 0
28138 28696 61 682 61 682 0 0 0 0 0 558 0
28696 28696 61 682 61 682 0 1 0 0 47692 32 0
28696 28698 61 682 61 682 1 1 0 0 0 2 0
28698 28698 61 682 61 682 1 0 0 0 -47692 32 0
28698 31607 61 682 61 682 0 0 0 0 0 2909 0
31607 31607 61 682 61 682 0 1 0 0 49334 32 0
31607 31609 61 682 61 682 1 1 0 0 0 2 0
31609 31609 61 682 61 682 1 0 0 0 -49334 32 0
31609 36854 61 682 61 682 0 0 0 0 0 5245 0
36854 36854 61 682 61 682 0 1 0 0 14745 32 0
36854 36855 61 682 61 682 1 1 0 0 0 1 0
36855 36855 61 682 61 682 1 0 0 0 -14745 32 0
36855 37629 61 682 61 682 0 0 0 0 0 774 0
37629 37629 61 682 61 682 0 1 0 0 14946 32 0
37629 37633 61 682 61 682 1 1 0 0 0 4 0
37633 37633 61 682 61 682 1 0 0 0 -14946 32 0
37633 37779 61 682 61 682 0 0 0 0 0 146 0
37779 37779 61 682 61 682 0 1 0 0 14987 32 0
37779 37780 61 682 61 682 1 1 0 0 0 1 0
37780 37780 61 682 61 682 1 0 0 0 -14987 32 0
37780 40894 61 682 61 682 0 0 0 0 0 3114 0
40894 40894 61 682 61 682 0 1 0 0 16076 32 0
40894 40896 61 682 61 682 1 1 0 0 0 2 0
40896 40896 61 682 61 682 1 0 0 0 -16076 32 0
40896 41580 61 682 61 682 0 0 0 0 0 684 0
41580 41580 61 682 61 682 0 1 0 0 34615 32 0
41580 41582 61 682 61 682 1 1 0 0 0 2 0
41582 41582 61 682 61 682 1 0 0 0 -34615 32 0
41582 42556 61 682 61 682 0 0 0 0 0 974 0
42556 42556 61 682 61 682 0 1 0 0 17025 32 0
42556 42557 61 682 61 682 1 1 0 0 0 1 0
42557 42557 61 682 61 682 1 0 0 0 -17025 32 0
42557 43267 61 682 61 682 0 0 0 0 0 710 0
43267 43267 61 682 61 682 0 0 0 0 1000000000 0 0
--------------------------------------
--------------------------------------
EV2
--------------------------------------
Num TPs served = 18
TPs served = 7109 7783 7803 7953 8209 8655 8950 9463 9915 10235 10371 10549 11672 11940 11964 12123 12742 13306
Total energy used = 100
--------------------------------------
Schedule:
0 13253 61 682 61 682 0 0 100 100 0 13253 0
13253 13253 61 682 61 682 0 1 100 100 7109 32 0
13253 13257 61 682 64 683 1 0 100 96 -7109 32 4
13257 14725 64 683 64 683 0 0 96 96 0 1468 0
14725 14729 64 683 61 682 0 1 96 92 7783 32 4
14729 14730 61 682 61 682 1 1 92 92 0 1 0
14730 14735 61 682 62 686 1 0 92 87 -7783 32 5
14735 14774 62 686 62 686 0 0 87 87 0 39 0
14774 14779 62 686 61 682 0 1 87 82 7803 32 5
14779 14780 61 682 61 682 1 1 82 82 0 1 0
14780 14783 61 682 64 682 1 0 82 79 -7803 32 3
14783 15092 64 682 64 682 0 0 79 79 0 309 0
15092 15095 64 682 61 682 0 1 79 76 7953 32 3
15095 15097 61 682 61 682 1 1 76 76 0 2 0
15097 15100 61 682 61 685 1 0 76 73 -7953 32 3
15100 15702 61 685 61 685 0 0 73 73 0 602 0
15702 15705 61 685 61 682 0 1 73 70 8209 32 3
15705 15706 61 682 61 682 1 1 70 70 0 1 0
15706 15712 61 682 67 682 1 0 70 64 -8209 32 6
15712 16741 67 682 67 682 0 0 64 64 0 1029 0
16741 16747 67 682 61 682 0 1 64 58 8655 32 6
16747 16749 61 682 63 682 1 0 58 56 -8655 32 2
16749 17520 63 682 63 682 0 0 56 56 0 771 0
17520 17522 63 682 61 682 0 1 56 54 8950 32 2
17522 17523 61 682 61 682 1 1 54 54 0 1 0
17523 17524 61 682 61 683 1 0 54 53 -8950 32 1
17524 18911 61 683 61 683 0 0 53 53 0 1387 0
18911 18912 61 683 61 682 0 1 53 52 9463 32 1
18912 18914 61 682 63 682 1 0 52 50 -9463 32 2
18914 20157 63 682 63 682 0 0 50 50 0 1243 0
20157 20159 63 682 61 682 0 1 50 48 9915 32 2
20159 20160 61 682 61 682 1 1 48 48 0 1 0
20160 20161 61 682 62 682 1 0 48 47 -9915 32 1
20161 21072 62 682 62 682 0 0 47 47 0 911 0
21072 21073 62 682 61 682 0 1 47 46 10235 32 1
21073 21076 61 682 62 684 1 0 46 43 -10235 32 3
21076 21477 62 684 62 684 0 0 43 43 0 401 0
21477 21480 62 684 61 682 0 1 43 40 10371 32 3
21480 21481 61 682 61 682 1 1 40 40 0 1 0
21481 21486 61 682 61 687 1 0 40 35 -10371 32 5
21486 21944 61 687 61 687 0 0 35 35 0 458 0
21944 21949 61 687 61 682 0 1 35 30 10549 32 5
21949 21951 61 682 61 682 1 1 30 30 0 2 0
21951 21955 61 682 65 682 1 0 30 26 -10549 32 4
21955 25595 65 682 65 682 0 0 26 26 0 3640 0
25595 25599 65 682 61 682 0 1 26 22 11672 32 4
25599 25600 61 682 61 682 1 1 22 22 0 1 0
25600 25602 61 682 63 682 1 0 22 20 -11672 32 2
25602 26490 63 682 63 682 0 0 20 20 0 888 0
26490 26492 63 682 61 682 0 1 20 18 11940 32 2
26492 26493 61 682 61 682 1 1 18 18 0 1 0
26493 26496 61 682 63 683 1 0 18 15 -11940 32 3
26496 26581 63 683 63 683 0 0 15 15 0 85 0
26581 26584 63 683 61 682 0 1 15 12 11964 32 3
26584 26586 61 682 63 682 1 0 12 10 -11964 32 2
26586 27149 63 682 63 682 0 0 10 10 0 563 0
27149 27151 63 682 61 682 0 1 10 8 12123 32 2
27151 27152 61 682 62 682 1 0 8 7 -12123 32 1
27152 29348 62 682 62 682 0 0 7 7 0 2196 0
29348 29349 62 682 61 682 0 1 7 6 12742 32 1
29349 29350 61 682 62 682 1 0 6 5 -12742 32 1
29350 31346 62 682 62 682 0 0 5 5 0 1996 0
31346 31347 62 682 61 682 0 1 5 4 13306 32 1
31347 31349 61 682 61 682 1 1 4 4 0 2 0
31349 31351 61 682 61 684 1 0 4 2 -13306 32 2
31351 43265 61 684 61 684 0 0 2 2 0 11914 0
43265 43267 61 684 61 682 0 0 2 0 1000000000 0 2
--------------------------------------

-------------------------------------------------------------------------

TPs

-------------------------------------------------------------------------

----------------------
TP58 allocated to 1
----------------------

----------------------
TP301 allocated to 1
----------------------

----------------------
TP567 allocated to 1
----------------------

----------------------
TP596 allocated to 1
----------------------

----------------------
TP678 allocated to 1
----------------------

----------------------
TP939 allocated to 1
----------------------

----------------------
TP1177 allocated to 1
----------------------

----------------------
TP1588 allocated to 1
----------------------

----------------------
TP1599 allocated to 1
----------------------

----------------------
TP2186 allocated to 1
----------------------

----------------------
TP2191 allocated to 1
----------------------

----------------------
TP2402 allocated to 1
----------------------

----------------------
TP3489 allocated to 1
----------------------

----------------------
TP3617 allocated to 1
----------------------

----------------------
TP3989 allocated to 1
----------------------

----------------------
TP4208 allocated to 1
----------------------

----------------------
TP4263 allocated to 1
----------------------

----------------------
TP4541 allocated to 1
----------------------

----------------------
TP4604 allocated to 1
----------------------

----------------------
TP4693 allocated to 1
----------------------

----------------------
TP4978 allocated to 1
----------------------

----------------------
TP5293 allocated to 1
----------------------

----------------------
TP6104 allocated to 1
----------------------

----------------------
TP6795 allocated to 1
----------------------

----------------------
TP7037 allocated to 1
----------------------

----------------------
TP7109 allocated to 2
----------------------

----------------------
TP7118 allocated to 1
----------------------

----------------------
TP7358 allocated to 1
----------------------

----------------------
TP7489 allocated to 1
----------------------

----------------------
TP7783 allocated to 2
----------------------

----------------------
TP7803 allocated to 2
----------------------

----------------------
TP7953 allocated to 2
----------------------

----------------------
TP7988 allocated to 1
----------------------

----------------------
TP8209 allocated to 2
----------------------

----------------------
TP8655 allocated to 2
----------------------

----------------------
TP8950 allocated to 2
----------------------

----------------------
TP9463 allocated to 2
----------------------

----------------------
TP9915 allocated to 2
----------------------

----------------------
TP10235 allocated to 2
----------------------

----------------------
TP10371 allocated to 2
----------------------

----------------------
TP10549 allocated to 2
----------------------

----------------------
TP11672 allocated to 2
----------------------

----------------------
TP11940 allocated to 2
----------------------

----------------------
TP11964 allocated to 2
----------------------

----------------------
TP12123 allocated to 2
----------------------

----------------------
TP12356 not allocated
----------------------

----------------------
TP12419 allocated to 1
----------------------

----------------------
TP12742 allocated to 2
----------------------

----------------------
TP13306 allocated to 2
----------------------

----------------------
TP13457 not allocated
----------------------

----------------------
TP13482 not allocated
----------------------

----------------------
TP13744 not allocated
----------------------

----------------------
TP14745 allocated to 1
----------------------

----------------------
TP14946 allocated to 1
----------------------

----------------------
TP14987 allocated to 1
----------------------

----------------------
TP15000 not allocated
----------------------

----------------------
TP15037 not allocated
----------------------

----------------------
TP15308 not allocated
----------------------

----------------------
TP15317 not allocated
----------------------

----------------------
TP15998 not allocated
----------------------

----------------------
TP16054 not allocated
----------------------

----------------------
TP16067 not allocated
----------------------

----------------------
TP16076 allocated to 1
----------------------

----------------------
TP16579 not allocated
----------------------

----------------------
TP16602 not allocated
----------------------

----------------------
TP16626 not allocated
----------------------

----------------------
TP17025 allocated to 1
----------------------

----------------------
TP17294 not allocated
----------------------

----------------------
TP17344 not allocated
----------------------

----------------------
TP17900 not allocated
----------------------

----------------------
TP18139 not allocated
----------------------

----------------------
TP18262 not allocated
----------------------

----------------------
TP18587 not allocated
----------------------

----------------------
TP18664 not allocated
----------------------

----------------------
TP19149 not allocated
----------------------

----------------------
TP19154 not allocated
----------------------

----------------------
TP20040 not allocated
----------------------

----------------------
TP20107 allocated to 1
----------------------

----------------------
TP20377 not allocated
----------------------

----------------------
TP20477 allocated to 1
----------------------

----------------------
TP20515 not allocated
----------------------

----------------------
TP20821 not allocated
----------------------

----------------------
TP20866 not allocated
----------------------

----------------------
TP21790 not allocated
----------------------

----------------------
TP21945 not allocated
----------------------

----------------------
TP22586 not allocated
----------------------

----------------------
TP23036 not allocated
----------------------

----------------------
TP23048 not allocated
----------------------

----------------------
TP23285 not allocated
----------------------

----------------------
TP23692 not allocated
----------------------

----------------------
TP23854 allocated to 1
----------------------

----------------------
TP23925 not allocated
----------------------

----------------------
TP23955 not allocated
----------------------

----------------------
TP24217 not allocated
----------------------

----------------------
TP24318 not allocated
----------------------

----------------------
TP24373 allocated to 1
----------------------

----------------------
TP25787 not allocated
----------------------

----------------------
TP25887 not allocated
----------------------

----------------------
TP26259 not allocated
----------------------

----------------------
TP26426 not allocated
----------------------

----------------------
TP26897 not allocated
----------------------

----------------------
TP26946 not allocated
----------------------

----------------------
TP27019 not allocated
----------------------

----------------------
TP28018 not allocated
----------------------

----------------------
TP28557 not allocated
----------------------

----------------------
TP28665 not allocated
----------------------

----------------------
TP29704 not allocated
----------------------

----------------------
TP29905 not allocated
----------------------

----------------------
TP30045 not allocated
----------------------

----------------------
TP30372 not allocated
----------------------

----------------------
TP31244 not allocated
----------------------

----------------------
TP31286 not allocated
----------------------

----------------------
TP31729 not allocated
----------------------

----------------------
TP31849 not allocated
----------------------

----------------------
TP32011 not allocated
----------------------

----------------------
TP32414 not allocated
----------------------

----------------------
TP32557 not allocated
----------------------

----------------------
TP32578 not allocated
----------------------

----------------------
TP33133 not allocated
----------------------

----------------------
TP33586 not allocated
----------------------

----------------------
TP33719 not allocated
----------------------

----------------------
TP34008 not allocated
----------------------

----------------------
TP34069 not allocated
----------------------

----------------------
TP34145 not allocated
----------------------

----------------------
TP34177 not allocated
----------------------

----------------------
TP34218 not allocated
----------------------

----------------------
TP34615 allocated to 1
----------------------

----------------------
TP34711 not allocated
----------------------

----------------------
TP34999 not allocated
----------------------

----------------------
TP35073 not allocated
----------------------

----------------------
TP35144 not allocated
----------------------

----------------------
TP35604 not allocated
----------------------

----------------------
TP35706 not allocated
----------------------

----------------------
TP36114 not allocated
----------------------

----------------------
TP36329 not allocated
----------------------

----------------------
TP36493 not allocated
----------------------

----------------------
TP36596 not allocated
----------------------

----------------------
TP37207 not allocated
----------------------

----------------------
TP37350 not allocated
----------------------

----------------------
TP38283 not allocated
----------------------

----------------------
TP38323 not allocated
----------------------

----------------------
TP38328 not allocated
----------------------

----------------------
TP38519 not allocated
----------------------

----------------------
TP38962 not allocated
----------------------

----------------------
TP38975 not allocated
----------------------

----------------------
TP39423 not allocated
----------------------

----------------------
TP39508 not allocated
----------------------

----------------------
TP39770 not allocated
----------------------

----------------------
TP40297 not allocated
----------------------

----------------------
TP40499 not allocated
----------------------

----------------------
TP40650 not allocated
----------------------

----------------------
TP40998 not allocated
----------------------

----------------------
TP41195 not allocated
----------------------

----------------------
TP41404 not allocated
----------------------

----------------------
TP41849 not allocated
----------------------

----------------------
TP41946 not allocated
----------------------

----------------------
TP42356 not allocated
----------------------

----------------------
TP42603 not allocated
----------------------

----------------------
TP42717 allocated to 1
----------------------

----------------------
TP42750 not allocated
----------------------

----------------------
TP42797 not allocated
----------------------

----------------------
TP43114 not allocated
----------------------

----------------------
TP43175 not allocated
----------------------

----------------------
TP43487 not allocated
----------------------

----------------------
TP43930 not allocated
----------------------

----------------------
TP44227 not allocated
----------------------

----------------------
TP44375 not allocated
----------------------

----------------------
TP44484 allocated to 1
----------------------

----------------------
TP44888 not allocated
----------------------

----------------------
TP45077 not allocated
----------------------

----------------------
TP45594 not allocated
----------------------

----------------------
TP46121 not allocated
----------------------

----------------------
TP46161 allocated to 1
----------------------

----------------------
TP46489 not allocated
----------------------

----------------------
TP46770 not allocated
----------------------

----------------------
TP47669 not allocated
----------------------

----------------------
TP47692 allocated to 1
----------------------

----------------------
TP47804 not allocated
----------------------

----------------------
TP47848 not allocated
----------------------

----------------------
TP48032 not allocated
----------------------

----------------------
TP48506 not allocated
----------------------

----------------------
TP48918 not allocated
----------------------

----------------------
TP49144 not allocated
----------------------

----------------------
TP49334 allocated to 1
----------------------

----------------------
TP49434 not allocated
----------------------

----------------------
TP49451 not allocated
----------------------

----------------------
TP49707 not allocated
----------------------

----------------------
TP49911 not allocated
----------------------

-------------------------------------------------------------------------

Ride-sharing vs Individual Mode - Num Vehicles and Distance Comparisson 

-------------------------------------------------------------------------
Individual Mode = 188 vehicles.
Ride-sharing Mode = 127 vehicles. The 2 ride-sharing vehicles + 125 vehicles of the individuals not served by the ride-sharing service.
-------------------------------------------------------------------------
Individual Mode = 465 distance.
Ride-sharing Mode = 565 distance. 200 from the EV fleet + 365 from the distance of the trips not covered individuals had to do with their own vehicle.
-------------------------------------------------------------------------
