-------------------------------------------------------------------------
TPs satisfied = 85; Total TPs = 168; Percentage Satisfied + 50.6%
-------------------------------------------------------------------------

-------------------------------------------------------------------------

EVs

-------------------------------------------------------------------------
--------------------------------------
EV1
--------------------------------------
Num TPs served = 38
TPs served = 156 210 347 562 867 956 968 1452 1595 1711 2168 3050 3119 3191 3441 3486 3492 4767 5425 5567 7631 8308 9370 10338 11454 12358 17551 19329 24222 27301 27940 31221 31771 34721 37158 39107 43794 48137
Total energy used = 100
--------------------------------------
Schedule:
0 300 610 558 610 558 0 0 100 100 0 300 0
300 300 610 558 610 558 0 1 100 100 156 32 0
300 302 610 558 612 558 1 0 100 98 -156 32 2
302 425 612 558 612 558 0 0 98 98 0 123 0
425 427 612 558 610 558 0 1 98 96 17551 32 2
427 427 610 558 610 558 1 2 96 96 210 9 0
427 428 610 558 610 558 2 2 96 96 0 1 0
428 428 610 558 610 558 2 1 96 96 -17551 32 0
428 430 610 558 612 558 1 0 96 94 -210 14 2
430 659 612 558 612 558 0 0 94 94 0 229 0
659 661 612 558 610 558 0 1 94 92 347 32 2
661 662 610 558 610 558 1 1 92 92 0 1 0
662 666 610 558 614 558 1 0 92 88 -347 32 4
666 1007 614 558 614 558 0 0 88 88 0 341 0
1007 1011 614 558 610 558 0 1 88 84 562 32 4
1011 1015 610 558 611 561 1 0 84 80 -562 32 4
1015 1532 611 561 611 561 0 0 80 80 0 517 0
1532 1536 611 561 610 558 0 1 80 76 867 32 4
1536 1545 610 558 610 558 1 1 76 76 0 9 0
1545 1549 610 558 613 559 1 0 76 72 -867 32 4
1549 1701 613 559 613 559 0 0 72 72 0 152 0
1701 1705 613 559 610 558 0 1 72 68 968 32 4
1705 1705 610 558 610 558 1 2 68 68 956 15 0
1705 1708 610 558 610 558 2 2 68 68 0 3 0
1708 1710 610 558 612 558 2 1 68 66 -968 32 2
1710 1711 612 558 612 559 1 0 66 65 -956 13 1
1711 2530 612 559 612 559 0 0 65 65 0 819 0
2530 2533 612 559 610 558 0 1 65 62 1452 32 3
2533 2535 610 558 610 558 1 1 62 62 0 2 0
2535 2536 610 558 610 559 1 0 62 61 -1452 32 1
2536 2776 610 559 610 559 0 0 61 61 0 240 0
2776 2777 610 559 610 558 0 1 61 60 1595 32 1
2777 2778 610 558 610 558 1 1 60 60 0 1 0
2778 2779 610 558 611 558 1 0 60 59 -1595 32 1
2779 2989 611 558 611 558 0 0 59 59 0 210 0
2989 2990 611 558 610 558 0 1 59 58 1711 32 1
2990 2994 610 558 614 558 1 0 58 54 -1711 32 4
2994 3827 614 558 614 558 0 0 54 54 0 833 0
3827 3831 614 558 610 558 0 1 54 50 2168 32 4
3831 3840 610 558 619 558 1 0 50 41 -2168 32 9
3840 5435 619 558 619 558 0 0 41 41 0 1595 0
5435 5444 619 558 610 558 0 1 41 32 3050 32 9
5444 5445 610 558 610 558 1 1 32 32 0 1 0
5445 5446 610 558 611 558 1 0 32 31 -3050 32 1
5446 5555 611 558 611 558 0 0 31 31 0 109 0
5555 5556 611 558 610 558 0 1 31 30 3119 32 1
5556 5559 610 558 613 558 1 0 30 27 -3119 32 3
5559 5695 613 558 613 558 0 0 27 27 0 136 0
5695 5698 613 558 610 558 0 1 27 24 3191 32 3
5698 5702 610 558 612 560 1 0 24 20 -3191 32 4
5702 5906 612 560 612 560 0 0 20 20 0 204 0
5906 5910 612 560 610 558 0 1 20 16 37158 32 4
5910 5911 610 558 610 558 1 1 16 16 0 1 0
5911 5911 610 558 610 558 1 0 16 16 -37158 32 0
5911 5974 610 558 610 558 0 0 16 16 0 63 0
5974 5974 610 558 610 558 0 1 16 16 19329 32 0
5974 5975 610 558 610 558 1 1 16 16 0 1 0
5975 5975 610 558 610 558 1 0 16 16 -19329 32 0
5975 6136 610 558 610 558 0 0 16 16 0 161 0
6136 6136 610 558 610 558 0 1 16 16 3441 32 0
6136 6138 610 558 612 558 1 0 16 14 -3441 32 2
6138 6224 612 558 612 558 0 0 14 14 0 86 0
6224 6226 612 558 610 558 0 1 14 12 3492 32 2
6226 6226 610 558 610 558 1 2 12 12 3486 17 0
6226 6227 610 558 610 558 2 2 12 12 0 1 0
6227 6228 610 558 610 559 2 1 12 11 -3492 32 1
6228 6231 610 559 612 560 1 0 11 8 -3486 21 3
6231 8658 612 560 612 560 0 0 8 8 0 2427 0
8658 8662 612 560 610 558 0 1 8 4 4767 32 4
8662 8663 610 558 610 558 1 1 4 4 0 1 0
8663 8663 610 558 610 558 1 0 4 4 -4767 32 0
8663 9859 610 558 610 558 0 0 4 4 0 1196 0
9859 9859 610 558 610 558 0 1 4 4 5425 32 0
9859 9861 610 558 612 558 1 0 4 2 -5425 32 2
9861 10140 612 558 612 558 0 0 2 2 0 279 0
10140 10142 612 558 610 558 0 1 2 0 5567 32 2
10142 10143 610 558 610 558 1 1 0 0 0 1 0
10143 10143 610 558 610 558 1 0 0 0 -5567 32 0
10143 11099 610 558 610 558 0 0 0 0 0 956 0
11099 11099 610 558 610 558 0 1 0 0 39107 32 0
11099 11101 610 558 610 558 1 1 0 0 0 2 0
11101 11101 610 558 610 558 1 0 0 0 -39107 32 0
11101 14389 610 558 610 558 0 0 0 0 0 3288 0
14389 14389 610 558 610 558 0 1 0 0 7631 32 0
14389 14392 610 558 610 558 1 1 0 0 0 3 0
14392 14392 610 558 610 558 1 0 0 0 -7631 32 0
14392 15948 610 558 610 558 0 0 0 0 0 1556 0
15948 15948 610 558 610 558 0 1 0 0 8308 32 0
15948 15950 610 558 610 558 1 1 0 0 0 2 0
15950 15950 610 558 610 558 1 0 0 0 -8308 32 0
15950 18673 610 558 610 558 0 0 0 0 0 2723 0
18673 18673 610 558 610 558 0 1 0 0 9370 32 0
18673 18675 610 558 610 558 1 1 0 0 0 2 0
18675 18675 610 558 610 558 1 0 0 0 -9370 32 0
18675 18760 610 558 610 558 0 0 0 0 0 85 0
18760 18760 610 558 610 558 0 1 0 0 24222 32 0
18760 18762 610 558 610 558 1 1 0 0 0 2 0
18762 18762 610 558 610 558 1 0 0 0 -24222 32 0
18762 21383 610 558 610 558 0 0 0 0 0 2621 0
21383 21383 610 558 610 558 0 1 0 0 10338 32 0
21383 21384 610 558 610 558 1 1 0 0 0 1 0
21384 21384 610 558 610 558 1 0 0 0 -10338 32 0
21384 21770 610 558 610 558 0 0 0 0 0 386 0
21770 21770 610 558 610 558 0 1 0 0 43794 32 0
21770 21772 610 558 610 558 1 1 0 0 0 2 0
21772 21772 610 558 610 558 1 0 0 0 -43794 32 0
21772 24840 610 558 610 558 0 0 0 0 0 3068 0
24840 24840 610 558 610 558 0 1 0 0 11454 32 0
24840 24841 610 558 610 558 1 1 0 0 0 1 0
24841 24841 610 558 610 558 1 0 0 0 -11454 32 0
24841 25192 610 558 610 558 0 0 0 0 0 351 0
25192 25192 610 558 610 558 0 1 0 0 27301 32 0
25192 25195 610 558 610 558 1 1 0 0 0 3 0
25195 25195 610 558 610 558 1 0 0 0 -27301 32 0
25195 26402 610 558 610 558 0 0 0 0 0 1207 0
26402 26402 610 558 610 558 0 1 0 0 27940 32 0
26402 26404 610 558 610 558 1 1 0 0 0 2 0
26404 26404 610 558 610 558 1 0 0 0 -27940 32 0
26404 27956 610 558 610 558 0 0 0 0 0 1552 0
27956 27956 610 558 610 558 0 1 0 0 12358 32 0
27956 27958 610 558 610 558 1 1 0 0 0 2 0
27958 27958 610 558 610 558 1 0 0 0 -12358 32 0
27958 29481 610 558 610 558 0 0 0 0 0 1523 0
29481 29481 610 558 610 558 0 1 0 0 48137 32 0
29481 29483 610 558 610 558 1 1 0 0 0 2 0
29483 29483 610 558 610 558 1 0 0 0 -48137 32 0
29483 32977 610 558 610 558 0 0 0 0 0 3494 0
32977 32977 610 558 610 558 0 1 0 0 31221 32 0
32977 32978 610 558 610 558 1 1 0 0 0 1 0
32978 32978 610 558 610 558 1 0 0 0 -31221 32 0
32978 34229 610 558 610 558 0 0 0 0 0 1251 0
34229 34229 610 558 610 558 0 1 0 0 31771 32 0
34229 34230 610 558 610 558 1 1 0 0 0 1 0
34230 34230 610 558 610 558 1 0 0 0 -31771 32 0
34230 41903 610 558 610 558 0 0 0 0 0 7673 0
41903 41903 610 558 610 558 0 1 0 0 34721 32 0
41903 41904 610 558 610 558 1 1 0 0 0 1 0
41904 41904 610 558 610 558 1 0 0 0 -34721 32 0
41904 43267 610 558 610 558 0 0 0 0 0 1363 0
43267 43267 610 558 610 558 0 0 0 0 1000000000 0 0
--------------------------------------
--------------------------------------
EV2
--------------------------------------
Num TPs served = 14
TPs served = 3487 5113 5696 6492 6590 6994 7073 7130 7885 8877 8935 9094 9160 9627
Total energy used = 100
--------------------------------------
Schedule:
0 6212 610 558 610 558 0 0 100 100 0 6212 0
6212 6212 610 558 610 558 0 1 100 100 3487 32 0
6212 6213 610 558 610 558 1 1 100 100 0 1 0
6213 6221 610 558 617 559 1 0 100 92 -3487 32 8
6221 9273 617 559 617 559 0 0 92 92 0 3052 0
9273 9281 617 559 610 558 0 1 92 84 5113 32 8
9281 9288 610 558 610 558 1 1 84 84 0 7 0
9288 9293 610 558 611 562 1 0 84 79 -5113 32 5
9293 10406 611 562 611 562 0 0 79 79 0 1113 0
10406 10411 611 562 610 558 0 1 79 74 5696 32 5
10411 10412 610 558 610 559 1 0 74 73 -5696 32 1
10412 11927 610 559 610 559 0 0 73 73 0 1515 0
11927 11928 610 559 610 558 0 1 73 72 6492 32 1
11928 11930 610 558 610 560 1 0 72 70 -6492 32 2
11930 12134 610 560 610 560 0 0 70 70 0 204 0
12134 12136 610 560 610 558 0 1 70 68 6590 32 2
12136 12137 610 558 610 558 1 1 68 68 0 1 0
12137 12138 610 558 611 558 1 0 68 67 -6590 32 1
12138 12998 611 558 611 558 0 0 67 67 0 860 0
12998 12999 611 558 610 558 0 1 67 66 6994 32 1
12999 13002 610 558 610 558 1 1 66 66 0 3 0
13002 13006 610 558 613 559 1 0 66 62 -6994 32 4
13006 13156 613 559 613 559 0 0 62 62 0 150 0
13156 13160 613 559 610 558 0 1 62 58 7073 32 4
13160 13164 610 558 614 558 1 0 58 54 -7073 32 4
13164 13294 614 558 614 558 0 0 54 54 0 130 0
13294 13298 614 558 610 558 0 1 54 50 7130 32 4
13298 13300 610 558 612 558 1 0 50 48 -7130 32 2
13300 14946 612 558 612 558 0 0 48 48 0 1646 0
14946 14948 612 558 610 558 0 1 48 46 7885 32 2
14948 14954 610 558 610 558 1 1 46 46 0 6 0
14954 14962 610 558 616 560 1 0 46 38 -7885 32 8
14962 17319 616 560 616 560 0 0 38 38 0 2357 0
17319 17327 616 560 610 558 0 1 38 30 8877 32 8
17327 17329 610 558 611 559 1 0 30 28 -8877 32 2
17329 17486 611 559 611 559 0 0 28 28 0 157 0
17486 17488 611 559 610 558 0 1 28 26 8935 32 2
17488 17498 610 558 619 559 1 0 26 16 -8935 32 10
17498 17871 619 559 619 559 0 0 16 16 0 373 0
17871 17881 619 559 610 558 0 1 16 6 9094 32 10
17881 17882 610 558 611 558 1 0 6 5 -9094 32 1
17882 18048 611 558 611 558 0 0 5 5 0 166 0
18048 18049 611 558 610 558 0 1 5 4 9160 32 1
18049 18050 610 558 611 558 1 0 4 3 -9160 32 1
18050 19349 611 558 611 558 0 0 3 3 0 1299 0
19349 19350 611 558 610 558 0 1 3 2 9627 32 1
19350 19351 610 558 610 558 1 1 2 2 0 1 0
19351 19352 610 558 611 558 1 0 2 1 -9627 32 1
19352 43266 611 558 611 558 0 0 1 1 0 23914 0
43266 43267 611 558 610 558 0 0 1 0 1000000000 0 1
--------------------------------------
--------------------------------------
EV3
--------------------------------------
Num TPs served = 19
TPs served = 9130 10191 10340 10725 10894 11353 11563 11829 12290 12340 12602 12963 13287 13940 14045 14100 14108 28628 47801
Total energy used = 100
--------------------------------------
Schedule:
0 17959 610 558 610 558 0 0 100 100 0 17959 0
17959 17959 610 558 610 558 0 1 100 100 9130 32 0
17959 17962 610 558 610 561 1 0 100 97 -9130 32 3
17962 20938 610 561 610 561 0 0 97 97 0 2976 0
20938 20941 610 561 610 558 0 1 97 94 10191 32 3
20941 20945 610 558 614 558 1 0 94 90 -10191 32 4
20945 21381 614 558 614 558 0 0 90 90 0 436 0
21381 21385 614 558 610 558 0 1 90 86 10340 32 4
21385 21386 610 558 610 558 1 1 86 86 0 1 0
21386 21394 610 558 615 561 1 0 86 78 -10340 32 8
21394 22482 615 561 615 561 0 0 78 78 0 1088 0
22482 22490 615 561 610 558 0 1 78 70 10725 32 8
22490 22491 610 558 610 558 1 1 70 70 0 1 0
22491 22495 610 558 613 559 1 0 70 66 -10725 32 4
22495 23038 613 559 613 559 0 0 66 66 0 543 0
23038 23042 613 559 610 558 0 1 66 62 10894 32 4
23042 23043 610 558 610 558 1 1 62 62 0 1 0
23043 23044 610 558 611 558 1 0 62 61 -10894 32 1
23044 24442 611 558 611 558 0 0 61 61 0 1398 0
24442 24443 611 558 610 558 0 1 61 60 11353 32 1
24443 24444 610 558 610 559 1 0 60 59 -11353 32 1
24444 25221 610 559 610 559 0 0 59 59 0 777 0
25221 25222 610 559 610 558 0 1 59 58 11563 32 1
25222 25226 610 558 614 558 1 0 58 54 -11563 32 4
25226 26116 614 558 614 558 0 0 54 54 0 890 0
26116 26120 614 558 610 558 0 1 54 50 11829 32 4
26120 26121 610 558 610 558 1 1 50 50 0 1 0
26121 26122 610 558 611 558 1 0 50 49 -11829 32 1
26122 27731 611 558 611 558 0 0 49 49 0 1609 0
27731 27732 611 558 610 558 0 1 49 48 28628 32 1
27732 27732 610 558 610 558 1 2 48 48 12290 29 0
27732 27733 610 558 611 558 2 1 48 47 -28628 32 1
27733 27734 611 558 612 558 1 0 47 46 -12290 29 1
27734 27881 612 558 612 558 0 0 46 46 0 147 0
27881 27883 612 558 610 558 0 1 46 44 12340 32 2
27883 27885 610 558 612 558 1 0 44 42 -12340 32 2
27885 28836 612 558 612 558 0 0 42 42 0 951 0
28836 28838 612 558 610 558 0 1 42 40 12602 32 2
28838 28870 610 558 610 558 1 1 40 40 0 32 0
28870 28870 610 558 610 558 1 2 40 40 47801 32 0
28870 28872 610 558 612 558 2 1 40 38 -47801 32 2
28872 28874 612 558 613 559 1 0 38 36 -12602 1 2
28874 30160 613 559 613 559 0 0 36 36 0 1286 0
30160 30164 613 559 610 558 0 1 36 32 12963 32 4
30164 30166 610 558 610 558 1 1 32 32 0 2 0
30166 30167 610 558 610 559 1 0 32 31 -12963 32 1
30167 31269 610 559 610 559 0 0 31 31 0 1102 0
31269 31270 610 559 610 558 0 1 31 30 13287 32 1
31270 31276 610 558 615 559 1 0 30 24 -13287 32 6
31276 33724 615 559 615 559 0 0 24 24 0 2448 0
33724 33730 615 559 610 558 0 1 24 18 13940 32 6
33730 33731 610 558 610 558 1 1 18 18 0 1 0
33731 33733 610 558 612 558 1 0 18 16 -13940 32 2
33733 34157 612 558 612 558 0 0 16 16 0 424 0
34157 34159 612 558 610 558 0 1 16 14 14045 32 2
34159 34160 610 558 610 558 1 1 14 14 0 1 0
34160 34161 610 558 610 559 1 0 14 13 -14045 32 1
34161 34383 610 559 610 559 0 0 13 13 0 222 0
34383 34384 610 559 610 558 0 1 13 12 14108 32 1
34384 34384 610 558 610 558 1 2 12 12 14100 8 0
34384 34385 610 558 611 558 2 1 12 11 -14100 8 1
34385 34391 611 558 610 563 1 0 11 5 -14108 30 6
34391 43262 610 563 610 563 0 0 5 5 0 8871 0
43262 43267 610 563 610 558 0 0 5 0 1000000000 0 5
--------------------------------------
--------------------------------------
EV4
--------------------------------------
Num TPs served = 14
TPs served = 15160 15512 15804 17024 17268 17362 17588 17814 18488 18562 18576 18729 18731 18761
Total energy used = 100
--------------------------------------
Schedule:
0 547 610 558 610 558 0 0 100 100 0 547 0
547 547 610 558 610 558 0 1 100 100 17588 32 0
547 551 610 558 613 559 1 0 100 96 -17588 32 4
551 1255 613 559 613 559 0 0 96 96 0 704 0
1255 1259 613 559 610 558 0 1 96 92 17814 32 4
1259 1260 610 558 610 558 1 1 92 92 0 1 0
1260 1267 610 558 617 558 1 0 92 85 -17814 32 7
1267 3326 617 558 617 558 0 0 85 85 0 2059 0
3326 3333 617 558 610 558 0 1 85 78 18488 32 7
3333 3335 610 558 610 558 1 1 78 78 0 2 0
3335 3336 610 558 610 559 1 0 78 77 -18488 32 1
3336 3591 610 559 610 559 0 0 77 77 0 255 0
3591 3592 610 559 610 558 0 1 77 76 18562 32 1
3592 3593 610 558 611 558 1 0 76 75 -18562 32 1
3593 3651 611 558 611 558 0 0 75 75 0 58 0
3651 3652 611 558 610 558 0 1 75 74 18576 32 1
3652 3655 610 558 613 558 1 0 74 71 -18576 32 3
3655 4126 613 558 613 558 0 0 71 71 0 471 0
4126 4129 613 558 610 558 0 1 71 68 18731 32 3
4129 4129 610 558 610 558 1 2 68 68 18729 24 0
4129 4134 610 558 613 560 2 1 68 63 -18731 32 5
4134 4138 613 560 611 558 1 0 63 59 -18729 16 4
4138 4233 611 558 611 558 0 0 59 59 0 95 0
4233 4234 611 558 610 558 0 1 59 58 18761 32 1
4234 4240 610 558 612 562 1 0 58 52 -18761 32 6
4240 38447 612 562 612 562 0 0 52 52 0 34207 0
38447 38453 612 562 610 558 0 1 52 46 15160 32 6
38453 38455 610 558 610 560 1 0 46 44 -15160 32 2
38455 39776 610 560 610 560 0 0 44 44 0 1321 0
39776 39778 610 560 610 558 0 1 44 42 15512 32 2
39778 39785 610 558 617 558 1 0 42 35 -15512 32 7
39785 40391 617 558 617 558 0 0 35 35 0 606 0
40391 40398 617 558 610 558 0 1 35 28 15804 32 7
40398 40399 610 558 610 558 1 1 28 28 0 1 0
40399 40406 610 558 617 558 1 0 28 21 -15804 32 7
40406 42548 617 558 617 558 0 0 21 21 0 2142 0
42548 42555 617 558 610 558 0 1 21 14 17024 32 7
42555 42556 610 558 610 558 1 1 14 14 0 1 0
42556 42557 610 558 610 559 1 0 14 13 -17024 32 1
42557 42956 610 559 610 559 0 0 13 13 0 399 0
42956 42957 610 559 610 558 0 1 13 12 17268 32 1
42957 42958 610 558 610 558 1 1 12 12 0 1 0
42958 42962 610 558 611 561 1 0 12 8 -17268 32 4
42962 43107 611 561 611 561 0 0 8 8 0 145 0
43107 43111 611 561 610 558 0 1 8 4 17362 32 4
43111 43112 610 558 610 558 1 1 4 4 0 1 0
43112 43114 610 558 611 559 1 0 4 2 -17362 32 2
43114 43265 611 559 611 559 0 0 2 2 0 151 0
43265 43267 611 559 610 558 0 0 2 0 1000000000 0 2
--------------------------------------

-------------------------------------------------------------------------

TPs

-------------------------------------------------------------------------

----------------------
TP156 allocated to 1
----------------------

----------------------
TP210 allocated to 1
----------------------

----------------------
TP347 allocated to 1
----------------------

----------------------
TP562 allocated to 1
----------------------

----------------------
TP867 allocated to 1
----------------------

----------------------
TP956 allocated to 1
----------------------

----------------------
TP968 allocated to 1
----------------------

----------------------
TP1452 allocated to 1
----------------------

----------------------
TP1595 allocated to 1
----------------------

----------------------
TP1711 allocated to 1
----------------------

----------------------
TP2168 allocated to 1
----------------------

----------------------
TP3050 allocated to 1
----------------------

----------------------
TP3119 allocated to 1
----------------------

----------------------
TP3191 allocated to 1
----------------------

----------------------
TP3441 allocated to 1
----------------------

----------------------
TP3486 allocated to 1
----------------------

----------------------
TP3487 allocated to 2
----------------------

----------------------
TP3492 allocated to 1
----------------------

----------------------
TP4767 allocated to 1
----------------------

----------------------
TP5113 allocated to 2
----------------------

----------------------
TP5425 allocated to 1
----------------------

----------------------
TP5567 allocated to 1
----------------------

----------------------
TP5696 allocated to 2
----------------------

----------------------
TP6492 allocated to 2
----------------------

----------------------
TP6590 allocated to 2
----------------------

----------------------
TP6994 allocated to 2
----------------------

----------------------
TP7073 allocated to 2
----------------------

----------------------
TP7130 allocated to 2
----------------------

----------------------
TP7631 allocated to 1
----------------------

----------------------
TP7885 allocated to 2
----------------------

----------------------
TP8308 allocated to 1
----------------------

----------------------
TP8877 allocated to 2
----------------------

----------------------
TP8935 allocated to 2
----------------------

----------------------
TP9094 allocated to 2
----------------------

----------------------
TP9130 allocated to 3
----------------------

----------------------
TP9160 allocated to 2
----------------------

----------------------
TP9370 allocated to 1
----------------------

----------------------
TP9627 allocated to 2
----------------------

----------------------
TP10191 allocated to 3
----------------------

----------------------
TP10338 allocated to 1
----------------------

----------------------
TP10340 allocated to 3
----------------------

----------------------
TP10725 allocated to 3
----------------------

----------------------
TP10894 allocated to 3
----------------------

----------------------
TP11353 allocated to 3
----------------------

----------------------
TP11454 allocated to 1
----------------------

----------------------
TP11563 allocated to 3
----------------------

----------------------
TP11829 allocated to 3
----------------------

----------------------
TP12290 allocated to 3
----------------------

----------------------
TP12340 allocated to 3
----------------------

----------------------
TP12358 allocated to 1
----------------------

----------------------
TP12602 allocated to 3
----------------------

----------------------
TP12963 allocated to 3
----------------------

----------------------
TP13287 allocated to 3
----------------------

----------------------
TP13940 allocated to 3
----------------------

----------------------
TP14045 allocated to 3
----------------------

----------------------
TP14100 allocated to 3
----------------------

----------------------
TP14108 allocated to 3
----------------------

----------------------
TP15160 allocated to 4
----------------------

----------------------
TP15512 allocated to 4
----------------------

----------------------
TP15804 allocated to 4
----------------------

----------------------
TP17024 allocated to 4
----------------------

----------------------
TP17268 allocated to 4
----------------------

----------------------
TP17362 allocated to 4
----------------------

----------------------
TP17551 allocated to 1
----------------------

----------------------
TP17588 allocated to 4
----------------------

----------------------
TP17814 allocated to 4
----------------------

----------------------
TP18488 allocated to 4
----------------------

----------------------
TP18562 allocated to 4
----------------------

----------------------
TP18576 allocated to 4
----------------------

----------------------
TP18729 allocated to 4
----------------------

----------------------
TP18731 allocated to 4
----------------------

----------------------
TP18761 allocated to 4
----------------------

----------------------
TP18833 not allocated
----------------------

----------------------
TP19329 allocated to 1
----------------------

----------------------
TP19979 not allocated
----------------------

----------------------
TP21533 not allocated
----------------------

----------------------
TP22258 not allocated
----------------------

----------------------
TP23762 not allocated
----------------------

----------------------
TP23913 not allocated
----------------------

----------------------
TP24130 not allocated
----------------------

----------------------
TP24222 allocated to 1
----------------------

----------------------
TP24284 not allocated
----------------------

----------------------
TP24349 not allocated
----------------------

----------------------
TP24665 not allocated
----------------------

----------------------
TP25083 not allocated
----------------------

----------------------
TP25327 not allocated
----------------------

----------------------
TP26317 not allocated
----------------------

----------------------
TP26392 not allocated
----------------------

----------------------
TP26474 not allocated
----------------------

----------------------
TP26851 not allocated
----------------------

----------------------
TP27030 not allocated
----------------------

----------------------
TP27301 allocated to 1
----------------------

----------------------
TP27856 not allocated
----------------------

----------------------
TP27904 not allocated
----------------------

----------------------
TP27940 allocated to 1
----------------------

----------------------
TP28058 not allocated
----------------------

----------------------
TP28089 not allocated
----------------------

----------------------
TP28102 not allocated
----------------------

----------------------
TP28144 not allocated
----------------------

----------------------
TP28160 not allocated
----------------------

----------------------
TP28411 not allocated
----------------------

----------------------
TP28569 not allocated
----------------------

----------------------
TP28628 allocated to 3
----------------------

----------------------
TP29006 not allocated
----------------------

----------------------
TP29538 not allocated
----------------------

----------------------
TP29653 not allocated
----------------------

----------------------
TP29728 not allocated
----------------------

----------------------
TP30570 not allocated
----------------------

----------------------
TP30937 not allocated
----------------------

----------------------
TP31089 not allocated
----------------------

----------------------
TP31181 not allocated
----------------------

----------------------
TP31221 allocated to 1
----------------------

----------------------
TP31692 not allocated
----------------------

----------------------
TP31771 allocated to 1
----------------------

----------------------
TP32119 not allocated
----------------------

----------------------
TP32287 not allocated
----------------------

----------------------
TP32661 not allocated
----------------------

----------------------
TP32997 not allocated
----------------------

----------------------
TP33011 not allocated
----------------------

----------------------
TP33013 not allocated
----------------------

----------------------
TP33796 not allocated
----------------------

----------------------
TP34721 allocated to 1
----------------------

----------------------
TP34743 not allocated
----------------------

----------------------
TP34797 not allocated
----------------------

----------------------
TP35580 not allocated
----------------------

----------------------
TP36035 not allocated
----------------------

----------------------
TP36498 not allocated
----------------------

----------------------
TP36792 not allocated
----------------------

----------------------
TP36898 not allocated
----------------------

----------------------
TP36968 not allocated
----------------------

----------------------
TP37158 allocated to 1
----------------------

----------------------
TP37977 not allocated
----------------------

----------------------
TP39067 not allocated
----------------------

----------------------
TP39107 allocated to 1
----------------------

----------------------
TP39196 not allocated
----------------------

----------------------
TP39280 not allocated
----------------------

----------------------
TP39707 not allocated
----------------------

----------------------
TP39965 not allocated
----------------------

----------------------
TP40715 not allocated
----------------------

----------------------
TP40836 not allocated
----------------------

----------------------
TP40861 not allocated
----------------------

----------------------
TP41064 not allocated
----------------------

----------------------
TP41756 not allocated
----------------------

----------------------
TP42038 not allocated
----------------------

----------------------
TP42535 not allocated
----------------------

----------------------
TP43333 not allocated
----------------------

----------------------
TP43432 not allocated
----------------------

----------------------
TP43617 not allocated
----------------------

----------------------
TP43701 not allocated
----------------------

----------------------
TP43794 allocated to 1
----------------------

----------------------
TP44188 not allocated
----------------------

----------------------
TP44259 not allocated
----------------------

----------------------
TP44264 not allocated
----------------------

----------------------
TP44423 not allocated
----------------------

----------------------
TP45916 not allocated
----------------------

----------------------
TP46168 not allocated
----------------------

----------------------
TP46192 not allocated
----------------------

----------------------
TP46753 not allocated
----------------------

----------------------
TP47166 not allocated
----------------------

----------------------
TP47340 not allocated
----------------------

----------------------
TP47368 not allocated
----------------------

----------------------
TP47702 not allocated
----------------------

----------------------
TP47801 allocated to 3
----------------------

----------------------
TP48137 allocated to 1
----------------------

----------------------
TP48823 not allocated
----------------------

----------------------
TP48970 not allocated
----------------------

----------------------
TP49180 not allocated
----------------------

----------------------
TP49993 not allocated
----------------------

-------------------------------------------------------------------------

Ride-sharing vs Individual Mode - Num Vehicles and Distance Comparisson 

-------------------------------------------------------------------------
Individual Mode = 168 vehicles.
Ride-sharing Mode = 87 vehicles. The 4 ride-sharing vehicles + 83 vehicles of the individuals not served by the ride-sharing service.
-------------------------------------------------------------------------
Individual Mode = 423 distance.
Ride-sharing Mode = 616 distance. 400 from the EV fleet + 216 from the distance of the trips not covered individuals had to do with their own vehicle.
-------------------------------------------------------------------------
