-------------------------------------------------------------------------
TPs satisfied = 86; Total TPs = 192; Percentage Satisfied + 44.800000000000004%
-------------------------------------------------------------------------

-------------------------------------------------------------------------

EVs

-------------------------------------------------------------------------
--------------------------------------
EV1
--------------------------------------
Num TPs served = 50
TPs served = 463 513 529 1468 1917 2048 2109 2196 3049 3539 3577 3720 3764 4388 4797 4930 4937 5930 6475 6638 6751 6967 7351 7487 7666 7879 8086 9442 17747 19463 22004 22185 24144 26127 26443 27026 27095 27463 28380 28493 28919 28929 29807 30643 33863 39657 46547 48220 48461 49370
Total energy used = 100
--------------------------------------
Schedule:
0 835 915 620 915 620 0 0 100 100 0 835 0
835 835 915 620 915 620 0 1 100 100 463 32 0
835 836 915 620 915 620 1 1 100 100 0 1 0
836 837 915 620 916 620 1 0 100 99 -463 32 1
837 954 916 620 916 620 0 0 99 99 0 117 0
954 955 916 620 915 620 0 1 99 98 529 32 1
955 955 915 620 915 620 1 2 98 98 513 4 0
955 955 915 620 915 620 2 1 98 98 -513 7 0
955 956 915 620 916 620 1 0 98 97 -529 32 1
956 1009 916 620 916 620 0 0 97 97 0 53 0
1009 1010 916 620 915 620 0 1 97 96 17747 32 1
1010 1012 915 620 915 620 1 1 96 96 0 2 0
1012 1012 915 620 915 620 1 0 96 96 -17747 32 0
1012 2560 915 620 915 620 0 0 96 96 0 1548 0
2560 2560 915 620 915 620 0 1 96 96 1468 32 0
2560 2561 915 620 916 620 1 0 96 95 -1468 32 1
2561 3372 916 620 916 620 0 0 95 95 0 811 0
3372 3373 916 620 915 620 0 1 95 94 1917 32 1
3373 3377 915 620 915 620 1 1 94 94 0 4 0
3377 3377 915 620 915 620 1 0 94 94 -1917 32 0
3377 3596 915 620 915 620 0 0 94 94 0 219 0
3596 3596 915 620 915 620 0 1 94 94 2048 32 0
3596 3598 915 620 917 620 1 0 94 92 -2048 32 2
3598 3708 917 620 917 620 0 0 92 92 0 110 0
3708 3710 917 620 915 620 0 1 92 90 2109 32 2
3710 3711 915 620 915 620 1 1 90 90 0 1 0
3711 3712 915 620 916 620 1 0 90 89 -2109 32 1
3712 3875 916 620 916 620 0 0 89 89 0 163 0
3875 3876 916 620 915 620 0 1 89 88 2196 32 1
3876 3877 915 620 915 620 1 1 88 88 0 1 0
3877 3878 915 620 916 620 1 0 88 87 -2196 32 1
3878 5442 916 620 916 620 0 0 87 87 0 1564 0
5442 5443 916 620 915 620 0 1 87 86 3049 32 1
5443 5444 915 620 915 621 1 0 86 85 -3049 32 1
5444 6327 915 621 915 621 0 0 85 85 0 883 0
6327 6328 915 621 915 620 0 1 85 84 3539 32 1
6328 6329 915 620 915 620 1 1 84 84 0 1 0
6329 6333 915 620 918 621 1 0 84 80 -3539 32 4
6333 6396 918 621 918 621 0 0 80 80 0 63 0
6396 6400 918 621 915 620 0 1 80 76 3577 32 4
6400 6403 915 620 917 621 1 0 76 73 -3577 32 3
6403 6435 917 621 917 621 0 0 73 73 0 32 0
6435 6438 917 621 915 620 0 1 73 70 19463 32 3
6438 6440 915 620 915 620 1 1 70 70 0 2 0
6440 6440 915 620 915 620 1 0 70 70 -19463 32 0
6440 6671 915 620 915 620 0 0 70 70 0 231 0
6671 6671 915 620 915 620 0 1 70 70 3720 32 0
6671 6674 915 620 915 620 1 1 70 70 0 3 0
6674 6676 915 620 916 621 1 0 70 68 -3720 32 2
6676 6747 916 621 916 621 0 0 68 68 0 71 0
6747 6749 916 621 915 620 0 1 68 66 3764 32 2
6749 6752 915 620 915 620 1 1 66 66 0 3 0
6752 6755 915 620 918 620 1 0 66 63 -3764 32 3
6755 7884 918 620 918 620 0 0 63 63 0 1129 0
7884 7887 918 620 915 620 0 1 63 60 4388 32 3
7887 7888 915 620 915 621 1 0 60 59 -4388 32 1
7888 8702 915 621 915 621 0 0 59 59 0 814 0
8702 8703 915 621 915 620 0 1 59 58 4797 32 1
8703 8704 915 620 915 620 1 1 58 58 0 1 0
8704 8705 915 620 915 621 1 0 58 57 -4797 32 1
8705 8961 915 621 915 621 0 0 57 57 0 256 0
8961 8962 915 621 915 620 0 1 57 56 4937 32 1
8962 8962 915 620 915 620 1 2 56 56 4930 24 0
8962 8964 915 620 915 620 2 2 56 56 0 2 0
8964 8966 915 620 916 621 2 1 56 54 -4937 32 2
8966 8966 916 621 916 621 1 0 54 54 -4930 23 0
8966 10851 916 621 916 621 0 0 54 54 0 1885 0
10851 10853 916 621 915 620 0 1 54 52 5930 32 2
10853 10856 915 620 917 621 1 0 52 49 -5930 32 3
10856 11886 917 621 917 621 0 0 49 49 0 1030 0
11886 11889 917 621 915 620 0 1 49 46 6475 32 3
11889 11890 915 620 915 620 1 1 46 46 0 1 0
11890 11893 915 620 918 620 1 0 46 43 -6475 32 3
11893 12239 918 620 918 620 0 0 43 43 0 346 0
12239 12242 918 620 915 620 0 1 43 40 6638 32 3
12242 12245 915 620 918 620 1 0 40 37 -6638 32 3
12245 12461 918 620 918 620 0 0 37 37 0 216 0
12461 12464 918 620 915 620 0 1 37 34 6751 32 3
12464 12497 915 620 915 620 1 1 34 34 0 33 0
12497 12497 915 620 915 620 1 2 34 34 39657 32 0
12497 12498 915 620 915 621 2 1 34 33 -39657 32 1
12498 12499 915 621 916 621 1 0 33 32 -6751 1 1
12499 12937 916 621 916 621 0 0 32 32 0 438 0
12937 12939 916 621 915 620 0 1 32 30 6967 32 2
12939 12940 915 620 915 620 1 1 30 30 0 1 0
12940 12944 915 620 919 620 1 0 30 26 -6967 32 4
12944 13470 919 620 919 620 0 0 26 26 0 526 0
13470 13474 919 620 915 620 0 1 26 22 22004 32 4
13474 13475 915 620 915 620 1 1 22 22 0 1 0
13475 13475 915 620 915 620 1 0 22 22 -22004 32 0
13475 13769 915 620 915 620 0 0 22 22 0 294 0
13769 13769 915 620 915 620 0 1 22 22 7351 32 0
13769 13772 915 620 918 620 1 0 22 19 -7351 32 3
13772 13926 918 620 918 620 0 0 19 19 0 154 0
13926 13929 918 620 915 620 0 1 19 16 22185 32 3
13929 13931 915 620 915 620 1 1 16 16 0 2 0
13931 13931 915 620 915 620 1 0 16 16 -22185 32 0
13931 14101 915 620 915 620 0 0 16 16 0 170 0
14101 14101 915 620 915 620 0 1 16 16 7487 32 0
14101 14102 915 620 915 620 1 1 16 16 0 1 0
14102 14103 915 620 916 620 1 0 16 15 -7487 32 1
14103 14473 916 620 916 620 0 0 15 15 0 370 0
14473 14474 916 620 915 620 0 1 15 14 7666 32 1
14474 14475 915 620 915 620 1 1 14 14 0 1 0
14475 14477 915 620 916 621 1 0 14 12 -7666 32 2
14477 14940 916 621 916 621 0 0 12 12 0 463 0
14940 14942 916 621 915 620 0 1 12 10 7879 32 2
14942 14944 915 620 917 620 1 0 10 8 -7879 32 2
14944 15410 917 620 917 620 0 0 8 8 0 466 0
15410 15412 917 620 915 620 0 1 8 6 8086 32 2
15412 15414 915 620 917 620 1 0 6 4 -8086 32 2
15414 18595 917 620 917 620 0 0 4 4 0 3181 0
18595 18597 917 620 915 620 0 1 4 2 24144 32 2
18597 18598 915 620 915 620 1 1 2 2 0 1 0
18598 18598 915 620 915 620 1 0 2 2 -24144 32 0
18598 18859 915 620 915 620 0 0 2 2 0 261 0
18859 18859 915 620 915 620 0 1 2 2 9442 32 0
18859 18861 915 620 915 620 1 1 2 2 0 2 0
18861 18862 915 620 916 620 1 0 2 1 -9442 32 1
18862 22908 916 620 916 620 0 0 1 1 0 4046 0
22908 22909 916 620 915 620 0 1 1 0 26127 32 1
22909 22910 915 620 915 620 1 1 0 0 0 1 0
22910 22910 915 620 915 620 1 0 0 0 -26127 32 0
22910 23546 915 620 915 620 0 0 0 0 0 636 0
23546 23546 915 620 915 620 0 1 0 0 26443 32 0
23546 23548 915 620 915 620 1 1 0 0 0 2 0
23548 23548 915 620 915 620 1 0 0 0 -26443 32 0
23548 24698 915 620 915 620 0 0 0 0 0 1150 0
24698 24698 915 620 915 620 0 1 0 0 27026 32 0
24698 24699 915 620 915 620 1 1 0 0 0 1 0
24699 24699 915 620 915 620 1 0 0 0 -27026 32 0
24699 24825 915 620 915 620 0 0 0 0 0 126 0
24825 24825 915 620 915 620 0 1 0 0 27095 32 0
24825 24828 915 620 915 620 1 1 0 0 0 3 0
24828 24828 915 620 915 620 1 0 0 0 -27095 32 0
24828 25502 915 620 915 620 0 0 0 0 0 674 0
25502 25502 915 620 915 620 0 1 0 0 27463 32 0
25502 25503 915 620 915 620 1 1 0 0 0 1 0
25503 25503 915 620 915 620 1 0 0 0 -27463 32 0
25503 26785 915 620 915 620 0 0 0 0 0 1282 0
26785 26785 915 620 915 620 0 1 0 0 46547 32 0
26785 26786 915 620 915 620 1 1 0 0 0 1 0
26786 26786 915 620 915 620 1 0 0 0 -46547 32 0
26786 27268 915 620 915 620 0 0 0 0 0 482 0
27268 27268 915 620 915 620 0 1 0 0 28380 32 0
27268 27271 915 620 915 620 1 1 0 0 0 3 0
27271 27271 915 620 915 620 1 0 0 0 -28380 32 0
27271 27478 915 620 915 620 0 0 0 0 0 207 0
27478 27478 915 620 915 620 0 1 0 0 28493 32 0
27478 27479 915 620 915 620 1 1 0 0 0 1 0
27479 27479 915 620 915 620 1 0 0 0 -28493 32 0
27479 28334 915 620 915 620 0 0 0 0 0 855 0
28334 28334 915 620 915 620 0 1 0 0 28929 32 0
28334 28334 915 620 915 620 1 2 0 0 28919 8 0
28334 28334 915 620 915 620 2 1 0 0 -28919 9 0
28334 28335 915 620 915 620 1 1 0 0 0 1 0
28335 28335 915 620 915 620 1 0 0 0 -28929 32 0
28335 29636 915 620 915 620 0 0 0 0 0 1301 0
29636 29636 915 620 915 620 0 1 0 0 48220 32 0
29636 29639 915 620 915 620 1 1 0 0 0 3 0
29639 29639 915 620 915 620 1 0 0 0 -48220 32 0
29639 30078 915 620 915 620 0 0 0 0 0 439 0
30078 30078 915 620 915 620 0 1 0 0 48461 32 0
30078 30080 915 620 915 620 1 1 0 0 0 2 0
30080 30080 915 620 915 620 1 0 0 0 -48461 32 0
30080 30108 915 620 915 620 0 0 0 0 0 28 0
30108 30108 915 620 915 620 0 1 0 0 29807 32 0
30108 30110 915 620 915 620 1 1 0 0 0 2 0
30110 30110 915 620 915 620 1 0 0 0 -29807 32 0
30110 31664 915 620 915 620 0 0 0 0 0 1554 0
31664 31664 915 620 915 620 0 1 0 0 49370 32 0
31664 31665 915 620 915 620 1 1 0 0 0 1 0
31665 31665 915 620 915 620 1 0 0 0 -49370 32 0
31665 31745 915 620 915 620 0 0 0 0 0 80 0
31745 31745 915 620 915 620 0 1 0 0 30643 32 0
31745 31747 915 620 915 620 1 1 0 0 0 2 0
31747 31747 915 620 915 620 1 0 0 0 -30643 32 0
31747 39425 915 620 915 620 0 0 0 0 0 7678 0
39425 39425 915 620 915 620 0 1 0 0 33863 32 0
39425 39429 915 620 915 620 1 1 0 0 0 4 0
39429 39429 915 620 915 620 1 0 0 0 -33863 32 0
39429 43267 915 620 915 620 0 0 0 0 0 3838 0
43267 43267 915 620 915 620 0 0 0 0 1000000000 0 0
--------------------------------------
--------------------------------------
EV2
--------------------------------------
Num TPs served = 22
TPs served = 8566 9547 9896 10345 10575 10869 11985 12410 12597 12628 12762 12957 13045 13670 13953 14608 14791 16066 17374 25416 29988 47831
Total energy used = 100
--------------------------------------
Schedule:
0 16530 915 620 915 620 0 0 100 100 0 16530 0
16530 16530 915 620 915 620 0 1 100 100 8566 32 0
16530 16537 915 620 916 626 1 0 100 93 -8566 32 7
16537 19143 916 626 916 626 0 0 93 93 0 2606 0
19143 19150 916 626 915 620 0 1 93 86 9547 32 7
19150 19152 915 620 915 620 1 1 86 86 0 2 0
19152 19155 915 620 916 622 1 0 86 83 -9547 32 3
19155 20109 916 622 916 622 0 0 83 83 0 954 0
20109 20112 916 622 915 620 0 1 83 80 9896 32 3
20112 20114 915 620 915 620 1 1 80 80 0 2 0
20114 20121 915 620 917 625 1 0 80 73 -9896 32 7
20121 21388 917 625 917 625 0 0 73 73 0 1267 0
21388 21395 917 625 915 620 0 1 73 66 25416 32 7
21395 21395 915 620 915 620 1 2 66 66 10345 32 0
21395 21397 915 620 915 622 2 1 66 64 -25416 32 2
21397 21397 915 622 915 622 1 0 64 64 -10345 32 0
21397 22024 915 622 915 622 0 0 64 64 0 627 0
22024 22026 915 622 915 620 0 1 64 62 10575 32 2
22026 22029 915 620 918 620 1 0 62 59 -10575 32 3
22029 22956 918 620 918 620 0 0 59 59 0 927 0
22956 22959 918 620 915 620 0 1 59 56 10869 32 3
22959 22960 915 620 916 620 1 0 56 55 -10869 32 1
22960 26659 916 620 916 620 0 0 55 55 0 3699 0
26659 26660 916 620 915 620 0 1 55 54 11985 32 1
26660 26664 915 620 918 621 1 0 54 50 -11985 32 4
26664 28103 918 621 918 621 0 0 50 50 0 1439 0
28103 28107 918 621 915 620 0 1 50 46 12410 32 4
28107 28108 915 620 915 620 1 1 46 46 0 1 0
28108 28110 915 620 917 620 1 0 46 44 -12410 32 2
28110 28809 917 620 917 620 0 0 44 44 0 699 0
28809 28811 917 620 915 620 0 1 44 42 12597 32 2
28811 28812 915 620 915 620 1 1 42 42 0 1 0
28812 28813 915 620 916 620 1 0 42 41 -12597 32 1
28813 28919 916 620 916 620 0 0 41 41 0 106 0
28919 28920 916 620 915 620 0 1 41 40 47831 32 1
28920 28930 915 620 915 620 1 1 40 40 0 10 0
28930 28930 915 620 915 620 1 2 40 40 12628 32 0
28930 28931 915 620 916 620 2 1 40 39 -47831 22 1
28931 28932 916 620 916 620 1 1 39 39 0 1 0
28932 28934 916 620 918 620 1 0 39 37 -12628 32 2
28934 29403 918 620 918 620 0 0 37 37 0 469 0
29403 29406 918 620 915 620 0 1 37 34 12762 32 3
29406 29407 915 620 915 621 1 0 34 33 -12762 32 1
29407 30155 915 621 915 621 0 0 33 33 0 748 0
30155 30156 915 621 915 620 0 1 33 32 12957 32 1
30156 30157 915 620 915 620 1 1 32 32 0 1 0
30157 30160 915 620 917 621 1 0 32 29 -12957 32 3
30160 30452 917 621 917 621 0 0 29 29 0 292 0
30452 30455 917 621 915 620 0 1 29 26 29988 32 3
30455 30455 915 620 915 620 1 2 26 26 13045 29 0
30455 30456 915 620 915 620 2 2 26 26 0 1 0
30456 30457 915 620 916 620 2 1 26 25 -29988 32 1
30457 30458 916 620 916 620 1 1 25 25 0 1 0
30458 30460 916 620 917 621 1 0 25 23 -13045 32 2
30460 32701 917 621 917 621 0 0 23 23 0 2241 0
32701 32704 917 621 915 620 0 1 23 20 13670 32 3
32704 32707 915 620 917 621 1 0 20 17 -13670 32 3
32707 33783 917 621 917 621 0 0 17 17 0 1076 0
33783 33786 917 621 915 620 0 1 17 14 13953 32 3
33786 33787 915 620 915 620 1 1 14 14 0 1 0
33787 33788 915 620 916 620 1 0 14 13 -13953 32 1
33788 36274 916 620 916 620 0 0 13 13 0 2486 0
36274 36275 916 620 915 620 0 1 13 12 14608 32 1
36275 36278 915 620 915 620 1 1 12 12 0 3 0
36278 36280 915 620 917 620 1 0 12 10 -14608 32 2
36280 37028 917 620 917 620 0 0 10 10 0 748 0
37028 37030 917 620 915 620 0 1 10 8 14791 32 2
37030 37032 915 620 917 620 1 0 8 6 -14791 32 2
37032 40873 917 620 917 620 0 0 6 6 0 3841 0
40873 40875 917 620 915 620 0 1 6 4 16066 32 2
40875 40876 915 620 915 620 1 1 4 4 0 1 0
40876 40877 915 620 915 621 1 0 4 3 -16066 32 1
40877 43130 915 621 915 621 0 0 3 3 0 2253 0
43130 43131 915 621 915 620 0 1 3 2 17374 32 1
43131 43133 915 620 915 620 1 1 2 2 0 2 0
43133 43134 915 620 916 620 1 0 2 1 -17374 32 1
43134 43266 916 620 916 620 0 0 1 1 0 132 0
43266 43267 916 620 915 620 0 0 1 0 1000000000 0 1
--------------------------------------
--------------------------------------
EV3
--------------------------------------
Num TPs served = 14
TPs served = 16106 16544 16894 17169 17291 17429 17437 17705 17779 17835 18121 18435 18451 18720
Total energy used = 100
--------------------------------------
Schedule:
0 892 915 620 915 620 0 0 100 100 0 892 0
892 892 915 620 915 620 0 1 100 100 17705 32 0
892 894 915 620 916 621 1 0 100 98 -17705 32 2
894 1107 916 621 916 621 0 0 98 98 0 213 0
1107 1109 916 621 915 620 0 1 98 96 17779 32 2
1109 1110 915 620 915 620 1 1 96 96 0 1 0
1110 1112 915 620 915 622 1 0 96 94 -17779 32 2
1112 1324 915 622 915 622 0 0 94 94 0 212 0
1324 1326 915 622 915 620 0 1 94 92 17835 32 2
1326 1328 915 620 915 620 1 1 92 92 0 2 0
1328 1330 915 620 917 620 1 0 92 90 -17835 32 2
1330 2180 917 620 917 620 0 0 90 90 0 850 0
2180 2182 917 620 915 620 0 1 90 88 18121 32 2
2182 2184 915 620 915 620 1 1 88 88 0 2 0
2184 2185 915 620 915 621 1 0 88 87 -18121 32 1
2185 3198 915 621 915 621 0 0 87 87 0 1013 0
3198 3199 915 621 915 620 0 1 87 86 18435 32 1
3199 3200 915 620 916 620 1 0 86 85 -18435 32 1
3200 3235 916 620 916 620 0 0 85 85 0 35 0
3235 3236 916 620 915 620 0 1 85 84 18451 32 1
3236 3237 915 620 915 620 1 1 84 84 0 1 0
3237 3239 915 620 916 621 1 0 84 82 -18451 32 2
3239 4095 916 621 916 621 0 0 82 82 0 856 0
4095 4097 916 621 915 620 0 1 82 80 18720 32 2
4097 4098 915 620 915 621 1 0 80 79 -18720 32 1
4098 40961 915 621 915 621 0 0 79 79 0 36863 0
40961 40962 915 621 915 620 0 1 79 78 16106 32 1
40962 40963 915 620 915 620 1 1 78 78 0 1 0
40963 40968 915 620 917 623 1 0 78 73 -16106 32 5
40968 41668 917 623 917 623 0 0 73 73 0 700 0
41668 41673 917 623 915 620 0 1 73 68 16544 32 5
41673 41675 915 620 917 620 1 0 68 66 -16544 32 2
41675 42302 917 620 917 620 0 0 66 66 0 627 0
42302 42304 917 620 915 620 0 1 66 64 16894 32 2
42304 42305 915 620 915 620 1 1 64 64 0 1 0
42305 42307 915 620 915 622 1 0 64 62 -16894 32 2
42307 42795 915 622 915 622 0 0 62 62 0 488 0
42795 42797 915 622 915 620 0 1 62 60 17169 32 2
42797 42805 915 620 920 623 1 0 60 52 -17169 32 8
42805 42984 920 623 920 623 0 0 52 52 0 179 0
42984 42992 920 623 915 620 0 1 52 44 17291 32 8
42992 42995 915 620 915 620 1 1 44 44 0 3 0
42995 43009 915 620 917 632 1 0 44 30 -17291 32 14
43009 43212 917 632 917 632 0 0 30 30 0 203 0
43212 43226 917 632 915 620 0 1 30 16 17437 32 14
43226 43226 915 620 915 620 1 2 16 16 17429 20 0
43226 43231 915 620 919 621 2 1 16 11 -17437 32 5
43231 43234 919 621 920 623 1 0 11 8 -17429 22 3
43234 43259 920 623 920 623 0 0 8 8 0 25 0
43259 43267 920 623 915 620 0 0 8 0 1000000000 0 8
--------------------------------------

-------------------------------------------------------------------------

TPs

-------------------------------------------------------------------------

----------------------
TP463 allocated to 1
----------------------

----------------------
TP513 allocated to 1
----------------------

----------------------
TP529 allocated to 1
----------------------

----------------------
TP1468 allocated to 1
----------------------

----------------------
TP1917 allocated to 1
----------------------

----------------------
TP2048 allocated to 1
----------------------

----------------------
TP2109 allocated to 1
----------------------

----------------------
TP2196 allocated to 1
----------------------

----------------------
TP3049 allocated to 1
----------------------

----------------------
TP3539 allocated to 1
----------------------

----------------------
TP3577 allocated to 1
----------------------

----------------------
TP3720 allocated to 1
----------------------

----------------------
TP3764 allocated to 1
----------------------

----------------------
TP4388 allocated to 1
----------------------

----------------------
TP4797 allocated to 1
----------------------

----------------------
TP4930 allocated to 1
----------------------

----------------------
TP4937 allocated to 1
----------------------

----------------------
TP5930 allocated to 1
----------------------

----------------------
TP6475 allocated to 1
----------------------

----------------------
TP6638 allocated to 1
----------------------

----------------------
TP6751 allocated to 1
----------------------

----------------------
TP6967 allocated to 1
----------------------

----------------------
TP7351 allocated to 1
----------------------

----------------------
TP7487 allocated to 1
----------------------

----------------------
TP7666 allocated to 1
----------------------

----------------------
TP7879 allocated to 1
----------------------

----------------------
TP8086 allocated to 1
----------------------

----------------------
TP8566 allocated to 2
----------------------

----------------------
TP9442 allocated to 1
----------------------

----------------------
TP9547 allocated to 2
----------------------

----------------------
TP9896 allocated to 2
----------------------

----------------------
TP10345 allocated to 2
----------------------

----------------------
TP10575 allocated to 2
----------------------

----------------------
TP10869 allocated to 2
----------------------

----------------------
TP11985 allocated to 2
----------------------

----------------------
TP12410 allocated to 2
----------------------

----------------------
TP12597 allocated to 2
----------------------

----------------------
TP12628 allocated to 2
----------------------

----------------------
TP12762 allocated to 2
----------------------

----------------------
TP12957 allocated to 2
----------------------

----------------------
TP13045 allocated to 2
----------------------

----------------------
TP13670 allocated to 2
----------------------

----------------------
TP13953 allocated to 2
----------------------

----------------------
TP14608 allocated to 2
----------------------

----------------------
TP14791 allocated to 2
----------------------

----------------------
TP16066 allocated to 2
----------------------

----------------------
TP16106 allocated to 3
----------------------

----------------------
TP16544 allocated to 3
----------------------

----------------------
TP16894 allocated to 3
----------------------

----------------------
TP17169 allocated to 3
----------------------

----------------------
TP17291 allocated to 3
----------------------

----------------------
TP17374 allocated to 2
----------------------

----------------------
TP17429 allocated to 3
----------------------

----------------------
TP17437 allocated to 3
----------------------

----------------------
TP17705 allocated to 3
----------------------

----------------------
TP17747 allocated to 1
----------------------

----------------------
TP17779 allocated to 3
----------------------

----------------------
TP17835 allocated to 3
----------------------

----------------------
TP18121 allocated to 3
----------------------

----------------------
TP18435 allocated to 3
----------------------

----------------------
TP18451 allocated to 3
----------------------

----------------------
TP18720 allocated to 3
----------------------

----------------------
TP19084 not allocated
----------------------

----------------------
TP19267 not allocated
----------------------

----------------------
TP19309 not allocated
----------------------

----------------------
TP19463 allocated to 1
----------------------

----------------------
TP19766 not allocated
----------------------

----------------------
TP19865 not allocated
----------------------

----------------------
TP20078 not allocated
----------------------

----------------------
TP20594 not allocated
----------------------

----------------------
TP20661 not allocated
----------------------

----------------------
TP21243 not allocated
----------------------

----------------------
TP21245 not allocated
----------------------

----------------------
TP21332 not allocated
----------------------

----------------------
TP21370 not allocated
----------------------

----------------------
TP22004 allocated to 1
----------------------

----------------------
TP22185 allocated to 1
----------------------

----------------------
TP22361 not allocated
----------------------

----------------------
TP22613 not allocated
----------------------

----------------------
TP23319 not allocated
----------------------

----------------------
TP23964 not allocated
----------------------

----------------------
TP24144 allocated to 1
----------------------

----------------------
TP24593 not allocated
----------------------

----------------------
TP25388 not allocated
----------------------

----------------------
TP25416 allocated to 2
----------------------

----------------------
TP25427 not allocated
----------------------

----------------------
TP25605 not allocated
----------------------

----------------------
TP25655 not allocated
----------------------

----------------------
TP25806 not allocated
----------------------

----------------------
TP25911 not allocated
----------------------

----------------------
TP26112 not allocated
----------------------

----------------------
TP26121 not allocated
----------------------

----------------------
TP26127 allocated to 1
----------------------

----------------------
TP26443 allocated to 1
----------------------

----------------------
TP26602 not allocated
----------------------

----------------------
TP26728 not allocated
----------------------

----------------------
TP27026 allocated to 1
----------------------

----------------------
TP27095 allocated to 1
----------------------

----------------------
TP27463 allocated to 1
----------------------

----------------------
TP27535 not allocated
----------------------

----------------------
TP27580 not allocated
----------------------

----------------------
TP27937 not allocated
----------------------

----------------------
TP28031 not allocated
----------------------

----------------------
TP28091 not allocated
----------------------

----------------------
TP28280 not allocated
----------------------

----------------------
TP28380 allocated to 1
----------------------

----------------------
TP28493 allocated to 1
----------------------

----------------------
TP28919 allocated to 1
----------------------

----------------------
TP28929 allocated to 1
----------------------

----------------------
TP28949 not allocated
----------------------

----------------------
TP29200 not allocated
----------------------

----------------------
TP29250 not allocated
----------------------

----------------------
TP29807 allocated to 1
----------------------

----------------------
TP29988 allocated to 2
----------------------

----------------------
TP30643 allocated to 1
----------------------

----------------------
TP30913 not allocated
----------------------

----------------------
TP31551 not allocated
----------------------

----------------------
TP31704 not allocated
----------------------

----------------------
TP31837 not allocated
----------------------

----------------------
TP32173 not allocated
----------------------

----------------------
TP32299 not allocated
----------------------

----------------------
TP32431 not allocated
----------------------

----------------------
TP32452 not allocated
----------------------

----------------------
TP32941 not allocated
----------------------

----------------------
TP33150 not allocated
----------------------

----------------------
TP33379 not allocated
----------------------

----------------------
TP33435 not allocated
----------------------

----------------------
TP33863 allocated to 1
----------------------

----------------------
TP33910 not allocated
----------------------

----------------------
TP34016 not allocated
----------------------

----------------------
TP34039 not allocated
----------------------

----------------------
TP34380 not allocated
----------------------

----------------------
TP34517 not allocated
----------------------

----------------------
TP34525 not allocated
----------------------

----------------------
TP34843 not allocated
----------------------

----------------------
TP34949 not allocated
----------------------

----------------------
TP35432 not allocated
----------------------

----------------------
TP35653 not allocated
----------------------

----------------------
TP35770 not allocated
----------------------

----------------------
TP36806 not allocated
----------------------

----------------------
TP37026 not allocated
----------------------

----------------------
TP37065 not allocated
----------------------

----------------------
TP37356 not allocated
----------------------

----------------------
TP37954 not allocated
----------------------

----------------------
TP37964 not allocated
----------------------

----------------------
TP38190 not allocated
----------------------

----------------------
TP38664 not allocated
----------------------

----------------------
TP38782 not allocated
----------------------

----------------------
TP38932 not allocated
----------------------

----------------------
TP38948 not allocated
----------------------

----------------------
TP39326 not allocated
----------------------

----------------------
TP39657 allocated to 1
----------------------

----------------------
TP39923 not allocated
----------------------

----------------------
TP40211 not allocated
----------------------

----------------------
TP40580 not allocated
----------------------

----------------------
TP41601 not allocated
----------------------

----------------------
TP41727 not allocated
----------------------

----------------------
TP41876 not allocated
----------------------

----------------------
TP43444 not allocated
----------------------

----------------------
TP44037 not allocated
----------------------

----------------------
TP44065 not allocated
----------------------

----------------------
TP45164 not allocated
----------------------

----------------------
TP45303 not allocated
----------------------

----------------------
TP45309 not allocated
----------------------

----------------------
TP45465 not allocated
----------------------

----------------------
TP45486 not allocated
----------------------

----------------------
TP46356 not allocated
----------------------

----------------------
TP46530 not allocated
----------------------

----------------------
TP46547 allocated to 1
----------------------

----------------------
TP46948 not allocated
----------------------

----------------------
TP46981 not allocated
----------------------

----------------------
TP47051 not allocated
----------------------

----------------------
TP47070 not allocated
----------------------

----------------------
TP47521 not allocated
----------------------

----------------------
TP47831 allocated to 2
----------------------

----------------------
TP48044 not allocated
----------------------

----------------------
TP48220 allocated to 1
----------------------

----------------------
TP48461 allocated to 1
----------------------

----------------------
TP48611 not allocated
----------------------

----------------------
TP48876 not allocated
----------------------

----------------------
TP49013 not allocated
----------------------

----------------------
TP49063 not allocated
----------------------

----------------------
TP49220 not allocated
----------------------

----------------------
TP49361 not allocated
----------------------

----------------------
TP49370 allocated to 1
----------------------

----------------------
TP49401 not allocated
----------------------

----------------------
TP49524 not allocated
----------------------

----------------------
TP49652 not allocated
----------------------

----------------------
TP49936 not allocated
----------------------

----------------------
TP49958 not allocated
----------------------

----------------------
TP49985 not allocated
----------------------

----------------------
TP49994 not allocated
----------------------

-------------------------------------------------------------------------

Ride-sharing vs Individual Mode - Num Vehicles and Distance Comparisson 

-------------------------------------------------------------------------
Individual Mode = 192 vehicles.
Ride-sharing Mode = 109 vehicles. The 3 ride-sharing vehicles + 106 vehicles of the individuals not served by the ride-sharing service.
-------------------------------------------------------------------------
Individual Mode = 421 distance.
Ride-sharing Mode = 559 distance. 300 from the EV fleet + 259 from the distance of the trips not covered individuals had to do with their own vehicle.
-------------------------------------------------------------------------
