-------------------------------------------------------------------------
TPs satisfied = 51; Total TPs = 199; Percentage Satisfied + 25.6%
-------------------------------------------------------------------------

-------------------------------------------------------------------------

EVs

-------------------------------------------------------------------------
--------------------------------------
EV1
--------------------------------------
Num TPs served = 51
TPs served = 503 931 1100 1245 1631 1648 1777 1925 1931 2008 2632 2878 3684 4180 4331 4398 4439 4775 4815 4890 5196 5365 5765 5831 7952 8716 11669 12511 13703 14905 20897 21298 21339 23089 26713 27240 29594 31106 32490 33430 34971 37360 37661 39197 39623 41240 42292 45406 46602 47035 48211
Total energy used = 100
--------------------------------------
Schedule:
0 911 610 496 610 496 0 0 100 100 0 911 0
911 911 610 496 610 496 0 1 100 100 503 32 0
911 912 610 496 610 496 1 1 100 100 0 1 0
912 913 610 496 610 497 1 0 100 99 -503 32 1
913 1641 610 497 610 497 0 0 99 99 0 728 0
1641 1642 610 497 610 496 0 1 99 98 931 32 1
1642 1643 610 496 610 496 1 1 98 98 0 1 0
1643 1643 610 496 610 496 1 0 98 98 -931 32 0
1643 1926 610 496 610 496 0 0 98 98 0 283 0
1926 1926 610 496 610 496 0 1 98 98 1100 32 0
1926 1927 610 496 610 496 1 1 98 98 0 1 0
1927 1930 610 496 612 497 1 0 98 95 -1100 32 3
1930 2173 612 497 612 497 0 0 95 95 0 243 0
2173 2176 612 497 610 496 0 1 95 92 1245 32 3
2176 2184 610 496 617 497 1 0 92 84 -1245 32 8
2184 2865 617 497 617 497 0 0 84 84 0 681 0
2865 2873 617 497 610 496 0 1 84 76 1648 32 8
2873 2873 610 496 610 496 1 2 76 76 1631 9 0
2873 2874 610 496 610 496 2 2 76 76 0 1 0
2874 2876 610 496 611 497 2 1 76 74 -1648 32 2
2876 2877 611 497 611 496 1 0 74 73 -1631 6 1
2877 3106 611 496 611 496 0 0 73 73 0 229 0
3106 3107 611 496 610 496 0 1 73 72 1777 32 1
3107 3108 610 496 610 496 1 1 72 72 0 1 0
3108 3108 610 496 610 496 1 0 72 72 -1777 32 0
3108 3398 610 496 610 496 0 0 72 72 0 290 0
3398 3398 610 496 610 496 0 1 72 72 1931 32 0
3398 3398 610 496 610 496 1 2 72 72 1925 19 0
3398 3399 610 496 610 496 2 2 72 72 0 1 0
3399 3399 610 496 610 496 2 1 72 72 -1931 32 0
3399 3401 610 496 610 498 1 0 72 70 -1925 18 2
3401 3534 610 498 610 498 0 0 70 70 0 133 0
3534 3536 610 498 610 496 0 1 70 68 2008 32 2
3536 3537 610 496 610 496 1 1 68 68 0 1 0
3537 3537 610 496 610 496 1 0 68 68 -2008 32 0
3537 4683 610 496 610 496 0 0 68 68 0 1146 0
4683 4683 610 496 610 496 0 1 68 68 2632 32 0
4683 4685 610 496 612 496 1 0 68 66 -2632 32 2
4685 5127 612 496 612 496 0 0 66 66 0 442 0
5127 5129 612 496 610 496 0 1 66 64 2878 32 2
5129 5130 610 496 610 496 1 1 64 64 0 1 0
5130 5132 610 496 612 496 1 0 64 62 -2878 32 2
5132 6483 612 496 612 496 0 0 62 62 0 1351 0
6483 6485 612 496 610 496 0 1 62 60 37360 32 2
6485 6487 610 496 610 496 1 1 60 60 0 2 0
6487 6487 610 496 610 496 1 0 60 60 -37360 32 0
6487 6608 610 496 610 496 0 0 60 60 0 121 0
6608 6608 610 496 610 496 0 1 60 60 3684 32 0
6608 6609 610 496 610 496 1 1 60 60 0 1 0
6609 6610 610 496 611 496 1 0 60 59 -3684 32 1
6610 7346 611 496 611 496 0 0 59 59 0 736 0
7346 7347 611 496 610 496 0 1 59 58 37661 32 1
7347 7348 610 496 610 496 1 1 58 58 0 1 0
7348 7348 610 496 610 496 1 0 58 58 -37661 32 0
7348 7527 610 496 610 496 0 0 58 58 0 179 0
7527 7527 610 496 610 496 0 1 58 58 4180 32 0
7527 7529 610 496 610 496 1 1 58 58 0 2 0
7529 7531 610 496 612 496 1 0 58 56 -4180 32 2
7531 7785 612 496 612 496 0 0 56 56 0 254 0
7785 7787 612 496 610 496 0 1 56 54 4331 32 2
7787 7788 610 496 611 496 1 0 54 53 -4331 32 1
7788 7908 611 496 611 496 0 0 53 53 0 120 0
7908 7909 611 496 610 496 0 1 53 52 4398 32 1
7909 7912 610 496 613 496 1 0 52 49 -4398 32 3
7912 7989 613 496 613 496 0 0 49 49 0 77 0
7989 7992 613 496 610 496 0 1 49 46 4439 32 3
7992 7994 610 496 610 496 1 1 46 46 0 2 0
7994 7995 610 496 610 497 1 0 46 45 -4439 32 1
7995 8670 610 497 610 497 0 0 45 45 0 675 0
8670 8671 610 497 610 496 0 1 45 44 4775 32 1
8671 8673 610 496 610 496 1 1 44 44 0 2 0
8673 8680 610 496 616 497 1 0 44 37 -4775 32 7
8680 8732 616 497 616 497 0 0 37 37 0 52 0
8732 8739 616 497 610 496 0 1 37 30 4815 32 7
8739 8741 610 496 612 496 1 0 30 28 -4815 32 2
8741 8880 612 496 612 496 0 0 28 28 0 139 0
8880 8882 612 496 610 496 0 1 28 26 4890 32 2
8882 8886 610 496 610 500 1 0 26 22 -4890 32 4
8886 9427 610 500 610 500 0 0 22 22 0 541 0
9427 9431 610 500 610 496 0 1 22 18 5196 32 4
9431 9432 610 496 610 496 1 1 18 18 0 1 0
9432 9435 610 496 610 499 1 0 18 15 -5196 32 3
9435 9747 610 499 610 499 0 0 15 15 0 312 0
9747 9750 610 499 610 496 0 1 15 12 5365 32 3
9750 9752 610 496 610 498 1 0 12 10 -5365 32 2
9752 10490 610 498 610 498 0 0 10 10 0 738 0
10490 10492 610 498 610 496 0 1 10 8 20897 32 2
10492 10494 610 496 610 496 1 1 8 8 0 2 0
10494 10494 610 496 610 496 1 0 8 8 -20897 32 0
10494 10549 610 496 610 496 0 0 8 8 0 55 0
10549 10549 610 496 610 496 0 1 8 8 5765 32 0
10549 10550 610 496 610 496 1 1 8 8 0 1 0
10550 10554 610 496 610 500 1 0 8 4 -5765 32 4
10554 10667 610 500 610 500 0 0 4 4 0 113 0
10667 10671 610 500 610 496 0 1 4 0 5831 32 4
10671 10672 610 496 610 496 1 1 0 0 0 1 0
10672 10672 610 496 610 496 1 0 0 0 -5831 32 0
10672 11297 610 496 610 496 0 0 0 0 0 625 0
11297 11297 610 496 610 496 0 1 0 0 39197 32 0
11297 11298 610 496 610 496 1 1 0 0 0 1 0
11298 11298 610 496 610 496 1 0 0 0 -39197 32 0
11298 11553 610 496 610 496 0 0 0 0 0 255 0
11553 11553 610 496 610 496 0 1 0 0 21298 32 0
11553 11554 610 496 610 496 1 1 0 0 0 1 0
11554 11554 610 496 610 496 1 0 0 0 -21298 32 0
11554 11669 610 496 610 496 0 0 0 0 0 115 0
11669 11669 610 496 610 496 0 1 0 0 21339 32 0
11669 11670 610 496 610 496 1 1 0 0 0 1 0
11670 11670 610 496 610 496 1 0 0 0 -21339 32 0
11670 12422 610 496 610 496 0 0 0 0 0 752 0
12422 12422 610 496 610 496 0 1 0 0 39623 32 0
12422 12423 610 496 610 496 1 1 0 0 0 1 0
12423 12423 610 496 610 496 1 0 0 0 -39623 32 0
12423 15091 610 496 610 496 0 0 0 0 0 2668 0
15091 15091 610 496 610 496 0 1 0 0 7952 32 0
15091 15092 610 496 610 496 1 1 0 0 0 1 0
15092 15092 610 496 610 496 1 0 0 0 -7952 32 0
15092 16190 610 496 610 496 0 0 0 0 0 1098 0
16190 16190 610 496 610 496 0 1 0 0 23089 32 0
16190 16191 610 496 610 496 1 1 0 0 0 1 0
16191 16191 610 496 610 496 1 0 0 0 -23089 32 0
16191 16396 610 496 610 496 0 0 0 0 0 205 0
16396 16396 610 496 610 496 0 1 0 0 41240 32 0
16396 16398 610 496 610 496 1 1 0 0 0 2 0
16398 16398 610 496 610 496 1 0 0 0 -41240 32 0
16398 16927 610 496 610 496 0 0 0 0 0 529 0
16927 16927 610 496 610 496 0 1 0 0 8716 32 0
16927 16929 610 496 610 496 1 1 0 0 0 2 0
16929 16929 610 496 610 496 1 0 0 0 -8716 32 0
16929 18709 610 496 610 496 0 0 0 0 0 1780 0
18709 18709 610 496 610 496 0 1 0 0 42292 32 0
18709 18710 610 496 610 496 1 1 0 0 0 1 0
18710 18710 610 496 610 496 1 0 0 0 -42292 32 0
18710 24080 610 496 610 496 0 0 0 0 0 5370 0
24080 24080 610 496 610 496 0 1 0 0 26713 32 0
24080 24082 610 496 610 496 1 1 0 0 0 2 0
24082 24082 610 496 610 496 1 0 0 0 -26713 32 0
24082 24739 610 496 610 496 0 0 0 0 0 657 0
24739 24739 610 496 610 496 0 1 0 0 45406 32 0
24739 24740 610 496 610 496 1 1 0 0 0 1 0
24740 24740 610 496 610 496 1 0 0 0 -45406 32 0
24740 25087 610 496 610 496 0 0 0 0 0 347 0
25087 25087 610 496 610 496 0 1 0 0 27240 32 0
25087 25088 610 496 610 496 1 1 0 0 0 1 0
25088 25088 610 496 610 496 1 0 0 0 -27240 32 0
25088 25592 610 496 610 496 0 0 0 0 0 504 0
25592 25592 610 496 610 496 0 1 0 0 11669 32 0
25592 25594 610 496 610 496 1 1 0 0 0 2 0
25594 25594 610 496 610 496 1 0 0 0 -11669 32 0
25594 26893 610 496 610 496 0 0 0 0 0 1299 0
26893 26893 610 496 610 496 0 1 0 0 46602 32 0
26893 26894 610 496 610 496 1 1 0 0 0 1 0
26894 26894 610 496 610 496 1 0 0 0 -46602 32 0
26894 27611 610 496 610 496 0 0 0 0 0 717 0
27611 27611 610 496 610 496 0 1 0 0 47035 32 0
27611 27612 610 496 610 496 1 1 0 0 0 1 0
27612 27612 610 496 610 496 1 0 0 0 -47035 32 0
27612 28478 610 496 610 496 0 0 0 0 0 866 0
28478 28478 610 496 610 496 0 1 0 0 12511 32 0
28478 28480 610 496 610 496 1 1 0 0 0 2 0
28480 28480 610 496 610 496 1 0 0 0 -12511 32 0
28480 29619 610 496 610 496 0 0 0 0 0 1139 0
29619 29619 610 496 610 496 0 1 0 0 48211 32 0
29619 29623 610 496 610 496 1 1 0 0 0 4 0
29623 29623 610 496 610 496 1 0 0 0 -48211 32 0
29623 29693 610 496 610 496 0 0 0 0 0 70 0
29693 29693 610 496 610 496 0 1 0 0 29594 32 0
29693 29694 610 496 610 496 1 1 0 0 0 1 0
29694 29694 610 496 610 496 1 0 0 0 -29594 32 0
29694 32728 610 496 610 496 0 0 0 0 0 3034 0
32728 32728 610 496 610 496 0 1 0 0 31106 32 0
32728 32729 610 496 610 496 1 1 0 0 0 1 0
32729 32729 610 496 610 496 1 0 0 0 -31106 32 0
32729 32832 610 496 610 496 0 0 0 0 0 103 0
32832 32832 610 496 610 496 0 1 0 0 13703 32 0
32832 32835 610 496 610 496 1 1 0 0 0 3 0
32835 32835 610 496 610 496 1 0 0 0 -13703 32 0
32835 35883 610 496 610 496 0 0 0 0 0 3048 0
35883 35883 610 496 610 496 0 1 0 0 32490 32 0
35883 35884 610 496 610 496 1 1 0 0 0 1 0
35884 35884 610 496 610 496 1 0 0 0 -32490 32 0
35884 37460 610 496 610 496 0 0 0 0 0 1576 0
37460 37460 610 496 610 496 0 1 0 0 14905 32 0
37460 37463 610 496 610 496 1 1 0 0 0 3 0
37463 37463 610 496 610 496 1 0 0 0 -14905 32 0
37463 38243 610 496 610 496 0 0 0 0 0 780 0
38243 38243 610 496 610 496 0 1 0 0 33430 32 0
38243 38244 610 496 610 496 1 1 0 0 0 1 0
38244 38244 610 496 610 496 1 0 0 0 -33430 32 0
38244 42695 610 496 610 496 0 0 0 0 0 4451 0
42695 42695 610 496 610 496 0 1 0 0 34971 32 0
42695 42696 610 496 610 496 1 1 0 0 0 1 0
42696 42696 610 496 610 496 1 0 0 0 -34971 32 0
42696 43267 610 496 610 496 0 0 0 0 0 571 0
43267 43267 610 496 610 496 0 0 0 0 1000000000 0 0
--------------------------------------

-------------------------------------------------------------------------

TPs

-------------------------------------------------------------------------

----------------------
TP503 allocated to 1
----------------------

----------------------
TP931 allocated to 1
----------------------

----------------------
TP1100 allocated to 1
----------------------

----------------------
TP1245 allocated to 1
----------------------

----------------------
TP1631 allocated to 1
----------------------

----------------------
TP1648 allocated to 1
----------------------

----------------------
TP1777 allocated to 1
----------------------

----------------------
TP1925 allocated to 1
----------------------

----------------------
TP1931 allocated to 1
----------------------

----------------------
TP2008 allocated to 1
----------------------

----------------------
TP2632 allocated to 1
----------------------

----------------------
TP2878 allocated to 1
----------------------

----------------------
TP3684 allocated to 1
----------------------

----------------------
TP4180 allocated to 1
----------------------

----------------------
TP4331 allocated to 1
----------------------

----------------------
TP4398 allocated to 1
----------------------

----------------------
TP4439 allocated to 1
----------------------

----------------------
TP4775 allocated to 1
----------------------

----------------------
TP4815 allocated to 1
----------------------

----------------------
TP4890 allocated to 1
----------------------

----------------------
TP5196 allocated to 1
----------------------

----------------------
TP5365 allocated to 1
----------------------

----------------------
TP5646 not allocated
----------------------

----------------------
TP5695 not allocated
----------------------

----------------------
TP5765 allocated to 1
----------------------

----------------------
TP5831 allocated to 1
----------------------

----------------------
TP7476 not allocated
----------------------

----------------------
TP7952 allocated to 1
----------------------

----------------------
TP8716 allocated to 1
----------------------

----------------------
TP8900 not allocated
----------------------

----------------------
TP8995 not allocated
----------------------

----------------------
TP9415 not allocated
----------------------

----------------------
TP9482 not allocated
----------------------

----------------------
TP9911 not allocated
----------------------

----------------------
TP9964 not allocated
----------------------

----------------------
TP10348 not allocated
----------------------

----------------------
TP10405 not allocated
----------------------

----------------------
TP10509 not allocated
----------------------

----------------------
TP11669 allocated to 1
----------------------

----------------------
TP11804 not allocated
----------------------

----------------------
TP12028 not allocated
----------------------

----------------------
TP12079 not allocated
----------------------

----------------------
TP12196 not allocated
----------------------

----------------------
TP12287 not allocated
----------------------

----------------------
TP12511 allocated to 1
----------------------

----------------------
TP12981 not allocated
----------------------

----------------------
TP13117 not allocated
----------------------

----------------------
TP13566 not allocated
----------------------

----------------------
TP13703 allocated to 1
----------------------

----------------------
TP13825 not allocated
----------------------

----------------------
TP14244 not allocated
----------------------

----------------------
TP14339 not allocated
----------------------

----------------------
TP14393 not allocated
----------------------

----------------------
TP14394 not allocated
----------------------

----------------------
TP14445 not allocated
----------------------

----------------------
TP14905 allocated to 1
----------------------

----------------------
TP15723 not allocated
----------------------

----------------------
TP16001 not allocated
----------------------

----------------------
TP16079 not allocated
----------------------

----------------------
TP16086 not allocated
----------------------

----------------------
TP16463 not allocated
----------------------

----------------------
TP16678 not allocated
----------------------

----------------------
TP17082 not allocated
----------------------

----------------------
TP17145 not allocated
----------------------

----------------------
TP17397 not allocated
----------------------

----------------------
TP18076 not allocated
----------------------

----------------------
TP18601 not allocated
----------------------

----------------------
TP20177 not allocated
----------------------

----------------------
TP20182 not allocated
----------------------

----------------------
TP20237 not allocated
----------------------

----------------------
TP20708 not allocated
----------------------

----------------------
TP20897 allocated to 1
----------------------

----------------------
TP21298 allocated to 1
----------------------

----------------------
TP21339 allocated to 1
----------------------

----------------------
TP21543 not allocated
----------------------

----------------------
TP21704 not allocated
----------------------

----------------------
TP22348 not allocated
----------------------

----------------------
TP22642 not allocated
----------------------

----------------------
TP23089 allocated to 1
----------------------

----------------------
TP23102 not allocated
----------------------

----------------------
TP23171 not allocated
----------------------

----------------------
TP23351 not allocated
----------------------

----------------------
TP23600 not allocated
----------------------

----------------------
TP24119 not allocated
----------------------

----------------------
TP24360 not allocated
----------------------

----------------------
TP24928 not allocated
----------------------

----------------------
TP25218 not allocated
----------------------

----------------------
TP25714 not allocated
----------------------

----------------------
TP25807 not allocated
----------------------

----------------------
TP25947 not allocated
----------------------

----------------------
TP26253 not allocated
----------------------

----------------------
TP26713 allocated to 1
----------------------

----------------------
TP26723 not allocated
----------------------

----------------------
TP26726 not allocated
----------------------

----------------------
TP26903 not allocated
----------------------

----------------------
TP26964 not allocated
----------------------

----------------------
TP27073 not allocated
----------------------

----------------------
TP27105 not allocated
----------------------

----------------------
TP27240 allocated to 1
----------------------

----------------------
TP28475 not allocated
----------------------

----------------------
TP28571 not allocated
----------------------

----------------------
TP28748 not allocated
----------------------

----------------------
TP29076 not allocated
----------------------

----------------------
TP29490 not allocated
----------------------

----------------------
TP29594 allocated to 1
----------------------

----------------------
TP29805 not allocated
----------------------

----------------------
TP29986 not allocated
----------------------

----------------------
TP30648 not allocated
----------------------

----------------------
TP30682 not allocated
----------------------

----------------------
TP30705 not allocated
----------------------

----------------------
TP30962 not allocated
----------------------

----------------------
TP31053 not allocated
----------------------

----------------------
TP31106 allocated to 1
----------------------

----------------------
TP31134 not allocated
----------------------

----------------------
TP31784 not allocated
----------------------

----------------------
TP31797 not allocated
----------------------

----------------------
TP31827 not allocated
----------------------

----------------------
TP31846 not allocated
----------------------

----------------------
TP32218 not allocated
----------------------

----------------------
TP32265 not allocated
----------------------

----------------------
TP32490 allocated to 1
----------------------

----------------------
TP32604 not allocated
----------------------

----------------------
TP32634 not allocated
----------------------

----------------------
TP32800 not allocated
----------------------

----------------------
TP33416 not allocated
----------------------

----------------------
TP33430 allocated to 1
----------------------

----------------------
TP33839 not allocated
----------------------

----------------------
TP33982 not allocated
----------------------

----------------------
TP34971 allocated to 1
----------------------

----------------------
TP35244 not allocated
----------------------

----------------------
TP35378 not allocated
----------------------

----------------------
TP35800 not allocated
----------------------

----------------------
TP36038 not allocated
----------------------

----------------------
TP36174 not allocated
----------------------

----------------------
TP36284 not allocated
----------------------

----------------------
TP36336 not allocated
----------------------

----------------------
TP36683 not allocated
----------------------

----------------------
TP36718 not allocated
----------------------

----------------------
TP37024 not allocated
----------------------

----------------------
TP37341 not allocated
----------------------

----------------------
TP37360 allocated to 1
----------------------

----------------------
TP37533 not allocated
----------------------

----------------------
TP37628 not allocated
----------------------

----------------------
TP37661 allocated to 1
----------------------

----------------------
TP37868 not allocated
----------------------

----------------------
TP38040 not allocated
----------------------

----------------------
TP38165 not allocated
----------------------

----------------------
TP38474 not allocated
----------------------

----------------------
TP38679 not allocated
----------------------

----------------------
TP38700 not allocated
----------------------

----------------------
TP39197 allocated to 1
----------------------

----------------------
TP39253 not allocated
----------------------

----------------------
TP39372 not allocated
----------------------

----------------------
TP39462 not allocated
----------------------

----------------------
TP39623 allocated to 1
----------------------

----------------------
TP39868 not allocated
----------------------

----------------------
TP40165 not allocated
----------------------

----------------------
TP40245 not allocated
----------------------

----------------------
TP40288 not allocated
----------------------

----------------------
TP40457 not allocated
----------------------

----------------------
TP40583 not allocated
----------------------

----------------------
TP40679 not allocated
----------------------

----------------------
TP41085 not allocated
----------------------

----------------------
TP41240 allocated to 1
----------------------

----------------------
TP41570 not allocated
----------------------

----------------------
TP41668 not allocated
----------------------

----------------------
TP41983 not allocated
----------------------

----------------------
TP42008 not allocated
----------------------

----------------------
TP42064 not allocated
----------------------

----------------------
TP42199 not allocated
----------------------

----------------------
TP42292 allocated to 1
----------------------

----------------------
TP42722 not allocated
----------------------

----------------------
TP42926 not allocated
----------------------

----------------------
TP43348 not allocated
----------------------

----------------------
TP43887 not allocated
----------------------

----------------------
TP44110 not allocated
----------------------

----------------------
TP44239 not allocated
----------------------

----------------------
TP44694 not allocated
----------------------

----------------------
TP45406 allocated to 1
----------------------

----------------------
TP45715 not allocated
----------------------

----------------------
TP45909 not allocated
----------------------

----------------------
TP46306 not allocated
----------------------

----------------------
TP46379 not allocated
----------------------

----------------------
TP46602 allocated to 1
----------------------

----------------------
TP46820 not allocated
----------------------

----------------------
TP47022 not allocated
----------------------

----------------------
TP47035 allocated to 1
----------------------

----------------------
TP47078 not allocated
----------------------

----------------------
TP47336 not allocated
----------------------

----------------------
TP47549 not allocated
----------------------

----------------------
TP47665 not allocated
----------------------

----------------------
TP47789 not allocated
----------------------

----------------------
TP47953 not allocated
----------------------

----------------------
TP48211 allocated to 1
----------------------

----------------------
TP48719 not allocated
----------------------

----------------------
TP49394 not allocated
----------------------

----------------------
TP49513 not allocated
----------------------

----------------------
TP49646 not allocated
----------------------

----------------------
TP49875 not allocated
----------------------

-------------------------------------------------------------------------

Ride-sharing vs Individual Mode - Num Vehicles and Distance Comparisson 

-------------------------------------------------------------------------
Individual Mode = 199 vehicles.
Ride-sharing Mode = 149 vehicles. The 1 ride-sharing vehicles + 148 vehicles of the individuals not served by the ride-sharing service.
-------------------------------------------------------------------------
Individual Mode = 469 distance.
Ride-sharing Mode = 518 distance. 100 from the EV fleet + 418 from the distance of the trips not covered individuals had to do with their own vehicle.
-------------------------------------------------------------------------
