-------------------------------------------------------------------------
TPs satisfied = 63; Total TPs = 178; Percentage Satisfied + 35.4%
-------------------------------------------------------------------------

-------------------------------------------------------------------------

EVs

-------------------------------------------------------------------------
--------------------------------------
EV1
--------------------------------------
Num TPs served = 45
TPs served = 699 1129 1579 1586 1918 2133 2946 3373 3439 3715 3733 3917 3924 4447 4457 4486 4533 4875 5165 5311 5523 5888 5981 6075 10035 12351 12854 12987 16245 16728 22726 25107 25464 26420 28359 29932 33315 38081 38394 41073 41661 42391 43440 43705 44893
Total energy used = 100
--------------------------------------
Schedule:
0 1251 366 186 366 186 0 0 100 100 0 1251 0
1251 1251 366 186 366 186 0 1 100 100 699 32 0
1251 1253 366 186 366 186 1 1 100 100 0 2 0
1253 1258 366 186 366 191 1 0 100 95 -699 32 5
1258 1967 366 191 366 191 0 0 95 95 0 709 0
1967 1972 366 191 366 186 0 1 95 90 1129 32 5
1972 1977 366 186 366 186 1 1 90 90 0 5 0
1977 1979 366 186 367 187 1 0 90 88 -1129 32 2
1979 2754 367 187 367 187 0 0 88 88 0 775 0
2754 2756 367 187 366 186 0 1 88 86 1586 32 2
2756 2756 366 186 366 186 1 2 86 86 1579 21 0
2756 2758 366 186 367 187 2 1 86 84 -1586 32 2
2758 2761 367 187 369 186 1 0 84 81 -1579 20 3
2761 3371 369 186 369 186 0 0 81 81 0 610 0
3371 3374 369 186 366 186 0 1 81 78 1918 32 3
3374 3376 366 186 368 186 1 0 78 76 -1918 32 2
3376 3758 368 186 368 186 0 0 76 76 0 382 0
3758 3760 368 186 366 186 0 1 76 74 2133 32 2
3760 3761 366 186 367 186 1 0 74 73 -2133 32 1
3761 5257 367 186 367 186 0 0 73 73 0 1496 0
5257 5258 367 186 366 186 0 1 73 72 2946 32 1
5258 5259 366 186 366 186 1 1 72 72 0 1 0
5259 5259 366 186 366 186 1 0 72 72 -2946 32 0
5259 6004 366 186 366 186 0 0 72 72 0 745 0
6004 6004 366 186 366 186 0 1 72 72 3373 32 0
6004 6005 366 186 367 186 1 0 72 71 -3373 32 1
6005 6131 367 186 367 186 0 0 71 71 0 126 0
6131 6132 367 186 366 186 0 1 71 70 3439 32 1
6132 6140 366 186 374 186 1 0 70 62 -3439 32 8
6140 6656 374 186 374 186 0 0 62 62 0 516 0
6656 6664 374 186 366 186 0 1 62 54 3715 32 8
6664 6667 366 186 366 189 1 0 54 51 -3715 32 3
6667 6699 366 189 366 189 0 0 51 51 0 32 0
6699 6702 366 189 366 186 0 1 51 48 3733 32 3
6702 6704 366 186 367 187 1 0 48 46 -3733 32 2
6704 7039 367 187 367 187 0 0 46 46 0 335 0
7039 7041 367 187 366 186 0 1 46 44 3924 32 2
7041 7041 366 186 366 186 1 2 44 44 3917 23 0
7041 7042 366 186 366 186 2 2 44 44 0 1 0
7042 7047 366 186 369 188 2 1 44 39 -3924 32 5
7047 7050 369 188 368 186 1 0 39 36 -3917 16 3
7050 8033 368 186 368 186 0 0 36 36 0 983 0
8033 8035 368 186 366 186 0 1 36 34 4457 32 2
8035 8035 366 186 366 186 1 2 34 34 4447 11 0
8035 8036 366 186 367 186 2 1 34 33 -4457 32 1
8036 8036 367 186 367 186 1 0 33 33 -4447 12 0
8036 8086 367 186 367 186 0 0 33 33 0 50 0
8086 8087 367 186 366 186 0 1 33 32 4486 32 1
8087 8089 366 186 366 186 1 1 32 32 0 2 0
8089 8089 366 186 366 186 1 0 32 32 -4486 32 0
8089 8175 366 186 366 186 0 0 32 32 0 86 0
8175 8175 366 186 366 186 0 1 32 32 4533 32 0
8175 8177 366 186 366 186 1 1 32 32 0 2 0
8177 8184 366 186 373 186 1 0 32 25 -4533 32 7
8184 8506 373 186 373 186 0 0 25 25 0 322 0
8506 8513 373 186 366 186 0 1 25 18 38081 32 7
8513 8514 366 186 366 186 1 1 18 18 0 1 0
8514 8514 366 186 366 186 1 0 18 18 -38081 32 0
8514 8854 366 186 366 186 0 0 18 18 0 340 0
8854 8854 366 186 366 186 0 1 18 18 4875 32 0
8854 8855 366 186 367 186 1 0 18 17 -4875 32 1
8855 9342 367 186 367 186 0 0 17 17 0 487 0
9342 9343 367 186 366 186 0 1 17 16 38394 32 1
9343 9344 366 186 366 186 1 1 16 16 0 1 0
9344 9344 366 186 366 186 1 0 16 16 -38394 32 0
9344 9378 366 186 366 186 0 0 16 16 0 34 0
9378 9378 366 186 366 186 0 1 16 16 5165 32 0
9378 9379 366 186 366 187 1 0 16 15 -5165 32 1
9379 9666 366 187 366 187 0 0 15 15 0 287 0
9666 9667 366 187 366 186 0 1 15 14 5311 32 1
9667 9668 366 186 366 187 1 0 14 13 -5311 32 1
9668 10036 366 187 366 187 0 0 13 13 0 368 0
10036 10037 366 187 366 186 0 1 13 12 5523 32 1
10037 10039 366 186 368 186 1 0 12 10 -5523 32 2
10039 10771 368 186 368 186 0 0 10 10 0 732 0
10771 10773 368 186 366 186 0 1 10 8 5888 32 2
10773 10775 366 186 368 186 1 0 8 6 -5888 32 2
10775 10950 368 186 368 186 0 0 6 6 0 175 0
10950 10952 368 186 366 186 0 1 6 4 5981 32 2
10952 10953 366 186 367 186 1 0 4 3 -5981 32 1
10953 11124 367 186 367 186 0 0 3 3 0 171 0
11124 11125 367 186 366 186 0 1 3 2 6075 32 1
11125 11126 366 186 366 186 1 1 2 2 0 1 0
11126 11127 366 186 367 186 1 0 2 1 -6075 32 1
11127 15320 367 186 367 186 0 0 1 1 0 4193 0
15320 15321 367 186 366 186 0 1 1 0 22726 32 1
15321 15322 366 186 366 186 1 1 0 0 0 1 0
15322 15322 366 186 366 186 1 0 0 0 -22726 32 0
15322 16034 366 186 366 186 0 0 0 0 0 712 0
16034 16034 366 186 366 186 0 1 0 0 41073 32 0
16034 16035 366 186 366 186 1 1 0 0 0 1 0
16035 16035 366 186 366 186 1 0 0 0 -41073 32 0
16035 17394 366 186 366 186 0 0 0 0 0 1359 0
17394 17394 366 186 366 186 0 1 0 0 41661 32 0
17394 17396 366 186 366 186 1 1 0 0 0 2 0
17396 17396 366 186 366 186 1 0 0 0 -41661 32 0
17396 18913 366 186 366 186 0 0 0 0 0 1517 0
18913 18913 366 186 366 186 0 1 0 0 42391 32 0
18913 18914 366 186 366 186 1 1 0 0 0 1 0
18914 18914 366 186 366 186 1 0 0 0 -42391 32 0
18914 20526 366 186 366 186 0 0 0 0 0 1612 0
20526 20526 366 186 366 186 0 1 0 0 10035 32 0
20526 20527 366 186 366 186 1 1 0 0 0 1 0
20527 20527 366 186 366 186 1 0 0 0 -10035 32 0
20527 20747 366 186 366 186 0 0 0 0 0 220 0
20747 20747 366 186 366 186 0 1 0 0 25107 32 0
20747 20748 366 186 366 186 1 1 0 0 0 1 0
20748 20748 366 186 366 186 1 0 0 0 -25107 32 0
20748 21091 366 186 366 186 0 0 0 0 0 343 0
21091 21091 366 186 366 186 0 1 0 0 43440 32 0
21091 21092 366 186 366 186 1 1 0 0 0 1 0
21092 21092 366 186 366 186 1 0 0 0 -43440 32 0
21092 21516 366 186 366 186 0 0 0 0 0 424 0
21516 21516 366 186 366 186 0 1 0 0 25464 32 0
21516 21518 366 186 366 186 1 1 0 0 0 2 0
21518 21518 366 186 366 186 1 0 0 0 -25464 32 0
21518 21588 366 186 366 186 0 0 0 0 0 70 0
21588 21588 366 186 366 186 0 1 0 0 43705 32 0
21588 21593 366 186 366 186 1 1 0 0 0 5 0
21593 21593 366 186 366 186 1 0 0 0 -43705 32 0
21593 23498 366 186 366 186 0 0 0 0 0 1905 0
23498 23498 366 186 366 186 0 1 0 0 26420 32 0
23498 23500 366 186 366 186 1 1 0 0 0 2 0
23500 23500 366 186 366 186 1 0 0 0 -26420 32 0
23500 23835 366 186 366 186 0 0 0 0 0 335 0
23835 23835 366 186 366 186 0 1 0 0 44893 32 0
23835 23836 366 186 366 186 1 1 0 0 0 1 0
23836 23836 366 186 366 186 1 0 0 0 -44893 32 0
23836 27227 366 186 366 186 0 0 0 0 0 3391 0
27227 27227 366 186 366 186 0 1 0 0 28359 32 0
27227 27228 366 186 366 186 1 1 0 0 0 1 0
27228 27228 366 186 366 186 1 0 0 0 -28359 32 0
27228 27933 366 186 366 186 0 0 0 0 0 705 0
27933 27933 366 186 366 186 0 1 0 0 12351 32 0
27933 27934 366 186 366 186 1 1 0 0 0 1 0
27934 27934 366 186 366 186 1 0 0 0 -12351 32 0
27934 29771 366 186 366 186 0 0 0 0 0 1837 0
29771 29771 366 186 366 186 0 1 0 0 12854 32 0
29771 29773 366 186 366 186 1 1 0 0 0 2 0
29773 29773 366 186 366 186 1 0 0 0 -12854 32 0
29773 30242 366 186 366 186 0 0 0 0 0 469 0
30242 30242 366 186 366 186 0 1 0 0 12987 32 0
30242 30244 366 186 366 186 1 1 0 0 0 2 0
30244 30244 366 186 366 186 1 0 0 0 -12987 32 0
30244 30341 366 186 366 186 0 0 0 0 0 97 0
30341 30341 366 186 366 186 0 1 0 0 29932 32 0
30341 30350 366 186 366 186 1 1 0 0 0 9 0
30350 30350 366 186 366 186 1 0 0 0 -29932 32 0
30350 37964 366 186 366 186 0 0 0 0 0 7614 0
37964 37964 366 186 366 186 0 1 0 0 33315 32 0
37964 37965 366 186 366 186 1 1 0 0 0 1 0
37965 37965 366 186 366 186 1 0 0 0 -33315 32 0
37965 41186 366 186 366 186 0 0 0 0 0 3221 0
41186 41186 366 186 366 186 0 1 0 0 16245 32 0
41186 41189 366 186 366 186 1 1 0 0 0 3 0
41189 41189 366 186 366 186 1 0 0 0 -16245 32 0
41189 42011 366 186 366 186 0 0 0 0 0 822 0
42011 42011 366 186 366 186 0 1 0 0 16728 32 0
42011 42012 366 186 366 186 1 1 0 0 0 1 0
42012 42012 366 186 366 186 1 0 0 0 -16728 32 0
42012 43267 366 186 366 186 0 0 0 0 0 1255 0
43267 43267 366 186 366 186 0 0 0 0 1000000000 0 0
--------------------------------------
--------------------------------------
EV2
--------------------------------------
Num TPs served = 18
TPs served = 5926 6089 6983 7655 8062 8197 8305 8586 8871 9093 9454 9619 9760 10088 12016 13010 13373 22391
Total energy used = 100
--------------------------------------
Schedule:
0 10849 366 186 366 186 0 0 100 100 0 10849 0
10849 10849 366 186 366 186 0 1 100 100 5926 32 0
10849 10853 366 186 370 186 1 0 100 96 -5926 32 4
10853 11143 370 186 370 186 0 0 96 96 0 290 0
11143 11147 370 186 366 186 0 1 96 92 6089 32 4
11147 11151 366 186 367 189 1 0 92 88 -6089 32 4
11151 12974 367 189 367 189 0 0 88 88 0 1823 0
12974 12978 367 189 366 186 0 1 88 84 6983 32 4
12978 12980 366 186 367 187 1 0 84 82 -6983 32 2
12980 14459 367 187 367 187 0 0 82 82 0 1479 0
14459 14461 367 187 366 186 0 1 82 80 22391 32 2
14461 14461 366 186 366 186 1 2 80 80 7655 13 0
14461 14462 366 186 367 186 2 1 80 79 -22391 32 1
14462 14463 367 186 367 187 1 0 79 78 -7655 13 1
14463 15353 367 187 367 187 0 0 78 78 0 890 0
15353 15355 367 187 366 186 0 1 78 76 8062 32 2
15355 15368 366 186 366 186 1 1 76 76 0 13 0
15368 15370 366 186 367 187 1 0 76 74 -8062 32 2
15370 15673 367 187 367 187 0 0 74 74 0 303 0
15673 15675 367 187 366 186 0 1 74 72 8197 32 2
15675 15676 366 186 366 186 1 1 72 72 0 1 0
15676 15677 366 186 367 186 1 0 72 71 -8197 32 1
15677 15940 367 186 367 186 0 0 71 71 0 263 0
15940 15941 367 186 366 186 0 1 71 70 8305 32 1
15941 15942 366 186 366 186 1 1 70 70 0 1 0
15942 15945 366 186 368 187 1 0 70 67 -8305 32 3
15945 16584 368 187 368 187 0 0 67 67 0 639 0
16584 16587 368 187 366 186 0 1 67 64 8586 32 3
16587 16588 366 186 367 186 1 0 64 63 -8586 32 1
16588 17307 367 186 367 186 0 0 63 63 0 719 0
17307 17308 367 186 366 186 0 1 63 62 8871 32 1
17308 17310 366 186 368 186 1 0 62 60 -8871 32 2
17310 17878 368 186 368 186 0 0 60 60 0 568 0
17878 17880 368 186 366 186 0 1 60 58 9093 32 2
17880 17882 366 186 366 186 1 1 58 58 0 2 0
17882 17893 366 186 377 186 1 0 58 47 -9093 32 11
17893 18876 377 186 377 186 0 0 47 47 0 983 0
18876 18887 377 186 366 186 0 1 47 36 9454 32 11
18887 18888 366 186 367 186 1 0 36 35 -9454 32 1
18888 19328 367 186 367 186 0 0 35 35 0 440 0
19328 19329 367 186 366 186 0 1 35 34 9619 32 1
19329 19332 366 186 367 188 1 0 34 31 -9619 32 3
19332 19750 367 188 367 188 0 0 31 31 0 418 0
19750 19753 367 188 366 186 0 1 31 28 9760 32 3
19753 19757 366 186 367 189 1 0 28 24 -9760 32 4
19757 20660 367 189 367 189 0 0 24 24 0 903 0
20660 20664 367 189 366 186 0 1 24 20 10088 32 4
20664 20665 366 186 366 186 1 1 20 20 0 1 0
20665 20666 366 186 367 186 1 0 20 19 -10088 32 1
20666 26794 367 186 367 186 0 0 19 19 0 6128 0
26794 26795 367 186 366 186 0 1 19 18 12016 32 1
26795 26796 366 186 367 186 1 0 18 17 -12016 32 1
26796 30321 367 186 367 186 0 0 17 17 0 3525 0
30321 30322 367 186 366 186 0 1 17 16 13010 32 1
30322 30323 366 186 366 186 1 1 16 16 0 1 0
30323 30329 366 186 366 192 1 0 16 10 -13010 32 6
30329 31588 366 192 366 192 0 0 10 10 0 1259 0
31588 31594 366 192 366 186 0 1 10 4 13373 32 6
31594 31596 366 186 367 187 1 0 4 2 -13373 32 2
31596 43265 367 187 367 187 0 0 2 2 0 11669 0
43265 43267 367 187 366 186 0 0 2 0 1000000000 0 2
--------------------------------------

-------------------------------------------------------------------------

TPs

-------------------------------------------------------------------------

----------------------
TP699 allocated to 1
----------------------

----------------------
TP1129 allocated to 1
----------------------

----------------------
TP1579 allocated to 1
----------------------

----------------------
TP1586 allocated to 1
----------------------

----------------------
TP1918 allocated to 1
----------------------

----------------------
TP2133 allocated to 1
----------------------

----------------------
TP2946 allocated to 1
----------------------

----------------------
TP3373 allocated to 1
----------------------

----------------------
TP3439 allocated to 1
----------------------

----------------------
TP3715 allocated to 1
----------------------

----------------------
TP3733 allocated to 1
----------------------

----------------------
TP3917 allocated to 1
----------------------

----------------------
TP3924 allocated to 1
----------------------

----------------------
TP4447 allocated to 1
----------------------

----------------------
TP4457 allocated to 1
----------------------

----------------------
TP4486 allocated to 1
----------------------

----------------------
TP4533 allocated to 1
----------------------

----------------------
TP4875 allocated to 1
----------------------

----------------------
TP5165 allocated to 1
----------------------

----------------------
TP5311 allocated to 1
----------------------

----------------------
TP5523 allocated to 1
----------------------

----------------------
TP5888 allocated to 1
----------------------

----------------------
TP5926 allocated to 2
----------------------

----------------------
TP5981 allocated to 1
----------------------

----------------------
TP6075 allocated to 1
----------------------

----------------------
TP6089 allocated to 2
----------------------

----------------------
TP6983 allocated to 2
----------------------

----------------------
TP7655 allocated to 2
----------------------

----------------------
TP8062 allocated to 2
----------------------

----------------------
TP8197 allocated to 2
----------------------

----------------------
TP8305 allocated to 2
----------------------

----------------------
TP8586 allocated to 2
----------------------

----------------------
TP8871 allocated to 2
----------------------

----------------------
TP9093 allocated to 2
----------------------

----------------------
TP9454 allocated to 2
----------------------

----------------------
TP9619 allocated to 2
----------------------

----------------------
TP9760 allocated to 2
----------------------

----------------------
TP10035 allocated to 1
----------------------

----------------------
TP10088 allocated to 2
----------------------

----------------------
TP12016 allocated to 2
----------------------

----------------------
TP12351 allocated to 1
----------------------

----------------------
TP12428 not allocated
----------------------

----------------------
TP12854 allocated to 1
----------------------

----------------------
TP12987 allocated to 1
----------------------

----------------------
TP13010 allocated to 2
----------------------

----------------------
TP13373 allocated to 2
----------------------

----------------------
TP13753 not allocated
----------------------

----------------------
TP14005 not allocated
----------------------

----------------------
TP14069 not allocated
----------------------

----------------------
TP14203 not allocated
----------------------

----------------------
TP14293 not allocated
----------------------

----------------------
TP14556 not allocated
----------------------

----------------------
TP14804 not allocated
----------------------

----------------------
TP14879 not allocated
----------------------

----------------------
TP15022 not allocated
----------------------

----------------------
TP15089 not allocated
----------------------

----------------------
TP15201 not allocated
----------------------

----------------------
TP16071 not allocated
----------------------

----------------------
TP16187 not allocated
----------------------

----------------------
TP16196 not allocated
----------------------

----------------------
TP16245 allocated to 1
----------------------

----------------------
TP16728 allocated to 1
----------------------

----------------------
TP17432 not allocated
----------------------

----------------------
TP17452 not allocated
----------------------

----------------------
TP17710 not allocated
----------------------

----------------------
TP18008 not allocated
----------------------

----------------------
TP18247 not allocated
----------------------

----------------------
TP18636 not allocated
----------------------

----------------------
TP19340 not allocated
----------------------

----------------------
TP19498 not allocated
----------------------

----------------------
TP20020 not allocated
----------------------

----------------------
TP20202 not allocated
----------------------

----------------------
TP20494 not allocated
----------------------

----------------------
TP20941 not allocated
----------------------

----------------------
TP21199 not allocated
----------------------

----------------------
TP21389 not allocated
----------------------

----------------------
TP21462 not allocated
----------------------

----------------------
TP21783 not allocated
----------------------

----------------------
TP22164 not allocated
----------------------

----------------------
TP22391 allocated to 2
----------------------

----------------------
TP22410 not allocated
----------------------

----------------------
TP22521 not allocated
----------------------

----------------------
TP22726 allocated to 1
----------------------

----------------------
TP23162 not allocated
----------------------

----------------------
TP24056 not allocated
----------------------

----------------------
TP24729 not allocated
----------------------

----------------------
TP24833 not allocated
----------------------

----------------------
TP25027 not allocated
----------------------

----------------------
TP25107 allocated to 1
----------------------

----------------------
TP25399 not allocated
----------------------

----------------------
TP25418 not allocated
----------------------

----------------------
TP25464 allocated to 1
----------------------

----------------------
TP25479 not allocated
----------------------

----------------------
TP25708 not allocated
----------------------

----------------------
TP25827 not allocated
----------------------

----------------------
TP26012 not allocated
----------------------

----------------------
TP26373 not allocated
----------------------

----------------------
TP26420 allocated to 1
----------------------

----------------------
TP26619 not allocated
----------------------

----------------------
TP26701 not allocated
----------------------

----------------------
TP27749 not allocated
----------------------

----------------------
TP28256 not allocated
----------------------

----------------------
TP28284 not allocated
----------------------

----------------------
TP28359 allocated to 1
----------------------

----------------------
TP28452 not allocated
----------------------

----------------------
TP28473 not allocated
----------------------

----------------------
TP29139 not allocated
----------------------

----------------------
TP29261 not allocated
----------------------

----------------------
TP29266 not allocated
----------------------

----------------------
TP29677 not allocated
----------------------

----------------------
TP29932 allocated to 1
----------------------

----------------------
TP30141 not allocated
----------------------

----------------------
TP30371 not allocated
----------------------

----------------------
TP30512 not allocated
----------------------

----------------------
TP32724 not allocated
----------------------

----------------------
TP33155 not allocated
----------------------

----------------------
TP33315 allocated to 1
----------------------

----------------------
TP33443 not allocated
----------------------

----------------------
TP33487 not allocated
----------------------

----------------------
TP34602 not allocated
----------------------

----------------------
TP35301 not allocated
----------------------

----------------------
TP35386 not allocated
----------------------

----------------------
TP35418 not allocated
----------------------

----------------------
TP35420 not allocated
----------------------

----------------------
TP35982 not allocated
----------------------

----------------------
TP36954 not allocated
----------------------

----------------------
TP37229 not allocated
----------------------

----------------------
TP37486 not allocated
----------------------

----------------------
TP37937 not allocated
----------------------

----------------------
TP38081 allocated to 1
----------------------

----------------------
TP38360 not allocated
----------------------

----------------------
TP38394 allocated to 1
----------------------

----------------------
TP38515 not allocated
----------------------

----------------------
TP39284 not allocated
----------------------

----------------------
TP39606 not allocated
----------------------

----------------------
TP39619 not allocated
----------------------

----------------------
TP39676 not allocated
----------------------

----------------------
TP40222 not allocated
----------------------

----------------------
TP40604 not allocated
----------------------

----------------------
TP40647 not allocated
----------------------

----------------------
TP40746 not allocated
----------------------

----------------------
TP40923 not allocated
----------------------

----------------------
TP41073 allocated to 1
----------------------

----------------------
TP41335 not allocated
----------------------

----------------------
TP41441 not allocated
----------------------

----------------------
TP41450 not allocated
----------------------

----------------------
TP41661 allocated to 1
----------------------

----------------------
TP42125 not allocated
----------------------

----------------------
TP42391 allocated to 1
----------------------

----------------------
TP42738 not allocated
----------------------

----------------------
TP42793 not allocated
----------------------

----------------------
TP42964 not allocated
----------------------

----------------------
TP43161 not allocated
----------------------

----------------------
TP43440 allocated to 1
----------------------

----------------------
TP43705 allocated to 1
----------------------

----------------------
TP44061 not allocated
----------------------

----------------------
TP44365 not allocated
----------------------

----------------------
TP44893 allocated to 1
----------------------

----------------------
TP44944 not allocated
----------------------

----------------------
TP45267 not allocated
----------------------

----------------------
TP45341 not allocated
----------------------

----------------------
TP45568 not allocated
----------------------

----------------------
TP46056 not allocated
----------------------

----------------------
TP46298 not allocated
----------------------

----------------------
TP46377 not allocated
----------------------

----------------------
TP47000 not allocated
----------------------

----------------------
TP47717 not allocated
----------------------

----------------------
TP47800 not allocated
----------------------

----------------------
TP47822 not allocated
----------------------

----------------------
TP47898 not allocated
----------------------

----------------------
TP48261 not allocated
----------------------

----------------------
TP48806 not allocated
----------------------

----------------------
TP49176 not allocated
----------------------

----------------------
TP49213 not allocated
----------------------

----------------------
TP49461 not allocated
----------------------

----------------------
TP49694 not allocated
----------------------

----------------------
TP49821 not allocated
----------------------

----------------------
TP49914 not allocated
----------------------

-------------------------------------------------------------------------

Ride-sharing vs Individual Mode - Num Vehicles and Distance Comparisson 

-------------------------------------------------------------------------
Individual Mode = 178 vehicles.
Ride-sharing Mode = 117 vehicles. The 2 ride-sharing vehicles + 115 vehicles of the individuals not served by the ride-sharing service.
-------------------------------------------------------------------------
Individual Mode = 436 distance.
Ride-sharing Mode = 531 distance. 200 from the EV fleet + 331 from the distance of the trips not covered individuals had to do with their own vehicle.
-------------------------------------------------------------------------
