-------------------------------------------------------------------------
TPs satisfied = 178; Total TPs = 178; Percentage Satisfied + 100.0%
-------------------------------------------------------------------------

-------------------------------------------------------------------------

EVs

-------------------------------------------------------------------------
--------------------------------------
EV1
--------------------------------------
Num TPs served = 45
TPs served = 699 1129 1579 1586 1918 2133 2946 3373 3439 3715 3733 3917 3924 4447 4457 4486 4533 4875 5165 5311 5523 5888 5981 6075 10035 12351 12854 12987 16245 16728 22726 25107 25464 26420 28359 29932 33315 38081 38394 41073 41661 42391 43440 43705 44893
Total energy used = 100
--------------------------------------
Schedule:
0 1251 366 186 366 186 0 0 100 100 0 1251 0
1251 1251 366 186 366 186 0 1 100 100 699 32 0
1251 1253 366 186 366 186 1 1 100 100 0 2 0
1253 1258 366 186 366 191 1 0 100 95 -699 32 5
1258 1967 366 191 366 191 0 0 95 95 0 709 0
1967 1972 366 191 366 186 0 1 95 90 1129 32 5
1972 1977 366 186 366 186 1 1 90 90 0 5 0
1977 1979 366 186 367 187 1 0 90 88 -1129 32 2
1979 2754 367 187 367 187 0 0 88 88 0 775 0
2754 2756 367 187 366 186 0 1 88 86 1586 32 2
2756 2756 366 186 366 186 1 2 86 86 1579 21 0
2756 2758 366 186 367 187 2 1 86 84 -1586 32 2
2758 2761 367 187 369 186 1 0 84 81 -1579 20 3
2761 3371 369 186 369 186 0 0 81 81 0 610 0
3371 3374 369 186 366 186 0 1 81 78 1918 32 3
3374 3376 366 186 368 186 1 0 78 76 -1918 32 2
3376 3758 368 186 368 186 0 0 76 76 0 382 0
3758 3760 368 186 366 186 0 1 76 74 2133 32 2
3760 3761 366 186 367 186 1 0 74 73 -2133 32 1
3761 5257 367 186 367 186 0 0 73 73 0 1496 0
5257 5258 367 186 366 186 0 1 73 72 2946 32 1
5258 5259 366 186 366 186 1 1 72 72 0 1 0
5259 5259 366 186 366 186 1 0 72 72 -2946 32 0
5259 6004 366 186 366 186 0 0 72 72 0 745 0
6004 6004 366 186 366 186 0 1 72 72 3373 32 0
6004 6005 366 186 367 186 1 0 72 71 -3373 32 1
6005 6131 367 186 367 186 0 0 71 71 0 126 0
6131 6132 367 186 366 186 0 1 71 70 3439 32 1
6132 6140 366 186 374 186 1 0 70 62 -3439 32 8
6140 6656 374 186 374 186 0 0 62 62 0 516 0
6656 6664 374 186 366 186 0 1 62 54 3715 32 8
6664 6667 366 186 366 189 1 0 54 51 -3715 32 3
6667 6699 366 189 366 189 0 0 51 51 0 32 0
6699 6702 366 189 366 186 0 1 51 48 3733 32 3
6702 6704 366 186 367 187 1 0 48 46 -3733 32 2
6704 7039 367 187 367 187 0 0 46 46 0 335 0
7039 7041 367 187 366 186 0 1 46 44 3924 32 2
7041 7041 366 186 366 186 1 2 44 44 3917 23 0
7041 7042 366 186 366 186 2 2 44 44 0 1 0
7042 7047 366 186 369 188 2 1 44 39 -3924 32 5
7047 7050 369 188 368 186 1 0 39 36 -3917 16 3
7050 8033 368 186 368 186 0 0 36 36 0 983 0
8033 8035 368 186 366 186 0 1 36 34 4457 32 2
8035 8035 366 186 366 186 1 2 34 34 4447 11 0
8035 8036 366 186 367 186 2 1 34 33 -4457 32 1
8036 8036 367 186 367 186 1 0 33 33 -4447 12 0
8036 8086 367 186 367 186 0 0 33 33 0 50 0
8086 8087 367 186 366 186 0 1 33 32 4486 32 1
8087 8089 366 186 366 186 1 1 32 32 0 2 0
8089 8089 366 186 366 186 1 0 32 32 -4486 32 0
8089 8175 366 186 366 186 0 0 32 32 0 86 0
8175 8175 366 186 366 186 0 1 32 32 4533 32 0
8175 8177 366 186 366 186 1 1 32 32 0 2 0
8177 8184 366 186 373 186 1 0 32 25 -4533 32 7
8184 8506 373 186 373 186 0 0 25 25 0 322 0
8506 8513 373 186 366 186 0 1 25 18 38081 32 7
8513 8514 366 186 366 186 1 1 18 18 0 1 0
8514 8514 366 186 366 186 1 0 18 18 -38081 32 0
8514 8854 366 186 366 186 0 0 18 18 0 340 0
8854 8854 366 186 366 186 0 1 18 18 4875 32 0
8854 8855 366 186 367 186 1 0 18 17 -4875 32 1
8855 9342 367 186 367 186 0 0 17 17 0 487 0
9342 9343 367 186 366 186 0 1 17 16 38394 32 1
9343 9344 366 186 366 186 1 1 16 16 0 1 0
9344 9344 366 186 366 186 1 0 16 16 -38394 32 0
9344 9378 366 186 366 186 0 0 16 16 0 34 0
9378 9378 366 186 366 186 0 1 16 16 5165 32 0
9378 9379 366 186 366 187 1 0 16 15 -5165 32 1
9379 9666 366 187 366 187 0 0 15 15 0 287 0
9666 9667 366 187 366 186 0 1 15 14 5311 32 1
9667 9668 366 186 366 187 1 0 14 13 -5311 32 1
9668 10036 366 187 366 187 0 0 13 13 0 368 0
10036 10037 366 187 366 186 0 1 13 12 5523 32 1
10037 10039 366 186 368 186 1 0 12 10 -5523 32 2
10039 10771 368 186 368 186 0 0 10 10 0 732 0
10771 10773 368 186 366 186 0 1 10 8 5888 32 2
10773 10775 366 186 368 186 1 0 8 6 -5888 32 2
10775 10950 368 186 368 186 0 0 6 6 0 175 0
10950 10952 368 186 366 186 0 1 6 4 5981 32 2
10952 10953 366 186 367 186 1 0 4 3 -5981 32 1
10953 11124 367 186 367 186 0 0 3 3 0 171 0
11124 11125 367 186 366 186 0 1 3 2 6075 32 1
11125 11126 366 186 366 186 1 1 2 2 0 1 0
11126 11127 366 186 367 186 1 0 2 1 -6075 32 1
11127 15320 367 186 367 186 0 0 1 1 0 4193 0
15320 15321 367 186 366 186 0 1 1 0 22726 32 1
15321 15322 366 186 366 186 1 1 0 0 0 1 0
15322 15322 366 186 366 186 1 0 0 0 -22726 32 0
15322 16034 366 186 366 186 0 0 0 0 0 712 0
16034 16034 366 186 366 186 0 1 0 0 41073 32 0
16034 16035 366 186 366 186 1 1 0 0 0 1 0
16035 16035 366 186 366 186 1 0 0 0 -41073 32 0
16035 17394 366 186 366 186 0 0 0 0 0 1359 0
17394 17394 366 186 366 186 0 1 0 0 41661 32 0
17394 17396 366 186 366 186 1 1 0 0 0 2 0
17396 17396 366 186 366 186 1 0 0 0 -41661 32 0
17396 18913 366 186 366 186 0 0 0 0 0 1517 0
18913 18913 366 186 366 186 0 1 0 0 42391 32 0
18913 18914 366 186 366 186 1 1 0 0 0 1 0
18914 18914 366 186 366 186 1 0 0 0 -42391 32 0
18914 20526 366 186 366 186 0 0 0 0 0 1612 0
20526 20526 366 186 366 186 0 1 0 0 10035 32 0
20526 20527 366 186 366 186 1 1 0 0 0 1 0
20527 20527 366 186 366 186 1 0 0 0 -10035 32 0
20527 20747 366 186 366 186 0 0 0 0 0 220 0
20747 20747 366 186 366 186 0 1 0 0 25107 32 0
20747 20748 366 186 366 186 1 1 0 0 0 1 0
20748 20748 366 186 366 186 1 0 0 0 -25107 32 0
20748 21091 366 186 366 186 0 0 0 0 0 343 0
21091 21091 366 186 366 186 0 1 0 0 43440 32 0
21091 21092 366 186 366 186 1 1 0 0 0 1 0
21092 21092 366 186 366 186 1 0 0 0 -43440 32 0
21092 21516 366 186 366 186 0 0 0 0 0 424 0
21516 21516 366 186 366 186 0 1 0 0 25464 32 0
21516 21518 366 186 366 186 1 1 0 0 0 2 0
21518 21518 366 186 366 186 1 0 0 0 -25464 32 0
21518 21588 366 186 366 186 0 0 0 0 0 70 0
21588 21588 366 186 366 186 0 1 0 0 43705 32 0
21588 21593 366 186 366 186 1 1 0 0 0 5 0
21593 21593 366 186 366 186 1 0 0 0 -43705 32 0
21593 23498 366 186 366 186 0 0 0 0 0 1905 0
23498 23498 366 186 366 186 0 1 0 0 26420 32 0
23498 23500 366 186 366 186 1 1 0 0 0 2 0
23500 23500 366 186 366 186 1 0 0 0 -26420 32 0
23500 23835 366 186 366 186 0 0 0 0 0 335 0
23835 23835 366 186 366 186 0 1 0 0 44893 32 0
23835 23836 366 186 366 186 1 1 0 0 0 1 0
23836 23836 366 186 366 186 1 0 0 0 -44893 32 0
23836 27227 366 186 366 186 0 0 0 0 0 3391 0
27227 27227 366 186 366 186 0 1 0 0 28359 32 0
27227 27228 366 186 366 186 1 1 0 0 0 1 0
27228 27228 366 186 366 186 1 0 0 0 -28359 32 0
27228 27933 366 186 366 186 0 0 0 0 0 705 0
27933 27933 366 186 366 186 0 1 0 0 12351 32 0
27933 27934 366 186 366 186 1 1 0 0 0 1 0
27934 27934 366 186 366 186 1 0 0 0 -12351 32 0
27934 29771 366 186 366 186 0 0 0 0 0 1837 0
29771 29771 366 186 366 186 0 1 0 0 12854 32 0
29771 29773 366 186 366 186 1 1 0 0 0 2 0
29773 29773 366 186 366 186 1 0 0 0 -12854 32 0
29773 30242 366 186 366 186 0 0 0 0 0 469 0
30242 30242 366 186 366 186 0 1 0 0 12987 32 0
30242 30244 366 186 366 186 1 1 0 0 0 2 0
30244 30244 366 186 366 186 1 0 0 0 -12987 32 0
30244 30341 366 186 366 186 0 0 0 0 0 97 0
30341 30341 366 186 366 186 0 1 0 0 29932 32 0
30341 30350 366 186 366 186 1 1 0 0 0 9 0
30350 30350 366 186 366 186 1 0 0 0 -29932 32 0
30350 37964 366 186 366 186 0 0 0 0 0 7614 0
37964 37964 366 186 366 186 0 1 0 0 33315 32 0
37964 37965 366 186 366 186 1 1 0 0 0 1 0
37965 37965 366 186 366 186 1 0 0 0 -33315 32 0
37965 41186 366 186 366 186 0 0 0 0 0 3221 0
41186 41186 366 186 366 186 0 1 0 0 16245 32 0
41186 41189 366 186 366 186 1 1 0 0 0 3 0
41189 41189 366 186 366 186 1 0 0 0 -16245 32 0
41189 42011 366 186 366 186 0 0 0 0 0 822 0
42011 42011 366 186 366 186 0 1 0 0 16728 32 0
42011 42012 366 186 366 186 1 1 0 0 0 1 0
42012 42012 366 186 366 186 1 0 0 0 -16728 32 0
42012 43267 366 186 366 186 0 0 0 0 0 1255 0
43267 43267 366 186 366 186 0 0 0 0 1000000000 0 0
--------------------------------------
--------------------------------------
EV2
--------------------------------------
Num TPs served = 18
TPs served = 5926 6089 6983 7655 8062 8197 8305 8586 8871 9093 9454 9619 9760 10088 12016 13010 13373 22391
Total energy used = 100
--------------------------------------
Schedule:
0 10849 366 186 366 186 0 0 100 100 0 10849 0
10849 10849 366 186 366 186 0 1 100 100 5926 32 0
10849 10853 366 186 370 186 1 0 100 96 -5926 32 4
10853 11143 370 186 370 186 0 0 96 96 0 290 0
11143 11147 370 186 366 186 0 1 96 92 6089 32 4
11147 11151 366 186 367 189 1 0 92 88 -6089 32 4
11151 12974 367 189 367 189 0 0 88 88 0 1823 0
12974 12978 367 189 366 186 0 1 88 84 6983 32 4
12978 12980 366 186 367 187 1 0 84 82 -6983 32 2
12980 14459 367 187 367 187 0 0 82 82 0 1479 0
14459 14461 367 187 366 186 0 1 82 80 22391 32 2
14461 14461 366 186 366 186 1 2 80 80 7655 13 0
14461 14462 366 186 367 186 2 1 80 79 -22391 32 1
14462 14463 367 186 367 187 1 0 79 78 -7655 13 1
14463 15353 367 187 367 187 0 0 78 78 0 890 0
15353 15355 367 187 366 186 0 1 78 76 8062 32 2
15355 15368 366 186 366 186 1 1 76 76 0 13 0
15368 15370 366 186 367 187 1 0 76 74 -8062 32 2
15370 15673 367 187 367 187 0 0 74 74 0 303 0
15673 15675 367 187 366 186 0 1 74 72 8197 32 2
15675 15676 366 186 366 186 1 1 72 72 0 1 0
15676 15677 366 186 367 186 1 0 72 71 -8197 32 1
15677 15940 367 186 367 186 0 0 71 71 0 263 0
15940 15941 367 186 366 186 0 1 71 70 8305 32 1
15941 15942 366 186 366 186 1 1 70 70 0 1 0
15942 15945 366 186 368 187 1 0 70 67 -8305 32 3
15945 16584 368 187 368 187 0 0 67 67 0 639 0
16584 16587 368 187 366 186 0 1 67 64 8586 32 3
16587 16588 366 186 367 186 1 0 64 63 -8586 32 1
16588 17307 367 186 367 186 0 0 63 63 0 719 0
17307 17308 367 186 366 186 0 1 63 62 8871 32 1
17308 17310 366 186 368 186 1 0 62 60 -8871 32 2
17310 17878 368 186 368 186 0 0 60 60 0 568 0
17878 17880 368 186 366 186 0 1 60 58 9093 32 2
17880 17882 366 186 366 186 1 1 58 58 0 2 0
17882 17893 366 186 377 186 1 0 58 47 -9093 32 11
17893 18876 377 186 377 186 0 0 47 47 0 983 0
18876 18887 377 186 366 186 0 1 47 36 9454 32 11
18887 18888 366 186 367 186 1 0 36 35 -9454 32 1
18888 19328 367 186 367 186 0 0 35 35 0 440 0
19328 19329 367 186 366 186 0 1 35 34 9619 32 1
19329 19332 366 186 367 188 1 0 34 31 -9619 32 3
19332 19750 367 188 367 188 0 0 31 31 0 418 0
19750 19753 367 188 366 186 0 1 31 28 9760 32 3
19753 19757 366 186 367 189 1 0 28 24 -9760 32 4
19757 20660 367 189 367 189 0 0 24 24 0 903 0
20660 20664 367 189 366 186 0 1 24 20 10088 32 4
20664 20665 366 186 366 186 1 1 20 20 0 1 0
20665 20666 366 186 367 186 1 0 20 19 -10088 32 1
20666 26794 367 186 367 186 0 0 19 19 0 6128 0
26794 26795 367 186 366 186 0 1 19 18 12016 32 1
26795 26796 366 186 367 186 1 0 18 17 -12016 32 1
26796 30321 367 186 367 186 0 0 17 17 0 3525 0
30321 30322 367 186 366 186 0 1 17 16 13010 32 1
30322 30323 366 186 366 186 1 1 16 16 0 1 0
30323 30329 366 186 366 192 1 0 16 10 -13010 32 6
30329 31588 366 192 366 192 0 0 10 10 0 1259 0
31588 31594 366 192 366 186 0 1 10 4 13373 32 6
31594 31596 366 186 367 187 1 0 4 2 -13373 32 2
31596 43265 367 187 367 187 0 0 2 2 0 11669 0
43265 43267 367 187 366 186 0 0 2 0 1000000000 0 2
--------------------------------------
--------------------------------------
EV3
--------------------------------------
Num TPs served = 17
TPs served = 12428 13753 14005 14069 14203 14293 14556 14804 14879 15022 15089 15201 16071 16187 16196 17432 18247
Total energy used = 100
--------------------------------------
Schedule:
0 2569 366 186 366 186 0 0 100 100 0 2569 0
2569 2569 366 186 366 186 0 1 100 100 18247 32 0
2569 2571 366 186 368 186 1 0 100 98 -18247 32 2
2571 28184 368 186 368 186 0 0 98 98 0 25613 0
28184 28186 368 186 366 186 0 1 98 96 12428 32 2
28186 28196 366 186 376 186 1 0 96 86 -12428 32 10
28196 33037 376 186 376 186 0 0 86 86 0 4841 0
33037 33047 376 186 366 186 0 1 86 76 13753 32 10
33047 33049 366 186 366 186 1 1 76 76 0 2 0
33049 33050 366 186 366 187 1 0 76 75 -13753 32 1
33050 33992 366 187 366 187 0 0 75 75 0 942 0
33992 33993 366 187 366 186 0 1 75 74 14005 32 1
33993 33994 366 186 367 186 1 0 74 73 -14005 32 1
33994 34248 367 186 367 186 0 0 73 73 0 254 0
34248 34249 367 186 366 186 0 1 73 72 14069 32 1
34249 34253 366 186 368 188 1 0 72 68 -14069 32 4
34253 34756 368 188 368 188 0 0 68 68 0 503 0
34756 34760 368 188 366 186 0 1 68 64 14203 32 4
34760 34761 366 186 367 186 1 0 64 63 -14203 32 1
34761 35078 367 186 367 186 0 0 63 63 0 317 0
35078 35079 367 186 366 186 0 1 63 62 14293 32 1
35079 35082 366 186 369 186 1 0 62 59 -14293 32 3
35082 36073 369 186 369 186 0 0 59 59 0 991 0
36073 36076 369 186 366 186 0 1 59 56 14556 32 3
36076 36082 366 186 372 186 1 0 56 50 -14556 32 6
36082 37051 372 186 372 186 0 0 50 50 0 969 0
37051 37057 372 186 366 186 0 1 50 44 14804 32 6
37057 37058 366 186 367 186 1 0 44 43 -14804 32 1
37058 37350 367 186 367 186 0 0 43 43 0 292 0
37350 37351 367 186 366 186 0 1 43 42 14879 32 1
37351 37355 366 186 366 186 1 1 42 42 0 4 0
37355 37361 366 186 371 187 1 0 42 36 -14879 32 6
37361 37868 371 187 371 187 0 0 36 36 0 507 0
37868 37874 371 187 366 186 0 1 36 30 15022 32 6
37874 37875 366 186 366 186 1 1 30 30 0 1 0
37875 37877 366 186 368 186 1 0 30 28 -15022 32 2
37877 38134 368 186 368 186 0 0 28 28 0 257 0
38134 38136 368 186 366 186 0 1 28 26 15089 32 2
38136 38138 366 186 368 186 1 0 26 24 -15089 32 2
38138 38616 368 186 368 186 0 0 24 24 0 478 0
38616 38618 368 186 366 186 0 1 24 22 15201 32 2
38618 38621 366 186 367 188 1 0 22 19 -15201 32 3
38621 40880 367 188 367 188 0 0 19 19 0 2259 0
40880 40883 367 188 366 186 0 1 19 16 16071 32 3
40883 40885 366 186 367 187 1 0 16 14 -16071 32 2
40885 41108 367 187 367 187 0 0 14 14 0 223 0
41108 41110 367 187 366 186 0 1 14 12 16196 32 2
41110 41110 366 186 366 186 1 2 12 12 16187 14 0
41110 41112 366 186 368 186 2 1 12 10 -16196 32 2
41112 41115 368 186 366 187 1 0 10 7 -16187 11 3
41115 43217 366 187 366 187 0 0 7 7 0 2102 0
43217 43218 366 187 366 186 0 1 7 6 17432 32 1
43218 43221 366 186 366 189 1 0 6 3 -17432 32 3
43221 43264 366 189 366 189 0 0 3 3 0 43 0
43264 43267 366 189 366 186 0 0 3 0 1000000000 0 3
--------------------------------------
--------------------------------------
EV4
--------------------------------------
Num TPs served = 19
TPs served = 17452 17710 18008 18636 19340 19498 20020 20202 20494 20941 21199 21389 21462 21783 22164 22410 22521 23162 24056
Total energy used = 100
--------------------------------------
Schedule:
0 77 366 186 366 186 0 0 100 100 0 77 0
77 77 366 186 366 186 0 1 100 100 17452 32 0
77 80 366 186 369 186 1 0 100 97 -17452 32 3
80 903 369 186 369 186 0 0 97 97 0 823 0
903 906 369 186 366 186 0 1 97 94 17710 32 3
906 907 366 186 366 186 1 1 94 94 0 1 0
907 911 366 186 370 186 1 0 94 90 -17710 32 4
911 1841 370 186 370 186 0 0 90 90 0 930 0
1841 1845 370 186 366 186 0 1 90 86 18008 32 4
1845 1847 366 186 366 186 1 1 86 86 0 2 0
1847 1852 366 186 371 186 1 0 86 81 -18008 32 5
1852 3813 371 186 371 186 0 0 81 81 0 1961 0
3813 3818 371 186 366 186 0 1 81 76 18636 32 5
3818 3819 366 186 366 187 1 0 76 75 -18636 32 1
3819 6011 366 187 366 187 0 0 75 75 0 2192 0
6011 6012 366 187 366 186 0 1 75 74 19340 32 1
6012 6013 366 186 366 187 1 0 74 73 -19340 32 1
6013 6544 366 187 366 187 0 0 73 73 0 531 0
6544 6545 366 187 366 186 0 1 73 72 19498 32 1
6545 6548 366 186 366 186 1 1 72 72 0 3 0
6548 6551 366 186 368 187 1 0 72 69 -19498 32 3
6551 8084 368 187 368 187 0 0 69 69 0 1533 0
8084 8087 368 187 366 186 0 1 69 66 20020 32 3
8087 8091 366 186 370 186 1 0 66 62 -20020 32 4
8091 8600 370 186 370 186 0 0 62 62 0 509 0
8600 8604 370 186 366 186 0 1 62 58 20202 32 4
8604 8607 366 186 366 186 1 1 58 58 0 3 0
8607 8609 366 186 368 186 1 0 58 56 -20202 32 2
8609 9415 368 186 368 186 0 0 56 56 0 806 0
9415 9417 368 186 366 186 0 1 56 54 20494 32 2
9417 9419 366 186 367 187 1 0 54 52 -20494 32 2
9419 10600 367 187 367 187 0 0 52 52 0 1181 0
10600 10602 367 187 366 186 0 1 52 50 20941 32 2
10602 10610 366 186 367 193 1 0 50 42 -20941 32 8
10610 11290 367 193 367 193 0 0 42 42 0 680 0
11290 11298 367 193 366 186 0 1 42 34 21199 32 8
11298 11299 366 186 366 186 1 1 34 34 0 1 0
11299 11300 366 186 367 186 1 0 34 33 -21199 32 1
11300 11817 367 186 367 186 0 0 33 33 0 517 0
11817 11818 367 186 366 186 0 1 33 32 21389 32 1
11818 11819 366 186 367 186 1 0 32 31 -21389 32 1
11819 12006 367 186 367 186 0 0 31 31 0 187 0
12006 12007 367 186 366 186 0 1 31 30 21462 32 1
12007 12009 366 186 368 186 1 0 30 28 -21462 32 2
12009 12899 368 186 368 186 0 0 28 28 0 890 0
12899 12901 368 186 366 186 0 1 28 26 21783 32 2
12901 12903 366 186 367 187 1 0 26 24 -21783 32 2
12903 13885 367 187 367 187 0 0 24 24 0 982 0
13885 13887 367 187 366 186 0 1 24 22 22164 32 2
13887 13894 366 186 372 187 1 0 22 15 -22164 32 7
13894 14520 372 187 372 187 0 0 15 15 0 626 0
14520 14527 372 187 366 186 0 1 15 8 22410 32 7
14527 14528 366 186 366 187 1 0 8 7 -22410 32 1
14528 14781 366 187 366 187 0 0 7 7 0 253 0
14781 14782 366 187 366 186 0 1 7 6 22521 32 1
14782 14783 366 186 367 186 1 0 6 5 -22521 32 1
14783 16387 367 186 367 186 0 0 5 5 0 1604 0
16387 16388 367 186 366 186 0 1 5 4 23162 32 1
16388 16389 366 186 367 186 1 0 4 3 -23162 32 1
16389 18404 367 186 367 186 0 0 3 3 0 2015 0
18404 18405 367 186 366 186 0 1 3 2 24056 32 1
18405 18406 366 186 366 186 1 1 2 2 0 1 0
18406 18407 366 186 367 186 1 0 2 1 -24056 32 1
18407 43266 367 186 367 186 0 0 1 1 0 24859 0
43266 43267 367 186 366 186 0 0 1 0 1000000000 0 1
--------------------------------------
--------------------------------------
EV5
--------------------------------------
Num TPs served = 23
TPs served = 24729 24833 25027 25399 25418 25479 25708 25827 26012 26373 26619 26701 27749 28256 28284 28452 28473 29139 29261 29266 29677 30512 44061
Total energy used = 100
--------------------------------------
Schedule:
0 19901 366 186 366 186 0 0 100 100 0 19901 0
19901 19901 366 186 366 186 0 1 100 100 24729 32 0
19901 19903 366 186 366 186 1 1 100 100 0 2 0
19903 19909 366 186 371 187 1 0 100 94 -24729 32 6
19909 20107 371 187 371 187 0 0 94 94 0 198 0
20107 20113 371 187 366 186 0 1 94 88 24833 32 6
20113 20114 366 186 366 186 1 1 88 88 0 1 0
20114 20117 366 186 369 186 1 0 88 85 -24833 32 3
20117 20576 369 186 369 186 0 0 85 85 0 459 0
20576 20579 369 186 366 186 0 1 85 82 25027 32 3
20579 20584 366 186 370 187 1 0 82 77 -25027 32 5
20584 21365 370 187 370 187 0 0 77 77 0 781 0
21365 21370 370 187 366 186 0 1 77 72 25399 32 5
21370 21399 366 186 366 186 1 1 72 72 0 29 0
21399 21399 366 186 366 186 1 2 72 72 25418 32 0
21399 21400 366 186 366 187 2 1 72 71 -25418 32 1
21400 21403 366 187 369 187 1 0 71 68 -25399 3 3
21403 21547 369 187 369 187 0 0 68 68 0 144 0
21547 21551 369 187 366 186 0 1 68 64 25479 32 4
21551 21552 366 186 366 187 1 0 64 63 -25479 32 1
21552 22048 366 187 366 187 0 0 63 63 0 496 0
22048 22049 366 187 366 186 0 1 63 62 25708 32 1
22049 22050 366 186 366 186 1 1 62 62 0 1 0
22050 22051 366 186 367 186 1 0 62 61 -25708 32 1
22051 22288 367 186 367 186 0 0 61 61 0 237 0
22288 22289 367 186 366 186 0 1 61 60 44061 32 1
22289 22289 366 186 366 186 1 2 60 60 25827 28 0
22289 22291 366 186 366 188 2 1 60 58 -44061 32 2
22291 22291 366 188 366 188 1 0 58 58 -25827 28 0
22291 22671 366 188 366 188 0 0 58 58 0 380 0
22671 22673 366 188 366 186 0 1 58 56 26012 32 2
22673 22674 366 186 367 186 1 0 56 55 -26012 32 1
22674 23416 367 186 367 186 0 0 55 55 0 742 0
23416 23417 367 186 366 186 0 1 55 54 26373 32 1
23417 23418 366 186 367 186 1 0 54 53 -26373 32 1
23418 23897 367 186 367 186 0 0 53 53 0 479 0
23897 23898 367 186 366 186 0 1 53 52 26619 32 1
23898 23900 366 186 368 186 1 0 52 50 -26619 32 2
23900 24061 368 186 368 186 0 0 50 50 0 161 0
24061 24063 368 186 366 186 0 1 50 48 26701 32 2
24063 24064 366 186 367 186 1 0 48 47 -26701 32 1
24064 26033 367 186 367 186 0 0 47 47 0 1969 0
26033 26034 367 186 366 186 0 1 47 46 27749 32 1
26034 26038 366 186 370 186 1 0 46 42 -27749 32 4
26038 27016 370 186 370 186 0 0 42 42 0 978 0
27016 27020 370 186 366 186 0 1 42 38 28256 32 4
27020 27021 366 186 366 187 1 0 38 37 -28256 32 1
27021 27087 366 187 366 187 0 0 37 37 0 66 0
27087 27088 366 187 366 186 0 1 37 36 28284 32 1
27088 27089 366 186 366 187 1 0 36 35 -28284 32 1
27089 27397 366 187 366 187 0 0 35 35 0 308 0
27397 27398 366 187 366 186 0 1 35 34 28452 32 1
27398 27400 366 186 366 186 1 1 34 34 0 2 0
27400 27406 366 186 369 189 1 0 34 28 -28452 32 6
27406 27428 369 189 369 189 0 0 28 28 0 22 0
27428 27434 369 189 366 186 0 1 28 22 28473 32 6
27434 27436 366 186 368 186 1 0 22 20 -28473 32 2
27436 28758 368 186 368 186 0 0 20 20 0 1322 0
28758 28760 368 186 366 186 0 1 20 18 29139 32 2
28760 28762 366 186 366 188 1 0 18 16 -29139 32 2
28762 29030 366 188 366 188 0 0 16 16 0 268 0
29030 29032 366 188 366 186 0 1 16 14 29266 32 2
29032 29032 366 186 366 186 1 2 14 14 29261 16 0
29032 29033 366 186 366 186 2 2 14 14 0 1 0
29033 29037 366 186 370 186 2 1 14 10 -29266 32 4
29037 29038 370 186 371 186 1 0 10 9 -29261 15 1
29038 29836 371 186 371 186 0 0 9 9 0 798 0
29836 29841 371 186 366 186 0 1 9 4 29677 32 5
29841 29844 366 186 366 186 1 1 4 4 0 3 0
29844 29845 366 186 366 187 1 0 4 3 -29677 32 1
29845 31469 366 187 366 187 0 0 3 3 0 1624 0
31469 31470 366 187 366 186 0 1 3 2 30512 32 1
31470 31471 366 186 366 187 1 0 2 1 -30512 32 1
31471 43266 366 187 366 187 0 0 1 1 0 11795 0
43266 43267 366 187 366 186 0 0 1 0 1000000000 0 1
--------------------------------------
--------------------------------------
EV6
--------------------------------------
Num TPs served = 14
TPs served = 30141 30371 32724 33155 33443 33487 34602 35301 35386 35418 35420 35982 37229 40222
Total energy used = 100
--------------------------------------
Schedule:
0 488 366 186 366 186 0 0 100 100 0 488 0
488 488 366 186 366 186 0 1 100 100 35301 32 0
488 489 366 186 366 186 1 1 100 100 0 1 0
489 491 366 186 368 186 1 0 100 98 -35301 32 2
491 714 368 186 368 186 0 0 98 98 0 223 0
714 716 368 186 366 186 0 1 98 96 35386 32 2
716 717 366 186 366 186 1 1 96 96 0 1 0
717 718 366 186 366 187 1 0 96 95 -35386 32 1
718 807 366 187 366 187 0 0 95 95 0 89 0
807 808 366 187 366 186 0 1 95 94 35420 32 1
808 808 366 186 366 186 1 2 94 94 35418 26 0
808 810 366 186 367 187 2 1 94 92 -35420 32 2
810 811 367 187 367 186 1 0 92 91 -35418 24 1
811 2418 367 186 367 186 0 0 91 91 0 1607 0
2418 2419 367 186 366 186 0 1 91 90 35982 32 1
2419 2421 366 186 366 186 1 1 90 90 0 2 0
2421 2423 366 186 366 188 1 0 90 88 -35982 32 2
2423 6111 366 188 366 188 0 0 88 88 0 3688 0
6111 6113 366 188 366 186 0 1 88 86 37229 32 2
6113 6114 366 186 366 187 1 0 86 85 -37229 32 1
6114 14044 366 187 366 187 0 0 85 85 0 7930 0
14044 14045 366 187 366 186 0 1 85 84 40222 32 1
14045 14046 366 186 366 187 1 0 84 83 -40222 32 1
14046 30745 366 187 366 187 0 0 83 83 0 16699 0
30745 30746 366 187 366 186 0 1 83 82 30141 32 1
30746 30756 366 186 376 186 1 0 82 72 -30141 32 10
30756 31197 376 186 376 186 0 0 72 72 0 441 0
31197 31207 376 186 366 186 0 1 72 62 30371 32 10
31207 31213 366 186 366 186 1 1 62 62 0 6 0
31213 31230 366 186 375 194 1 0 62 45 -30371 32 17
31230 36411 375 194 375 194 0 0 45 45 0 5181 0
36411 36428 375 194 366 186 0 1 45 28 32724 32 17
36428 36429 366 186 366 186 1 1 28 28 0 1 0
36429 36433 366 186 366 190 1 0 28 24 -32724 32 4
36433 37574 366 190 366 190 0 0 24 24 0 1141 0
37574 37578 366 190 366 186 0 1 24 20 33155 32 4
37578 37582 366 186 370 186 1 0 20 16 -33155 32 4
37582 38271 370 186 370 186 0 0 16 16 0 689 0
38271 38275 370 186 366 186 0 1 16 12 33443 32 4
38275 38276 366 186 366 186 1 1 12 12 0 1 0
38276 38277 366 186 366 187 1 0 12 11 -33443 32 1
38277 38369 366 187 366 187 0 0 11 11 0 92 0
38369 38370 366 187 366 186 0 1 11 10 33487 32 1
38370 38372 366 186 368 186 1 0 10 8 -33487 32 2
38372 41533 368 186 368 186 0 0 8 8 0 3161 0
41533 41535 368 186 366 186 0 1 8 6 34602 32 2
41535 41538 366 186 366 186 1 1 6 6 0 3 0
41538 41541 366 186 369 186 1 0 6 3 -34602 32 3
41541 43264 369 186 369 186 0 0 3 3 0 1723 0
43264 43267 369 186 366 186 0 0 3 0 1000000000 0 3
--------------------------------------
--------------------------------------
EV7
--------------------------------------
Num TPs served = 15
TPs served = 36954 37486 37937 38360 38515 39284 39606 39619 39676 40604 40647 40746 40923 41335 41450
Total energy used = 100
--------------------------------------
Schedule:
0 5304 366 186 366 186 0 0 100 100 0 5304 0
5304 5304 366 186 366 186 0 1 100 100 36954 32 0
5304 5305 366 186 366 186 1 1 100 100 0 1 0
5305 5310 366 186 370 187 1 0 100 95 -36954 32 5
5310 6875 370 187 370 187 0 0 95 95 0 1565 0
6875 6880 370 187 366 186 0 1 95 90 37486 32 5
6880 6886 366 186 369 189 1 0 90 84 -37486 32 6
6886 8072 369 189 369 189 0 0 84 84 0 1186 0
8072 8078 369 189 366 186 0 1 84 78 37937 32 6
8078 8080 366 186 366 188 1 0 78 76 -37937 32 2
8080 9250 366 188 366 188 0 0 76 76 0 1170 0
9250 9252 366 188 366 186 0 1 76 74 38360 32 2
9252 9253 366 186 366 186 1 1 74 74 0 1 0
9253 9258 366 186 370 187 1 0 74 69 -38360 32 5
9258 9681 370 187 370 187 0 0 69 69 0 423 0
9681 9686 370 187 366 186 0 1 69 64 38515 32 5
9686 9687 366 186 366 186 1 1 64 64 0 1 0
9687 9689 366 186 366 188 1 0 64 62 -38515 32 2
9689 11506 366 188 366 188 0 0 62 62 0 1817 0
11506 11508 366 188 366 186 0 1 62 60 39284 32 2
11508 11511 366 186 368 187 1 0 60 57 -39284 32 3
11511 12374 368 187 368 187 0 0 57 57 0 863 0
12374 12377 368 187 366 186 0 1 57 54 39606 32 3
12377 12379 366 186 368 186 1 0 54 52 -39606 32 2
12379 12413 368 186 368 186 0 0 52 52 0 34 0
12413 12415 368 186 366 186 0 1 52 50 39619 32 2
12415 12418 366 186 367 188 1 0 50 47 -39619 32 3
12418 12549 367 188 367 188 0 0 47 47 0 131 0
12549 12552 367 188 366 186 0 1 47 44 39676 32 3
12552 12554 366 186 368 186 1 0 44 42 -39676 32 2
12554 14960 368 186 368 186 0 0 42 42 0 2406 0
14960 14962 368 186 366 186 0 1 42 40 40604 32 2
14962 14965 366 186 366 189 1 0 40 37 -40604 32 3
14965 15061 366 189 366 189 0 0 37 37 0 96 0
15061 15064 366 189 366 186 0 1 37 34 40647 32 3
15064 15066 366 186 368 186 1 0 34 32 -40647 32 2
15066 15316 368 186 368 186 0 0 32 32 0 250 0
15316 15318 368 186 366 186 0 1 32 30 40746 32 2
15318 15319 366 186 367 186 1 0 30 29 -40746 32 1
15319 15695 367 186 367 186 0 0 29 29 0 376 0
15695 15696 367 186 366 186 0 1 29 28 40923 32 1
15696 15698 366 186 368 186 1 0 28 26 -40923 32 2
15698 16645 368 186 368 186 0 0 26 26 0 947 0
16645 16647 368 186 366 186 0 1 26 24 41335 32 2
16647 16658 366 186 375 188 1 0 24 13 -41335 32 11
16658 16879 375 188 375 188 0 0 13 13 0 221 0
16879 16890 375 188 366 186 0 1 13 2 41450 32 11
16890 16891 366 186 366 187 1 0 2 1 -41450 32 1
16891 43266 366 187 366 187 0 0 1 1 0 26375 0
43266 43267 366 187 366 186 0 0 1 0 1000000000 0 1
--------------------------------------
--------------------------------------
EV8
--------------------------------------
Num TPs served = 18
TPs served = 41441 42125 42738 42793 42964 43161 44365 44944 45267 45341 45568 46056 46298 46377 47000 47717 47800 47822
Total energy used = 100
--------------------------------------
Schedule:
0 16868 366 186 366 186 0 0 100 100 0 16868 0
16868 16868 366 186 366 186 0 1 100 100 41441 32 0
16868 16871 366 186 367 188 1 0 100 97 -41441 32 3
16871 18387 367 188 367 188 0 0 97 97 0 1516 0
18387 18390 367 188 366 186 0 1 97 94 42125 32 3
18390 18392 366 186 367 187 1 0 94 92 -42125 32 2
18392 19712 367 187 367 187 0 0 92 92 0 1320 0
19712 19714 367 187 366 186 0 1 92 90 42738 32 2
19714 19715 366 186 366 187 1 0 90 89 -42738 32 1
19715 19810 366 187 366 187 0 0 89 89 0 95 0
19810 19811 366 187 366 186 0 1 89 88 42793 32 1
19811 19812 366 186 367 186 1 0 88 87 -42793 32 1
19812 20162 367 186 367 186 0 0 87 87 0 350 0
20162 20163 367 186 366 186 0 1 87 86 42964 32 1
20163 20165 366 186 368 186 1 0 86 84 -42964 32 2
20165 20532 368 186 368 186 0 0 84 84 0 367 0
20532 20534 368 186 366 186 0 1 84 82 43161 32 2
20534 20535 366 186 366 187 1 0 82 81 -43161 32 1
20535 22871 366 187 366 187 0 0 81 81 0 2336 0
22871 22872 366 187 366 186 0 1 81 80 44365 32 1
22872 22874 366 186 366 186 1 1 80 80 0 2 0
22874 22875 366 186 366 187 1 0 80 79 -44365 32 1
22875 23929 366 187 366 187 0 0 79 79 0 1054 0
23929 23930 366 187 366 186 0 1 79 78 44944 32 1
23930 23933 366 186 367 188 1 0 78 75 -44944 32 3
23933 24486 367 188 367 188 0 0 75 75 0 553 0
24486 24489 367 188 366 186 0 1 75 72 45267 32 3
24489 24490 366 186 366 186 1 1 72 72 0 1 0
24490 24493 366 186 368 187 1 0 72 69 -45267 32 3
24493 24616 368 187 368 187 0 0 69 69 0 123 0
24616 24619 368 187 366 186 0 1 69 66 45341 32 3
24619 24627 366 186 366 186 1 1 66 66 0 8 0
24627 24639 366 186 371 193 1 0 66 54 -45341 32 12
24639 24996 371 193 371 193 0 0 54 54 0 357 0
24996 25008 371 193 366 186 0 1 54 42 45568 32 12
25008 25010 366 186 368 186 1 0 42 40 -45568 32 2
25010 25911 368 186 368 186 0 0 40 40 0 901 0
25911 25913 368 186 366 186 0 1 40 38 46056 32 2
25913 25916 366 186 366 189 1 0 38 35 -46056 32 3
25916 26308 366 189 366 189 0 0 35 35 0 392 0
26308 26311 366 189 366 186 0 1 35 32 46298 32 3
26311 26312 366 186 366 186 1 1 32 32 0 1 0
26312 26315 366 186 369 186 1 0 32 29 -46298 32 3
26315 26443 369 186 369 186 0 0 29 29 0 128 0
26443 26446 369 186 366 186 0 1 29 26 46377 32 3
26446 26449 366 186 369 186 1 0 26 23 -46377 32 3
26449 27550 369 186 369 186 0 0 23 23 0 1101 0
27550 27553 369 186 366 186 0 1 23 20 47000 32 3
27553 27555 366 186 366 188 1 0 20 18 -47000 32 2
27555 28730 366 188 366 188 0 0 18 18 0 1175 0
28730 28732 366 188 366 186 0 1 18 16 47717 32 2
28732 28736 366 186 370 186 1 0 16 12 -47717 32 4
28736 28865 370 186 370 186 0 0 12 12 0 129 0
28865 28869 370 186 366 186 0 1 12 8 47800 32 4
28869 28871 366 186 368 186 1 0 8 6 -47800 32 2
28871 28903 368 186 368 186 0 0 6 6 0 32 0
28903 28905 368 186 366 186 0 1 6 4 47822 32 2
28905 28908 366 186 366 186 1 1 4 4 0 3 0
28908 28910 366 186 367 187 1 0 4 2 -47822 32 2
28910 43265 367 187 367 187 0 0 2 2 0 14355 0
43265 43267 367 187 366 186 0 0 2 0 1000000000 0 2
--------------------------------------
--------------------------------------
EV9
--------------------------------------
Num TPs served = 9
TPs served = 47898 48261 48806 49176 49213 49461 49694 49821 49914
Total energy used = 46
--------------------------------------
Schedule:
0 29039 366 186 366 186 0 0 100 100 0 29039 0
29039 29039 366 186 366 186 0 1 100 100 47898 32 0
29039 29041 366 186 366 186 1 1 100 100 0 2 0
29041 29042 366 186 366 187 1 0 100 99 -47898 32 1
29042 29717 366 187 366 187 0 0 99 99 0 675 0
29717 29718 366 187 366 186 0 1 99 98 48261 32 1
29718 29720 366 186 368 186 1 0 98 96 -48261 32 2
29720 30683 368 186 368 186 0 0 96 96 0 963 0
30683 30685 368 186 366 186 0 1 96 94 48806 32 2
30685 30686 366 186 367 186 1 0 94 93 -48806 32 1
30686 31308 367 186 367 186 0 0 93 93 0 622 0
31308 31309 367 186 366 186 0 1 93 92 49176 32 1
31309 31310 366 186 367 186 1 0 92 91 -49176 32 1
31310 31366 367 186 367 186 0 0 91 91 0 56 0
31366 31367 367 186 366 186 0 1 91 90 49213 32 1
31367 31370 366 186 369 186 1 0 90 87 -49213 32 3
31370 31826 369 186 369 186 0 0 87 87 0 456 0
31826 31829 369 186 366 186 0 1 87 84 49461 32 3
31829 31830 366 186 366 186 1 1 84 84 0 1 0
31830 31831 366 186 367 186 1 0 84 83 -49461 32 1
31831 32228 367 186 367 186 0 0 83 83 0 397 0
32228 32229 367 186 366 186 0 1 83 82 49694 32 1
32229 32232 366 186 369 186 1 0 82 79 -49694 32 3
32232 32446 369 186 369 186 0 0 79 79 0 214 0
32446 32449 369 186 366 186 0 1 79 76 49821 32 3
32449 32450 366 186 367 186 1 0 76 75 -49821 32 1
32450 32605 367 186 367 186 0 0 75 75 0 155 0
32605 32606 367 186 366 186 0 1 75 74 49914 32 1
32606 32616 366 186 373 189 1 0 74 64 -49914 32 10
32616 43257 373 189 373 189 0 0 64 64 0 10641 0
43257 43267 373 189 366 186 0 0 64 54 1000000000 0 10
--------------------------------------
--------------------------------------
EV10
--------------------------------------
Num TPs served = 0
TPs served = 
Total energy used = 0
--------------------------------------
Schedule:
0 43265 366 186 366 186 0 0 100 100 0 43265 0
43265 43266 366 186 366 186 0 0 100 100 0 0 0
43266 43267 366 186 366 186 0 0 100 100 0 0 0
--------------------------------------

-------------------------------------------------------------------------

TPs

-------------------------------------------------------------------------

----------------------
TP699 allocated to 1
----------------------

----------------------
TP1129 allocated to 1
----------------------

----------------------
TP1579 allocated to 1
----------------------

----------------------
TP1586 allocated to 1
----------------------

----------------------
TP1918 allocated to 1
----------------------

----------------------
TP2133 allocated to 1
----------------------

----------------------
TP2946 allocated to 1
----------------------

----------------------
TP3373 allocated to 1
----------------------

----------------------
TP3439 allocated to 1
----------------------

----------------------
TP3715 allocated to 1
----------------------

----------------------
TP3733 allocated to 1
----------------------

----------------------
TP3917 allocated to 1
----------------------

----------------------
TP3924 allocated to 1
----------------------

----------------------
TP4447 allocated to 1
----------------------

----------------------
TP4457 allocated to 1
----------------------

----------------------
TP4486 allocated to 1
----------------------

----------------------
TP4533 allocated to 1
----------------------

----------------------
TP4875 allocated to 1
----------------------

----------------------
TP5165 allocated to 1
----------------------

----------------------
TP5311 allocated to 1
----------------------

----------------------
TP5523 allocated to 1
----------------------

----------------------
TP5888 allocated to 1
----------------------

----------------------
TP5926 allocated to 2
----------------------

----------------------
TP5981 allocated to 1
----------------------

----------------------
TP6075 allocated to 1
----------------------

----------------------
TP6089 allocated to 2
----------------------

----------------------
TP6983 allocated to 2
----------------------

----------------------
TP7655 allocated to 2
----------------------

----------------------
TP8062 allocated to 2
----------------------

----------------------
TP8197 allocated to 2
----------------------

----------------------
TP8305 allocated to 2
----------------------

----------------------
TP8586 allocated to 2
----------------------

----------------------
TP8871 allocated to 2
----------------------

----------------------
TP9093 allocated to 2
----------------------

----------------------
TP9454 allocated to 2
----------------------

----------------------
TP9619 allocated to 2
----------------------

----------------------
TP9760 allocated to 2
----------------------

----------------------
TP10035 allocated to 1
----------------------

----------------------
TP10088 allocated to 2
----------------------

----------------------
TP12016 allocated to 2
----------------------

----------------------
TP12351 allocated to 1
----------------------

----------------------
TP12428 allocated to 3
----------------------

----------------------
TP12854 allocated to 1
----------------------

----------------------
TP12987 allocated to 1
----------------------

----------------------
TP13010 allocated to 2
----------------------

----------------------
TP13373 allocated to 2
----------------------

----------------------
TP13753 allocated to 3
----------------------

----------------------
TP14005 allocated to 3
----------------------

----------------------
TP14069 allocated to 3
----------------------

----------------------
TP14203 allocated to 3
----------------------

----------------------
TP14293 allocated to 3
----------------------

----------------------
TP14556 allocated to 3
----------------------

----------------------
TP14804 allocated to 3
----------------------

----------------------
TP14879 allocated to 3
----------------------

----------------------
TP15022 allocated to 3
----------------------

----------------------
TP15089 allocated to 3
----------------------

----------------------
TP15201 allocated to 3
----------------------

----------------------
TP16071 allocated to 3
----------------------

----------------------
TP16187 allocated to 3
----------------------

----------------------
TP16196 allocated to 3
----------------------

----------------------
TP16245 allocated to 1
----------------------

----------------------
TP16728 allocated to 1
----------------------

----------------------
TP17432 allocated to 3
----------------------

----------------------
TP17452 allocated to 4
----------------------

----------------------
TP17710 allocated to 4
----------------------

----------------------
TP18008 allocated to 4
----------------------

----------------------
TP18247 allocated to 3
----------------------

----------------------
TP18636 allocated to 4
----------------------

----------------------
TP19340 allocated to 4
----------------------

----------------------
TP19498 allocated to 4
----------------------

----------------------
TP20020 allocated to 4
----------------------

----------------------
TP20202 allocated to 4
----------------------

----------------------
TP20494 allocated to 4
----------------------

----------------------
TP20941 allocated to 4
----------------------

----------------------
TP21199 allocated to 4
----------------------

----------------------
TP21389 allocated to 4
----------------------

----------------------
TP21462 allocated to 4
----------------------

----------------------
TP21783 allocated to 4
----------------------

----------------------
TP22164 allocated to 4
----------------------

----------------------
TP22391 allocated to 2
----------------------

----------------------
TP22410 allocated to 4
----------------------

----------------------
TP22521 allocated to 4
----------------------

----------------------
TP22726 allocated to 1
----------------------

----------------------
TP23162 allocated to 4
----------------------

----------------------
TP24056 allocated to 4
----------------------

----------------------
TP24729 allocated to 5
----------------------

----------------------
TP24833 allocated to 5
----------------------

----------------------
TP25027 allocated to 5
----------------------

----------------------
TP25107 allocated to 1
----------------------

----------------------
TP25399 allocated to 5
----------------------

----------------------
TP25418 allocated to 5
----------------------

----------------------
TP25464 allocated to 1
----------------------

----------------------
TP25479 allocated to 5
----------------------

----------------------
TP25708 allocated to 5
----------------------

----------------------
TP25827 allocated to 5
----------------------

----------------------
TP26012 allocated to 5
----------------------

----------------------
TP26373 allocated to 5
----------------------

----------------------
TP26420 allocated to 1
----------------------

----------------------
TP26619 allocated to 5
----------------------

----------------------
TP26701 allocated to 5
----------------------

----------------------
TP27749 allocated to 5
----------------------

----------------------
TP28256 allocated to 5
----------------------

----------------------
TP28284 allocated to 5
----------------------

----------------------
TP28359 allocated to 1
----------------------

----------------------
TP28452 allocated to 5
----------------------

----------------------
TP28473 allocated to 5
----------------------

----------------------
TP29139 allocated to 5
----------------------

----------------------
TP29261 allocated to 5
----------------------

----------------------
TP29266 allocated to 5
----------------------

----------------------
TP29677 allocated to 5
----------------------

----------------------
TP29932 allocated to 1
----------------------

----------------------
TP30141 allocated to 6
----------------------

----------------------
TP30371 allocated to 6
----------------------

----------------------
TP30512 allocated to 5
----------------------

----------------------
TP32724 allocated to 6
----------------------

----------------------
TP33155 allocated to 6
----------------------

----------------------
TP33315 allocated to 1
----------------------

----------------------
TP33443 allocated to 6
----------------------

----------------------
TP33487 allocated to 6
----------------------

----------------------
TP34602 allocated to 6
----------------------

----------------------
TP35301 allocated to 6
----------------------

----------------------
TP35386 allocated to 6
----------------------

----------------------
TP35418 allocated to 6
----------------------

----------------------
TP35420 allocated to 6
----------------------

----------------------
TP35982 allocated to 6
----------------------

----------------------
TP36954 allocated to 7
----------------------

----------------------
TP37229 allocated to 6
----------------------

----------------------
TP37486 allocated to 7
----------------------

----------------------
TP37937 allocated to 7
----------------------

----------------------
TP38081 allocated to 1
----------------------

----------------------
TP38360 allocated to 7
----------------------

----------------------
TP38394 allocated to 1
----------------------

----------------------
TP38515 allocated to 7
----------------------

----------------------
TP39284 allocated to 7
----------------------

----------------------
TP39606 allocated to 7
----------------------

----------------------
TP39619 allocated to 7
----------------------

----------------------
TP39676 allocated to 7
----------------------

----------------------
TP40222 allocated to 6
----------------------

----------------------
TP40604 allocated to 7
----------------------

----------------------
TP40647 allocated to 7
----------------------

----------------------
TP40746 allocated to 7
----------------------

----------------------
TP40923 allocated to 7
----------------------

----------------------
TP41073 allocated to 1
----------------------

----------------------
TP41335 allocated to 7
----------------------

----------------------
TP41441 allocated to 8
----------------------

----------------------
TP41450 allocated to 7
----------------------

----------------------
TP41661 allocated to 1
----------------------

----------------------
TP42125 allocated to 8
----------------------

----------------------
TP42391 allocated to 1
----------------------

----------------------
TP42738 allocated to 8
----------------------

----------------------
TP42793 allocated to 8
----------------------

----------------------
TP42964 allocated to 8
----------------------

----------------------
TP43161 allocated to 8
----------------------

----------------------
TP43440 allocated to 1
----------------------

----------------------
TP43705 allocated to 1
----------------------

----------------------
TP44061 allocated to 5
----------------------

----------------------
TP44365 allocated to 8
----------------------

----------------------
TP44893 allocated to 1
----------------------

----------------------
TP44944 allocated to 8
----------------------

----------------------
TP45267 allocated to 8
----------------------

----------------------
TP45341 allocated to 8
----------------------

----------------------
TP45568 allocated to 8
----------------------

----------------------
TP46056 allocated to 8
----------------------

----------------------
TP46298 allocated to 8
----------------------

----------------------
TP46377 allocated to 8
----------------------

----------------------
TP47000 allocated to 8
----------------------

----------------------
TP47717 allocated to 8
----------------------

----------------------
TP47800 allocated to 8
----------------------

----------------------
TP47822 allocated to 8
----------------------

----------------------
TP47898 allocated to 9
----------------------

----------------------
TP48261 allocated to 9
----------------------

----------------------
TP48806 allocated to 9
----------------------

----------------------
TP49176 allocated to 9
----------------------

----------------------
TP49213 allocated to 9
----------------------

----------------------
TP49461 allocated to 9
----------------------

----------------------
TP49694 allocated to 9
----------------------

----------------------
TP49821 allocated to 9
----------------------

----------------------
TP49914 allocated to 9
----------------------

-------------------------------------------------------------------------

Ride-sharing vs Individual Mode - Num Vehicles and Distance Comparisson 

-------------------------------------------------------------------------
Individual Mode = 178 vehicles.
Ride-sharing Mode = 10 vehicles. The 10 ride-sharing vehicles + 0 vehicles of the individuals not served by the ride-sharing service.
-------------------------------------------------------------------------
Individual Mode = 436 distance.
Ride-sharing Mode = 846 distance. 846 from the EV fleet + 0 from the distance of the trips not covered individuals had to do with their own vehicle.
-------------------------------------------------------------------------
