-------------------------------------------------------------------------
TPs satisfied = 184; Total TPs = 185; Percentage Satisfied + 99.5%
-------------------------------------------------------------------------

-------------------------------------------------------------------------

EVs

-------------------------------------------------------------------------
--------------------------------------
EV1
--------------------------------------
Num TPs served = 52
TPs served = 197 242 296 534 724 1175 1968 2086 2134 2221 2573 2648 3370 3465 3547 3898 4101 4190 4201 4252 5111 5383 5682 6526 7274 8076 9322 9728 9830 11979 15018 17341 17881 18517 18672 19238 24377 24596 28248 30396 31890 31891 32090 33387 35015 35854 37822 37983 41769 41958 43507 47419
Total energy used = 100
--------------------------------------
Schedule:
0 383 305 0 305 0 0 0 100 100 0 383 0
383 383 305 0 305 0 0 1 100 100 197 32 0
383 384 305 0 306 0 1 0 100 99 -197 32 1
384 468 306 0 306 0 0 0 99 99 0 84 0
468 469 306 0 305 0 0 1 99 98 242 32 1
469 470 305 0 305 1 1 0 98 97 -242 32 1
470 574 305 1 305 1 0 0 97 97 0 104 0
574 575 305 1 305 0 0 1 97 96 296 32 1
575 576 305 0 305 0 1 1 96 96 0 1 0
576 577 305 0 305 1 1 0 96 95 -296 32 1
577 960 305 1 305 1 0 0 95 95 0 383 0
960 961 305 1 305 0 0 1 95 94 534 32 1
961 962 305 0 306 0 1 0 94 93 -534 32 1
962 1291 306 0 306 0 0 0 93 93 0 329 0
1291 1292 306 0 305 0 0 1 93 92 724 32 1
1292 1295 305 0 305 0 1 1 92 92 0 3 0
1295 1298 305 0 307 1 1 0 92 89 -724 32 3
1298 1476 307 1 307 1 0 0 89 89 0 178 0
1476 1479 307 1 305 0 0 1 89 86 17881 32 3
1479 1482 305 0 305 0 1 1 86 86 0 3 0
1482 1482 305 0 305 0 1 0 86 86 -17881 32 0
1482 2045 305 0 305 0 0 0 86 86 0 563 0
2045 2045 305 0 305 0 0 1 86 86 35854 32 0
2045 2054 305 0 305 0 1 1 86 86 0 9 0
2054 2054 305 0 305 0 1 2 86 86 1175 32 0
2054 2056 305 0 306 1 2 1 86 84 -35854 24 2
2056 2060 306 1 306 1 1 1 84 84 0 4 0
2060 2064 306 1 308 3 1 0 84 80 -1175 32 4
2064 3453 308 3 308 3 0 0 80 80 0 1389 0
3453 3459 308 3 305 0 0 1 80 74 18517 32 6
3459 3460 305 0 305 0 1 1 74 74 0 1 0
3460 3460 305 0 305 0 1 0 74 74 -18517 32 0
3460 3460 305 0 305 0 0 1 74 74 1968 32 0
3460 3463 305 0 307 1 1 0 74 71 -1968 32 3
3463 3658 307 1 307 1 0 0 71 71 0 195 0
3658 3661 307 1 305 0 0 1 71 68 2086 32 3
3661 3665 305 0 308 1 1 0 68 64 -2086 32 4
3665 3758 308 1 308 1 0 0 64 64 0 93 0
3758 3762 308 1 305 0 0 1 64 60 2134 32 4
3762 3763 305 0 305 0 1 1 60 60 0 1 0
3763 3763 305 0 305 0 1 0 60 60 -2134 32 0
3763 3933 305 0 305 0 0 0 60 60 0 170 0
3933 3933 305 0 305 0 0 1 60 60 18672 32 0
3933 3933 305 0 305 0 1 2 60 60 2221 30 0
3933 3934 305 0 305 0 2 2 60 60 0 1 0
3934 3934 305 0 305 0 2 1 60 60 -18672 32 0
3934 3936 305 0 307 0 1 0 60 58 -2221 29 2
3936 4565 307 0 307 0 0 0 58 58 0 629 0
4565 4567 307 0 305 0 0 1 58 56 2573 32 2
4567 4571 305 0 307 2 1 0 56 52 -2573 32 4
4571 4724 307 2 307 2 0 0 52 52 0 153 0
4724 4728 307 2 305 0 0 1 52 48 2648 32 4
4728 4729 305 0 305 0 1 1 48 48 0 1 0
4729 4730 305 0 306 0 1 0 48 47 -2648 32 1
4730 5710 306 0 306 0 0 0 47 47 0 980 0
5710 5711 306 0 305 0 0 1 47 46 19238 32 1
5711 5712 305 0 305 0 1 1 46 46 0 1 0
5712 5712 305 0 305 0 1 0 46 46 -19238 32 0
5712 5995 305 0 305 0 0 0 46 46 0 283 0
5995 5995 305 0 305 0 0 1 46 46 3370 32 0
5995 5996 305 0 305 0 1 1 46 46 0 1 0
5996 5996 305 0 305 0 1 0 46 46 -3370 32 0
5996 6178 305 0 305 0 0 0 46 46 0 182 0
6178 6178 305 0 305 0 0 1 46 46 3465 32 0
6178 6179 305 0 305 0 1 1 46 46 0 1 0
6179 6182 305 0 308 0 1 0 46 43 -3465 32 3
6182 6337 308 0 308 0 0 0 43 43 0 155 0
6337 6340 308 0 305 0 0 1 43 40 3547 32 3
6340 6342 305 0 307 0 1 0 40 38 -3547 32 2
6342 6979 307 0 307 0 0 0 38 38 0 637 0
6979 6981 307 0 305 0 0 1 38 36 3898 32 2
6981 6983 305 0 305 0 1 1 36 36 0 2 0
6983 6983 305 0 305 0 1 0 36 36 -3898 32 0
6983 7381 305 0 305 0 0 0 36 36 0 398 0
7381 7381 305 0 305 0 0 1 36 36 4101 32 0
7381 7385 305 0 305 0 1 1 36 36 0 4 0
7385 7386 305 0 305 1 1 0 36 35 -4101 32 1
7386 7559 305 1 305 1 0 0 35 35 0 173 0
7559 7560 305 1 305 0 0 1 35 34 4201 32 1
7560 7560 305 0 305 0 1 2 34 34 4190 14 0
7560 7561 305 0 306 0 2 1 34 33 -4201 32 1
7561 7562 306 0 306 1 1 0 33 32 -4190 14 1
7562 7635 306 1 306 1 0 0 32 32 0 73 0
7635 7637 306 1 305 0 0 1 32 30 4252 32 2
7637 7638 305 0 305 0 1 1 30 30 0 1 0
7638 7639 305 0 305 1 1 0 30 29 -4252 32 1
7639 7786 305 1 305 1 0 0 29 29 0 147 0
7786 7787 305 1 305 0 0 1 29 28 37822 32 1
7787 7788 305 0 305 0 1 1 28 28 0 1 0
7788 7788 305 0 305 0 1 0 28 28 -37822 32 0
7788 8210 305 0 305 0 0 0 28 28 0 422 0
8210 8210 305 0 305 0 0 1 28 28 37983 32 0
8210 8211 305 0 305 0 1 1 28 28 0 1 0
8211 8211 305 0 305 0 1 0 28 28 -37983 32 0
8211 9279 305 0 305 0 0 0 28 28 0 1068 0
9279 9279 305 0 305 0 0 1 28 28 5111 32 0
9279 9282 305 0 305 0 1 1 28 28 0 3 0
9282 9282 305 0 305 0 1 0 28 28 -5111 32 0
9282 9796 305 0 305 0 0 0 28 28 0 514 0
9796 9796 305 0 305 0 0 1 28 28 5383 32 0
9796 9805 305 0 314 0 1 0 28 19 -5383 32 9
9805 10375 314 0 314 0 0 0 19 19 0 570 0
10375 10384 314 0 305 0 0 1 19 10 5682 32 9
10384 10385 305 0 306 0 1 0 10 9 -5682 32 1
10385 11994 306 0 306 0 0 0 9 9 0 1609 0
11994 11995 306 0 305 0 0 1 9 8 6526 32 1
11995 11996 305 0 305 0 1 1 8 8 0 1 0
11996 11996 305 0 305 0 1 0 8 8 -6526 32 0
11996 13623 305 0 305 0 0 0 8 8 0 1627 0
13623 13623 305 0 305 0 0 1 8 8 7274 32 0
13623 13624 305 0 306 0 1 0 8 7 -7274 32 1
13624 15381 306 0 306 0 0 0 7 7 0 1757 0
15381 15382 306 0 305 0 0 1 7 6 8076 32 1
15382 15383 305 0 305 0 1 1 6 6 0 1 0
15383 15383 305 0 305 0 1 0 6 6 -8076 32 0
15383 17616 305 0 305 0 0 0 6 6 0 2233 0
17616 17616 305 0 305 0 0 1 6 6 41769 32 0
17616 17618 305 0 305 0 1 1 6 6 0 2 0
17618 17618 305 0 305 0 1 0 6 6 -41769 32 0
17618 18011 305 0 305 0 0 0 6 6 0 393 0
18011 18011 305 0 305 0 0 1 6 6 41958 32 0
18011 18015 305 0 305 0 1 1 6 6 0 4 0
18015 18015 305 0 305 0 1 0 6 6 -41958 32 0
18015 18555 305 0 305 0 0 0 6 6 0 540 0
18555 18555 305 0 305 0 0 1 6 6 9322 32 0
18555 18557 305 0 307 0 1 0 6 4 -9322 32 2
18557 19102 307 0 307 0 0 0 4 4 0 545 0
19102 19104 307 0 305 0 0 1 4 2 24377 32 2
19104 19105 305 0 305 0 1 1 2 2 0 1 0
19105 19105 305 0 305 0 1 0 2 2 -24377 32 0
19105 19608 305 0 305 0 0 0 2 2 0 503 0
19608 19608 305 0 305 0 0 1 2 2 24596 32 0
19608 19611 305 0 305 0 1 1 2 2 0 3 0
19611 19611 305 0 305 0 1 0 2 2 -24596 32 0
19611 19635 305 0 305 0 0 0 2 2 0 24 0
19635 19635 305 0 305 0 0 1 2 2 9728 32 0
19635 19636 305 0 305 0 1 1 2 2 0 1 0
19636 19636 305 0 305 0 1 0 2 2 -9728 32 0
19636 19977 305 0 305 0 0 0 2 2 0 341 0
19977 19977 305 0 305 0 0 1 2 2 9830 32 0
19977 19978 305 0 305 0 1 1 2 2 0 1 0
19978 19979 305 0 306 0 1 0 2 1 -9830 32 1
19979 21222 306 0 306 0 0 0 1 1 0 1243 0
21222 21223 306 0 305 0 0 1 1 0 43507 32 1
21223 21224 305 0 305 0 1 1 0 0 0 1 0
21224 21224 305 0 305 0 1 0 0 0 -43507 32 0
21224 26648 305 0 305 0 0 0 0 0 0 5424 0
26648 26648 305 0 305 0 0 1 0 0 11979 32 0
26648 26649 305 0 305 0 1 1 0 0 0 1 0
26649 26649 305 0 305 0 1 0 0 0 -11979 32 0
26649 27000 305 0 305 0 0 0 0 0 0 351 0
27000 27000 305 0 305 0 0 1 0 0 28248 32 0
27000 27001 305 0 305 0 1 1 0 0 0 1 0
27001 27001 305 0 305 0 1 0 0 0 -28248 32 0
27001 28230 305 0 305 0 0 0 0 0 0 1229 0
28230 28230 305 0 305 0 0 1 0 0 47419 32 0
28230 28231 305 0 305 0 1 1 0 0 0 1 0
28231 28231 305 0 305 0 1 0 0 0 -47419 32 0
28231 31264 305 0 305 0 0 0 0 0 0 3033 0
31264 31264 305 0 305 0 0 1 0 0 30396 32 0
31264 31266 305 0 305 0 1 1 0 0 0 2 0
31266 31266 305 0 305 0 1 0 0 0 -30396 32 0
31266 34469 305 0 305 0 0 0 0 0 0 3203 0
34469 34469 305 0 305 0 0 1 0 0 31891 32 0
34469 34469 305 0 305 0 1 2 0 0 31890 29 0
34469 34469 305 0 305 0 2 1 0 0 -31890 30 0
34469 34471 305 0 305 0 1 1 0 0 0 2 0
34471 34471 305 0 305 0 1 0 0 0 -31891 32 0
34471 34912 305 0 305 0 0 0 0 0 0 441 0
34912 34912 305 0 305 0 0 1 0 0 32090 32 0
34912 34913 305 0 305 0 1 1 0 0 0 1 0
34913 34913 305 0 305 0 1 0 0 0 -32090 32 0
34913 37862 305 0 305 0 0 0 0 0 0 2949 0
37862 37862 305 0 305 0 0 1 0 0 15018 32 0
37862 37863 305 0 305 0 1 1 0 0 0 1 0
37863 37863 305 0 305 0 1 0 0 0 -15018 32 0
37863 38135 305 0 305 0 0 0 0 0 0 272 0
38135 38135 305 0 305 0 0 1 0 0 33387 32 0
38135 38136 305 0 305 0 1 1 0 0 0 1 0
38136 38136 305 0 305 0 1 0 0 0 -33387 32 0
38136 42798 305 0 305 0 0 0 0 0 0 4662 0
42798 42798 305 0 305 0 0 1 0 0 35015 32 0
42798 42799 305 0 305 0 1 1 0 0 0 1 0
42799 42799 305 0 305 0 1 0 0 0 -35015 32 0
42799 43075 305 0 305 0 0 0 0 0 0 276 0
43075 43075 305 0 305 0 0 1 0 0 17341 32 0
43075 43078 305 0 305 0 1 1 0 0 0 3 0
43078 43078 305 0 305 0 1 0 0 0 -17341 32 0
43078 43267 305 0 305 0 0 0 0 0 0 189 0
43267 43267 305 0 305 0 0 0 0 0 1000000000 0 0
--------------------------------------
--------------------------------------
EV2
--------------------------------------
Num TPs served = 11
TPs served = 5417 5993 6703 8790 9413 9722 9918 9968 10368 10477 11014
Total energy used = 100
--------------------------------------
Schedule:
0 9845 305 0 305 0 0 0 100 100 0 9845 0
9845 9845 305 0 305 0 0 1 100 100 5417 32 0
9845 9847 305 0 305 0 1 1 100 100 0 2 0
9847 9854 305 0 310 2 1 0 100 93 -5417 32 7
9854 10966 310 2 310 2 0 0 93 93 0 1112 0
10966 10973 310 2 305 0 0 1 93 86 5993 32 7
10973 10979 305 0 311 0 1 0 86 80 -5993 32 6
10979 12363 311 0 311 0 0 0 80 80 0 1384 0
12363 12369 311 0 305 0 0 1 80 74 6703 32 6
12369 12371 305 0 305 0 1 1 74 74 0 2 0
12371 12378 305 0 306 6 1 0 74 67 -6703 32 7
12378 17110 306 6 306 6 0 0 67 67 0 4732 0
17110 17117 306 6 305 0 0 1 67 60 8790 32 7
17117 17124 305 0 309 3 1 0 60 53 -8790 32 7
17124 18796 309 3 309 3 0 0 53 53 0 1672 0
18796 18803 309 3 305 0 0 1 53 46 9413 32 7
18803 18804 305 0 305 0 1 1 46 46 0 1 0
18804 18806 305 0 307 0 1 0 46 44 -9413 32 2
18806 19623 307 0 307 0 0 0 44 44 0 817 0
19623 19625 307 0 305 0 0 1 44 42 9722 32 2
19625 19626 305 0 305 0 1 1 42 42 0 1 0
19626 19631 305 0 310 0 1 0 42 37 -9722 32 5
19631 20163 310 0 310 0 0 0 37 37 0 532 0
20163 20168 310 0 305 0 0 1 37 32 9918 32 5
20168 20171 305 0 305 0 1 1 32 32 0 3 0
20171 20172 305 0 305 1 1 0 32 31 -9918 32 1
20172 20313 305 1 305 1 0 0 31 31 0 141 0
20313 20314 305 1 305 0 0 1 31 30 9968 32 1
20314 20316 305 0 306 1 1 0 30 28 -9968 32 2
20316 21473 306 1 306 1 0 0 28 28 0 1157 0
21473 21475 306 1 305 0 0 1 28 26 10368 32 2
21475 21478 305 0 307 1 1 0 26 23 -10368 32 3
21478 21774 307 1 307 1 0 0 23 23 0 296 0
21774 21777 307 1 305 0 0 1 23 20 10477 32 3
21777 21784 305 0 310 2 1 0 20 13 -10477 32 7
21784 23411 310 2 310 2 0 0 13 13 0 1627 0
23411 23418 310 2 305 0 0 1 13 6 11014 32 7
23418 23421 305 0 306 2 1 0 6 3 -11014 32 3
23421 43264 306 2 306 2 0 0 3 3 0 19843 0
43264 43267 306 2 305 0 0 0 3 0 1000000000 0 3
--------------------------------------
--------------------------------------
EV3
--------------------------------------
Num TPs served = 17
TPs served = 10586 10627 11046 11778 12278 12304 12542 12863 13262 13745 14290 14424 14493 14515 17454 30357 30358
Total energy used = 100
--------------------------------------
Schedule:
0 89 305 0 305 0 0 0 100 100 0 89 0
89 89 305 0 305 0 0 1 100 100 17454 32 0
89 92 305 0 305 0 1 1 100 100 0 3 0
92 93 305 0 305 1 1 0 100 99 -17454 32 1
93 22058 305 1 305 1 0 0 99 99 0 21965 0
22058 22059 305 1 305 0 0 1 99 98 10586 32 1
22059 22061 305 0 305 0 1 1 98 98 0 2 0
22061 22067 305 0 309 2 1 0 98 92 -10586 32 6
22067 22178 309 2 309 2 0 0 92 92 0 111 0
22178 22184 309 2 305 0 0 1 92 86 10627 32 6
22184 22191 305 0 312 0 1 0 86 79 -10627 32 7
22191 23487 312 0 312 0 0 0 79 79 0 1296 0
23487 23494 312 0 305 0 0 1 79 72 11046 32 7
23494 23495 305 0 305 0 1 1 72 72 0 1 0
23495 23497 305 0 307 0 1 0 72 70 -11046 32 2
23497 25947 307 0 307 0 0 0 70 70 0 2450 0
25947 25949 307 0 305 0 0 1 70 68 11778 32 2
25949 25951 305 0 305 0 1 1 68 68 0 2 0
25951 25952 305 0 306 0 1 0 68 67 -11778 32 1
25952 27693 306 0 306 0 0 0 67 67 0 1741 0
27693 27694 306 0 305 0 0 1 67 66 12278 32 1
27694 27695 305 0 305 0 1 1 66 66 0 1 0
27695 27696 305 0 305 1 1 0 66 65 -12278 32 1
27696 27772 305 1 305 1 0 0 65 65 0 76 0
27772 27773 305 1 305 0 0 1 65 64 12304 32 1
27773 27774 305 0 306 0 1 0 64 63 -12304 32 1
27774 28597 306 0 306 0 0 0 63 63 0 823 0
28597 28598 306 0 305 0 0 1 63 62 12542 32 1
28598 28599 305 0 305 0 1 1 62 62 0 1 0
28599 28605 305 0 311 0 1 0 62 56 -12542 32 6
28605 29795 311 0 311 0 0 0 56 56 0 1190 0
29795 29801 311 0 305 0 0 1 56 50 12863 32 6
29801 29814 305 0 305 0 1 1 50 50 0 13 0
29814 29820 305 0 307 4 1 0 50 44 -12863 32 6
29820 31175 307 4 307 4 0 0 44 44 0 1355 0
31175 31181 307 4 305 0 0 1 44 38 30358 32 6
31181 31181 305 0 305 0 1 2 38 38 30357 29 0
31181 31188 305 0 305 0 2 2 38 38 0 7 0
31188 31188 305 0 305 0 2 3 38 38 13262 32 0
31188 31189 305 0 305 1 3 2 38 37 -30358 26 1
31189 31190 305 1 306 1 2 1 37 36 -30357 28 1
31190 31194 306 1 307 4 1 0 36 32 -13262 32 4
31194 33011 307 4 307 4 0 0 32 32 0 1817 0
33011 33017 307 4 305 0 0 1 32 26 13745 32 6
33017 33018 305 0 305 1 1 0 26 25 -13745 32 1
33018 35070 305 1 305 1 0 0 25 25 0 2052 0
35070 35071 305 1 305 0 0 1 25 24 14290 32 1
35071 35073 305 0 307 0 1 0 24 22 -14290 32 2
35073 35586 307 0 307 0 0 0 22 22 0 513 0
35586 35588 307 0 305 0 0 1 22 20 14424 32 2
35588 35590 305 0 305 0 1 1 20 20 0 2 0
35590 35595 305 0 308 2 1 0 20 15 -14424 32 5
35595 35811 308 2 308 2 0 0 15 15 0 216 0
35811 35816 308 2 305 0 0 1 15 10 14493 32 5
35816 35819 305 0 307 1 1 0 10 7 -14493 32 3
35819 35910 307 1 307 1 0 0 7 7 0 91 0
35910 35913 307 1 305 0 0 1 7 4 14515 32 3
35913 35915 305 0 307 0 1 0 4 2 -14515 32 2
35915 43265 307 0 307 0 0 0 2 2 0 7350 0
43265 43267 307 0 305 0 0 0 2 0 1000000000 0 2
--------------------------------------
--------------------------------------
EV4
--------------------------------------
Num TPs served = 22
TPs served = 14619 14937 15763 16971 17750 17870 17999 18713 19263 19426 19823 20435 20444 20692 20712 21070 21129 21228 21333 21618 22019 22478
Total energy used = 100
--------------------------------------
Schedule:
0 1017 305 0 305 0 0 0 100 100 0 1017 0
1017 1017 305 0 305 0 0 1 100 100 17750 32 0
1017 1018 305 0 305 0 1 1 100 100 0 1 0
1018 1019 305 0 306 0 1 0 100 99 -17750 32 1
1019 1450 306 0 306 0 0 0 99 99 0 431 0
1450 1451 306 0 305 0 0 1 99 98 17870 32 1
1451 1453 305 0 305 2 1 0 98 96 -17870 32 2
1453 1817 305 2 305 2 0 0 96 96 0 364 0
1817 1819 305 2 305 0 0 1 96 94 17999 32 2
1819 1820 305 0 306 0 1 0 94 93 -17999 32 1
1820 4074 306 0 306 0 0 0 93 93 0 2254 0
4074 4075 306 0 305 0 0 1 93 92 18713 32 1
4075 4076 305 0 306 0 1 0 92 91 -18713 32 1
4076 5778 306 0 306 0 0 0 91 91 0 1702 0
5778 5779 306 0 305 0 0 1 91 90 19263 32 1
5779 5783 305 0 305 0 1 1 90 90 0 4 0
5783 5793 305 0 305 10 1 0 90 80 -19263 32 10
5793 6280 305 10 305 10 0 0 80 80 0 487 0
6280 6290 305 10 305 0 0 1 80 70 19426 32 10
6290 6292 305 0 307 0 1 0 70 68 -19426 32 2
6292 7475 307 0 307 0 0 0 68 68 0 1183 0
7475 7477 307 0 305 0 0 1 68 66 19823 32 2
7477 7479 305 0 307 0 1 0 66 64 -19823 32 2
7479 9283 307 0 307 0 0 0 64 64 0 1804 0
9283 9285 307 0 305 0 0 1 64 62 20444 32 2
9285 9285 305 0 305 0 1 2 62 62 20435 5 0
9285 9287 305 0 305 2 2 1 62 60 -20444 32 2
9287 9289 305 2 305 4 1 0 60 58 -20435 19 2
9289 9937 305 4 305 4 0 0 58 58 0 648 0
9937 9941 305 4 305 0 0 1 58 54 20692 32 4
9941 9943 305 0 305 2 1 0 54 52 -20692 32 2
9943 9992 305 2 305 2 0 0 52 52 0 49 0
9992 9994 305 2 305 0 0 1 52 50 20712 32 2
9994 9995 305 0 305 1 1 0 50 49 -20712 32 1
9995 10930 305 1 305 1 0 0 49 49 0 935 0
10930 10931 305 1 305 0 0 1 49 48 21070 32 1
10931 10932 305 0 305 1 1 0 48 47 -21070 32 1
10932 11081 305 1 305 1 0 0 47 47 0 149 0
11081 11082 305 1 305 0 0 1 47 46 21129 32 1
11082 11085 305 0 308 0 1 0 46 43 -21129 32 3
11085 11363 308 0 308 0 0 0 43 43 0 278 0
11363 11366 308 0 305 0 0 1 43 40 21228 32 3
11366 11369 305 0 307 1 1 0 40 37 -21228 32 3
11369 11653 307 1 307 1 0 0 37 37 0 284 0
11653 11656 307 1 305 0 0 1 37 34 21333 32 3
11656 11658 305 0 307 0 1 0 34 32 -21333 32 2
11658 12424 307 0 307 0 0 0 32 32 0 766 0
12424 12426 307 0 305 0 0 1 32 30 21618 32 2
12426 12428 305 0 306 1 1 0 30 28 -21618 32 2
12428 13512 306 1 306 1 0 0 28 28 0 1084 0
13512 13514 306 1 305 0 0 1 28 26 22019 32 2
13514 13515 305 0 306 0 1 0 26 25 -22019 32 1
13515 14690 306 0 306 0 0 0 25 25 0 1175 0
14690 14691 306 0 305 0 0 1 25 24 22478 32 1
14691 14692 305 0 306 0 1 0 24 23 -22478 32 1
14692 36311 306 0 306 0 0 0 23 23 0 21619 0
36311 36312 306 0 305 0 0 1 23 22 14619 32 1
36312 36315 305 0 305 3 1 0 22 19 -14619 32 3
36315 37586 305 3 305 3 0 0 19 19 0 1271 0
37586 37589 305 3 305 0 0 1 19 16 14937 32 3
37589 37590 305 0 305 0 1 1 16 16 0 1 0
37590 37594 305 0 309 0 1 0 16 12 -14937 32 4
37594 40329 309 0 309 0 0 0 12 12 0 2735 0
40329 40333 309 0 305 0 0 1 12 8 15763 32 4
40333 40335 305 0 307 0 1 0 8 6 -15763 32 2
40335 42446 307 0 307 0 0 0 6 6 0 2111 0
42446 42448 307 0 305 0 0 1 6 4 16971 32 2
42448 42450 305 0 305 2 1 0 4 2 -16971 32 2
42450 43265 305 2 305 2 0 0 2 2 0 815 0
43265 43267 305 2 305 0 0 0 2 0 1000000000 0 2
--------------------------------------
--------------------------------------
EV5
--------------------------------------
Num TPs served = 17
TPs served = 21617 21678 21955 22482 22631 22890 23930 24011 24953 25142 25380 25466 26633 26771 27231 27873 28408
Total energy used = 100
--------------------------------------
Schedule:
0 12423 305 0 305 0 0 0 100 100 0 12423 0
12423 12423 305 0 305 0 0 1 100 100 21617 32 0
12423 12428 305 0 310 0 1 0 100 95 -21617 32 5
12428 12612 310 0 310 0 0 0 95 95 0 184 0
12612 12617 310 0 305 0 0 1 95 90 21678 32 5
12617 12623 305 0 306 5 1 0 90 84 -21678 32 6
12623 13337 306 5 306 5 0 0 84 84 0 714 0
13337 13343 306 5 305 0 0 1 84 78 21955 32 6
13343 13346 305 0 305 3 1 0 78 75 -21955 32 3
13346 14695 305 3 305 3 0 0 75 75 0 1349 0
14695 14698 305 3 305 0 0 1 75 72 22482 32 3
14698 14703 305 0 310 0 1 0 72 67 -22482 32 5
14703 15067 310 0 310 0 0 0 67 67 0 364 0
15067 15072 310 0 305 0 0 1 67 62 22631 32 5
15072 15073 305 0 305 1 1 0 62 61 -22631 32 1
15073 15712 305 1 305 1 0 0 61 61 0 639 0
15712 15713 305 1 305 0 0 1 61 60 22890 32 1
15713 15715 305 0 307 0 1 0 60 58 -22890 32 2
15715 18130 307 0 307 0 0 0 58 58 0 2415 0
18130 18132 307 0 305 0 0 1 58 56 23930 32 2
18132 18133 305 0 305 0 1 1 56 56 0 1 0
18133 18139 305 0 311 0 1 0 56 50 -23930 32 6
18139 18311 311 0 311 0 0 0 50 50 0 172 0
18311 18317 311 0 305 0 0 1 50 44 24011 32 6
18317 18319 305 0 305 0 1 1 44 44 0 2 0
18319 18320 305 0 306 0 1 0 44 43 -24011 32 1
18320 20392 306 0 306 0 0 0 43 43 0 2072 0
20392 20393 306 0 305 0 0 1 43 42 24953 32 1
20393 20395 305 0 305 0 1 1 42 42 0 2 0
20395 20398 305 0 305 3 1 0 42 39 -24953 32 3
20398 20817 305 3 305 3 0 0 39 39 0 419 0
20817 20820 305 3 305 0 0 1 39 36 25142 32 3
20820 20821 305 0 305 0 1 1 36 36 0 1 0
20821 20826 305 0 309 1 1 0 36 31 -25142 32 5
20826 21325 309 1 309 1 0 0 31 31 0 499 0
21325 21330 309 1 305 0 0 1 31 26 25380 32 5
21330 21332 305 0 305 2 1 0 26 24 -25380 32 2
21332 21517 305 2 305 2 0 0 24 24 0 185 0
21517 21519 305 2 305 0 0 1 24 22 25466 32 2
21519 21521 305 0 307 0 1 0 22 20 -25466 32 2
21521 23917 307 0 307 0 0 0 20 20 0 2396 0
23917 23919 307 0 305 0 0 1 20 18 26633 32 2
23919 23920 305 0 305 1 1 0 18 17 -26633 32 1
23920 24190 305 1 305 1 0 0 17 17 0 270 0
24190 24191 305 1 305 0 0 1 17 16 26771 32 1
24191 24192 305 0 305 0 1 1 16 16 0 1 0
24192 24194 305 0 307 0 1 0 16 14 -26771 32 2
24194 25070 307 0 307 0 0 0 14 14 0 876 0
25070 25072 307 0 305 0 0 1 14 12 27231 32 2
25072 25074 305 0 307 0 1 0 12 10 -27231 32 2
25074 26264 307 0 307 0 0 0 10 10 0 1190 0
26264 26266 307 0 305 0 0 1 10 8 27873 32 2
26266 26267 305 0 305 1 1 0 8 7 -27873 32 1
26267 27309 305 1 305 1 0 0 7 7 0 1042 0
27309 27310 305 1 305 0 0 1 7 6 28408 32 1
27310 27313 305 0 305 3 1 0 6 3 -28408 32 3
27313 43264 305 3 305 3 0 0 3 3 0 15951 0
43264 43267 305 3 305 0 0 0 3 0 1000000000 0 3
--------------------------------------
--------------------------------------
EV6
--------------------------------------
Num TPs served = 23
TPs served = 28938 29277 29440 29539 29793 30716 31231 31559 32673 32788 33270 33410 33469 33667 33811 33846 34124 34811 35173 35627 35865 36769 38126
Total energy used = 100
--------------------------------------
Schedule:
0 104 305 0 305 0 0 0 100 100 0 104 0
104 104 305 0 305 0 0 1 100 100 35173 32 0
104 105 305 0 305 0 1 1 100 100 0 1 0
105 106 305 0 306 0 1 0 100 99 -35173 32 1
106 1432 306 0 306 0 0 0 99 99 0 1326 0
1432 1433 306 0 305 0 0 1 99 98 35627 32 1
1433 1437 305 0 309 0 1 0 98 94 -35627 32 4
1437 2097 309 0 309 0 0 0 94 94 0 660 0
2097 2101 309 0 305 0 0 1 94 90 35865 32 4
2101 2103 305 0 305 0 1 1 90 90 0 2 0
2103 2105 305 0 305 2 1 0 90 88 -35865 32 2
2105 4775 305 2 305 2 0 0 88 88 0 2670 0
4775 4777 305 2 305 0 0 1 88 86 36769 32 2
4777 4779 305 0 307 0 1 0 86 84 -36769 32 2
4779 8653 307 0 307 0 0 0 84 84 0 3874 0
8653 8655 307 0 305 0 0 1 84 82 38126 32 2
8655 8656 305 0 306 0 1 0 82 81 -38126 32 1
8656 28353 306 0 306 0 0 0 81 81 0 19697 0
28353 28354 306 0 305 0 0 1 81 80 28938 32 1
28354 28356 305 0 307 0 1 0 80 78 -28938 32 2
28356 29054 307 0 307 0 0 0 78 78 0 698 0
29054 29056 307 0 305 0 0 1 78 76 29277 32 2
29056 29058 305 0 305 2 1 0 76 74 -29277 32 2
29058 29396 305 2 305 2 0 0 74 74 0 338 0
29396 29398 305 2 305 0 0 1 74 72 29440 32 2
29398 29399 305 0 305 0 1 1 72 72 0 1 0
29399 29401 305 0 307 0 1 0 72 70 -29440 32 2
29401 29597 307 0 307 0 0 0 70 70 0 196 0
29597 29599 307 0 305 0 0 1 70 68 29539 32 2
29599 29601 305 0 307 0 1 0 68 66 -29539 32 2
29601 30076 307 0 307 0 0 0 66 66 0 475 0
30076 30078 307 0 305 0 0 1 66 64 29793 32 2
30078 30079 305 0 305 0 1 1 64 64 0 1 0
30079 30080 305 0 305 1 1 0 64 63 -29793 32 1
30080 31906 305 1 305 1 0 0 63 63 0 1826 0
31906 31907 305 1 305 0 0 1 63 62 30716 32 1
31907 31908 305 0 305 0 1 1 62 62 0 1 0
31908 31909 305 0 306 0 1 0 62 61 -30716 32 1
31909 33005 306 0 306 0 0 0 61 61 0 1096 0
33005 33006 306 0 305 0 0 1 61 60 31231 32 1
33006 33007 305 0 306 0 1 0 60 59 -31231 32 1
33007 33735 306 0 306 0 0 0 59 59 0 728 0
33735 33736 306 0 305 0 0 1 59 58 31559 32 1
33736 33737 305 0 305 1 1 0 58 57 -31559 32 1
33737 36318 305 1 305 1 0 0 57 57 0 2581 0
36318 36319 305 1 305 0 0 1 57 56 32673 32 1
36319 36324 305 0 307 3 1 0 56 51 -32673 32 5
36324 36599 307 3 307 3 0 0 51 51 0 275 0
36599 36604 307 3 305 0 0 1 51 46 32788 32 5
36604 36606 305 0 305 2 1 0 46 44 -32788 32 2
36606 37838 305 2 305 2 0 0 44 44 0 1232 0
37838 37840 305 2 305 0 0 1 44 42 33270 32 2
37840 37844 305 0 309 0 1 0 42 38 -33270 32 4
37844 38185 309 0 309 0 0 0 38 38 0 341 0
38185 38189 309 0 305 0 0 1 38 34 33410 32 4
38189 38194 305 0 305 0 1 1 34 34 0 5 0
38194 38196 305 0 306 1 1 0 34 32 -33410 32 2
38196 38326 306 1 306 1 0 0 32 32 0 130 0
38326 38328 306 1 305 0 0 1 32 30 33469 32 2
38328 38329 305 0 306 0 1 0 30 29 -33469 32 1
38329 38903 306 0 306 0 0 0 29 29 0 574 0
38903 38904 306 0 305 0 0 1 29 28 33667 32 1
38904 38906 305 0 305 2 1 0 28 26 -33667 32 2
38906 39319 305 2 305 2 0 0 26 26 0 413 0
39319 39321 305 2 305 0 0 1 26 24 33811 32 2
39321 39324 305 0 305 0 1 1 24 24 0 3 0
39324 39329 305 0 305 5 1 0 24 19 -33811 32 5
39329 39388 305 5 305 5 0 0 19 19 0 59 0
39388 39393 305 5 305 0 0 1 19 14 33846 32 5
39393 39394 305 0 305 0 1 1 14 14 0 1 0
39394 39397 305 0 305 3 1 0 14 11 -33846 32 3
39397 40135 305 3 305 3 0 0 11 11 0 738 0
40135 40138 305 3 305 0 0 1 11 8 34124 32 3
40138 40139 305 0 305 1 1 0 8 7 -34124 32 1
40139 42172 305 1 305 1 0 0 7 7 0 2033 0
42172 42173 305 1 305 0 0 1 7 6 34811 32 1
42173 42176 305 0 308 0 1 0 6 3 -34811 32 3
42176 43264 308 0 308 0 0 0 3 3 0 1088 0
43264 43267 308 0 305 0 0 0 3 0 1000000000 0 3
--------------------------------------
--------------------------------------
EV7
--------------------------------------
Num TPs served = 22
TPs served = 37027 37691 38032 38206 39241 39258 39813 39955 40102 40105 40712 40942 41050 42052 42820 43004 43070 43398 43416 43567 44119 45784
Total energy used = 100
--------------------------------------
Schedule:
0 5509 305 0 305 0 0 0 100 100 0 5509 0
5509 5509 305 0 305 0 0 1 100 100 37027 32 0
5509 5510 305 0 305 0 1 1 100 100 0 1 0
5510 5514 305 0 307 2 1 0 100 96 -37027 32 4
5514 7415 307 2 307 2 0 0 96 96 0 1901 0
7415 7419 307 2 305 0 0 1 96 92 37691 32 4
7419 7420 305 0 305 0 1 1 92 92 0 1 0
7420 7426 305 0 311 0 1 0 92 86 -37691 32 6
7426 8362 311 0 311 0 0 0 86 86 0 936 0
8362 8368 311 0 305 0 0 1 86 80 38032 32 6
8368 8370 305 0 305 2 1 0 80 78 -38032 32 2
8370 8877 305 2 305 2 0 0 78 78 0 507 0
8877 8879 305 2 305 0 0 1 78 76 38206 32 2
8879 8880 305 0 305 1 1 0 76 75 -38206 32 1
8880 11379 305 1 305 1 0 0 75 75 0 2499 0
11379 11380 305 1 305 0 0 1 75 74 39241 32 1
11380 11382 305 0 305 2 1 0 74 72 -39241 32 2
11382 11448 305 2 305 2 0 0 72 72 0 66 0
11448 11450 305 2 305 0 0 1 72 70 39258 32 2
11450 11451 305 0 305 1 1 0 70 69 -39258 32 1
11451 12889 305 1 305 1 0 0 69 69 0 1438 0
12889 12890 305 1 305 0 0 1 69 68 39813 32 1
12890 12891 305 0 305 0 1 1 68 68 0 1 0
12891 12898 305 0 308 4 1 0 68 61 -39813 32 7
12898 13281 308 4 308 4 0 0 61 61 0 383 0
13281 13288 308 4 305 0 0 1 61 54 39955 32 7
13288 13289 305 0 306 0 1 0 54 53 -39955 32 1
13289 13746 306 0 306 0 0 0 53 53 0 457 0
13746 13747 306 0 305 0 0 1 53 52 40105 32 1
13747 13747 305 0 305 0 1 2 52 52 40102 20 0
13747 13749 305 0 305 2 2 1 52 50 -40105 32 2
13749 13753 305 2 307 0 1 0 50 46 -40102 16 4
13753 15229 307 0 307 0 0 0 46 46 0 1476 0
15229 15231 307 0 305 0 0 1 46 44 40712 32 2
15231 15232 305 0 306 0 1 0 44 43 -40712 32 1
15232 15741 306 0 306 0 0 0 43 43 0 509 0
15741 15742 306 0 305 0 0 1 43 42 40942 32 1
15742 15745 305 0 306 2 1 0 42 39 -40942 32 3
15745 15985 306 2 306 2 0 0 39 39 0 240 0
15985 15988 306 2 305 0 0 1 39 36 41050 32 3
15988 15992 305 0 306 3 1 0 36 32 -41050 32 4
15992 18216 306 3 306 3 0 0 32 32 0 2224 0
18216 18220 306 3 305 0 0 1 32 28 42052 32 4
18220 18221 305 0 305 1 1 0 28 27 -42052 32 1
18221 19862 305 1 305 1 0 0 27 27 0 1641 0
19862 19863 305 1 305 0 0 1 27 26 42820 32 1
19863 19865 305 0 305 0 1 1 26 26 0 2 0
19865 19868 305 0 308 0 1 0 26 23 -42820 32 3
19868 20228 308 0 308 0 0 0 23 23 0 360 0
20228 20231 308 0 305 0 0 1 23 20 43004 32 3
20231 20232 305 0 305 0 1 1 20 20 0 1 0
20232 20233 305 0 306 0 1 0 20 19 -43004 32 1
20233 20350 306 0 306 0 0 0 19 19 0 117 0
20350 20351 306 0 305 0 0 1 19 18 43070 32 1
20351 20353 305 0 307 0 1 0 18 16 -43070 32 2
20353 21032 307 0 307 0 0 0 16 16 0 679 0
21032 21034 307 0 305 0 0 1 16 14 43416 32 2
21034 21034 305 0 305 0 1 2 14 14 43398 3 0
21034 21035 305 0 306 0 2 1 14 13 -43398 3 1
21035 21038 306 0 305 2 1 0 13 10 -43416 30 3
21038 21335 305 2 305 2 0 0 10 10 0 297 0
21335 21337 305 2 305 0 0 1 10 8 43567 32 2
21337 21338 305 0 306 0 1 0 8 7 -43567 32 1
21338 22402 306 0 306 0 0 0 7 7 0 1064 0
22402 22403 306 0 305 0 0 1 7 6 44119 32 1
22403 22405 305 0 305 2 1 0 6 4 -44119 32 2
22405 25391 305 2 305 2 0 0 4 4 0 2986 0
25391 25393 305 2 305 0 0 1 4 2 45784 32 2
25393 25394 305 0 306 0 1 0 2 1 -45784 32 1
25394 43266 306 0 306 0 0 0 1 1 0 17872 0
43266 43267 306 0 305 0 0 0 1 0 1000000000 0 1
--------------------------------------
--------------------------------------
EV8
--------------------------------------
Num TPs served = 20
TPs served = 44323 44359 44483 44682 45042 45116 45494 46396 46510 47176 47445 47517 47533 47748 48084 48349 48420 48613 48802 49877
Total energy used = 100
--------------------------------------
Schedule:
0 22786 305 0 305 0 0 0 100 100 0 22786 0
22786 22786 305 0 305 0 0 1 100 100 44323 32 0
22786 22795 305 0 308 6 1 0 100 91 -44323 32 9
22795 22847 308 6 308 6 0 0 91 91 0 52 0
22847 22856 308 6 305 0 0 1 91 82 44359 32 9
22856 22859 305 0 307 1 1 0 82 79 -44359 32 3
22859 23081 307 1 307 1 0 0 79 79 0 222 0
23081 23084 307 1 305 0 0 1 79 76 44483 32 3
23084 23088 305 0 308 1 1 0 76 72 -44483 32 4
23088 23447 308 1 308 1 0 0 72 72 0 359 0
23447 23451 308 1 305 0 0 1 72 68 44682 32 4
23451 23453 305 0 307 0 1 0 68 66 -44682 32 2
23453 24095 307 0 307 0 0 0 66 66 0 642 0
24095 24097 307 0 305 0 0 1 66 64 45042 32 2
24097 24101 305 0 305 0 1 1 64 64 0 4 0
24101 24104 305 0 308 0 1 0 64 61 -45042 32 3
24104 24230 308 0 308 0 0 0 61 61 0 126 0
24230 24233 308 0 305 0 0 1 61 58 45116 32 3
24233 24236 305 0 305 0 1 1 58 58 0 3 0
24236 24238 305 0 306 1 1 0 58 56 -45116 32 2
24238 24885 306 1 306 1 0 0 56 56 0 647 0
24885 24887 306 1 305 0 0 1 56 54 45494 32 2
24887 24889 305 0 307 0 1 0 54 52 -45494 32 2
24889 26483 307 0 307 0 0 0 52 52 0 1594 0
26483 26485 307 0 305 0 0 1 52 50 46396 32 2
26485 26486 305 0 305 1 1 0 50 49 -46396 32 1
26486 26702 305 1 305 1 0 0 49 49 0 216 0
26702 26703 305 1 305 0 0 1 49 48 46510 32 1
26703 26704 305 0 306 0 1 0 48 47 -46510 32 1
26704 27861 306 0 306 0 0 0 47 47 0 1157 0
27861 27862 306 0 305 0 0 1 47 46 47176 32 1
27862 27864 305 0 306 1 1 0 46 44 -47176 32 2
27864 28281 306 1 306 1 0 0 44 44 0 417 0
28281 28283 306 1 305 0 0 1 44 42 47445 32 2
28283 28284 305 0 305 1 1 0 42 41 -47445 32 1
28284 28411 305 1 305 1 0 0 41 41 0 127 0
28411 28412 305 1 305 0 0 1 41 40 47533 32 1
28412 28412 305 0 305 0 1 2 40 40 47517 11 0
28412 28416 305 0 305 4 2 1 40 36 -47533 32 4
28416 28418 305 4 305 2 1 0 36 34 -47517 7 2
28418 28772 305 2 305 2 0 0 34 34 0 354 0
28772 28774 305 2 305 0 0 1 34 32 47748 32 2
28774 28780 305 0 308 3 1 0 32 26 -47748 32 6
28780 29368 308 3 308 3 0 0 26 26 0 588 0
29368 29374 308 3 305 0 0 1 26 20 48084 32 6
29374 29375 305 0 305 0 1 1 20 20 0 1 0
29375 29377 305 0 306 1 1 0 20 18 -48084 32 2
29377 29872 306 1 306 1 0 0 18 18 0 495 0
29872 29874 306 1 305 0 0 1 18 16 48349 32 2
29874 29877 305 0 307 1 1 0 16 13 -48349 32 3
29877 30006 307 1 307 1 0 0 13 13 0 129 0
30006 30009 307 1 305 0 0 1 13 10 48420 32 3
30009 30010 305 0 305 1 1 0 10 9 -48420 32 1
30010 30337 305 1 305 1 0 0 9 9 0 327 0
30337 30338 305 1 305 0 0 1 9 8 48613 32 1
30338 30340 305 0 307 0 1 0 8 6 -48613 32 2
30340 30679 307 0 307 0 0 0 6 6 0 339 0
30679 30681 307 0 305 0 0 1 6 4 48802 32 2
30681 30682 305 0 305 1 1 0 4 3 -48802 32 1
30682 32544 305 1 305 1 0 0 3 3 0 1862 0
32544 32545 305 1 305 0 0 1 3 2 49877 32 1
32545 32546 305 0 305 0 1 1 2 2 0 1 0
32546 32547 305 0 306 0 1 0 2 1 -49877 32 1
32547 43266 306 0 306 0 0 0 1 1 0 10719 0
43266 43267 306 0 305 0 0 0 1 0 1000000000 0 1
--------------------------------------

-------------------------------------------------------------------------

TPs

-------------------------------------------------------------------------

----------------------
TP197 allocated to 1
----------------------

----------------------
TP242 allocated to 1
----------------------

----------------------
TP296 allocated to 1
----------------------

----------------------
TP534 allocated to 1
----------------------

----------------------
TP724 allocated to 1
----------------------

----------------------
TP1175 allocated to 1
----------------------

----------------------
TP1968 allocated to 1
----------------------

----------------------
TP2086 allocated to 1
----------------------

----------------------
TP2134 allocated to 1
----------------------

----------------------
TP2221 allocated to 1
----------------------

----------------------
TP2573 allocated to 1
----------------------

----------------------
TP2648 allocated to 1
----------------------

----------------------
TP3370 allocated to 1
----------------------

----------------------
TP3465 allocated to 1
----------------------

----------------------
TP3547 allocated to 1
----------------------

----------------------
TP3898 allocated to 1
----------------------

----------------------
TP4101 allocated to 1
----------------------

----------------------
TP4190 allocated to 1
----------------------

----------------------
TP4201 allocated to 1
----------------------

----------------------
TP4252 allocated to 1
----------------------

----------------------
TP5111 allocated to 1
----------------------

----------------------
TP5383 allocated to 1
----------------------

----------------------
TP5417 allocated to 2
----------------------

----------------------
TP5682 allocated to 1
----------------------

----------------------
TP5993 allocated to 2
----------------------

----------------------
TP6526 allocated to 1
----------------------

----------------------
TP6703 allocated to 2
----------------------

----------------------
TP7274 allocated to 1
----------------------

----------------------
TP8076 allocated to 1
----------------------

----------------------
TP8790 allocated to 2
----------------------

----------------------
TP9322 allocated to 1
----------------------

----------------------
TP9413 allocated to 2
----------------------

----------------------
TP9722 allocated to 2
----------------------

----------------------
TP9728 allocated to 1
----------------------

----------------------
TP9830 allocated to 1
----------------------

----------------------
TP9918 allocated to 2
----------------------

----------------------
TP9968 allocated to 2
----------------------

----------------------
TP10368 allocated to 2
----------------------

----------------------
TP10477 allocated to 2
----------------------

----------------------
TP10586 allocated to 3
----------------------

----------------------
TP10627 allocated to 3
----------------------

----------------------
TP11014 allocated to 2
----------------------

----------------------
TP11046 allocated to 3
----------------------

----------------------
TP11778 allocated to 3
----------------------

----------------------
TP11979 allocated to 1
----------------------

----------------------
TP12278 allocated to 3
----------------------

----------------------
TP12304 allocated to 3
----------------------

----------------------
TP12542 allocated to 3
----------------------

----------------------
TP12863 allocated to 3
----------------------

----------------------
TP13262 allocated to 3
----------------------

----------------------
TP13745 allocated to 3
----------------------

----------------------
TP14290 allocated to 3
----------------------

----------------------
TP14424 allocated to 3
----------------------

----------------------
TP14493 allocated to 3
----------------------

----------------------
TP14515 allocated to 3
----------------------

----------------------
TP14619 allocated to 4
----------------------

----------------------
TP14937 allocated to 4
----------------------

----------------------
TP15018 allocated to 1
----------------------

----------------------
TP15763 allocated to 4
----------------------

----------------------
TP16971 allocated to 4
----------------------

----------------------
TP17341 allocated to 1
----------------------

----------------------
TP17454 allocated to 3
----------------------

----------------------
TP17750 allocated to 4
----------------------

----------------------
TP17870 allocated to 4
----------------------

----------------------
TP17881 allocated to 1
----------------------

----------------------
TP17999 allocated to 4
----------------------

----------------------
TP18517 allocated to 1
----------------------

----------------------
TP18672 allocated to 1
----------------------

----------------------
TP18713 allocated to 4
----------------------

----------------------
TP19238 allocated to 1
----------------------

----------------------
TP19263 allocated to 4
----------------------

----------------------
TP19426 allocated to 4
----------------------

----------------------
TP19823 allocated to 4
----------------------

----------------------
TP20435 allocated to 4
----------------------

----------------------
TP20444 allocated to 4
----------------------

----------------------
TP20692 allocated to 4
----------------------

----------------------
TP20712 allocated to 4
----------------------

----------------------
TP21070 allocated to 4
----------------------

----------------------
TP21129 allocated to 4
----------------------

----------------------
TP21228 allocated to 4
----------------------

----------------------
TP21333 allocated to 4
----------------------

----------------------
TP21617 allocated to 5
----------------------

----------------------
TP21618 allocated to 4
----------------------

----------------------
TP21678 allocated to 5
----------------------

----------------------
TP21955 allocated to 5
----------------------

----------------------
TP22019 allocated to 4
----------------------

----------------------
TP22478 allocated to 4
----------------------

----------------------
TP22482 allocated to 5
----------------------

----------------------
TP22631 allocated to 5
----------------------

----------------------
TP22890 allocated to 5
----------------------

----------------------
TP23930 allocated to 5
----------------------

----------------------
TP24011 allocated to 5
----------------------

----------------------
TP24377 allocated to 1
----------------------

----------------------
TP24596 allocated to 1
----------------------

----------------------
TP24953 allocated to 5
----------------------

----------------------
TP25142 allocated to 5
----------------------

----------------------
TP25380 allocated to 5
----------------------

----------------------
TP25466 allocated to 5
----------------------

----------------------
TP26633 allocated to 5
----------------------

----------------------
TP26771 allocated to 5
----------------------

----------------------
TP27231 allocated to 5
----------------------

----------------------
TP27873 allocated to 5
----------------------

----------------------
TP28248 allocated to 1
----------------------

----------------------
TP28408 allocated to 5
----------------------

----------------------
TP28938 allocated to 6
----------------------

----------------------
TP29277 allocated to 6
----------------------

----------------------
TP29440 allocated to 6
----------------------

----------------------
TP29539 allocated to 6
----------------------

----------------------
TP29793 allocated to 6
----------------------

----------------------
TP30357 allocated to 3
----------------------

----------------------
TP30358 allocated to 3
----------------------

----------------------
TP30396 allocated to 1
----------------------

----------------------
TP30716 allocated to 6
----------------------

----------------------
TP31231 allocated to 6
----------------------

----------------------
TP31559 allocated to 6
----------------------

----------------------
TP31890 allocated to 1
----------------------

----------------------
TP31891 allocated to 1
----------------------

----------------------
TP32090 allocated to 1
----------------------

----------------------
TP32673 allocated to 6
----------------------

----------------------
TP32788 allocated to 6
----------------------

----------------------
TP33270 allocated to 6
----------------------

----------------------
TP33387 allocated to 1
----------------------

----------------------
TP33410 allocated to 6
----------------------

----------------------
TP33469 allocated to 6
----------------------

----------------------
TP33667 allocated to 6
----------------------

----------------------
TP33811 allocated to 6
----------------------

----------------------
TP33846 allocated to 6
----------------------

----------------------
TP34124 allocated to 6
----------------------

----------------------
TP34811 allocated to 6
----------------------

----------------------
TP35015 allocated to 1
----------------------

----------------------
TP35173 allocated to 6
----------------------

----------------------
TP35627 allocated to 6
----------------------

----------------------
TP35854 allocated to 1
----------------------

----------------------
TP35865 allocated to 6
----------------------

----------------------
TP36769 allocated to 6
----------------------

----------------------
TP37027 allocated to 7
----------------------

----------------------
TP37691 allocated to 7
----------------------

----------------------
TP37822 allocated to 1
----------------------

----------------------
TP37983 allocated to 1
----------------------

----------------------
TP38032 allocated to 7
----------------------

----------------------
TP38126 allocated to 6
----------------------

----------------------
TP38206 allocated to 7
----------------------

----------------------
TP39241 allocated to 7
----------------------

----------------------
TP39258 allocated to 7
----------------------

----------------------
TP39813 allocated to 7
----------------------

----------------------
TP39955 allocated to 7
----------------------

----------------------
TP40102 allocated to 7
----------------------

----------------------
TP40105 allocated to 7
----------------------

----------------------
TP40712 allocated to 7
----------------------

----------------------
TP40942 allocated to 7
----------------------

----------------------
TP41050 allocated to 7
----------------------

----------------------
TP41769 allocated to 1
----------------------

----------------------
TP41958 allocated to 1
----------------------

----------------------
TP42052 allocated to 7
----------------------

----------------------
TP42820 allocated to 7
----------------------

----------------------
TP43004 allocated to 7
----------------------

----------------------
TP43070 allocated to 7
----------------------

----------------------
TP43398 allocated to 7
----------------------

----------------------
TP43416 allocated to 7
----------------------

----------------------
TP43507 allocated to 1
----------------------

----------------------
TP43567 allocated to 7
----------------------

----------------------
TP44119 allocated to 7
----------------------

----------------------
TP44323 allocated to 8
----------------------

----------------------
TP44359 allocated to 8
----------------------

----------------------
TP44483 allocated to 8
----------------------

----------------------
TP44682 allocated to 8
----------------------

----------------------
TP45042 allocated to 8
----------------------

----------------------
TP45116 allocated to 8
----------------------

----------------------
TP45494 allocated to 8
----------------------

----------------------
TP45784 allocated to 7
----------------------

----------------------
TP46396 allocated to 8
----------------------

----------------------
TP46510 allocated to 8
----------------------

----------------------
TP47176 allocated to 8
----------------------

----------------------
TP47419 allocated to 1
----------------------

----------------------
TP47445 allocated to 8
----------------------

----------------------
TP47517 allocated to 8
----------------------

----------------------
TP47533 allocated to 8
----------------------

----------------------
TP47748 allocated to 8
----------------------

----------------------
TP48084 allocated to 8
----------------------

----------------------
TP48349 allocated to 8
----------------------

----------------------
TP48420 allocated to 8
----------------------

----------------------
TP48613 allocated to 8
----------------------

----------------------
TP48802 allocated to 8
----------------------

----------------------
TP49849 not allocated
----------------------

----------------------
TP49877 allocated to 8
----------------------

-------------------------------------------------------------------------

Ride-sharing vs Individual Mode - Num Vehicles and Distance Comparisson 

-------------------------------------------------------------------------
Individual Mode = 185 vehicles.
Ride-sharing Mode = 9 vehicles. The 8 ride-sharing vehicles + 1 vehicles of the individuals not served by the ride-sharing service.
-------------------------------------------------------------------------
Individual Mode = 412 distance.
Ride-sharing Mode = 802 distance. 800 from the EV fleet + 2 from the distance of the trips not covered individuals had to do with their own vehicle.
-------------------------------------------------------------------------
