-------------------------------------------------------------------------
TPs satisfied = 80; Total TPs = 185; Percentage Satisfied + 43.2%
-------------------------------------------------------------------------

-------------------------------------------------------------------------

EVs

-------------------------------------------------------------------------
--------------------------------------
EV1
--------------------------------------
Num TPs served = 52
TPs served = 197 242 296 534 724 1175 1968 2086 2134 2221 2573 2648 3370 3465 3547 3898 4101 4190 4201 4252 5111 5383 5682 6526 7274 8076 9322 9728 9830 11979 15018 17341 17881 18517 18672 19238 24377 24596 28248 30396 31890 31891 32090 33387 35015 35854 37822 37983 41769 41958 43507 47419
Total energy used = 100
--------------------------------------
Schedule:
0 383 305 0 305 0 0 0 100 100 0 383 0
383 383 305 0 305 0 0 1 100 100 197 32 0
383 384 305 0 306 0 1 0 100 99 -197 32 1
384 468 306 0 306 0 0 0 99 99 0 84 0
468 469 306 0 305 0 0 1 99 98 242 32 1
469 470 305 0 305 1 1 0 98 97 -242 32 1
470 574 305 1 305 1 0 0 97 97 0 104 0
574 575 305 1 305 0 0 1 97 96 296 32 1
575 576 305 0 305 0 1 1 96 96 0 1 0
576 577 305 0 305 1 1 0 96 95 -296 32 1
577 960 305 1 305 1 0 0 95 95 0 383 0
960 961 305 1 305 0 0 1 95 94 534 32 1
961 962 305 0 306 0 1 0 94 93 -534 32 1
962 1291 306 0 306 0 0 0 93 93 0 329 0
1291 1292 306 0 305 0 0 1 93 92 724 32 1
1292 1295 305 0 305 0 1 1 92 92 0 3 0
1295 1298 305 0 307 1 1 0 92 89 -724 32 3
1298 1476 307 1 307 1 0 0 89 89 0 178 0
1476 1479 307 1 305 0 0 1 89 86 17881 32 3
1479 1482 305 0 305 0 1 1 86 86 0 3 0
1482 1482 305 0 305 0 1 0 86 86 -17881 32 0
1482 2045 305 0 305 0 0 0 86 86 0 563 0
2045 2045 305 0 305 0 0 1 86 86 35854 32 0
2045 2054 305 0 305 0 1 1 86 86 0 9 0
2054 2054 305 0 305 0 1 2 86 86 1175 32 0
2054 2056 305 0 306 1 2 1 86 84 -35854 24 2
2056 2060 306 1 306 1 1 1 84 84 0 4 0
2060 2064 306 1 308 3 1 0 84 80 -1175 32 4
2064 3453 308 3 308 3 0 0 80 80 0 1389 0
3453 3459 308 3 305 0 0 1 80 74 18517 32 6
3459 3460 305 0 305 0 1 1 74 74 0 1 0
3460 3460 305 0 305 0 1 0 74 74 -18517 32 0
3460 3460 305 0 305 0 0 1 74 74 1968 32 0
3460 3463 305 0 307 1 1 0 74 71 -1968 32 3
3463 3658 307 1 307 1 0 0 71 71 0 195 0
3658 3661 307 1 305 0 0 1 71 68 2086 32 3
3661 3665 305 0 308 1 1 0 68 64 -2086 32 4
3665 3758 308 1 308 1 0 0 64 64 0 93 0
3758 3762 308 1 305 0 0 1 64 60 2134 32 4
3762 3763 305 0 305 0 1 1 60 60 0 1 0
3763 3763 305 0 305 0 1 0 60 60 -2134 32 0
3763 3933 305 0 305 0 0 0 60 60 0 170 0
3933 3933 305 0 305 0 0 1 60 60 18672 32 0
3933 3933 305 0 305 0 1 2 60 60 2221 30 0
3933 3934 305 0 305 0 2 2 60 60 0 1 0
3934 3934 305 0 305 0 2 1 60 60 -18672 32 0
3934 3936 305 0 307 0 1 0 60 58 -2221 29 2
3936 4565 307 0 307 0 0 0 58 58 0 629 0
4565 4567 307 0 305 0 0 1 58 56 2573 32 2
4567 4571 305 0 307 2 1 0 56 52 -2573 32 4
4571 4724 307 2 307 2 0 0 52 52 0 153 0
4724 4728 307 2 305 0 0 1 52 48 2648 32 4
4728 4729 305 0 305 0 1 1 48 48 0 1 0
4729 4730 305 0 306 0 1 0 48 47 -2648 32 1
4730 5710 306 0 306 0 0 0 47 47 0 980 0
5710 5711 306 0 305 0 0 1 47 46 19238 32 1
5711 5712 305 0 305 0 1 1 46 46 0 1 0
5712 5712 305 0 305 0 1 0 46 46 -19238 32 0
5712 5995 305 0 305 0 0 0 46 46 0 283 0
5995 5995 305 0 305 0 0 1 46 46 3370 32 0
5995 5996 305 0 305 0 1 1 46 46 0 1 0
5996 5996 305 0 305 0 1 0 46 46 -3370 32 0
5996 6178 305 0 305 0 0 0 46 46 0 182 0
6178 6178 305 0 305 0 0 1 46 46 3465 32 0
6178 6179 305 0 305 0 1 1 46 46 0 1 0
6179 6182 305 0 308 0 1 0 46 43 -3465 32 3
6182 6337 308 0 308 0 0 0 43 43 0 155 0
6337 6340 308 0 305 0 0 1 43 40 3547 32 3
6340 6342 305 0 307 0 1 0 40 38 -3547 32 2
6342 6979 307 0 307 0 0 0 38 38 0 637 0
6979 6981 307 0 305 0 0 1 38 36 3898 32 2
6981 6983 305 0 305 0 1 1 36 36 0 2 0
6983 6983 305 0 305 0 1 0 36 36 -3898 32 0
6983 7381 305 0 305 0 0 0 36 36 0 398 0
7381 7381 305 0 305 0 0 1 36 36 4101 32 0
7381 7385 305 0 305 0 1 1 36 36 0 4 0
7385 7386 305 0 305 1 1 0 36 35 -4101 32 1
7386 7559 305 1 305 1 0 0 35 35 0 173 0
7559 7560 305 1 305 0 0 1 35 34 4201 32 1
7560 7560 305 0 305 0 1 2 34 34 4190 14 0
7560 7561 305 0 306 0 2 1 34 33 -4201 32 1
7561 7562 306 0 306 1 1 0 33 32 -4190 14 1
7562 7635 306 1 306 1 0 0 32 32 0 73 0
7635 7637 306 1 305 0 0 1 32 30 4252 32 2
7637 7638 305 0 305 0 1 1 30 30 0 1 0
7638 7639 305 0 305 1 1 0 30 29 -4252 32 1
7639 7786 305 1 305 1 0 0 29 29 0 147 0
7786 7787 305 1 305 0 0 1 29 28 37822 32 1
7787 7788 305 0 305 0 1 1 28 28 0 1 0
7788 7788 305 0 305 0 1 0 28 28 -37822 32 0
7788 8210 305 0 305 0 0 0 28 28 0 422 0
8210 8210 305 0 305 0 0 1 28 28 37983 32 0
8210 8211 305 0 305 0 1 1 28 28 0 1 0
8211 8211 305 0 305 0 1 0 28 28 -37983 32 0
8211 9279 305 0 305 0 0 0 28 28 0 1068 0
9279 9279 305 0 305 0 0 1 28 28 5111 32 0
9279 9282 305 0 305 0 1 1 28 28 0 3 0
9282 9282 305 0 305 0 1 0 28 28 -5111 32 0
9282 9796 305 0 305 0 0 0 28 28 0 514 0
9796 9796 305 0 305 0 0 1 28 28 5383 32 0
9796 9805 305 0 314 0 1 0 28 19 -5383 32 9
9805 10375 314 0 314 0 0 0 19 19 0 570 0
10375 10384 314 0 305 0 0 1 19 10 5682 32 9
10384 10385 305 0 306 0 1 0 10 9 -5682 32 1
10385 11994 306 0 306 0 0 0 9 9 0 1609 0
11994 11995 306 0 305 0 0 1 9 8 6526 32 1
11995 11996 305 0 305 0 1 1 8 8 0 1 0
11996 11996 305 0 305 0 1 0 8 8 -6526 32 0
11996 13623 305 0 305 0 0 0 8 8 0 1627 0
13623 13623 305 0 305 0 0 1 8 8 7274 32 0
13623 13624 305 0 306 0 1 0 8 7 -7274 32 1
13624 15381 306 0 306 0 0 0 7 7 0 1757 0
15381 15382 306 0 305 0 0 1 7 6 8076 32 1
15382 15383 305 0 305 0 1 1 6 6 0 1 0
15383 15383 305 0 305 0 1 0 6 6 -8076 32 0
15383 17616 305 0 305 0 0 0 6 6 0 2233 0
17616 17616 305 0 305 0 0 1 6 6 41769 32 0
17616 17618 305 0 305 0 1 1 6 6 0 2 0
17618 17618 305 0 305 0 1 0 6 6 -41769 32 0
17618 18011 305 0 305 0 0 0 6 6 0 393 0
18011 18011 305 0 305 0 0 1 6 6 41958 32 0
18011 18015 305 0 305 0 1 1 6 6 0 4 0
18015 18015 305 0 305 0 1 0 6 6 -41958 32 0
18015 18555 305 0 305 0 0 0 6 6 0 540 0
18555 18555 305 0 305 0 0 1 6 6 9322 32 0
18555 18557 305 0 307 0 1 0 6 4 -9322 32 2
18557 19102 307 0 307 0 0 0 4 4 0 545 0
19102 19104 307 0 305 0 0 1 4 2 24377 32 2
19104 19105 305 0 305 0 1 1 2 2 0 1 0
19105 19105 305 0 305 0 1 0 2 2 -24377 32 0
19105 19608 305 0 305 0 0 0 2 2 0 503 0
19608 19608 305 0 305 0 0 1 2 2 24596 32 0
19608 19611 305 0 305 0 1 1 2 2 0 3 0
19611 19611 305 0 305 0 1 0 2 2 -24596 32 0
19611 19635 305 0 305 0 0 0 2 2 0 24 0
19635 19635 305 0 305 0 0 1 2 2 9728 32 0
19635 19636 305 0 305 0 1 1 2 2 0 1 0
19636 19636 305 0 305 0 1 0 2 2 -9728 32 0
19636 19977 305 0 305 0 0 0 2 2 0 341 0
19977 19977 305 0 305 0 0 1 2 2 9830 32 0
19977 19978 305 0 305 0 1 1 2 2 0 1 0
19978 19979 305 0 306 0 1 0 2 1 -9830 32 1
19979 21222 306 0 306 0 0 0 1 1 0 1243 0
21222 21223 306 0 305 0 0 1 1 0 43507 32 1
21223 21224 305 0 305 0 1 1 0 0 0 1 0
21224 21224 305 0 305 0 1 0 0 0 -43507 32 0
21224 26648 305 0 305 0 0 0 0 0 0 5424 0
26648 26648 305 0 305 0 0 1 0 0 11979 32 0
26648 26649 305 0 305 0 1 1 0 0 0 1 0
26649 26649 305 0 305 0 1 0 0 0 -11979 32 0
26649 27000 305 0 305 0 0 0 0 0 0 351 0
27000 27000 305 0 305 0 0 1 0 0 28248 32 0
27000 27001 305 0 305 0 1 1 0 0 0 1 0
27001 27001 305 0 305 0 1 0 0 0 -28248 32 0
27001 28230 305 0 305 0 0 0 0 0 0 1229 0
28230 28230 305 0 305 0 0 1 0 0 47419 32 0
28230 28231 305 0 305 0 1 1 0 0 0 1 0
28231 28231 305 0 305 0 1 0 0 0 -47419 32 0
28231 31264 305 0 305 0 0 0 0 0 0 3033 0
31264 31264 305 0 305 0 0 1 0 0 30396 32 0
31264 31266 305 0 305 0 1 1 0 0 0 2 0
31266 31266 305 0 305 0 1 0 0 0 -30396 32 0
31266 34469 305 0 305 0 0 0 0 0 0 3203 0
34469 34469 305 0 305 0 0 1 0 0 31891 32 0
34469 34469 305 0 305 0 1 2 0 0 31890 29 0
34469 34469 305 0 305 0 2 1 0 0 -31890 30 0
34469 34471 305 0 305 0 1 1 0 0 0 2 0
34471 34471 305 0 305 0 1 0 0 0 -31891 32 0
34471 34912 305 0 305 0 0 0 0 0 0 441 0
34912 34912 305 0 305 0 0 1 0 0 32090 32 0
34912 34913 305 0 305 0 1 1 0 0 0 1 0
34913 34913 305 0 305 0 1 0 0 0 -32090 32 0
34913 37862 305 0 305 0 0 0 0 0 0 2949 0
37862 37862 305 0 305 0 0 1 0 0 15018 32 0
37862 37863 305 0 305 0 1 1 0 0 0 1 0
37863 37863 305 0 305 0 1 0 0 0 -15018 32 0
37863 38135 305 0 305 0 0 0 0 0 0 272 0
38135 38135 305 0 305 0 0 1 0 0 33387 32 0
38135 38136 305 0 305 0 1 1 0 0 0 1 0
38136 38136 305 0 305 0 1 0 0 0 -33387 32 0
38136 42798 305 0 305 0 0 0 0 0 0 4662 0
42798 42798 305 0 305 0 0 1 0 0 35015 32 0
42798 42799 305 0 305 0 1 1 0 0 0 1 0
42799 42799 305 0 305 0 1 0 0 0 -35015 32 0
42799 43075 305 0 305 0 0 0 0 0 0 276 0
43075 43075 305 0 305 0 0 1 0 0 17341 32 0
43075 43078 305 0 305 0 1 1 0 0 0 3 0
43078 43078 305 0 305 0 1 0 0 0 -17341 32 0
43078 43267 305 0 305 0 0 0 0 0 0 189 0
43267 43267 305 0 305 0 0 0 0 0 1000000000 0 0
--------------------------------------
--------------------------------------
EV2
--------------------------------------
Num TPs served = 11
TPs served = 5417 5993 6703 8790 9413 9722 9918 9968 10368 10477 11014
Total energy used = 100
--------------------------------------
Schedule:
0 9845 305 0 305 0 0 0 100 100 0 9845 0
9845 9845 305 0 305 0 0 1 100 100 5417 32 0
9845 9847 305 0 305 0 1 1 100 100 0 2 0
9847 9854 305 0 310 2 1 0 100 93 -5417 32 7
9854 10966 310 2 310 2 0 0 93 93 0 1112 0
10966 10973 310 2 305 0 0 1 93 86 5993 32 7
10973 10979 305 0 311 0 1 0 86 80 -5993 32 6
10979 12363 311 0 311 0 0 0 80 80 0 1384 0
12363 12369 311 0 305 0 0 1 80 74 6703 32 6
12369 12371 305 0 305 0 1 1 74 74 0 2 0
12371 12378 305 0 306 6 1 0 74 67 -6703 32 7
12378 17110 306 6 306 6 0 0 67 67 0 4732 0
17110 17117 306 6 305 0 0 1 67 60 8790 32 7
17117 17124 305 0 309 3 1 0 60 53 -8790 32 7
17124 18796 309 3 309 3 0 0 53 53 0 1672 0
18796 18803 309 3 305 0 0 1 53 46 9413 32 7
18803 18804 305 0 305 0 1 1 46 46 0 1 0
18804 18806 305 0 307 0 1 0 46 44 -9413 32 2
18806 19623 307 0 307 0 0 0 44 44 0 817 0
19623 19625 307 0 305 0 0 1 44 42 9722 32 2
19625 19626 305 0 305 0 1 1 42 42 0 1 0
19626 19631 305 0 310 0 1 0 42 37 -9722 32 5
19631 20163 310 0 310 0 0 0 37 37 0 532 0
20163 20168 310 0 305 0 0 1 37 32 9918 32 5
20168 20171 305 0 305 0 1 1 32 32 0 3 0
20171 20172 305 0 305 1 1 0 32 31 -9918 32 1
20172 20313 305 1 305 1 0 0 31 31 0 141 0
20313 20314 305 1 305 0 0 1 31 30 9968 32 1
20314 20316 305 0 306 1 1 0 30 28 -9968 32 2
20316 21473 306 1 306 1 0 0 28 28 0 1157 0
21473 21475 306 1 305 0 0 1 28 26 10368 32 2
21475 21478 305 0 307 1 1 0 26 23 -10368 32 3
21478 21774 307 1 307 1 0 0 23 23 0 296 0
21774 21777 307 1 305 0 0 1 23 20 10477 32 3
21777 21784 305 0 310 2 1 0 20 13 -10477 32 7
21784 23411 310 2 310 2 0 0 13 13 0 1627 0
23411 23418 310 2 305 0 0 1 13 6 11014 32 7
23418 23421 305 0 306 2 1 0 6 3 -11014 32 3
23421 43264 306 2 306 2 0 0 3 3 0 19843 0
43264 43267 306 2 305 0 0 0 3 0 1000000000 0 3
--------------------------------------
--------------------------------------
EV3
--------------------------------------
Num TPs served = 17
TPs served = 10586 10627 11046 11778 12278 12304 12542 12863 13262 13745 14290 14424 14493 14515 17454 30357 30358
Total energy used = 100
--------------------------------------
Schedule:
0 89 305 0 305 0 0 0 100 100 0 89 0
89 89 305 0 305 0 0 1 100 100 17454 32 0
89 92 305 0 305 0 1 1 100 100 0 3 0
92 93 305 0 305 1 1 0 100 99 -17454 32 1
93 22058 305 1 305 1 0 0 99 99 0 21965 0
22058 22059 305 1 305 0 0 1 99 98 10586 32 1
22059 22061 305 0 305 0 1 1 98 98 0 2 0
22061 22067 305 0 309 2 1 0 98 92 -10586 32 6
22067 22178 309 2 309 2 0 0 92 92 0 111 0
22178 22184 309 2 305 0 0 1 92 86 10627 32 6
22184 22191 305 0 312 0 1 0 86 79 -10627 32 7
22191 23487 312 0 312 0 0 0 79 79 0 1296 0
23487 23494 312 0 305 0 0 1 79 72 11046 32 7
23494 23495 305 0 305 0 1 1 72 72 0 1 0
23495 23497 305 0 307 0 1 0 72 70 -11046 32 2
23497 25947 307 0 307 0 0 0 70 70 0 2450 0
25947 25949 307 0 305 0 0 1 70 68 11778 32 2
25949 25951 305 0 305 0 1 1 68 68 0 2 0
25951 25952 305 0 306 0 1 0 68 67 -11778 32 1
25952 27693 306 0 306 0 0 0 67 67 0 1741 0
27693 27694 306 0 305 0 0 1 67 66 12278 32 1
27694 27695 305 0 305 0 1 1 66 66 0 1 0
27695 27696 305 0 305 1 1 0 66 65 -12278 32 1
27696 27772 305 1 305 1 0 0 65 65 0 76 0
27772 27773 305 1 305 0 0 1 65 64 12304 32 1
27773 27774 305 0 306 0 1 0 64 63 -12304 32 1
27774 28597 306 0 306 0 0 0 63 63 0 823 0
28597 28598 306 0 305 0 0 1 63 62 12542 32 1
28598 28599 305 0 305 0 1 1 62 62 0 1 0
28599 28605 305 0 311 0 1 0 62 56 -12542 32 6
28605 29795 311 0 311 0 0 0 56 56 0 1190 0
29795 29801 311 0 305 0 0 1 56 50 12863 32 6
29801 29814 305 0 305 0 1 1 50 50 0 13 0
29814 29820 305 0 307 4 1 0 50 44 -12863 32 6
29820 31175 307 4 307 4 0 0 44 44 0 1355 0
31175 31181 307 4 305 0 0 1 44 38 30358 32 6
31181 31181 305 0 305 0 1 2 38 38 30357 29 0
31181 31188 305 0 305 0 2 2 38 38 0 7 0
31188 31188 305 0 305 0 2 3 38 38 13262 32 0
31188 31189 305 0 305 1 3 2 38 37 -30358 26 1
31189 31190 305 1 306 1 2 1 37 36 -30357 28 1
31190 31194 306 1 307 4 1 0 36 32 -13262 32 4
31194 33011 307 4 307 4 0 0 32 32 0 1817 0
33011 33017 307 4 305 0 0 1 32 26 13745 32 6
33017 33018 305 0 305 1 1 0 26 25 -13745 32 1
33018 35070 305 1 305 1 0 0 25 25 0 2052 0
35070 35071 305 1 305 0 0 1 25 24 14290 32 1
35071 35073 305 0 307 0 1 0 24 22 -14290 32 2
35073 35586 307 0 307 0 0 0 22 22 0 513 0
35586 35588 307 0 305 0 0 1 22 20 14424 32 2
35588 35590 305 0 305 0 1 1 20 20 0 2 0
35590 35595 305 0 308 2 1 0 20 15 -14424 32 5
35595 35811 308 2 308 2 0 0 15 15 0 216 0
35811 35816 308 2 305 0 0 1 15 10 14493 32 5
35816 35819 305 0 307 1 1 0 10 7 -14493 32 3
35819 35910 307 1 307 1 0 0 7 7 0 91 0
35910 35913 307 1 305 0 0 1 7 4 14515 32 3
35913 35915 305 0 307 0 1 0 4 2 -14515 32 2
35915 43265 307 0 307 0 0 0 2 2 0 7350 0
43265 43267 307 0 305 0 0 0 2 0 1000000000 0 2
--------------------------------------

-------------------------------------------------------------------------

TPs

-------------------------------------------------------------------------

----------------------
TP197 allocated to 1
----------------------

----------------------
TP242 allocated to 1
----------------------

----------------------
TP296 allocated to 1
----------------------

----------------------
TP534 allocated to 1
----------------------

----------------------
TP724 allocated to 1
----------------------

----------------------
TP1175 allocated to 1
----------------------

----------------------
TP1968 allocated to 1
----------------------

----------------------
TP2086 allocated to 1
----------------------

----------------------
TP2134 allocated to 1
----------------------

----------------------
TP2221 allocated to 1
----------------------

----------------------
TP2573 allocated to 1
----------------------

----------------------
TP2648 allocated to 1
----------------------

----------------------
TP3370 allocated to 1
----------------------

----------------------
TP3465 allocated to 1
----------------------

----------------------
TP3547 allocated to 1
----------------------

----------------------
TP3898 allocated to 1
----------------------

----------------------
TP4101 allocated to 1
----------------------

----------------------
TP4190 allocated to 1
----------------------

----------------------
TP4201 allocated to 1
----------------------

----------------------
TP4252 allocated to 1
----------------------

----------------------
TP5111 allocated to 1
----------------------

----------------------
TP5383 allocated to 1
----------------------

----------------------
TP5417 allocated to 2
----------------------

----------------------
TP5682 allocated to 1
----------------------

----------------------
TP5993 allocated to 2
----------------------

----------------------
TP6526 allocated to 1
----------------------

----------------------
TP6703 allocated to 2
----------------------

----------------------
TP7274 allocated to 1
----------------------

----------------------
TP8076 allocated to 1
----------------------

----------------------
TP8790 allocated to 2
----------------------

----------------------
TP9322 allocated to 1
----------------------

----------------------
TP9413 allocated to 2
----------------------

----------------------
TP9722 allocated to 2
----------------------

----------------------
TP9728 allocated to 1
----------------------

----------------------
TP9830 allocated to 1
----------------------

----------------------
TP9918 allocated to 2
----------------------

----------------------
TP9968 allocated to 2
----------------------

----------------------
TP10368 allocated to 2
----------------------

----------------------
TP10477 allocated to 2
----------------------

----------------------
TP10586 allocated to 3
----------------------

----------------------
TP10627 allocated to 3
----------------------

----------------------
TP11014 allocated to 2
----------------------

----------------------
TP11046 allocated to 3
----------------------

----------------------
TP11778 allocated to 3
----------------------

----------------------
TP11979 allocated to 1
----------------------

----------------------
TP12278 allocated to 3
----------------------

----------------------
TP12304 allocated to 3
----------------------

----------------------
TP12542 allocated to 3
----------------------

----------------------
TP12863 allocated to 3
----------------------

----------------------
TP13262 allocated to 3
----------------------

----------------------
TP13745 allocated to 3
----------------------

----------------------
TP14290 allocated to 3
----------------------

----------------------
TP14424 allocated to 3
----------------------

----------------------
TP14493 allocated to 3
----------------------

----------------------
TP14515 allocated to 3
----------------------

----------------------
TP14619 not allocated
----------------------

----------------------
TP14937 not allocated
----------------------

----------------------
TP15018 allocated to 1
----------------------

----------------------
TP15763 not allocated
----------------------

----------------------
TP16971 not allocated
----------------------

----------------------
TP17341 allocated to 1
----------------------

----------------------
TP17454 allocated to 3
----------------------

----------------------
TP17750 not allocated
----------------------

----------------------
TP17870 not allocated
----------------------

----------------------
TP17881 allocated to 1
----------------------

----------------------
TP17999 not allocated
----------------------

----------------------
TP18517 allocated to 1
----------------------

----------------------
TP18672 allocated to 1
----------------------

----------------------
TP18713 not allocated
----------------------

----------------------
TP19238 allocated to 1
----------------------

----------------------
TP19263 not allocated
----------------------

----------------------
TP19426 not allocated
----------------------

----------------------
TP19823 not allocated
----------------------

----------------------
TP20435 not allocated
----------------------

----------------------
TP20444 not allocated
----------------------

----------------------
TP20692 not allocated
----------------------

----------------------
TP20712 not allocated
----------------------

----------------------
TP21070 not allocated
----------------------

----------------------
TP21129 not allocated
----------------------

----------------------
TP21228 not allocated
----------------------

----------------------
TP21333 not allocated
----------------------

----------------------
TP21617 not allocated
----------------------

----------------------
TP21618 not allocated
----------------------

----------------------
TP21678 not allocated
----------------------

----------------------
TP21955 not allocated
----------------------

----------------------
TP22019 not allocated
----------------------

----------------------
TP22478 not allocated
----------------------

----------------------
TP22482 not allocated
----------------------

----------------------
TP22631 not allocated
----------------------

----------------------
TP22890 not allocated
----------------------

----------------------
TP23930 not allocated
----------------------

----------------------
TP24011 not allocated
----------------------

----------------------
TP24377 allocated to 1
----------------------

----------------------
TP24596 allocated to 1
----------------------

----------------------
TP24953 not allocated
----------------------

----------------------
TP25142 not allocated
----------------------

----------------------
TP25380 not allocated
----------------------

----------------------
TP25466 not allocated
----------------------

----------------------
TP26633 not allocated
----------------------

----------------------
TP26771 not allocated
----------------------

----------------------
TP27231 not allocated
----------------------

----------------------
TP27873 not allocated
----------------------

----------------------
TP28248 allocated to 1
----------------------

----------------------
TP28408 not allocated
----------------------

----------------------
TP28938 not allocated
----------------------

----------------------
TP29277 not allocated
----------------------

----------------------
TP29440 not allocated
----------------------

----------------------
TP29539 not allocated
----------------------

----------------------
TP29793 not allocated
----------------------

----------------------
TP30357 allocated to 3
----------------------

----------------------
TP30358 allocated to 3
----------------------

----------------------
TP30396 allocated to 1
----------------------

----------------------
TP30716 not allocated
----------------------

----------------------
TP31231 not allocated
----------------------

----------------------
TP31559 not allocated
----------------------

----------------------
TP31890 allocated to 1
----------------------

----------------------
TP31891 allocated to 1
----------------------

----------------------
TP32090 allocated to 1
----------------------

----------------------
TP32673 not allocated
----------------------

----------------------
TP32788 not allocated
----------------------

----------------------
TP33270 not allocated
----------------------

----------------------
TP33387 allocated to 1
----------------------

----------------------
TP33410 not allocated
----------------------

----------------------
TP33469 not allocated
----------------------

----------------------
TP33667 not allocated
----------------------

----------------------
TP33811 not allocated
----------------------

----------------------
TP33846 not allocated
----------------------

----------------------
TP34124 not allocated
----------------------

----------------------
TP34811 not allocated
----------------------

----------------------
TP35015 allocated to 1
----------------------

----------------------
TP35173 not allocated
----------------------

----------------------
TP35627 not allocated
----------------------

----------------------
TP35854 allocated to 1
----------------------

----------------------
TP35865 not allocated
----------------------

----------------------
TP36769 not allocated
----------------------

----------------------
TP37027 not allocated
----------------------

----------------------
TP37691 not allocated
----------------------

----------------------
TP37822 allocated to 1
----------------------

----------------------
TP37983 allocated to 1
----------------------

----------------------
TP38032 not allocated
----------------------

----------------------
TP38126 not allocated
----------------------

----------------------
TP38206 not allocated
----------------------

----------------------
TP39241 not allocated
----------------------

----------------------
TP39258 not allocated
----------------------

----------------------
TP39813 not allocated
----------------------

----------------------
TP39955 not allocated
----------------------

----------------------
TP40102 not allocated
----------------------

----------------------
TP40105 not allocated
----------------------

----------------------
TP40712 not allocated
----------------------

----------------------
TP40942 not allocated
----------------------

----------------------
TP41050 not allocated
----------------------

----------------------
TP41769 allocated to 1
----------------------

----------------------
TP41958 allocated to 1
----------------------

----------------------
TP42052 not allocated
----------------------

----------------------
TP42820 not allocated
----------------------

----------------------
TP43004 not allocated
----------------------

----------------------
TP43070 not allocated
----------------------

----------------------
TP43398 not allocated
----------------------

----------------------
TP43416 not allocated
----------------------

----------------------
TP43507 allocated to 1
----------------------

----------------------
TP43567 not allocated
----------------------

----------------------
TP44119 not allocated
----------------------

----------------------
TP44323 not allocated
----------------------

----------------------
TP44359 not allocated
----------------------

----------------------
TP44483 not allocated
----------------------

----------------------
TP44682 not allocated
----------------------

----------------------
TP45042 not allocated
----------------------

----------------------
TP45116 not allocated
----------------------

----------------------
TP45494 not allocated
----------------------

----------------------
TP45784 not allocated
----------------------

----------------------
TP46396 not allocated
----------------------

----------------------
TP46510 not allocated
----------------------

----------------------
TP47176 not allocated
----------------------

----------------------
TP47419 allocated to 1
----------------------

----------------------
TP47445 not allocated
----------------------

----------------------
TP47517 not allocated
----------------------

----------------------
TP47533 not allocated
----------------------

----------------------
TP47748 not allocated
----------------------

----------------------
TP48084 not allocated
----------------------

----------------------
TP48349 not allocated
----------------------

----------------------
TP48420 not allocated
----------------------

----------------------
TP48613 not allocated
----------------------

----------------------
TP48802 not allocated
----------------------

----------------------
TP49849 not allocated
----------------------

----------------------
TP49877 not allocated
----------------------

-------------------------------------------------------------------------

Ride-sharing vs Individual Mode - Num Vehicles and Distance Comparisson 

-------------------------------------------------------------------------
Individual Mode = 185 vehicles.
Ride-sharing Mode = 108 vehicles. The 3 ride-sharing vehicles + 105 vehicles of the individuals not served by the ride-sharing service.
-------------------------------------------------------------------------
Individual Mode = 412 distance.
Ride-sharing Mode = 556 distance. 300 from the EV fleet + 256 from the distance of the trips not covered individuals had to do with their own vehicle.
-------------------------------------------------------------------------
