-------------------------------------------------------------------------
TPs satisfied = 209; Total TPs = 218; Percentage Satisfied + 95.89999999999999%
-------------------------------------------------------------------------

-------------------------------------------------------------------------

EVs

-------------------------------------------------------------------------
--------------------------------------
EV1
--------------------------------------
Num TPs served = 39
TPs served = 135 333 520 1033 1052 1072 1243 2277 2537 2991 3494 3609 3660 3779 3799 4032 4221 4328 4473 8073 8829 9587 11644 19589 20740 20918 24361 25415 28137 28666 29469 31266 31366 34223 34967 36966 36967 37255 41866
Total energy used = 100
--------------------------------------
Schedule:
0 263 488 682 488 682 0 0 100 100 0 263 0
263 263 488 682 488 682 0 1 100 100 135 32 0
263 266 488 682 490 683 1 0 100 97 -135 32 3
266 639 490 683 490 683 0 0 97 97 0 373 0
639 642 490 683 488 682 0 1 97 94 333 32 3
642 643 488 682 488 682 1 1 94 94 0 1 0
643 647 488 682 492 682 1 0 94 90 -333 32 4
647 930 492 682 492 682 0 0 90 90 0 283 0
930 934 492 682 488 682 0 1 90 86 520 32 4
934 935 488 682 489 682 1 0 86 85 -520 32 1
935 1846 489 682 489 682 0 0 85 85 0 911 0
1846 1847 489 682 488 682 0 1 85 84 1052 32 1
1847 1847 488 682 488 682 1 2 84 84 1033 5 0
1847 1848 488 682 488 682 2 2 84 84 0 1 0
1848 1850 488 682 490 682 2 1 84 82 -1052 32 2
1850 1850 490 682 490 682 1 0 82 82 -1033 4 0
1850 1876 490 682 490 682 0 0 82 82 0 26 0
1876 1878 490 682 488 682 0 1 82 80 1072 32 2
1878 1879 488 682 488 682 1 1 80 80 0 1 0
1879 1881 488 682 489 683 1 0 80 78 -1072 32 2
1881 2166 489 683 489 683 0 0 78 78 0 285 0
2166 2168 489 683 488 682 0 1 78 76 1243 32 2
2168 2173 488 682 493 682 1 0 76 71 -1243 32 5
2173 4032 493 682 493 682 0 0 71 71 0 1859 0
4032 4037 493 682 488 682 0 1 71 66 2277 32 5
4037 4038 488 682 488 683 1 0 66 65 -2277 32 1
4038 4505 488 683 488 683 0 0 65 65 0 467 0
4505 4506 488 683 488 682 0 1 65 64 2537 32 1
4506 4507 488 682 488 682 1 1 64 64 0 1 0
4507 4508 488 682 489 682 1 0 64 63 -2537 32 1
4508 5340 489 682 489 682 0 0 63 63 0 832 0
5340 5341 489 682 488 682 0 1 63 62 36967 32 1
5341 5341 488 682 488 682 1 2 62 62 36966 31 0
5341 5341 488 682 488 682 2 3 62 62 2991 26 0
5341 5343 488 682 490 682 3 2 62 60 -36966 31 2
5343 5344 490 682 490 682 2 2 60 60 0 1 0
5344 5345 490 682 490 683 2 1 60 59 -36967 32 1
5345 5346 490 683 491 683 1 0 59 58 -2991 25 1
5346 6202 491 683 491 683 0 0 58 58 0 856 0
6202 6206 491 683 488 682 0 1 58 54 37255 32 4
6206 6228 488 682 488 682 1 1 54 54 0 22 0
6228 6228 488 682 488 682 1 2 54 54 3494 32 0
6228 6230 488 682 488 684 2 1 54 52 -37255 10 2
6230 6235 488 684 492 685 1 0 52 47 -3494 32 5
6235 6457 492 685 492 685 0 0 47 47 0 222 0
6457 6464 492 685 488 682 0 1 47 40 3609 32 7
6464 6465 488 682 488 682 1 1 40 40 0 1 0
6465 6471 488 682 492 684 1 0 40 34 -3609 32 6
6471 6557 492 684 492 684 0 0 34 34 0 86 0
6557 6563 492 684 488 682 0 1 34 28 3660 32 6
6563 6564 488 682 489 682 1 0 28 27 -3660 32 1
6564 6775 489 682 489 682 0 0 27 27 0 211 0
6775 6776 489 682 488 682 0 1 27 26 3779 32 1
6776 6777 488 682 488 682 1 1 26 26 0 1 0
6777 6779 488 682 490 682 1 0 26 24 -3779 32 2
6779 6833 490 682 490 682 0 0 24 24 0 54 0
6833 6835 490 682 488 682 0 1 24 22 19589 32 2
6835 6835 488 682 488 682 1 2 22 22 3799 9 0
6835 6836 488 682 488 682 2 2 22 22 0 1 0
6836 6836 488 682 488 682 2 1 22 22 -19589 32 0
6836 6838 488 682 489 683 1 0 22 20 -3799 8 2
6838 7247 489 683 489 683 0 0 20 20 0 409 0
7247 7249 489 683 488 682 0 1 20 18 4032 32 2
7249 7250 488 682 488 682 1 1 18 18 0 1 0
7250 7254 488 682 492 682 1 0 18 14 -4032 32 4
7254 7588 492 682 492 682 0 0 14 14 0 334 0
7588 7592 492 682 488 682 0 1 14 10 4221 32 4
7592 7594 488 682 488 682 1 1 10 10 0 2 0
7594 7597 488 682 491 682 1 0 10 7 -4221 32 3
7597 7779 491 682 491 682 0 0 7 7 0 182 0
7779 7782 491 682 488 682 0 1 7 4 4328 32 3
7782 7783 488 682 488 682 1 1 4 4 0 1 0
7783 7783 488 682 488 682 1 0 4 4 -4328 32 0
7783 8061 488 682 488 682 0 0 4 4 0 278 0
8061 8061 488 682 488 682 0 1 4 4 4473 32 0
8061 8065 488 682 488 682 1 1 4 4 0 4 0
8065 8067 488 682 490 682 1 0 4 2 -4473 32 2
8067 10069 490 682 490 682 0 0 2 2 0 2002 0
10069 10071 490 682 488 682 0 1 2 0 20740 32 2
10071 10072 488 682 488 682 1 1 0 0 0 1 0
10072 10072 488 682 488 682 1 0 0 0 -20740 32 0
10072 10549 488 682 488 682 0 0 0 0 0 477 0
10549 10549 488 682 488 682 0 1 0 0 20918 32 0
10549 10551 488 682 488 682 1 1 0 0 0 2 0
10551 10551 488 682 488 682 1 0 0 0 -20918 32 0
10551 15377 488 682 488 682 0 0 0 0 0 4826 0
15377 15377 488 682 488 682 0 1 0 0 8073 32 0
15377 15378 488 682 488 682 1 1 0 0 0 1 0
15378 15378 488 682 488 682 1 0 0 0 -8073 32 0
15378 17200 488 682 488 682 0 0 0 0 0 1822 0
17200 17200 488 682 488 682 0 1 0 0 8829 32 0
17200 17201 488 682 488 682 1 1 0 0 0 1 0
17201 17201 488 682 488 682 1 0 0 0 -8829 32 0
17201 17825 488 682 488 682 0 0 0 0 0 624 0
17825 17825 488 682 488 682 0 1 0 0 41866 32 0
17825 17826 488 682 488 682 1 1 0 0 0 1 0
17826 17826 488 682 488 682 1 0 0 0 -41866 32 0
17826 19069 488 682 488 682 0 0 0 0 0 1243 0
19069 19069 488 682 488 682 0 1 0 0 24361 32 0
19069 19070 488 682 488 682 1 1 0 0 0 1 0
19070 19070 488 682 488 682 1 0 0 0 -24361 32 0
19070 19252 488 682 488 682 0 0 0 0 0 182 0
19252 19252 488 682 488 682 0 1 0 0 9587 32 0
19252 19253 488 682 488 682 1 1 0 0 0 1 0
19253 19253 488 682 488 682 1 0 0 0 -9587 32 0
19253 21394 488 682 488 682 0 0 0 0 0 2141 0
21394 21394 488 682 488 682 0 1 0 0 25415 32 0
21394 21396 488 682 488 682 1 1 0 0 0 2 0
21396 21396 488 682 488 682 1 0 0 0 -25415 32 0
21396 25495 488 682 488 682 0 0 0 0 0 4099 0
25495 25495 488 682 488 682 0 1 0 0 11644 32 0
25495 25496 488 682 488 682 1 1 0 0 0 1 0
25496 25496 488 682 488 682 1 0 0 0 -11644 32 0
25496 26785 488 682 488 682 0 0 0 0 0 1289 0
26785 26785 488 682 488 682 0 1 0 0 28137 32 0
26785 26786 488 682 488 682 1 1 0 0 0 1 0
26786 26786 488 682 488 682 1 0 0 0 -28137 32 0
26786 27800 488 682 488 682 0 0 0 0 0 1014 0
27800 27800 488 682 488 682 0 1 0 0 28666 32 0
27800 27802 488 682 488 682 1 1 0 0 0 2 0
27802 27802 488 682 488 682 1 0 0 0 -28666 32 0
27802 29453 488 682 488 682 0 0 0 0 0 1651 0
29453 29453 488 682 488 682 0 1 0 0 29469 32 0
29453 29454 488 682 488 682 1 1 0 0 0 1 0
29454 29454 488 682 488 682 1 0 0 0 -29469 32 0
29454 33085 488 682 488 682 0 0 0 0 0 3631 0
33085 33085 488 682 488 682 0 1 0 0 31266 32 0
33085 33087 488 682 488 682 1 1 0 0 0 2 0
33087 33087 488 682 488 682 1 0 0 0 -31266 32 0
33087 33309 488 682 488 682 0 0 0 0 0 222 0
33309 33309 488 682 488 682 0 1 0 0 31366 32 0
33309 33311 488 682 488 682 1 1 0 0 0 2 0
33311 33311 488 682 488 682 1 0 0 0 -31366 32 0
33311 40408 488 682 488 682 0 0 0 0 0 7097 0
40408 40408 488 682 488 682 0 1 0 0 34223 32 0
40408 40410 488 682 488 682 1 1 0 0 0 2 0
40410 40410 488 682 488 682 1 0 0 0 -34223 32 0
40410 42689 488 682 488 682 0 0 0 0 0 2279 0
42689 42689 488 682 488 682 0 1 0 0 34967 32 0
42689 42690 488 682 488 682 1 1 0 0 0 1 0
42690 42690 488 682 488 682 1 0 0 0 -34967 32 0
42690 43267 488 682 488 682 0 0 0 0 0 577 0
43267 43267 488 682 488 682 0 0 0 0 1000000000 0 0
--------------------------------------
--------------------------------------
EV2
--------------------------------------
Num TPs served = 19
TPs served = 4345 4649 4696 4886 5145 5273 5437 5991 6058 6181 6651 6867 6929 6999 7071 7163 7478 7574 7976
Total energy used = 100
--------------------------------------
Schedule:
0 7811 488 682 488 682 0 0 100 100 0 7811 0
7811 7811 488 682 488 682 0 1 100 100 4345 32 0
7811 7814 488 682 488 682 1 1 100 100 0 3 0
7814 7820 488 682 492 684 1 0 100 94 -4345 32 6
7820 8399 492 684 492 684 0 0 94 94 0 579 0
8399 8405 492 684 488 682 0 1 94 88 4649 32 6
8405 8407 488 682 488 682 1 1 88 88 0 2 0
8407 8409 488 682 490 682 1 0 88 86 -4649 32 2
8409 8517 490 682 490 682 0 0 86 86 0 108 0
8517 8519 490 682 488 682 0 1 86 84 4696 32 2
8519 8521 488 682 488 682 1 1 84 84 0 2 0
8521 8523 488 682 489 683 1 0 84 82 -4696 32 2
8523 8874 489 683 489 683 0 0 82 82 0 351 0
8874 8876 489 683 488 682 0 1 82 80 4886 32 2
8876 8877 488 682 488 682 1 1 80 80 0 1 0
8877 8880 488 682 490 683 1 0 80 77 -4886 32 3
8880 9340 490 683 490 683 0 0 77 77 0 460 0
9340 9343 490 683 488 682 0 1 77 74 5145 32 3
9343 9351 488 682 488 682 1 1 74 74 0 8 0
9351 9362 488 682 499 682 1 0 74 63 -5145 32 11
9362 9571 499 682 499 682 0 0 63 63 0 209 0
9571 9582 499 682 488 682 0 1 63 52 5273 32 11
9582 9583 488 682 488 682 1 1 52 52 0 1 0
9583 9585 488 682 489 683 1 0 52 50 -5273 32 2
9585 9882 489 683 489 683 0 0 50 50 0 297 0
9882 9884 489 683 488 682 0 1 50 48 5437 32 2
9884 9885 488 682 488 682 1 1 48 48 0 1 0
9885 9888 488 682 489 684 1 0 48 45 -5437 32 3
9888 10967 489 684 489 684 0 0 45 45 0 1079 0
10967 10970 489 684 488 682 0 1 45 42 5991 32 3
10970 10975 488 682 488 682 1 1 42 42 0 5 0
10975 10976 488 682 488 683 1 0 42 41 -5991 32 1
10976 11097 488 683 488 683 0 0 41 41 0 121 0
11097 11098 488 683 488 682 0 1 41 40 6058 32 1
11098 11100 488 682 488 682 1 1 40 40 0 2 0
11100 11101 488 682 489 682 1 0 40 39 -6058 32 1
11101 11331 489 682 489 682 0 0 39 39 0 230 0
11331 11332 489 682 488 682 0 1 39 38 6181 32 1
11332 11333 488 682 488 682 1 1 38 38 0 1 0
11333 11334 488 682 488 683 1 0 38 37 -6181 32 1
11334 12263 488 683 488 683 0 0 37 37 0 929 0
12263 12264 488 683 488 682 0 1 37 36 6651 32 1
12264 12266 488 682 490 682 1 0 36 34 -6651 32 2
12266 12703 490 682 490 682 0 0 34 34 0 437 0
12703 12705 490 682 488 682 0 1 34 32 6867 32 2
12705 12707 488 682 490 682 1 0 32 30 -6867 32 2
12707 12850 490 682 490 682 0 0 30 30 0 143 0
12850 12852 490 682 488 682 0 1 30 28 6929 32 2
12852 12854 488 682 488 684 1 0 28 26 -6929 32 2
12854 13003 488 684 488 684 0 0 26 26 0 149 0
13003 13005 488 684 488 682 0 1 26 24 6999 32 2
13005 13008 488 682 488 682 1 1 24 24 0 3 0
13008 13010 488 682 489 683 1 0 24 22 -6999 32 2
13010 13154 489 683 489 683 0 0 22 22 0 144 0
13154 13156 489 683 488 682 0 1 22 20 7071 32 2
13156 13157 488 682 488 682 1 1 20 20 0 1 0
13157 13160 488 682 489 684 1 0 20 17 -7071 32 3
13160 13378 489 684 489 684 0 0 17 17 0 218 0
13378 13381 489 684 488 682 0 1 17 14 7163 32 3
13381 13382 488 682 488 682 1 1 14 14 0 1 0
13382 13383 488 682 489 682 1 0 14 13 -7163 32 1
13383 14078 489 682 489 682 0 0 13 13 0 695 0
14078 14079 489 682 488 682 0 1 13 12 7478 32 1
14079 14080 488 682 489 682 1 0 12 11 -7478 32 1
14080 14257 489 682 489 682 0 0 11 11 0 177 0
14257 14258 489 682 488 682 0 1 11 10 7574 32 1
14258 14262 488 682 492 682 1 0 10 6 -7574 32 4
14262 15143 492 682 492 682 0 0 6 6 0 881 0
15143 15147 492 682 488 682 0 1 6 2 7976 32 4
15147 15148 488 682 488 683 1 0 2 1 -7976 32 1
15148 43266 488 683 488 683 0 0 1 1 0 28118 0
43266 43267 488 683 488 682 0 0 1 0 1000000000 0 1
--------------------------------------
--------------------------------------
EV3
--------------------------------------
Num TPs served = 15
TPs served = 7962 8371 8523 9411 9644 9652 10210 10680 10716 10752 10815 11065 11752 24245 25900
Total energy used = 100
--------------------------------------
Schedule:
0 15114 488 682 488 682 0 0 100 100 0 15114 0
15114 15114 488 682 488 682 0 1 100 100 7962 32 0
15114 15116 488 682 488 682 1 1 100 100 0 2 0
15116 15123 488 682 495 682 1 0 100 93 -7962 32 7
15123 16082 495 682 495 682 0 0 93 93 0 959 0
16082 16089 495 682 488 682 0 1 93 86 8371 32 7
16089 16091 488 682 490 682 1 0 86 84 -8371 32 2
16091 16412 490 682 490 682 0 0 84 84 0 321 0
16412 16414 490 682 488 682 0 1 84 82 8523 32 2
16414 16415 488 682 488 682 1 1 82 82 0 1 0
16415 16418 488 682 491 682 1 0 82 79 -8523 32 3
16418 18807 491 682 491 682 0 0 79 79 0 2389 0
18807 18810 491 682 488 682 0 1 79 76 24245 32 3
18810 18810 488 682 488 682 1 2 76 76 9411 23 0
18810 18812 488 682 488 682 2 2 76 76 0 2 0
18812 18814 488 682 490 682 2 1 76 74 -24245 32 2
18814 18821 490 682 497 682 1 0 74 67 -9411 21 7
18821 19414 497 682 497 682 0 0 67 67 0 593 0
19414 19423 497 682 488 682 0 1 67 58 9652 32 9
19423 19423 488 682 488 682 1 2 58 58 9644 17 0
19423 19424 488 682 488 682 2 2 58 58 0 1 0
19424 19428 488 682 488 686 2 1 58 54 -9652 32 4
19428 19432 488 686 489 683 1 0 54 50 -9644 10 4
19432 20996 489 683 489 683 0 0 50 50 0 1564 0
20996 20998 489 683 488 682 0 1 50 48 10210 32 2
20998 20999 488 682 488 682 1 1 48 48 0 1 0
20999 21004 488 682 493 682 1 0 48 43 -10210 32 5
21004 22325 493 682 493 682 0 0 43 43 0 1321 0
22325 22330 493 682 488 682 0 1 43 38 10680 32 5
22330 22331 488 682 488 683 1 0 38 37 -10680 32 1
22331 22443 488 683 488 683 0 0 37 37 0 112 0
22443 22444 488 683 488 682 0 1 37 36 25900 32 1
22444 22460 488 682 488 682 1 1 36 36 0 16 0
22460 22460 488 682 488 682 1 2 36 36 10716 32 0
22460 22462 488 682 490 682 2 1 36 34 -25900 16 2
22462 22464 490 682 491 683 1 0 34 32 -10716 32 2
22464 22565 491 683 491 683 0 0 32 32 0 101 0
22565 22569 491 683 488 682 0 1 32 28 10752 32 4
22569 22577 488 682 495 683 1 0 28 20 -10752 32 8
22577 22778 495 683 495 683 0 0 20 20 0 201 0
22778 22786 495 683 488 682 0 1 20 12 10815 32 8
22786 22787 488 682 488 682 1 1 12 12 0 1 0
22787 22790 488 682 490 683 1 0 12 9 -10815 32 3
22790 23580 490 683 490 683 0 0 9 9 0 790 0
23580 23583 490 683 488 682 0 1 9 6 11065 32 3
23583 23584 488 682 488 682 1 1 6 6 0 1 0
23584 23585 488 682 488 683 1 0 6 5 -11065 32 1
23585 25839 488 683 488 683 0 0 5 5 0 2254 0
25839 25840 488 683 488 682 0 1 5 4 11752 32 1
25840 25842 488 682 489 683 1 0 4 2 -11752 32 2
25842 43265 489 683 489 683 0 0 2 2 0 17423 0
43265 43267 489 683 488 682 0 0 2 0 1000000000 0 2
--------------------------------------
--------------------------------------
EV4
--------------------------------------
Num TPs served = 23
TPs served = 11405 11794 11950 12112 12127 12336 12710 12830 13035 13347 13556 13737 14110 14190 14581 14738 14814 15260 15932 16316 16332 29587 46750
Total energy used = 100
--------------------------------------
Schedule:
0 24666 488 682 488 682 0 0 100 100 0 24666 0
24666 24666 488 682 488 682 0 1 100 100 11405 32 0
24666 24668 488 682 488 682 1 1 100 100 0 2 0
24668 24672 488 682 491 683 1 0 100 96 -11405 32 4
24672 25992 491 683 491 683 0 0 96 96 0 1320 0
25992 25996 491 683 488 682 0 1 96 92 11794 32 4
25996 25997 488 682 488 682 1 1 92 92 0 1 0
25997 25998 488 682 489 682 1 0 92 91 -11794 32 1
25998 26538 489 682 489 682 0 0 91 91 0 540 0
26538 26539 489 682 488 682 0 1 91 90 11950 32 1
26539 26540 488 682 489 682 1 0 90 89 -11950 32 1
26540 27137 489 682 489 682 0 0 89 89 0 597 0
27137 27138 489 682 488 682 0 1 89 88 46750 32 1
27138 27162 488 682 488 682 1 1 88 88 0 24 0
27162 27162 488 682 488 682 1 2 88 88 12127 32 0
27162 27162 488 682 488 682 2 3 88 88 12112 2 0
27162 27163 488 682 488 683 3 2 88 87 -46750 8 1
27163 27163 488 683 488 683 2 1 87 87 -12112 3 0
27163 27166 488 683 490 682 1 0 87 84 -12127 31 3
27166 27877 490 682 490 682 0 0 84 84 0 711 0
27877 27879 490 682 488 682 0 1 84 82 12336 32 2
27879 27881 488 682 490 682 1 0 82 80 -12336 32 2
27881 29238 490 682 490 682 0 0 80 80 0 1357 0
29238 29240 490 682 488 682 0 1 80 78 12710 32 2
29240 29241 488 682 488 682 1 1 78 78 0 1 0
29241 29243 488 682 490 682 1 0 78 76 -12710 32 2
29243 29680 490 682 490 682 0 0 76 76 0 437 0
29680 29682 490 682 488 682 0 1 76 74 29587 32 2
29682 29682 488 682 488 682 1 2 74 74 12830 18 0
29682 29683 488 682 489 682 2 1 74 73 -29587 32 1
29683 29683 489 682 489 682 1 0 73 73 -12830 18 0
29683 30409 489 682 489 682 0 0 73 73 0 726 0
30409 30410 489 682 488 682 0 1 73 72 13035 32 1
30410 30411 488 682 488 682 1 1 72 72 0 1 0
30411 30415 488 682 492 682 1 0 72 68 -13035 32 4
30415 31477 492 682 492 682 0 0 68 68 0 1062 0
31477 31481 492 682 488 682 0 1 68 64 13347 32 4
31481 31485 488 682 489 685 1 0 64 60 -13347 32 4
31485 32325 489 685 489 685 0 0 60 60 0 840 0
32325 32329 489 685 488 682 0 1 60 56 13556 32 4
32329 32330 488 682 488 683 1 0 56 55 -13556 32 1
32330 32972 488 683 488 683 0 0 55 55 0 642 0
32972 32973 488 683 488 682 0 1 55 54 13737 32 1
32973 32982 488 682 494 685 1 0 54 45 -13737 32 9
32982 34385 494 685 494 685 0 0 45 45 0 1403 0
34385 34394 494 685 488 682 0 1 45 36 14110 32 9
34394 34396 488 682 489 683 1 0 36 34 -14110 32 2
34396 34684 489 683 489 683 0 0 34 34 0 288 0
34684 34686 489 683 488 682 0 1 34 32 14190 32 2
34686 34689 488 682 488 682 1 1 32 32 0 3 0
34689 34690 488 682 488 683 1 0 32 31 -14190 32 1
34690 36178 488 683 488 683 0 0 31 31 0 1488 0
36178 36179 488 683 488 682 0 1 31 30 14581 32 1
36179 36183 488 682 492 682 1 0 30 26 -14581 32 4
36183 36826 492 682 492 682 0 0 26 26 0 643 0
36826 36830 492 682 488 682 0 1 26 22 14738 32 4
36830 36831 488 682 488 682 1 1 22 22 0 1 0
36831 36832 488 682 488 683 1 0 22 21 -14738 32 1
36832 37090 488 683 488 683 0 0 21 21 0 258 0
37090 37091 488 683 488 682 0 1 21 20 14814 32 1
37091 37092 488 682 489 682 1 0 20 19 -14814 32 1
37092 38799 489 682 489 682 0 0 19 19 0 1707 0
38799 38800 489 682 488 682 0 1 19 18 15260 32 1
38800 38801 488 682 489 682 1 0 18 17 -15260 32 1
38801 40615 489 682 489 682 0 0 17 17 0 1814 0
40615 40616 489 682 488 682 0 1 17 16 15932 32 1
40616 40617 488 682 488 682 1 1 16 16 0 1 0
40617 40623 488 682 494 682 1 0 16 10 -15932 32 6
40623 41312 494 682 494 682 0 0 10 10 0 689 0
41312 41318 494 682 488 682 0 1 10 4 16332 32 6
41318 41318 488 682 488 682 1 2 4 4 16316 9 0
41318 41320 488 682 489 683 2 1 4 2 -16332 32 2
41320 41321 489 683 489 682 1 0 2 1 -16316 8 1
41321 43266 489 682 489 682 0 0 1 1 0 1945 0
43266 43267 489 682 488 682 0 0 1 0 1000000000 0 1
--------------------------------------
--------------------------------------
EV5
--------------------------------------
Num TPs served = 24
TPs served = 16150 16828 17113 18458 18461 18475 19322 19365 19482 19532 19661 20306 20422 20750 20823 20980 21150 21313 21392 22014 22732 22754 22786 23254
Total energy used = 100
--------------------------------------
Schedule:
0 3261 488 682 488 682 0 0 100 100 0 3261 0
3261 3261 488 682 488 682 0 1 100 100 18461 32 0
3261 3261 488 682 488 682 1 2 100 100 18458 27 0
3261 3264 488 682 491 682 2 1 100 97 -18461 32 3
3264 3266 491 682 490 683 1 0 97 95 -18458 25 2
3266 3307 490 683 490 683 0 0 95 95 0 41 0
3307 3310 490 683 488 682 0 1 95 92 18475 32 3
3310 3311 488 682 488 682 1 1 92 92 0 1 0
3311 3312 488 682 489 682 1 0 92 91 -18475 32 1
3312 5954 489 682 489 682 0 0 91 91 0 2642 0
5954 5955 489 682 488 682 0 1 91 90 19322 32 1
5955 5956 488 682 488 682 1 1 90 90 0 1 0
5956 5959 488 682 490 683 1 0 90 87 -19322 32 3
5959 6092 490 683 490 683 0 0 87 87 0 133 0
6092 6095 490 683 488 682 0 1 87 84 19365 32 3
6095 6097 488 682 488 682 1 1 84 84 0 2 0
6097 6099 488 682 490 682 1 0 84 82 -19365 32 2
6099 6496 490 682 490 682 0 0 82 82 0 397 0
6496 6498 490 682 488 682 0 1 82 80 19482 32 2
6498 6500 488 682 490 682 1 0 80 78 -19482 32 2
6500 6671 490 682 490 682 0 0 78 78 0 171 0
6671 6673 490 682 488 682 0 1 78 76 19532 32 2
6673 6676 488 682 489 684 1 0 76 73 -19532 32 3
6676 7047 489 684 489 684 0 0 73 73 0 371 0
7047 7050 489 684 488 682 0 1 73 70 19661 32 3
7050 7052 488 682 489 683 1 0 70 68 -19661 32 2
7052 8902 489 683 489 683 0 0 68 68 0 1850 0
8902 8904 489 683 488 682 0 1 68 66 20306 32 2
8904 8907 488 682 491 682 1 0 66 63 -20306 32 3
8907 9225 491 682 491 682 0 0 63 63 0 318 0
9225 9228 491 682 488 682 0 1 63 60 20422 32 3
9228 9229 488 682 488 683 1 0 60 59 -20422 32 1
9229 10092 488 683 488 683 0 0 59 59 0 863 0
10092 10093 488 683 488 682 0 1 59 58 20750 32 1
10093 10094 488 682 488 682 1 1 58 58 0 1 0
10094 10095 488 682 488 683 1 0 58 57 -20750 32 1
10095 10306 488 683 488 683 0 0 57 57 0 211 0
10306 10307 488 683 488 682 0 1 57 56 20823 32 1
10307 10320 488 682 488 682 1 1 56 56 0 13 0
10320 10322 488 682 489 683 1 0 56 54 -20823 32 2
10322 10699 489 683 489 683 0 0 54 54 0 377 0
10699 10701 489 683 488 682 0 1 54 52 20980 32 2
10701 10705 488 682 492 682 1 0 52 48 -20980 32 4
10705 11153 492 682 492 682 0 0 48 48 0 448 0
11153 11157 492 682 488 682 0 1 48 44 21150 32 4
11157 11158 488 682 488 682 1 1 44 44 0 1 0
11158 11160 488 682 490 682 1 0 44 42 -21150 32 2
11160 11591 490 682 490 682 0 0 42 42 0 431 0
11591 11593 490 682 488 682 0 1 42 40 21313 32 2
11593 11595 488 682 488 684 1 0 40 38 -21313 32 2
11595 11823 488 684 488 684 0 0 38 38 0 228 0
11823 11825 488 684 488 682 0 1 38 36 21392 32 2
11825 11827 488 682 488 682 1 1 36 36 0 2 0
11827 11832 488 682 489 686 1 0 36 31 -21392 32 5
11832 13500 489 686 489 686 0 0 31 31 0 1668 0
13500 13505 489 686 488 682 0 1 31 26 22014 32 5
13505 13507 488 682 490 682 1 0 26 24 -22014 32 2
13507 15331 490 682 490 682 0 0 24 24 0 1824 0
15331 15333 490 682 488 682 0 1 24 22 22732 32 2
15333 15335 488 682 488 684 1 0 22 20 -22732 32 2
15335 15386 488 684 488 684 0 0 20 20 0 51 0
15386 15388 488 684 488 682 0 1 20 18 22754 32 2
15388 15389 488 682 488 682 1 1 18 18 0 1 0
15389 15390 488 682 489 682 1 0 18 17 -22754 32 1
15390 15461 489 682 489 682 0 0 17 17 0 71 0
15461 15462 489 682 488 682 0 1 17 16 22786 32 1
15462 15463 488 682 488 682 1 1 16 16 0 1 0
15463 15464 488 682 488 683 1 0 16 15 -22786 32 1
15464 16594 488 683 488 683 0 0 15 15 0 1130 0
16594 16595 488 683 488 682 0 1 15 14 23254 32 1
16595 16597 488 682 488 682 1 1 14 14 0 2 0
16597 16598 488 682 488 683 1 0 14 13 -23254 32 1
16598 41037 488 683 488 683 0 0 13 13 0 24439 0
41037 41038 488 683 488 682 0 1 13 12 16150 32 1
41038 41039 488 682 488 682 1 1 12 12 0 1 0
41039 41043 488 682 491 683 1 0 12 8 -16150 32 4
41043 42177 491 683 491 683 0 0 8 8 0 1134 0
42177 42181 491 683 488 682 0 1 8 4 16828 32 4
42181 42182 488 682 488 683 1 0 4 3 -16828 32 1
42182 42712 488 683 488 683 0 0 3 3 0 530 0
42712 42713 488 683 488 682 0 1 3 2 17113 32 1
42713 42714 488 682 489 682 1 0 2 1 -17113 32 1
42714 43266 489 682 489 682 0 0 1 1 0 552 0
43266 43267 489 682 488 682 0 0 1 0 1000000000 0 1
--------------------------------------
--------------------------------------
EV6
--------------------------------------
Num TPs served = 13
TPs served = 23148 23196 23224 23375 23421 23560 24607 24771 25591 26090 26893 27119 27496
Total energy used = 100
--------------------------------------
Schedule:
0 16339 488 682 488 682 0 0 100 100 0 16339 0
16339 16339 488 682 488 682 0 1 100 100 23148 32 0
16339 16340 488 682 488 682 1 1 100 100 0 1 0
16340 16342 488 682 488 684 1 0 100 98 -23148 32 2
16342 16453 488 684 488 684 0 0 98 98 0 111 0
16453 16455 488 684 488 682 0 1 98 96 23196 32 2
16455 16478 488 682 510 683 1 0 96 73 -23196 32 23
16478 16493 510 683 510 683 0 0 73 73 0 15 0
16493 16516 510 683 488 682 0 1 73 50 23224 32 23
16516 16519 488 682 491 682 1 0 50 47 -23224 32 3
16519 16893 491 682 491 682 0 0 47 47 0 374 0
16893 16896 491 682 488 682 0 1 47 44 23375 32 3
16896 16899 488 682 489 684 1 0 44 41 -23375 32 3
16899 16999 489 684 489 684 0 0 41 41 0 100 0
16999 17002 489 684 488 682 0 1 41 38 23421 32 3
17002 17004 488 682 490 682 1 0 38 36 -23421 32 2
17004 17303 490 682 490 682 0 0 36 36 0 299 0
17303 17305 490 682 488 682 0 1 36 34 23560 32 2
17305 17306 488 682 489 682 1 0 34 33 -23560 32 1
17306 19632 489 682 489 682 0 0 33 33 0 2326 0
19632 19633 489 682 488 682 0 1 33 32 24607 32 1
19633 19636 488 682 491 682 1 0 32 29 -24607 32 3
19636 19991 491 682 491 682 0 0 29 29 0 355 0
19991 19994 491 682 488 682 0 1 29 26 24771 32 3
19994 19996 488 682 488 682 1 1 26 26 0 2 0
19996 19999 488 682 489 684 1 0 26 23 -24771 32 3
19999 21797 489 684 489 684 0 0 23 23 0 1798 0
21797 21800 489 684 488 682 0 1 23 20 25591 32 3
21800 21801 488 682 489 682 1 0 20 19 -25591 32 1
21801 22834 489 682 489 682 0 0 19 19 0 1033 0
22834 22835 489 682 488 682 0 1 19 18 26090 32 1
22835 22837 488 682 490 682 1 0 18 16 -26090 32 2
22837 24448 490 682 490 682 0 0 16 16 0 1611 0
24448 24450 490 682 488 682 0 1 16 14 26893 32 2
24450 24452 488 682 488 682 1 1 14 14 0 2 0
24452 24454 488 682 489 683 1 0 14 12 -26893 32 2
24454 24862 489 683 489 683 0 0 12 12 0 408 0
24862 24864 489 683 488 682 0 1 12 10 27119 32 2
24864 24865 488 682 489 682 1 0 10 9 -27119 32 1
24865 25562 489 682 489 682 0 0 9 9 0 697 0
25562 25563 489 682 488 682 0 1 9 8 27496 32 1
25563 25567 488 682 491 683 1 0 8 4 -27496 32 4
25567 43263 491 683 491 683 0 0 4 4 0 17696 0
43263 43267 491 683 488 682 0 0 4 0 1000000000 0 4
--------------------------------------
--------------------------------------
EV7
--------------------------------------
Num TPs served = 19
TPs served = 27553 27733 27843 27855 28135 29291 30405 30523 30607 30667 30814 31103 31649 31677 31750 32163 32297 32527 33868
Total energy used = 100
--------------------------------------
Schedule:
0 25658 488 682 488 682 0 0 100 100 0 25658 0
25658 25658 488 682 488 682 0 1 100 100 27553 32 0
25658 25662 488 682 488 682 1 1 100 100 0 4 0
25662 25673 488 682 488 693 1 0 100 89 -27553 32 11
25673 25993 488 693 488 693 0 0 89 89 0 320 0
25993 26004 488 693 488 682 0 1 89 78 27733 32 11
26004 26006 488 682 490 682 1 0 78 76 -27733 32 2
26006 26236 490 682 490 682 0 0 76 76 0 230 0
26236 26238 490 682 488 682 0 1 76 74 27855 32 2
26238 26238 488 682 488 682 1 2 74 74 27843 2 0
26238 26239 488 682 488 683 2 1 74 73 -27843 2 1
26239 26240 488 683 488 683 1 1 73 73 0 1 0
26240 26244 488 683 491 682 1 0 73 69 -27855 32 4
26244 26778 491 682 491 682 0 0 69 69 0 534 0
26778 26781 491 682 488 682 0 1 69 66 28135 32 3
26781 26782 488 682 488 683 1 0 66 65 -28135 32 1
26782 29079 488 683 488 683 0 0 65 65 0 2297 0
29079 29080 488 683 488 682 0 1 65 64 29291 32 1
29080 29082 488 682 490 682 1 0 64 62 -29291 32 2
29082 31277 490 682 490 682 0 0 62 62 0 2195 0
31277 31279 490 682 488 682 0 1 62 60 30405 32 2
31279 31280 488 682 488 682 1 1 60 60 0 1 0
31280 31282 488 682 490 682 1 0 60 58 -30405 32 2
31282 31494 490 682 490 682 0 0 58 58 0 212 0
31494 31496 490 682 488 682 0 1 58 56 30523 32 2
31496 31500 488 682 490 684 1 0 56 52 -30523 32 4
31500 31650 490 684 490 684 0 0 52 52 0 150 0
31650 31654 490 684 488 682 0 1 52 48 30607 32 4
31654 31656 488 682 488 682 1 1 48 48 0 2 0
31656 31660 488 682 488 686 1 0 48 44 -30607 32 4
31660 31782 488 686 488 686 0 0 44 44 0 122 0
31782 31786 488 686 488 682 0 1 44 40 30667 32 4
31786 31787 488 682 488 683 1 0 40 39 -30667 32 1
31787 32117 488 683 488 683 0 0 39 39 0 330 0
32117 32118 488 683 488 682 0 1 39 38 30814 32 1
32118 32120 488 682 488 684 1 0 38 36 -30814 32 2
32120 32720 488 684 488 684 0 0 36 36 0 600 0
32720 32722 488 684 488 682 0 1 36 34 31103 32 2
32722 32723 488 682 488 682 1 1 34 34 0 1 0
32723 32726 488 682 491 682 1 0 34 31 -31103 32 3
32726 33933 491 682 491 682 0 0 31 31 0 1207 0
33933 33936 491 682 488 682 0 1 31 28 31649 32 3
33936 33937 488 682 489 682 1 0 28 27 -31649 32 1
33937 34012 489 682 489 682 0 0 27 27 0 75 0
34012 34013 489 682 488 682 0 1 27 26 31677 32 1
34013 34028 488 682 488 682 1 1 26 26 0 15 0
34028 34029 488 682 488 683 1 0 26 25 -31677 32 1
34029 34186 488 683 488 683 0 0 25 25 0 157 0
34186 34187 488 683 488 682 0 1 25 24 31750 32 1
34187 34191 488 682 492 682 1 0 24 20 -31750 32 4
34191 35095 492 682 492 682 0 0 20 20 0 904 0
35095 35099 492 682 488 682 0 1 20 16 32163 32 4
35099 35101 488 682 488 682 1 1 16 16 0 2 0
35101 35105 488 682 489 685 1 0 16 12 -32163 32 4
35105 35428 489 685 489 685 0 0 12 12 0 323 0
35428 35432 489 685 488 682 0 1 12 8 32297 32 4
35432 35433 488 682 489 682 1 0 8 7 -32297 32 1
35433 35982 489 682 489 682 0 0 7 7 0 549 0
35982 35983 489 682 488 682 0 1 7 6 32527 32 1
35983 35985 488 682 488 684 1 0 6 4 -32527 32 2
35985 39436 488 684 488 684 0 0 4 4 0 3451 0
39436 39438 488 684 488 682 0 1 4 2 33868 32 2
39438 39440 488 682 488 682 1 1 2 2 0 2 0
39440 39441 488 682 489 682 1 0 2 1 -33868 32 1
39441 43266 489 682 489 682 0 0 1 1 0 3825 0
43266 43267 489 682 488 682 0 0 1 0 1000000000 0 1
--------------------------------------
--------------------------------------
EV8
--------------------------------------
Num TPs served = 27
TPs served = 32895 34142 34474 34542 35183 35303 35322 35655 35938 36076 36325 36735 36760 37056 37206 37461 37715 37990 38220 38245 38302 38482 38674 38727 39429 40323 41000
Total energy used = 100
--------------------------------------
Schedule:
0 131 488 682 488 682 0 0 100 100 0 131 0
131 131 488 682 488 682 0 1 100 100 35183 32 0
131 132 488 682 488 682 1 1 100 100 0 1 0
132 133 488 682 488 683 1 0 100 99 -35183 32 1
133 493 488 683 488 683 0 0 99 99 0 360 0
493 494 488 683 488 682 0 1 99 98 35303 32 1
494 496 488 682 490 682 1 0 98 96 -35303 32 2
496 550 490 682 490 682 0 0 96 96 0 54 0
550 552 490 682 488 682 0 1 96 94 35322 32 2
552 553 488 682 489 682 1 0 94 93 -35322 32 1
553 1509 489 682 489 682 0 0 93 93 0 956 0
1509 1510 489 682 488 682 0 1 93 92 35655 32 1
1510 1512 488 682 488 682 1 1 92 92 0 2 0
1512 1513 488 682 488 683 1 0 92 91 -35655 32 1
1513 2305 488 683 488 683 0 0 91 91 0 792 0
2305 2306 488 683 488 682 0 1 91 90 35938 32 1
2306 2307 488 682 488 682 1 1 90 90 0 1 0
2307 2310 488 682 490 683 1 0 90 87 -35938 32 3
2310 2707 490 683 490 683 0 0 87 87 0 397 0
2707 2710 490 683 488 682 0 1 87 84 36076 32 3
2710 2711 488 682 489 682 1 0 84 83 -36076 32 1
2711 3426 489 682 489 682 0 0 83 83 0 715 0
3426 3427 489 682 488 682 0 1 83 82 36325 32 1
3427 3429 488 682 489 683 1 0 82 80 -36325 32 2
3429 4682 489 683 489 683 0 0 80 80 0 1253 0
4682 4684 489 683 488 682 0 1 80 78 36735 32 2
4684 4687 488 682 491 682 1 0 78 75 -36735 32 3
4687 4757 491 682 491 682 0 0 75 75 0 70 0
4757 4760 491 682 488 682 0 1 75 72 36760 32 3
4760 4761 488 682 489 682 1 0 72 71 -36760 32 1
4761 5577 489 682 489 682 0 0 71 71 0 816 0
5577 5578 489 682 488 682 0 1 71 70 37056 32 1
5578 5582 488 682 491 683 1 0 70 66 -37056 32 4
5582 6048 491 683 491 683 0 0 66 66 0 466 0
6048 6052 491 683 488 682 0 1 66 62 37206 32 4
6052 6053 488 682 488 683 1 0 62 61 -37206 32 1
6053 6791 488 683 488 683 0 0 61 61 0 738 0
6791 6792 488 683 488 682 0 1 61 60 37461 32 1
6792 6795 488 682 491 682 1 0 60 57 -37461 32 3
6795 7493 491 682 491 682 0 0 57 57 0 698 0
7493 7496 491 682 488 682 0 1 57 54 37715 32 3
7496 7497 488 682 488 682 1 1 54 54 0 1 0
7497 7501 488 682 490 684 1 0 54 50 -37715 32 4
7501 8223 490 684 490 684 0 0 50 50 0 722 0
8223 8227 490 684 488 682 0 1 50 46 37990 32 4
8227 8228 488 682 489 682 1 0 46 45 -37990 32 1
8228 8916 489 682 489 682 0 0 45 45 0 688 0
8916 8917 489 682 488 682 0 1 45 44 38220 32 1
8917 8924 488 682 488 682 1 1 44 44 0 7 0
8924 8925 488 682 488 683 1 0 44 43 -38220 32 1
8925 8967 488 683 488 683 0 0 43 43 0 42 0
8967 8968 488 683 488 682 0 1 43 42 38245 32 1
8968 8969 488 682 489 682 1 0 42 41 -38245 32 1
8969 9108 489 682 489 682 0 0 41 41 0 139 0
9108 9109 489 682 488 682 0 1 41 40 38302 32 1
9109 9111 488 682 488 682 1 1 40 40 0 2 0
9111 9113 488 682 490 682 1 0 40 38 -38302 32 2
9113 9587 490 682 490 682 0 0 38 38 0 474 0
9587 9589 490 682 488 682 0 1 38 36 38482 32 2
9589 9592 488 682 489 684 1 0 36 33 -38482 32 3
9592 10099 489 684 489 684 0 0 33 33 0 507 0
10099 10102 489 684 488 682 0 1 33 30 38674 32 3
10102 10104 488 682 490 682 1 0 30 28 -38674 32 2
10104 10237 490 682 490 682 0 0 28 28 0 133 0
10237 10239 490 682 488 682 0 1 28 26 38727 32 2
10239 10241 488 682 488 682 1 1 26 26 0 2 0
10241 10243 488 682 488 684 1 0 26 24 -38727 32 2
10243 11900 488 684 488 684 0 0 24 24 0 1657 0
11900 11902 488 684 488 682 0 1 24 22 39429 32 2
11902 11903 488 682 488 682 1 1 22 22 0 1 0
11903 11904 488 682 489 682 1 0 22 21 -39429 32 1
11904 14305 489 682 489 682 0 0 21 21 0 2401 0
14305 14306 489 682 488 682 0 1 21 20 40323 32 1
14306 14308 488 682 489 683 1 0 20 18 -40323 32 2
14308 15859 489 683 489 683 0 0 18 18 0 1551 0
15859 15861 489 683 488 682 0 1 18 16 41000 32 2
15861 15862 488 682 488 682 1 1 16 16 0 1 0
15862 15863 488 682 489 682 1 0 16 15 -41000 32 1
15863 36883 489 682 489 682 0 0 15 15 0 21020 0
36883 36884 489 682 488 682 0 1 15 14 32895 32 1
36884 36888 488 682 492 682 1 0 14 10 -32895 32 4
36888 40194 492 682 492 682 0 0 10 10 0 3306 0
40194 40198 492 682 488 682 0 1 10 6 34142 32 4
40198 40200 488 682 488 682 1 1 6 6 0 2 0
40200 40201 488 682 488 683 1 0 6 5 -34142 32 1
40201 41168 488 683 488 683 0 0 5 5 0 967 0
41168 41169 488 683 488 682 0 1 5 4 34474 32 1
41169 41170 488 682 489 682 1 0 4 3 -34474 32 1
41170 41353 489 682 489 682 0 0 3 3 0 183 0
41353 41354 489 682 488 682 0 1 3 2 34542 32 1
41354 41355 488 682 489 682 1 0 2 1 -34542 32 1
41355 43266 489 682 489 682 0 0 1 1 0 1911 0
43266 43267 489 682 488 682 0 0 1 0 1000000000 0 1
--------------------------------------
--------------------------------------
EV9
--------------------------------------
Num TPs served = 14
TPs served = 38761 40502 41173 41376 41536 41920 42138 42227 42295 42520 43134 43361 43532 44129
Total energy used = 100
--------------------------------------
Schedule:
0 10312 488 682 488 682 0 0 100 100 0 10312 0
10312 10312 488 682 488 682 0 1 100 100 38761 32 0
10312 10313 488 682 488 682 1 1 100 100 0 1 0
10313 10330 488 682 504 683 1 0 100 83 -38761 32 17
10330 14693 504 683 504 683 0 0 83 83 0 4363 0
14693 14710 504 683 488 682 0 1 83 66 40502 32 17
14710 14717 488 682 495 682 1 0 66 59 -40502 32 7
14717 16240 495 682 495 682 0 0 59 59 0 1523 0
16240 16247 495 682 488 682 0 1 59 52 41173 32 7
16247 16248 488 682 488 682 1 1 52 52 0 1 0
16248 16249 488 682 489 682 1 0 52 51 -41173 32 1
16249 16721 489 682 489 682 0 0 51 51 0 472 0
16721 16722 489 682 488 682 0 1 51 50 41376 32 1
16722 16723 488 682 489 682 1 0 50 49 -41376 32 1
16723 17097 489 682 489 682 0 0 49 49 0 374 0
17097 17098 489 682 488 682 0 1 49 48 41536 32 1
17098 17105 488 682 495 682 1 0 48 41 -41536 32 7
17105 17935 495 682 495 682 0 0 41 41 0 830 0
17935 17942 495 682 488 682 0 1 41 34 41920 32 7
17942 17944 488 682 489 683 1 0 34 32 -41920 32 2
17944 18416 489 683 489 683 0 0 32 32 0 472 0
18416 18418 489 683 488 682 0 1 32 30 42138 32 2
18418 18419 488 682 489 682 1 0 30 29 -42138 32 1
18419 18588 489 682 489 682 0 0 29 29 0 169 0
18588 18589 489 682 488 682 0 1 29 28 42227 32 1
18589 18591 488 682 488 684 1 0 28 26 -42227 32 2
18591 18716 488 684 488 684 0 0 26 26 0 125 0
18716 18718 488 684 488 682 0 1 26 24 42295 32 2
18718 18721 488 682 491 682 1 0 24 21 -42295 32 3
18721 19216 491 682 491 682 0 0 21 21 0 495 0
19216 19219 491 682 488 682 0 1 21 18 42520 32 3
19219 19220 488 682 488 682 1 1 18 18 0 1 0
19220 19221 488 682 489 682 1 0 18 17 -42520 32 1
19221 20483 489 682 489 682 0 0 17 17 0 1262 0
20483 20484 489 682 488 682 0 1 17 16 43134 32 1
20484 20487 488 682 488 682 1 1 16 16 0 3 0
20487 20491 488 682 491 683 1 0 16 12 -43134 32 4
20491 20927 491 683 491 683 0 0 12 12 0 436 0
20927 20931 491 683 488 682 0 1 12 8 43361 32 4
20931 20932 488 682 488 682 1 1 8 8 0 1 0
20932 20933 488 682 489 682 1 0 8 7 -43361 32 1
20933 21267 489 682 489 682 0 0 7 7 0 334 0
21267 21268 489 682 488 682 0 1 7 6 43532 32 1
21268 21270 488 682 490 682 1 0 6 4 -43532 32 2
21270 22425 490 682 490 682 0 0 4 4 0 1155 0
22425 22427 490 682 488 682 0 1 4 2 44129 32 2
22427 22428 488 682 489 682 1 0 2 1 -44129 32 1
22428 43266 489 682 489 682 0 0 1 1 0 20838 0
43266 43267 489 682 488 682 0 0 1 0 1000000000 0 1
--------------------------------------
--------------------------------------
EV10
--------------------------------------
Num TPs served = 16
TPs served = 43775 43827 44548 44905 45722 45732 46395 46467 46539 46738 46899 47101 47192 47196 47207 47603
Total energy used = 100
--------------------------------------
Schedule:
0 21735 488 682 488 682 0 0 100 100 0 21735 0
21735 21735 488 682 488 682 0 1 100 100 43775 32 0
21735 21737 488 682 488 684 1 0 100 98 -43775 32 2
21737 21831 488 684 488 684 0 0 98 98 0 94 0
21831 21833 488 684 488 682 0 1 98 96 43827 32 2
21833 21834 488 682 488 682 1 1 96 96 0 1 0
21834 21836 488 682 489 683 1 0 96 94 -43827 32 2
21836 23203 489 683 489 683 0 0 94 94 0 1367 0
23203 23205 489 683 488 682 0 1 94 92 44548 32 2
23205 23217 488 682 488 682 1 1 92 92 0 12 0
23217 23224 488 682 493 684 1 0 92 85 -44548 32 7
23224 23851 493 684 493 684 0 0 85 85 0 627 0
23851 23858 493 684 488 682 0 1 85 78 44905 32 7
23858 23860 488 682 490 682 1 0 78 76 -44905 32 2
23860 25292 490 682 490 682 0 0 76 76 0 1432 0
25292 25294 490 682 488 682 0 1 76 74 45732 32 2
25294 25294 488 682 488 682 1 2 74 74 45722 16 0
25294 25295 488 682 488 682 2 2 74 74 0 1 0
25295 25296 488 682 489 682 2 1 74 73 -45732 32 1
25296 25297 489 682 489 683 1 0 73 72 -45722 15 1
25297 26481 489 683 489 683 0 0 72 72 0 1184 0
26481 26483 489 683 488 682 0 1 72 70 46395 32 2
26483 26487 488 682 492 682 1 0 70 66 -46395 32 4
26487 26615 492 682 492 682 0 0 66 66 0 128 0
26615 26619 492 682 488 682 0 1 66 62 46467 32 4
26619 26627 488 682 493 685 1 0 62 54 -46467 32 8
26627 26759 493 685 493 685 0 0 54 54 0 132 0
26759 26767 493 685 488 682 0 1 54 46 46539 32 8
26767 26771 488 682 488 682 1 1 46 46 0 4 0
26771 26782 488 682 492 689 1 0 46 35 -46539 32 11
26782 27109 492 689 492 689 0 0 35 35 0 327 0
27109 27120 492 689 488 682 0 1 35 24 46738 32 11
27120 27122 488 682 490 682 1 0 24 22 -46738 32 2
27122 27378 490 682 490 682 0 0 22 22 0 256 0
27378 27380 490 682 488 682 0 1 22 20 46899 32 2
27380 27382 488 682 488 682 1 1 20 20 0 2 0
27382 27384 488 682 488 684 1 0 20 18 -46899 32 2
27384 27723 488 684 488 684 0 0 18 18 0 339 0
27723 27725 488 684 488 682 0 1 18 16 47101 32 2
27725 27728 488 682 488 682 1 1 16 16 0 3 0
27728 27733 488 682 489 686 1 0 16 11 -47101 32 5
27733 27912 489 686 489 686 0 0 11 11 0 179 0
27912 27917 489 686 488 682 0 1 11 6 47207 32 5
27917 27917 488 682 488 682 1 2 6 6 47196 8 0
27917 27917 488 682 488 682 2 3 6 6 47192 0 0
27917 27918 488 682 488 683 3 2 6 5 -47196 8 1
27918 27918 488 683 488 683 2 1 5 5 -47192 1 0
27918 27919 488 683 489 683 1 0 5 4 -47207 32 1
27919 28536 489 683 489 683 0 0 4 4 0 617 0
28536 28538 489 683 488 682 0 1 4 2 47603 32 2
28538 28539 488 682 488 682 1 1 2 2 0 1 0
28539 28540 488 682 489 682 1 0 2 1 -47603 32 1
28540 43266 489 682 489 682 0 0 1 1 0 14726 0
43266 43267 489 682 488 682 0 0 1 0 1000000000 0 1
--------------------------------------

-------------------------------------------------------------------------

TPs

-------------------------------------------------------------------------

----------------------
TP135 allocated to 1
----------------------

----------------------
TP333 allocated to 1
----------------------

----------------------
TP520 allocated to 1
----------------------

----------------------
TP1033 allocated to 1
----------------------

----------------------
TP1052 allocated to 1
----------------------

----------------------
TP1072 allocated to 1
----------------------

----------------------
TP1243 allocated to 1
----------------------

----------------------
TP2277 allocated to 1
----------------------

----------------------
TP2537 allocated to 1
----------------------

----------------------
TP2991 allocated to 1
----------------------

----------------------
TP3494 allocated to 1
----------------------

----------------------
TP3609 allocated to 1
----------------------

----------------------
TP3660 allocated to 1
----------------------

----------------------
TP3779 allocated to 1
----------------------

----------------------
TP3799 allocated to 1
----------------------

----------------------
TP4032 allocated to 1
----------------------

----------------------
TP4221 allocated to 1
----------------------

----------------------
TP4328 allocated to 1
----------------------

----------------------
TP4345 allocated to 2
----------------------

----------------------
TP4473 allocated to 1
----------------------

----------------------
TP4649 allocated to 2
----------------------

----------------------
TP4696 allocated to 2
----------------------

----------------------
TP4886 allocated to 2
----------------------

----------------------
TP5145 allocated to 2
----------------------

----------------------
TP5273 allocated to 2
----------------------

----------------------
TP5437 allocated to 2
----------------------

----------------------
TP5991 allocated to 2
----------------------

----------------------
TP6058 allocated to 2
----------------------

----------------------
TP6181 allocated to 2
----------------------

----------------------
TP6651 allocated to 2
----------------------

----------------------
TP6867 allocated to 2
----------------------

----------------------
TP6929 allocated to 2
----------------------

----------------------
TP6999 allocated to 2
----------------------

----------------------
TP7071 allocated to 2
----------------------

----------------------
TP7163 allocated to 2
----------------------

----------------------
TP7478 allocated to 2
----------------------

----------------------
TP7574 allocated to 2
----------------------

----------------------
TP7962 allocated to 3
----------------------

----------------------
TP7976 allocated to 2
----------------------

----------------------
TP8073 allocated to 1
----------------------

----------------------
TP8371 allocated to 3
----------------------

----------------------
TP8523 allocated to 3
----------------------

----------------------
TP8829 allocated to 1
----------------------

----------------------
TP9411 allocated to 3
----------------------

----------------------
TP9587 allocated to 1
----------------------

----------------------
TP9644 allocated to 3
----------------------

----------------------
TP9652 allocated to 3
----------------------

----------------------
TP10210 allocated to 3
----------------------

----------------------
TP10680 allocated to 3
----------------------

----------------------
TP10716 allocated to 3
----------------------

----------------------
TP10752 allocated to 3
----------------------

----------------------
TP10815 allocated to 3
----------------------

----------------------
TP11065 allocated to 3
----------------------

----------------------
TP11405 allocated to 4
----------------------

----------------------
TP11644 allocated to 1
----------------------

----------------------
TP11752 allocated to 3
----------------------

----------------------
TP11794 allocated to 4
----------------------

----------------------
TP11950 allocated to 4
----------------------

----------------------
TP12112 allocated to 4
----------------------

----------------------
TP12127 allocated to 4
----------------------

----------------------
TP12336 allocated to 4
----------------------

----------------------
TP12710 allocated to 4
----------------------

----------------------
TP12830 allocated to 4
----------------------

----------------------
TP13035 allocated to 4
----------------------

----------------------
TP13347 allocated to 4
----------------------

----------------------
TP13556 allocated to 4
----------------------

----------------------
TP13737 allocated to 4
----------------------

----------------------
TP14110 allocated to 4
----------------------

----------------------
TP14190 allocated to 4
----------------------

----------------------
TP14581 allocated to 4
----------------------

----------------------
TP14738 allocated to 4
----------------------

----------------------
TP14814 allocated to 4
----------------------

----------------------
TP15260 allocated to 4
----------------------

----------------------
TP15932 allocated to 4
----------------------

----------------------
TP16150 allocated to 5
----------------------

----------------------
TP16316 allocated to 4
----------------------

----------------------
TP16332 allocated to 4
----------------------

----------------------
TP16828 allocated to 5
----------------------

----------------------
TP17113 allocated to 5
----------------------

----------------------
TP18458 allocated to 5
----------------------

----------------------
TP18461 allocated to 5
----------------------

----------------------
TP18475 allocated to 5
----------------------

----------------------
TP19322 allocated to 5
----------------------

----------------------
TP19365 allocated to 5
----------------------

----------------------
TP19482 allocated to 5
----------------------

----------------------
TP19532 allocated to 5
----------------------

----------------------
TP19589 allocated to 1
----------------------

----------------------
TP19661 allocated to 5
----------------------

----------------------
TP20306 allocated to 5
----------------------

----------------------
TP20422 allocated to 5
----------------------

----------------------
TP20740 allocated to 1
----------------------

----------------------
TP20750 allocated to 5
----------------------

----------------------
TP20823 allocated to 5
----------------------

----------------------
TP20918 allocated to 1
----------------------

----------------------
TP20980 allocated to 5
----------------------

----------------------
TP21150 allocated to 5
----------------------

----------------------
TP21313 allocated to 5
----------------------

----------------------
TP21392 allocated to 5
----------------------

----------------------
TP22014 allocated to 5
----------------------

----------------------
TP22732 allocated to 5
----------------------

----------------------
TP22754 allocated to 5
----------------------

----------------------
TP22786 allocated to 5
----------------------

----------------------
TP23148 allocated to 6
----------------------

----------------------
TP23196 allocated to 6
----------------------

----------------------
TP23224 allocated to 6
----------------------

----------------------
TP23254 allocated to 5
----------------------

----------------------
TP23375 allocated to 6
----------------------

----------------------
TP23421 allocated to 6
----------------------

----------------------
TP23560 allocated to 6
----------------------

----------------------
TP24245 allocated to 3
----------------------

----------------------
TP24361 allocated to 1
----------------------

----------------------
TP24607 allocated to 6
----------------------

----------------------
TP24771 allocated to 6
----------------------

----------------------
TP25415 allocated to 1
----------------------

----------------------
TP25591 allocated to 6
----------------------

----------------------
TP25900 allocated to 3
----------------------

----------------------
TP26090 allocated to 6
----------------------

----------------------
TP26893 allocated to 6
----------------------

----------------------
TP27119 allocated to 6
----------------------

----------------------
TP27496 allocated to 6
----------------------

----------------------
TP27553 allocated to 7
----------------------

----------------------
TP27733 allocated to 7
----------------------

----------------------
TP27843 allocated to 7
----------------------

----------------------
TP27855 allocated to 7
----------------------

----------------------
TP28135 allocated to 7
----------------------

----------------------
TP28137 allocated to 1
----------------------

----------------------
TP28666 allocated to 1
----------------------

----------------------
TP29291 allocated to 7
----------------------

----------------------
TP29469 allocated to 1
----------------------

----------------------
TP29587 allocated to 4
----------------------

----------------------
TP30405 allocated to 7
----------------------

----------------------
TP30523 allocated to 7
----------------------

----------------------
TP30607 allocated to 7
----------------------

----------------------
TP30667 allocated to 7
----------------------

----------------------
TP30814 allocated to 7
----------------------

----------------------
TP31103 allocated to 7
----------------------

----------------------
TP31266 allocated to 1
----------------------

----------------------
TP31366 allocated to 1
----------------------

----------------------
TP31649 allocated to 7
----------------------

----------------------
TP31677 allocated to 7
----------------------

----------------------
TP31750 allocated to 7
----------------------

----------------------
TP32163 allocated to 7
----------------------

----------------------
TP32297 allocated to 7
----------------------

----------------------
TP32527 allocated to 7
----------------------

----------------------
TP32895 allocated to 8
----------------------

----------------------
TP33868 allocated to 7
----------------------

----------------------
TP34142 allocated to 8
----------------------

----------------------
TP34223 allocated to 1
----------------------

----------------------
TP34474 allocated to 8
----------------------

----------------------
TP34542 allocated to 8
----------------------

----------------------
TP34967 allocated to 1
----------------------

----------------------
TP35183 allocated to 8
----------------------

----------------------
TP35303 allocated to 8
----------------------

----------------------
TP35322 allocated to 8
----------------------

----------------------
TP35655 allocated to 8
----------------------

----------------------
TP35938 allocated to 8
----------------------

----------------------
TP36076 allocated to 8
----------------------

----------------------
TP36325 allocated to 8
----------------------

----------------------
TP36735 allocated to 8
----------------------

----------------------
TP36760 allocated to 8
----------------------

----------------------
TP36966 allocated to 1
----------------------

----------------------
TP36967 allocated to 1
----------------------

----------------------
TP37056 allocated to 8
----------------------

----------------------
TP37206 allocated to 8
----------------------

----------------------
TP37255 allocated to 1
----------------------

----------------------
TP37461 allocated to 8
----------------------

----------------------
TP37715 allocated to 8
----------------------

----------------------
TP37990 allocated to 8
----------------------

----------------------
TP38220 allocated to 8
----------------------

----------------------
TP38245 allocated to 8
----------------------

----------------------
TP38302 allocated to 8
----------------------

----------------------
TP38482 allocated to 8
----------------------

----------------------
TP38674 allocated to 8
----------------------

----------------------
TP38727 allocated to 8
----------------------

----------------------
TP38761 allocated to 9
----------------------

----------------------
TP39429 allocated to 8
----------------------

----------------------
TP40323 allocated to 8
----------------------

----------------------
TP40502 allocated to 9
----------------------

----------------------
TP41000 allocated to 8
----------------------

----------------------
TP41173 allocated to 9
----------------------

----------------------
TP41376 allocated to 9
----------------------

----------------------
TP41536 allocated to 9
----------------------

----------------------
TP41866 allocated to 1
----------------------

----------------------
TP41920 allocated to 9
----------------------

----------------------
TP42138 allocated to 9
----------------------

----------------------
TP42227 allocated to 9
----------------------

----------------------
TP42295 allocated to 9
----------------------

----------------------
TP42520 allocated to 9
----------------------

----------------------
TP43134 allocated to 9
----------------------

----------------------
TP43361 allocated to 9
----------------------

----------------------
TP43532 allocated to 9
----------------------

----------------------
TP43775 allocated to 10
----------------------

----------------------
TP43827 allocated to 10
----------------------

----------------------
TP44129 allocated to 9
----------------------

----------------------
TP44548 allocated to 10
----------------------

----------------------
TP44905 allocated to 10
----------------------

----------------------
TP45722 allocated to 10
----------------------

----------------------
TP45732 allocated to 10
----------------------

----------------------
TP46395 allocated to 10
----------------------

----------------------
TP46467 allocated to 10
----------------------

----------------------
TP46539 allocated to 10
----------------------

----------------------
TP46738 allocated to 10
----------------------

----------------------
TP46750 allocated to 4
----------------------

----------------------
TP46899 allocated to 10
----------------------

----------------------
TP47101 allocated to 10
----------------------

----------------------
TP47192 allocated to 10
----------------------

----------------------
TP47196 allocated to 10
----------------------

----------------------
TP47207 allocated to 10
----------------------

----------------------
TP47603 allocated to 10
----------------------

----------------------
TP47778 not allocated
----------------------

----------------------
TP48112 not allocated
----------------------

----------------------
TP48224 not allocated
----------------------

----------------------
TP48830 not allocated
----------------------

----------------------
TP48905 not allocated
----------------------

----------------------
TP48909 not allocated
----------------------

----------------------
TP49787 not allocated
----------------------

----------------------
TP49906 not allocated
----------------------

----------------------
TP49980 not allocated
----------------------

-------------------------------------------------------------------------

Ride-sharing vs Individual Mode - Num Vehicles and Distance Comparisson 

-------------------------------------------------------------------------
Individual Mode = 218 vehicles.
Ride-sharing Mode = 19 vehicles. The 10 ride-sharing vehicles + 9 vehicles of the individuals not served by the ride-sharing service.
-------------------------------------------------------------------------
Individual Mode = 537 distance.
Ride-sharing Mode = 1015 distance. 1000 from the EV fleet + 15 from the distance of the trips not covered individuals had to do with their own vehicle.
-------------------------------------------------------------------------
