-------------------------------------------------------------------------
TPs satisfied = 169; Total TPs = 177; Percentage Satisfied + 95.5%
-------------------------------------------------------------------------

-------------------------------------------------------------------------

EVs

-------------------------------------------------------------------------
--------------------------------------
EV1
--------------------------------------
Num TPs served = 36
TPs served = 112 401 516 739 825 1850 2258 2356 2429 2445 2674 3033 3572 4544 4605 4652 8033 10471 10929 13849 15368 19361 19577 20406 20414 21158 24716 27429 29612 32624 35396 41515 44392 44871 46264 46871
Total energy used = 100
--------------------------------------
Schedule:
0 219 183 0 183 0 0 0 100 100 0 219 0
219 219 183 0 183 0 0 1 100 100 112 32 0
219 221 183 0 183 0 1 1 100 100 0 2 0
221 225 183 0 185 2 1 0 100 96 -112 32 4
225 733 185 2 185 2 0 0 96 96 0 508 0
733 737 185 2 183 0 0 1 96 92 35396 32 4
737 740 183 0 183 0 1 1 92 92 0 3 0
740 740 183 0 183 0 1 2 92 92 401 32 0
740 741 183 0 184 0 2 1 92 91 -35396 29 1
741 747 184 0 185 5 1 0 91 85 -401 32 6
747 923 185 5 185 5 0 0 85 85 0 176 0
923 930 185 5 183 0 0 1 85 78 516 32 7
930 932 183 0 183 0 1 1 78 78 0 2 0
932 932 183 0 183 0 1 0 78 78 -516 32 0
932 1329 183 0 183 0 0 0 78 78 0 397 0
1329 1329 183 0 183 0 0 1 78 78 739 32 0
1329 1332 183 0 186 0 1 0 78 75 -739 32 3
1332 1467 186 0 186 0 0 0 75 75 0 135 0
1467 1470 186 0 183 0 0 1 75 72 825 32 3
1470 1474 183 0 186 1 1 0 72 68 -825 32 4
1474 3234 186 1 186 1 0 0 68 68 0 1760 0
3234 3238 186 1 183 0 0 1 68 64 1850 32 4
3238 3245 183 0 186 4 1 0 64 57 -1850 32 7
3245 4002 186 4 186 4 0 0 57 57 0 757 0
4002 4009 186 4 183 0 0 1 57 50 2258 32 7
4009 4010 183 0 183 1 1 0 50 49 -2258 32 1
4010 4183 183 1 183 1 0 0 49 49 0 173 0
4183 4184 183 1 183 0 0 1 49 48 2356 32 1
4184 4185 183 0 183 0 1 1 48 48 0 1 0
4185 4186 183 0 184 0 1 0 48 47 -2356 32 1
4186 4336 184 0 184 0 0 0 47 47 0 150 0
4336 4337 184 0 183 0 0 1 47 46 2445 32 1
4337 4337 183 0 183 0 1 2 46 46 2429 13 0
4337 4340 183 0 185 1 2 1 46 43 -2445 32 3
4340 4341 185 1 184 1 1 0 43 42 -2429 13 1
4341 4761 184 1 184 1 0 0 42 42 0 420 0
4761 4763 184 1 183 0 0 1 42 40 2674 32 2
4763 4764 183 0 184 0 1 0 40 39 -2674 32 1
4764 5412 184 0 184 0 0 0 39 39 0 648 0
5412 5413 184 0 183 0 0 1 39 38 3033 32 1
5413 5422 183 0 191 1 1 0 38 29 -3033 32 9
5422 6072 191 1 191 1 0 0 29 29 0 650 0
6072 6081 191 1 183 0 0 1 29 20 19361 32 9
6081 6083 183 0 183 0 1 1 20 20 0 2 0
6083 6083 183 0 183 0 1 0 20 20 -19361 32 0
6083 6394 183 0 183 0 0 0 20 20 0 311 0
6394 6394 183 0 183 0 0 1 20 20 3572 32 0
6394 6395 183 0 183 0 1 1 20 20 0 1 0
6395 6396 183 0 184 0 1 0 20 19 -3572 32 1
6396 6801 184 0 184 0 0 0 19 19 0 405 0
6801 6802 184 0 183 0 0 1 19 18 19577 32 1
6802 6803 183 0 183 0 1 1 18 18 0 1 0
6803 6803 183 0 183 0 1 0 18 18 -19577 32 0
6803 8207 183 0 183 0 0 0 18 18 0 1404 0
8207 8207 183 0 183 0 0 1 18 18 4544 32 0
8207 8208 183 0 183 0 1 1 18 18 0 1 0
8208 8213 183 0 188 0 1 0 18 13 -4544 32 5
8213 8320 188 0 188 0 0 0 13 13 0 107 0
8320 8325 188 0 183 0 0 1 13 8 4605 32 5
8325 8328 183 0 183 3 1 0 8 5 -4605 32 3
8328 8407 183 3 183 3 0 0 5 5 0 79 0
8407 8410 183 3 183 0 0 1 5 2 4652 32 3
8410 8411 183 0 184 0 1 0 2 1 -4652 32 1
8411 9203 184 0 184 0 0 0 1 1 0 792 0
9203 9204 184 0 183 0 0 1 1 0 20414 32 1
9204 9204 183 0 183 0 1 2 0 0 20406 16 0
9204 9204 183 0 183 0 2 1 0 0 -20406 18 0
9204 9205 183 0 183 0 1 1 0 0 0 1 0
9205 9205 183 0 183 0 1 0 0 0 -20414 32 0
9205 11175 183 0 183 0 0 0 0 0 0 1970 0
11175 11175 183 0 183 0 0 1 0 0 21158 32 0
11175 11177 183 0 183 0 1 1 0 0 0 2 0
11177 11177 183 0 183 0 1 0 0 0 -21158 32 0
11177 15272 183 0 183 0 0 0 0 0 0 4095 0
15272 15272 183 0 183 0 0 1 0 0 8033 32 0
15272 15274 183 0 183 0 1 1 0 0 0 2 0
15274 15274 183 0 183 0 1 0 0 0 -8033 32 0
15274 17048 183 0 183 0 0 0 0 0 0 1774 0
17048 17048 183 0 183 0 0 1 0 0 41515 32 0
17048 17049 183 0 183 0 1 1 0 0 0 1 0
17049 17049 183 0 183 0 1 0 0 0 -41515 32 0
17049 19868 183 0 183 0 0 0 0 0 0 2819 0
19868 19868 183 0 183 0 0 1 0 0 24716 32 0
19868 19869 183 0 183 0 1 1 0 0 0 1 0
19869 19869 183 0 183 0 1 0 0 0 -24716 32 0
19869 21763 183 0 183 0 0 0 0 0 0 1894 0
21763 21763 183 0 183 0 0 1 0 0 10471 32 0
21763 21764 183 0 183 0 1 1 0 0 0 1 0
21764 21764 183 0 183 0 1 0 0 0 -10471 32 0
21764 22921 183 0 183 0 0 0 0 0 0 1157 0
22921 22921 183 0 183 0 0 1 0 0 44392 32 0
22921 22922 183 0 183 0 1 1 0 0 0 1 0
22922 22922 183 0 183 0 1 0 0 0 -44392 32 0
22922 23148 183 0 183 0 0 0 0 0 0 226 0
23148 23148 183 0 183 0 0 1 0 0 10929 32 0
23148 23149 183 0 183 0 1 1 0 0 0 1 0
23149 23149 183 0 183 0 1 0 0 0 -10929 32 0
23149 23795 183 0 183 0 0 0 0 0 0 646 0
23795 23795 183 0 183 0 0 1 0 0 44871 32 0
23795 23796 183 0 183 0 1 1 0 0 0 1 0
23796 23796 183 0 183 0 1 0 0 0 -44871 32 0
23796 25441 183 0 183 0 0 0 0 0 0 1645 0
25441 25441 183 0 183 0 0 1 0 0 27429 32 0
25441 25443 183 0 183 0 1 1 0 0 0 2 0
25443 25443 183 0 183 0 1 0 0 0 -27429 32 0
25443 26253 183 0 183 0 0 0 0 0 0 810 0
26253 26253 183 0 183 0 0 1 0 0 46264 32 0
26253 26254 183 0 183 0 1 1 0 0 0 1 0
26254 26254 183 0 183 0 1 0 0 0 -46264 32 0
26254 27333 183 0 183 0 0 0 0 0 0 1079 0
27333 27333 183 0 183 0 0 1 0 0 46871 32 0
27333 27334 183 0 183 0 1 1 0 0 0 1 0
27334 27334 183 0 183 0 1 0 0 0 -46871 32 0
27334 29716 183 0 183 0 0 0 0 0 0 2382 0
29716 29716 183 0 183 0 0 1 0 0 29612 32 0
29716 29717 183 0 183 0 1 1 0 0 0 1 0
29717 29717 183 0 183 0 1 0 0 0 -29612 32 0
29717 33388 183 0 183 0 0 0 0 0 0 3671 0
33388 33388 183 0 183 0 0 1 0 0 13849 32 0
33388 33389 183 0 183 0 1 1 0 0 0 1 0
33389 33389 183 0 183 0 1 0 0 0 -13849 32 0
33389 36214 183 0 183 0 0 0 0 0 0 2825 0
36214 36214 183 0 183 0 0 1 0 0 32624 32 0
36214 36216 183 0 183 0 1 1 0 0 0 2 0
36216 36216 183 0 183 0 1 0 0 0 -32624 32 0
36216 39246 183 0 183 0 0 0 0 0 0 3030 0
39246 39246 183 0 183 0 0 1 0 0 15368 32 0
39246 39247 183 0 183 0 1 1 0 0 0 1 0
39247 39247 183 0 183 0 1 0 0 0 -15368 32 0
39247 43267 183 0 183 0 0 0 0 0 0 4020 0
43267 43267 183 0 183 0 0 0 0 0 1000000000 0 0
--------------------------------------
--------------------------------------
EV2
--------------------------------------
Num TPs served = 14
TPs served = 3131 4203 5108 7096 7736 8202 8372 8600 8737 8804 8805 9127 10318 10850
Total energy used = 100
--------------------------------------
Schedule:
0 5575 183 0 183 0 0 0 100 100 0 5575 0
5575 5575 183 0 183 0 0 1 100 100 3131 32 0
5575 5589 183 0 196 1 1 0 100 86 -3131 32 14
5589 7552 196 1 196 1 0 0 86 86 0 1963 0
7552 7566 196 1 183 0 0 1 86 72 4203 32 14
7566 7578 183 0 184 11 1 0 72 60 -4203 32 12
7578 9260 184 11 184 11 0 0 60 60 0 1682 0
9260 9272 184 11 183 0 0 1 60 48 5108 32 12
9272 9276 183 0 187 0 1 0 48 44 -5108 32 4
9276 13220 187 0 187 0 0 0 44 44 0 3944 0
13220 13224 187 0 183 0 0 1 44 40 7096 32 4
13224 13225 183 0 183 1 1 0 40 39 -7096 32 1
13225 14623 183 1 183 1 0 0 39 39 0 1398 0
14623 14624 183 1 183 0 0 1 39 38 7736 32 1
14624 14626 183 0 183 0 1 1 38 38 0 2 0
14626 14627 183 0 184 0 1 0 38 37 -7736 32 1
14627 15685 184 0 184 0 0 0 37 37 0 1058 0
15685 15686 184 0 183 0 0 1 37 36 8202 32 1
15686 15689 183 0 186 0 1 0 36 33 -8202 32 3
15689 16087 186 0 186 0 0 0 33 33 0 398 0
16087 16090 186 0 183 0 0 1 33 30 8372 32 3
16090 16091 183 0 184 0 1 0 30 29 -8372 32 1
16091 16617 184 0 184 0 0 0 29 29 0 526 0
16617 16618 184 0 183 0 0 1 29 28 8600 32 1
16618 16619 183 0 183 0 1 1 28 28 0 1 0
16619 16620 183 0 184 0 1 0 28 27 -8600 32 1
16620 16990 184 0 184 0 0 0 27 27 0 370 0
16990 16991 184 0 183 0 0 1 27 26 8737 32 1
16991 16993 183 0 185 0 1 0 26 24 -8737 32 2
16993 17146 185 0 185 0 0 0 24 24 0 153 0
17146 17148 185 0 183 0 0 1 24 22 8805 32 2
17148 17148 183 0 183 0 1 2 22 22 8804 25 0
17148 17149 183 0 183 0 2 2 22 22 0 1 0
17149 17151 183 0 184 1 2 1 22 20 -8805 32 2
17151 17155 184 1 186 3 1 0 20 16 -8804 24 4
17155 17949 186 3 186 3 0 0 16 16 0 794 0
17949 17955 186 3 183 0 0 1 16 10 9127 32 6
17955 17958 183 0 183 3 1 0 10 7 -9127 32 3
17958 21336 183 3 183 3 0 0 7 7 0 3378 0
21336 21339 183 3 183 0 0 1 7 4 10318 32 3
21339 21340 183 0 184 0 1 0 4 3 -10318 32 1
21340 22899 184 0 184 0 0 0 3 3 0 1559 0
22899 22900 184 0 183 0 0 1 3 2 10850 32 1
22900 22901 183 0 183 0 1 1 2 2 0 1 0
22901 22902 183 0 183 1 1 0 2 1 -10850 32 1
22902 43266 183 1 183 1 0 0 1 1 0 20364 0
43266 43267 183 1 183 0 0 0 1 0 1000000000 0 1
--------------------------------------
--------------------------------------
EV3
--------------------------------------
Num TPs served = 17
TPs served = 10036 10694 11306 12176 12252 12724 14067 14834 15077 15131 15242 15378 15485 16072 25867 28393 33960
Total energy used = 100
--------------------------------------
Schedule:
0 20527 183 0 183 0 0 0 100 100 0 20527 0
20527 20527 183 0 183 0 0 1 100 100 10036 32 0
20527 20530 183 0 184 2 1 0 100 97 -10036 32 3
20530 22362 184 2 184 2 0 0 97 97 0 1832 0
22362 22365 184 2 183 0 0 1 97 94 25867 32 3
22365 22392 183 0 183 0 1 1 94 94 0 27 0
22392 22392 183 0 183 0 1 2 94 94 10694 32 0
22392 22393 183 0 184 0 2 1 94 93 -25867 5 1
22393 22398 184 0 188 1 1 0 93 88 -10694 32 5
22398 24273 188 1 188 1 0 0 88 88 0 1875 0
24273 24279 188 1 183 0 0 1 88 82 11306 32 6
24279 24283 183 0 184 3 1 0 82 78 -11306 32 4
24283 27284 184 3 184 3 0 0 78 78 0 3001 0
27284 27288 184 3 183 0 0 1 78 74 28393 32 4
27288 27293 183 0 183 0 1 1 74 74 0 5 0
27293 27293 183 0 183 0 1 2 74 74 12176 32 0
27293 27294 183 0 184 0 2 1 74 73 -28393 27 1
27294 27297 184 0 184 0 1 1 73 73 0 3 0
27297 27301 184 0 188 0 1 0 73 69 -12176 32 4
27301 27565 188 0 188 0 0 0 69 69 0 264 0
27565 27570 188 0 183 0 0 1 69 64 12252 32 5
27570 27571 183 0 183 0 1 1 64 64 0 1 0
27571 27574 183 0 186 0 1 0 64 61 -12252 32 3
27574 29297 186 0 186 0 0 0 61 61 0 1723 0
29297 29300 186 0 183 0 0 1 61 58 12724 32 3
29300 29302 183 0 183 0 1 1 58 58 0 2 0
29302 29306 183 0 183 4 1 0 58 54 -12724 32 4
29306 34243 183 4 183 4 0 0 54 54 0 4937 0
34243 34247 183 4 183 0 0 1 54 50 14067 32 4
34247 34248 183 0 183 1 1 0 50 49 -14067 32 1
34248 37183 183 1 183 1 0 0 49 49 0 2935 0
37183 37184 183 1 183 0 0 1 49 48 14834 32 1
37184 37186 183 0 184 1 1 0 48 46 -14834 32 2
37186 38085 184 1 184 1 0 0 46 46 0 899 0
38085 38087 184 1 183 0 0 1 46 44 15077 32 2
38087 38090 183 0 185 1 1 0 44 41 -15077 32 3
38090 38325 185 1 185 1 0 0 41 41 0 235 0
38325 38328 185 1 183 0 0 1 41 38 15131 32 3
38328 38330 183 0 183 0 1 1 38 38 0 2 0
38330 38336 183 0 186 3 1 0 38 32 -15131 32 6
38336 38744 186 3 186 3 0 0 32 32 0 408 0
38744 38750 186 3 183 0 0 1 32 26 15242 32 6
38750 38751 183 0 183 0 1 1 26 26 0 1 0
38751 38754 183 0 183 3 1 0 26 23 -15242 32 3
38754 39273 183 3 183 3 0 0 23 23 0 519 0
39273 39276 183 3 183 0 0 1 23 20 15378 32 3
39276 39281 183 0 183 0 1 1 20 20 0 5 0
39281 39284 183 0 183 3 1 0 20 17 -15378 32 3
39284 39646 183 3 183 3 0 0 17 17 0 362 0
39646 39649 183 3 183 0 0 1 17 14 33960 32 3
39649 39673 183 0 183 0 1 1 14 14 0 24 0
39673 39673 183 0 183 0 1 2 14 14 15485 32 0
39673 39675 183 0 185 0 2 1 14 12 -33960 8 2
39675 39678 185 0 185 0 1 1 12 12 0 3 0
39678 39682 185 0 188 1 1 0 12 8 -15485 32 4
39682 40878 188 1 188 1 0 0 8 8 0 1196 0
40878 40884 188 1 183 0 0 1 8 2 16072 32 6
40884 40885 183 0 184 0 1 0 2 1 -16072 32 1
40885 43266 184 0 184 0 0 0 1 1 0 2381 0
43266 43267 184 0 183 0 0 0 1 0 1000000000 0 1
--------------------------------------
--------------------------------------
EV4
--------------------------------------
Num TPs served = 24
TPs served = 15598 15681 15865 16439 16528 16824 17320 18683 18758 18885 18932 19026 19066 19109 19638 19710 19758 20144 20168 20511 20556 20618 34812 34815
Total energy used = 100
--------------------------------------
Schedule:
0 3972 183 0 183 0 0 0 100 100 0 3972 0
3972 3972 183 0 183 0 0 1 100 100 18683 32 0
3972 3975 183 0 183 3 1 0 100 97 -18683 32 3
3975 4224 183 3 183 3 0 0 97 97 0 249 0
4224 4227 183 3 183 0 0 1 97 94 18758 32 3
4227 4229 183 0 185 0 1 0 94 92 -18758 32 2
4229 4622 185 0 185 0 0 0 92 92 0 393 0
4622 4624 185 0 183 0 0 1 92 90 18885 32 2
4624 4625 183 0 184 0 1 0 90 89 -18885 32 1
4625 4788 184 0 184 0 0 0 89 89 0 163 0
4788 4789 184 0 183 0 0 1 89 88 18932 32 1
4789 4792 183 0 185 1 1 0 88 85 -18932 32 3
4792 5067 185 1 185 1 0 0 85 85 0 275 0
5067 5070 185 1 183 0 0 1 85 82 19026 32 3
5070 5071 183 0 184 0 1 0 82 81 -19026 32 1
5071 5199 184 0 184 0 0 0 81 81 0 128 0
5199 5200 184 0 183 0 0 1 81 80 19066 32 1
5200 5201 183 0 183 0 1 1 80 80 0 1 0
5201 5202 183 0 184 0 1 0 80 79 -19066 32 1
5202 5325 184 0 184 0 0 0 79 79 0 123 0
5325 5326 184 0 183 0 0 1 79 78 19109 32 1
5326 5327 183 0 183 0 1 1 78 78 0 1 0
5327 5328 183 0 183 1 1 0 78 77 -19109 32 1
5328 6967 183 1 183 1 0 0 77 77 0 1639 0
6967 6968 183 1 183 0 0 1 77 76 19638 32 1
6968 6974 183 0 183 6 1 0 76 70 -19638 32 6
6974 7177 183 6 183 6 0 0 70 70 0 203 0
7177 7183 183 6 183 0 0 1 70 64 19710 32 6
7183 7184 183 0 183 0 1 1 64 64 0 1 0
7184 7185 183 0 184 0 1 0 64 63 -19710 32 1
7185 7293 184 0 184 0 0 0 63 63 0 108 0
7293 7294 184 0 183 0 0 1 63 62 19758 32 1
7294 7295 183 0 183 0 1 1 62 62 0 1 0
7295 7296 183 0 184 0 1 0 62 61 -19758 32 1
7296 8443 184 0 184 0 0 0 61 61 0 1147 0
8443 8444 184 0 183 0 0 1 61 60 20144 32 1
8444 8446 183 0 183 0 1 1 60 60 0 2 0
8446 8450 183 0 186 1 1 0 60 56 -20144 32 4
8450 8503 186 1 186 1 0 0 56 56 0 53 0
8503 8507 186 1 183 0 0 1 56 52 20168 32 4
8507 8508 183 0 183 1 1 0 52 51 -20168 32 1
8508 9470 183 1 183 1 0 0 51 51 0 962 0
9470 9471 183 1 183 0 0 1 51 50 20511 32 1
9471 9472 183 0 184 0 1 0 50 49 -20511 32 1
9472 9604 184 0 184 0 0 0 49 49 0 132 0
9604 9605 184 0 183 0 0 1 49 48 20556 32 1
9605 9607 183 0 183 0 1 1 48 48 0 2 0
9607 9608 183 0 184 0 1 0 48 47 -20556 32 1
9608 9745 184 0 184 0 0 0 47 47 0 137 0
9745 9746 184 0 183 0 0 1 47 46 20618 32 1
9746 9749 183 0 186 0 1 0 46 43 -20618 32 3
9749 40000 186 0 186 0 0 0 43 43 0 30251 0
40000 40003 186 0 183 0 0 1 43 40 15598 32 3
40003 40005 183 0 184 1 1 0 40 38 -15598 32 2
40005 40172 184 1 184 1 0 0 38 38 0 167 0
40172 40174 184 1 183 0 0 1 38 36 15681 32 2
40174 40178 183 0 185 2 1 0 36 32 -15681 32 4
40178 40492 185 2 185 2 0 0 32 32 0 314 0
40492 40496 185 2 183 0 0 1 32 28 15865 32 4
40496 40498 183 0 183 2 1 0 28 26 -15865 32 2
40498 41498 183 2 183 2 0 0 26 26 0 1000 0
41498 41500 183 2 183 0 0 1 26 24 16439 32 2
41500 41504 183 0 183 0 1 1 24 24 0 4 0
41504 41507 183 0 184 2 1 0 24 21 -16439 32 3
41507 41644 184 2 184 2 0 0 21 21 0 137 0
41644 41647 184 2 183 0 0 1 21 18 16528 32 3
41647 41650 183 0 183 3 1 0 18 15 -16528 32 3
41650 42182 183 3 183 3 0 0 15 15 0 532 0
42182 42185 183 3 183 0 0 1 15 12 34815 32 3
42185 42185 183 0 183 0 1 2 12 12 34812 21 0
42185 42185 183 0 183 0 2 3 12 12 16824 18 0
42185 42186 183 0 183 0 3 3 12 12 0 1 0
42186 42188 183 0 184 1 3 2 12 10 -34815 32 2
42188 42188 184 1 184 1 2 1 10 10 -34812 20 0
42188 42188 184 1 184 1 1 0 10 10 -16824 18 0
42188 43035 184 1 184 1 0 0 10 10 0 847 0
43035 43037 184 1 183 0 0 1 10 8 17320 32 2
43037 43038 183 0 183 0 1 1 8 8 0 1 0
43038 43042 183 0 187 0 1 0 8 4 -17320 32 4
43042 43263 187 0 187 0 0 0 4 4 0 221 0
43263 43267 187 0 183 0 0 0 4 0 1000000000 0 4
--------------------------------------
--------------------------------------
EV5
--------------------------------------
Num TPs served = 15
TPs served = 20392 21141 21149 21490 21502 22289 22851 23023 23153 23182 23594 23610 23656 24444 39122
Total energy used = 100
--------------------------------------
Schedule:
0 9145 183 0 183 0 0 0 100 100 0 9145 0
9145 9145 183 0 183 0 0 1 100 100 20392 32 0
9145 9147 183 0 183 0 1 1 100 100 0 2 0
9147 9154 183 0 188 2 1 0 100 93 -20392 32 7
9154 11124 188 2 188 2 0 0 93 93 0 1970 0
11124 11131 188 2 183 0 0 1 93 86 39122 32 7
11131 11131 183 0 183 0 1 2 86 86 21141 13 0
11131 11132 183 0 183 1 2 1 86 85 -39122 32 1
11132 11144 183 1 195 1 1 0 85 73 -21141 13 12
11144 11157 195 1 183 0 0 1 73 60 21149 28 13
11157 11160 183 0 185 1 1 0 60 57 -21149 29 3
11160 12078 185 1 185 1 0 0 57 57 0 918 0
12078 12081 185 1 183 0 0 1 57 54 21490 32 3
12081 12082 183 0 183 0 1 1 54 54 0 1 0
12082 12087 183 0 188 0 1 0 54 49 -21490 32 5
12087 12125 188 0 188 0 0 0 49 49 0 38 0
12125 12130 188 0 183 0 0 1 49 44 21502 32 5
12130 12132 183 0 184 1 1 0 44 42 -21502 32 2
12132 14189 184 1 184 1 0 0 42 42 0 2057 0
14189 14191 184 1 183 0 0 1 42 40 22289 32 2
14191 14192 183 0 183 0 1 1 40 40 0 1 0
14192 14193 183 0 184 0 1 0 40 39 -22289 32 1
14193 15638 184 0 184 0 0 0 39 39 0 1445 0
15638 15639 184 0 183 0 0 1 39 38 22851 32 1
15639 15640 183 0 183 0 1 1 38 38 0 1 0
15640 15641 183 0 183 1 1 0 38 37 -22851 32 1
15641 16028 183 1 183 1 0 0 37 37 0 387 0
16028 16029 183 1 183 0 0 1 37 36 23023 32 1
16029 16030 183 0 183 1 1 0 36 35 -23023 32 1
16030 16349 183 1 183 1 0 0 35 35 0 319 0
16349 16350 183 1 183 0 0 1 35 34 23153 32 1
16350 16353 183 0 183 0 1 1 34 34 0 3 0
16353 16358 183 0 187 1 1 0 34 29 -23153 32 5
16358 16423 187 1 187 1 0 0 29 29 0 65 0
16423 16428 187 1 183 0 0 1 29 24 23182 32 5
16428 16431 183 0 183 0 1 1 24 24 0 3 0
16431 16435 183 0 184 3 1 0 24 20 -23182 32 4
16435 17388 184 3 184 3 0 0 20 20 0 953 0
17388 17392 184 3 183 0 0 1 20 16 23594 32 4
17392 17393 183 0 183 0 1 1 16 16 0 1 0
17393 17394 183 0 183 1 1 0 16 15 -23594 32 1
17394 17431 183 1 183 1 0 0 15 15 0 37 0
17431 17432 183 1 183 0 0 1 15 14 23610 32 1
17432 17434 183 0 185 0 1 0 14 12 -23610 32 2
17434 17528 185 0 185 0 0 0 12 12 0 94 0
17528 17530 185 0 183 0 0 1 12 10 23656 32 2
17530 17534 183 0 187 0 1 0 10 6 -23656 32 4
17534 19267 187 0 187 0 0 0 6 6 0 1733 0
19267 19271 187 0 183 0 0 1 6 2 24444 32 4
19271 19272 183 0 184 0 1 0 2 1 -24444 32 1
19272 43266 184 0 184 0 0 0 1 1 0 23994 0
43266 43267 184 0 183 0 0 0 1 0 1000000000 0 1
--------------------------------------
--------------------------------------
EV6
--------------------------------------
Num TPs served = 17
TPs served = 23261 24509 25101 25499 25815 25893 26005 26016 26557 26859 27146 27394 28069 29153 30466 41327 43716
Total energy used = 100
--------------------------------------
Schedule:
0 16628 183 0 183 0 0 0 100 100 0 16628 0
16628 16628 183 0 183 0 0 1 100 100 41327 32 0
16628 16628 183 0 183 0 1 2 100 100 23261 18 0
16628 16630 183 0 185 0 2 1 100 98 -41327 32 2
16630 16637 185 0 192 0 1 0 98 91 -23261 18 7
16637 19402 192 0 192 0 0 0 91 91 0 2765 0
19402 19411 192 0 183 0 0 1 91 82 24509 32 9
19411 19413 183 0 185 0 1 0 82 80 -24509 32 2
19413 20732 185 0 185 0 0 0 80 80 0 1319 0
20732 20734 185 0 183 0 0 1 80 78 25101 32 2
20734 20736 183 0 183 2 1 0 78 76 -25101 32 2
20736 21606 183 2 183 2 0 0 76 76 0 870 0
21606 21608 183 2 183 0 0 1 76 74 43716 32 2
21608 21608 183 0 183 0 1 2 74 74 25499 14 0
21608 21609 183 0 183 0 2 2 74 74 0 1 0
21609 21610 183 0 184 0 2 1 74 73 -43716 32 1
21610 21611 184 0 185 0 1 0 73 72 -25499 13 1
21611 22262 185 0 185 0 0 0 72 72 0 651 0
22262 22264 185 0 183 0 0 1 72 70 25815 32 2
22264 22265 183 0 183 0 1 1 70 70 0 1 0
22265 22266 183 0 183 1 1 0 70 69 -25815 32 1
22266 22427 183 1 183 1 0 0 69 69 0 161 0
22427 22428 183 1 183 0 0 1 69 68 25893 32 1
22428 22429 183 0 184 0 1 0 68 67 -25893 32 1
22429 22678 184 0 184 0 0 0 67 67 0 249 0
22678 22679 184 0 183 0 0 1 67 66 26016 32 1
22679 22679 183 0 183 0 1 2 66 66 26005 17 0
22679 22680 183 0 183 0 2 2 66 66 0 1 0
22680 22682 183 0 184 1 2 1 66 64 -26016 32 2
22682 22699 184 1 195 7 1 0 64 47 -26005 16 17
22699 23743 195 7 195 7 0 0 47 47 0 1044 0
23743 23762 195 7 183 0 0 1 47 28 26557 32 19
23762 23763 183 0 183 0 1 1 28 28 0 1 0
23763 23765 183 0 184 1 1 0 28 26 -26557 32 2
23765 24369 184 1 184 1 0 0 26 26 0 604 0
24369 24371 184 1 183 0 0 1 26 24 26859 32 2
24371 24377 183 0 185 4 1 0 24 18 -26859 32 6
24377 24908 185 4 185 4 0 0 18 18 0 531 0
24908 24914 185 4 183 0 0 1 18 12 27146 32 6
24914 24915 183 0 184 0 1 0 12 11 -27146 32 1
24915 25378 184 0 184 0 0 0 11 11 0 463 0
25378 25379 184 0 183 0 0 1 11 10 27394 32 1
25379 25380 183 0 183 0 1 1 10 10 0 1 0
25380 25382 183 0 183 2 1 0 10 8 -27394 32 2
25382 26652 183 2 183 2 0 0 8 8 0 1270 0
26652 26654 183 2 183 0 0 1 8 6 28069 32 2
26654 26655 183 0 183 0 1 1 6 6 0 1 0
26655 26656 183 0 184 0 1 0 6 5 -28069 32 1
26656 28787 184 0 184 0 0 0 5 5 0 2131 0
28787 28788 184 0 183 0 0 1 5 4 29153 32 1
28788 28789 183 0 183 1 1 0 4 3 -29153 32 1
28789 31373 183 1 183 1 0 0 3 3 0 2584 0
31373 31374 183 1 183 0 0 1 3 2 30466 32 1
31374 31375 183 0 184 0 1 0 2 1 -30466 32 1
31375 43266 184 0 184 0 0 0 1 1 0 11891 0
43266 43267 184 0 183 0 0 0 1 0 1000000000 0 1
--------------------------------------
--------------------------------------
EV7
--------------------------------------
Num TPs served = 16
TPs served = 28043 28458 28497 29450 29532 30346 31439 31871 32765 32905 33521 34111 35138 35407 35544 39096
Total energy used = 100
--------------------------------------
Schedule:
0 777 183 0 183 0 0 0 100 100 0 777 0
777 777 183 0 183 0 0 1 100 100 35407 32 0
777 779 183 0 183 2 1 0 100 98 -35407 32 2
779 1208 183 2 183 2 0 0 98 98 0 429 0
1208 1210 183 2 183 0 0 1 98 96 35544 32 2
1210 1212 183 0 183 0 1 1 96 96 0 2 0
1212 1214 183 0 183 2 1 0 96 94 -35544 32 2
1214 11076 183 2 183 2 0 0 94 94 0 9862 0
11076 11078 183 2 183 0 0 1 94 92 39096 32 2
11078 11079 183 0 183 0 1 1 92 92 0 1 0
11079 11080 183 0 184 0 1 0 92 91 -39096 32 1
11080 26597 184 0 184 0 0 0 91 91 0 15517 0
26597 26598 184 0 183 0 0 1 91 90 28043 32 1
26598 26611 183 0 183 0 1 1 90 90 0 13 0
26611 26617 183 0 183 6 1 0 90 84 -28043 32 6
26617 27404 183 6 183 6 0 0 84 84 0 787 0
27404 27410 183 6 183 0 0 1 84 78 28458 32 6
27410 27413 183 0 186 0 1 0 78 75 -28458 32 3
27413 27481 186 0 186 0 0 0 75 75 0 68 0
27481 27484 186 0 183 0 0 1 75 72 28497 32 3
27484 27486 183 0 183 0 1 1 72 72 0 2 0
27486 27490 183 0 186 1 1 0 72 68 -28497 32 4
27490 29414 186 1 186 1 0 0 68 68 0 1924 0
29414 29418 186 1 183 0 0 1 68 64 29450 32 4
29418 29421 183 0 186 0 1 0 64 61 -29450 32 3
29421 29583 186 0 186 0 0 0 61 61 0 162 0
29583 29586 186 0 183 0 0 1 61 58 29532 32 3
29586 29589 183 0 183 0 1 1 58 58 0 3 0
29589 29594 183 0 185 3 1 0 58 53 -29532 32 5
29594 31150 185 3 185 3 0 0 53 53 0 1556 0
31150 31155 185 3 183 0 0 1 53 48 30346 32 5
31155 31156 183 0 183 0 1 1 48 48 0 1 0
31156 31158 183 0 185 0 1 0 48 46 -30346 32 2
31158 33462 185 0 185 0 0 0 46 46 0 2304 0
33462 33464 185 0 183 0 0 1 46 44 31439 32 2
33464 33466 183 0 183 0 1 1 44 44 0 2 0
33466 33471 183 0 188 0 1 0 44 39 -31439 32 5
33471 34426 188 0 188 0 0 0 39 39 0 955 0
34426 34431 188 0 183 0 0 1 39 34 31871 32 5
34431 34432 183 0 183 0 1 1 34 34 0 1 0
34432 34434 183 0 184 1 1 0 34 32 -31871 32 2
34434 36519 184 1 184 1 0 0 32 32 0 2085 0
36519 36521 184 1 183 0 0 1 32 30 32765 32 2
36521 36524 183 0 185 1 1 0 30 27 -32765 32 3
36524 36915 185 1 185 1 0 0 27 27 0 391 0
36915 36918 185 1 183 0 0 1 27 24 32905 32 3
36918 36919 183 0 183 0 1 1 24 24 0 1 0
36919 36924 183 0 187 1 1 0 24 19 -32905 32 5
36924 38485 187 1 187 1 0 0 19 19 0 1561 0
38485 38490 187 1 183 0 0 1 19 14 33521 32 5
38490 38491 183 0 184 0 1 0 14 13 -33521 32 1
38491 40096 184 0 184 0 0 0 13 13 0 1605 0
40096 40097 184 0 183 0 0 1 13 12 34111 32 1
40097 40099 183 0 184 1 1 0 12 10 -34111 32 2
40099 43179 184 1 184 1 0 0 10 10 0 3080 0
43179 43181 184 1 183 0 0 1 10 8 35138 32 2
43181 43185 183 0 186 1 1 0 8 4 -35138 32 4
43185 43263 186 1 186 1 0 0 4 4 0 78 0
43263 43267 186 1 183 0 0 0 4 0 1000000000 0 4
--------------------------------------
--------------------------------------
EV8
--------------------------------------
Num TPs served = 16
TPs served = 36009 36364 36413 37092 37973 38000 38377 40372 40709 40894 40966 41153 41667 41981 42564 44659
Total energy used = 100
--------------------------------------
Schedule:
0 2500 183 0 183 0 0 0 100 100 0 2500 0
2500 2500 183 0 183 0 0 1 100 100 36009 32 0
2500 2502 183 0 185 0 1 0 100 98 -36009 32 2
2502 3543 185 0 185 0 0 0 98 98 0 1041 0
3543 3545 185 0 183 0 0 1 98 96 36364 32 2
3545 3549 183 0 187 0 1 0 96 92 -36364 32 4
3549 3686 187 0 187 0 0 0 92 92 0 137 0
3686 3690 187 0 183 0 0 1 92 88 36413 32 4
3690 3692 183 0 184 1 1 0 88 86 -36413 32 2
3692 5696 184 1 184 1 0 0 86 86 0 2004 0
5696 5698 184 1 183 0 0 1 86 84 37092 32 2
5698 5700 183 0 183 0 1 1 84 84 0 2 0
5700 5711 183 0 187 7 1 0 84 73 -37092 32 11
5711 8165 187 7 187 7 0 0 73 73 0 2454 0
8165 8176 187 7 183 0 0 1 73 62 37973 32 11
8176 8177 183 0 183 0 1 1 62 62 0 1 0
8177 8183 183 0 187 2 1 0 62 56 -37973 32 6
8183 8248 187 2 187 2 0 0 56 56 0 65 0
8248 8254 187 2 183 0 0 1 56 50 38000 32 6
8254 8256 183 0 185 0 1 0 50 48 -38000 32 2
8256 9293 185 0 185 0 0 0 48 48 0 1037 0
9293 9295 185 0 183 0 0 1 48 46 38377 32 2
9295 9297 183 0 183 2 1 0 46 44 -38377 32 2
9297 14396 183 2 183 2 0 0 44 44 0 5099 0
14396 14398 183 2 183 0 0 1 44 42 40372 32 2
14398 14400 183 0 183 0 1 1 42 42 0 2 0
14400 14407 183 0 184 6 1 0 42 35 -40372 32 7
14407 15218 184 6 184 6 0 0 35 35 0 811 0
15218 15225 184 6 183 0 0 1 35 28 40709 32 7
15225 15227 183 0 185 0 1 0 28 26 -40709 32 2
15227 15642 185 0 185 0 0 0 26 26 0 415 0
15642 15644 185 0 183 0 0 1 26 24 40894 32 2
15644 15645 183 0 183 0 1 1 24 24 0 1 0
15645 15646 183 0 184 0 1 0 24 23 -40894 32 1
15646 15789 184 0 184 0 0 0 23 23 0 143 0
15789 15790 184 0 183 0 0 1 23 22 40966 32 1
15790 15794 183 0 183 0 1 1 22 22 0 4 0
15794 15796 183 0 185 0 1 0 22 20 -40966 32 2
15796 16211 185 0 185 0 0 0 20 20 0 415 0
16211 16213 185 0 183 0 0 1 20 18 41153 32 2
16213 16215 183 0 183 2 1 0 18 16 -41153 32 2
16215 17405 183 2 183 2 0 0 16 16 0 1190 0
17405 17407 183 2 183 0 0 1 16 14 41667 32 2
17407 17410 183 0 183 0 1 1 14 14 0 3 0
17410 17413 183 0 185 1 1 0 14 11 -41667 32 3
17413 18065 185 1 185 1 0 0 11 11 0 652 0
18065 18068 185 1 183 0 0 1 11 8 41981 32 3
18068 18069 183 0 183 1 1 0 8 7 -41981 32 1
18069 19342 183 1 183 1 0 0 7 7 0 1273 0
19342 19343 183 1 183 0 0 1 7 6 42564 32 1
19343 19345 183 0 185 0 1 0 6 4 -42564 32 2
19345 23404 185 0 185 0 0 0 4 4 0 4059 0
23404 23406 185 0 183 0 0 1 4 2 44659 32 2
23406 23407 183 0 183 1 1 0 2 1 -44659 32 1
23407 43266 183 1 183 1 0 0 1 1 0 19859 0
43266 43267 183 1 183 0 0 0 1 0 1000000000 0 1
--------------------------------------
--------------------------------------
EV9
--------------------------------------
Num TPs served = 14
TPs served = 43101 43515 44029 44660 45044 45068 45407 45503 45589 45681 45900 45998 46734 47370
Total energy used = 100
--------------------------------------
Schedule:
0 20416 183 0 183 0 0 0 100 100 0 20416 0
20416 20416 183 0 183 0 0 1 100 100 43101 32 0
20416 20419 183 0 183 0 1 1 100 100 0 3 0
20419 20432 183 0 194 2 1 0 100 87 -43101 32 13
20432 21219 194 2 194 2 0 0 87 87 0 787 0
21219 21232 194 2 183 0 0 1 87 74 43515 32 13
21232 21237 183 0 186 2 1 0 74 69 -43515 32 5
21237 22220 186 2 186 2 0 0 69 69 0 983 0
22220 22225 186 2 183 0 0 1 69 64 44029 32 5
22225 22228 183 0 183 0 1 1 64 64 0 3 0
22228 22230 183 0 183 2 1 0 64 62 -44029 32 2
22230 23405 183 2 183 2 0 0 62 62 0 1175 0
23405 23407 183 2 183 0 0 1 62 60 44660 32 2
23407 23408 183 0 184 0 1 0 60 59 -44660 32 1
23408 24100 184 0 184 0 0 0 59 59 0 692 0
24100 24101 184 0 183 0 0 1 59 58 45044 32 1
24101 24103 183 0 184 1 1 0 58 56 -45044 32 2
24103 24152 184 1 184 1 0 0 56 56 0 49 0
24152 24154 184 1 183 0 0 1 56 54 45068 32 2
24154 24157 183 0 185 1 1 0 54 51 -45068 32 3
24157 24737 185 1 185 1 0 0 51 51 0 580 0
24737 24740 185 1 183 0 0 1 51 48 45407 32 3
24740 24742 183 0 183 0 1 1 48 48 0 2 0
24742 24751 183 0 192 0 1 0 48 39 -45407 32 9
24751 24890 192 0 192 0 0 0 39 39 0 139 0
24890 24899 192 0 183 0 0 1 39 30 45503 32 9
24899 24900 183 0 183 0 1 1 30 30 0 1 0
24900 24903 183 0 186 0 1 0 30 27 -45503 32 3
24903 25051 186 0 186 0 0 0 27 27 0 148 0
25051 25054 186 0 183 0 0 1 27 24 45589 32 3
25054 25055 183 0 183 0 1 1 24 24 0 1 0
25055 25057 183 0 184 1 1 0 24 22 -45589 32 2
25057 25207 184 1 184 1 0 0 22 22 0 150 0
25207 25209 184 1 183 0 0 1 22 20 45681 32 2
25209 25210 183 0 183 0 1 1 20 20 0 1 0
25210 25211 183 0 183 1 1 0 20 19 -45681 32 1
25211 25597 183 1 183 1 0 0 19 19 0 386 0
25597 25598 183 1 183 0 0 1 19 18 45900 32 1
25598 25601 183 0 185 1 1 0 18 15 -45900 32 3
25601 25796 185 1 185 1 0 0 15 15 0 195 0
25796 25799 185 1 183 0 0 1 15 12 45998 32 3
25799 25801 183 0 184 1 1 0 12 10 -45998 32 2
25801 27112 184 1 184 1 0 0 10 10 0 1311 0
27112 27114 184 1 183 0 0 1 10 8 46734 32 2
27114 27117 183 0 183 3 1 0 8 5 -46734 32 3
27117 28150 183 3 183 3 0 0 5 5 0 1033 0
28150 28153 183 3 183 0 0 1 5 2 47370 32 3
28153 28154 183 0 184 0 1 0 2 1 -47370 32 1
28154 43266 184 0 184 0 0 0 1 1 0 15112 0
43266 43267 184 0 183 0 0 0 1 0 1000000000 0 1
--------------------------------------

-------------------------------------------------------------------------

TPs

-------------------------------------------------------------------------

----------------------
TP112 allocated to 1
----------------------

----------------------
TP401 allocated to 1
----------------------

----------------------
TP516 allocated to 1
----------------------

----------------------
TP739 allocated to 1
----------------------

----------------------
TP825 allocated to 1
----------------------

----------------------
TP1850 allocated to 1
----------------------

----------------------
TP2258 allocated to 1
----------------------

----------------------
TP2356 allocated to 1
----------------------

----------------------
TP2429 allocated to 1
----------------------

----------------------
TP2445 allocated to 1
----------------------

----------------------
TP2674 allocated to 1
----------------------

----------------------
TP3033 allocated to 1
----------------------

----------------------
TP3131 allocated to 2
----------------------

----------------------
TP3572 allocated to 1
----------------------

----------------------
TP4203 allocated to 2
----------------------

----------------------
TP4544 allocated to 1
----------------------

----------------------
TP4605 allocated to 1
----------------------

----------------------
TP4652 allocated to 1
----------------------

----------------------
TP5108 allocated to 2
----------------------

----------------------
TP7096 allocated to 2
----------------------

----------------------
TP7736 allocated to 2
----------------------

----------------------
TP8033 allocated to 1
----------------------

----------------------
TP8202 allocated to 2
----------------------

----------------------
TP8372 allocated to 2
----------------------

----------------------
TP8600 allocated to 2
----------------------

----------------------
TP8737 allocated to 2
----------------------

----------------------
TP8804 allocated to 2
----------------------

----------------------
TP8805 allocated to 2
----------------------

----------------------
TP9127 allocated to 2
----------------------

----------------------
TP10036 allocated to 3
----------------------

----------------------
TP10318 allocated to 2
----------------------

----------------------
TP10471 allocated to 1
----------------------

----------------------
TP10694 allocated to 3
----------------------

----------------------
TP10850 allocated to 2
----------------------

----------------------
TP10929 allocated to 1
----------------------

----------------------
TP11306 allocated to 3
----------------------

----------------------
TP12176 allocated to 3
----------------------

----------------------
TP12252 allocated to 3
----------------------

----------------------
TP12724 allocated to 3
----------------------

----------------------
TP13849 allocated to 1
----------------------

----------------------
TP14067 allocated to 3
----------------------

----------------------
TP14834 allocated to 3
----------------------

----------------------
TP15077 allocated to 3
----------------------

----------------------
TP15131 allocated to 3
----------------------

----------------------
TP15242 allocated to 3
----------------------

----------------------
TP15368 allocated to 1
----------------------

----------------------
TP15378 allocated to 3
----------------------

----------------------
TP15485 allocated to 3
----------------------

----------------------
TP15598 allocated to 4
----------------------

----------------------
TP15681 allocated to 4
----------------------

----------------------
TP15865 allocated to 4
----------------------

----------------------
TP16072 allocated to 3
----------------------

----------------------
TP16439 allocated to 4
----------------------

----------------------
TP16528 allocated to 4
----------------------

----------------------
TP16824 allocated to 4
----------------------

----------------------
TP17320 allocated to 4
----------------------

----------------------
TP18683 allocated to 4
----------------------

----------------------
TP18758 allocated to 4
----------------------

----------------------
TP18885 allocated to 4
----------------------

----------------------
TP18932 allocated to 4
----------------------

----------------------
TP19026 allocated to 4
----------------------

----------------------
TP19066 allocated to 4
----------------------

----------------------
TP19109 allocated to 4
----------------------

----------------------
TP19361 allocated to 1
----------------------

----------------------
TP19577 allocated to 1
----------------------

----------------------
TP19638 allocated to 4
----------------------

----------------------
TP19710 allocated to 4
----------------------

----------------------
TP19758 allocated to 4
----------------------

----------------------
TP20144 allocated to 4
----------------------

----------------------
TP20168 allocated to 4
----------------------

----------------------
TP20392 allocated to 5
----------------------

----------------------
TP20406 allocated to 1
----------------------

----------------------
TP20414 allocated to 1
----------------------

----------------------
TP20511 allocated to 4
----------------------

----------------------
TP20556 allocated to 4
----------------------

----------------------
TP20618 allocated to 4
----------------------

----------------------
TP21141 allocated to 5
----------------------

----------------------
TP21149 allocated to 5
----------------------

----------------------
TP21158 allocated to 1
----------------------

----------------------
TP21490 allocated to 5
----------------------

----------------------
TP21502 allocated to 5
----------------------

----------------------
TP22289 allocated to 5
----------------------

----------------------
TP22851 allocated to 5
----------------------

----------------------
TP23023 allocated to 5
----------------------

----------------------
TP23153 allocated to 5
----------------------

----------------------
TP23182 allocated to 5
----------------------

----------------------
TP23261 allocated to 6
----------------------

----------------------
TP23594 allocated to 5
----------------------

----------------------
TP23610 allocated to 5
----------------------

----------------------
TP23656 allocated to 5
----------------------

----------------------
TP24444 allocated to 5
----------------------

----------------------
TP24509 allocated to 6
----------------------

----------------------
TP24716 allocated to 1
----------------------

----------------------
TP25101 allocated to 6
----------------------

----------------------
TP25499 allocated to 6
----------------------

----------------------
TP25815 allocated to 6
----------------------

----------------------
TP25867 allocated to 3
----------------------

----------------------
TP25893 allocated to 6
----------------------

----------------------
TP26005 allocated to 6
----------------------

----------------------
TP26016 allocated to 6
----------------------

----------------------
TP26557 allocated to 6
----------------------

----------------------
TP26859 allocated to 6
----------------------

----------------------
TP27146 allocated to 6
----------------------

----------------------
TP27394 allocated to 6
----------------------

----------------------
TP27429 allocated to 1
----------------------

----------------------
TP28043 allocated to 7
----------------------

----------------------
TP28069 allocated to 6
----------------------

----------------------
TP28393 allocated to 3
----------------------

----------------------
TP28458 allocated to 7
----------------------

----------------------
TP28497 allocated to 7
----------------------

----------------------
TP29153 allocated to 6
----------------------

----------------------
TP29450 allocated to 7
----------------------

----------------------
TP29532 allocated to 7
----------------------

----------------------
TP29612 allocated to 1
----------------------

----------------------
TP30346 allocated to 7
----------------------

----------------------
TP30466 allocated to 6
----------------------

----------------------
TP31439 allocated to 7
----------------------

----------------------
TP31871 allocated to 7
----------------------

----------------------
TP32624 allocated to 1
----------------------

----------------------
TP32765 allocated to 7
----------------------

----------------------
TP32905 allocated to 7
----------------------

----------------------
TP33521 allocated to 7
----------------------

----------------------
TP33960 allocated to 3
----------------------

----------------------
TP34111 allocated to 7
----------------------

----------------------
TP34812 allocated to 4
----------------------

----------------------
TP34815 allocated to 4
----------------------

----------------------
TP35138 allocated to 7
----------------------

----------------------
TP35396 allocated to 1
----------------------

----------------------
TP35407 allocated to 7
----------------------

----------------------
TP35544 allocated to 7
----------------------

----------------------
TP36009 allocated to 8
----------------------

----------------------
TP36364 allocated to 8
----------------------

----------------------
TP36413 allocated to 8
----------------------

----------------------
TP37092 allocated to 8
----------------------

----------------------
TP37973 allocated to 8
----------------------

----------------------
TP38000 allocated to 8
----------------------

----------------------
TP38377 allocated to 8
----------------------

----------------------
TP39096 allocated to 7
----------------------

----------------------
TP39122 allocated to 5
----------------------

----------------------
TP40372 allocated to 8
----------------------

----------------------
TP40709 allocated to 8
----------------------

----------------------
TP40894 allocated to 8
----------------------

----------------------
TP40966 allocated to 8
----------------------

----------------------
TP41153 allocated to 8
----------------------

----------------------
TP41327 allocated to 6
----------------------

----------------------
TP41515 allocated to 1
----------------------

----------------------
TP41667 allocated to 8
----------------------

----------------------
TP41981 allocated to 8
----------------------

----------------------
TP42564 allocated to 8
----------------------

----------------------
TP43101 allocated to 9
----------------------

----------------------
TP43515 allocated to 9
----------------------

----------------------
TP43716 allocated to 6
----------------------

----------------------
TP44029 allocated to 9
----------------------

----------------------
TP44392 allocated to 1
----------------------

----------------------
TP44659 allocated to 8
----------------------

----------------------
TP44660 allocated to 9
----------------------

----------------------
TP44871 allocated to 1
----------------------

----------------------
TP45044 allocated to 9
----------------------

----------------------
TP45068 allocated to 9
----------------------

----------------------
TP45407 allocated to 9
----------------------

----------------------
TP45503 allocated to 9
----------------------

----------------------
TP45589 allocated to 9
----------------------

----------------------
TP45681 allocated to 9
----------------------

----------------------
TP45900 allocated to 9
----------------------

----------------------
TP45998 allocated to 9
----------------------

----------------------
TP46264 allocated to 1
----------------------

----------------------
TP46734 allocated to 9
----------------------

----------------------
TP46871 allocated to 1
----------------------

----------------------
TP47370 allocated to 9
----------------------

----------------------
TP47418 not allocated
----------------------

----------------------
TP47710 not allocated
----------------------

----------------------
TP47904 not allocated
----------------------

----------------------
TP48089 not allocated
----------------------

----------------------
TP49158 not allocated
----------------------

----------------------
TP49606 not allocated
----------------------

----------------------
TP49717 not allocated
----------------------

----------------------
TP49863 not allocated
----------------------

-------------------------------------------------------------------------

Ride-sharing vs Individual Mode - Num Vehicles and Distance Comparisson 

-------------------------------------------------------------------------
Individual Mode = 177 vehicles.
Ride-sharing Mode = 17 vehicles. The 9 ride-sharing vehicles + 8 vehicles of the individuals not served by the ride-sharing service.
-------------------------------------------------------------------------
Individual Mode = 486 distance.
Ride-sharing Mode = 917 distance. 900 from the EV fleet + 17 from the distance of the trips not covered individuals had to do with their own vehicle.
-------------------------------------------------------------------------
