-------------------------------------------------------------------------
TPs satisfied = 122; Total TPs = 190; Percentage Satisfied + 64.2%
-------------------------------------------------------------------------

-------------------------------------------------------------------------

EVs

-------------------------------------------------------------------------
--------------------------------------
EV1
--------------------------------------
Num TPs served = 32
TPs served = 155 471 1002 1159 1477 2490 2511 2558 3535 3817 4214 4406 4434 4609 5036 5232 5602 19751 22820 22883 28907 29268 29430 30057 32338 33854 34494 37434 38199 42419 44441 45571
Total energy used = 100
--------------------------------------
Schedule:
0 299 793 682 793 682 0 0 100 100 0 299 0
299 299 793 682 793 682 0 1 100 100 155 32 0
299 300 793 682 793 682 1 1 100 100 0 1 0
300 302 793 682 794 683 1 0 100 98 -155 32 2
302 854 794 683 794 683 0 0 98 98 0 552 0
854 856 794 683 793 682 0 1 98 96 471 32 2
856 858 793 682 795 682 1 0 96 94 -471 32 2
858 1760 795 682 795 682 0 0 94 94 0 902 0
1760 1762 795 682 793 682 0 1 94 92 1002 32 2
1762 1768 793 682 797 684 1 0 92 86 -1002 32 6
1768 2023 797 684 797 684 0 0 86 86 0 255 0
2023 2029 797 684 793 682 0 1 86 80 1159 32 6
2029 2041 793 682 803 684 1 0 80 68 -1159 32 12
2041 2564 803 684 803 684 0 0 68 68 0 523 0
2564 2576 803 684 793 682 0 1 68 56 1477 32 12
2576 2580 793 682 797 682 1 0 56 52 -1477 32 4
2580 4422 797 682 797 682 0 0 52 52 0 1842 0
4422 4426 797 682 793 682 0 1 52 48 2490 32 4
4426 4428 793 682 794 683 1 0 48 46 -2490 32 2
4428 4459 794 683 794 683 0 0 46 46 0 31 0
4459 4461 794 683 793 682 0 1 46 44 2511 32 2
4461 4463 793 682 793 684 1 0 44 42 -2511 32 2
4463 4537 793 684 793 684 0 0 42 42 0 74 0
4537 4539 793 684 793 682 0 1 42 40 2558 32 2
4539 4541 793 682 793 682 1 1 40 40 0 2 0
4541 4541 793 682 793 682 1 0 40 40 -2558 32 0
4541 6318 793 682 793 682 0 0 40 40 0 1777 0
6318 6318 793 682 793 682 0 1 40 40 3535 32 0
6318 6319 793 682 793 682 1 1 40 40 0 1 0
6319 6320 793 682 793 683 1 0 40 39 -3535 32 1
6320 6711 793 683 793 683 0 0 39 39 0 391 0
6711 6712 793 683 793 682 0 1 39 38 37434 32 1
6712 6713 793 682 793 682 1 1 38 38 0 1 0
6713 6713 793 682 793 682 1 0 38 38 -37434 32 0
6713 6846 793 682 793 682 0 0 38 38 0 133 0
6846 6846 793 682 793 682 0 1 38 38 3817 32 0
6846 6849 793 682 795 683 1 0 38 35 -3817 32 3
6849 7272 795 683 795 683 0 0 35 35 0 423 0
7272 7275 795 683 793 682 0 1 35 32 19751 32 3
7275 7276 793 682 793 682 1 1 32 32 0 1 0
7276 7276 793 682 793 682 1 0 32 32 -19751 32 0
7276 7581 793 682 793 682 0 0 32 32 0 305 0
7581 7581 793 682 793 682 0 1 32 32 4214 32 0
7581 7583 793 682 795 682 1 0 32 30 -4214 32 2
7583 7929 795 682 795 682 0 0 30 30 0 346 0
7929 7931 795 682 793 682 0 1 30 28 4406 32 2
7931 7932 793 682 793 682 1 1 28 28 0 1 0
7932 7936 793 682 795 684 1 0 28 24 -4406 32 4
7936 7982 795 684 795 684 0 0 24 24 0 46 0
7982 7986 795 684 793 682 0 1 24 20 4434 32 4
7986 7997 793 682 793 682 1 1 20 20 0 11 0
7997 8000 793 682 795 683 1 0 20 17 -4434 32 3
8000 8326 795 683 795 683 0 0 17 17 0 326 0
8326 8329 795 683 793 682 0 1 17 14 4609 32 3
8329 8332 793 682 796 682 1 0 14 11 -4609 32 3
8332 8864 796 682 796 682 0 0 11 11 0 532 0
8864 8867 796 682 793 682 0 1 11 8 38199 32 3
8867 8870 793 682 793 682 1 1 8 8 0 3 0
8870 8870 793 682 793 682 1 0 8 8 -38199 32 0
8870 9130 793 682 793 682 0 0 8 8 0 260 0
9130 9130 793 682 793 682 0 1 8 8 5036 32 0
9130 9134 793 682 793 682 1 1 8 8 0 4 0
9134 9134 793 682 793 682 1 0 8 8 -5036 32 0
9134 9498 793 682 793 682 0 0 8 8 0 364 0
9498 9498 793 682 793 682 0 1 8 8 5232 32 0
9498 9500 793 682 795 682 1 0 8 6 -5232 32 2
9500 10210 795 682 795 682 0 0 6 6 0 710 0
10210 10212 795 682 793 682 0 1 6 4 5602 32 2
10212 10214 793 682 795 682 1 0 4 2 -5602 32 2
10214 15549 795 682 795 682 0 0 2 2 0 5335 0
15549 15551 795 682 793 682 0 1 2 0 22820 32 2
15551 15555 793 682 793 682 1 1 0 0 0 4 0
15555 15555 793 682 793 682 1 0 0 0 -22820 32 0
15555 15701 793 682 793 682 0 0 0 0 0 146 0
15701 15701 793 682 793 682 0 1 0 0 22883 32 0
15701 15702 793 682 793 682 1 1 0 0 0 1 0
15702 15702 793 682 793 682 1 0 0 0 -22883 32 0
15702 18969 793 682 793 682 0 0 0 0 0 3267 0
18969 18969 793 682 793 682 0 1 0 0 42419 32 0
18969 18970 793 682 793 682 1 1 0 0 0 1 0
18970 18970 793 682 793 682 1 0 0 0 -42419 32 0
18970 23010 793 682 793 682 0 0 0 0 0 4040 0
23010 23010 793 682 793 682 0 1 0 0 44441 32 0
23010 23011 793 682 793 682 1 1 0 0 0 1 0
23011 23011 793 682 793 682 1 0 0 0 -44441 32 0
23011 25013 793 682 793 682 0 0 0 0 0 2002 0
25013 25013 793 682 793 682 0 1 0 0 45571 32 0
25013 25014 793 682 793 682 1 1 0 0 0 1 0
25014 25014 793 682 793 682 1 0 0 0 -45571 32 0
25014 28283 793 682 793 682 0 0 0 0 0 3269 0
28283 28283 793 682 793 682 0 1 0 0 28907 32 0
28283 28285 793 682 793 682 1 1 0 0 0 2 0
28285 28285 793 682 793 682 1 0 0 0 -28907 32 0
28285 29036 793 682 793 682 0 0 0 0 0 751 0
29036 29036 793 682 793 682 0 1 0 0 29268 32 0
29036 29037 793 682 793 682 1 1 0 0 0 1 0
29037 29037 793 682 793 682 1 0 0 0 -29268 32 0
29037 29379 793 682 793 682 0 0 0 0 0 342 0
29379 29379 793 682 793 682 0 1 0 0 29430 32 0
29379 29380 793 682 793 682 1 1 0 0 0 1 0
29380 29380 793 682 793 682 1 0 0 0 -29430 32 0
29380 30585 793 682 793 682 0 0 0 0 0 1205 0
30585 30585 793 682 793 682 0 1 0 0 30057 32 0
30585 30586 793 682 793 682 1 1 0 0 0 1 0
30586 30586 793 682 793 682 1 0 0 0 -30057 32 0
30586 35539 793 682 793 682 0 0 0 0 0 4953 0
35539 35539 793 682 793 682 0 1 0 0 32338 32 0
35539 35540 793 682 793 682 1 1 0 0 0 1 0
35540 35540 793 682 793 682 1 0 0 0 -32338 32 0
35540 39405 793 682 793 682 0 0 0 0 0 3865 0
39405 39405 793 682 793 682 0 1 0 0 33854 32 0
39405 39406 793 682 793 682 1 1 0 0 0 1 0
39406 39406 793 682 793 682 1 0 0 0 -33854 32 0
39406 41233 793 682 793 682 0 0 0 0 0 1827 0
41233 41233 793 682 793 682 0 1 0 0 34494 32 0
41233 41234 793 682 793 682 1 1 0 0 0 1 0
41234 41234 793 682 793 682 1 0 0 0 -34494 32 0
41234 43267 793 682 793 682 0 0 0 0 0 2033 0
43267 43267 793 682 793 682 0 0 0 0 1000000000 0 0
--------------------------------------
--------------------------------------
EV2
--------------------------------------
Num TPs served = 9
TPs served = 5482 5656 6304 6442 6647 6748 6810 6925 6980
Total energy used = 100
--------------------------------------
Schedule:
0 9966 793 682 793 682 0 0 100 100 0 9966 0
9966 9966 793 682 793 682 0 1 100 100 5482 32 0
9966 9985 793 682 811 683 1 0 100 81 -5482 32 19
9985 10319 811 683 811 683 0 0 81 81 0 334 0
10319 10338 811 683 793 682 0 1 81 62 5656 32 19
10338 10339 793 682 793 682 1 1 62 62 0 1 0
10339 10341 793 682 793 684 1 0 62 60 -5656 32 2
10341 11570 793 684 793 684 0 0 60 60 0 1229 0
11570 11572 793 684 793 682 0 1 60 58 6304 32 2
11572 11573 793 682 793 683 1 0 58 57 -6304 32 1
11573 11824 793 683 793 683 0 0 57 57 0 251 0
11824 11825 793 683 793 682 0 1 57 56 6442 32 1
11825 11827 793 682 795 682 1 0 56 54 -6442 32 2
11827 12255 795 682 795 682 0 0 54 54 0 428 0
12255 12257 795 682 793 682 0 1 54 52 6647 32 2
12257 12266 793 682 796 688 1 0 52 43 -6647 32 9
12266 12446 796 688 796 688 0 0 43 43 0 180 0
12446 12455 796 688 793 682 0 1 43 34 6748 32 9
12455 12463 793 682 798 685 1 0 34 26 -6748 32 8
12463 12583 798 685 798 685 0 0 26 26 0 120 0
12583 12591 798 685 793 682 0 1 26 18 6810 32 8
12591 12594 793 682 793 685 1 0 18 15 -6810 32 3
12594 12834 793 685 793 685 0 0 15 15 0 240 0
12834 12837 793 685 793 682 0 1 15 12 6925 32 3
12837 12841 793 682 796 683 1 0 12 8 -6925 32 4
12841 12966 796 683 796 683 0 0 8 8 0 125 0
12966 12970 796 683 793 682 0 1 8 4 6980 32 4
12970 12971 793 682 793 682 1 1 4 4 0 1 0
12971 12973 793 682 795 682 1 0 4 2 -6980 32 2
12973 43265 795 682 795 682 0 0 2 2 0 30292 0
43265 43267 795 682 793 682 0 0 2 0 1000000000 0 2
--------------------------------------
--------------------------------------
EV3
--------------------------------------
Num TPs served = 16
TPs served = 6854 7501 7551 7587 7972 7975 8967 9013 9132 9884 10070 10152 10622 11040 11127 23722
Total energy used = 100
--------------------------------------
Schedule:
0 12684 793 682 793 682 0 0 100 100 0 12684 0
12684 12684 793 682 793 682 0 1 100 100 6854 32 0
12684 12687 793 682 793 682 1 1 100 100 0 3 0
12687 12696 793 682 794 690 1 0 100 91 -6854 32 9
12696 14119 794 690 794 690 0 0 91 91 0 1423 0
14119 14128 794 690 793 682 0 1 91 82 7501 32 9
14128 14132 793 682 793 682 1 1 82 82 0 4 0
14132 14140 793 682 800 683 1 0 82 74 -7501 32 8
14140 14206 800 683 800 683 0 0 74 74 0 66 0
14206 14214 800 683 793 682 0 1 74 66 7551 32 8
14214 14215 793 682 793 682 1 1 66 66 0 1 0
14215 14220 793 682 797 683 1 0 66 61 -7551 32 5
14220 14271 797 683 797 683 0 0 61 61 0 51 0
14271 14276 797 683 793 682 0 1 61 56 7587 32 5
14276 14277 793 682 794 682 1 0 56 55 -7587 32 1
14277 15138 794 682 794 682 0 0 55 55 0 861 0
15138 15139 794 682 793 682 0 1 55 54 7975 32 1
15139 15139 793 682 793 682 1 2 54 54 7972 26 0
15139 15140 793 682 793 683 2 1 54 53 -7975 32 1
15140 15140 793 683 793 683 1 0 53 53 -7972 27 0
15140 17572 793 683 793 683 0 0 53 53 0 2432 0
17572 17573 793 683 793 682 0 1 53 52 8967 32 1
17573 17574 793 682 793 682 1 1 52 52 0 1 0
17574 17580 793 682 795 686 1 0 52 46 -8967 32 6
17580 17687 795 686 795 686 0 0 46 46 0 107 0
17687 17693 795 686 793 682 0 1 46 40 23722 32 6
17693 17693 793 682 793 682 1 2 40 40 9013 23 0
17693 17694 793 682 793 682 2 2 40 40 0 1 0
17694 17695 793 682 793 683 2 1 40 39 -23722 32 1
17695 17696 793 683 794 683 1 0 39 38 -9013 22 1
17696 17965 794 683 794 683 0 0 38 38 0 269 0
17965 17967 794 683 793 682 0 1 38 36 9132 32 2
17967 17970 793 682 793 682 1 1 36 36 0 3 0
17970 17973 793 682 796 682 1 0 36 33 -9132 32 3
17973 20080 796 682 796 682 0 0 33 33 0 2107 0
20080 20083 796 682 793 682 0 1 33 30 9884 32 3
20083 20085 793 682 795 682 1 0 30 28 -9884 32 2
20085 20601 795 682 795 682 0 0 28 28 0 516 0
20601 20603 795 682 793 682 0 1 28 26 10070 32 2
20603 20606 793 682 795 683 1 0 26 23 -10070 32 3
20606 20816 795 683 795 683 0 0 23 23 0 210 0
20816 20819 795 683 793 682 0 1 23 20 10152 32 3
20819 20824 793 682 797 683 1 0 20 15 -10152 32 5
20824 22166 797 683 797 683 0 0 15 15 0 1342 0
22166 22171 797 683 793 682 0 1 15 10 10622 32 5
22171 22172 793 682 793 682 1 1 10 10 0 1 0
22172 22173 793 682 794 682 1 0 10 9 -10622 32 1
22173 23479 794 682 794 682 0 0 9 9 0 1306 0
23479 23480 794 682 793 682 0 1 9 8 11040 32 1
23480 23482 793 682 793 682 1 1 8 8 0 2 0
23482 23483 793 682 794 682 1 0 8 7 -11040 32 1
23483 23759 794 682 794 682 0 0 7 7 0 276 0
23759 23760 794 682 793 682 0 1 7 6 11127 32 1
23760 23763 793 682 793 685 1 0 6 3 -11127 32 3
23763 43264 793 685 793 685 0 0 3 3 0 19501 0
43264 43267 793 685 793 682 0 0 3 0 1000000000 0 3
--------------------------------------
--------------------------------------
EV4
--------------------------------------
Num TPs served = 23
TPs served = 11358 11701 11712 11746 11748 12342 12462 12570 13053 13072 13415 13631 13946 14694 14740 15030 15121 16282 16336 17105 17348 17638 32803
Total energy used = 100
--------------------------------------
Schedule:
0 700 793 682 793 682 0 0 100 100 0 700 0
700 700 793 682 793 682 0 1 100 100 17638 32 0
700 702 793 682 793 684 1 0 100 98 -17638 32 2
702 24458 793 684 793 684 0 0 98 98 0 23756 0
24458 24460 793 684 793 682 0 1 98 96 11358 32 2
24460 24462 793 682 793 682 1 1 96 96 0 2 0
24462 24466 793 682 795 684 1 0 96 92 -11358 32 4
24466 25694 795 684 795 684 0 0 92 92 0 1228 0
25694 25698 795 684 793 682 0 1 92 88 11701 32 4
25698 25727 793 682 793 682 1 1 88 88 0 29 0
25727 25727 793 682 793 682 1 2 88 88 11712 32 0
25727 25729 793 682 794 683 2 1 88 86 -11701 3 2
25729 25733 794 683 797 682 1 0 86 82 -11712 30 4
25733 25826 797 682 797 682 0 0 82 82 0 93 0
25826 25830 797 682 793 682 0 1 82 78 11748 32 4
25830 25830 793 682 793 682 1 2 78 78 11746 26 0
25830 25832 793 682 794 683 2 1 78 76 -11748 32 2
25832 25834 794 683 795 682 1 0 76 74 -11746 24 2
25834 27883 795 682 795 682 0 0 74 74 0 2049 0
27883 27885 795 682 793 682 0 1 74 72 12342 32 2
27885 27886 793 682 794 682 1 0 72 71 -12342 32 1
27886 28302 794 682 794 682 0 0 71 71 0 416 0
28302 28303 794 682 793 682 0 1 71 70 12462 32 1
28303 28307 793 682 796 683 1 0 70 66 -12462 32 4
28307 28691 796 683 796 683 0 0 66 66 0 384 0
28691 28695 796 683 793 682 0 1 66 62 12570 32 4
28695 28697 793 682 795 682 1 0 62 60 -12570 32 2
28697 30494 795 682 795 682 0 0 60 60 0 1797 0
30494 30496 795 682 793 682 0 1 60 58 13053 32 2
30496 30497 793 682 794 682 1 0 58 57 -13053 32 1
30497 30561 794 682 794 682 0 0 57 57 0 64 0
30561 30562 794 682 793 682 0 1 57 56 13072 32 1
30562 30563 793 682 793 682 1 1 56 56 0 1 0
30563 30564 793 682 793 683 1 0 56 55 -13072 32 1
30564 31769 793 683 793 683 0 0 55 55 0 1205 0
31769 31770 793 683 793 682 0 1 55 54 13415 32 1
31770 31773 793 682 793 682 1 1 54 54 0 3 0
31773 31774 793 682 794 682 1 0 54 53 -13415 32 1
31774 32591 794 682 794 682 0 0 53 53 0 817 0
32591 32592 794 682 793 682 0 1 53 52 13631 32 1
32592 32593 793 682 794 682 1 0 52 51 -13631 32 1
32593 33747 794 682 794 682 0 0 51 51 0 1154 0
33747 33748 794 682 793 682 0 1 51 50 13946 32 1
33748 33752 793 682 795 684 1 0 50 46 -13946 32 4
33752 36639 795 684 795 684 0 0 46 46 0 2887 0
36639 36643 795 684 793 682 0 1 46 42 32803 32 4
36643 36650 793 682 793 682 1 1 42 42 0 7 0
36650 36650 793 682 793 682 1 2 42 42 14694 32 0
36650 36652 793 682 795 682 2 1 42 40 -32803 25 2
36652 36652 795 682 795 682 1 0 40 40 -14694 32 0
36652 36838 795 682 795 682 0 0 40 40 0 186 0
36838 36840 795 682 793 682 0 1 40 38 14740 32 2
36840 36841 793 682 794 682 1 0 38 37 -14740 32 1
36841 37907 794 682 794 682 0 0 37 37 0 1066 0
37907 37908 794 682 793 682 0 1 37 36 15030 32 1
37908 37909 793 682 794 682 1 0 36 35 -15030 32 1
37909 38295 794 682 794 682 0 0 35 35 0 386 0
38295 38296 794 682 793 682 0 1 35 34 15121 32 1
38296 38299 793 682 795 683 1 0 34 31 -15121 32 3
38299 41235 795 683 795 683 0 0 31 31 0 2936 0
41235 41238 795 683 793 682 0 1 31 28 16282 32 3
41238 41240 793 682 793 682 1 1 28 28 0 2 0
41240 41248 793 682 793 690 1 0 28 20 -16282 32 8
41248 41316 793 690 793 690 0 0 20 20 0 68 0
41316 41324 793 690 793 682 0 1 20 12 16336 32 8
41324 41326 793 682 793 682 1 1 12 12 0 2 0
41326 41330 793 682 793 686 1 0 12 8 -16336 32 4
41330 42698 793 686 793 686 0 0 8 8 0 1368 0
42698 42702 793 686 793 682 0 1 8 4 17105 32 4
42702 42705 793 682 793 682 1 1 4 4 0 3 0
42705 42706 793 682 793 683 1 0 4 3 -17105 32 1
42706 43089 793 683 793 683 0 0 3 3 0 383 0
43089 43090 793 683 793 682 0 1 3 2 17348 32 1
43090 43091 793 682 794 682 1 0 2 1 -17348 32 1
43091 43266 794 682 794 682 0 0 1 1 0 175 0
43266 43267 794 682 793 682 0 0 1 0 1000000000 0 1
--------------------------------------
--------------------------------------
EV5
--------------------------------------
Num TPs served = 15
TPs served = 16539 17390 17736 17904 17923 18348 19146 19717 19765 20387 20401 20638 20957 21882 38565
Total energy used = 100
--------------------------------------
Schedule:
0 980 793 682 793 682 0 0 100 100 0 980 0
980 980 793 682 793 682 0 1 100 100 17736 32 0
980 981 793 682 794 682 1 0 100 99 -17736 32 1
981 1524 794 682 794 682 0 0 99 99 0 543 0
1524 1525 794 682 793 682 0 1 99 98 17904 32 1
1525 1526 793 682 794 682 1 0 98 97 -17904 32 1
1526 1587 794 682 794 682 0 0 97 97 0 61 0
1587 1588 794 682 793 682 0 1 97 96 17923 32 1
1588 1589 793 682 793 683 1 0 96 95 -17923 32 1
1589 2906 793 683 793 683 0 0 95 95 0 1317 0
2906 2907 793 683 793 682 0 1 95 94 18348 32 1
2907 2908 793 682 793 682 1 1 94 94 0 1 0
2908 2914 793 682 796 685 1 0 94 88 -18348 32 6
2914 5450 796 685 796 685 0 0 88 88 0 2536 0
5450 5456 796 685 793 682 0 1 88 82 19146 32 6
5456 5467 793 682 793 682 1 1 82 82 0 11 0
5467 5478 793 682 799 687 1 0 82 71 -19146 32 11
5478 7190 799 687 799 687 0 0 71 71 0 1712 0
7190 7201 799 687 793 682 0 1 71 60 19717 32 11
7201 7204 793 682 793 682 1 1 60 60 0 3 0
7204 7207 793 682 796 682 1 0 60 57 -19717 32 3
7207 7309 796 682 796 682 0 0 57 57 0 102 0
7309 7312 796 682 793 682 0 1 57 54 19765 32 3
7312 7313 793 682 793 682 1 1 54 54 0 1 0
7313 7315 793 682 795 682 1 0 54 52 -19765 32 2
7315 9135 795 682 795 682 0 0 52 52 0 1820 0
9135 9137 795 682 793 682 0 1 52 50 20387 32 2
9137 9170 793 682 793 682 1 1 50 50 0 33 0
9170 9170 793 682 793 682 1 2 50 50 20401 32 0
9170 9172 793 682 793 684 2 1 50 48 -20387 3 2
9172 9176 793 684 793 684 1 1 48 48 0 4 0
9176 9184 793 684 793 692 1 0 48 40 -20401 32 8
9184 9799 793 692 793 692 0 0 40 40 0 615 0
9799 9809 793 692 793 682 0 1 40 30 38565 32 10
9809 9809 793 682 793 682 1 2 30 30 20638 26 0
9809 9811 793 682 793 682 2 2 30 30 0 2 0
9811 9813 793 682 795 682 2 1 30 28 -38565 32 2
9813 9814 795 682 795 683 1 0 28 27 -20638 24 1
9814 10641 795 683 795 683 0 0 27 27 0 827 0
10641 10644 795 683 793 682 0 1 27 24 20957 32 3
10644 10645 793 682 793 683 1 0 24 23 -20957 32 1
10645 13125 793 683 793 683 0 0 23 23 0 2480 0
13125 13126 793 683 793 682 0 1 23 22 21882 32 1
13126 13127 793 682 794 682 1 0 22 21 -21882 32 1
13127 41666 794 682 794 682 0 0 21 21 0 28539 0
41666 41667 794 682 793 682 0 1 21 20 16539 32 1
41667 41669 793 682 793 682 1 1 20 20 0 2 0
41669 41675 793 682 798 683 1 0 20 14 -16539 32 6
41675 43149 798 683 798 683 0 0 14 14 0 1474 0
43149 43155 798 683 793 682 0 1 14 8 17390 32 6
43155 43159 793 682 797 682 1 0 8 4 -17390 32 4
43159 43263 797 682 797 682 0 0 4 4 0 104 0
43263 43267 797 682 793 682 0 0 4 0 1000000000 0 4
--------------------------------------
--------------------------------------
EV6
--------------------------------------
Num TPs served = 27
TPs served = 20648 21966 21972 22059 22390 22691 23001 23123 23190 23274 23316 23400 23581 23695 23906 24038 24053 24115 24205 24215 24733 25251 25908 26072 26113 26359 27258
Total energy used = 100
--------------------------------------
Schedule:
0 9821 793 682 793 682 0 0 100 100 0 9821 0
9821 9821 793 682 793 682 0 1 100 100 20648 32 0
9821 9822 793 682 793 682 1 1 100 100 0 1 0
9822 9828 793 682 799 682 1 0 100 94 -20648 32 6
9828 13384 799 682 799 682 0 0 94 94 0 3556 0
13384 13390 799 682 793 682 0 1 94 88 21972 32 6
13390 13390 793 682 793 682 1 2 88 88 21966 23 0
13390 13392 793 682 794 683 2 1 88 86 -21972 32 2
13392 13393 794 683 794 682 1 0 86 85 -21966 21 1
13393 13612 794 682 794 682 0 0 85 85 0 219 0
13612 13613 794 682 793 682 0 1 85 84 22059 32 1
13613 13616 793 682 795 683 1 0 84 81 -22059 32 3
13616 14457 795 683 795 683 0 0 81 81 0 841 0
14457 14460 795 683 793 682 0 1 81 78 22390 32 3
14460 14467 793 682 799 683 1 0 78 71 -22390 32 7
14467 15219 799 683 799 683 0 0 71 71 0 752 0
15219 15226 799 683 793 682 0 1 71 64 22691 32 7
15226 15227 793 682 794 682 1 0 64 63 -22691 32 1
15227 15983 794 682 794 682 0 0 63 63 0 756 0
15983 15984 794 682 793 682 0 1 63 62 23001 32 1
15984 15986 793 682 793 684 1 0 62 60 -23001 32 2
15986 16287 793 684 793 684 0 0 60 60 0 301 0
16287 16289 793 684 793 682 0 1 60 58 23123 32 2
16289 16292 793 682 795 683 1 0 58 55 -23123 32 3
16292 16441 795 683 795 683 0 0 55 55 0 149 0
16441 16444 795 683 793 682 0 1 55 52 23190 32 3
16444 16448 793 682 793 682 1 1 52 52 0 4 0
16448 16449 793 682 794 682 1 0 52 51 -23190 32 1
16449 16650 794 682 794 682 0 0 51 51 0 201 0
16650 16651 794 682 793 682 0 1 51 50 23274 32 1
16651 16652 793 682 794 682 1 0 50 49 -23274 32 1
16652 16757 794 682 794 682 0 0 49 49 0 105 0
16757 16758 794 682 793 682 0 1 49 48 23316 32 1
16758 16759 793 682 793 683 1 0 48 47 -23316 32 1
16759 16950 793 683 793 683 0 0 47 47 0 191 0
16950 16951 793 683 793 682 0 1 47 46 23400 32 1
16951 16952 793 682 793 683 1 0 46 45 -23400 32 1
16952 17345 793 683 793 683 0 0 45 45 0 393 0
17345 17346 793 683 793 682 0 1 45 44 23581 32 1
17346 17349 793 682 795 683 1 0 44 41 -23581 32 3
17349 17627 795 683 795 683 0 0 41 41 0 278 0
17627 17630 795 683 793 682 0 1 41 38 23695 32 3
17630 17631 793 682 794 682 1 0 38 37 -23695 32 1
17631 18074 794 682 794 682 0 0 37 37 0 443 0
18074 18075 794 682 793 682 0 1 37 36 23906 32 1
18075 18076 793 682 793 682 1 1 36 36 0 1 0
18076 18077 793 682 794 682 1 0 36 35 -23906 32 1
18077 18396 794 682 794 682 0 0 35 35 0 319 0
18396 18397 794 682 793 682 0 1 35 34 24053 32 1
18397 18397 793 682 793 682 1 2 34 34 24038 3 0
18397 18398 793 682 794 682 2 1 34 33 -24038 3 1
18398 18400 794 682 794 682 1 1 33 33 0 2 0
18400 18401 794 682 795 682 1 0 33 32 -24053 32 1
18401 18533 795 682 795 682 0 0 32 32 0 132 0
18533 18535 795 682 793 682 0 1 32 30 24115 32 2
18535 18537 793 682 794 683 1 0 30 28 -24115 32 2
18537 18743 794 683 794 683 0 0 28 28 0 206 0
18743 18745 794 683 793 682 0 1 28 26 24215 32 2
18745 18745 793 682 793 682 1 2 26 26 24205 11 0
18745 18747 793 682 795 682 2 1 26 24 -24215 32 2
18747 18750 795 682 793 683 1 0 24 21 -24205 9 3
18750 19913 793 683 793 683 0 0 21 21 0 1163 0
19913 19914 793 683 793 682 0 1 21 20 24733 32 1
19914 19915 793 682 794 682 1 0 20 19 -24733 32 1
19915 21041 794 682 794 682 0 0 19 19 0 1126 0
21041 21042 794 682 793 682 0 1 19 18 25251 32 1
21042 21044 793 682 795 682 1 0 18 16 -25251 32 2
21044 22458 795 682 795 682 0 0 16 16 0 1414 0
22458 22460 795 682 793 682 0 1 16 14 25908 32 2
22460 22462 793 682 793 682 1 1 14 14 0 2 0
22462 22464 793 682 795 682 1 0 14 12 -25908 32 2
22464 22797 795 682 795 682 0 0 12 12 0 333 0
22797 22799 795 682 793 682 0 1 12 10 26072 32 2
22799 22800 793 682 794 682 1 0 10 9 -26072 32 1
22800 22877 794 682 794 682 0 0 9 9 0 77 0
22877 22878 794 682 793 682 0 1 9 8 26113 32 1
22878 22880 793 682 795 682 1 0 8 6 -26113 32 2
22880 23397 795 682 795 682 0 0 6 6 0 517 0
23397 23399 795 682 793 682 0 1 6 4 26359 32 2
23399 23400 793 682 793 683 1 0 4 3 -26359 32 1
23400 25115 793 683 793 683 0 0 3 3 0 1715 0
25115 25116 793 683 793 682 0 1 3 2 27258 32 1
25116 25117 793 682 794 682 1 0 2 1 -27258 32 1
25117 43266 794 682 794 682 0 0 1 1 0 18149 0
43266 43267 794 682 793 682 0 0 1 0 1000000000 0 1
--------------------------------------

-------------------------------------------------------------------------

TPs

-------------------------------------------------------------------------

----------------------
TP155 allocated to 1
----------------------

----------------------
TP471 allocated to 1
----------------------

----------------------
TP1002 allocated to 1
----------------------

----------------------
TP1159 allocated to 1
----------------------

----------------------
TP1477 allocated to 1
----------------------

----------------------
TP2490 allocated to 1
----------------------

----------------------
TP2511 allocated to 1
----------------------

----------------------
TP2558 allocated to 1
----------------------

----------------------
TP3535 allocated to 1
----------------------

----------------------
TP3817 allocated to 1
----------------------

----------------------
TP4214 allocated to 1
----------------------

----------------------
TP4406 allocated to 1
----------------------

----------------------
TP4434 allocated to 1
----------------------

----------------------
TP4609 allocated to 1
----------------------

----------------------
TP5036 allocated to 1
----------------------

----------------------
TP5232 allocated to 1
----------------------

----------------------
TP5482 allocated to 2
----------------------

----------------------
TP5602 allocated to 1
----------------------

----------------------
TP5656 allocated to 2
----------------------

----------------------
TP6304 allocated to 2
----------------------

----------------------
TP6442 allocated to 2
----------------------

----------------------
TP6647 allocated to 2
----------------------

----------------------
TP6748 allocated to 2
----------------------

----------------------
TP6810 allocated to 2
----------------------

----------------------
TP6854 allocated to 3
----------------------

----------------------
TP6925 allocated to 2
----------------------

----------------------
TP6980 allocated to 2
----------------------

----------------------
TP7501 allocated to 3
----------------------

----------------------
TP7551 allocated to 3
----------------------

----------------------
TP7587 allocated to 3
----------------------

----------------------
TP7972 allocated to 3
----------------------

----------------------
TP7975 allocated to 3
----------------------

----------------------
TP8967 allocated to 3
----------------------

----------------------
TP9013 allocated to 3
----------------------

----------------------
TP9132 allocated to 3
----------------------

----------------------
TP9884 allocated to 3
----------------------

----------------------
TP10070 allocated to 3
----------------------

----------------------
TP10152 allocated to 3
----------------------

----------------------
TP10622 allocated to 3
----------------------

----------------------
TP11040 allocated to 3
----------------------

----------------------
TP11127 allocated to 3
----------------------

----------------------
TP11358 allocated to 4
----------------------

----------------------
TP11701 allocated to 4
----------------------

----------------------
TP11712 allocated to 4
----------------------

----------------------
TP11746 allocated to 4
----------------------

----------------------
TP11748 allocated to 4
----------------------

----------------------
TP12342 allocated to 4
----------------------

----------------------
TP12462 allocated to 4
----------------------

----------------------
TP12570 allocated to 4
----------------------

----------------------
TP13053 allocated to 4
----------------------

----------------------
TP13072 allocated to 4
----------------------

----------------------
TP13415 allocated to 4
----------------------

----------------------
TP13631 allocated to 4
----------------------

----------------------
TP13946 allocated to 4
----------------------

----------------------
TP14694 allocated to 4
----------------------

----------------------
TP14740 allocated to 4
----------------------

----------------------
TP15030 allocated to 4
----------------------

----------------------
TP15121 allocated to 4
----------------------

----------------------
TP16282 allocated to 4
----------------------

----------------------
TP16336 allocated to 4
----------------------

----------------------
TP16539 allocated to 5
----------------------

----------------------
TP17105 allocated to 4
----------------------

----------------------
TP17348 allocated to 4
----------------------

----------------------
TP17390 allocated to 5
----------------------

----------------------
TP17638 allocated to 4
----------------------

----------------------
TP17736 allocated to 5
----------------------

----------------------
TP17904 allocated to 5
----------------------

----------------------
TP17923 allocated to 5
----------------------

----------------------
TP18348 allocated to 5
----------------------

----------------------
TP19146 allocated to 5
----------------------

----------------------
TP19717 allocated to 5
----------------------

----------------------
TP19751 allocated to 1
----------------------

----------------------
TP19765 allocated to 5
----------------------

----------------------
TP20387 allocated to 5
----------------------

----------------------
TP20401 allocated to 5
----------------------

----------------------
TP20638 allocated to 5
----------------------

----------------------
TP20648 allocated to 6
----------------------

----------------------
TP20957 allocated to 5
----------------------

----------------------
TP21882 allocated to 5
----------------------

----------------------
TP21966 allocated to 6
----------------------

----------------------
TP21972 allocated to 6
----------------------

----------------------
TP22059 allocated to 6
----------------------

----------------------
TP22390 allocated to 6
----------------------

----------------------
TP22691 allocated to 6
----------------------

----------------------
TP22820 allocated to 1
----------------------

----------------------
TP22883 allocated to 1
----------------------

----------------------
TP23001 allocated to 6
----------------------

----------------------
TP23123 allocated to 6
----------------------

----------------------
TP23190 allocated to 6
----------------------

----------------------
TP23274 allocated to 6
----------------------

----------------------
TP23316 allocated to 6
----------------------

----------------------
TP23400 allocated to 6
----------------------

----------------------
TP23581 allocated to 6
----------------------

----------------------
TP23695 allocated to 6
----------------------

----------------------
TP23722 allocated to 3
----------------------

----------------------
TP23906 allocated to 6
----------------------

----------------------
TP24038 allocated to 6
----------------------

----------------------
TP24053 allocated to 6
----------------------

----------------------
TP24115 allocated to 6
----------------------

----------------------
TP24205 allocated to 6
----------------------

----------------------
TP24215 allocated to 6
----------------------

----------------------
TP24733 allocated to 6
----------------------

----------------------
TP25251 allocated to 6
----------------------

----------------------
TP25908 allocated to 6
----------------------

----------------------
TP26072 allocated to 6
----------------------

----------------------
TP26113 allocated to 6
----------------------

----------------------
TP26261 not allocated
----------------------

----------------------
TP26359 allocated to 6
----------------------

----------------------
TP26531 not allocated
----------------------

----------------------
TP26923 not allocated
----------------------

----------------------
TP27002 not allocated
----------------------

----------------------
TP27018 not allocated
----------------------

----------------------
TP27187 not allocated
----------------------

----------------------
TP27258 allocated to 6
----------------------

----------------------
TP27277 not allocated
----------------------

----------------------
TP27337 not allocated
----------------------

----------------------
TP27484 not allocated
----------------------

----------------------
TP27659 not allocated
----------------------

----------------------
TP28052 not allocated
----------------------

----------------------
TP28115 not allocated
----------------------

----------------------
TP28194 not allocated
----------------------

----------------------
TP28626 not allocated
----------------------

----------------------
TP28797 not allocated
----------------------

----------------------
TP28907 allocated to 1
----------------------

----------------------
TP29110 not allocated
----------------------

----------------------
TP29246 not allocated
----------------------

----------------------
TP29268 allocated to 1
----------------------

----------------------
TP29430 allocated to 1
----------------------

----------------------
TP29843 not allocated
----------------------

----------------------
TP30004 not allocated
----------------------

----------------------
TP30057 allocated to 1
----------------------

----------------------
TP30634 not allocated
----------------------

----------------------
TP31004 not allocated
----------------------

----------------------
TP31317 not allocated
----------------------

----------------------
TP31371 not allocated
----------------------

----------------------
TP31543 not allocated
----------------------

----------------------
TP32168 not allocated
----------------------

----------------------
TP32338 allocated to 1
----------------------

----------------------
TP32803 allocated to 4
----------------------

----------------------
TP32943 not allocated
----------------------

----------------------
TP33431 not allocated
----------------------

----------------------
TP33632 not allocated
----------------------

----------------------
TP33683 not allocated
----------------------

----------------------
TP33854 allocated to 1
----------------------

----------------------
TP34011 not allocated
----------------------

----------------------
TP34099 not allocated
----------------------

----------------------
TP34412 not allocated
----------------------

----------------------
TP34494 allocated to 1
----------------------

----------------------
TP35115 not allocated
----------------------

----------------------
TP36001 not allocated
----------------------

----------------------
TP36022 not allocated
----------------------

----------------------
TP36462 not allocated
----------------------

----------------------
TP37434 allocated to 1
----------------------

----------------------
TP37442 not allocated
----------------------

----------------------
TP37562 not allocated
----------------------

----------------------
TP37758 not allocated
----------------------

----------------------
TP38067 not allocated
----------------------

----------------------
TP38199 allocated to 1
----------------------

----------------------
TP38565 allocated to 5
----------------------

----------------------
TP38760 not allocated
----------------------

----------------------
TP39212 not allocated
----------------------

----------------------
TP40118 not allocated
----------------------

----------------------
TP40329 not allocated
----------------------

----------------------
TP40770 not allocated
----------------------

----------------------
TP40899 not allocated
----------------------

----------------------
TP40944 not allocated
----------------------

----------------------
TP41887 not allocated
----------------------

----------------------
TP41903 not allocated
----------------------

----------------------
TP42419 allocated to 1
----------------------

----------------------
TP43604 not allocated
----------------------

----------------------
TP43782 not allocated
----------------------

----------------------
TP43865 not allocated
----------------------

----------------------
TP43911 not allocated
----------------------

----------------------
TP44426 not allocated
----------------------

----------------------
TP44441 allocated to 1
----------------------

----------------------
TP44476 not allocated
----------------------

----------------------
TP45571 allocated to 1
----------------------

----------------------
TP45689 not allocated
----------------------

----------------------
TP45716 not allocated
----------------------

----------------------
TP45802 not allocated
----------------------

----------------------
TP45855 not allocated
----------------------

----------------------
TP46682 not allocated
----------------------

----------------------
TP46921 not allocated
----------------------

----------------------
TP46947 not allocated
----------------------

----------------------
TP47797 not allocated
----------------------

----------------------
TP48184 not allocated
----------------------

----------------------
TP48385 not allocated
----------------------

----------------------
TP48700 not allocated
----------------------

----------------------
TP49393 not allocated
----------------------

----------------------
TP49800 not allocated
----------------------

-------------------------------------------------------------------------

Ride-sharing vs Individual Mode - Num Vehicles and Distance Comparisson 

-------------------------------------------------------------------------
Individual Mode = 190 vehicles.
Ride-sharing Mode = 74 vehicles. The 6 ride-sharing vehicles + 68 vehicles of the individuals not served by the ride-sharing service.
-------------------------------------------------------------------------
Individual Mode = 483 distance.
Ride-sharing Mode = 771 distance. 600 from the EV fleet + 171 from the distance of the trips not covered individuals had to do with their own vehicle.
-------------------------------------------------------------------------
