-------------------------------------------------------------------------
TPs satisfied = 82; Total TPs = 189; Percentage Satisfied + 43.4%
-------------------------------------------------------------------------

-------------------------------------------------------------------------

EVs

-------------------------------------------------------------------------
--------------------------------------
EV1
--------------------------------------
Num TPs served = 38
TPs served = 80 225 427 496 703 806 838 929 990 1524 1547 1915 1955 2162 3954 4060 4074 4273 4703 5244 7858 8654 9633 11062 12674 15248 15979 19679 23520 24999 34427 36111 40134 40825 43439 44171 45547 46571
Total energy used = 100
--------------------------------------
Schedule:
0 168 488 310 488 310 0 0 100 100 0 168 0
168 168 488 310 488 310 0 1 100 100 80 32 0
168 170 488 310 490 310 1 0 100 98 -80 32 2
170 427 490 310 490 310 0 0 98 98 0 257 0
427 429 490 310 488 310 0 1 98 96 225 32 2
429 430 488 310 488 311 1 0 96 95 -225 32 1
430 782 488 311 488 311 0 0 95 95 0 352 0
782 783 488 311 488 310 0 1 95 94 427 32 1
783 784 488 310 488 311 1 0 94 93 -427 32 1
784 899 488 311 488 311 0 0 93 93 0 115 0
899 900 488 311 488 310 0 1 93 92 496 32 1
900 902 488 310 489 311 1 0 92 90 -496 32 2
902 1256 489 311 489 311 0 0 90 90 0 354 0
1256 1258 489 311 488 310 0 1 90 88 703 32 2
1258 1259 488 310 488 310 1 1 88 88 0 1 0
1259 1261 488 310 489 311 1 0 88 86 -703 32 2
1261 1441 489 311 489 311 0 0 86 86 0 180 0
1441 1443 489 311 488 310 0 1 86 84 806 32 2
1443 1445 488 310 488 310 1 1 84 84 0 2 0
1445 1445 488 310 488 310 1 0 84 84 -806 32 0
1445 1488 488 310 488 310 0 0 84 84 0 43 0
1488 1488 488 310 488 310 0 1 84 84 838 32 0
1488 1489 488 310 489 310 1 0 84 83 -838 32 1
1489 1639 489 310 489 310 0 0 83 83 0 150 0
1639 1640 489 310 488 310 0 1 83 82 929 32 1
1640 1641 488 310 489 310 1 0 82 81 -929 32 1
1641 1735 489 310 489 310 0 0 81 81 0 94 0
1735 1736 489 310 488 310 0 1 81 80 990 32 1
1736 1737 488 310 488 310 1 1 80 80 0 1 0
1737 1739 488 310 490 310 1 0 80 78 -990 32 2
1739 2653 490 310 490 310 0 0 78 78 0 914 0
2653 2655 490 310 488 310 0 1 78 76 1524 32 2
2655 2658 488 310 490 311 1 0 76 73 -1524 32 3
2658 2685 490 311 490 311 0 0 73 73 0 27 0
2685 2688 490 311 488 310 0 1 73 70 1547 32 3
2688 2689 488 310 488 310 1 1 70 70 0 1 0
2689 2698 488 310 491 316 1 0 70 61 -1547 32 9
2698 2811 491 316 491 316 0 0 61 61 0 113 0
2811 2820 491 316 488 310 0 1 61 52 36111 32 9
2820 2822 488 310 488 310 1 1 52 52 0 2 0
2822 2822 488 310 488 310 1 0 52 52 -36111 32 0
2822 3370 488 310 488 310 0 0 52 52 0 548 0
3370 3370 488 310 488 310 0 1 52 52 1915 32 0
3370 3378 488 310 495 311 1 0 52 44 -1915 32 8
3378 3431 495 311 495 311 0 0 44 44 0 53 0
3431 3439 495 311 488 310 0 1 44 36 1955 32 8
3439 3440 488 310 488 310 1 1 36 36 0 1 0
3440 3442 488 310 489 311 1 0 36 34 -1955 32 2
3442 3818 489 311 489 311 0 0 34 34 0 376 0
3818 3820 489 311 488 310 0 1 34 32 2162 32 2
3820 3822 488 310 490 310 1 0 32 30 -2162 32 2
3822 7107 490 310 490 310 0 0 30 30 0 3285 0
7107 7109 490 310 488 310 0 1 30 28 19679 32 2
7109 7109 488 310 488 310 1 2 28 28 3954 19 0
7109 7110 488 310 488 310 2 2 28 28 0 1 0
7110 7110 488 310 488 310 2 1 28 28 -19679 32 0
7110 7112 488 310 489 311 1 0 28 26 -3954 19 2
7112 7333 489 311 489 311 0 0 26 26 0 221 0
7333 7335 489 311 488 310 0 1 26 24 4074 32 2
7335 7335 488 310 488 310 1 2 24 24 4060 5 0
7335 7336 488 310 489 310 2 1 24 23 -4074 32 1
7336 7341 489 310 491 313 1 0 23 18 -4060 5 5
7341 7668 491 313 491 313 0 0 18 18 0 327 0
7668 7674 491 313 488 310 0 1 18 12 4273 32 6
7674 7678 488 310 492 310 1 0 12 8 -4273 32 4
7678 8533 492 310 492 310 0 0 8 8 0 855 0
8533 8537 492 310 488 310 0 1 8 4 4703 32 4
8537 8538 488 310 488 311 1 0 4 3 -4703 32 1
8538 9522 488 311 488 311 0 0 3 3 0 984 0
9522 9523 488 311 488 310 0 1 3 2 5244 32 1
9523 9525 488 310 488 310 1 1 2 2 0 2 0
9525 9526 488 310 489 310 1 0 2 1 -5244 32 1
9526 13812 489 310 489 310 0 0 1 1 0 4286 0
13812 13813 489 310 488 310 0 1 1 0 40134 32 1
13813 13814 488 310 488 310 1 1 0 0 0 1 0
13814 13814 488 310 488 310 1 0 0 0 -40134 32 0
13814 14899 488 310 488 310 0 0 0 0 0 1085 0
14899 14899 488 310 488 310 0 1 0 0 7858 32 0
14899 14900 488 310 488 310 1 1 0 0 0 1 0
14900 14900 488 310 488 310 1 0 0 0 -7858 32 0
14900 15496 488 310 488 310 0 0 0 0 0 596 0
15496 15496 488 310 488 310 0 1 0 0 40825 32 0
15496 15498 488 310 488 310 1 1 0 0 0 2 0
15498 15498 488 310 488 310 1 0 0 0 -40825 32 0
15498 16746 488 310 488 310 0 0 0 0 0 1248 0
16746 16746 488 310 488 310 0 1 0 0 8654 32 0
16746 16748 488 310 488 310 1 1 0 0 0 2 0
16748 16748 488 310 488 310 1 0 0 0 -8654 32 0
16748 17221 488 310 488 310 0 0 0 0 0 473 0
17221 17221 488 310 488 310 0 1 0 0 23520 32 0
17221 17222 488 310 488 310 1 1 0 0 0 1 0
17222 17222 488 310 488 310 1 0 0 0 -23520 32 0
17222 19372 488 310 488 310 0 0 0 0 0 2150 0
19372 19372 488 310 488 310 0 1 0 0 9633 32 0
19372 19375 488 310 488 310 1 1 0 0 0 3 0
19375 19375 488 310 488 310 1 0 0 0 -9633 32 0
19375 20512 488 310 488 310 0 0 0 0 0 1137 0
20512 20512 488 310 488 310 0 1 0 0 24999 32 0
20512 20513 488 310 488 310 1 1 0 0 0 1 0
20513 20513 488 310 488 310 1 0 0 0 -24999 32 0
20513 21090 488 310 488 310 0 0 0 0 0 577 0
21090 21090 488 310 488 310 0 1 0 0 43439 32 0
21090 21091 488 310 488 310 1 1 0 0 0 1 0
21091 21091 488 310 488 310 1 0 0 0 -43439 32 0
21091 22509 488 310 488 310 0 0 0 0 0 1418 0
22509 22509 488 310 488 310 0 1 0 0 44171 32 0
22509 22510 488 310 488 310 1 1 0 0 0 1 0
22510 22510 488 310 488 310 1 0 0 0 -44171 32 0
22510 23569 488 310 488 310 0 0 0 0 0 1059 0
23569 23569 488 310 488 310 0 1 0 0 11062 32 0
23569 23571 488 310 488 310 1 1 0 0 0 2 0
23571 23571 488 310 488 310 1 0 0 0 -11062 32 0
23571 24968 488 310 488 310 0 0 0 0 0 1397 0
24968 24968 488 310 488 310 0 1 0 0 45547 32 0
24968 24970 488 310 488 310 1 1 0 0 0 2 0
24970 24970 488 310 488 310 1 0 0 0 -45547 32 0
24970 26835 488 310 488 310 0 0 0 0 0 1865 0
26835 26835 488 310 488 310 0 1 0 0 46571 32 0
26835 26836 488 310 488 310 1 1 0 0 0 1 0
26836 26836 488 310 488 310 1 0 0 0 -46571 32 0
26836 29092 488 310 488 310 0 0 0 0 0 2256 0
29092 29092 488 310 488 310 0 1 0 0 12674 32 0
29092 29093 488 310 488 310 1 1 0 0 0 1 0
29093 29093 488 310 488 310 1 0 0 0 -12674 32 0
29093 38772 488 310 488 310 0 0 0 0 0 9679 0
38772 38772 488 310 488 310 0 1 0 0 15248 32 0
38772 38774 488 310 488 310 1 1 0 0 0 2 0
38774 38774 488 310 488 310 1 0 0 0 -15248 32 0
38774 40701 488 310 488 310 0 0 0 0 0 1927 0
40701 40701 488 310 488 310 0 1 0 0 15979 32 0
40701 40705 488 310 488 310 1 1 0 0 0 4 0
40705 40705 488 310 488 310 1 0 0 0 -15979 32 0
40705 41023 488 310 488 310 0 0 0 0 0 318 0
41023 41023 488 310 488 310 0 1 0 0 34427 32 0
41023 41025 488 310 488 310 1 1 0 0 0 2 0
41025 41025 488 310 488 310 1 0 0 0 -34427 32 0
41025 43267 488 310 488 310 0 0 0 0 0 2242 0
43267 43267 488 310 488 310 0 0 0 0 1000000000 0 0
--------------------------------------
--------------------------------------
EV2
--------------------------------------
Num TPs served = 24
TPs served = 5083 5174 5354 5432 5683 6824 7035 7052 7063 7089 7108 7293 7444 7650 7678 7703 7758 8482 8562 9331 9533 9827 9888 38780
Total energy used = 100
--------------------------------------
Schedule:
0 9218 488 310 488 310 0 0 100 100 0 9218 0
9218 9218 488 310 488 310 0 1 100 100 5083 32 0
9218 9221 488 310 488 313 1 0 100 97 -5083 32 3
9221 9391 488 313 488 313 0 0 97 97 0 170 0
9391 9394 488 313 488 310 0 1 97 94 5174 32 3
9394 9396 488 310 490 310 1 0 94 92 -5174 32 2
9396 9731 490 310 490 310 0 0 92 92 0 335 0
9731 9733 490 310 488 310 0 1 92 90 5354 32 2
9733 9734 488 310 488 310 1 1 90 90 0 1 0
9734 9740 488 310 489 315 1 0 90 84 -5354 32 6
9740 9865 489 315 489 315 0 0 84 84 0 125 0
9865 9871 489 315 488 310 0 1 84 78 5432 32 6
9871 9876 488 310 491 312 1 0 78 73 -5432 32 5
9876 10362 491 312 491 312 0 0 73 73 0 486 0
10362 10367 491 312 488 310 0 1 73 68 38780 32 5
10367 10385 488 310 488 310 1 1 68 68 0 18 0
10385 10385 488 310 488 310 1 2 68 68 5683 32 0
10385 10387 488 310 490 310 2 1 68 66 -38780 14 2
10387 10388 490 310 490 310 1 1 66 66 0 1 0
10388 10389 490 310 490 311 1 0 66 65 -5683 32 1
10389 12619 490 311 490 311 0 0 65 65 0 2230 0
12619 12622 490 311 488 310 0 1 65 62 6824 32 3
12622 12624 488 310 489 311 1 0 62 60 -6824 32 2
12624 13065 489 311 489 311 0 0 60 60 0 441 0
13065 13067 489 311 488 310 0 1 60 58 7035 32 2
13067 13069 488 310 489 311 1 0 58 56 -7035 32 2
13069 13140 489 311 489 311 0 0 56 56 0 71 0
13140 13142 489 311 488 310 0 1 56 54 7063 32 2
13142 13142 488 310 488 310 1 2 54 54 7052 3 0
13142 13144 488 310 490 310 2 1 54 52 -7052 3 2
13144 13148 490 310 488 312 1 0 52 48 -7063 28 4
13148 13207 488 312 488 312 0 0 48 48 0 59 0
13207 13209 488 312 488 310 0 1 48 46 7089 32 2
13209 13210 488 310 488 310 1 1 46 46 0 1 0
13210 13212 488 310 490 310 1 0 46 44 -7089 32 2
13212 13250 490 310 490 310 0 0 44 44 0 38 0
13250 13252 490 310 488 310 0 1 44 42 7108 32 2
13252 13253 488 310 489 310 1 0 42 41 -7108 32 1
13253 13659 489 310 489 310 0 0 41 41 0 406 0
13659 13660 489 310 488 310 0 1 41 40 7293 32 1
13660 13663 488 310 491 310 1 0 40 37 -7293 32 3
13663 13981 491 310 491 310 0 0 37 37 0 318 0
13981 13984 491 310 488 310 0 1 37 34 7444 32 3
13984 13985 488 310 488 311 1 0 34 33 -7444 32 1
13985 14429 488 311 488 311 0 0 33 33 0 444 0
14429 14430 488 311 488 310 0 1 33 32 7650 32 1
14430 14431 488 310 488 310 1 1 32 32 0 1 0
14431 14434 488 310 490 311 1 0 32 29 -7650 32 3
14434 14499 490 311 490 311 0 0 29 29 0 65 0
14499 14502 490 311 488 310 0 1 29 26 7678 32 3
14502 14504 488 310 490 310 1 0 26 24 -7678 32 2
14504 14549 490 310 490 310 0 0 24 24 0 45 0
14549 14551 490 310 488 310 0 1 24 22 7703 32 2
14551 14553 488 310 490 310 1 0 22 20 -7703 32 2
14553 14675 490 310 490 310 0 0 20 20 0 122 0
14675 14677 490 310 488 310 0 1 20 18 7758 32 2
14677 14678 488 310 489 310 1 0 18 17 -7758 32 1
14678 16317 489 310 489 310 0 0 17 17 0 1639 0
16317 16318 489 310 488 310 0 1 17 16 8482 32 1
16318 16319 488 310 488 310 1 1 16 16 0 1 0
16319 16321 488 310 489 311 1 0 16 14 -8482 32 2
16321 16523 489 311 489 311 0 0 14 14 0 202 0
16523 16525 489 311 488 310 0 1 14 12 8562 32 2
16525 16526 488 310 488 311 1 0 12 11 -8562 32 1
16526 18570 488 311 488 311 0 0 11 11 0 2044 0
18570 18571 488 311 488 310 0 1 11 10 9331 32 1
18571 18572 488 310 489 310 1 0 10 9 -9331 32 1
18572 19111 489 310 489 310 0 0 9 9 0 539 0
19111 19112 489 310 488 310 0 1 9 8 9533 32 1
19112 19113 488 310 488 310 1 1 8 8 0 1 0
19113 19114 488 310 489 310 1 0 8 7 -9533 32 1
19114 19968 489 310 489 310 0 0 7 7 0 854 0
19968 19969 489 310 488 310 0 1 7 6 9827 32 1
19969 19970 488 310 489 310 1 0 6 5 -9827 32 1
19970 20090 489 310 489 310 0 0 5 5 0 120 0
20090 20091 489 310 488 310 0 1 5 4 9888 32 1
20091 20093 488 310 488 312 1 0 4 2 -9888 32 2
20093 43265 488 312 488 312 0 0 2 2 0 23172 0
43265 43267 488 312 488 310 0 0 2 0 1000000000 0 2
--------------------------------------
--------------------------------------
EV3
--------------------------------------
Num TPs served = 20
TPs served = 9630 10446 10517 10602 11008 11069 11434 11650 12119 12255 12352 12525 12554 13417 13986 14204 14726 14918 45430 47012
Total energy used = 100
--------------------------------------
Schedule:
0 19364 488 310 488 310 0 0 100 100 0 19364 0
19364 19364 488 310 488 310 0 1 100 100 9630 32 0
19364 19371 488 310 495 310 1 0 100 93 -9630 32 7
19371 21683 495 310 495 310 0 0 93 93 0 2312 0
21683 21690 495 310 488 310 0 1 93 86 10446 32 7
21690 21691 488 310 489 310 1 0 86 85 -10446 32 1
21691 21870 489 310 489 310 0 0 85 85 0 179 0
21870 21871 489 310 488 310 0 1 85 84 10517 32 1
21871 21872 488 310 489 310 1 0 84 83 -10517 32 1
21872 22121 489 310 489 310 0 0 83 83 0 249 0
22121 22122 489 310 488 310 0 1 83 82 10602 32 1
22122 22124 488 310 489 311 1 0 82 80 -10602 32 2
22124 23399 489 311 489 311 0 0 80 80 0 1275 0
23399 23401 489 311 488 310 0 1 80 78 11008 32 2
23401 23402 488 310 489 310 1 0 78 77 -11008 32 1
23402 23592 489 310 489 310 0 0 77 77 0 190 0
23592 23593 489 310 488 310 0 1 77 76 11069 32 1
23593 23594 488 310 488 310 1 1 76 76 0 1 0
23594 23596 488 310 490 310 1 0 76 74 -11069 32 2
23596 24774 490 310 490 310 0 0 74 74 0 1178 0
24774 24776 490 310 488 310 0 1 74 72 45430 32 2
24776 24776 488 310 488 310 1 2 72 72 11434 12 0
24776 24777 488 310 488 310 2 2 72 72 0 1 0
24777 24778 488 310 489 310 2 1 72 71 -45430 32 1
24778 24780 489 310 490 311 1 0 71 69 -11434 11 2
24780 25511 490 311 490 311 0 0 69 69 0 731 0
25511 25514 490 311 488 310 0 1 69 66 11650 32 3
25514 25515 488 310 488 311 1 0 66 65 -11650 32 1
25515 27144 488 311 488 311 0 0 65 65 0 1629 0
27144 27145 488 311 488 310 0 1 65 64 12119 32 1
27145 27146 488 310 489 310 1 0 64 63 -12119 32 1
27146 27576 489 310 489 310 0 0 63 63 0 430 0
27576 27577 489 310 488 310 0 1 63 62 47012 32 1
27577 27580 488 310 488 310 1 1 62 62 0 3 0
27580 27580 488 310 488 310 1 2 62 62 12255 32 0
27580 27582 488 310 490 310 2 1 62 60 -47012 29 2
27582 27592 490 310 496 314 1 0 60 50 -12255 32 10
27592 27922 496 314 496 314 0 0 50 50 0 330 0
27922 27934 496 314 488 310 0 1 50 38 12352 32 12
27934 27935 488 310 489 310 1 0 38 37 -12352 32 1
27935 28536 489 310 489 310 0 0 37 37 0 601 0
28536 28537 489 310 488 310 0 1 37 36 12525 32 1
28537 28538 488 310 488 310 1 1 36 36 0 1 0
28538 28543 488 310 493 310 1 0 36 31 -12525 32 5
28543 28645 493 310 493 310 0 0 31 31 0 102 0
28645 28650 493 310 488 310 0 1 31 26 12554 32 5
28650 28653 488 310 491 310 1 0 26 23 -12554 32 3
28653 31790 491 310 491 310 0 0 23 23 0 3137 0
31790 31793 491 310 488 310 0 1 23 20 13417 32 3
31793 31794 488 310 489 310 1 0 20 19 -13417 32 1
31794 33924 489 310 489 310 0 0 19 19 0 2130 0
33924 33925 489 310 488 310 0 1 19 18 13986 32 1
33925 33929 488 310 490 312 1 0 18 14 -13986 32 4
33929 34761 490 312 490 312 0 0 14 14 0 832 0
34761 34765 490 312 488 310 0 1 14 10 14204 32 4
34765 34767 488 310 488 310 1 1 10 10 0 2 0
34767 34769 488 310 490 310 1 0 10 8 -14204 32 2
34769 36778 490 310 490 310 0 0 8 8 0 2009 0
36778 36780 490 310 488 310 0 1 8 6 14726 32 2
36780 36782 488 310 490 310 1 0 6 4 -14726 32 2
36782 37517 490 310 490 310 0 0 4 4 0 735 0
37517 37519 490 310 488 310 0 1 4 2 14918 32 2
37519 37520 488 310 489 310 1 0 2 1 -14918 32 1
37520 43266 489 310 489 310 0 0 1 1 0 5746 0
43266 43267 489 310 488 310 0 0 1 0 1000000000 0 1
--------------------------------------

-------------------------------------------------------------------------

TPs

-------------------------------------------------------------------------

----------------------
TP80 allocated to 1
----------------------

----------------------
TP225 allocated to 1
----------------------

----------------------
TP427 allocated to 1
----------------------

----------------------
TP496 allocated to 1
----------------------

----------------------
TP703 allocated to 1
----------------------

----------------------
TP806 allocated to 1
----------------------

----------------------
TP838 allocated to 1
----------------------

----------------------
TP929 allocated to 1
----------------------

----------------------
TP990 allocated to 1
----------------------

----------------------
TP1524 allocated to 1
----------------------

----------------------
TP1547 allocated to 1
----------------------

----------------------
TP1915 allocated to 1
----------------------

----------------------
TP1955 allocated to 1
----------------------

----------------------
TP2162 allocated to 1
----------------------

----------------------
TP3954 allocated to 1
----------------------

----------------------
TP4060 allocated to 1
----------------------

----------------------
TP4074 allocated to 1
----------------------

----------------------
TP4273 allocated to 1
----------------------

----------------------
TP4703 allocated to 1
----------------------

----------------------
TP5083 allocated to 2
----------------------

----------------------
TP5174 allocated to 2
----------------------

----------------------
TP5244 allocated to 1
----------------------

----------------------
TP5354 allocated to 2
----------------------

----------------------
TP5432 allocated to 2
----------------------

----------------------
TP5683 allocated to 2
----------------------

----------------------
TP6824 allocated to 2
----------------------

----------------------
TP7035 allocated to 2
----------------------

----------------------
TP7052 allocated to 2
----------------------

----------------------
TP7063 allocated to 2
----------------------

----------------------
TP7089 allocated to 2
----------------------

----------------------
TP7108 allocated to 2
----------------------

----------------------
TP7293 allocated to 2
----------------------

----------------------
TP7444 allocated to 2
----------------------

----------------------
TP7650 allocated to 2
----------------------

----------------------
TP7678 allocated to 2
----------------------

----------------------
TP7703 allocated to 2
----------------------

----------------------
TP7758 allocated to 2
----------------------

----------------------
TP7858 allocated to 1
----------------------

----------------------
TP8482 allocated to 2
----------------------

----------------------
TP8562 allocated to 2
----------------------

----------------------
TP8654 allocated to 1
----------------------

----------------------
TP9331 allocated to 2
----------------------

----------------------
TP9533 allocated to 2
----------------------

----------------------
TP9630 allocated to 3
----------------------

----------------------
TP9633 allocated to 1
----------------------

----------------------
TP9827 allocated to 2
----------------------

----------------------
TP9888 allocated to 2
----------------------

----------------------
TP10446 allocated to 3
----------------------

----------------------
TP10517 allocated to 3
----------------------

----------------------
TP10602 allocated to 3
----------------------

----------------------
TP11008 allocated to 3
----------------------

----------------------
TP11062 allocated to 1
----------------------

----------------------
TP11069 allocated to 3
----------------------

----------------------
TP11434 allocated to 3
----------------------

----------------------
TP11650 allocated to 3
----------------------

----------------------
TP12119 allocated to 3
----------------------

----------------------
TP12255 allocated to 3
----------------------

----------------------
TP12352 allocated to 3
----------------------

----------------------
TP12525 allocated to 3
----------------------

----------------------
TP12554 allocated to 3
----------------------

----------------------
TP12674 allocated to 1
----------------------

----------------------
TP13417 allocated to 3
----------------------

----------------------
TP13986 allocated to 3
----------------------

----------------------
TP14204 allocated to 3
----------------------

----------------------
TP14726 allocated to 3
----------------------

----------------------
TP14918 allocated to 3
----------------------

----------------------
TP15248 allocated to 1
----------------------

----------------------
TP15707 not allocated
----------------------

----------------------
TP15847 not allocated
----------------------

----------------------
TP15979 allocated to 1
----------------------

----------------------
TP16323 not allocated
----------------------

----------------------
TP16357 not allocated
----------------------

----------------------
TP16754 not allocated
----------------------

----------------------
TP17664 not allocated
----------------------

----------------------
TP17886 not allocated
----------------------

----------------------
TP18188 not allocated
----------------------

----------------------
TP18200 not allocated
----------------------

----------------------
TP18843 not allocated
----------------------

----------------------
TP18894 not allocated
----------------------

----------------------
TP19022 not allocated
----------------------

----------------------
TP19143 not allocated
----------------------

----------------------
TP19253 not allocated
----------------------

----------------------
TP19324 not allocated
----------------------

----------------------
TP19679 allocated to 1
----------------------

----------------------
TP20008 not allocated
----------------------

----------------------
TP20465 not allocated
----------------------

----------------------
TP20773 not allocated
----------------------

----------------------
TP20816 not allocated
----------------------

----------------------
TP21513 not allocated
----------------------

----------------------
TP21698 not allocated
----------------------

----------------------
TP22048 not allocated
----------------------

----------------------
TP22409 not allocated
----------------------

----------------------
TP22797 not allocated
----------------------

----------------------
TP22921 not allocated
----------------------

----------------------
TP23136 not allocated
----------------------

----------------------
TP23385 not allocated
----------------------

----------------------
TP23520 allocated to 1
----------------------

----------------------
TP23770 not allocated
----------------------

----------------------
TP23873 not allocated
----------------------

----------------------
TP23999 not allocated
----------------------

----------------------
TP24177 not allocated
----------------------

----------------------
TP24350 not allocated
----------------------

----------------------
TP24773 not allocated
----------------------

----------------------
TP24999 allocated to 1
----------------------

----------------------
TP25448 not allocated
----------------------

----------------------
TP25972 not allocated
----------------------

----------------------
TP26192 not allocated
----------------------

----------------------
TP26761 not allocated
----------------------

----------------------
TP26876 not allocated
----------------------

----------------------
TP26890 not allocated
----------------------

----------------------
TP27074 not allocated
----------------------

----------------------
TP27241 not allocated
----------------------

----------------------
TP27718 not allocated
----------------------

----------------------
TP27975 not allocated
----------------------

----------------------
TP28299 not allocated
----------------------

----------------------
TP28477 not allocated
----------------------

----------------------
TP28499 not allocated
----------------------

----------------------
TP28517 not allocated
----------------------

----------------------
TP28581 not allocated
----------------------

----------------------
TP28660 not allocated
----------------------

----------------------
TP28738 not allocated
----------------------

----------------------
TP29317 not allocated
----------------------

----------------------
TP29439 not allocated
----------------------

----------------------
TP29723 not allocated
----------------------

----------------------
TP29918 not allocated
----------------------

----------------------
TP30843 not allocated
----------------------

----------------------
TP30845 not allocated
----------------------

----------------------
TP30948 not allocated
----------------------

----------------------
TP31369 not allocated
----------------------

----------------------
TP31998 not allocated
----------------------

----------------------
TP32058 not allocated
----------------------

----------------------
TP32687 not allocated
----------------------

----------------------
TP34061 not allocated
----------------------

----------------------
TP34427 allocated to 1
----------------------

----------------------
TP34514 not allocated
----------------------

----------------------
TP34733 not allocated
----------------------

----------------------
TP35149 not allocated
----------------------

----------------------
TP35230 not allocated
----------------------

----------------------
TP35315 not allocated
----------------------

----------------------
TP35388 not allocated
----------------------

----------------------
TP36104 not allocated
----------------------

----------------------
TP36111 allocated to 1
----------------------

----------------------
TP36358 not allocated
----------------------

----------------------
TP36678 not allocated
----------------------

----------------------
TP37173 not allocated
----------------------

----------------------
TP37296 not allocated
----------------------

----------------------
TP37485 not allocated
----------------------

----------------------
TP37723 not allocated
----------------------

----------------------
TP38257 not allocated
----------------------

----------------------
TP38277 not allocated
----------------------

----------------------
TP38334 not allocated
----------------------

----------------------
TP38652 not allocated
----------------------

----------------------
TP38780 allocated to 2
----------------------

----------------------
TP38892 not allocated
----------------------

----------------------
TP40134 allocated to 1
----------------------

----------------------
TP40376 not allocated
----------------------

----------------------
TP40483 not allocated
----------------------

----------------------
TP40825 allocated to 1
----------------------

----------------------
TP41531 not allocated
----------------------

----------------------
TP41956 not allocated
----------------------

----------------------
TP42121 not allocated
----------------------

----------------------
TP42810 not allocated
----------------------

----------------------
TP43153 not allocated
----------------------

----------------------
TP43411 not allocated
----------------------

----------------------
TP43439 allocated to 1
----------------------

----------------------
TP43503 not allocated
----------------------

----------------------
TP43629 not allocated
----------------------

----------------------
TP43641 not allocated
----------------------

----------------------
TP43672 not allocated
----------------------

----------------------
TP44171 allocated to 1
----------------------

----------------------
TP45085 not allocated
----------------------

----------------------
TP45115 not allocated
----------------------

----------------------
TP45142 not allocated
----------------------

----------------------
TP45430 allocated to 3
----------------------

----------------------
TP45547 allocated to 1
----------------------

----------------------
TP45818 not allocated
----------------------

----------------------
TP45983 not allocated
----------------------

----------------------
TP46571 allocated to 1
----------------------

----------------------
TP46585 not allocated
----------------------

----------------------
TP47012 allocated to 3
----------------------

----------------------
TP47265 not allocated
----------------------

----------------------
TP47285 not allocated
----------------------

----------------------
TP47531 not allocated
----------------------

----------------------
TP48052 not allocated
----------------------

----------------------
TP48838 not allocated
----------------------

----------------------
TP49322 not allocated
----------------------

----------------------
TP49408 not allocated
----------------------

----------------------
TP49584 not allocated
----------------------

----------------------
TP49881 not allocated
----------------------

-------------------------------------------------------------------------

Ride-sharing vs Individual Mode - Num Vehicles and Distance Comparisson 

-------------------------------------------------------------------------
Individual Mode = 189 vehicles.
Ride-sharing Mode = 110 vehicles. The 3 ride-sharing vehicles + 107 vehicles of the individuals not served by the ride-sharing service.
-------------------------------------------------------------------------
Individual Mode = 435 distance.
Ride-sharing Mode = 579 distance. 300 from the EV fleet + 279 from the distance of the trips not covered individuals had to do with their own vehicle.
-------------------------------------------------------------------------
