-------------------------------------------------------------------------
TPs satisfied = 60; Total TPs = 200; Percentage Satisfied + 30.0%
-------------------------------------------------------------------------

-------------------------------------------------------------------------

EVs

-------------------------------------------------------------------------
--------------------------------------
EV1
--------------------------------------
Num TPs served = 60
TPs served = 608 826 1193 1383 1500 1573 2415 2544 2623 2657 2935 3622 3747 4063 4814 4927 5276 5616 5822 6048 6264 6439 6477 6609 6677 7248 7424 7475 8332 10199 10208 11055 11104 14235 14256 14342 17378 18373 18466 18523 21032 23284 23975 24257 24416 25286 29345 30837 31506 32259 33392 34226 38116 38603 38891 40238 40560 42445 42733 48214
Total energy used = 100
--------------------------------------
Schedule:
0 1092 854 62 854 62 0 0 100 100 0 1092 0
1092 1092 854 62 854 62 0 1 100 100 608 32 0
1092 1097 854 62 854 67 1 0 100 95 -608 32 5
1097 1466 854 67 854 67 0 0 95 95 0 369 0
1466 1471 854 67 854 62 0 1 95 90 826 32 5
1471 1472 854 62 854 62 1 1 90 90 0 1 0
1472 1472 854 62 854 62 1 0 90 90 -826 32 0
1472 2081 854 62 854 62 0 0 90 90 0 609 0
2081 2081 854 62 854 62 0 1 90 90 1193 32 0
2081 2082 854 62 855 62 1 0 90 89 -1193 32 1
2082 2419 855 62 855 62 0 0 89 89 0 337 0
2419 2420 855 62 854 62 0 1 89 88 1383 32 1
2420 2421 854 62 854 62 1 1 88 88 0 1 0
2421 2422 854 62 855 62 1 0 88 87 -1383 32 1
2422 2624 855 62 855 62 0 0 87 87 0 202 0
2624 2625 855 62 854 62 0 1 87 86 1500 32 1
2625 2627 854 62 855 63 1 0 86 84 -1500 32 2
2627 2732 855 63 855 63 0 0 84 84 0 105 0
2732 2734 855 63 854 62 0 1 84 82 1573 32 2
2734 2735 854 62 854 62 1 1 82 82 0 1 0
2735 2735 854 62 854 62 1 0 82 82 -1573 32 0
2735 3008 854 62 854 62 0 0 82 82 0 273 0
3008 3008 854 62 854 62 0 1 82 82 18373 32 0
3008 3011 854 62 854 62 1 1 82 82 0 3 0
3011 3011 854 62 854 62 1 0 82 82 -18373 32 0
3011 3281 854 62 854 62 0 0 82 82 0 270 0
3281 3281 854 62 854 62 0 1 82 82 18466 32 0
3281 3284 854 62 854 62 1 1 82 82 0 3 0
3284 3284 854 62 854 62 1 0 82 82 -18466 32 0
3284 3480 854 62 854 62 0 0 82 82 0 196 0
3480 3480 854 62 854 62 0 1 82 82 18523 32 0
3480 3481 854 62 854 62 1 1 82 82 0 1 0
3481 3481 854 62 854 62 1 0 82 82 -18523 32 0
3481 4297 854 62 854 62 0 0 82 82 0 816 0
4297 4297 854 62 854 62 0 1 82 82 2415 32 0
4297 4299 854 62 854 62 1 1 82 82 0 2 0
4299 4300 854 62 855 62 1 0 82 81 -2415 32 1
4300 4518 855 62 855 62 0 0 81 81 0 218 0
4518 4519 855 62 854 62 0 1 81 80 2544 32 1
4519 4520 854 62 854 63 1 0 80 79 -2544 32 1
4520 4665 854 63 854 63 0 0 79 79 0 145 0
4665 4666 854 63 854 62 0 1 79 78 2623 32 1
4666 4669 854 62 854 62 1 1 78 78 0 3 0
4669 4670 854 62 855 62 1 0 78 77 -2623 32 1
4670 4741 855 62 855 62 0 0 77 77 0 71 0
4741 4742 855 62 854 62 0 1 77 76 2657 32 1
4742 4744 854 62 855 63 1 0 76 74 -2657 32 2
4744 5234 855 63 855 63 0 0 74 74 0 490 0
5234 5236 855 63 854 62 0 1 74 72 2935 32 2
5236 5239 854 62 855 64 1 0 72 69 -2935 32 3
5239 6484 855 64 855 64 0 0 69 69 0 1245 0
6484 6487 855 64 854 62 0 1 69 66 3622 32 3
6487 6488 854 62 854 62 1 1 66 66 0 1 0
6488 6488 854 62 854 62 1 0 66 66 -3622 32 0
6488 6722 854 62 854 62 0 0 66 66 0 234 0
6722 6722 854 62 854 62 0 1 66 66 3747 32 0
6722 6723 854 62 854 62 1 1 66 66 0 1 0
6723 6723 854 62 854 62 1 0 66 66 -3747 32 0
6723 7314 854 62 854 62 0 0 66 66 0 591 0
7314 7314 854 62 854 62 0 1 66 66 4063 32 0
7314 7317 854 62 856 63 1 0 66 63 -4063 32 3
7317 8617 856 63 856 63 0 0 63 63 0 1300 0
8617 8620 856 63 854 62 0 1 63 60 38116 32 3
8620 8621 854 62 854 62 1 1 60 60 0 1 0
8621 8621 854 62 854 62 1 0 60 60 -38116 32 0
8621 8737 854 62 854 62 0 0 60 60 0 116 0
8737 8737 854 62 854 62 0 1 60 60 4814 32 0
8737 8738 854 62 855 62 1 0 60 59 -4814 32 1
8738 8947 855 62 855 62 0 0 59 59 0 209 0
8947 8948 855 62 854 62 0 1 59 58 4927 32 1
8948 8950 854 62 855 63 1 0 58 56 -4927 32 2
8950 9585 855 63 855 63 0 0 56 56 0 635 0
9585 9587 855 63 854 62 0 1 56 54 5276 32 2
9587 9589 854 62 856 62 1 0 54 52 -5276 32 2
9589 9899 856 62 856 62 0 0 52 52 0 310 0
9899 9901 856 62 854 62 0 1 52 50 38603 32 2
9901 9902 854 62 854 62 1 1 50 50 0 1 0
9902 9902 854 62 854 62 1 0 50 50 -38603 32 0
9902 10245 854 62 854 62 0 0 50 50 0 343 0
10245 10245 854 62 854 62 0 1 50 50 5616 32 0
10245 10247 854 62 854 64 1 0 50 48 -5616 32 2
10247 10625 854 64 854 64 0 0 48 48 0 378 0
10625 10627 854 64 854 62 0 1 48 46 38891 32 2
10627 10649 854 62 854 62 1 1 46 46 0 22 0
10649 10649 854 62 854 62 1 2 46 46 5822 32 0
10649 10650 854 62 855 62 2 1 46 45 -38891 11 1
10650 10651 855 62 855 62 1 1 45 45 0 1 0
10651 10651 855 62 855 62 1 0 45 45 -5822 32 0
10651 10827 855 62 855 62 0 0 45 45 0 176 0
10827 10828 855 62 854 62 0 1 45 44 21032 32 1
10828 10831 854 62 854 62 1 1 44 44 0 3 0
10831 10831 854 62 854 62 1 0 44 44 -21032 32 0
10831 11079 854 62 854 62 0 0 44 44 0 248 0
11079 11079 854 62 854 62 0 1 44 44 6048 32 0
11079 11081 854 62 854 64 1 0 44 42 -6048 32 2
11081 11489 854 64 854 64 0 0 42 42 0 408 0
11489 11491 854 64 854 62 0 1 42 40 6264 32 2
11491 11492 854 62 854 62 1 1 40 40 0 1 0
11492 11494 854 62 854 64 1 0 40 38 -6264 32 2
11494 11818 854 64 854 64 0 0 38 38 0 324 0
11818 11820 854 64 854 62 0 1 38 36 6439 32 2
11820 11823 854 62 856 63 1 0 36 33 -6439 32 3
11823 11890 856 63 856 63 0 0 33 33 0 67 0
11890 11893 856 63 854 62 0 1 33 30 6477 32 3
11893 11896 854 62 856 63 1 0 30 27 -6477 32 3
11896 12173 856 63 856 63 0 0 27 27 0 277 0
12173 12176 856 63 854 62 0 1 27 24 6609 32 3
12176 12177 854 62 854 62 1 1 24 24 0 1 0
12177 12180 854 62 857 62 1 0 24 21 -6609 32 3
12180 12320 857 62 857 62 0 0 21 21 0 140 0
12320 12323 857 62 854 62 0 1 21 18 6677 32 3
12323 12324 854 62 855 62 1 0 18 17 -6677 32 1
12324 13577 855 62 855 62 0 0 17 17 0 1253 0
13577 13578 855 62 854 62 0 1 17 16 7248 32 1
13578 13580 854 62 854 62 1 1 16 16 0 2 0
13580 13583 854 62 857 62 1 0 16 13 -7248 32 3
13583 13924 857 62 857 62 0 0 13 13 0 341 0
13924 13927 857 62 854 62 0 1 13 10 7424 32 3
13927 13930 854 62 854 62 1 1 10 10 0 3 0
13930 13934 854 62 858 62 1 0 10 6 -7424 32 4
13934 14096 858 62 858 62 0 0 6 6 0 162 0
14096 14100 858 62 854 62 0 1 6 2 40238 32 4
14100 14100 854 62 854 62 1 2 2 2 7475 5 0
14100 14101 854 62 854 63 2 1 2 1 -40238 32 1
14101 14101 854 63 854 63 1 0 1 1 -7475 8 0
14101 14844 854 63 854 63 0 0 1 1 0 743 0
14844 14845 854 63 854 62 0 1 1 0 40560 32 1
14845 14847 854 62 854 62 1 1 0 0 0 2 0
14847 14847 854 62 854 62 1 0 0 0 -40560 32 0
14847 16004 854 62 854 62 0 0 0 0 0 1157 0
16004 16004 854 62 854 62 0 1 0 0 8332 32 0
16004 16005 854 62 854 62 1 1 0 0 0 1 0
16005 16005 854 62 854 62 1 0 0 0 -8332 32 0
16005 16675 854 62 854 62 0 0 0 0 0 670 0
16675 16675 854 62 854 62 0 1 0 0 23284 32 0
16675 16676 854 62 854 62 1 1 0 0 0 1 0
16676 16676 854 62 854 62 1 0 0 0 -23284 32 0
16676 18244 854 62 854 62 0 0 0 0 0 1568 0
18244 18244 854 62 854 62 0 1 0 0 23975 32 0
18244 18246 854 62 854 62 1 1 0 0 0 2 0
18246 18246 854 62 854 62 1 0 0 0 -23975 32 0
18246 18832 854 62 854 62 0 0 0 0 0 586 0
18832 18832 854 62 854 62 0 1 0 0 24257 32 0
18832 18833 854 62 854 62 1 1 0 0 0 1 0
18833 18833 854 62 854 62 1 0 0 0 -24257 32 0
18833 19038 854 62 854 62 0 0 0 0 0 205 0
19038 19038 854 62 854 62 0 1 0 0 42445 32 0
19038 19039 854 62 854 62 1 1 0 0 0 1 0
19039 19039 854 62 854 62 1 0 0 0 -42445 32 0
19039 19215 854 62 854 62 0 0 0 0 0 176 0
19215 19215 854 62 854 62 0 1 0 0 24416 32 0
19215 19217 854 62 854 62 1 1 0 0 0 2 0
19217 19217 854 62 854 62 1 0 0 0 -24416 32 0
19217 19704 854 62 854 62 0 0 0 0 0 487 0
19704 19704 854 62 854 62 0 1 0 0 42733 32 0
19704 19705 854 62 854 62 1 1 0 0 0 1 0
19705 19705 854 62 854 62 1 0 0 0 -42733 32 0
19705 20995 854 62 854 62 0 0 0 0 0 1290 0
20995 20995 854 62 854 62 0 1 0 0 10208 32 0
20995 20995 854 62 854 62 1 2 0 0 10199 6 0
20995 20995 854 62 854 62 2 1 0 0 -10199 7 0
20995 20997 854 62 854 62 1 1 0 0 0 2 0
20997 20997 854 62 854 62 1 0 0 0 -10208 32 0
20997 21126 854 62 854 62 0 0 0 0 0 129 0
21126 21126 854 62 854 62 0 1 0 0 25286 32 0
21126 21127 854 62 854 62 1 1 0 0 0 1 0
21127 21127 854 62 854 62 1 0 0 0 -25286 32 0
21127 23538 854 62 854 62 0 0 0 0 0 2411 0
23538 23538 854 62 854 62 0 1 0 0 11055 32 0
23538 23540 854 62 854 62 1 1 0 0 0 2 0
23540 23540 854 62 854 62 1 0 0 0 -11055 32 0
23540 23699 854 62 854 62 0 0 0 0 0 159 0
23699 23699 854 62 854 62 0 1 0 0 11104 32 0
23699 23702 854 62 854 62 1 1 0 0 0 3 0
23702 23702 854 62 854 62 1 0 0 0 -11104 32 0
23702 29197 854 62 854 62 0 0 0 0 0 5495 0
29197 29197 854 62 854 62 0 1 0 0 29345 32 0
29197 29199 854 62 854 62 1 1 0 0 0 2 0
29199 29199 854 62 854 62 1 0 0 0 -29345 32 0
29199 29626 854 62 854 62 0 0 0 0 0 427 0
29626 29626 854 62 854 62 0 1 0 0 48214 32 0
29626 29627 854 62 854 62 1 1 0 0 0 1 0
29627 29627 854 62 854 62 1 0 0 0 -48214 32 0
29627 32170 854 62 854 62 0 0 0 0 0 2543 0
32170 32170 854 62 854 62 0 1 0 0 30837 32 0
32170 32171 854 62 854 62 1 1 0 0 0 1 0
32171 32171 854 62 854 62 1 0 0 0 -30837 32 0
32171 33625 854 62 854 62 0 0 0 0 0 1454 0
33625 33625 854 62 854 62 0 1 0 0 31506 32 0
33625 33626 854 62 854 62 1 1 0 0 0 1 0
33626 33626 854 62 854 62 1 0 0 0 -31506 32 0
33626 34881 854 62 854 62 0 0 0 0 0 1255 0
34881 34881 854 62 854 62 0 1 0 0 14235 32 0
34881 34882 854 62 854 62 1 1 0 0 0 1 0
34882 34882 854 62 854 62 1 0 0 0 -14235 32 0
34882 34932 854 62 854 62 0 0 0 0 0 50 0
34932 34932 854 62 854 62 0 1 0 0 14256 32 0
34932 34933 854 62 854 62 1 1 0 0 0 1 0
34933 34933 854 62 854 62 1 0 0 0 -14256 32 0
34933 35265 854 62 854 62 0 0 0 0 0 332 0
35265 35265 854 62 854 62 0 1 0 0 14342 32 0
35265 35266 854 62 854 62 1 1 0 0 0 1 0
35266 35266 854 62 854 62 1 0 0 0 -14342 32 0
35266 35357 854 62 854 62 0 0 0 0 0 91 0
35357 35357 854 62 854 62 0 1 0 0 32259 32 0
35357 35360 854 62 854 62 1 1 0 0 0 3 0
35360 35360 854 62 854 62 1 0 0 0 -32259 32 0
35360 38148 854 62 854 62 0 0 0 0 0 2788 0
38148 38148 854 62 854 62 0 1 0 0 33392 32 0
38148 38150 854 62 854 62 1 1 0 0 0 2 0
38150 38150 854 62 854 62 1 0 0 0 -33392 32 0
38150 40412 854 62 854 62 0 0 0 0 0 2262 0
40412 40412 854 62 854 62 0 1 0 0 34226 32 0
40412 40414 854 62 854 62 1 1 0 0 0 2 0
40414 40414 854 62 854 62 1 0 0 0 -34226 32 0
40414 43139 854 62 854 62 0 0 0 0 0 2725 0
43139 43139 854 62 854 62 0 1 0 0 17378 32 0
43139 43140 854 62 854 62 1 1 0 0 0 1 0
43140 43140 854 62 854 62 1 0 0 0 -17378 32 0
43140 43267 854 62 854 62 0 0 0 0 0 127 0
43267 43267 854 62 854 62 0 0 0 0 1000000000 0 0
--------------------------------------

-------------------------------------------------------------------------

TPs

-------------------------------------------------------------------------

----------------------
TP608 allocated to 1
----------------------

----------------------
TP826 allocated to 1
----------------------

----------------------
TP1193 allocated to 1
----------------------

----------------------
TP1383 allocated to 1
----------------------

----------------------
TP1500 allocated to 1
----------------------

----------------------
TP1573 allocated to 1
----------------------

----------------------
TP2415 allocated to 1
----------------------

----------------------
TP2544 allocated to 1
----------------------

----------------------
TP2623 allocated to 1
----------------------

----------------------
TP2657 allocated to 1
----------------------

----------------------
TP2935 allocated to 1
----------------------

----------------------
TP3622 allocated to 1
----------------------

----------------------
TP3747 allocated to 1
----------------------

----------------------
TP4063 allocated to 1
----------------------

----------------------
TP4814 allocated to 1
----------------------

----------------------
TP4927 allocated to 1
----------------------

----------------------
TP5276 allocated to 1
----------------------

----------------------
TP5616 allocated to 1
----------------------

----------------------
TP5822 allocated to 1
----------------------

----------------------
TP6048 allocated to 1
----------------------

----------------------
TP6264 allocated to 1
----------------------

----------------------
TP6439 allocated to 1
----------------------

----------------------
TP6477 allocated to 1
----------------------

----------------------
TP6609 allocated to 1
----------------------

----------------------
TP6677 allocated to 1
----------------------

----------------------
TP7248 allocated to 1
----------------------

----------------------
TP7424 allocated to 1
----------------------

----------------------
TP7475 allocated to 1
----------------------

----------------------
TP8001 not allocated
----------------------

----------------------
TP8035 not allocated
----------------------

----------------------
TP8332 allocated to 1
----------------------

----------------------
TP8533 not allocated
----------------------

----------------------
TP8574 not allocated
----------------------

----------------------
TP8684 not allocated
----------------------

----------------------
TP9073 not allocated
----------------------

----------------------
TP9266 not allocated
----------------------

----------------------
TP9311 not allocated
----------------------

----------------------
TP9797 not allocated
----------------------

----------------------
TP9920 not allocated
----------------------

----------------------
TP10199 allocated to 1
----------------------

----------------------
TP10208 allocated to 1
----------------------

----------------------
TP10347 not allocated
----------------------

----------------------
TP10502 not allocated
----------------------

----------------------
TP11051 not allocated
----------------------

----------------------
TP11055 allocated to 1
----------------------

----------------------
TP11104 allocated to 1
----------------------

----------------------
TP11202 not allocated
----------------------

----------------------
TP11254 not allocated
----------------------

----------------------
TP11959 not allocated
----------------------

----------------------
TP11992 not allocated
----------------------

----------------------
TP12019 not allocated
----------------------

----------------------
TP12159 not allocated
----------------------

----------------------
TP12845 not allocated
----------------------

----------------------
TP13068 not allocated
----------------------

----------------------
TP13160 not allocated
----------------------

----------------------
TP13355 not allocated
----------------------

----------------------
TP13921 not allocated
----------------------

----------------------
TP14235 allocated to 1
----------------------

----------------------
TP14256 allocated to 1
----------------------

----------------------
TP14342 allocated to 1
----------------------

----------------------
TP14373 not allocated
----------------------

----------------------
TP14683 not allocated
----------------------

----------------------
TP14851 not allocated
----------------------

----------------------
TP15215 not allocated
----------------------

----------------------
TP15752 not allocated
----------------------

----------------------
TP17378 allocated to 1
----------------------

----------------------
TP17556 not allocated
----------------------

----------------------
TP17762 not allocated
----------------------

----------------------
TP17829 not allocated
----------------------

----------------------
TP18002 not allocated
----------------------

----------------------
TP18373 allocated to 1
----------------------

----------------------
TP18466 allocated to 1
----------------------

----------------------
TP18523 allocated to 1
----------------------

----------------------
TP18632 not allocated
----------------------

----------------------
TP18737 not allocated
----------------------

----------------------
TP18969 not allocated
----------------------

----------------------
TP19153 not allocated
----------------------

----------------------
TP19190 not allocated
----------------------

----------------------
TP20070 not allocated
----------------------

----------------------
TP20453 not allocated
----------------------

----------------------
TP20516 not allocated
----------------------

----------------------
TP20906 not allocated
----------------------

----------------------
TP21032 allocated to 1
----------------------

----------------------
TP21212 not allocated
----------------------

----------------------
TP21231 not allocated
----------------------

----------------------
TP21570 not allocated
----------------------

----------------------
TP21843 not allocated
----------------------

----------------------
TP21958 not allocated
----------------------

----------------------
TP22161 not allocated
----------------------

----------------------
TP22515 not allocated
----------------------

----------------------
TP22679 not allocated
----------------------

----------------------
TP22710 not allocated
----------------------

----------------------
TP22793 not allocated
----------------------

----------------------
TP23146 not allocated
----------------------

----------------------
TP23226 not allocated
----------------------

----------------------
TP23284 allocated to 1
----------------------

----------------------
TP23549 not allocated
----------------------

----------------------
TP23975 allocated to 1
----------------------

----------------------
TP24257 allocated to 1
----------------------

----------------------
TP24329 not allocated
----------------------

----------------------
TP24356 not allocated
----------------------

----------------------
TP24416 allocated to 1
----------------------

----------------------
TP24445 not allocated
----------------------

----------------------
TP24650 not allocated
----------------------

----------------------
TP24698 not allocated
----------------------

----------------------
TP24795 not allocated
----------------------

----------------------
TP24797 not allocated
----------------------

----------------------
TP24963 not allocated
----------------------

----------------------
TP25139 not allocated
----------------------

----------------------
TP25154 not allocated
----------------------

----------------------
TP25221 not allocated
----------------------

----------------------
TP25286 allocated to 1
----------------------

----------------------
TP25547 not allocated
----------------------

----------------------
TP25811 not allocated
----------------------

----------------------
TP25968 not allocated
----------------------

----------------------
TP26478 not allocated
----------------------

----------------------
TP26782 not allocated
----------------------

----------------------
TP27809 not allocated
----------------------

----------------------
TP27834 not allocated
----------------------

----------------------
TP27923 not allocated
----------------------

----------------------
TP28378 not allocated
----------------------

----------------------
TP28647 not allocated
----------------------

----------------------
TP28699 not allocated
----------------------

----------------------
TP28751 not allocated
----------------------

----------------------
TP29022 not allocated
----------------------

----------------------
TP29316 not allocated
----------------------

----------------------
TP29345 allocated to 1
----------------------

----------------------
TP29398 not allocated
----------------------

----------------------
TP30020 not allocated
----------------------

----------------------
TP30069 not allocated
----------------------

----------------------
TP30143 not allocated
----------------------

----------------------
TP30546 not allocated
----------------------

----------------------
TP30659 not allocated
----------------------

----------------------
TP30837 allocated to 1
----------------------

----------------------
TP30879 not allocated
----------------------

----------------------
TP30928 not allocated
----------------------

----------------------
TP31099 not allocated
----------------------

----------------------
TP31332 not allocated
----------------------

----------------------
TP31506 allocated to 1
----------------------

----------------------
TP32020 not allocated
----------------------

----------------------
TP32125 not allocated
----------------------

----------------------
TP32259 allocated to 1
----------------------

----------------------
TP32567 not allocated
----------------------

----------------------
TP32648 not allocated
----------------------

----------------------
TP33392 allocated to 1
----------------------

----------------------
TP33852 not allocated
----------------------

----------------------
TP34199 not allocated
----------------------

----------------------
TP34226 allocated to 1
----------------------

----------------------
TP34524 not allocated
----------------------

----------------------
TP34912 not allocated
----------------------

----------------------
TP36454 not allocated
----------------------

----------------------
TP36652 not allocated
----------------------

----------------------
TP36713 not allocated
----------------------

----------------------
TP36825 not allocated
----------------------

----------------------
TP37401 not allocated
----------------------

----------------------
TP37453 not allocated
----------------------

----------------------
TP37500 not allocated
----------------------

----------------------
TP37664 not allocated
----------------------

----------------------
TP38020 not allocated
----------------------

----------------------
TP38116 allocated to 1
----------------------

----------------------
TP38121 not allocated
----------------------

----------------------
TP38145 not allocated
----------------------

----------------------
TP38160 not allocated
----------------------

----------------------
TP38504 not allocated
----------------------

----------------------
TP38603 allocated to 1
----------------------

----------------------
TP38891 allocated to 1
----------------------

----------------------
TP39192 not allocated
----------------------

----------------------
TP39717 not allocated
----------------------

----------------------
TP40238 allocated to 1
----------------------

----------------------
TP40560 allocated to 1
----------------------

----------------------
TP40579 not allocated
----------------------

----------------------
TP40748 not allocated
----------------------

----------------------
TP40956 not allocated
----------------------

----------------------
TP40963 not allocated
----------------------

----------------------
TP41041 not allocated
----------------------

----------------------
TP41847 not allocated
----------------------

----------------------
TP42445 allocated to 1
----------------------

----------------------
TP42733 allocated to 1
----------------------

----------------------
TP42846 not allocated
----------------------

----------------------
TP43490 not allocated
----------------------

----------------------
TP43726 not allocated
----------------------

----------------------
TP45104 not allocated
----------------------

----------------------
TP45300 not allocated
----------------------

----------------------
TP45612 not allocated
----------------------

----------------------
TP46147 not allocated
----------------------

----------------------
TP46357 not allocated
----------------------

----------------------
TP46805 not allocated
----------------------

----------------------
TP46876 not allocated
----------------------

----------------------
TP47013 not allocated
----------------------

----------------------
TP47088 not allocated
----------------------

----------------------
TP47841 not allocated
----------------------

----------------------
TP48214 allocated to 1
----------------------

----------------------
TP48256 not allocated
----------------------

----------------------
TP48596 not allocated
----------------------

----------------------
TP48860 not allocated
----------------------

----------------------
TP49123 not allocated
----------------------

----------------------
TP49242 not allocated
----------------------

----------------------
TP49542 not allocated
----------------------

----------------------
TP49829 not allocated
----------------------

----------------------
TP49844 not allocated
----------------------

-------------------------------------------------------------------------

Ride-sharing vs Individual Mode - Num Vehicles and Distance Comparisson 

-------------------------------------------------------------------------
Individual Mode = 200 vehicles.
Ride-sharing Mode = 141 vehicles. The 1 ride-sharing vehicles + 140 vehicles of the individuals not served by the ride-sharing service.
-------------------------------------------------------------------------
Individual Mode = 464 distance.
Ride-sharing Mode = 512 distance. 100 from the EV fleet + 412 from the distance of the trips not covered individuals had to do with their own vehicle.
-------------------------------------------------------------------------
