-------------------------------------------------------------------------
TPs satisfied = 181; Total TPs = 181; Percentage Satisfied + 100.0%
-------------------------------------------------------------------------

-------------------------------------------------------------------------

EVs

-------------------------------------------------------------------------
--------------------------------------
EV1
--------------------------------------
Num TPs served = 39
TPs served = 912 1093 1101 1412 1422 1827 2066 2069 2421 2709 3096 3337 3464 4113 4316 5674 6070 6244 6322 6391 6653 6804 7545 8328 11482 14363 17675 18572 18622 19337 19394 22694 28266 34109 36314 36717 43353 43738 47276
Total energy used = 100
--------------------------------------
Schedule:
0 801 854 310 854 310 0 0 100 100 0 801 0
801 801 854 310 854 310 0 1 100 100 17675 32 0
801 802 854 310 854 310 1 1 100 100 0 1 0
802 802 854 310 854 310 1 0 100 100 -17675 32 0
802 1611 854 310 854 310 0 0 100 100 0 809 0
1611 1611 854 310 854 310 0 1 100 100 912 32 0
1611 1613 854 310 854 310 1 1 100 100 0 2 0
1613 1614 854 310 855 310 1 0 100 99 -912 32 1
1614 1928 855 310 855 310 0 0 99 99 0 314 0
1928 1929 855 310 854 310 0 1 99 98 1101 32 1
1929 1929 854 310 854 310 1 2 98 98 1093 20 0
1929 1932 854 310 857 310 2 1 98 95 -1101 32 3
1932 1933 857 310 856 310 1 0 95 94 -1093 18 1
1933 2479 856 310 856 310 0 0 94 94 0 546 0
2479 2481 856 310 854 310 0 1 94 92 1422 32 2
2481 2481 854 310 854 310 1 2 92 92 1412 12 0
2481 2482 854 310 854 310 2 2 92 92 0 1 0
2482 2483 854 310 855 310 2 1 92 91 -1422 32 1
2483 2483 855 310 855 310 1 0 91 91 -1412 12 0
2483 3190 855 310 855 310 0 0 91 91 0 707 0
3190 3191 855 310 854 310 0 1 91 90 1827 32 1
3191 3197 854 310 860 310 1 0 90 84 -1827 32 6
3197 3400 860 310 860 310 0 0 84 84 0 203 0
3400 3406 860 310 854 310 0 1 84 78 36314 32 6
3406 3408 854 310 854 310 1 1 78 78 0 2 0
3408 3408 854 310 854 310 1 0 78 78 -36314 32 0
3408 3610 854 310 854 310 0 0 78 78 0 202 0
3610 3610 854 310 854 310 0 1 78 78 18572 32 0
3610 3635 854 310 854 310 1 1 78 78 0 25 0
3635 3635 854 310 854 310 1 2 78 78 2069 32 0
3635 3635 854 310 854 310 2 3 78 78 2066 24 0
3635 3636 854 310 855 310 3 2 78 77 -18572 7 1
3636 3636 855 310 855 310 2 1 77 77 -2069 32 0
3636 3637 855 310 856 310 1 0 77 76 -2066 24 1
3637 3776 856 310 856 310 0 0 76 76 0 139 0
3776 3778 856 310 854 310 0 1 76 74 18622 32 2
3778 3779 854 310 854 310 1 1 74 74 0 1 0
3779 3779 854 310 854 310 1 0 74 74 -18622 32 0
3779 4305 854 310 854 310 0 0 74 74 0 526 0
4305 4305 854 310 854 310 0 1 74 74 2421 32 0
4305 4308 854 310 856 311 1 0 74 71 -2421 32 3
4308 4629 856 311 856 311 0 0 71 71 0 321 0
4629 4632 856 311 854 310 0 1 71 68 36717 32 3
4632 4634 854 310 854 310 1 1 68 68 0 2 0
4634 4634 854 310 854 310 1 0 68 68 -36717 32 0
4634 4818 854 310 854 310 0 0 68 68 0 184 0
4818 4818 854 310 854 310 0 1 68 68 2709 32 0
4818 4820 854 310 854 312 1 0 68 66 -2709 32 2
4820 5516 854 312 854 312 0 0 66 66 0 696 0
5516 5518 854 312 854 310 0 1 66 64 3096 32 2
5518 5519 854 310 854 310 1 1 64 64 0 1 0
5519 5523 854 310 857 311 1 0 64 60 -3096 32 4
5523 5941 857 311 857 311 0 0 60 60 0 418 0
5941 5945 857 311 854 310 0 1 60 56 3337 32 4
5945 5947 854 310 855 311 1 0 56 54 -3337 32 2
5947 6005 855 311 855 311 0 0 54 54 0 58 0
6005 6007 855 311 854 310 0 1 54 52 19337 32 2
6007 6009 854 310 854 310 1 1 52 52 0 2 0
6009 6009 854 310 854 310 1 0 52 52 -19337 32 0
6009 6189 854 310 854 310 0 0 52 52 0 180 0
6189 6189 854 310 854 310 0 1 52 52 19394 32 0
6189 6189 854 310 854 310 1 2 52 52 3464 20 0
6189 6190 854 310 855 310 2 1 52 51 -19394 32 1
6190 6194 855 310 855 314 1 0 51 47 -3464 25 4
6194 7396 855 314 855 314 0 0 47 47 0 1202 0
7396 7401 855 314 854 310 0 1 47 42 4113 32 5
7401 7404 854 310 855 312 1 0 42 39 -4113 32 3
7404 7747 855 312 855 312 0 0 39 39 0 343 0
7747 7750 855 312 854 310 0 1 39 36 4316 32 3
7750 7754 854 310 857 311 1 0 36 32 -4316 32 4
7754 10364 857 311 857 311 0 0 32 32 0 2610 0
10364 10368 857 311 854 310 0 1 32 28 5674 32 4
10368 10369 854 310 854 310 1 1 28 28 0 1 0
10369 10370 854 310 855 310 1 0 28 27 -5674 32 1
10370 11116 855 310 855 310 0 0 27 27 0 746 0
11116 11117 855 310 854 310 0 1 27 26 6070 32 1
11117 11119 854 310 856 310 1 0 26 24 -6070 32 2
11119 11454 856 310 856 310 0 0 24 24 0 335 0
11454 11456 856 310 854 310 0 1 24 22 6244 32 2
11456 11458 854 310 856 310 1 0 22 20 -6244 32 2
11458 11599 856 310 856 310 0 0 20 20 0 141 0
11599 11601 856 310 854 310 0 1 20 18 6322 32 2
11601 11604 854 310 854 310 1 1 18 18 0 3 0
11604 11606 854 310 856 310 1 0 18 16 -6322 32 2
11606 11738 856 310 856 310 0 0 16 16 0 132 0
11738 11740 856 310 854 310 0 1 16 14 6391 32 2
11740 11742 854 310 854 310 1 1 14 14 0 2 0
11742 11744 854 310 854 312 1 0 14 12 -6391 32 2
11744 12264 854 312 854 312 0 0 12 12 0 520 0
12264 12266 854 312 854 310 0 1 12 10 6653 32 2
12266 12268 854 310 854 310 1 1 10 10 0 2 0
12268 12268 854 310 854 310 1 0 10 10 -6653 32 0
12268 12578 854 310 854 310 0 0 10 10 0 310 0
12578 12578 854 310 854 310 0 1 10 10 6804 32 0
12578 12581 854 310 856 311 1 0 10 7 -6804 32 3
12581 14197 856 311 856 311 0 0 7 7 0 1616 0
14197 14200 856 311 854 310 0 1 7 4 7545 32 3
14200 14201 854 310 854 311 1 0 4 3 -7545 32 1
14201 15232 854 311 854 311 0 0 3 3 0 1031 0
15232 15233 854 311 854 310 0 1 3 2 22694 32 1
15233 15234 854 310 854 310 1 1 2 2 0 1 0
15234 15234 854 310 854 310 1 0 2 2 -22694 32 0
15234 15998 854 310 854 310 0 0 2 2 0 764 0
15998 15998 854 310 854 310 0 1 2 2 8328 32 0
15998 16000 854 310 854 310 1 1 2 2 0 2 0
16000 16001 854 310 855 310 1 0 2 1 -8328 32 1
16001 20908 855 310 855 310 0 0 1 1 0 4907 0
20908 20909 855 310 854 310 0 1 1 0 43353 32 1
20909 20910 854 310 854 310 1 1 0 0 0 1 0
20910 20910 854 310 854 310 1 0 0 0 -43353 32 0
20910 21658 854 310 854 310 0 0 0 0 0 748 0
21658 21658 854 310 854 310 0 1 0 0 43738 32 0
21658 21660 854 310 854 310 1 1 0 0 0 2 0
21660 21660 854 310 854 310 1 0 0 0 -43738 32 0
21660 24942 854 310 854 310 0 0 0 0 0 3282 0
24942 24942 854 310 854 310 0 1 0 0 11482 32 0
24942 24943 854 310 854 310 1 1 0 0 0 1 0
24943 24943 854 310 854 310 1 0 0 0 -11482 32 0
24943 27045 854 310 854 310 0 0 0 0 0 2102 0
27045 27045 854 310 854 310 0 1 0 0 28266 32 0
27045 27047 854 310 854 310 1 1 0 0 0 2 0
27047 27047 854 310 854 310 1 0 0 0 -28266 32 0
27047 28012 854 310 854 310 0 0 0 0 0 965 0
28012 28012 854 310 854 310 0 1 0 0 47276 32 0
28012 28014 854 310 854 310 1 1 0 0 0 2 0
28014 28014 854 310 854 310 1 0 0 0 -47276 32 0
28014 35337 854 310 854 310 0 0 0 0 0 7323 0
35337 35337 854 310 854 310 0 1 0 0 14363 32 0
35337 35338 854 310 854 310 1 1 0 0 0 1 0
35338 35338 854 310 854 310 1 0 0 0 -14363 32 0
35338 40089 854 310 854 310 0 0 0 0 0 4751 0
40089 40089 854 310 854 310 0 1 0 0 34109 32 0
40089 40091 854 310 854 310 1 1 0 0 0 2 0
40091 40091 854 310 854 310 1 0 0 0 -34109 32 0
40091 43267 854 310 854 310 0 0 0 0 0 3176 0
43267 43267 854 310 854 310 0 0 0 0 1000000000 0 0
--------------------------------------
--------------------------------------
EV2
--------------------------------------
Num TPs served = 11
TPs served = 7514 7872 8269 8607 8819 9229 9367 9435 9484 9564 40589
Total energy used = 100
--------------------------------------
Schedule:
0 14144 854 310 854 310 0 0 100 100 0 14144 0
14144 14144 854 310 854 310 0 1 100 100 7514 32 0
14144 14153 854 310 862 311 1 0 100 91 -7514 32 9
14153 14915 862 311 862 311 0 0 91 91 0 762 0
14915 14924 862 311 854 310 0 1 91 82 40589 32 9
14924 14925 854 310 854 310 1 1 82 82 0 1 0
14925 14925 854 310 854 310 1 2 82 82 7872 32 0
14925 14927 854 310 856 310 2 1 82 80 -40589 31 2
14927 14928 856 310 857 310 1 0 80 79 -7872 32 1
14928 15861 857 310 857 310 0 0 79 79 0 933 0
15861 15864 857 310 854 310 0 1 79 76 8269 32 3
15864 15866 854 310 856 310 1 0 76 74 -8269 32 2
15866 16640 856 310 856 310 0 0 74 74 0 774 0
16640 16642 856 310 854 310 0 1 74 72 8607 32 2
16642 16644 854 310 856 310 1 0 72 70 -8607 32 2
16644 17176 856 310 856 310 0 0 70 70 0 532 0
17176 17178 856 310 854 310 0 1 70 68 8819 32 2
17178 17179 854 310 854 310 1 1 68 68 0 1 0
17179 17183 854 310 858 310 1 0 68 64 -8819 32 4
17183 18271 858 310 858 310 0 0 64 64 0 1088 0
18271 18275 858 310 854 310 0 1 64 60 9229 32 4
18275 18277 854 310 854 310 1 1 60 60 0 2 0
18277 18297 854 310 873 311 1 0 60 40 -9229 32 20
18297 18647 873 311 873 311 0 0 40 40 0 350 0
18647 18667 873 311 854 310 0 1 40 20 9367 32 20
18667 18672 854 310 854 310 1 1 20 20 0 5 0
18672 18673 854 310 855 310 1 0 20 19 -9367 32 1
18673 18845 855 310 855 310 0 0 19 19 0 172 0
18845 18846 855 310 854 310 0 1 19 18 9435 32 1
18846 18850 854 310 857 311 1 0 18 14 -9435 32 4
18850 18982 857 311 857 311 0 0 14 14 0 132 0
18982 18986 857 311 854 310 0 1 14 10 9484 32 4
18986 18988 854 310 854 310 1 1 10 10 0 2 0
18988 18992 854 310 858 310 1 0 10 6 -9484 32 4
18992 19203 858 310 858 310 0 0 6 6 0 211 0
19203 19207 858 310 854 310 0 1 6 2 9564 32 4
19207 19208 854 310 854 311 1 0 2 1 -9564 32 1
19208 43266 854 311 854 311 0 0 1 1 0 24058 0
43266 43267 854 311 854 310 0 0 1 0 1000000000 0 1
--------------------------------------
--------------------------------------
EV3
--------------------------------------
Num TPs served = 27
TPs served = 10014 10051 10155 10209 10411 11230 11298 11584 11933 12532 12732 13044 13099 13529 13542 13913 14043 14754 14782 14870 15125 15902 16603 19461 43184 45009 48069
Total energy used = 100
--------------------------------------
Schedule:
0 6431 854 310 854 310 0 0 100 100 0 6431 0
6431 6431 854 310 854 310 0 1 100 100 19461 32 0
6431 6433 854 310 854 310 1 1 100 100 0 2 0
6433 6434 854 310 855 310 1 0 100 99 -19461 32 1
6434 20465 855 310 855 310 0 0 99 99 0 14031 0
20465 20466 855 310 854 310 0 1 99 98 10014 32 1
20466 20467 854 310 854 310 1 1 98 98 0 1 0
20467 20469 854 310 854 312 1 0 98 96 -10014 32 2
20469 20569 854 312 854 312 0 0 96 96 0 100 0
20569 20571 854 312 854 310 0 1 96 94 43184 32 2
20571 20571 854 310 854 310 1 2 94 94 10051 18 0
20571 20572 854 310 855 310 2 1 94 93 -43184 32 1
20572 20573 855 310 856 310 1 0 93 92 -10051 18 1
20573 20827 856 310 856 310 0 0 92 92 0 254 0
20827 20829 856 310 854 310 0 1 92 90 10155 32 2
20829 20830 854 310 855 310 1 0 90 89 -10155 32 1
20830 20996 855 310 855 310 0 0 89 89 0 166 0
20996 20997 855 310 854 310 0 1 89 88 10209 32 1
20997 20999 854 310 854 310 1 1 88 88 0 2 0
20999 21001 854 310 855 311 1 0 88 86 -10209 32 2
21001 21582 855 311 855 311 0 0 86 86 0 581 0
21582 21584 855 311 854 310 0 1 86 84 10411 32 2
21584 21585 854 310 855 310 1 0 84 83 -10411 32 1
21585 24036 855 310 855 310 0 0 83 83 0 2451 0
24036 24037 855 310 854 310 0 1 83 82 45009 32 1
24037 24037 854 310 854 310 1 2 82 82 11230 23 0
24037 24042 854 310 854 310 2 2 82 82 0 5 0
24042 24043 854 310 855 310 2 1 82 81 -45009 32 1
24043 24043 855 310 855 310 1 0 81 81 -11230 20 0
24043 24252 855 310 855 310 0 0 81 81 0 209 0
24252 24253 855 310 854 310 0 1 81 80 11298 32 1
24253 24255 854 310 856 310 1 0 80 78 -11298 32 2
24255 25300 856 310 856 310 0 0 78 78 0 1045 0
25300 25302 856 310 854 310 0 1 78 76 11584 32 2
25302 25303 854 310 854 310 1 1 76 76 0 1 0
25303 25304 854 310 855 310 1 0 76 75 -11584 32 1
25304 26469 855 310 855 310 0 0 75 75 0 1165 0
26469 26470 855 310 854 310 0 1 75 74 11933 32 1
26470 26472 854 310 856 310 1 0 74 72 -11933 32 2
26472 28555 856 310 856 310 0 0 72 72 0 2083 0
28555 28557 856 310 854 310 0 1 72 70 12532 32 2
28557 28560 854 310 857 310 1 0 70 67 -12532 32 3
28560 29341 857 310 857 310 0 0 67 67 0 781 0
29341 29344 857 310 854 310 0 1 67 64 48069 32 3
29344 29344 854 310 854 310 1 2 64 64 12732 10 0
29344 29348 854 310 858 310 2 1 64 60 -48069 32 4
29348 29350 858 310 859 311 1 0 60 58 -12732 12 2
29350 30441 859 311 859 311 0 0 58 58 0 1091 0
30441 30447 859 311 854 310 0 1 58 52 13044 32 6
30447 30448 854 310 854 311 1 0 52 51 -13044 32 1
30448 30676 854 311 854 311 0 0 51 51 0 228 0
30676 30677 854 311 854 310 0 1 51 50 13099 32 1
30677 30679 854 310 856 310 1 0 50 48 -13099 32 2
30679 32233 856 310 856 310 0 0 48 48 0 1554 0
32233 32235 856 310 854 310 0 1 48 46 13529 32 2
32235 32238 854 310 856 311 1 0 46 43 -13529 32 3
32238 32274 856 311 856 311 0 0 43 43 0 36 0
32274 32277 856 311 854 310 0 1 43 40 13542 32 3
32277 32278 854 310 854 310 1 1 40 40 0 1 0
32278 32279 854 310 855 310 1 0 40 39 -13542 32 1
32279 33628 855 310 855 310 0 0 39 39 0 1349 0
33628 33629 855 310 854 310 0 1 39 38 13913 32 1
33629 33638 854 310 854 310 1 1 38 38 0 9 0
33638 33639 854 310 855 310 1 0 38 37 -13913 32 1
33639 34146 855 310 855 310 0 0 37 37 0 507 0
34146 34147 855 310 854 310 0 1 37 36 14043 32 1
34147 34149 854 310 856 310 1 0 36 34 -14043 32 2
34149 36890 856 310 856 310 0 0 34 34 0 2741 0
36890 36892 856 310 854 310 0 1 34 32 14754 32 2
36892 36894 854 310 854 310 1 1 32 32 0 2 0
36894 36898 854 310 858 310 1 0 32 28 -14754 32 4
36898 37004 858 310 858 310 0 0 28 28 0 106 0
37004 37008 858 310 854 310 0 1 28 24 14782 32 4
37008 37009 854 310 854 310 1 1 24 24 0 1 0
37009 37010 854 310 854 311 1 0 24 23 -14782 32 1
37010 37315 854 311 854 311 0 0 23 23 0 305 0
37315 37316 854 311 854 310 0 1 23 22 14870 32 1
37316 37317 854 310 854 310 1 1 22 22 0 1 0
37317 37320 854 310 854 313 1 0 22 19 -14870 32 3
37320 38307 854 313 854 313 0 0 19 19 0 987 0
38307 38310 854 313 854 310 0 1 19 16 15125 32 3
38310 38316 854 310 860 310 1 0 16 10 -15125 32 6
38316 40548 860 310 860 310 0 0 10 10 0 2232 0
40548 40554 860 310 854 310 0 1 10 4 15902 32 6
40554 40555 854 310 854 310 1 1 4 4 0 1 0
40555 40556 854 310 855 310 1 0 4 3 -15902 32 1
40556 41785 855 310 855 310 0 0 3 3 0 1229 0
41785 41786 855 310 854 310 0 1 3 2 16603 32 1
41786 41787 854 310 855 310 1 0 2 1 -16603 32 1
41787 43266 855 310 855 310 0 0 1 1 0 1479 0
43266 43267 855 310 854 310 0 0 1 0 1000000000 0 1
--------------------------------------
--------------------------------------
EV4
--------------------------------------
Num TPs served = 26
TPs served = 16806 17017 17045 17340 17763 18408 18890 19281 19336 19522 19711 20297 20368 21153 21292 21519 21552 22469 23386 23742 23934 24134 24239 24621 35500 42226
Total energy used = 100
--------------------------------------
Schedule:
0 1061 854 310 854 310 0 0 100 100 0 1061 0
1061 1061 854 310 854 310 0 1 100 100 35500 32 0
1061 1065 854 310 854 310 1 1 100 100 0 4 0
1065 1065 854 310 854 310 1 2 100 100 17763 32 0
1065 1067 854 310 856 310 2 1 100 98 -35500 28 2
1067 1068 856 310 857 310 1 0 98 97 -17763 32 1
1068 3104 857 310 857 310 0 0 97 97 0 2036 0
3104 3107 857 310 854 310 0 1 97 94 18408 32 3
3107 3108 854 310 854 310 1 1 94 94 0 1 0
3108 3114 854 310 857 313 1 0 94 88 -18408 32 6
3114 4627 857 313 857 313 0 0 88 88 0 1513 0
4627 4633 857 313 854 310 0 1 88 82 18890 32 6
4633 4635 854 310 855 311 1 0 82 80 -18890 32 2
4635 5829 855 311 855 311 0 0 80 80 0 1194 0
5829 5831 855 311 854 310 0 1 80 78 19281 32 2
5831 5834 854 310 854 313 1 0 78 75 -19281 32 3
5834 6003 854 313 854 313 0 0 75 75 0 169 0
6003 6006 854 313 854 310 0 1 75 72 19336 32 3
6006 6010 854 310 855 313 1 0 72 68 -19336 32 4
6010 6637 855 313 855 313 0 0 68 68 0 627 0
6637 6641 855 313 854 310 0 1 68 64 19522 32 4
6641 6642 854 310 854 311 1 0 64 63 -19522 32 1
6642 7185 854 311 854 311 0 0 63 63 0 543 0
7185 7186 854 311 854 310 0 1 63 62 19711 32 1
7186 7187 854 310 854 311 1 0 62 61 -19711 32 1
7187 8882 854 311 854 311 0 0 61 61 0 1695 0
8882 8883 854 311 854 310 0 1 61 60 20297 32 1
8883 8884 854 310 854 311 1 0 60 59 -20297 32 1
8884 9100 854 311 854 311 0 0 59 59 0 216 0
9100 9101 854 311 854 310 0 1 59 58 20368 32 1
9101 9102 854 310 855 310 1 0 58 57 -20368 32 1
9102 11166 855 310 855 310 0 0 57 57 0 2064 0
11166 11167 855 310 854 310 0 1 57 56 21153 32 1
11167 11168 854 310 855 310 1 0 56 55 -21153 32 1
11168 11535 855 310 855 310 0 0 55 55 0 367 0
11535 11536 855 310 854 310 0 1 55 54 21292 32 1
11536 11538 854 310 856 310 1 0 54 52 -21292 32 2
11538 12159 856 310 856 310 0 0 52 52 0 621 0
12159 12161 856 310 854 310 0 1 52 50 21519 32 2
12161 12162 854 310 854 310 1 1 50 50 0 1 0
12162 12166 854 310 858 310 1 0 50 46 -21519 32 4
12166 12244 858 310 858 310 0 0 46 46 0 78 0
12244 12248 858 310 854 310 0 1 46 42 21552 32 4
12248 12250 854 310 854 310 1 1 42 42 0 2 0
12250 12251 854 310 855 310 1 0 42 41 -21552 32 1
12251 14673 855 310 855 310 0 0 41 41 0 2422 0
14673 14674 855 310 854 310 0 1 41 40 22469 32 1
14674 14676 854 310 856 310 1 0 40 38 -22469 32 2
14676 16915 856 310 856 310 0 0 38 38 0 2239 0
16915 16917 856 310 854 310 0 1 38 36 23386 32 2
16917 16918 854 310 854 311 1 0 36 35 -23386 32 1
16918 17720 854 311 854 311 0 0 35 35 0 802 0
17720 17721 854 311 854 310 0 1 35 34 23742 32 1
17721 17723 854 310 856 310 1 0 34 32 -23742 32 2
17723 18139 856 310 856 310 0 0 32 32 0 416 0
18139 18141 856 310 854 310 0 1 32 30 23934 32 2
18141 18142 854 310 855 310 1 0 30 29 -23934 32 1
18142 18585 855 310 855 310 0 0 29 29 0 443 0
18585 18586 855 310 854 310 0 1 29 28 42226 32 1
18586 18586 854 310 854 310 1 2 28 28 24134 13 0
18586 18587 854 310 854 310 2 2 28 28 0 1 0
18587 18588 854 310 854 311 2 1 28 27 -42226 32 1
18588 18588 854 311 854 311 1 0 27 27 -24134 12 0
18588 18791 854 311 854 311 0 0 27 27 0 203 0
18791 18792 854 311 854 310 0 1 27 26 24239 32 1
18792 18794 854 310 854 310 1 1 26 26 0 2 0
18794 18796 854 310 856 310 1 0 26 24 -24239 32 2
18796 19661 856 310 856 310 0 0 24 24 0 865 0
19661 19663 856 310 854 310 0 1 24 22 24621 32 2
19663 19664 854 310 854 311 1 0 22 21 -24621 32 1
19664 42135 854 311 854 311 0 0 21 21 0 22471 0
42135 42136 854 311 854 310 0 1 21 20 16806 32 1
42136 42138 854 310 854 310 1 1 20 20 0 2 0
42138 42142 854 310 857 311 1 0 20 16 -16806 32 4
42142 42538 857 311 857 311 0 0 16 16 0 396 0
42538 42542 857 311 854 310 0 1 16 12 17017 32 4
42542 42544 854 310 856 310 1 0 12 10 -17017 32 2
42544 42593 856 310 856 310 0 0 10 10 0 49 0
42593 42595 856 310 854 310 0 1 10 8 17045 32 2
42595 42597 854 310 854 310 1 1 8 8 0 2 0
42597 42599 854 310 856 310 1 0 8 6 -17045 32 2
42599 43070 856 310 856 310 0 0 6 6 0 471 0
43070 43072 856 310 854 310 0 1 6 4 17340 32 2
43072 43073 854 310 854 310 1 1 4 4 0 1 0
43073 43075 854 310 856 310 1 0 4 2 -17340 32 2
43075 43265 856 310 856 310 0 0 2 2 0 190 0
43265 43267 856 310 854 310 0 0 2 0 1000000000 0 2
--------------------------------------
--------------------------------------
EV5
--------------------------------------
Num TPs served = 18
TPs served = 24784 25386 25573 25658 25706 26064 26144 26287 26566 26613 26937 26994 27328 27596 27662 29016 43791 44325
Total energy used = 100
--------------------------------------
Schedule:
0 20021 854 310 854 310 0 0 100 100 0 20021 0
20021 20021 854 310 854 310 0 1 100 100 24784 32 0
20021 20022 854 310 855 310 1 0 100 99 -24784 32 1
20022 21342 855 310 855 310 0 0 99 99 0 1320 0
21342 21343 855 310 854 310 0 1 99 98 25386 32 1
21343 21344 854 310 854 310 1 1 98 98 0 1 0
21344 21347 854 310 856 311 1 0 98 95 -25386 32 3
21347 21763 856 311 856 311 0 0 95 95 0 416 0
21763 21766 856 311 854 310 0 1 95 92 43791 32 3
21766 21766 854 310 854 310 1 2 92 92 25573 13 0
21766 21767 854 310 854 310 2 2 92 92 0 1 0
21767 21770 854 310 856 311 2 1 92 89 -43791 32 3
21770 21771 856 311 857 311 1 0 89 88 -25573 18 1
21771 21934 857 311 857 311 0 0 88 88 0 163 0
21934 21938 857 311 854 310 0 1 88 84 25658 32 4
21938 21940 854 310 854 310 1 1 84 84 0 2 0
21940 21944 854 310 854 314 1 0 84 80 -25658 32 4
21944 22043 854 314 854 314 0 0 80 80 0 99 0
22043 22047 854 314 854 310 0 1 80 76 25706 32 4
22047 22049 854 310 854 312 1 0 76 74 -25706 32 2
22049 22786 854 312 854 312 0 0 74 74 0 737 0
22786 22788 854 312 854 310 0 1 74 72 44325 32 2
22788 22788 854 310 854 310 1 2 72 72 26064 27 0
22788 22789 854 310 855 310 2 1 72 71 -44325 32 1
22789 22790 855 310 856 310 1 0 71 70 -26064 27 1
22790 22938 856 310 856 310 0 0 70 70 0 148 0
22938 22940 856 310 854 310 0 1 70 68 26144 32 2
22940 22942 854 310 854 310 1 1 68 68 0 2 0
22942 22948 854 310 859 311 1 0 68 62 -26144 32 6
22948 23244 859 311 859 311 0 0 62 62 0 296 0
23244 23250 859 311 854 310 0 1 62 56 26287 32 6
23250 23259 854 310 857 316 1 0 56 47 -26287 32 9
23259 23772 857 316 857 316 0 0 47 47 0 513 0
23772 23781 857 316 854 310 0 1 47 38 26566 32 9
23781 23783 854 310 855 311 1 0 38 36 -26566 32 2
23783 23880 855 311 855 311 0 0 36 36 0 97 0
23880 23882 855 311 854 310 0 1 36 34 26613 32 2
23882 23883 854 310 854 310 1 1 34 34 0 1 0
23883 23884 854 310 854 311 1 0 34 33 -26613 32 1
23884 24522 854 311 854 311 0 0 33 33 0 638 0
24522 24523 854 311 854 310 0 1 33 32 26937 32 1
24523 24524 854 310 854 310 1 1 32 32 0 1 0
24524 24525 854 310 855 310 1 0 32 31 -26937 32 1
24525 24649 855 310 855 310 0 0 31 31 0 124 0
24649 24650 855 310 854 310 0 1 31 30 26994 32 1
24650 24651 854 310 854 310 1 1 30 30 0 1 0
24651 24656 854 310 855 314 1 0 30 25 -26994 32 5
24656 25244 855 314 855 314 0 0 25 25 0 588 0
25244 25249 855 314 854 310 0 1 25 20 27328 32 5
25249 25252 854 310 854 310 1 1 20 20 0 3 0
25252 25258 854 310 857 313 1 0 20 14 -27328 32 6
25258 25744 857 313 857 313 0 0 14 14 0 486 0
25744 25750 857 313 854 310 0 1 14 8 27596 32 6
25750 25752 854 310 854 312 1 0 8 6 -27596 32 2
25752 25873 854 312 854 312 0 0 6 6 0 121 0
25873 25875 854 312 854 310 0 1 6 4 27662 32 2
25875 25876 854 310 855 310 1 0 4 3 -27662 32 1
25876 28511 855 310 855 310 0 0 3 3 0 2635 0
28511 28512 855 310 854 310 0 1 3 2 29016 32 1
28512 28513 854 310 854 310 1 1 2 2 0 1 0
28513 28514 854 310 855 310 1 0 2 1 -29016 32 1
28514 43266 855 310 855 310 0 0 1 1 0 14752 0
43266 43267 855 310 854 310 0 0 1 0 1000000000 0 1
--------------------------------------
--------------------------------------
EV6
--------------------------------------
Num TPs served = 15
TPs served = 27706 28645 28716 28820 29642 30818 31021 31059 31796 31910 32240 32705 32755 33074 33750
Total energy used = 100
--------------------------------------
Schedule:
0 25949 854 310 854 310 0 0 100 100 0 25949 0
25949 25949 854 310 854 310 0 1 100 100 27706 32 0
25949 25951 854 310 854 310 1 1 100 100 0 2 0
25951 25954 854 310 854 313 1 0 100 97 -27706 32 3
25954 27763 854 313 854 313 0 0 97 97 0 1809 0
27763 27766 854 313 854 310 0 1 97 94 28645 32 3
27766 27768 854 310 856 310 1 0 94 92 -28645 32 2
27768 27904 856 310 856 310 0 0 92 92 0 136 0
27904 27906 856 310 854 310 0 1 92 90 28716 32 2
27906 27907 854 310 854 310 1 1 90 90 0 1 0
27907 27911 854 310 858 310 1 0 90 86 -28716 32 4
27911 28105 858 310 858 310 0 0 86 86 0 194 0
28105 28109 858 310 854 310 0 1 86 82 28820 32 4
28109 28110 854 310 854 310 1 1 82 82 0 1 0
28110 28115 854 310 857 312 1 0 82 77 -28820 32 5
28115 29769 857 312 857 312 0 0 77 77 0 1654 0
29769 29774 857 312 854 310 0 1 77 72 29642 32 5
29774 29776 854 310 854 312 1 0 72 70 -29642 32 2
29776 32129 854 312 854 312 0 0 70 70 0 2353 0
32129 32131 854 312 854 310 0 1 70 68 30818 32 2
32131 32133 854 310 856 310 1 0 68 66 -30818 32 2
32133 32532 856 310 856 310 0 0 66 66 0 399 0
32532 32534 856 310 854 310 0 1 66 64 31021 32 2
32534 32536 854 310 854 312 1 0 64 62 -31021 32 2
32536 32622 854 312 854 312 0 0 62 62 0 86 0
32622 32624 854 312 854 310 0 1 62 60 31059 32 2
32624 32629 854 310 855 314 1 0 60 55 -31059 32 5
32629 34271 855 314 855 314 0 0 55 55 0 1642 0
34271 34276 855 314 854 310 0 1 55 50 31796 32 5
34276 34277 854 310 854 310 1 1 50 50 0 1 0
34277 34281 854 310 858 310 1 0 50 46 -31796 32 4
34281 34501 858 310 858 310 0 0 46 46 0 220 0
34501 34505 858 310 854 310 0 1 46 42 31910 32 4
34505 34507 854 310 854 310 1 1 42 42 0 2 0
34507 34511 854 310 856 312 1 0 42 38 -31910 32 4
34511 35307 856 312 856 312 0 0 38 38 0 796 0
35307 35311 856 312 854 310 0 1 38 34 32240 32 4
35311 35313 854 310 855 311 1 0 34 32 -32240 32 2
35313 36390 855 311 855 311 0 0 32 32 0 1077 0
36390 36392 855 311 854 310 0 1 32 30 32705 32 2
36392 36393 854 310 854 310 1 1 30 30 0 1 0
36393 36394 854 310 855 310 1 0 30 29 -32705 32 1
36394 36500 855 310 855 310 0 0 29 29 0 106 0
36500 36501 855 310 854 310 0 1 29 28 32755 32 1
36501 36502 854 310 854 310 1 1 28 28 0 1 0
36502 36503 854 310 854 311 1 0 28 27 -32755 32 1
36503 37381 854 311 854 311 0 0 27 27 0 878 0
37381 37382 854 311 854 310 0 1 27 26 33074 32 1
37382 37383 854 310 854 310 1 1 26 26 0 1 0
37383 37392 854 310 860 313 1 0 26 17 -33074 32 9
37392 39129 860 313 860 313 0 0 17 17 0 1737 0
39129 39138 860 313 854 310 0 1 17 8 33750 32 9
39138 39142 854 310 856 312 1 0 8 4 -33750 32 4
39142 43263 856 312 856 312 0 0 4 4 0 4121 0
43263 43267 856 312 854 310 0 0 4 0 1000000000 0 4
--------------------------------------
--------------------------------------
EV7
--------------------------------------
Num TPs served = 16
TPs served = 33579 34046 34058 34708 34749 34765 35866 36154 36604 37082 37130 37153 37599 38462 39177 39863
Total energy used = 100
--------------------------------------
Schedule:
0 2102 854 310 854 310 0 0 100 100 0 2102 0
2102 2102 854 310 854 310 0 1 100 100 35866 32 0
2102 2105 854 310 854 310 1 1 100 100 0 3 0
2105 2108 854 310 854 313 1 0 100 97 -35866 32 3
2108 2958 854 313 854 313 0 0 97 97 0 850 0
2958 2961 854 313 854 310 0 1 97 94 36154 32 3
2961 2963 854 310 854 312 1 0 94 92 -36154 32 2
2963 4250 854 312 854 312 0 0 92 92 0 1287 0
4250 4252 854 312 854 310 0 1 92 90 36604 32 2
4252 4266 854 310 867 311 1 0 90 76 -36604 32 14
4266 5661 867 311 867 311 0 0 76 76 0 1395 0
5661 5675 867 311 854 310 0 1 76 62 37082 32 14
5675 5677 854 310 855 311 1 0 62 60 -37082 32 2
5677 5821 855 311 855 311 0 0 60 60 0 144 0
5821 5823 855 311 854 310 0 1 60 58 37130 32 2
5823 5825 854 310 855 311 1 0 58 56 -37130 32 2
5825 5893 855 311 855 311 0 0 56 56 0 68 0
5893 5895 855 311 854 310 0 1 56 54 37153 32 2
5895 5897 854 310 854 312 1 0 54 52 -37153 32 2
5897 7189 854 312 854 312 0 0 52 52 0 1292 0
7189 7191 854 312 854 310 0 1 52 50 37599 32 2
7191 7194 854 310 857 310 1 0 50 47 -37599 32 3
7194 9531 857 310 857 310 0 0 47 47 0 2337 0
9531 9534 857 310 854 310 0 1 47 44 38462 32 3
9534 9535 854 310 855 310 1 0 44 43 -38462 32 1
9535 11258 855 310 855 310 0 0 43 43 0 1723 0
11258 11259 855 310 854 310 0 1 43 42 39177 32 1
11259 11262 854 310 854 310 1 1 42 42 0 3 0
11262 11266 854 310 854 314 1 0 42 38 -39177 32 4
11266 13016 854 314 854 314 0 0 38 38 0 1750 0
13016 13020 854 314 854 310 0 1 38 34 39863 32 4
13020 13021 854 310 855 310 1 0 34 33 -39863 32 1
13021 38634 855 310 855 310 0 0 33 33 0 25613 0
38634 38635 855 310 854 310 0 1 33 32 33579 32 1
38635 38641 854 310 859 311 1 0 32 26 -33579 32 6
38641 39895 859 311 859 311 0 0 26 26 0 1254 0
39895 39901 859 311 854 310 0 1 26 20 34046 32 6
39901 39902 854 310 854 310 1 1 20 20 0 1 0
39902 39903 854 310 854 311 1 0 20 19 -34046 32 1
39903 39937 854 311 854 311 0 0 19 19 0 34 0
39937 39938 854 311 854 310 0 1 19 18 34058 32 1
39938 39941 854 310 856 311 1 0 18 15 -34058 32 3
39941 41866 856 311 856 311 0 0 15 15 0 1925 0
41866 41869 856 311 854 310 0 1 15 12 34708 32 3
41869 41873 854 310 858 310 1 0 12 8 -34708 32 4
41873 41971 858 310 858 310 0 0 8 8 0 98 0
41971 41975 858 310 854 310 0 1 8 4 34749 32 4
41975 41976 854 310 854 310 1 1 4 4 0 1 0
41976 41977 854 310 855 310 1 0 4 3 -34749 32 1
41977 42019 855 310 855 310 0 0 3 3 0 42 0
42019 42020 855 310 854 310 0 1 3 2 34765 32 1
42020 42021 854 310 854 311 1 0 2 1 -34765 32 1
42021 43266 854 311 854 311 0 0 1 1 0 1245 0
43266 43267 854 311 854 310 0 0 1 0 1000000000 0 1
--------------------------------------
--------------------------------------
EV8
--------------------------------------
Num TPs served = 23
TPs served = 39464 40215 40305 40542 40671 41846 41859 41918 42011 42148 42160 42906 43065 43232 43242 43251 43637 43977 44294 44677 44833 45190 45276
Total energy used = 100
--------------------------------------
Schedule:
0 12001 854 310 854 310 0 0 100 100 0 12001 0
12001 12001 854 310 854 310 0 1 100 100 39464 32 0
12001 12007 854 310 854 316 1 0 100 94 -39464 32 6
12007 14026 854 316 854 316 0 0 94 94 0 2019 0
14026 14032 854 316 854 310 0 1 94 88 40215 32 6
14032 14033 854 310 855 310 1 0 88 87 -40215 32 1
14033 14271 855 310 855 310 0 0 87 87 0 238 0
14271 14272 855 310 854 310 0 1 87 86 40305 32 1
14272 14273 854 310 855 310 1 0 86 85 -40305 32 1
14273 14795 855 310 855 310 0 0 85 85 0 522 0
14795 14796 855 310 854 310 0 1 85 84 40542 32 1
14796 14797 854 310 854 310 1 1 84 84 0 1 0
14797 14798 854 310 854 311 1 0 84 83 -40542 32 1
14798 15134 854 311 854 311 0 0 83 83 0 336 0
15134 15135 854 311 854 310 0 1 83 82 40671 32 1
15135 15137 854 310 854 312 1 0 82 80 -40671 32 2
15137 17800 854 312 854 312 0 0 80 80 0 2663 0
17800 17802 854 312 854 310 0 1 80 78 41859 32 2
17802 17802 854 310 854 310 1 2 78 78 41846 11 0
17802 17803 854 310 855 310 2 1 78 77 -41859 32 1
17803 17803 855 310 855 310 1 0 77 77 -41846 12 0
17803 17937 855 310 855 310 0 0 77 77 0 134 0
17937 17938 855 310 854 310 0 1 77 76 41918 32 1
17938 17939 854 310 854 311 1 0 76 75 -41918 32 1
17939 18123 854 311 854 311 0 0 75 75 0 184 0
18123 18124 854 311 854 310 0 1 75 74 42011 32 1
18124 18126 854 310 856 310 1 0 74 72 -42011 32 2
18126 18455 856 310 856 310 0 0 72 72 0 329 0
18455 18457 856 310 854 310 0 1 72 70 42160 32 2
18457 18457 854 310 854 310 1 2 70 70 42148 8 0
18457 18460 854 310 854 310 2 2 70 70 0 3 0
18460 18462 854 310 855 311 2 1 70 68 -42160 32 2
18462 18465 855 311 856 313 1 0 68 65 -42148 5 3
18465 20041 856 313 856 313 0 0 65 65 0 1576 0
20041 20046 856 313 854 310 0 1 65 60 42906 32 5
20046 20047 854 310 854 310 1 1 60 60 0 1 0
20047 20050 854 310 856 311 1 0 60 57 -42906 32 3
20050 20336 856 311 856 311 0 0 57 57 0 286 0
20336 20339 856 311 854 310 0 1 57 54 43065 32 3
20339 20342 854 310 854 310 1 1 54 54 0 3 0
20342 20343 854 310 855 310 1 0 54 53 -43065 32 1
20343 20678 855 310 855 310 0 0 53 53 0 335 0
20678 20679 855 310 854 310 0 1 53 52 43242 32 1
20679 20679 854 310 854 310 1 2 52 52 43232 17 0
20679 20697 854 310 854 310 2 2 52 52 0 18 0
20697 20697 854 310 854 310 2 3 52 52 43251 32 0
20697 20698 854 310 855 310 3 2 52 51 -43242 14 1
20698 20698 855 310 855 310 2 1 51 51 -43232 2 0
20698 20702 855 310 854 313 1 0 51 47 -43251 30 4
20702 21472 854 313 854 313 0 0 47 47 0 770 0
21472 21475 854 313 854 310 0 1 47 44 43637 32 3
21475 21477 854 310 854 312 1 0 44 42 -43637 32 2
21477 22125 854 312 854 312 0 0 42 42 0 648 0
22125 22127 854 312 854 310 0 1 42 40 43977 32 2
22127 22130 854 310 854 310 1 1 40 40 0 3 0
22130 22133 854 310 856 311 1 0 40 37 -43977 32 3
22133 22726 856 311 856 311 0 0 37 37 0 593 0
22726 22729 856 311 854 310 0 1 37 34 44294 32 3
22729 22731 854 310 855 311 1 0 34 32 -44294 32 2
22731 23436 855 311 855 311 0 0 32 32 0 705 0
23436 23438 855 311 854 310 0 1 32 30 44677 32 2
23438 23443 854 310 859 310 1 0 30 25 -44677 32 5
23443 23732 859 310 859 310 0 0 25 25 0 289 0
23732 23737 859 310 854 310 0 1 25 20 44833 32 5
23737 23740 854 310 854 313 1 0 20 17 -44833 32 3
23740 24347 854 313 854 313 0 0 17 17 0 607 0
24347 24350 854 313 854 310 0 1 17 14 45190 32 3
24350 24355 854 310 859 310 1 0 14 9 -45190 32 5
24355 24496 859 310 859 310 0 0 9 9 0 141 0
24496 24501 859 310 854 310 0 1 9 4 45276 32 5
24501 24503 854 310 856 310 1 0 4 2 -45276 32 2
24503 43265 856 310 856 310 0 0 2 2 0 18762 0
43265 43267 856 310 854 310 0 0 2 0 1000000000 0 2
--------------------------------------
--------------------------------------
EV9
--------------------------------------
Num TPs served = 6
TPs served = 46234 46667 47585 47823 49502 49972
Total energy used = 24
--------------------------------------
Schedule:
0 26205 854 310 854 310 0 0 100 100 0 26205 0
26205 26205 854 310 854 310 0 1 100 100 46234 32 0
26205 26208 854 310 856 311 1 0 100 97 -46234 32 3
26208 27016 856 311 856 311 0 0 97 97 0 808 0
27016 27019 856 311 854 310 0 1 97 94 46667 32 3
27019 27021 854 310 855 311 1 0 94 92 -46667 32 2
27021 28501 855 311 855 311 0 0 92 92 0 1480 0
28501 28503 855 311 854 310 0 1 92 90 47585 32 2
28503 28506 854 310 857 310 1 0 90 87 -47585 32 3
28506 28903 857 310 857 310 0 0 87 87 0 397 0
28903 28906 857 310 854 310 0 1 87 84 47823 32 3
28906 28907 854 310 854 310 1 1 84 84 0 1 0
28907 28908 854 310 855 310 1 0 84 83 -47823 32 1
28908 31907 855 310 855 310 0 0 83 83 0 2999 0
31907 31908 855 310 854 310 0 1 83 82 49502 32 1
31908 31910 854 310 856 310 1 0 82 80 -49502 32 2
31910 32709 856 310 856 310 0 0 80 80 0 799 0
32709 32711 856 310 854 310 0 1 80 78 49972 32 2
32711 32712 854 310 855 310 1 0 78 77 -49972 32 1
32712 43266 855 310 855 310 0 0 77 77 0 10554 0
43266 43267 855 310 854 310 0 0 77 76 1000000000 0 1
--------------------------------------

-------------------------------------------------------------------------

TPs

-------------------------------------------------------------------------

----------------------
TP912 allocated to 1
----------------------

----------------------
TP1093 allocated to 1
----------------------

----------------------
TP1101 allocated to 1
----------------------

----------------------
TP1412 allocated to 1
----------------------

----------------------
TP1422 allocated to 1
----------------------

----------------------
TP1827 allocated to 1
----------------------

----------------------
TP2066 allocated to 1
----------------------

----------------------
TP2069 allocated to 1
----------------------

----------------------
TP2421 allocated to 1
----------------------

----------------------
TP2709 allocated to 1
----------------------

----------------------
TP3096 allocated to 1
----------------------

----------------------
TP3337 allocated to 1
----------------------

----------------------
TP3464 allocated to 1
----------------------

----------------------
TP4113 allocated to 1
----------------------

----------------------
TP4316 allocated to 1
----------------------

----------------------
TP5674 allocated to 1
----------------------

----------------------
TP6070 allocated to 1
----------------------

----------------------
TP6244 allocated to 1
----------------------

----------------------
TP6322 allocated to 1
----------------------

----------------------
TP6391 allocated to 1
----------------------

----------------------
TP6653 allocated to 1
----------------------

----------------------
TP6804 allocated to 1
----------------------

----------------------
TP7514 allocated to 2
----------------------

----------------------
TP7545 allocated to 1
----------------------

----------------------
TP7872 allocated to 2
----------------------

----------------------
TP8269 allocated to 2
----------------------

----------------------
TP8328 allocated to 1
----------------------

----------------------
TP8607 allocated to 2
----------------------

----------------------
TP8819 allocated to 2
----------------------

----------------------
TP9229 allocated to 2
----------------------

----------------------
TP9367 allocated to 2
----------------------

----------------------
TP9435 allocated to 2
----------------------

----------------------
TP9484 allocated to 2
----------------------

----------------------
TP9564 allocated to 2
----------------------

----------------------
TP10014 allocated to 3
----------------------

----------------------
TP10051 allocated to 3
----------------------

----------------------
TP10155 allocated to 3
----------------------

----------------------
TP10209 allocated to 3
----------------------

----------------------
TP10411 allocated to 3
----------------------

----------------------
TP11230 allocated to 3
----------------------

----------------------
TP11298 allocated to 3
----------------------

----------------------
TP11482 allocated to 1
----------------------

----------------------
TP11584 allocated to 3
----------------------

----------------------
TP11933 allocated to 3
----------------------

----------------------
TP12532 allocated to 3
----------------------

----------------------
TP12732 allocated to 3
----------------------

----------------------
TP13044 allocated to 3
----------------------

----------------------
TP13099 allocated to 3
----------------------

----------------------
TP13529 allocated to 3
----------------------

----------------------
TP13542 allocated to 3
----------------------

----------------------
TP13913 allocated to 3
----------------------

----------------------
TP14043 allocated to 3
----------------------

----------------------
TP14363 allocated to 1
----------------------

----------------------
TP14754 allocated to 3
----------------------

----------------------
TP14782 allocated to 3
----------------------

----------------------
TP14870 allocated to 3
----------------------

----------------------
TP15125 allocated to 3
----------------------

----------------------
TP15902 allocated to 3
----------------------

----------------------
TP16603 allocated to 3
----------------------

----------------------
TP16806 allocated to 4
----------------------

----------------------
TP17017 allocated to 4
----------------------

----------------------
TP17045 allocated to 4
----------------------

----------------------
TP17340 allocated to 4
----------------------

----------------------
TP17675 allocated to 1
----------------------

----------------------
TP17763 allocated to 4
----------------------

----------------------
TP18408 allocated to 4
----------------------

----------------------
TP18572 allocated to 1
----------------------

----------------------
TP18622 allocated to 1
----------------------

----------------------
TP18890 allocated to 4
----------------------

----------------------
TP19281 allocated to 4
----------------------

----------------------
TP19336 allocated to 4
----------------------

----------------------
TP19337 allocated to 1
----------------------

----------------------
TP19394 allocated to 1
----------------------

----------------------
TP19461 allocated to 3
----------------------

----------------------
TP19522 allocated to 4
----------------------

----------------------
TP19711 allocated to 4
----------------------

----------------------
TP20297 allocated to 4
----------------------

----------------------
TP20368 allocated to 4
----------------------

----------------------
TP21153 allocated to 4
----------------------

----------------------
TP21292 allocated to 4
----------------------

----------------------
TP21519 allocated to 4
----------------------

----------------------
TP21552 allocated to 4
----------------------

----------------------
TP22469 allocated to 4
----------------------

----------------------
TP22694 allocated to 1
----------------------

----------------------
TP23386 allocated to 4
----------------------

----------------------
TP23742 allocated to 4
----------------------

----------------------
TP23934 allocated to 4
----------------------

----------------------
TP24134 allocated to 4
----------------------

----------------------
TP24239 allocated to 4
----------------------

----------------------
TP24621 allocated to 4
----------------------

----------------------
TP24784 allocated to 5
----------------------

----------------------
TP25386 allocated to 5
----------------------

----------------------
TP25573 allocated to 5
----------------------

----------------------
TP25658 allocated to 5
----------------------

----------------------
TP25706 allocated to 5
----------------------

----------------------
TP26064 allocated to 5
----------------------

----------------------
TP26144 allocated to 5
----------------------

----------------------
TP26287 allocated to 5
----------------------

----------------------
TP26566 allocated to 5
----------------------

----------------------
TP26613 allocated to 5
----------------------

----------------------
TP26937 allocated to 5
----------------------

----------------------
TP26994 allocated to 5
----------------------

----------------------
TP27328 allocated to 5
----------------------

----------------------
TP27596 allocated to 5
----------------------

----------------------
TP27662 allocated to 5
----------------------

----------------------
TP27706 allocated to 6
----------------------

----------------------
TP28266 allocated to 1
----------------------

----------------------
TP28645 allocated to 6
----------------------

----------------------
TP28716 allocated to 6
----------------------

----------------------
TP28820 allocated to 6
----------------------

----------------------
TP29016 allocated to 5
----------------------

----------------------
TP29642 allocated to 6
----------------------

----------------------
TP30818 allocated to 6
----------------------

----------------------
TP31021 allocated to 6
----------------------

----------------------
TP31059 allocated to 6
----------------------

----------------------
TP31796 allocated to 6
----------------------

----------------------
TP31910 allocated to 6
----------------------

----------------------
TP32240 allocated to 6
----------------------

----------------------
TP32705 allocated to 6
----------------------

----------------------
TP32755 allocated to 6
----------------------

----------------------
TP33074 allocated to 6
----------------------

----------------------
TP33579 allocated to 7
----------------------

----------------------
TP33750 allocated to 6
----------------------

----------------------
TP34046 allocated to 7
----------------------

----------------------
TP34058 allocated to 7
----------------------

----------------------
TP34109 allocated to 1
----------------------

----------------------
TP34708 allocated to 7
----------------------

----------------------
TP34749 allocated to 7
----------------------

----------------------
TP34765 allocated to 7
----------------------

----------------------
TP35500 allocated to 4
----------------------

----------------------
TP35866 allocated to 7
----------------------

----------------------
TP36154 allocated to 7
----------------------

----------------------
TP36314 allocated to 1
----------------------

----------------------
TP36604 allocated to 7
----------------------

----------------------
TP36717 allocated to 1
----------------------

----------------------
TP37082 allocated to 7
----------------------

----------------------
TP37130 allocated to 7
----------------------

----------------------
TP37153 allocated to 7
----------------------

----------------------
TP37599 allocated to 7
----------------------

----------------------
TP38462 allocated to 7
----------------------

----------------------
TP39177 allocated to 7
----------------------

----------------------
TP39464 allocated to 8
----------------------

----------------------
TP39863 allocated to 7
----------------------

----------------------
TP40215 allocated to 8
----------------------

----------------------
TP40305 allocated to 8
----------------------

----------------------
TP40542 allocated to 8
----------------------

----------------------
TP40589 allocated to 2
----------------------

----------------------
TP40671 allocated to 8
----------------------

----------------------
TP41846 allocated to 8
----------------------

----------------------
TP41859 allocated to 8
----------------------

----------------------
TP41918 allocated to 8
----------------------

----------------------
TP42011 allocated to 8
----------------------

----------------------
TP42148 allocated to 8
----------------------

----------------------
TP42160 allocated to 8
----------------------

----------------------
TP42226 allocated to 4
----------------------

----------------------
TP42906 allocated to 8
----------------------

----------------------
TP43065 allocated to 8
----------------------

----------------------
TP43184 allocated to 3
----------------------

----------------------
TP43232 allocated to 8
----------------------

----------------------
TP43242 allocated to 8
----------------------

----------------------
TP43251 allocated to 8
----------------------

----------------------
TP43353 allocated to 1
----------------------

----------------------
TP43637 allocated to 8
----------------------

----------------------
TP43738 allocated to 1
----------------------

----------------------
TP43791 allocated to 5
----------------------

----------------------
TP43977 allocated to 8
----------------------

----------------------
TP44294 allocated to 8
----------------------

----------------------
TP44325 allocated to 5
----------------------

----------------------
TP44677 allocated to 8
----------------------

----------------------
TP44833 allocated to 8
----------------------

----------------------
TP45009 allocated to 3
----------------------

----------------------
TP45190 allocated to 8
----------------------

----------------------
TP45276 allocated to 8
----------------------

----------------------
TP46234 allocated to 9
----------------------

----------------------
TP46667 allocated to 9
----------------------

----------------------
TP47276 allocated to 1
----------------------

----------------------
TP47585 allocated to 9
----------------------

----------------------
TP47823 allocated to 9
----------------------

----------------------
TP48069 allocated to 3
----------------------

----------------------
TP49502 allocated to 9
----------------------

----------------------
TP49972 allocated to 9
----------------------

-------------------------------------------------------------------------

Ride-sharing vs Individual Mode - Num Vehicles and Distance Comparisson 

-------------------------------------------------------------------------
Individual Mode = 181 vehicles.
Ride-sharing Mode = 9 vehicles. The 9 ride-sharing vehicles + 0 vehicles of the individuals not served by the ride-sharing service.
-------------------------------------------------------------------------
Individual Mode = 437 distance.
Ride-sharing Mode = 824 distance. 824 from the EV fleet + 0 from the distance of the trips not covered individuals had to do with their own vehicle.
-------------------------------------------------------------------------
