-------------------------------------------------------------------------
TPs satisfied = 68; Total TPs = 219; Percentage Satisfied + 31.1%
-------------------------------------------------------------------------

-------------------------------------------------------------------------

EVs

-------------------------------------------------------------------------
--------------------------------------
EV1
--------------------------------------
Num TPs served = 44
TPs served = 766 1170 1358 1466 1857 1861 2593 2594 2729 3181 3251 3552 3713 3900 4364 4443 4529 4779 7345 9247 10937 11334 13308 14443 18953 19128 20636 21931 22457 27990 28191 29308 29842 30302 33356 35070 36148 38573 41911 41995 43213 43814 44280 47193
Total energy used = 100
--------------------------------------
Schedule:
0 1372 427 248 427 248 0 0 100 100 0 1372 0
1372 1372 427 248 427 248 0 1 100 100 766 32 0
1372 1373 427 248 427 248 1 1 100 100 0 1 0
1373 1379 427 248 432 249 1 0 100 94 -766 32 6
1379 2041 432 249 432 249 0 0 94 94 0 662 0
2041 2047 432 249 427 248 0 1 94 88 1170 32 6
2047 2048 427 248 428 248 1 0 88 87 -1170 32 1
2048 2381 428 248 428 248 0 0 87 87 0 333 0
2381 2382 428 248 427 248 0 1 87 86 1358 32 1
2382 2383 427 248 427 248 1 1 86 86 0 1 0
2383 2383 427 248 427 248 1 0 86 86 -1358 32 0
2383 2555 427 248 427 248 0 0 86 86 0 172 0
2555 2555 427 248 427 248 0 1 86 86 1466 32 0
2555 2557 427 248 429 248 1 0 86 84 -1466 32 2
2557 2929 429 248 429 248 0 0 84 84 0 372 0
2929 2931 429 248 427 248 0 1 84 82 36148 32 2
2931 2933 427 248 427 248 1 1 82 82 0 2 0
2933 2933 427 248 427 248 1 0 82 82 -36148 32 0
2933 3265 427 248 427 248 0 0 82 82 0 332 0
3265 3265 427 248 427 248 0 1 82 82 1861 32 0
3265 3265 427 248 427 248 1 2 82 82 1857 16 0
3265 3266 427 248 427 248 2 2 82 82 0 1 0
3266 3266 427 248 427 248 2 1 82 82 -1861 32 0
3266 3269 427 248 428 250 1 0 82 79 -1857 17 3
3269 4604 428 250 428 250 0 0 79 79 0 1335 0
4604 4607 428 250 427 248 0 1 79 76 2594 32 3
4607 4607 427 248 427 248 1 2 76 76 2593 31 0
4607 4609 427 248 427 248 2 2 76 76 0 2 0
4609 4615 427 248 433 248 2 1 76 70 -2594 32 6
4615 4620 433 248 428 248 1 0 70 65 -2593 20 5
4620 4853 428 248 428 248 0 0 65 65 0 233 0
4853 4854 428 248 427 248 0 1 65 64 18953 32 1
4854 4860 427 248 427 248 1 1 64 64 0 6 0
4860 4860 427 248 427 248 1 2 64 64 2729 32 0
4860 4861 427 248 428 248 2 1 64 63 -18953 28 1
4861 4862 428 248 428 249 1 0 63 62 -2729 32 1
4862 5399 428 249 428 249 0 0 62 62 0 537 0
5399 5401 428 249 427 248 0 1 62 60 19128 32 2
5401 5402 427 248 427 248 1 1 60 60 0 1 0
5402 5402 427 248 427 248 1 0 60 60 -19128 32 0
5402 5673 427 248 427 248 0 0 60 60 0 271 0
5673 5673 427 248 427 248 0 1 60 60 3181 32 0
5673 5675 427 248 429 248 1 0 60 58 -3181 32 2
5675 5784 429 248 429 248 0 0 58 58 0 109 0
5784 5786 429 248 427 248 0 1 58 56 3251 32 2
5786 5788 427 248 429 248 1 0 56 54 -3251 32 2
5788 6346 429 248 429 248 0 0 54 54 0 558 0
6346 6348 429 248 427 248 0 1 54 52 3552 32 2
6348 6350 427 248 427 248 1 1 52 52 0 2 0
6350 6356 427 248 432 249 1 0 52 46 -3552 32 6
6356 6655 432 249 432 249 0 0 46 46 0 299 0
6655 6661 432 249 427 248 0 1 46 40 3713 32 6
6661 6666 427 248 427 248 1 1 40 40 0 5 0
6666 6671 427 248 429 251 1 0 40 35 -3713 32 5
6671 6978 429 251 429 251 0 0 35 35 0 307 0
6978 6983 429 251 427 248 0 1 35 30 3900 32 5
6983 6986 427 248 427 248 1 1 30 30 0 3 0
6986 6991 427 248 427 253 1 0 30 25 -3900 32 5
6991 7846 427 253 427 253 0 0 25 25 0 855 0
7846 7851 427 253 427 248 0 1 25 20 4364 32 5
7851 7855 427 248 431 248 1 0 20 16 -4364 32 4
7855 7997 431 248 431 248 0 0 16 16 0 142 0
7997 8001 431 248 427 248 0 1 16 12 4443 32 4
8001 8004 427 248 429 249 1 0 12 9 -4443 32 3
8004 8165 429 249 429 249 0 0 9 9 0 161 0
8165 8168 429 249 427 248 0 1 9 6 4529 32 3
8168 8169 427 248 427 248 1 1 6 6 0 1 0
8169 8169 427 248 427 248 1 0 6 6 -4529 32 0
8169 8676 427 248 427 248 0 0 6 6 0 507 0
8676 8676 427 248 427 248 0 1 6 6 4779 32 0
8676 8678 427 248 427 248 1 1 6 6 0 2 0
8678 8681 427 248 429 249 1 0 6 3 -4779 32 3
8681 9788 429 249 429 249 0 0 3 3 0 1107 0
9788 9791 429 249 427 248 0 1 3 0 20636 32 3
9791 9792 427 248 427 248 1 1 0 0 0 1 0
9792 9792 427 248 427 248 1 0 0 0 -20636 32 0
9792 9828 427 248 427 248 0 0 0 0 0 36 0
9828 9828 427 248 427 248 0 1 0 0 38573 32 0
9828 9831 427 248 427 248 1 1 0 0 0 3 0
9831 9831 427 248 427 248 1 0 0 0 -38573 32 0
9831 13268 427 248 427 248 0 0 0 0 0 3437 0
13268 13268 427 248 427 248 0 1 0 0 21931 32 0
13268 13270 427 248 427 248 1 1 0 0 0 2 0
13270 13270 427 248 427 248 1 0 0 0 -21931 32 0
13270 13756 427 248 427 248 0 0 0 0 0 486 0
13756 13756 427 248 427 248 0 1 0 0 7345 32 0
13756 13758 427 248 427 248 1 1 0 0 0 2 0
13758 13758 427 248 427 248 1 0 0 0 -7345 32 0
13758 14640 427 248 427 248 0 0 0 0 0 882 0
14640 14640 427 248 427 248 0 1 0 0 22457 32 0
14640 14641 427 248 427 248 1 1 0 0 0 1 0
14641 14641 427 248 427 248 1 0 0 0 -22457 32 0
14641 17922 427 248 427 248 0 0 0 0 0 3281 0
17922 17922 427 248 427 248 0 1 0 0 41911 32 0
17922 17924 427 248 427 248 1 1 0 0 0 2 0
17924 17924 427 248 427 248 1 0 0 0 -41911 32 0
17924 18087 427 248 427 248 0 0 0 0 0 163 0
18087 18087 427 248 427 248 0 1 0 0 41995 32 0
18087 18088 427 248 427 248 1 1 0 0 0 1 0
18088 18088 427 248 427 248 1 0 0 0 -41995 32 0
18088 18328 427 248 427 248 0 0 0 0 0 240 0
18328 18328 427 248 427 248 0 1 0 0 9247 32 0
18328 18330 427 248 427 248 1 1 0 0 0 2 0
18330 18330 427 248 427 248 1 0 0 0 -9247 32 0
18330 20629 427 248 427 248 0 0 0 0 0 2299 0
20629 20629 427 248 427 248 0 1 0 0 43213 32 0
20629 20631 427 248 427 248 1 1 0 0 0 2 0
20631 20631 427 248 427 248 1 0 0 0 -43213 32 0
20631 21807 427 248 427 248 0 0 0 0 0 1176 0
21807 21807 427 248 427 248 0 1 0 0 43814 32 0
21807 21808 427 248 427 248 1 1 0 0 0 1 0
21808 21808 427 248 427 248 1 0 0 0 -43814 32 0
21808 22703 427 248 427 248 0 0 0 0 0 895 0
22703 22703 427 248 427 248 0 1 0 0 44280 32 0
22703 22705 427 248 427 248 1 1 0 0 0 2 0
22705 22705 427 248 427 248 1 0 0 0 -44280 32 0
22705 23172 427 248 427 248 0 0 0 0 0 467 0
23172 23172 427 248 427 248 0 1 0 0 10937 32 0
23172 23173 427 248 427 248 1 1 0 0 0 1 0
23173 23173 427 248 427 248 1 0 0 0 -10937 32 0
23173 24370 427 248 427 248 0 0 0 0 0 1197 0
24370 24370 427 248 427 248 0 1 0 0 11334 32 0
24370 24371 427 248 427 248 1 1 0 0 0 1 0
24371 24371 427 248 427 248 1 0 0 0 -11334 32 0
24371 26498 427 248 427 248 0 0 0 0 0 2127 0
26498 26498 427 248 427 248 0 1 0 0 27990 32 0
26498 26501 427 248 427 248 1 1 0 0 0 3 0
26501 26501 427 248 427 248 1 0 0 0 -27990 32 0
26501 26880 427 248 427 248 0 0 0 0 0 379 0
26880 26880 427 248 427 248 0 1 0 0 28191 32 0
26880 26881 427 248 427 248 1 1 0 0 0 1 0
26881 26881 427 248 427 248 1 0 0 0 -28191 32 0
26881 27887 427 248 427 248 0 0 0 0 0 1006 0
27887 27887 427 248 427 248 0 1 0 0 47193 32 0
27887 27889 427 248 427 248 1 1 0 0 0 2 0
27889 27889 427 248 427 248 1 0 0 0 -47193 32 0
27889 29132 427 248 427 248 0 0 0 0 0 1243 0
29132 29132 427 248 427 248 0 1 0 0 29308 32 0
29132 29133 427 248 427 248 1 1 0 0 0 1 0
29133 29133 427 248 427 248 1 0 0 0 -29308 32 0
29133 30177 427 248 427 248 0 0 0 0 0 1044 0
30177 30177 427 248 427 248 0 1 0 0 29842 32 0
30177 30179 427 248 427 248 1 1 0 0 0 2 0
30179 30179 427 248 427 248 1 0 0 0 -29842 32 0
30179 31078 427 248 427 248 0 0 0 0 0 899 0
31078 31078 427 248 427 248 0 1 0 0 30302 32 0
31078 31079 427 248 427 248 1 1 0 0 0 1 0
31079 31079 427 248 427 248 1 0 0 0 -30302 32 0
31079 31349 427 248 427 248 0 0 0 0 0 270 0
31349 31349 427 248 427 248 0 1 0 0 13308 32 0
31349 31351 427 248 427 248 1 1 0 0 0 2 0
31351 31351 427 248 427 248 1 0 0 0 -13308 32 0
31351 35659 427 248 427 248 0 0 0 0 0 4308 0
35659 35659 427 248 427 248 0 1 0 0 14443 32 0
35659 35660 427 248 427 248 1 1 0 0 0 1 0
35660 35660 427 248 427 248 1 0 0 0 -14443 32 0
35660 38063 427 248 427 248 0 0 0 0 0 2403 0
38063 38063 427 248 427 248 0 1 0 0 33356 32 0
38063 38064 427 248 427 248 1 1 0 0 0 1 0
38064 38064 427 248 427 248 1 0 0 0 -33356 32 0
38064 42966 427 248 427 248 0 0 0 0 0 4902 0
42966 42966 427 248 427 248 0 1 0 0 35070 32 0
42966 42967 427 248 427 248 1 1 0 0 0 1 0
42967 42967 427 248 427 248 1 0 0 0 -35070 32 0
42967 43267 427 248 427 248 0 0 0 0 0 300 0
43267 43267 427 248 427 248 0 0 0 0 1000000000 0 0
--------------------------------------
--------------------------------------
EV2
--------------------------------------
Num TPs served = 24
TPs served = 5016 5253 5371 5397 5606 5629 5659 5859 5982 6021 6034 6066 6487 7055 7211 7714 8029 8223 8398 8501 8582 8584 8747 8880
Total energy used = 100
--------------------------------------
Schedule:
0 9101 427 248 427 248 0 0 100 100 0 9101 0
9101 9101 427 248 427 248 0 1 100 100 5016 32 0
9101 9102 427 248 428 248 1 0 100 99 -5016 32 1
9102 9541 428 248 428 248 0 0 99 99 0 439 0
9541 9542 428 248 427 248 0 1 99 98 5253 32 1
9542 9543 427 248 428 248 1 0 98 97 -5253 32 1
9543 9760 428 248 428 248 0 0 97 97 0 217 0
9760 9761 428 248 427 248 0 1 97 96 5371 32 1
9761 9762 427 248 428 248 1 0 96 95 -5371 32 1
9762 9815 428 248 428 248 0 0 95 95 0 53 0
9815 9816 428 248 427 248 0 1 95 94 5397 32 1
9816 9818 427 248 428 249 1 0 94 92 -5397 32 2
9818 10222 428 249 428 249 0 0 92 92 0 404 0
10222 10224 428 249 427 248 0 1 92 90 5606 32 2
10224 10225 427 248 427 248 1 1 90 90 0 1 0
10225 10226 427 248 428 248 1 0 90 89 -5606 32 1
10226 10281 428 248 428 248 0 0 89 89 0 55 0
10281 10282 428 248 427 248 0 1 89 88 5629 32 1
10282 10283 427 248 427 248 1 1 88 88 0 1 0
10283 10284 427 248 428 248 1 0 88 87 -5629 32 1
10284 10341 428 248 428 248 0 0 87 87 0 57 0
10341 10342 428 248 427 248 0 1 87 86 5659 32 1
10342 10346 427 248 428 251 1 0 86 82 -5659 32 4
10346 10713 428 251 428 251 0 0 82 82 0 367 0
10713 10717 428 251 427 248 0 1 82 78 5859 32 4
10717 10718 427 248 428 248 1 0 78 77 -5859 32 1
10718 10955 428 248 428 248 0 0 77 77 0 237 0
10955 10956 428 248 427 248 0 1 77 76 5982 32 1
10956 10957 427 248 427 248 1 1 76 76 0 1 0
10957 10958 427 248 427 249 1 0 76 75 -5982 32 1
10958 11047 427 249 427 249 0 0 75 75 0 89 0
11047 11048 427 249 427 248 0 1 75 74 6034 32 1
11048 11048 427 248 427 248 1 2 74 74 6021 10 0
11048 11051 427 248 427 248 2 2 74 74 0 3 0
11051 11054 427 248 429 249 2 1 74 71 -6034 32 3
11054 11055 429 249 429 248 1 0 71 70 -6021 5 1
11055 11107 429 248 429 248 0 0 70 70 0 52 0
11107 11109 429 248 427 248 0 1 70 68 6066 32 2
11109 11110 427 248 427 248 1 1 68 68 0 1 0
11110 11111 427 248 428 248 1 0 68 67 -6066 32 1
11111 11918 428 248 428 248 0 0 67 67 0 807 0
11918 11919 428 248 427 248 0 1 67 66 6487 32 1
11919 11920 427 248 428 248 1 0 66 65 -6487 32 1
11920 13119 428 248 428 248 0 0 65 65 0 1199 0
13119 13120 428 248 427 248 0 1 65 64 7055 32 1
13120 13122 427 248 429 248 1 0 64 62 -7055 32 2
13122 13479 429 248 429 248 0 0 62 62 0 357 0
13479 13481 429 248 427 248 0 1 62 60 7211 32 2
13481 13483 427 248 427 248 1 1 60 60 0 2 0
13483 13486 427 248 430 248 1 0 60 57 -7211 32 3
13486 14573 430 248 430 248 0 0 57 57 0 1087 0
14573 14576 430 248 427 248 0 1 57 54 7714 32 3
14576 14577 427 248 427 249 1 0 54 53 -7714 32 1
14577 15260 427 249 427 249 0 0 53 53 0 683 0
15260 15261 427 249 427 248 0 1 53 52 8029 32 1
15261 15262 427 248 428 248 1 0 52 51 -8029 32 1
15262 15738 428 248 428 248 0 0 51 51 0 476 0
15738 15739 428 248 427 248 0 1 51 50 8223 32 1
15739 15740 427 248 427 248 1 1 50 50 0 1 0
15740 15748 427 248 430 253 1 0 50 42 -8223 32 8
15748 16129 430 253 430 253 0 0 42 42 0 381 0
16129 16137 430 253 427 248 0 1 42 34 8398 32 8
16137 16141 427 248 430 249 1 0 34 30 -8398 32 4
16141 16360 430 249 430 249 0 0 30 30 0 219 0
16360 16364 430 249 427 248 0 1 30 26 8501 32 4
16364 16366 427 248 429 248 1 0 26 24 -8501 32 2
16366 16575 429 248 429 248 0 0 24 24 0 209 0
16575 16577 429 248 427 248 0 1 24 22 8584 32 2
16577 16577 427 248 427 248 1 2 22 22 8582 25 0
16577 16580 427 248 427 248 2 2 22 22 0 3 0
16580 16581 427 248 428 248 2 1 22 21 -8584 32 1
16581 16581 428 248 428 248 1 0 21 21 -8582 22 0
16581 17017 428 248 428 248 0 0 21 21 0 436 0
17017 17018 428 248 427 248 0 1 21 20 8747 32 1
17018 17022 427 248 427 248 1 1 20 20 0 4 0
17022 17030 427 248 435 248 1 0 20 12 -8747 32 8
17030 17327 435 248 435 248 0 0 12 12 0 297 0
17327 17335 435 248 427 248 0 1 12 4 8880 32 8
17335 17337 427 248 427 250 1 0 4 2 -8880 32 2
17337 43265 427 250 427 250 0 0 2 2 0 25928 0
43265 43267 427 250 427 248 0 0 2 0 1000000000 0 2
--------------------------------------

-------------------------------------------------------------------------

TPs

-------------------------------------------------------------------------

----------------------
TP766 allocated to 1
----------------------

----------------------
TP1170 allocated to 1
----------------------

----------------------
TP1358 allocated to 1
----------------------

----------------------
TP1466 allocated to 1
----------------------

----------------------
TP1857 allocated to 1
----------------------

----------------------
TP1861 allocated to 1
----------------------

----------------------
TP2593 allocated to 1
----------------------

----------------------
TP2594 allocated to 1
----------------------

----------------------
TP2729 allocated to 1
----------------------

----------------------
TP3181 allocated to 1
----------------------

----------------------
TP3251 allocated to 1
----------------------

----------------------
TP3552 allocated to 1
----------------------

----------------------
TP3713 allocated to 1
----------------------

----------------------
TP3900 allocated to 1
----------------------

----------------------
TP4364 allocated to 1
----------------------

----------------------
TP4443 allocated to 1
----------------------

----------------------
TP4529 allocated to 1
----------------------

----------------------
TP4779 allocated to 1
----------------------

----------------------
TP5016 allocated to 2
----------------------

----------------------
TP5253 allocated to 2
----------------------

----------------------
TP5371 allocated to 2
----------------------

----------------------
TP5397 allocated to 2
----------------------

----------------------
TP5606 allocated to 2
----------------------

----------------------
TP5629 allocated to 2
----------------------

----------------------
TP5659 allocated to 2
----------------------

----------------------
TP5859 allocated to 2
----------------------

----------------------
TP5982 allocated to 2
----------------------

----------------------
TP6021 allocated to 2
----------------------

----------------------
TP6034 allocated to 2
----------------------

----------------------
TP6066 allocated to 2
----------------------

----------------------
TP6487 allocated to 2
----------------------

----------------------
TP7055 allocated to 2
----------------------

----------------------
TP7211 allocated to 2
----------------------

----------------------
TP7345 allocated to 1
----------------------

----------------------
TP7714 allocated to 2
----------------------

----------------------
TP8029 allocated to 2
----------------------

----------------------
TP8223 allocated to 2
----------------------

----------------------
TP8398 allocated to 2
----------------------

----------------------
TP8501 allocated to 2
----------------------

----------------------
TP8582 allocated to 2
----------------------

----------------------
TP8584 allocated to 2
----------------------

----------------------
TP8747 allocated to 2
----------------------

----------------------
TP8880 allocated to 2
----------------------

----------------------
TP8898 not allocated
----------------------

----------------------
TP9247 allocated to 1
----------------------

----------------------
TP9317 not allocated
----------------------

----------------------
TP9826 not allocated
----------------------

----------------------
TP10287 not allocated
----------------------

----------------------
TP10407 not allocated
----------------------

----------------------
TP10530 not allocated
----------------------

----------------------
TP10937 allocated to 1
----------------------

----------------------
TP10950 not allocated
----------------------

----------------------
TP11156 not allocated
----------------------

----------------------
TP11334 allocated to 1
----------------------

----------------------
TP11515 not allocated
----------------------

----------------------
TP11929 not allocated
----------------------

----------------------
TP12216 not allocated
----------------------

----------------------
TP12562 not allocated
----------------------

----------------------
TP12683 not allocated
----------------------

----------------------
TP12718 not allocated
----------------------

----------------------
TP13049 not allocated
----------------------

----------------------
TP13308 allocated to 1
----------------------

----------------------
TP13650 not allocated
----------------------

----------------------
TP13775 not allocated
----------------------

----------------------
TP14070 not allocated
----------------------

----------------------
TP14443 allocated to 1
----------------------

----------------------
TP14532 not allocated
----------------------

----------------------
TP14585 not allocated
----------------------

----------------------
TP14601 not allocated
----------------------

----------------------
TP14626 not allocated
----------------------

----------------------
TP14673 not allocated
----------------------

----------------------
TP14798 not allocated
----------------------

----------------------
TP14911 not allocated
----------------------

----------------------
TP15199 not allocated
----------------------

----------------------
TP15273 not allocated
----------------------

----------------------
TP15362 not allocated
----------------------

----------------------
TP15773 not allocated
----------------------

----------------------
TP15876 not allocated
----------------------

----------------------
TP15978 not allocated
----------------------

----------------------
TP16070 not allocated
----------------------

----------------------
TP16426 not allocated
----------------------

----------------------
TP16457 not allocated
----------------------

----------------------
TP16581 not allocated
----------------------

----------------------
TP17102 not allocated
----------------------

----------------------
TP17297 not allocated
----------------------

----------------------
TP17301 not allocated
----------------------

----------------------
TP17370 not allocated
----------------------

----------------------
TP17803 not allocated
----------------------

----------------------
TP17857 not allocated
----------------------

----------------------
TP17995 not allocated
----------------------

----------------------
TP18581 not allocated
----------------------

----------------------
TP18715 not allocated
----------------------

----------------------
TP18906 not allocated
----------------------

----------------------
TP18919 not allocated
----------------------

----------------------
TP18953 allocated to 1
----------------------

----------------------
TP19128 allocated to 1
----------------------

----------------------
TP19216 not allocated
----------------------

----------------------
TP19834 not allocated
----------------------

----------------------
TP19890 not allocated
----------------------

----------------------
TP20022 not allocated
----------------------

----------------------
TP20027 not allocated
----------------------

----------------------
TP20636 allocated to 1
----------------------

----------------------
TP20892 not allocated
----------------------

----------------------
TP21169 not allocated
----------------------

----------------------
TP21330 not allocated
----------------------

----------------------
TP21417 not allocated
----------------------

----------------------
TP21442 not allocated
----------------------

----------------------
TP21627 not allocated
----------------------

----------------------
TP21629 not allocated
----------------------

----------------------
TP21906 not allocated
----------------------

----------------------
TP21931 allocated to 1
----------------------

----------------------
TP22457 allocated to 1
----------------------

----------------------
TP22514 not allocated
----------------------

----------------------
TP22712 not allocated
----------------------

----------------------
TP23107 not allocated
----------------------

----------------------
TP23534 not allocated
----------------------

----------------------
TP23535 not allocated
----------------------

----------------------
TP23895 not allocated
----------------------

----------------------
TP24219 not allocated
----------------------

----------------------
TP24719 not allocated
----------------------

----------------------
TP25338 not allocated
----------------------

----------------------
TP25522 not allocated
----------------------

----------------------
TP26296 not allocated
----------------------

----------------------
TP27459 not allocated
----------------------

----------------------
TP27700 not allocated
----------------------

----------------------
TP27990 allocated to 1
----------------------

----------------------
TP28191 allocated to 1
----------------------

----------------------
TP28259 not allocated
----------------------

----------------------
TP28269 not allocated
----------------------

----------------------
TP29188 not allocated
----------------------

----------------------
TP29308 allocated to 1
----------------------

----------------------
TP29640 not allocated
----------------------

----------------------
TP29752 not allocated
----------------------

----------------------
TP29842 allocated to 1
----------------------

----------------------
TP30302 allocated to 1
----------------------

----------------------
TP30348 not allocated
----------------------

----------------------
TP30727 not allocated
----------------------

----------------------
TP30761 not allocated
----------------------

----------------------
TP31010 not allocated
----------------------

----------------------
TP31128 not allocated
----------------------

----------------------
TP31362 not allocated
----------------------

----------------------
TP31496 not allocated
----------------------

----------------------
TP31697 not allocated
----------------------

----------------------
TP31920 not allocated
----------------------

----------------------
TP32710 not allocated
----------------------

----------------------
TP33356 allocated to 1
----------------------

----------------------
TP33582 not allocated
----------------------

----------------------
TP33928 not allocated
----------------------

----------------------
TP34118 not allocated
----------------------

----------------------
TP34232 not allocated
----------------------

----------------------
TP34992 not allocated
----------------------

----------------------
TP34994 not allocated
----------------------

----------------------
TP35070 allocated to 1
----------------------

----------------------
TP35213 not allocated
----------------------

----------------------
TP36081 not allocated
----------------------

----------------------
TP36148 allocated to 1
----------------------

----------------------
TP36319 not allocated
----------------------

----------------------
TP36348 not allocated
----------------------

----------------------
TP36402 not allocated
----------------------

----------------------
TP36669 not allocated
----------------------

----------------------
TP36753 not allocated
----------------------

----------------------
TP36774 not allocated
----------------------

----------------------
TP38018 not allocated
----------------------

----------------------
TP38541 not allocated
----------------------

----------------------
TP38573 allocated to 1
----------------------

----------------------
TP38670 not allocated
----------------------

----------------------
TP38836 not allocated
----------------------

----------------------
TP39952 not allocated
----------------------

----------------------
TP40333 not allocated
----------------------

----------------------
TP40531 not allocated
----------------------

----------------------
TP40554 not allocated
----------------------

----------------------
TP40860 not allocated
----------------------

----------------------
TP40946 not allocated
----------------------

----------------------
TP41101 not allocated
----------------------

----------------------
TP41177 not allocated
----------------------

----------------------
TP41611 not allocated
----------------------

----------------------
TP41672 not allocated
----------------------

----------------------
TP41816 not allocated
----------------------

----------------------
TP41911 allocated to 1
----------------------

----------------------
TP41995 allocated to 1
----------------------

----------------------
TP42183 not allocated
----------------------

----------------------
TP42229 not allocated
----------------------

----------------------
TP42674 not allocated
----------------------

----------------------
TP42728 not allocated
----------------------

----------------------
TP43213 allocated to 1
----------------------

----------------------
TP43608 not allocated
----------------------

----------------------
TP43814 allocated to 1
----------------------

----------------------
TP44280 allocated to 1
----------------------

----------------------
TP44842 not allocated
----------------------

----------------------
TP44943 not allocated
----------------------

----------------------
TP45290 not allocated
----------------------

----------------------
TP45586 not allocated
----------------------

----------------------
TP45757 not allocated
----------------------

----------------------
TP45924 not allocated
----------------------

----------------------
TP46445 not allocated
----------------------

----------------------
TP46518 not allocated
----------------------

----------------------
TP46799 not allocated
----------------------

----------------------
TP46852 not allocated
----------------------

----------------------
TP47046 not allocated
----------------------

----------------------
TP47193 allocated to 1
----------------------

----------------------
TP47204 not allocated
----------------------

----------------------
TP47392 not allocated
----------------------

----------------------
TP47494 not allocated
----------------------

----------------------
TP47609 not allocated
----------------------

----------------------
TP47617 not allocated
----------------------

----------------------
TP47657 not allocated
----------------------

----------------------
TP47747 not allocated
----------------------

----------------------
TP47861 not allocated
----------------------

----------------------
TP47928 not allocated
----------------------

----------------------
TP48079 not allocated
----------------------

----------------------
TP48334 not allocated
----------------------

----------------------
TP48607 not allocated
----------------------

----------------------
TP48659 not allocated
----------------------

----------------------
TP48798 not allocated
----------------------

----------------------
TP48884 not allocated
----------------------

----------------------
TP48897 not allocated
----------------------

----------------------
TP49392 not allocated
----------------------

----------------------
TP49466 not allocated
----------------------

----------------------
TP49859 not allocated
----------------------

-------------------------------------------------------------------------

Ride-sharing vs Individual Mode - Num Vehicles and Distance Comparisson 

-------------------------------------------------------------------------
Individual Mode = 219 vehicles.
Ride-sharing Mode = 153 vehicles. The 2 ride-sharing vehicles + 151 vehicles of the individuals not served by the ride-sharing service.
-------------------------------------------------------------------------
Individual Mode = 531 distance.
Ride-sharing Mode = 626 distance. 200 from the EV fleet + 426 from the distance of the trips not covered individuals had to do with their own vehicle.
-------------------------------------------------------------------------
