-------------------------------------------------------------------------
TPs satisfied = 55; Total TPs = 181; Percentage Satisfied + 30.4%
-------------------------------------------------------------------------

-------------------------------------------------------------------------

EVs

-------------------------------------------------------------------------
--------------------------------------
EV1
--------------------------------------
Num TPs served = 37
TPs served = 60 180 969 1646 1701 2240 2347 2571 2769 2834 2888 3137 3287 3388 3669 4613 4867 4876 5123 5734 6349 8401 14648 16390 22192 23539 26107 33103 34422 37256 37430 37594 39161 40541 43115 44125 44525
Total energy used = 100
--------------------------------------
Schedule:
0 137 183 310 183 310 0 0 100 100 0 137 0
137 137 183 310 183 310 0 1 100 100 60 32 0
137 138 183 310 183 310 1 1 100 100 0 1 0
138 139 183 310 184 310 1 0 100 99 -60 32 1
139 344 184 310 184 310 0 0 99 99 0 205 0
344 345 184 310 183 310 0 1 99 98 180 32 1
345 346 183 310 184 310 1 0 98 97 -180 32 1
346 1706 184 310 184 310 0 0 97 97 0 1360 0
1706 1707 184 310 183 310 0 1 97 96 969 32 1
1707 1708 183 310 184 310 1 0 96 95 -969 32 1
1708 2870 184 310 184 310 0 0 95 95 0 1162 0
2870 2871 184 310 183 310 0 1 95 94 1646 32 1
2871 2872 183 310 184 310 1 0 94 93 -1646 32 1
2872 2969 184 310 184 310 0 0 93 93 0 97 0
2969 2970 184 310 183 310 0 1 93 92 1701 32 1
2970 2972 183 310 185 310 1 0 92 90 -1701 32 2
2972 3968 185 310 185 310 0 0 90 90 0 996 0
3968 3970 185 310 183 310 0 1 90 88 2240 32 2
3970 3971 183 310 184 310 1 0 88 87 -2240 32 1
3971 4168 184 310 184 310 0 0 87 87 0 197 0
4168 4169 184 310 183 310 0 1 87 86 2347 32 1
4169 4171 183 310 185 310 1 0 86 84 -2347 32 2
4171 4563 185 310 185 310 0 0 84 84 0 392 0
4563 4565 185 310 183 310 0 1 84 82 2571 32 2
4565 4566 183 310 183 311 1 0 82 81 -2571 32 1
4566 4937 183 311 183 311 0 0 81 81 0 371 0
4937 4938 183 311 183 310 0 1 81 80 2769 32 1
4938 4939 183 310 184 310 1 0 80 79 -2769 32 1
4939 5056 184 310 184 310 0 0 79 79 0 117 0
5056 5057 184 310 183 310 0 1 79 78 2834 32 1
5057 5060 183 310 185 311 1 0 78 75 -2834 32 3
5060 5148 185 311 185 311 0 0 75 75 0 88 0
5148 5151 185 311 183 310 0 1 75 72 2888 32 3
5151 5153 183 310 183 312 1 0 72 70 -2888 32 2
5153 5590 183 312 183 312 0 0 70 70 0 437 0
5590 5592 183 312 183 310 0 1 70 68 3137 32 2
5592 5594 183 310 183 310 1 1 68 68 0 2 0
5594 5608 183 310 185 322 1 0 68 54 -3137 32 14
5608 5849 185 322 185 322 0 0 54 54 0 241 0
5849 5863 185 322 183 310 0 1 54 40 3287 32 14
5863 5866 183 310 183 310 1 1 40 40 0 3 0
5866 5874 183 310 190 311 1 0 40 32 -3287 32 8
5874 6020 190 311 190 311 0 0 32 32 0 146 0
6020 6028 190 311 183 310 0 1 32 24 3388 32 8
6028 6029 183 310 184 310 1 0 24 23 -3388 32 1
6029 6206 184 310 184 310 0 0 23 23 0 177 0
6206 6207 184 310 183 310 0 1 23 22 37256 32 1
6207 6208 183 310 183 310 1 1 22 22 0 1 0
6208 6208 183 310 183 310 1 0 22 22 -37256 32 0
6208 6577 183 310 183 310 0 0 22 22 0 369 0
6577 6577 183 310 183 310 0 1 22 22 3669 32 0
6577 6582 183 310 185 313 1 0 22 17 -3669 32 5
6582 6691 185 313 185 313 0 0 17 17 0 109 0
6691 6696 185 313 183 310 0 1 17 12 37430 32 5
6696 6698 183 310 183 310 1 1 12 12 0 2 0
6698 6698 183 310 183 310 1 0 12 12 -37430 32 0
6698 7178 183 310 183 310 0 0 12 12 0 480 0
7178 7178 183 310 183 310 0 1 12 12 37594 32 0
7178 7180 183 310 183 310 1 1 12 12 0 2 0
7180 7180 183 310 183 310 1 0 12 12 -37594 32 0
7180 8336 183 310 183 310 0 0 12 12 0 1156 0
8336 8336 183 310 183 310 0 1 12 12 4613 32 0
8336 8338 183 310 183 312 1 0 12 10 -4613 32 2
8338 8854 183 312 183 312 0 0 10 10 0 516 0
8854 8856 183 312 183 310 0 1 10 8 4876 32 2
8856 8856 183 310 183 310 1 2 8 8 4867 19 0
8856 8857 183 310 183 310 2 2 8 8 0 1 0
8857 8858 183 310 184 310 2 1 8 7 -4876 32 1
8858 8859 184 310 185 310 1 0 7 6 -4867 18 1
8859 9297 185 310 185 310 0 0 6 6 0 438 0
9297 9299 185 310 183 310 0 1 6 4 5123 32 2
9299 9304 183 310 183 310 1 1 4 4 0 5 0
9304 9305 183 310 184 310 1 0 4 3 -5123 32 1
9305 10482 184 310 184 310 0 0 3 3 0 1177 0
10482 10483 184 310 183 310 0 1 3 2 5734 32 1
10483 10484 183 310 183 310 1 1 2 2 0 1 0
10484 10484 183 310 183 310 1 0 2 2 -5734 32 0
10484 11224 183 310 183 310 0 0 2 2 0 740 0
11224 11224 183 310 183 310 0 1 2 2 39161 32 0
11224 11227 183 310 183 310 1 1 2 2 0 3 0
11227 11227 183 310 183 310 1 0 2 2 -39161 32 0
11227 11653 183 310 183 310 0 0 2 2 0 426 0
11653 11653 183 310 183 310 0 1 2 2 6349 32 0
11653 11655 183 310 183 310 1 1 2 2 0 2 0
11655 11656 183 310 184 310 1 0 2 1 -6349 32 1
11656 13952 184 310 184 310 0 0 1 1 0 2296 0
13952 13953 184 310 183 310 0 1 1 0 22192 32 1
13953 13954 183 310 183 310 1 1 0 0 0 1 0
13954 13954 183 310 183 310 1 0 0 0 -22192 32 0
13954 14795 183 310 183 310 0 0 0 0 0 841 0
14795 14795 183 310 183 310 0 1 0 0 40541 32 0
14795 14796 183 310 183 310 1 1 0 0 0 1 0
14796 14796 183 310 183 310 1 0 0 0 -40541 32 0
14796 16146 183 310 183 310 0 0 0 0 0 1350 0
16146 16146 183 310 183 310 0 1 0 0 8401 32 0
16146 16148 183 310 183 310 1 1 0 0 0 2 0
16148 16148 183 310 183 310 1 0 0 0 -8401 32 0
16148 17256 183 310 183 310 0 0 0 0 0 1108 0
17256 17256 183 310 183 310 0 1 0 0 23539 32 0
17256 17257 183 310 183 310 1 1 0 0 0 1 0
17257 17257 183 310 183 310 1 0 0 0 -23539 32 0
17257 20444 183 310 183 310 0 0 0 0 0 3187 0
20444 20444 183 310 183 310 0 1 0 0 43115 32 0
20444 20445 183 310 183 310 1 1 0 0 0 1 0
20445 20445 183 310 183 310 1 0 0 0 -43115 32 0
20445 22420 183 310 183 310 0 0 0 0 0 1975 0
22420 22420 183 310 183 310 0 1 0 0 44125 32 0
22420 22421 183 310 183 310 1 1 0 0 0 1 0
22421 22421 183 310 183 310 1 0 0 0 -44125 32 0
22421 22866 183 310 183 310 0 0 0 0 0 445 0
22866 22866 183 310 183 310 0 1 0 0 26107 32 0
22866 22868 183 310 183 310 1 1 0 0 0 2 0
22868 22868 183 310 183 310 1 0 0 0 -26107 32 0
22868 23161 183 310 183 310 0 0 0 0 0 293 0
23161 23161 183 310 183 310 0 1 0 0 44525 32 0
23161 23164 183 310 183 310 1 1 0 0 0 3 0
23164 23164 183 310 183 310 1 0 0 0 -44525 32 0
23164 36463 183 310 183 310 0 0 0 0 0 13299 0
36463 36463 183 310 183 310 0 1 0 0 14648 32 0
36463 36464 183 310 183 310 1 1 0 0 0 1 0
36464 36464 183 310 183 310 1 0 0 0 -14648 32 0
36464 37467 183 310 183 310 0 0 0 0 0 1003 0
37467 37467 183 310 183 310 0 1 0 0 33103 32 0
37467 37468 183 310 183 310 1 1 0 0 0 1 0
37468 37468 183 310 183 310 1 0 0 0 -33103 32 0
37468 41013 183 310 183 310 0 0 0 0 0 3545 0
41013 41013 183 310 183 310 0 1 0 0 34422 32 0
41013 41014 183 310 183 310 1 1 0 0 0 1 0
41014 41014 183 310 183 310 1 0 0 0 -34422 32 0
41014 41418 183 310 183 310 0 0 0 0 0 404 0
41418 41418 183 310 183 310 0 1 0 0 16390 32 0
41418 41424 183 310 183 310 1 1 0 0 0 6 0
41424 41424 183 310 183 310 1 0 0 0 -16390 32 0
41424 43267 183 310 183 310 0 0 0 0 0 1843 0
43267 43267 183 310 183 310 0 0 0 0 1000000000 0 0
--------------------------------------
--------------------------------------
EV2
--------------------------------------
Num TPs served = 18
TPs served = 3904 4888 4974 6063 6680 6799 7784 8316 8335 8531 8690 8782 8893 9009 9197 9612 9705 9996
Total energy used = 100
--------------------------------------
Schedule:
0 6991 183 310 183 310 0 0 100 100 0 6991 0
6991 6991 183 310 183 310 0 1 100 100 3904 32 0
6991 6992 183 310 183 310 1 1 100 100 0 1 0
6992 7001 183 310 187 315 1 0 100 91 -3904 32 9
7001 8869 187 315 187 315 0 0 91 91 0 1868 0
8869 8878 187 315 183 310 0 1 91 82 4888 32 9
8878 8882 183 310 183 310 1 1 82 82 0 4 0
8882 8885 183 310 183 313 1 0 82 79 -4888 32 3
8885 9023 183 313 183 313 0 0 79 79 0 138 0
9023 9026 183 313 183 310 0 1 79 76 4974 32 3
9026 9027 183 310 183 310 1 1 76 76 0 1 0
9027 9036 183 310 188 314 1 0 76 67 -4974 32 9
9036 11097 188 314 188 314 0 0 67 67 0 2061 0
11097 11106 188 314 183 310 0 1 67 58 6063 32 9
11106 11108 183 310 183 310 1 1 58 58 0 2 0
11108 11110 183 310 183 312 1 0 58 56 -6063 32 2
11110 12327 183 312 183 312 0 0 56 56 0 1217 0
12327 12329 183 312 183 310 0 1 56 54 6680 32 2
12329 12331 183 310 183 312 1 0 54 52 -6680 32 2
12331 12563 183 312 183 312 0 0 52 52 0 232 0
12563 12565 183 312 183 310 0 1 52 50 6799 32 2
12565 12567 183 310 185 310 1 0 50 48 -6799 32 2
12567 14729 185 310 185 310 0 0 48 48 0 2162 0
14729 14731 185 310 183 310 0 1 48 46 7784 32 2
14731 14732 183 310 183 310 1 1 46 46 0 1 0
14732 14734 183 310 183 312 1 0 46 44 -7784 32 2
14734 15971 183 312 183 312 0 0 44 44 0 1237 0
15971 15973 183 312 183 310 0 1 44 42 8316 32 2
15973 15975 183 310 185 310 1 0 42 40 -8316 32 2
15975 16012 185 310 185 310 0 0 40 40 0 37 0
16012 16014 185 310 183 310 0 1 40 38 8335 32 2
16014 16018 183 310 187 310 1 0 38 34 -8335 32 4
16018 16443 187 310 187 310 0 0 34 34 0 425 0
16443 16447 187 310 183 310 0 1 34 30 8531 32 4
16447 16448 183 310 183 311 1 0 30 29 -8531 32 1
16448 16854 183 311 183 311 0 0 29 29 0 406 0
16854 16855 183 311 183 310 0 1 29 28 8690 32 1
16855 16860 183 310 183 310 1 1 28 28 0 5 0
16860 16863 183 310 183 313 1 0 28 25 -8690 32 3
16863 17093 183 313 183 313 0 0 25 25 0 230 0
17093 17096 183 313 183 310 0 1 25 22 8782 32 3
17096 17099 183 310 185 311 1 0 22 19 -8782 32 3
17099 17364 185 311 185 311 0 0 19 19 0 265 0
17364 17367 185 311 183 310 0 1 19 16 8893 32 3
17367 17368 183 310 184 310 1 0 16 15 -8893 32 1
17368 17678 184 310 184 310 0 0 15 15 0 310 0
17678 17679 184 310 183 310 0 1 15 14 9009 32 1
17679 17680 183 310 183 310 1 1 14 14 0 1 0
17680 17681 183 310 184 310 1 0 14 13 -9009 32 1
17681 18170 184 310 184 310 0 0 13 13 0 489 0
18170 18171 184 310 183 310 0 1 13 12 9197 32 1
18171 18173 183 310 185 310 1 0 12 10 -9197 32 2
18173 19311 185 310 185 310 0 0 10 10 0 1138 0
19311 19313 185 310 183 310 0 1 10 8 9612 32 2
19313 19314 183 310 183 310 1 1 8 8 0 1 0
19314 19315 183 310 183 311 1 0 8 7 -9612 32 1
19315 19562 183 311 183 311 0 0 7 7 0 247 0
19562 19563 183 311 183 310 0 1 7 6 9705 32 1
19563 19565 183 310 185 310 1 0 6 4 -9705 32 2
19565 20401 185 310 185 310 0 0 4 4 0 836 0
20401 20403 185 310 183 310 0 1 4 2 9996 32 2
20403 20404 183 310 184 310 1 0 2 1 -9996 32 1
20404 43266 184 310 184 310 0 0 1 1 0 22862 0
43266 43267 184 310 183 310 0 0 1 0 1000000000 0 1
--------------------------------------

-------------------------------------------------------------------------

TPs

-------------------------------------------------------------------------

----------------------
TP60 allocated to 1
----------------------

----------------------
TP180 allocated to 1
----------------------

----------------------
TP969 allocated to 1
----------------------

----------------------
TP1646 allocated to 1
----------------------

----------------------
TP1701 allocated to 1
----------------------

----------------------
TP2240 allocated to 1
----------------------

----------------------
TP2347 allocated to 1
----------------------

----------------------
TP2571 allocated to 1
----------------------

----------------------
TP2769 allocated to 1
----------------------

----------------------
TP2834 allocated to 1
----------------------

----------------------
TP2888 allocated to 1
----------------------

----------------------
TP3137 allocated to 1
----------------------

----------------------
TP3287 allocated to 1
----------------------

----------------------
TP3388 allocated to 1
----------------------

----------------------
TP3669 allocated to 1
----------------------

----------------------
TP3904 allocated to 2
----------------------

----------------------
TP4613 allocated to 1
----------------------

----------------------
TP4867 allocated to 1
----------------------

----------------------
TP4876 allocated to 1
----------------------

----------------------
TP4888 allocated to 2
----------------------

----------------------
TP4974 allocated to 2
----------------------

----------------------
TP5123 allocated to 1
----------------------

----------------------
TP5734 allocated to 1
----------------------

----------------------
TP6063 allocated to 2
----------------------

----------------------
TP6349 allocated to 1
----------------------

----------------------
TP6680 allocated to 2
----------------------

----------------------
TP6799 allocated to 2
----------------------

----------------------
TP7784 allocated to 2
----------------------

----------------------
TP8316 allocated to 2
----------------------

----------------------
TP8335 allocated to 2
----------------------

----------------------
TP8401 allocated to 1
----------------------

----------------------
TP8531 allocated to 2
----------------------

----------------------
TP8690 allocated to 2
----------------------

----------------------
TP8782 allocated to 2
----------------------

----------------------
TP8893 allocated to 2
----------------------

----------------------
TP9009 allocated to 2
----------------------

----------------------
TP9197 allocated to 2
----------------------

----------------------
TP9612 allocated to 2
----------------------

----------------------
TP9705 allocated to 2
----------------------

----------------------
TP9973 not allocated
----------------------

----------------------
TP9996 allocated to 2
----------------------

----------------------
TP10083 not allocated
----------------------

----------------------
TP10282 not allocated
----------------------

----------------------
TP11079 not allocated
----------------------

----------------------
TP11249 not allocated
----------------------

----------------------
TP11375 not allocated
----------------------

----------------------
TP11425 not allocated
----------------------

----------------------
TP11484 not allocated
----------------------

----------------------
TP11531 not allocated
----------------------

----------------------
TP11697 not allocated
----------------------

----------------------
TP12085 not allocated
----------------------

----------------------
TP12163 not allocated
----------------------

----------------------
TP12206 not allocated
----------------------

----------------------
TP12563 not allocated
----------------------

----------------------
TP12625 not allocated
----------------------

----------------------
TP12744 not allocated
----------------------

----------------------
TP13274 not allocated
----------------------

----------------------
TP13462 not allocated
----------------------

----------------------
TP13607 not allocated
----------------------

----------------------
TP13838 not allocated
----------------------

----------------------
TP13890 not allocated
----------------------

----------------------
TP13943 not allocated
----------------------

----------------------
TP14343 not allocated
----------------------

----------------------
TP14520 not allocated
----------------------

----------------------
TP14648 allocated to 1
----------------------

----------------------
TP15170 not allocated
----------------------

----------------------
TP15213 not allocated
----------------------

----------------------
TP15423 not allocated
----------------------

----------------------
TP15934 not allocated
----------------------

----------------------
TP16333 not allocated
----------------------

----------------------
TP16359 not allocated
----------------------

----------------------
TP16390 allocated to 1
----------------------

----------------------
TP16694 not allocated
----------------------

----------------------
TP17006 not allocated
----------------------

----------------------
TP17066 not allocated
----------------------

----------------------
TP17247 not allocated
----------------------

----------------------
TP17512 not allocated
----------------------

----------------------
TP17593 not allocated
----------------------

----------------------
TP18056 not allocated
----------------------

----------------------
TP18835 not allocated
----------------------

----------------------
TP18904 not allocated
----------------------

----------------------
TP19232 not allocated
----------------------

----------------------
TP19314 not allocated
----------------------

----------------------
TP19885 not allocated
----------------------

----------------------
TP20855 not allocated
----------------------

----------------------
TP21215 not allocated
----------------------

----------------------
TP21965 not allocated
----------------------

----------------------
TP22192 allocated to 1
----------------------

----------------------
TP22602 not allocated
----------------------

----------------------
TP23539 allocated to 1
----------------------

----------------------
TP23812 not allocated
----------------------

----------------------
TP23888 not allocated
----------------------

----------------------
TP24341 not allocated
----------------------

----------------------
TP24810 not allocated
----------------------

----------------------
TP25038 not allocated
----------------------

----------------------
TP25601 not allocated
----------------------

----------------------
TP25788 not allocated
----------------------

----------------------
TP26107 allocated to 1
----------------------

----------------------
TP26816 not allocated
----------------------

----------------------
TP26823 not allocated
----------------------

----------------------
TP27588 not allocated
----------------------

----------------------
TP28103 not allocated
----------------------

----------------------
TP28278 not allocated
----------------------

----------------------
TP28739 not allocated
----------------------

----------------------
TP28994 not allocated
----------------------

----------------------
TP29914 not allocated
----------------------

----------------------
TP30139 not allocated
----------------------

----------------------
TP30896 not allocated
----------------------

----------------------
TP30963 not allocated
----------------------

----------------------
TP31434 not allocated
----------------------

----------------------
TP32256 not allocated
----------------------

----------------------
TP32258 not allocated
----------------------

----------------------
TP32516 not allocated
----------------------

----------------------
TP32850 not allocated
----------------------

----------------------
TP32945 not allocated
----------------------

----------------------
TP33002 not allocated
----------------------

----------------------
TP33103 allocated to 1
----------------------

----------------------
TP33293 not allocated
----------------------

----------------------
TP33661 not allocated
----------------------

----------------------
TP33858 not allocated
----------------------

----------------------
TP33908 not allocated
----------------------

----------------------
TP34316 not allocated
----------------------

----------------------
TP34328 not allocated
----------------------

----------------------
TP34422 allocated to 1
----------------------

----------------------
TP34686 not allocated
----------------------

----------------------
TP34806 not allocated
----------------------

----------------------
TP35339 not allocated
----------------------

----------------------
TP35435 not allocated
----------------------

----------------------
TP35559 not allocated
----------------------

----------------------
TP35600 not allocated
----------------------

----------------------
TP35868 not allocated
----------------------

----------------------
TP35971 not allocated
----------------------

----------------------
TP35974 not allocated
----------------------

----------------------
TP36175 not allocated
----------------------

----------------------
TP36274 not allocated
----------------------

----------------------
TP36618 not allocated
----------------------

----------------------
TP37256 allocated to 1
----------------------

----------------------
TP37430 allocated to 1
----------------------

----------------------
TP37594 allocated to 1
----------------------

----------------------
TP37938 not allocated
----------------------

----------------------
TP38406 not allocated
----------------------

----------------------
TP38759 not allocated
----------------------

----------------------
TP39161 allocated to 1
----------------------

----------------------
TP39645 not allocated
----------------------

----------------------
TP39704 not allocated
----------------------

----------------------
TP39916 not allocated
----------------------

----------------------
TP40095 not allocated
----------------------

----------------------
TP40541 allocated to 1
----------------------

----------------------
TP40553 not allocated
----------------------

----------------------
TP41093 not allocated
----------------------

----------------------
TP41104 not allocated
----------------------

----------------------
TP41713 not allocated
----------------------

----------------------
TP41740 not allocated
----------------------

----------------------
TP42055 not allocated
----------------------

----------------------
TP42805 not allocated
----------------------

----------------------
TP43115 allocated to 1
----------------------

----------------------
TP43509 not allocated
----------------------

----------------------
TP44026 not allocated
----------------------

----------------------
TP44097 not allocated
----------------------

----------------------
TP44125 allocated to 1
----------------------

----------------------
TP44164 not allocated
----------------------

----------------------
TP44252 not allocated
----------------------

----------------------
TP44525 allocated to 1
----------------------

----------------------
TP44735 not allocated
----------------------

----------------------
TP45767 not allocated
----------------------

----------------------
TP45949 not allocated
----------------------

----------------------
TP46112 not allocated
----------------------

----------------------
TP46132 not allocated
----------------------

----------------------
TP46775 not allocated
----------------------

----------------------
TP47649 not allocated
----------------------

----------------------
TP47718 not allocated
----------------------

----------------------
TP47772 not allocated
----------------------

----------------------
TP48018 not allocated
----------------------

----------------------
TP48176 not allocated
----------------------

----------------------
TP48323 not allocated
----------------------

----------------------
TP48504 not allocated
----------------------

----------------------
TP48638 not allocated
----------------------

----------------------
TP48647 not allocated
----------------------

----------------------
TP48848 not allocated
----------------------

----------------------
TP49557 not allocated
----------------------

----------------------
TP49609 not allocated
----------------------

-------------------------------------------------------------------------

Ride-sharing vs Individual Mode - Num Vehicles and Distance Comparisson 

-------------------------------------------------------------------------
Individual Mode = 181 vehicles.
Ride-sharing Mode = 128 vehicles. The 2 ride-sharing vehicles + 126 vehicles of the individuals not served by the ride-sharing service.
-------------------------------------------------------------------------
Individual Mode = 486 distance.
Ride-sharing Mode = 585 distance. 200 from the EV fleet + 385 from the distance of the trips not covered individuals had to do with their own vehicle.
-------------------------------------------------------------------------
