-------------------------------------------------------------------------
TPs satisfied = 186; Total TPs = 195; Percentage Satisfied + 95.39999999999999%
-------------------------------------------------------------------------

-------------------------------------------------------------------------

EVs

-------------------------------------------------------------------------
--------------------------------------
EV1
--------------------------------------
Num TPs served = 36
TPs served = 395 876 1545 1657 1888 1975 2414 2529 2586 2678 2775 3212 3521 3528 4300 4834 5012 5044 5149 5187 5285 7609 11308 17314 17913 19986 20908 21657 22728 22898 30230 31926 35249 42614 48066 48318
Total energy used = 100
--------------------------------------
Schedule:
0 314 610 868 610 868 0 0 100 100 0 314 0
314 314 610 868 610 868 0 1 100 100 35249 32 0
314 315 610 868 610 868 1 1 100 100 0 1 0
315 315 610 868 610 868 1 0 100 100 -35249 32 0
315 734 610 868 610 868 0 0 100 100 0 419 0
734 734 610 868 610 868 0 1 100 100 395 32 0
734 736 610 868 610 868 1 1 100 100 0 2 0
736 741 610 868 614 869 1 0 100 95 -395 32 5
741 1552 614 869 614 869 0 0 95 95 0 811 0
1552 1557 614 869 610 868 0 1 95 90 17913 32 5
1557 1557 610 868 610 868 1 2 90 90 876 23 0
1557 1560 610 868 613 868 2 1 90 87 -17913 32 3
1560 1560 613 868 613 868 1 0 87 87 -876 23 0
1560 2683 613 868 613 868 0 0 87 87 0 1123 0
2683 2686 613 868 610 868 0 1 87 84 1545 32 3
2686 2687 610 868 610 869 1 0 84 83 -1545 32 1
2687 2892 610 869 610 869 0 0 83 83 0 205 0
2892 2893 610 869 610 868 0 1 83 82 1657 32 1
2893 2896 610 868 610 868 1 1 82 82 0 3 0
2896 2901 610 868 615 868 1 0 82 77 -1657 32 5
2901 3308 615 868 615 868 0 0 77 77 0 407 0
3308 3313 615 868 610 868 0 1 77 72 1888 32 5
3313 3314 610 868 610 868 1 1 72 72 0 1 0
3314 3317 610 868 612 869 1 0 72 69 -1888 32 3
3317 3473 612 869 612 869 0 0 69 69 0 156 0
3473 3476 612 869 610 868 0 1 69 66 1975 32 3
3476 3478 610 868 610 868 1 1 66 66 0 2 0
3478 3478 610 868 610 868 1 0 66 66 -1975 32 0
3478 4296 610 868 610 868 0 0 66 66 0 818 0
4296 4296 610 868 610 868 0 1 66 66 2414 32 0
4296 4297 610 868 610 868 1 1 66 66 0 1 0
4297 4298 610 868 611 868 1 0 66 65 -2414 32 1
4298 4490 611 868 611 868 0 0 65 65 0 192 0
4490 4491 611 868 610 868 0 1 65 64 2529 32 1
4491 4494 610 868 611 870 1 0 64 61 -2529 32 3
4494 4592 611 870 611 870 0 0 61 61 0 98 0
4592 4595 611 870 610 868 0 1 61 58 2586 32 3
4595 4602 610 868 617 868 1 0 58 51 -2586 32 7
4602 4760 617 868 617 868 0 0 51 51 0 158 0
4760 4767 617 868 610 868 0 1 51 44 2678 32 7
4767 4768 610 868 610 869 1 0 44 43 -2678 32 1
4768 4943 610 869 610 869 0 0 43 43 0 175 0
4943 4944 610 869 610 868 0 1 43 42 2775 32 1
4944 4947 610 868 610 868 1 1 42 42 0 3 0
4947 4948 610 868 610 869 1 0 42 41 -2775 32 1
4948 5723 610 869 610 869 0 0 41 41 0 775 0
5723 5724 610 869 610 868 0 1 41 40 3212 32 1
5724 5725 610 868 611 868 1 0 40 39 -3212 32 1
5725 6302 611 868 611 868 0 0 39 39 0 577 0
6302 6303 611 868 610 868 0 1 39 38 3528 32 1
6303 6303 610 868 610 868 1 2 38 38 3521 15 0
6303 6303 610 868 610 868 2 1 38 38 -3521 18 0
6303 6308 610 868 611 872 1 0 38 33 -3528 32 5
6308 7717 611 872 611 872 0 0 33 33 0 1409 0
7717 7722 611 872 610 868 0 1 33 28 4300 32 5
7722 7728 610 868 610 868 1 1 28 28 0 6 0
7728 7728 610 868 610 868 1 0 28 28 -4300 32 0
7728 8008 610 868 610 868 0 0 28 28 0 280 0
8008 8008 610 868 610 868 0 1 28 28 19986 32 0
8008 8009 610 868 610 868 1 1 28 28 0 1 0
8009 8009 610 868 610 868 1 0 28 28 -19986 32 0
8009 8771 610 868 610 868 0 0 28 28 0 762 0
8771 8771 610 868 610 868 0 1 28 28 4834 32 0
8771 8772 610 868 610 868 1 1 28 28 0 1 0
8772 8774 610 868 612 868 1 0 28 26 -4834 32 2
8774 9092 612 868 612 868 0 0 26 26 0 318 0
9092 9094 612 868 610 868 0 1 26 24 5012 32 2
9094 9101 610 868 617 868 1 0 24 17 -5012 32 7
9101 9140 617 868 617 868 0 0 17 17 0 39 0
9140 9147 617 868 610 868 0 1 17 10 5044 32 7
9147 9148 610 868 610 868 1 1 10 10 0 1 0
9148 9149 610 868 611 868 1 0 10 9 -5044 32 1
9149 9349 611 868 611 868 0 0 9 9 0 200 0
9349 9350 611 868 610 868 0 1 9 8 5149 32 1
9350 9351 610 868 610 868 1 1 8 8 0 1 0
9351 9351 610 868 610 868 1 0 8 8 -5149 32 0
9351 9416 610 868 610 868 0 0 8 8 0 65 0
9416 9416 610 868 610 868 0 1 8 8 5187 32 0
9416 9419 610 868 610 868 1 1 8 8 0 3 0
9419 9421 610 868 611 869 1 0 8 6 -5187 32 2
9421 9601 611 869 611 869 0 0 6 6 0 180 0
9601 9603 611 869 610 868 0 1 6 4 5285 32 2
9603 9605 610 868 610 870 1 0 4 2 -5285 32 2
9605 10519 610 870 610 870 0 0 2 2 0 914 0
10519 10521 610 870 610 868 0 1 2 0 20908 32 2
10521 10522 610 868 610 868 1 1 0 0 0 1 0
10522 10522 610 868 610 868 1 0 0 0 -20908 32 0
10522 12540 610 868 610 868 0 0 0 0 0 2018 0
12540 12540 610 868 610 868 0 1 0 0 21657 32 0
12540 12542 610 868 610 868 1 1 0 0 0 2 0
12542 12542 610 868 610 868 1 0 0 0 -21657 32 0
12542 14340 610 868 610 868 0 0 0 0 0 1798 0
14340 14340 610 868 610 868 0 1 0 0 7609 32 0
14340 14342 610 868 610 868 1 1 0 0 0 2 0
14342 14342 610 868 610 868 1 0 0 0 -7609 32 0
14342 15324 610 868 610 868 0 0 0 0 0 982 0
15324 15324 610 868 610 868 0 1 0 0 22728 32 0
15324 15326 610 868 610 868 1 1 0 0 0 2 0
15326 15326 610 868 610 868 1 0 0 0 -22728 32 0
15326 15727 610 868 610 868 0 0 0 0 0 401 0
15727 15727 610 868 610 868 0 1 0 0 22898 32 0
15727 15729 610 868 610 868 1 1 0 0 0 2 0
15729 15729 610 868 610 868 1 0 0 0 -22898 32 0
15729 19455 610 868 610 868 0 0 0 0 0 3726 0
19455 19455 610 868 610 868 0 1 0 0 42614 32 0
19455 19456 610 868 610 868 1 1 0 0 0 1 0
19456 19456 610 868 610 868 1 0 0 0 -42614 32 0
19456 24281 610 868 610 868 0 0 0 0 0 4825 0
24281 24281 610 868 610 868 0 1 0 0 11308 32 0
24281 24283 610 868 610 868 1 1 0 0 0 2 0
24283 24283 610 868 610 868 1 0 0 0 -11308 32 0
24283 29338 610 868 610 868 0 0 0 0 0 5055 0
29338 29338 610 868 610 868 0 1 0 0 48066 32 0
29338 29339 610 868 610 868 1 1 0 0 0 1 0
29339 29339 610 868 610 868 1 0 0 0 -48066 32 0
29339 29818 610 868 610 868 0 0 0 0 0 479 0
29818 29818 610 868 610 868 0 1 0 0 48318 32 0
29818 29819 610 868 610 868 1 1 0 0 0 1 0
29819 29819 610 868 610 868 1 0 0 0 -48318 32 0
29819 30907 610 868 610 868 0 0 0 0 0 1088 0
30907 30907 610 868 610 868 0 1 0 0 30230 32 0
30907 30908 610 868 610 868 1 1 0 0 0 1 0
30908 30908 610 868 610 868 1 0 0 0 -30230 32 0
30908 34529 610 868 610 868 0 0 0 0 0 3621 0
34529 34529 610 868 610 868 0 1 0 0 31926 32 0
34529 34532 610 868 610 868 1 1 0 0 0 3 0
34532 34532 610 868 610 868 1 0 0 0 -31926 32 0
34532 43025 610 868 610 868 0 0 0 0 0 8493 0
43025 43025 610 868 610 868 0 1 0 0 17314 32 0
43025 43026 610 868 610 868 1 1 0 0 0 1 0
43026 43026 610 868 610 868 1 0 0 0 -17314 32 0
43026 43267 610 868 610 868 0 0 0 0 0 241 0
43267 43267 610 868 610 868 0 0 0 0 1000000000 0 0
--------------------------------------
--------------------------------------
EV2
--------------------------------------
Num TPs served = 23
TPs served = 5368 5670 6888 7106 7117 7224 7450 7592 7992 8410 8445 8546 8610 8633 8687 9237 9457 9618 9701 10197 10969 24585 44590
Total energy used = 100
--------------------------------------
Schedule:
0 9757 610 868 610 868 0 0 100 100 0 9757 0
9757 9757 610 868 610 868 0 1 100 100 5368 32 0
9757 9759 610 868 610 868 1 1 100 100 0 2 0
9759 9762 610 868 610 871 1 0 100 97 -5368 32 3
9762 10360 610 871 610 871 0 0 97 97 0 598 0
10360 10363 610 871 610 868 0 1 97 94 5670 32 3
10363 10364 610 868 610 868 1 1 94 94 0 1 0
10364 10365 610 868 611 868 1 0 94 93 -5670 32 1
10365 12757 611 868 611 868 0 0 93 93 0 2392 0
12757 12758 611 868 610 868 0 1 93 92 6888 32 1
12758 12759 610 868 610 868 1 1 92 92 0 1 0
12759 12760 610 868 610 869 1 0 92 91 -6888 32 1
12760 13265 610 869 610 869 0 0 91 91 0 505 0
13265 13266 610 869 610 868 0 1 91 90 7117 32 1
13266 13266 610 868 610 868 1 2 90 90 7106 16 0
13266 13267 610 868 611 868 2 1 90 89 -7117 32 1
13267 13268 611 868 612 868 1 0 89 88 -7106 16 1
13268 13511 612 868 612 868 0 0 88 88 0 243 0
13511 13513 612 868 610 868 0 1 88 86 7224 32 2
13513 13520 610 868 617 868 1 0 86 79 -7224 32 7
13520 13989 617 868 617 868 0 0 79 79 0 469 0
13989 13996 617 868 610 868 0 1 79 72 7450 32 7
13996 13999 610 868 610 868 1 1 72 72 0 3 0
13999 14000 610 868 611 868 1 0 72 71 -7450 32 1
14000 14291 611 868 611 868 0 0 71 71 0 291 0
14291 14292 611 868 610 868 0 1 71 70 7592 32 1
14292 14294 610 868 610 870 1 0 70 68 -7592 32 2
14294 15188 610 870 610 870 0 0 68 68 0 894 0
15188 15190 610 870 610 868 0 1 68 66 7992 32 2
15190 15191 610 868 611 868 1 0 66 65 -7992 32 1
15191 16166 611 868 611 868 0 0 65 65 0 975 0
16166 16167 611 868 610 868 0 1 65 64 8410 32 1
16167 16170 610 868 613 868 1 0 64 61 -8410 32 3
16170 16245 613 868 613 868 0 0 61 61 0 75 0
16245 16248 613 868 610 868 0 1 61 58 8445 32 3
16248 16251 610 868 612 869 1 0 58 55 -8445 32 3
16251 16493 612 869 612 869 0 0 55 55 0 242 0
16493 16496 612 869 610 868 0 1 55 52 8546 32 3
16496 16498 610 868 612 868 1 0 52 50 -8546 32 2
16498 16645 612 868 612 868 0 0 50 50 0 147 0
16645 16647 612 868 610 868 0 1 50 48 8610 32 2
16647 16648 610 868 611 868 1 0 48 47 -8610 32 1
16648 16690 611 868 611 868 0 0 47 47 0 42 0
16690 16691 611 868 610 868 0 1 47 46 8633 32 1
16691 16695 610 868 610 868 1 1 46 46 0 4 0
16695 16697 610 868 612 868 1 0 46 44 -8633 32 2
16697 16845 612 868 612 868 0 0 44 44 0 148 0
16845 16847 612 868 610 868 0 1 44 42 8687 32 2
16847 16848 610 868 611 868 1 0 42 41 -8687 32 1
16848 18298 611 868 611 868 0 0 41 41 0 1450 0
18298 18299 611 868 610 868 0 1 41 40 9237 32 1
18299 18302 610 868 610 871 1 0 40 37 -9237 32 3
18302 18893 610 871 610 871 0 0 37 37 0 591 0
18893 18896 610 871 610 868 0 1 37 34 9457 32 3
18896 18903 610 868 613 872 1 0 34 27 -9457 32 7
18903 19320 613 872 613 872 0 0 27 27 0 417 0
19320 19327 613 872 610 868 0 1 27 20 9618 32 7
19327 19328 610 868 611 868 1 0 20 19 -9618 32 1
19328 19551 611 868 611 868 0 0 19 19 0 223 0
19551 19552 611 868 610 868 0 1 19 18 9701 32 1
19552 19586 610 868 610 868 1 1 18 18 0 34 0
19586 19586 610 868 610 868 1 2 18 18 24585 32 0
19586 19591 610 868 614 869 2 1 18 13 -9701 0 5
19591 19593 614 869 612 869 1 0 13 11 -24585 29 2
19593 20961 612 869 612 869 0 0 11 11 0 1368 0
20961 20964 612 869 610 868 0 1 11 8 10197 32 3
20964 20966 610 868 612 868 1 0 8 6 -10197 32 2
20966 23265 612 868 612 868 0 0 6 6 0 2299 0
23265 23267 612 868 610 868 0 1 6 4 44590 32 2
23267 23295 610 868 610 868 1 1 4 4 0 28 0
23295 23295 610 868 610 868 1 2 4 4 10969 32 0
23295 23296 610 868 611 868 2 1 4 3 -44590 4 1
23296 23297 611 868 611 869 1 0 3 2 -10969 32 1
23297 43265 611 869 611 869 0 0 2 2 0 19968 0
43265 43267 611 869 610 868 0 0 2 0 1000000000 0 2
--------------------------------------
--------------------------------------
EV3
--------------------------------------
Num TPs served = 17
TPs served = 10847 11289 11349 11438 11521 11803 11984 12460 12821 13127 13985 14059 14240 14385 14460 14710 14789
Total energy used = 100
--------------------------------------
Schedule:
0 22887 610 868 610 868 0 0 100 100 0 22887 0
22887 22887 610 868 610 868 0 1 100 100 10847 32 0
22887 22888 610 868 610 868 1 1 100 100 0 1 0
22888 22891 610 868 613 868 1 0 100 97 -10847 32 3
22891 24225 613 868 613 868 0 0 97 97 0 1334 0
24225 24228 613 868 610 868 0 1 97 94 11289 32 3
24228 24230 610 868 610 868 1 1 94 94 0 2 0
24230 24233 610 868 610 871 1 0 94 91 -11289 32 3
24233 24410 610 871 610 871 0 0 91 91 0 177 0
24410 24413 610 871 610 868 0 1 91 88 11349 32 3
24413 24420 610 868 617 868 1 0 88 81 -11349 32 7
24420 24761 617 868 617 868 0 0 81 81 0 341 0
24761 24768 617 868 610 868 0 1 81 74 11438 32 7
24768 24770 610 868 612 868 1 0 74 72 -11438 32 2
24770 25057 612 868 612 868 0 0 72 72 0 287 0
25057 25059 612 868 610 868 0 1 72 70 11521 32 2
25059 25064 610 868 612 871 1 0 70 65 -11521 32 5
25064 26014 612 871 612 871 0 0 65 65 0 950 0
26014 26019 612 871 610 868 0 1 65 60 11803 32 5
26019 26025 610 868 616 868 1 0 60 54 -11803 32 6
26025 26652 616 868 616 868 0 0 54 54 0 627 0
26652 26658 616 868 610 868 0 1 54 48 11984 32 6
26658 26659 610 868 610 869 1 0 48 47 -11984 32 1
26659 28297 610 869 610 869 0 0 47 47 0 1638 0
28297 28298 610 869 610 868 0 1 47 46 12460 32 1
28298 28299 610 868 611 868 1 0 46 45 -12460 32 1
28299 29645 611 868 611 868 0 0 45 45 0 1346 0
29645 29646 611 868 610 868 0 1 45 44 12821 32 1
29646 29648 610 868 610 868 1 1 44 44 0 2 0
29648 29656 610 868 617 869 1 0 44 36 -12821 32 8
29656 30745 617 869 617 869 0 0 36 36 0 1089 0
30745 30753 617 869 610 868 0 1 36 28 13127 32 8
30753 30754 610 868 610 869 1 0 28 27 -13127 32 1
30754 33923 610 869 610 869 0 0 27 27 0 3169 0
33923 33924 610 869 610 868 0 1 27 26 13985 32 1
33924 33926 610 868 612 868 1 0 26 24 -13985 32 2
33926 34225 612 868 612 868 0 0 24 24 0 299 0
34225 34227 612 868 610 868 0 1 24 22 14059 32 2
34227 34228 610 868 610 868 1 1 22 22 0 1 0
34228 34229 610 868 611 868 1 0 22 21 -14059 32 1
34229 34890 611 868 611 868 0 0 21 21 0 661 0
34890 34891 611 868 610 868 0 1 21 20 14240 32 1
34891 34895 610 868 612 870 1 0 20 16 -14240 32 4
34895 35435 612 870 612 870 0 0 16 16 0 540 0
35435 35439 612 870 610 868 0 1 16 12 14385 32 4
35439 35440 610 868 610 868 1 1 12 12 0 1 0
35440 35441 610 868 611 868 1 0 12 11 -14385 32 1
35441 35712 611 868 611 868 0 0 11 11 0 271 0
35712 35713 611 868 610 868 0 1 11 10 14460 32 1
35713 35715 610 868 612 868 1 0 10 8 -14460 32 2
35715 36699 612 868 612 868 0 0 8 8 0 984 0
36699 36701 612 868 610 868 0 1 8 6 14710 32 2
36701 36702 610 868 611 868 1 0 6 5 -14710 32 1
36702 37026 611 868 611 868 0 0 5 5 0 324 0
37026 37027 611 868 610 868 0 1 5 4 14789 32 1
37027 37029 610 868 612 868 1 0 4 2 -14789 32 2
37029 43265 612 868 612 868 0 0 2 2 0 6236 0
43265 43267 612 868 610 868 0 0 2 0 1000000000 0 2
--------------------------------------
--------------------------------------
EV4
--------------------------------------
Num TPs served = 18
TPs served = 14860 16105 16270 16474 17065 17090 17732 17928 18138 18614 19007 19209 19560 19594 19663 19718 21013 21189
Total energy used = 100
--------------------------------------
Schedule:
0 970 610 868 610 868 0 0 100 100 0 970 0
970 970 610 868 610 868 0 1 100 100 17732 32 0
970 973 610 868 611 870 1 0 100 97 -17732 32 3
973 1603 611 870 611 870 0 0 97 97 0 630 0
1603 1606 611 870 610 868 0 1 97 94 17928 32 3
1606 1610 610 868 610 868 1 1 94 94 0 4 0
1610 1612 610 868 612 868 1 0 94 92 -17928 32 2
1612 2237 612 868 612 868 0 0 92 92 0 625 0
2237 2239 612 868 610 868 0 1 92 90 18138 32 2
2239 2240 610 868 610 868 1 1 90 90 0 1 0
2240 2241 610 868 610 869 1 0 90 89 -18138 32 1
2241 3756 610 869 610 869 0 0 89 89 0 1515 0
3756 3757 610 869 610 868 0 1 89 88 18614 32 1
3757 3758 610 868 611 868 1 0 88 87 -18614 32 1
3758 5007 611 868 611 868 0 0 87 87 0 1249 0
5007 5008 611 868 610 868 0 1 87 86 19007 32 1
5008 5013 610 868 613 870 1 0 86 81 -19007 32 5
5013 5627 613 870 613 870 0 0 81 81 0 614 0
5627 5632 613 870 610 868 0 1 81 76 19209 32 5
5632 5634 610 868 612 868 1 0 76 74 -19209 32 2
5634 6758 612 868 612 868 0 0 74 74 0 1124 0
6758 6760 612 868 610 868 0 1 74 72 19560 32 2
6760 6761 610 868 610 868 1 1 72 72 0 1 0
6761 6765 610 868 610 872 1 0 72 68 -19560 32 4
6765 6840 610 872 610 872 0 0 68 68 0 75 0
6840 6844 610 872 610 868 0 1 68 64 19594 32 4
6844 6847 610 868 610 871 1 0 64 61 -19594 32 3
6847 7062 610 871 610 871 0 0 61 61 0 215 0
7062 7065 610 871 610 868 0 1 61 58 19663 32 3
7065 7066 610 868 610 868 1 1 58 58 0 1 0
7066 7067 610 868 611 868 1 0 58 57 -19663 32 1
7067 7201 611 868 611 868 0 0 57 57 0 134 0
7201 7202 611 868 610 868 0 1 57 56 19718 32 1
7202 7204 610 868 610 870 1 0 56 54 -19718 32 2
7204 10770 610 870 610 870 0 0 54 54 0 3566 0
10770 10772 610 870 610 868 0 1 54 52 21013 32 2
10772 10773 610 868 610 869 1 0 52 51 -21013 32 1
10773 11273 610 869 610 869 0 0 51 51 0 500 0
11273 11274 610 869 610 868 0 1 51 50 21189 32 1
11274 11277 610 868 610 871 1 0 50 47 -21189 32 3
11277 37285 610 871 610 871 0 0 47 47 0 26008 0
37285 37288 610 871 610 868 0 1 47 44 14860 32 3
37288 37291 610 868 613 868 1 0 44 41 -14860 32 3
37291 40954 613 868 613 868 0 0 41 41 0 3663 0
40954 40957 613 868 610 868 0 1 41 38 16105 32 3
40957 40960 610 868 613 868 1 0 38 35 -16105 32 3
40960 41216 613 868 613 868 0 0 35 35 0 256 0
41216 41219 613 868 610 868 0 1 35 32 16270 32 3
41219 41221 610 868 612 868 1 0 32 30 -16270 32 2
41221 41555 612 868 612 868 0 0 30 30 0 334 0
41555 41557 612 868 610 868 0 1 30 28 16474 32 2
41557 41566 610 868 619 868 1 0 28 19 -16474 32 9
41566 42623 619 868 619 868 0 0 19 19 0 1057 0
42623 42632 619 868 610 868 0 1 19 10 17065 32 9
42632 42633 610 868 610 868 1 1 10 10 0 1 0
42633 42637 610 868 612 870 1 0 10 6 -17065 32 4
42637 42670 612 870 612 870 0 0 6 6 0 33 0
42670 42674 612 870 610 868 0 1 6 2 17090 32 4
42674 42675 610 868 610 868 1 1 2 2 0 1 0
42675 42676 610 868 610 869 1 0 2 1 -17090 32 1
42676 43266 610 869 610 869 0 0 1 1 0 590 0
43266 43267 610 869 610 868 0 0 1 0 1000000000 0 1
--------------------------------------
--------------------------------------
EV5
--------------------------------------
Num TPs served = 17
TPs served = 20564 21747 22058 22099 22223 22295 22453 22623 22777 23792 24124 24129 24534 25376 25516 25527 25818
Total energy used = 100
--------------------------------------
Schedule:
0 9628 610 868 610 868 0 0 100 100 0 9628 0
9628 9628 610 868 610 868 0 1 100 100 20564 32 0
9628 9639 610 868 618 871 1 0 100 89 -20564 32 11
9639 12798 618 871 618 871 0 0 89 89 0 3159 0
12798 12809 618 871 610 868 0 1 89 78 21747 32 11
12809 12810 610 868 611 868 1 0 78 77 -21747 32 1
12810 13603 611 868 611 868 0 0 77 77 0 793 0
13603 13604 611 868 610 868 0 1 77 76 22058 32 1
13604 13606 610 868 611 869 1 0 76 74 -22058 32 2
13606 13721 611 869 611 869 0 0 74 74 0 115 0
13721 13723 611 869 610 868 0 1 74 72 22099 32 2
13723 13724 610 868 610 868 1 1 72 72 0 1 0
13724 13737 610 868 623 868 1 0 72 59 -22099 32 13
13737 14018 623 868 623 868 0 0 59 59 0 281 0
14018 14031 623 868 610 868 0 1 59 46 22223 32 13
14031 14034 610 868 613 868 1 0 46 43 -22223 32 3
14034 14210 613 868 613 868 0 0 43 43 0 176 0
14210 14213 613 868 610 868 0 1 43 40 22295 32 3
14213 14216 610 868 610 868 1 1 40 40 0 3 0
14216 14217 610 868 611 868 1 0 40 39 -22295 32 1
14217 14632 611 868 611 868 0 0 39 39 0 415 0
14632 14633 611 868 610 868 0 1 39 38 22453 32 1
14633 14634 610 868 611 868 1 0 38 37 -22453 32 1
14634 15056 611 868 611 868 0 0 37 37 0 422 0
15056 15057 611 868 610 868 0 1 37 36 22623 32 1
15057 15060 610 868 610 871 1 0 36 33 -22623 32 3
15060 15437 610 871 610 871 0 0 33 33 0 377 0
15437 15440 610 871 610 868 0 1 33 30 22777 32 3
15440 15442 610 868 612 868 1 0 30 28 -22777 32 2
15442 17824 612 868 612 868 0 0 28 28 0 2382 0
17824 17826 612 868 610 868 0 1 28 26 23792 32 2
17826 17827 610 868 610 868 1 1 26 26 0 1 0
17827 17829 610 868 612 868 1 0 26 24 -23792 32 2
17829 18555 612 868 612 868 0 0 24 24 0 726 0
18555 18557 612 868 610 868 0 1 24 22 24129 32 2
18557 18557 610 868 610 868 1 2 22 22 24124 22 0
18557 18560 610 868 610 868 2 2 22 22 0 3 0
18560 18561 610 868 611 868 2 1 22 21 -24129 32 1
18561 18561 611 868 611 868 1 0 21 21 -24124 23 0
18561 19480 611 868 611 868 0 0 21 21 0 919 0
19480 19481 611 868 610 868 0 1 21 20 24534 32 1
19481 19485 610 868 613 869 1 0 20 16 -24534 32 4
19485 21320 613 869 613 869 0 0 16 16 0 1835 0
21320 21324 613 869 610 868 0 1 16 12 25376 32 4
21324 21325 610 868 610 869 1 0 12 11 -25376 32 1
21325 21640 610 869 610 869 0 0 11 11 0 315 0
21640 21641 610 869 610 868 0 1 11 10 25527 32 1
21641 21641 610 868 610 868 1 2 10 10 25516 12 0
21641 21644 610 868 610 871 2 1 10 7 -25527 32 3
21644 21646 610 871 610 869 1 0 7 5 -25516 9 2
21646 22266 610 869 610 869 0 0 5 5 0 620 0
22266 22267 610 869 610 868 0 1 5 4 25818 32 1
22267 22269 610 868 610 870 1 0 4 2 -25818 32 2
22269 43265 610 870 610 870 0 0 2 2 0 20996 0
43265 43267 610 870 610 868 0 0 2 0 1000000000 0 2
--------------------------------------
--------------------------------------
EV6
--------------------------------------
Num TPs served = 29
TPs served = 25786 26152 26306 26399 26463 26469 26643 26943 27104 28383 28446 28714 29091 29099 29230 29498 29819 29863 29888 29903 29958 30042 30560 30731 31112 31446 31752 32376 33813
Total energy used = 100
--------------------------------------
Schedule:
0 22207 610 868 610 868 0 0 100 100 0 22207 0
22207 22207 610 868 610 868 0 1 100 100 25786 32 0
22207 22211 610 868 613 869 1 0 100 96 -25786 32 4
22211 22948 613 869 613 869 0 0 96 96 0 737 0
22948 22952 613 869 610 868 0 1 96 92 26152 32 4
22952 22954 610 868 610 870 1 0 92 90 -26152 32 2
22954 23291 610 870 610 870 0 0 90 90 0 337 0
23291 23293 610 870 610 868 0 1 90 88 26306 32 2
23293 23296 610 868 613 868 1 0 88 85 -26306 32 3
23296 23455 613 868 613 868 0 0 85 85 0 159 0
23455 23458 613 868 610 868 0 1 85 82 26399 32 3
23458 23461 610 868 613 868 1 0 82 79 -26399 32 3
23461 23592 613 868 613 868 0 0 79 79 0 131 0
23592 23595 613 868 610 868 0 1 79 76 26469 32 3
23595 23595 610 868 610 868 1 2 76 76 26463 20 0
23595 23598 610 868 612 869 2 1 76 73 -26469 32 3
23598 23600 612 869 611 868 1 0 73 71 -26463 16 2
23600 23946 611 868 611 868 0 0 71 71 0 346 0
23946 23947 611 868 610 868 0 1 71 70 26643 32 1
23947 23948 610 868 611 868 1 0 70 69 -26643 32 1
23948 24534 611 868 611 868 0 0 69 69 0 586 0
24534 24535 611 868 610 868 0 1 69 68 26943 32 1
24535 24536 610 868 610 868 1 1 68 68 0 1 0
24536 24539 610 868 612 869 1 0 68 65 -26943 32 3
24539 24836 612 869 612 869 0 0 65 65 0 297 0
24836 24839 612 869 610 868 0 1 65 62 27104 32 3
24839 24840 610 868 610 868 1 1 62 62 0 1 0
24840 24842 610 868 610 870 1 0 62 60 -27104 32 2
24842 27272 610 870 610 870 0 0 60 60 0 2430 0
27272 27274 610 870 610 868 0 1 60 58 28383 32 2
27274 27275 610 868 610 868 1 1 58 58 0 1 0
27275 27276 610 868 611 868 1 0 58 57 -28383 32 1
27276 27389 611 868 611 868 0 0 57 57 0 113 0
27389 27390 611 868 610 868 0 1 57 56 28446 32 1
27390 27393 610 868 610 871 1 0 56 53 -28446 32 3
27393 27900 610 871 610 871 0 0 53 53 0 507 0
27900 27903 610 871 610 868 0 1 53 50 28714 32 3
27903 27904 610 868 611 868 1 0 50 49 -28714 32 1
27904 28677 611 868 611 868 0 0 49 49 0 773 0
28677 28678 611 868 610 868 0 1 49 48 29099 32 1
28678 28678 610 868 610 868 1 2 48 48 29091 19 0
28678 28681 610 868 611 870 2 1 48 45 -29099 32 3
28681 28683 611 870 611 868 1 0 45 43 -29091 15 2
28683 28954 611 868 611 868 0 0 43 43 0 271 0
28954 28955 611 868 610 868 0 1 43 42 29230 32 1
28955 28957 610 868 612 868 1 0 42 40 -29230 32 2
28957 29510 612 868 612 868 0 0 40 40 0 553 0
29510 29512 612 868 610 868 0 1 40 38 29498 32 2
29512 29513 610 868 611 868 1 0 38 37 -29498 32 1
29513 30133 611 868 611 868 0 0 37 37 0 620 0
30133 30134 611 868 610 868 0 1 37 36 29819 32 1
30134 30135 610 868 610 869 1 0 36 35 -29819 32 1
30135 30209 610 869 610 869 0 0 35 35 0 74 0
30209 30210 610 869 610 868 0 1 35 34 29863 32 1
30210 30212 610 868 611 869 1 0 34 32 -29863 32 2
30212 30254 611 869 611 869 0 0 32 32 0 42 0
30254 30256 611 869 610 868 0 1 32 30 29888 32 2
30256 30257 610 868 610 868 1 1 30 30 0 1 0
30257 30258 610 868 610 869 1 0 30 29 -29888 32 1
30258 30290 610 869 610 869 0 0 29 29 0 32 0
30290 30291 610 869 610 868 0 1 29 28 29903 32 1
30291 30292 610 868 610 868 1 1 28 28 0 1 0
30292 30293 610 868 610 869 1 0 28 27 -29903 32 1
30293 30397 610 869 610 869 0 0 27 27 0 104 0
30397 30398 610 869 610 868 0 1 27 26 29958 32 1
30398 30399 610 868 610 868 1 1 26 26 0 1 0
30399 30401 610 868 612 868 1 0 26 24 -29958 32 2
30401 30554 612 868 612 868 0 0 24 24 0 153 0
30554 30556 612 868 610 868 0 1 24 22 30042 32 2
30556 30557 610 868 611 868 1 0 22 21 -30042 32 1
30557 31561 611 868 611 868 0 0 21 21 0 1004 0
31561 31562 611 868 610 868 0 1 21 20 30560 32 1
31562 31564 610 868 611 869 1 0 20 18 -30560 32 2
31564 31938 611 869 611 869 0 0 18 18 0 374 0
31938 31940 611 869 610 868 0 1 18 16 30731 32 2
31940 31941 610 868 610 868 1 1 16 16 0 1 0
31941 31943 610 868 612 868 1 0 16 14 -30731 32 2
31943 32744 612 868 612 868 0 0 14 14 0 801 0
32744 32746 612 868 610 868 0 1 14 12 31112 32 2
32746 32748 610 868 612 868 1 0 12 10 -31112 32 2
32748 33479 612 868 612 868 0 0 10 10 0 731 0
33479 33481 612 868 610 868 0 1 10 8 31446 32 2
33481 33482 610 868 611 868 1 0 8 7 -31446 32 1
33482 34193 611 868 611 868 0 0 7 7 0 711 0
34193 34194 611 868 610 868 0 1 7 6 31752 32 1
34194 34195 610 868 611 868 1 0 6 5 -31752 32 1
34195 35627 611 868 611 868 0 0 5 5 0 1432 0
35627 35628 611 868 610 868 0 1 5 4 32376 32 1
35628 35629 610 868 611 868 1 0 4 3 -32376 32 1
35629 39322 611 868 611 868 0 0 3 3 0 3693 0
39322 39323 611 868 610 868 0 1 3 2 33813 32 1
39323 39324 610 868 611 868 1 0 2 1 -33813 32 1
39324 43266 611 868 611 868 0 0 1 1 0 3942 0
43266 43267 611 868 610 868 0 0 1 0 1000000000 0 1
--------------------------------------
--------------------------------------
EV7
--------------------------------------
Num TPs served = 25
TPs served = 32017 32052 32055 32303 33026 33882 33937 34227 34256 34929 35204 35362 35374 35490 35820 36445 36460 37515 37844 38415 38422 39075 40140 40304 40670
Total energy used = 100
--------------------------------------
Schedule:
0 182 610 868 610 868 0 0 100 100 0 182 0
182 182 610 868 610 868 0 1 100 100 35204 32 0
182 184 610 868 611 869 1 0 100 98 -35204 32 2
184 679 611 869 611 869 0 0 98 98 0 495 0
679 681 611 869 610 868 0 1 98 96 35374 32 2
681 681 610 868 610 868 1 2 96 96 35362 8 0
681 682 610 868 610 868 2 2 96 96 0 1 0
682 686 610 868 610 872 2 1 96 92 -35374 32 4
686 689 610 872 610 869 1 0 92 89 -35362 1 3
689 1015 610 869 610 869 0 0 89 89 0 326 0
1015 1016 610 869 610 868 0 1 89 88 35490 32 1
1016 1018 610 868 610 868 1 1 88 88 0 2 0
1018 1019 610 868 611 868 1 0 88 87 -35490 32 1
1019 1926 611 868 611 868 0 0 87 87 0 907 0
1926 1927 611 868 610 868 0 1 87 86 35820 32 1
1927 1928 610 868 610 868 1 1 86 86 0 1 0
1928 1929 610 868 610 869 1 0 86 85 -35820 32 1
1929 3785 610 869 610 869 0 0 85 85 0 1856 0
3785 3786 610 869 610 868 0 1 85 84 36445 32 1
3786 3788 610 868 610 868 1 1 84 84 0 2 0
3788 3790 610 868 612 868 1 0 84 82 -36445 32 2
3790 3820 612 868 612 868 0 0 82 82 0 30 0
3820 3822 612 868 610 868 0 1 82 80 36460 32 2
3822 3824 610 868 612 868 1 0 80 78 -36460 32 2
3824 6963 612 868 612 868 0 0 78 78 0 3139 0
6963 6965 612 868 610 868 0 1 78 76 37515 32 2
6965 6966 610 868 610 868 1 1 76 76 0 1 0
6966 6971 610 868 614 869 1 0 76 71 -37515 32 5
6971 7834 614 869 614 869 0 0 71 71 0 863 0
7834 7839 614 869 610 868 0 1 71 66 37844 32 5
7839 7840 610 868 610 869 1 0 66 65 -37844 32 1
7840 9428 610 869 610 869 0 0 65 65 0 1588 0
9428 9429 610 869 610 868 0 1 65 64 38422 32 1
9429 9429 610 868 610 868 1 2 64 64 38415 21 0
9429 9431 610 868 610 870 2 1 64 62 -38422 32 2
9431 9435 610 870 612 868 1 0 62 58 -38415 17 4
9435 11038 612 868 612 868 0 0 58 58 0 1603 0
11038 11040 612 868 610 868 0 1 58 56 39075 32 2
11040 11041 610 868 610 869 1 0 56 55 -39075 32 1
11041 13831 610 869 610 869 0 0 55 55 0 2790 0
13831 13832 610 869 610 868 0 1 55 54 40140 32 1
13832 13833 610 868 611 868 1 0 54 53 -40140 32 1
13833 14269 611 868 611 868 0 0 53 53 0 436 0
14269 14270 611 868 610 868 0 1 53 52 40304 32 1
14270 14272 610 868 612 868 1 0 52 50 -40304 32 2
14272 15130 612 868 612 868 0 0 50 50 0 858 0
15130 15132 612 868 610 868 0 1 50 48 40670 32 2
15132 15133 610 868 610 868 1 1 48 48 0 1 0
15133 15134 610 868 610 869 1 0 48 47 -40670 32 1
15134 34736 610 869 610 869 0 0 47 47 0 19602 0
34736 34737 610 869 610 868 0 1 47 46 32017 32 1
34737 34740 610 868 613 868 1 0 46 43 -32017 32 3
34740 34834 613 868 613 868 0 0 43 43 0 94 0
34834 34837 613 868 610 868 0 1 43 40 32055 32 3
34837 34837 610 868 610 868 1 2 40 40 32052 24 0
34837 34840 610 868 613 868 2 1 40 37 -32055 32 3
34840 34842 613 868 612 869 1 0 37 35 -32052 22 2
34842 35455 612 869 612 869 0 0 35 35 0 613 0
35455 35458 612 869 610 868 0 1 35 32 32303 32 3
35458 35462 610 868 610 872 1 0 32 28 -32303 32 4
35462 37254 610 872 610 872 0 0 28 28 0 1792 0
37254 37258 610 872 610 868 0 1 28 24 33026 32 4
37258 37261 610 868 611 870 1 0 24 21 -33026 32 3
37261 39461 611 870 611 870 0 0 21 21 0 2200 0
39461 39464 611 870 610 868 0 1 21 18 33882 32 3
39464 39465 610 868 610 868 1 1 18 18 0 1 0
39465 39469 610 868 614 868 1 0 18 14 -33882 32 4
39469 39598 614 868 614 868 0 0 14 14 0 129 0
39598 39602 614 868 610 868 0 1 14 10 33937 32 4
39602 39603 610 868 611 868 1 0 10 9 -33937 32 1
39603 40412 611 868 611 868 0 0 9 9 0 809 0
40412 40413 611 868 610 868 0 1 9 8 34227 32 1
40413 40414 610 868 611 868 1 0 8 7 -34227 32 1
40414 40493 611 868 611 868 0 0 7 7 0 79 0
40493 40494 611 868 610 868 0 1 7 6 34256 32 1
40494 40495 610 868 611 868 1 0 6 5 -34256 32 1
40495 42553 611 868 611 868 0 0 5 5 0 2058 0
42553 42554 611 868 610 868 0 1 5 4 34929 32 1
42554 42555 610 868 610 868 1 1 4 4 0 1 0
42555 42557 610 868 612 868 1 0 4 2 -34929 32 2
42557 43265 612 868 612 868 0 0 2 2 0 708 0
43265 43267 612 868 610 868 0 0 2 0 1000000000 0 2
--------------------------------------
--------------------------------------
EV8
--------------------------------------
Num TPs served = 21
TPs served = 39600 40768 41042 41788 41997 42483 42764 42776 43290 43424 43428 43519 44658 44832 45448 46157 46286 46458 46533 46816 46849
Total energy used = 100
--------------------------------------
Schedule:
0 12361 610 868 610 868 0 0 100 100 0 12361 0
12361 12361 610 868 610 868 0 1 100 100 39600 32 0
12361 12369 610 868 618 868 1 0 100 92 -39600 32 8
12369 15365 618 868 618 868 0 0 92 92 0 2996 0
15365 15373 618 868 610 868 0 1 92 84 40768 32 8
15373 15379 610 868 610 868 1 1 84 84 0 6 0
15379 15381 610 868 610 870 1 0 84 82 -40768 32 2
15381 15970 610 870 610 870 0 0 82 82 0 589 0
15970 15972 610 870 610 868 0 1 82 80 41042 32 2
15972 15973 610 868 611 868 1 0 80 79 -41042 32 1
15973 17656 611 868 611 868 0 0 79 79 0 1683 0
17656 17657 611 868 610 868 0 1 79 78 41788 32 1
17657 17658 610 868 610 868 1 1 78 78 0 1 0
17658 17659 610 868 611 868 1 0 78 77 -41788 32 1
17659 18091 611 868 611 868 0 0 77 77 0 432 0
18091 18092 611 868 610 868 0 1 77 76 41997 32 1
18092 18095 610 868 613 868 1 0 76 73 -41997 32 3
18095 19118 613 868 613 868 0 0 73 73 0 1023 0
19118 19121 613 868 610 868 0 1 73 70 42483 32 3
19121 19122 610 868 610 868 1 1 70 70 0 1 0
19122 19123 610 868 611 868 1 0 70 69 -42483 32 1
19123 19783 611 868 611 868 0 0 69 69 0 660 0
19783 19784 611 868 610 868 0 1 69 68 42776 32 1
19784 19784 610 868 610 868 1 2 68 68 42764 7 0
19784 19787 610 868 610 871 2 1 68 65 -42776 32 3
19787 19794 610 871 614 868 1 0 65 58 -42764 2 7
19794 20762 614 868 614 868 0 0 58 58 0 968 0
20762 20766 614 868 610 868 0 1 58 54 43290 32 4
20766 20768 610 868 612 868 1 0 54 52 -43290 32 2
20768 21054 612 868 612 868 0 0 52 52 0 286 0
21054 21056 612 868 610 868 0 1 52 50 43428 32 2
21056 21056 610 868 610 868 1 2 50 50 43424 24 0
21056 21057 610 868 610 868 2 2 50 50 0 1 0
21057 21060 610 868 613 868 2 1 50 47 -43428 32 3
21060 21062 613 868 611 868 1 0 47 45 -43424 21 2
21062 21237 611 868 611 868 0 0 45 45 0 175 0
21237 21238 611 868 610 868 0 1 45 44 43519 32 1
21238 21241 610 868 613 868 1 0 44 41 -43519 32 3
21241 23398 613 868 613 868 0 0 41 41 0 2157 0
23398 23401 613 868 610 868 0 1 41 38 44658 32 3
23401 23403 610 868 612 868 1 0 38 36 -44658 32 2
23403 23731 612 868 612 868 0 0 36 36 0 328 0
23731 23733 612 868 610 868 0 1 36 34 44832 32 2
23733 23737 610 868 614 868 1 0 34 30 -44832 32 4
23737 24807 614 868 614 868 0 0 30 30 0 1070 0
24807 24811 614 868 610 868 0 1 30 26 45448 32 4
24811 24813 610 868 612 868 1 0 26 24 -45448 32 2
24813 26081 612 868 612 868 0 0 24 24 0 1268 0
26081 26083 612 868 610 868 0 1 24 22 46157 32 2
26083 26085 610 868 612 868 1 0 22 20 -46157 32 2
26085 26290 612 868 612 868 0 0 20 20 0 205 0
26290 26292 612 868 610 868 0 1 20 18 46286 32 2
26292 26297 610 868 610 868 1 1 18 18 0 5 0
26297 26298 610 868 610 869 1 0 18 17 -46286 32 1
26298 26602 610 869 610 869 0 0 17 17 0 304 0
26602 26603 610 869 610 868 0 1 17 16 46458 32 1
26603 26604 610 868 611 868 1 0 16 15 -46458 32 1
26604 26755 611 868 611 868 0 0 15 15 0 151 0
26755 26756 611 868 610 868 0 1 15 14 46533 32 1
26756 26757 610 868 610 868 1 1 14 14 0 1 0
26757 26760 610 868 611 870 1 0 14 11 -46533 32 3
26760 27239 611 870 611 870 0 0 11 11 0 479 0
27239 27242 611 870 610 868 0 1 11 8 46816 32 3
27242 27243 610 868 610 868 1 1 8 8 0 1 0
27243 27245 610 868 612 868 1 0 8 6 -46816 32 2
27245 27295 612 868 612 868 0 0 6 6 0 50 0
27295 27297 612 868 610 868 0 1 6 4 46849 32 2
27297 27298 610 868 610 868 1 1 4 4 0 1 0
27298 27300 610 868 612 868 1 0 4 2 -46849 32 2
27300 43265 612 868 612 868 0 0 2 2 0 15965 0
43265 43267 612 868 610 868 0 0 2 0 1000000000 0 2
--------------------------------------

-------------------------------------------------------------------------

TPs

-------------------------------------------------------------------------

----------------------
TP395 allocated to 1
----------------------

----------------------
TP876 allocated to 1
----------------------

----------------------
TP1545 allocated to 1
----------------------

----------------------
TP1657 allocated to 1
----------------------

----------------------
TP1888 allocated to 1
----------------------

----------------------
TP1975 allocated to 1
----------------------

----------------------
TP2414 allocated to 1
----------------------

----------------------
TP2529 allocated to 1
----------------------

----------------------
TP2586 allocated to 1
----------------------

----------------------
TP2678 allocated to 1
----------------------

----------------------
TP2775 allocated to 1
----------------------

----------------------
TP3212 allocated to 1
----------------------

----------------------
TP3521 allocated to 1
----------------------

----------------------
TP3528 allocated to 1
----------------------

----------------------
TP4300 allocated to 1
----------------------

----------------------
TP4834 allocated to 1
----------------------

----------------------
TP5012 allocated to 1
----------------------

----------------------
TP5044 allocated to 1
----------------------

----------------------
TP5149 allocated to 1
----------------------

----------------------
TP5187 allocated to 1
----------------------

----------------------
TP5285 allocated to 1
----------------------

----------------------
TP5368 allocated to 2
----------------------

----------------------
TP5670 allocated to 2
----------------------

----------------------
TP6888 allocated to 2
----------------------

----------------------
TP7106 allocated to 2
----------------------

----------------------
TP7117 allocated to 2
----------------------

----------------------
TP7224 allocated to 2
----------------------

----------------------
TP7450 allocated to 2
----------------------

----------------------
TP7592 allocated to 2
----------------------

----------------------
TP7609 allocated to 1
----------------------

----------------------
TP7992 allocated to 2
----------------------

----------------------
TP8410 allocated to 2
----------------------

----------------------
TP8445 allocated to 2
----------------------

----------------------
TP8546 allocated to 2
----------------------

----------------------
TP8610 allocated to 2
----------------------

----------------------
TP8633 allocated to 2
----------------------

----------------------
TP8687 allocated to 2
----------------------

----------------------
TP9237 allocated to 2
----------------------

----------------------
TP9457 allocated to 2
----------------------

----------------------
TP9618 allocated to 2
----------------------

----------------------
TP9701 allocated to 2
----------------------

----------------------
TP10197 allocated to 2
----------------------

----------------------
TP10847 allocated to 3
----------------------

----------------------
TP10969 allocated to 2
----------------------

----------------------
TP11289 allocated to 3
----------------------

----------------------
TP11308 allocated to 1
----------------------

----------------------
TP11349 allocated to 3
----------------------

----------------------
TP11438 allocated to 3
----------------------

----------------------
TP11521 allocated to 3
----------------------

----------------------
TP11803 allocated to 3
----------------------

----------------------
TP11984 allocated to 3
----------------------

----------------------
TP12460 allocated to 3
----------------------

----------------------
TP12821 allocated to 3
----------------------

----------------------
TP13127 allocated to 3
----------------------

----------------------
TP13985 allocated to 3
----------------------

----------------------
TP14059 allocated to 3
----------------------

----------------------
TP14240 allocated to 3
----------------------

----------------------
TP14385 allocated to 3
----------------------

----------------------
TP14460 allocated to 3
----------------------

----------------------
TP14710 allocated to 3
----------------------

----------------------
TP14789 allocated to 3
----------------------

----------------------
TP14860 allocated to 4
----------------------

----------------------
TP16105 allocated to 4
----------------------

----------------------
TP16270 allocated to 4
----------------------

----------------------
TP16474 allocated to 4
----------------------

----------------------
TP17065 allocated to 4
----------------------

----------------------
TP17090 allocated to 4
----------------------

----------------------
TP17314 allocated to 1
----------------------

----------------------
TP17732 allocated to 4
----------------------

----------------------
TP17913 allocated to 1
----------------------

----------------------
TP17928 allocated to 4
----------------------

----------------------
TP18138 allocated to 4
----------------------

----------------------
TP18614 allocated to 4
----------------------

----------------------
TP19007 allocated to 4
----------------------

----------------------
TP19209 allocated to 4
----------------------

----------------------
TP19560 allocated to 4
----------------------

----------------------
TP19594 allocated to 4
----------------------

----------------------
TP19663 allocated to 4
----------------------

----------------------
TP19718 allocated to 4
----------------------

----------------------
TP19986 allocated to 1
----------------------

----------------------
TP20564 allocated to 5
----------------------

----------------------
TP20908 allocated to 1
----------------------

----------------------
TP21013 allocated to 4
----------------------

----------------------
TP21189 allocated to 4
----------------------

----------------------
TP21657 allocated to 1
----------------------

----------------------
TP21747 allocated to 5
----------------------

----------------------
TP22058 allocated to 5
----------------------

----------------------
TP22099 allocated to 5
----------------------

----------------------
TP22223 allocated to 5
----------------------

----------------------
TP22295 allocated to 5
----------------------

----------------------
TP22453 allocated to 5
----------------------

----------------------
TP22623 allocated to 5
----------------------

----------------------
TP22728 allocated to 1
----------------------

----------------------
TP22777 allocated to 5
----------------------

----------------------
TP22898 allocated to 1
----------------------

----------------------
TP23792 allocated to 5
----------------------

----------------------
TP24124 allocated to 5
----------------------

----------------------
TP24129 allocated to 5
----------------------

----------------------
TP24534 allocated to 5
----------------------

----------------------
TP24585 allocated to 2
----------------------

----------------------
TP25376 allocated to 5
----------------------

----------------------
TP25516 allocated to 5
----------------------

----------------------
TP25527 allocated to 5
----------------------

----------------------
TP25786 allocated to 6
----------------------

----------------------
TP25818 allocated to 5
----------------------

----------------------
TP26152 allocated to 6
----------------------

----------------------
TP26306 allocated to 6
----------------------

----------------------
TP26399 allocated to 6
----------------------

----------------------
TP26463 allocated to 6
----------------------

----------------------
TP26469 allocated to 6
----------------------

----------------------
TP26643 allocated to 6
----------------------

----------------------
TP26943 allocated to 6
----------------------

----------------------
TP27104 allocated to 6
----------------------

----------------------
TP28383 allocated to 6
----------------------

----------------------
TP28446 allocated to 6
----------------------

----------------------
TP28714 allocated to 6
----------------------

----------------------
TP29091 allocated to 6
----------------------

----------------------
TP29099 allocated to 6
----------------------

----------------------
TP29230 allocated to 6
----------------------

----------------------
TP29498 allocated to 6
----------------------

----------------------
TP29819 allocated to 6
----------------------

----------------------
TP29863 allocated to 6
----------------------

----------------------
TP29888 allocated to 6
----------------------

----------------------
TP29903 allocated to 6
----------------------

----------------------
TP29958 allocated to 6
----------------------

----------------------
TP30042 allocated to 6
----------------------

----------------------
TP30230 allocated to 1
----------------------

----------------------
TP30560 allocated to 6
----------------------

----------------------
TP30731 allocated to 6
----------------------

----------------------
TP31112 allocated to 6
----------------------

----------------------
TP31446 allocated to 6
----------------------

----------------------
TP31752 allocated to 6
----------------------

----------------------
TP31926 allocated to 1
----------------------

----------------------
TP32017 allocated to 7
----------------------

----------------------
TP32052 allocated to 7
----------------------

----------------------
TP32055 allocated to 7
----------------------

----------------------
TP32303 allocated to 7
----------------------

----------------------
TP32376 allocated to 6
----------------------

----------------------
TP33026 allocated to 7
----------------------

----------------------
TP33813 allocated to 6
----------------------

----------------------
TP33882 allocated to 7
----------------------

----------------------
TP33937 allocated to 7
----------------------

----------------------
TP34227 allocated to 7
----------------------

----------------------
TP34256 allocated to 7
----------------------

----------------------
TP34929 allocated to 7
----------------------

----------------------
TP35204 allocated to 7
----------------------

----------------------
TP35249 allocated to 1
----------------------

----------------------
TP35362 allocated to 7
----------------------

----------------------
TP35374 allocated to 7
----------------------

----------------------
TP35490 allocated to 7
----------------------

----------------------
TP35820 allocated to 7
----------------------

----------------------
TP36445 allocated to 7
----------------------

----------------------
TP36460 allocated to 7
----------------------

----------------------
TP37515 allocated to 7
----------------------

----------------------
TP37844 allocated to 7
----------------------

----------------------
TP38415 allocated to 7
----------------------

----------------------
TP38422 allocated to 7
----------------------

----------------------
TP39075 allocated to 7
----------------------

----------------------
TP39600 allocated to 8
----------------------

----------------------
TP40140 allocated to 7
----------------------

----------------------
TP40304 allocated to 7
----------------------

----------------------
TP40670 allocated to 7
----------------------

----------------------
TP40768 allocated to 8
----------------------

----------------------
TP41042 allocated to 8
----------------------

----------------------
TP41788 allocated to 8
----------------------

----------------------
TP41997 allocated to 8
----------------------

----------------------
TP42483 allocated to 8
----------------------

----------------------
TP42614 allocated to 1
----------------------

----------------------
TP42764 allocated to 8
----------------------

----------------------
TP42776 allocated to 8
----------------------

----------------------
TP43290 allocated to 8
----------------------

----------------------
TP43424 allocated to 8
----------------------

----------------------
TP43428 allocated to 8
----------------------

----------------------
TP43519 allocated to 8
----------------------

----------------------
TP44590 allocated to 2
----------------------

----------------------
TP44658 allocated to 8
----------------------

----------------------
TP44832 allocated to 8
----------------------

----------------------
TP45448 allocated to 8
----------------------

----------------------
TP46157 allocated to 8
----------------------

----------------------
TP46286 allocated to 8
----------------------

----------------------
TP46458 allocated to 8
----------------------

----------------------
TP46533 allocated to 8
----------------------

----------------------
TP46535 not allocated
----------------------

----------------------
TP46816 allocated to 8
----------------------

----------------------
TP46849 allocated to 8
----------------------

----------------------
TP47182 not allocated
----------------------

----------------------
TP47212 not allocated
----------------------

----------------------
TP47278 not allocated
----------------------

----------------------
TP47882 not allocated
----------------------

----------------------
TP48066 allocated to 1
----------------------

----------------------
TP48318 allocated to 1
----------------------

----------------------
TP48362 not allocated
----------------------

----------------------
TP48708 not allocated
----------------------

----------------------
TP49785 not allocated
----------------------

----------------------
TP49966 not allocated
----------------------

-------------------------------------------------------------------------

Ride-sharing vs Individual Mode - Num Vehicles and Distance Comparisson 

-------------------------------------------------------------------------
Individual Mode = 195 vehicles.
Ride-sharing Mode = 17 vehicles. The 8 ride-sharing vehicles + 9 vehicles of the individuals not served by the ride-sharing service.
-------------------------------------------------------------------------
Individual Mode = 446 distance.
Ride-sharing Mode = 830 distance. 800 from the EV fleet + 30 from the distance of the trips not covered individuals had to do with their own vehicle.
-------------------------------------------------------------------------
