-------------------------------------------------------------------------
TPs satisfied = 59; Total TPs = 195; Percentage Satisfied + 30.3%
-------------------------------------------------------------------------

-------------------------------------------------------------------------

EVs

-------------------------------------------------------------------------
--------------------------------------
EV1
--------------------------------------
Num TPs served = 36
TPs served = 395 876 1545 1657 1888 1975 2414 2529 2586 2678 2775 3212 3521 3528 4300 4834 5012 5044 5149 5187 5285 7609 11308 17314 17913 19986 20908 21657 22728 22898 30230 31926 35249 42614 48066 48318
Total energy used = 100
--------------------------------------
Schedule:
0 314 610 868 610 868 0 0 100 100 0 314 0
314 314 610 868 610 868 0 1 100 100 35249 32 0
314 315 610 868 610 868 1 1 100 100 0 1 0
315 315 610 868 610 868 1 0 100 100 -35249 32 0
315 734 610 868 610 868 0 0 100 100 0 419 0
734 734 610 868 610 868 0 1 100 100 395 32 0
734 736 610 868 610 868 1 1 100 100 0 2 0
736 741 610 868 614 869 1 0 100 95 -395 32 5
741 1552 614 869 614 869 0 0 95 95 0 811 0
1552 1557 614 869 610 868 0 1 95 90 17913 32 5
1557 1557 610 868 610 868 1 2 90 90 876 23 0
1557 1560 610 868 613 868 2 1 90 87 -17913 32 3
1560 1560 613 868 613 868 1 0 87 87 -876 23 0
1560 2683 613 868 613 868 0 0 87 87 0 1123 0
2683 2686 613 868 610 868 0 1 87 84 1545 32 3
2686 2687 610 868 610 869 1 0 84 83 -1545 32 1
2687 2892 610 869 610 869 0 0 83 83 0 205 0
2892 2893 610 869 610 868 0 1 83 82 1657 32 1
2893 2896 610 868 610 868 1 1 82 82 0 3 0
2896 2901 610 868 615 868 1 0 82 77 -1657 32 5
2901 3308 615 868 615 868 0 0 77 77 0 407 0
3308 3313 615 868 610 868 0 1 77 72 1888 32 5
3313 3314 610 868 610 868 1 1 72 72 0 1 0
3314 3317 610 868 612 869 1 0 72 69 -1888 32 3
3317 3473 612 869 612 869 0 0 69 69 0 156 0
3473 3476 612 869 610 868 0 1 69 66 1975 32 3
3476 3478 610 868 610 868 1 1 66 66 0 2 0
3478 3478 610 868 610 868 1 0 66 66 -1975 32 0
3478 4296 610 868 610 868 0 0 66 66 0 818 0
4296 4296 610 868 610 868 0 1 66 66 2414 32 0
4296 4297 610 868 610 868 1 1 66 66 0 1 0
4297 4298 610 868 611 868 1 0 66 65 -2414 32 1
4298 4490 611 868 611 868 0 0 65 65 0 192 0
4490 4491 611 868 610 868 0 1 65 64 2529 32 1
4491 4494 610 868 611 870 1 0 64 61 -2529 32 3
4494 4592 611 870 611 870 0 0 61 61 0 98 0
4592 4595 611 870 610 868 0 1 61 58 2586 32 3
4595 4602 610 868 617 868 1 0 58 51 -2586 32 7
4602 4760 617 868 617 868 0 0 51 51 0 158 0
4760 4767 617 868 610 868 0 1 51 44 2678 32 7
4767 4768 610 868 610 869 1 0 44 43 -2678 32 1
4768 4943 610 869 610 869 0 0 43 43 0 175 0
4943 4944 610 869 610 868 0 1 43 42 2775 32 1
4944 4947 610 868 610 868 1 1 42 42 0 3 0
4947 4948 610 868 610 869 1 0 42 41 -2775 32 1
4948 5723 610 869 610 869 0 0 41 41 0 775 0
5723 5724 610 869 610 868 0 1 41 40 3212 32 1
5724 5725 610 868 611 868 1 0 40 39 -3212 32 1
5725 6302 611 868 611 868 0 0 39 39 0 577 0
6302 6303 611 868 610 868 0 1 39 38 3528 32 1
6303 6303 610 868 610 868 1 2 38 38 3521 15 0
6303 6303 610 868 610 868 2 1 38 38 -3521 18 0
6303 6308 610 868 611 872 1 0 38 33 -3528 32 5
6308 7717 611 872 611 872 0 0 33 33 0 1409 0
7717 7722 611 872 610 868 0 1 33 28 4300 32 5
7722 7728 610 868 610 868 1 1 28 28 0 6 0
7728 7728 610 868 610 868 1 0 28 28 -4300 32 0
7728 8008 610 868 610 868 0 0 28 28 0 280 0
8008 8008 610 868 610 868 0 1 28 28 19986 32 0
8008 8009 610 868 610 868 1 1 28 28 0 1 0
8009 8009 610 868 610 868 1 0 28 28 -19986 32 0
8009 8771 610 868 610 868 0 0 28 28 0 762 0
8771 8771 610 868 610 868 0 1 28 28 4834 32 0
8771 8772 610 868 610 868 1 1 28 28 0 1 0
8772 8774 610 868 612 868 1 0 28 26 -4834 32 2
8774 9092 612 868 612 868 0 0 26 26 0 318 0
9092 9094 612 868 610 868 0 1 26 24 5012 32 2
9094 9101 610 868 617 868 1 0 24 17 -5012 32 7
9101 9140 617 868 617 868 0 0 17 17 0 39 0
9140 9147 617 868 610 868 0 1 17 10 5044 32 7
9147 9148 610 868 610 868 1 1 10 10 0 1 0
9148 9149 610 868 611 868 1 0 10 9 -5044 32 1
9149 9349 611 868 611 868 0 0 9 9 0 200 0
9349 9350 611 868 610 868 0 1 9 8 5149 32 1
9350 9351 610 868 610 868 1 1 8 8 0 1 0
9351 9351 610 868 610 868 1 0 8 8 -5149 32 0
9351 9416 610 868 610 868 0 0 8 8 0 65 0
9416 9416 610 868 610 868 0 1 8 8 5187 32 0
9416 9419 610 868 610 868 1 1 8 8 0 3 0
9419 9421 610 868 611 869 1 0 8 6 -5187 32 2
9421 9601 611 869 611 869 0 0 6 6 0 180 0
9601 9603 611 869 610 868 0 1 6 4 5285 32 2
9603 9605 610 868 610 870 1 0 4 2 -5285 32 2
9605 10519 610 870 610 870 0 0 2 2 0 914 0
10519 10521 610 870 610 868 0 1 2 0 20908 32 2
10521 10522 610 868 610 868 1 1 0 0 0 1 0
10522 10522 610 868 610 868 1 0 0 0 -20908 32 0
10522 12540 610 868 610 868 0 0 0 0 0 2018 0
12540 12540 610 868 610 868 0 1 0 0 21657 32 0
12540 12542 610 868 610 868 1 1 0 0 0 2 0
12542 12542 610 868 610 868 1 0 0 0 -21657 32 0
12542 14340 610 868 610 868 0 0 0 0 0 1798 0
14340 14340 610 868 610 868 0 1 0 0 7609 32 0
14340 14342 610 868 610 868 1 1 0 0 0 2 0
14342 14342 610 868 610 868 1 0 0 0 -7609 32 0
14342 15324 610 868 610 868 0 0 0 0 0 982 0
15324 15324 610 868 610 868 0 1 0 0 22728 32 0
15324 15326 610 868 610 868 1 1 0 0 0 2 0
15326 15326 610 868 610 868 1 0 0 0 -22728 32 0
15326 15727 610 868 610 868 0 0 0 0 0 401 0
15727 15727 610 868 610 868 0 1 0 0 22898 32 0
15727 15729 610 868 610 868 1 1 0 0 0 2 0
15729 15729 610 868 610 868 1 0 0 0 -22898 32 0
15729 19455 610 868 610 868 0 0 0 0 0 3726 0
19455 19455 610 868 610 868 0 1 0 0 42614 32 0
19455 19456 610 868 610 868 1 1 0 0 0 1 0
19456 19456 610 868 610 868 1 0 0 0 -42614 32 0
19456 24281 610 868 610 868 0 0 0 0 0 4825 0
24281 24281 610 868 610 868 0 1 0 0 11308 32 0
24281 24283 610 868 610 868 1 1 0 0 0 2 0
24283 24283 610 868 610 868 1 0 0 0 -11308 32 0
24283 29338 610 868 610 868 0 0 0 0 0 5055 0
29338 29338 610 868 610 868 0 1 0 0 48066 32 0
29338 29339 610 868 610 868 1 1 0 0 0 1 0
29339 29339 610 868 610 868 1 0 0 0 -48066 32 0
29339 29818 610 868 610 868 0 0 0 0 0 479 0
29818 29818 610 868 610 868 0 1 0 0 48318 32 0
29818 29819 610 868 610 868 1 1 0 0 0 1 0
29819 29819 610 868 610 868 1 0 0 0 -48318 32 0
29819 30907 610 868 610 868 0 0 0 0 0 1088 0
30907 30907 610 868 610 868 0 1 0 0 30230 32 0
30907 30908 610 868 610 868 1 1 0 0 0 1 0
30908 30908 610 868 610 868 1 0 0 0 -30230 32 0
30908 34529 610 868 610 868 0 0 0 0 0 3621 0
34529 34529 610 868 610 868 0 1 0 0 31926 32 0
34529 34532 610 868 610 868 1 1 0 0 0 3 0
34532 34532 610 868 610 868 1 0 0 0 -31926 32 0
34532 43025 610 868 610 868 0 0 0 0 0 8493 0
43025 43025 610 868 610 868 0 1 0 0 17314 32 0
43025 43026 610 868 610 868 1 1 0 0 0 1 0
43026 43026 610 868 610 868 1 0 0 0 -17314 32 0
43026 43267 610 868 610 868 0 0 0 0 0 241 0
43267 43267 610 868 610 868 0 0 0 0 1000000000 0 0
--------------------------------------
--------------------------------------
EV2
--------------------------------------
Num TPs served = 23
TPs served = 5368 5670 6888 7106 7117 7224 7450 7592 7992 8410 8445 8546 8610 8633 8687 9237 9457 9618 9701 10197 10969 24585 44590
Total energy used = 100
--------------------------------------
Schedule:
0 9757 610 868 610 868 0 0 100 100 0 9757 0
9757 9757 610 868 610 868 0 1 100 100 5368 32 0
9757 9759 610 868 610 868 1 1 100 100 0 2 0
9759 9762 610 868 610 871 1 0 100 97 -5368 32 3
9762 10360 610 871 610 871 0 0 97 97 0 598 0
10360 10363 610 871 610 868 0 1 97 94 5670 32 3
10363 10364 610 868 610 868 1 1 94 94 0 1 0
10364 10365 610 868 611 868 1 0 94 93 -5670 32 1
10365 12757 611 868 611 868 0 0 93 93 0 2392 0
12757 12758 611 868 610 868 0 1 93 92 6888 32 1
12758 12759 610 868 610 868 1 1 92 92 0 1 0
12759 12760 610 868 610 869 1 0 92 91 -6888 32 1
12760 13265 610 869 610 869 0 0 91 91 0 505 0
13265 13266 610 869 610 868 0 1 91 90 7117 32 1
13266 13266 610 868 610 868 1 2 90 90 7106 16 0
13266 13267 610 868 611 868 2 1 90 89 -7117 32 1
13267 13268 611 868 612 868 1 0 89 88 -7106 16 1
13268 13511 612 868 612 868 0 0 88 88 0 243 0
13511 13513 612 868 610 868 0 1 88 86 7224 32 2
13513 13520 610 868 617 868 1 0 86 79 -7224 32 7
13520 13989 617 868 617 868 0 0 79 79 0 469 0
13989 13996 617 868 610 868 0 1 79 72 7450 32 7
13996 13999 610 868 610 868 1 1 72 72 0 3 0
13999 14000 610 868 611 868 1 0 72 71 -7450 32 1
14000 14291 611 868 611 868 0 0 71 71 0 291 0
14291 14292 611 868 610 868 0 1 71 70 7592 32 1
14292 14294 610 868 610 870 1 0 70 68 -7592 32 2
14294 15188 610 870 610 870 0 0 68 68 0 894 0
15188 15190 610 870 610 868 0 1 68 66 7992 32 2
15190 15191 610 868 611 868 1 0 66 65 -7992 32 1
15191 16166 611 868 611 868 0 0 65 65 0 975 0
16166 16167 611 868 610 868 0 1 65 64 8410 32 1
16167 16170 610 868 613 868 1 0 64 61 -8410 32 3
16170 16245 613 868 613 868 0 0 61 61 0 75 0
16245 16248 613 868 610 868 0 1 61 58 8445 32 3
16248 16251 610 868 612 869 1 0 58 55 -8445 32 3
16251 16493 612 869 612 869 0 0 55 55 0 242 0
16493 16496 612 869 610 868 0 1 55 52 8546 32 3
16496 16498 610 868 612 868 1 0 52 50 -8546 32 2
16498 16645 612 868 612 868 0 0 50 50 0 147 0
16645 16647 612 868 610 868 0 1 50 48 8610 32 2
16647 16648 610 868 611 868 1 0 48 47 -8610 32 1
16648 16690 611 868 611 868 0 0 47 47 0 42 0
16690 16691 611 868 610 868 0 1 47 46 8633 32 1
16691 16695 610 868 610 868 1 1 46 46 0 4 0
16695 16697 610 868 612 868 1 0 46 44 -8633 32 2
16697 16845 612 868 612 868 0 0 44 44 0 148 0
16845 16847 612 868 610 868 0 1 44 42 8687 32 2
16847 16848 610 868 611 868 1 0 42 41 -8687 32 1
16848 18298 611 868 611 868 0 0 41 41 0 1450 0
18298 18299 611 868 610 868 0 1 41 40 9237 32 1
18299 18302 610 868 610 871 1 0 40 37 -9237 32 3
18302 18893 610 871 610 871 0 0 37 37 0 591 0
18893 18896 610 871 610 868 0 1 37 34 9457 32 3
18896 18903 610 868 613 872 1 0 34 27 -9457 32 7
18903 19320 613 872 613 872 0 0 27 27 0 417 0
19320 19327 613 872 610 868 0 1 27 20 9618 32 7
19327 19328 610 868 611 868 1 0 20 19 -9618 32 1
19328 19551 611 868 611 868 0 0 19 19 0 223 0
19551 19552 611 868 610 868 0 1 19 18 9701 32 1
19552 19586 610 868 610 868 1 1 18 18 0 34 0
19586 19586 610 868 610 868 1 2 18 18 24585 32 0
19586 19591 610 868 614 869 2 1 18 13 -9701 0 5
19591 19593 614 869 612 869 1 0 13 11 -24585 29 2
19593 20961 612 869 612 869 0 0 11 11 0 1368 0
20961 20964 612 869 610 868 0 1 11 8 10197 32 3
20964 20966 610 868 612 868 1 0 8 6 -10197 32 2
20966 23265 612 868 612 868 0 0 6 6 0 2299 0
23265 23267 612 868 610 868 0 1 6 4 44590 32 2
23267 23295 610 868 610 868 1 1 4 4 0 28 0
23295 23295 610 868 610 868 1 2 4 4 10969 32 0
23295 23296 610 868 611 868 2 1 4 3 -44590 4 1
23296 23297 611 868 611 869 1 0 3 2 -10969 32 1
23297 43265 611 869 611 869 0 0 2 2 0 19968 0
43265 43267 611 869 610 868 0 0 2 0 1000000000 0 2
--------------------------------------

-------------------------------------------------------------------------

TPs

-------------------------------------------------------------------------

----------------------
TP395 allocated to 1
----------------------

----------------------
TP876 allocated to 1
----------------------

----------------------
TP1545 allocated to 1
----------------------

----------------------
TP1657 allocated to 1
----------------------

----------------------
TP1888 allocated to 1
----------------------

----------------------
TP1975 allocated to 1
----------------------

----------------------
TP2414 allocated to 1
----------------------

----------------------
TP2529 allocated to 1
----------------------

----------------------
TP2586 allocated to 1
----------------------

----------------------
TP2678 allocated to 1
----------------------

----------------------
TP2775 allocated to 1
----------------------

----------------------
TP3212 allocated to 1
----------------------

----------------------
TP3521 allocated to 1
----------------------

----------------------
TP3528 allocated to 1
----------------------

----------------------
TP4300 allocated to 1
----------------------

----------------------
TP4834 allocated to 1
----------------------

----------------------
TP5012 allocated to 1
----------------------

----------------------
TP5044 allocated to 1
----------------------

----------------------
TP5149 allocated to 1
----------------------

----------------------
TP5187 allocated to 1
----------------------

----------------------
TP5285 allocated to 1
----------------------

----------------------
TP5368 allocated to 2
----------------------

----------------------
TP5670 allocated to 2
----------------------

----------------------
TP6888 allocated to 2
----------------------

----------------------
TP7106 allocated to 2
----------------------

----------------------
TP7117 allocated to 2
----------------------

----------------------
TP7224 allocated to 2
----------------------

----------------------
TP7450 allocated to 2
----------------------

----------------------
TP7592 allocated to 2
----------------------

----------------------
TP7609 allocated to 1
----------------------

----------------------
TP7992 allocated to 2
----------------------

----------------------
TP8410 allocated to 2
----------------------

----------------------
TP8445 allocated to 2
----------------------

----------------------
TP8546 allocated to 2
----------------------

----------------------
TP8610 allocated to 2
----------------------

----------------------
TP8633 allocated to 2
----------------------

----------------------
TP8687 allocated to 2
----------------------

----------------------
TP9237 allocated to 2
----------------------

----------------------
TP9457 allocated to 2
----------------------

----------------------
TP9618 allocated to 2
----------------------

----------------------
TP9701 allocated to 2
----------------------

----------------------
TP10197 allocated to 2
----------------------

----------------------
TP10847 not allocated
----------------------

----------------------
TP10969 allocated to 2
----------------------

----------------------
TP11289 not allocated
----------------------

----------------------
TP11308 allocated to 1
----------------------

----------------------
TP11349 not allocated
----------------------

----------------------
TP11438 not allocated
----------------------

----------------------
TP11521 not allocated
----------------------

----------------------
TP11803 not allocated
----------------------

----------------------
TP11984 not allocated
----------------------

----------------------
TP12460 not allocated
----------------------

----------------------
TP12821 not allocated
----------------------

----------------------
TP13127 not allocated
----------------------

----------------------
TP13985 not allocated
----------------------

----------------------
TP14059 not allocated
----------------------

----------------------
TP14240 not allocated
----------------------

----------------------
TP14385 not allocated
----------------------

----------------------
TP14460 not allocated
----------------------

----------------------
TP14710 not allocated
----------------------

----------------------
TP14789 not allocated
----------------------

----------------------
TP14860 not allocated
----------------------

----------------------
TP16105 not allocated
----------------------

----------------------
TP16270 not allocated
----------------------

----------------------
TP16474 not allocated
----------------------

----------------------
TP17065 not allocated
----------------------

----------------------
TP17090 not allocated
----------------------

----------------------
TP17314 allocated to 1
----------------------

----------------------
TP17732 not allocated
----------------------

----------------------
TP17913 allocated to 1
----------------------

----------------------
TP17928 not allocated
----------------------

----------------------
TP18138 not allocated
----------------------

----------------------
TP18614 not allocated
----------------------

----------------------
TP19007 not allocated
----------------------

----------------------
TP19209 not allocated
----------------------

----------------------
TP19560 not allocated
----------------------

----------------------
TP19594 not allocated
----------------------

----------------------
TP19663 not allocated
----------------------

----------------------
TP19718 not allocated
----------------------

----------------------
TP19986 allocated to 1
----------------------

----------------------
TP20564 not allocated
----------------------

----------------------
TP20908 allocated to 1
----------------------

----------------------
TP21013 not allocated
----------------------

----------------------
TP21189 not allocated
----------------------

----------------------
TP21657 allocated to 1
----------------------

----------------------
TP21747 not allocated
----------------------

----------------------
TP22058 not allocated
----------------------

----------------------
TP22099 not allocated
----------------------

----------------------
TP22223 not allocated
----------------------

----------------------
TP22295 not allocated
----------------------

----------------------
TP22453 not allocated
----------------------

----------------------
TP22623 not allocated
----------------------

----------------------
TP22728 allocated to 1
----------------------

----------------------
TP22777 not allocated
----------------------

----------------------
TP22898 allocated to 1
----------------------

----------------------
TP23792 not allocated
----------------------

----------------------
TP24124 not allocated
----------------------

----------------------
TP24129 not allocated
----------------------

----------------------
TP24534 not allocated
----------------------

----------------------
TP24585 allocated to 2
----------------------

----------------------
TP25376 not allocated
----------------------

----------------------
TP25516 not allocated
----------------------

----------------------
TP25527 not allocated
----------------------

----------------------
TP25786 not allocated
----------------------

----------------------
TP25818 not allocated
----------------------

----------------------
TP26152 not allocated
----------------------

----------------------
TP26306 not allocated
----------------------

----------------------
TP26399 not allocated
----------------------

----------------------
TP26463 not allocated
----------------------

----------------------
TP26469 not allocated
----------------------

----------------------
TP26643 not allocated
----------------------

----------------------
TP26943 not allocated
----------------------

----------------------
TP27104 not allocated
----------------------

----------------------
TP28383 not allocated
----------------------

----------------------
TP28446 not allocated
----------------------

----------------------
TP28714 not allocated
----------------------

----------------------
TP29091 not allocated
----------------------

----------------------
TP29099 not allocated
----------------------

----------------------
TP29230 not allocated
----------------------

----------------------
TP29498 not allocated
----------------------

----------------------
TP29819 not allocated
----------------------

----------------------
TP29863 not allocated
----------------------

----------------------
TP29888 not allocated
----------------------

----------------------
TP29903 not allocated
----------------------

----------------------
TP29958 not allocated
----------------------

----------------------
TP30042 not allocated
----------------------

----------------------
TP30230 allocated to 1
----------------------

----------------------
TP30560 not allocated
----------------------

----------------------
TP30731 not allocated
----------------------

----------------------
TP31112 not allocated
----------------------

----------------------
TP31446 not allocated
----------------------

----------------------
TP31752 not allocated
----------------------

----------------------
TP31926 allocated to 1
----------------------

----------------------
TP32017 not allocated
----------------------

----------------------
TP32052 not allocated
----------------------

----------------------
TP32055 not allocated
----------------------

----------------------
TP32303 not allocated
----------------------

----------------------
TP32376 not allocated
----------------------

----------------------
TP33026 not allocated
----------------------

----------------------
TP33813 not allocated
----------------------

----------------------
TP33882 not allocated
----------------------

----------------------
TP33937 not allocated
----------------------

----------------------
TP34227 not allocated
----------------------

----------------------
TP34256 not allocated
----------------------

----------------------
TP34929 not allocated
----------------------

----------------------
TP35204 not allocated
----------------------

----------------------
TP35249 allocated to 1
----------------------

----------------------
TP35362 not allocated
----------------------

----------------------
TP35374 not allocated
----------------------

----------------------
TP35490 not allocated
----------------------

----------------------
TP35820 not allocated
----------------------

----------------------
TP36445 not allocated
----------------------

----------------------
TP36460 not allocated
----------------------

----------------------
TP37515 not allocated
----------------------

----------------------
TP37844 not allocated
----------------------

----------------------
TP38415 not allocated
----------------------

----------------------
TP38422 not allocated
----------------------

----------------------
TP39075 not allocated
----------------------

----------------------
TP39600 not allocated
----------------------

----------------------
TP40140 not allocated
----------------------

----------------------
TP40304 not allocated
----------------------

----------------------
TP40670 not allocated
----------------------

----------------------
TP40768 not allocated
----------------------

----------------------
TP41042 not allocated
----------------------

----------------------
TP41788 not allocated
----------------------

----------------------
TP41997 not allocated
----------------------

----------------------
TP42483 not allocated
----------------------

----------------------
TP42614 allocated to 1
----------------------

----------------------
TP42764 not allocated
----------------------

----------------------
TP42776 not allocated
----------------------

----------------------
TP43290 not allocated
----------------------

----------------------
TP43424 not allocated
----------------------

----------------------
TP43428 not allocated
----------------------

----------------------
TP43519 not allocated
----------------------

----------------------
TP44590 allocated to 2
----------------------

----------------------
TP44658 not allocated
----------------------

----------------------
TP44832 not allocated
----------------------

----------------------
TP45448 not allocated
----------------------

----------------------
TP46157 not allocated
----------------------

----------------------
TP46286 not allocated
----------------------

----------------------
TP46458 not allocated
----------------------

----------------------
TP46533 not allocated
----------------------

----------------------
TP46535 not allocated
----------------------

----------------------
TP46816 not allocated
----------------------

----------------------
TP46849 not allocated
----------------------

----------------------
TP47182 not allocated
----------------------

----------------------
TP47212 not allocated
----------------------

----------------------
TP47278 not allocated
----------------------

----------------------
TP47882 not allocated
----------------------

----------------------
TP48066 allocated to 1
----------------------

----------------------
TP48318 allocated to 1
----------------------

----------------------
TP48362 not allocated
----------------------

----------------------
TP48708 not allocated
----------------------

----------------------
TP49785 not allocated
----------------------

----------------------
TP49966 not allocated
----------------------

-------------------------------------------------------------------------

Ride-sharing vs Individual Mode - Num Vehicles and Distance Comparisson 

-------------------------------------------------------------------------
Individual Mode = 195 vehicles.
Ride-sharing Mode = 138 vehicles. The 2 ride-sharing vehicles + 136 vehicles of the individuals not served by the ride-sharing service.
-------------------------------------------------------------------------
Individual Mode = 446 distance.
Ride-sharing Mode = 538 distance. 200 from the EV fleet + 338 from the distance of the trips not covered individuals had to do with their own vehicle.
-------------------------------------------------------------------------
