-------------------------------------------------------------------------
TPs satisfied = 214; Total TPs = 214; Percentage Satisfied + 100.0%
-------------------------------------------------------------------------

-------------------------------------------------------------------------

EVs

-------------------------------------------------------------------------
--------------------------------------
EV1
--------------------------------------
Num TPs served = 38
TPs served = 24 221 549 1174 1319 1540 1620 1636 2362 2413 2931 3592 3612 3727 4411 4643 4736 4915 4961 5037 6279 8043 9992 10684 12314 24123 25781 25962 26098 28640 29526 30112 35116 41475 46318 46716 47096 47897
Total energy used = 100
--------------------------------------
Schedule:
0 68 61 186 61 186 0 0 100 100 0 68 0
68 68 61 186 61 186 0 1 100 100 24 32 0
68 70 61 186 62 187 1 0 100 98 -24 32 2
70 421 62 187 62 187 0 0 98 98 0 351 0
421 423 62 187 61 186 0 1 98 96 221 32 2
423 425 61 186 63 186 1 0 96 94 -221 32 2
425 981 63 186 63 186 0 0 94 94 0 556 0
981 983 63 186 61 186 0 1 94 92 549 32 2
983 985 61 186 63 186 1 0 92 90 -549 32 2
985 2050 63 186 63 186 0 0 90 90 0 1065 0
2050 2052 63 186 61 186 0 1 90 88 1174 32 2
2052 2053 61 186 62 186 1 0 88 87 -1174 32 1
2053 2312 62 186 62 186 0 0 87 87 0 259 0
2312 2313 62 186 61 186 0 1 87 86 1319 32 1
2313 2314 61 186 61 186 1 1 86 86 0 1 0
2314 2319 61 186 64 188 1 0 86 81 -1319 32 5
2319 2674 64 188 64 188 0 0 81 81 0 355 0
2674 2679 64 188 61 186 0 1 81 76 1540 32 5
2679 2683 61 186 63 188 1 0 76 72 -1540 32 4
2683 2855 63 188 63 188 0 0 72 72 0 172 0
2855 2859 63 188 61 186 0 1 72 68 1636 32 4
2859 2859 61 186 61 186 1 2 68 68 1620 8 0
2859 2860 61 186 61 186 2 2 68 68 0 1 0
2860 2862 61 186 63 186 2 1 68 66 -1636 32 2
2862 2863 63 186 63 187 1 0 66 65 -1620 7 1
2863 4192 63 187 63 187 0 0 65 65 0 1329 0
4192 4195 63 187 61 186 0 1 65 62 2362 32 3
4195 4197 61 186 61 186 1 1 62 62 0 2 0
4197 4197 61 186 61 186 1 0 62 62 -2362 32 0
4197 4293 61 186 61 186 0 0 62 62 0 96 0
4293 4293 61 186 61 186 0 1 62 62 2413 32 0
4293 4294 61 186 61 187 1 0 62 61 -2413 32 1
4294 5225 61 187 61 187 0 0 61 61 0 931 0
5225 5226 61 187 61 186 0 1 61 60 2931 32 1
5226 5228 61 186 63 186 1 0 60 58 -2931 32 2
5228 6433 63 186 63 186 0 0 58 58 0 1205 0
6433 6435 63 186 61 186 0 1 58 56 3592 32 2
6435 6436 61 186 61 186 1 1 56 56 0 1 0
6436 6436 61 186 61 186 1 0 56 56 -3592 32 0
6436 6474 61 186 61 186 0 0 56 56 0 38 0
6474 6474 61 186 61 186 0 1 56 56 3612 32 0
6474 6475 61 186 62 186 1 0 56 55 -3612 32 1
6475 6688 62 186 62 186 0 0 55 55 0 213 0
6688 6689 62 186 61 186 0 1 55 54 3727 32 1
6689 6690 61 186 61 186 1 1 54 54 0 1 0
6690 6690 61 186 61 186 1 0 54 54 -3727 32 0
6690 7938 61 186 61 186 0 0 54 54 0 1248 0
7938 7938 61 186 61 186 0 1 54 54 4411 32 0
7938 7939 61 186 61 186 1 1 54 54 0 1 0
7939 7940 61 186 62 186 1 0 54 53 -4411 32 1
7940 8395 62 186 62 186 0 0 53 53 0 455 0
8395 8396 62 186 61 186 0 1 53 52 4643 32 1
8396 8398 61 186 63 186 1 0 52 50 -4643 32 2
8398 8599 63 186 63 186 0 0 50 50 0 201 0
8599 8601 63 186 61 186 0 1 50 48 4736 32 2
8601 8603 61 186 63 186 1 0 48 46 -4736 32 2
8603 8927 63 186 63 186 0 0 46 46 0 324 0
8927 8929 63 186 61 186 0 1 46 44 4915 32 2
8929 8930 61 186 61 186 1 1 44 44 0 1 0
8930 8933 61 186 61 189 1 0 44 41 -4915 32 3
8933 8998 61 189 61 189 0 0 41 41 0 65 0
8998 9001 61 189 61 186 0 1 41 38 4961 32 3
9001 9003 61 186 62 187 1 0 38 36 -4961 32 2
9003 9129 62 187 62 187 0 0 36 36 0 126 0
9129 9131 62 187 61 186 0 1 36 34 5037 32 2
9131 9133 61 186 61 186 1 1 34 34 0 2 0
9133 9148 61 186 68 194 1 0 34 19 -5037 32 15
9148 11510 68 194 68 194 0 0 19 19 0 2362 0
11510 11525 68 194 61 186 0 1 19 4 6279 32 15
11525 11527 61 186 63 186 1 0 4 2 -6279 32 2
11527 15308 63 186 63 186 0 0 2 2 0 3781 0
15308 15310 63 186 61 186 0 1 2 0 8043 32 2
15310 15311 61 186 61 186 1 1 0 0 0 1 0
15311 15311 61 186 61 186 1 0 0 0 -8043 32 0
15311 16953 61 186 61 186 0 0 0 0 0 1642 0
16953 16953 61 186 61 186 0 1 0 0 41475 32 0
16953 16955 61 186 61 186 1 1 0 0 0 2 0
16955 16955 61 186 61 186 1 0 0 0 -41475 32 0
16955 18546 61 186 61 186 0 0 0 0 0 1591 0
18546 18546 61 186 61 186 0 1 0 0 24123 32 0
18546 18549 61 186 61 186 1 1 0 0 0 3 0
18549 18549 61 186 61 186 1 0 0 0 -24123 32 0
18549 20385 61 186 61 186 0 0 0 0 0 1836 0
20385 20385 61 186 61 186 0 1 0 0 9992 32 0
20385 20386 61 186 61 186 1 1 0 0 0 1 0
20386 20386 61 186 61 186 1 0 0 0 -9992 32 0
20386 22191 61 186 61 186 0 0 0 0 0 1805 0
22191 22191 61 186 61 186 0 1 0 0 25781 32 0
22191 22211 61 186 61 186 1 1 0 0 0 20 0
22211 22211 61 186 61 186 1 0 0 0 -25781 32 0
22211 22343 61 186 61 186 0 0 0 0 0 132 0
22343 22343 61 186 61 186 0 1 0 0 10684 32 0
22343 22346 61 186 61 186 1 1 0 0 0 3 0
22346 22346 61 186 61 186 1 0 0 0 -10684 32 0
22346 22583 61 186 61 186 0 0 0 0 0 237 0
22583 22583 61 186 61 186 0 1 0 0 25962 32 0
22583 22584 61 186 61 186 1 1 0 0 0 1 0
22584 22584 61 186 61 186 1 0 0 0 -25962 32 0
22584 22851 61 186 61 186 0 0 0 0 0 267 0
22851 22851 61 186 61 186 0 1 0 0 26098 32 0
22851 22852 61 186 61 186 1 1 0 0 0 1 0
22852 22852 61 186 61 186 1 0 0 0 -26098 32 0
22852 26343 61 186 61 186 0 0 0 0 0 3491 0
26343 26343 61 186 61 186 0 1 0 0 46318 32 0
26343 26347 61 186 61 186 1 1 0 0 0 4 0
26347 26347 61 186 61 186 1 0 0 0 -46318 32 0
26347 27089 61 186 61 186 0 0 0 0 0 742 0
27089 27089 61 186 61 186 0 1 0 0 46716 32 0
27089 27090 61 186 61 186 1 1 0 0 0 1 0
27090 27090 61 186 61 186 1 0 0 0 -46716 32 0
27090 27718 61 186 61 186 0 0 0 0 0 628 0
27718 27718 61 186 61 186 0 1 0 0 47096 32 0
27718 27719 61 186 61 186 1 1 0 0 0 1 0
27719 27719 61 186 61 186 1 0 0 0 -47096 32 0
27719 27755 61 186 61 186 0 0 0 0 0 36 0
27755 27755 61 186 61 186 0 1 0 0 28640 32 0
27755 27757 61 186 61 186 1 1 0 0 0 2 0
27757 27757 61 186 61 186 1 0 0 0 -28640 32 0
27757 27816 61 186 61 186 0 0 0 0 0 59 0
27816 27816 61 186 61 186 0 1 0 0 12314 32 0
27816 27818 61 186 61 186 1 1 0 0 0 2 0
27818 27818 61 186 61 186 1 0 0 0 -12314 32 0
27818 29036 61 186 61 186 0 0 0 0 0 1218 0
29036 29036 61 186 61 186 0 1 0 0 47897 32 0
29036 29037 61 186 61 186 1 1 0 0 0 1 0
29037 29037 61 186 61 186 1 0 0 0 -47897 32 0
29037 29575 61 186 61 186 0 0 0 0 0 538 0
29575 29575 61 186 61 186 0 1 0 0 29526 32 0
29575 29576 61 186 61 186 1 1 0 0 0 1 0
29576 29576 61 186 61 186 1 0 0 0 -29526 32 0
29576 30697 61 186 61 186 0 0 0 0 0 1121 0
30697 30697 61 186 61 186 0 1 0 0 30112 32 0
30697 30699 61 186 61 186 1 1 0 0 0 2 0
30699 30699 61 186 61 186 1 0 0 0 -30112 32 0
30699 43099 61 186 61 186 0 0 0 0 0 12400 0
43099 43099 61 186 61 186 0 1 0 0 35116 32 0
43099 43101 61 186 61 186 1 1 0 0 0 2 0
43101 43101 61 186 61 186 1 0 0 0 -35116 32 0
43101 43267 61 186 61 186 0 0 0 0 0 166 0
43267 43267 61 186 61 186 0 0 0 0 1000000000 0 0
--------------------------------------
--------------------------------------
EV2
--------------------------------------
Num TPs served = 17
TPs served = 5456 6315 6758 6852 6991 7048 7215 7999 8423 8441 8623 8656 8797 9260 9364 10687 21306
Total energy used = 100
--------------------------------------
Schedule:
0 9924 61 186 61 186 0 0 100 100 0 9924 0
9924 9924 61 186 61 186 0 1 100 100 5456 32 0
9924 9925 61 186 61 186 1 1 100 100 0 1 0
9925 9928 61 186 63 187 1 0 100 97 -5456 32 3
9928 11567 63 187 63 187 0 0 97 97 0 1639 0
11567 11570 63 187 61 186 0 1 97 94 21306 32 3
11570 11590 61 186 61 186 1 1 94 94 0 20 0
11590 11590 61 186 61 186 1 2 94 94 6315 32 0
11590 11591 61 186 62 186 2 1 94 93 -21306 12 1
11591 11594 62 186 62 189 1 0 93 90 -6315 32 3
11594 12477 62 189 62 189 0 0 90 90 0 883 0
12477 12481 62 189 61 186 0 1 90 86 6758 32 4
12481 12482 61 186 62 186 1 0 86 85 -6758 32 1
12482 12680 62 186 62 186 0 0 85 85 0 198 0
12680 12681 62 186 61 186 0 1 85 84 6852 32 1
12681 12684 61 186 61 186 1 1 84 84 0 3 0
12684 12689 61 186 66 186 1 0 84 79 -6852 32 5
12689 12989 66 186 66 186 0 0 79 79 0 300 0
12989 12994 66 186 61 186 0 1 79 74 6991 32 5
12994 12996 61 186 63 186 1 0 74 72 -6991 32 2
12996 13098 63 186 63 186 0 0 72 72 0 102 0
13098 13100 63 186 61 186 0 1 72 70 7048 32 2
13100 13109 61 186 70 186 1 0 70 61 -7048 32 9
13109 13479 70 186 70 186 0 0 61 61 0 370 0
13479 13488 70 186 61 186 0 1 61 52 7215 32 9
13488 13491 61 186 61 186 1 1 52 52 0 3 0
13491 13492 61 186 61 187 1 0 52 51 -7215 32 1
13492 15202 61 187 61 187 0 0 51 51 0 1710 0
15202 15203 61 187 61 186 0 1 51 50 7999 32 1
15203 15205 61 186 61 188 1 0 50 48 -7999 32 2
15205 16195 61 188 61 188 0 0 48 48 0 990 0
16195 16197 61 188 61 186 0 1 48 46 8423 32 2
16197 16199 61 186 63 186 1 0 46 44 -8423 32 2
16199 16236 63 186 63 186 0 0 44 44 0 37 0
16236 16238 63 186 61 186 0 1 44 42 8441 32 2
16238 16239 61 186 61 186 1 1 42 42 0 1 0
16239 16240 61 186 61 187 1 0 42 41 -8441 32 1
16240 16671 61 187 61 187 0 0 41 41 0 431 0
16671 16672 61 187 61 186 0 1 41 40 8623 32 1
16672 16682 61 186 61 186 1 1 40 40 0 10 0
16682 16683 61 186 61 187 1 0 40 39 -8623 32 1
16683 16747 61 187 61 187 0 0 39 39 0 64 0
16747 16748 61 187 61 186 0 1 39 38 8656 32 1
16748 16749 61 186 61 186 1 1 38 38 0 1 0
16749 16760 61 186 65 193 1 0 38 27 -8656 32 11
16760 17120 65 193 65 193 0 0 27 27 0 360 0
17120 17131 65 193 61 186 0 1 27 16 8797 32 11
17131 17132 61 186 61 186 1 1 16 16 0 1 0
17132 17135 61 186 64 186 1 0 16 13 -8797 32 3
17135 18365 64 186 64 186 0 0 13 13 0 1230 0
18365 18368 64 186 61 186 0 1 13 10 9260 32 3
18368 18370 61 186 63 186 1 0 10 8 -9260 32 2
18370 18657 63 186 63 186 0 0 8 8 0 287 0
18657 18659 63 186 61 186 0 1 8 6 9364 32 2
18659 18661 61 186 61 188 1 0 6 4 -9364 32 2
18661 22356 61 188 61 188 0 0 4 4 0 3695 0
22356 22358 61 188 61 186 0 1 4 2 10687 32 2
22358 22360 61 186 61 186 1 1 2 2 0 2 0
22360 22361 61 186 62 186 1 0 2 1 -10687 32 1
22361 43266 62 186 62 186 0 0 1 1 0 20905 0
43266 43267 62 186 61 186 0 0 1 0 1000000000 0 1
--------------------------------------
--------------------------------------
EV3
--------------------------------------
Num TPs served = 15
TPs served = 9821 9864 11029 11070 11195 11541 11704 12033 12106 12292 12550 12855 13614 13708 13749
Total energy used = 100
--------------------------------------
Schedule:
0 19952 61 186 61 186 0 0 100 100 0 19952 0
19952 19952 61 186 61 186 0 1 100 100 9821 32 0
19952 19953 61 186 61 186 1 1 100 100 0 1 0
19953 19958 61 186 65 187 1 0 100 95 -9821 32 5
19958 20049 65 187 65 187 0 0 95 95 0 91 0
20049 20054 65 187 61 186 0 1 95 90 9864 32 5
20054 20055 61 186 61 186 1 1 90 90 0 1 0
20055 20059 61 186 65 186 1 0 90 86 -9864 32 4
20059 23447 65 186 65 186 0 0 86 86 0 3388 0
23447 23451 65 186 61 186 0 1 86 82 11029 32 4
23451 23455 61 186 61 190 1 0 82 78 -11029 32 4
23455 23590 61 190 61 190 0 0 78 78 0 135 0
23590 23594 61 190 61 186 0 1 78 74 11070 32 4
23594 23597 61 186 62 188 1 0 74 71 -11070 32 3
23597 23930 62 188 62 188 0 0 71 71 0 333 0
23930 23933 62 188 61 186 0 1 71 68 11195 32 3
23933 23935 61 186 61 186 1 1 68 68 0 2 0
23935 23939 61 186 64 187 1 0 68 64 -11195 32 4
23939 25112 64 187 64 187 0 0 64 64 0 1173 0
25112 25116 64 187 61 186 0 1 64 60 11541 32 4
25116 25117 61 186 61 186 1 1 60 60 0 1 0
25117 25118 61 186 61 187 1 0 60 59 -11541 32 1
25118 25702 61 187 61 187 0 0 59 59 0 584 0
25702 25703 61 187 61 186 0 1 59 58 11704 32 1
25703 25714 61 186 72 186 1 0 58 47 -11704 32 11
25714 26837 72 186 72 186 0 0 47 47 0 1123 0
26837 26848 72 186 61 186 0 1 47 36 12033 32 11
26848 26850 61 186 61 188 1 0 36 34 -12033 32 2
26850 27116 61 188 61 188 0 0 34 34 0 266 0
27116 27118 61 188 61 186 0 1 34 32 12106 32 2
27118 27123 61 186 62 190 1 0 32 27 -12106 32 5
27123 27732 62 190 62 190 0 0 27 27 0 609 0
27732 27737 62 190 61 186 0 1 27 22 12292 32 5
27737 27738 61 186 61 187 1 0 22 21 -12292 32 1
27738 28622 61 187 61 187 0 0 21 21 0 884 0
28622 28623 61 187 61 186 0 1 21 20 12550 32 1
28623 28627 61 186 65 186 1 0 20 16 -12550 32 4
28627 29769 65 186 65 186 0 0 16 16 0 1142 0
29769 29773 65 186 61 186 0 1 16 12 12855 32 4
29773 29774 61 186 62 186 1 0 12 11 -12855 32 1
29774 32546 62 186 62 186 0 0 11 11 0 2772 0
32546 32547 62 186 61 186 0 1 11 10 13614 32 1
32547 32549 61 186 61 186 1 1 10 10 0 2 0
32549 32550 61 186 61 187 1 0 10 9 -13614 32 1
32550 32862 61 187 61 187 0 0 9 9 0 312 0
32862 32863 61 187 61 186 0 1 9 8 13708 32 1
32863 32864 61 186 61 186 1 1 8 8 0 1 0
32864 32867 61 186 62 188 1 0 8 5 -13708 32 3
32867 33029 62 188 62 188 0 0 5 5 0 162 0
33029 33032 62 188 61 186 0 1 5 2 13749 32 3
33032 33033 61 186 62 186 1 0 2 1 -13749 32 1
33033 43266 62 186 62 186 0 0 1 1 0 10233 0
43266 43267 62 186 61 186 0 0 1 0 1000000000 0 1
--------------------------------------
--------------------------------------
EV4
--------------------------------------
Num TPs served = 17
TPs served = 13900 14121 14594 14807 14845 14907 14954 15402 15403 15538 15565 15828 15830 15929 16491 16545 17168
Total energy used = 100
--------------------------------------
Schedule:
0 33577 61 186 61 186 0 0 100 100 0 33577 0
33577 33577 61 186 61 186 0 1 100 100 13900 32 0
33577 33579 61 186 61 186 1 1 100 100 0 2 0
33579 33581 61 186 63 186 1 0 100 98 -13900 32 2
33581 34435 63 186 63 186 0 0 98 98 0 854 0
34435 34437 63 186 61 186 0 1 98 96 14121 32 2
34437 34442 61 186 66 186 1 0 96 91 -14121 32 5
34442 36216 66 186 66 186 0 0 91 91 0 1774 0
36216 36221 66 186 61 186 0 1 91 86 14594 32 5
36221 36222 61 186 61 186 1 1 86 86 0 1 0
36222 36228 61 186 67 186 1 0 86 80 -14594 32 6
36228 37061 67 186 67 186 0 0 80 80 0 833 0
37061 37067 67 186 61 186 0 1 80 74 14807 32 6
37067 37068 61 186 62 186 1 0 74 73 -14807 32 1
37068 37224 62 186 62 186 0 0 73 73 0 156 0
37224 37225 62 186 61 186 0 1 73 72 14845 32 1
37225 37229 61 186 61 186 1 1 72 72 0 4 0
37229 37231 61 186 62 187 1 0 72 70 -14845 32 2
37231 37466 62 187 62 187 0 0 70 70 0 235 0
37466 37468 62 187 61 186 0 1 70 68 14907 32 2
37468 37469 61 186 61 186 1 1 68 68 0 1 0
37469 37471 61 186 62 187 1 0 68 66 -14907 32 2
37471 37638 62 187 62 187 0 0 66 66 0 167 0
37638 37640 62 187 61 186 0 1 66 64 14954 32 2
37640 37642 61 186 61 186 1 1 64 64 0 2 0
37642 37645 61 186 62 188 1 0 64 61 -14954 32 3
37645 39369 62 188 62 188 0 0 61 61 0 1724 0
39369 39372 62 188 61 186 0 1 61 58 15403 32 3
39372 39372 61 186 61 186 1 2 58 58 15402 29 0
39372 39373 61 186 62 186 2 1 58 57 -15403 32 1
39373 39376 62 186 64 187 1 0 57 54 -15402 30 3
39376 39849 64 187 64 187 0 0 54 54 0 473 0
39849 39853 64 187 61 186 0 1 54 50 15538 32 4
39853 39854 61 186 62 186 1 0 50 49 -15538 32 1
39854 39914 62 186 62 186 0 0 49 49 0 60 0
39914 39915 62 186 61 186 0 1 49 48 15565 32 1
39915 39925 61 186 70 187 1 0 48 38 -15565 32 10
39925 40433 70 187 70 187 0 0 38 38 0 508 0
40433 40443 70 187 61 186 0 1 38 28 15830 32 10
40443 40443 61 186 61 186 1 2 28 28 15828 28 0
40443 40444 61 186 61 186 2 2 28 28 0 1 0
40444 40448 61 186 65 186 2 1 28 24 -15830 32 4
40448 40452 65 186 62 187 1 0 24 20 -15828 21 4
40452 40607 62 187 62 187 0 0 20 20 0 155 0
40607 40609 62 187 61 186 0 1 20 18 15929 32 2
40609 40611 61 186 63 186 1 0 18 16 -15929 32 2
40611 41582 63 186 63 186 0 0 16 16 0 971 0
41582 41584 63 186 61 186 0 1 16 14 16491 32 2
41584 41587 61 186 63 187 1 0 14 11 -16491 32 3
41587 41676 63 187 63 187 0 0 11 11 0 89 0
41676 41679 63 187 61 186 0 1 11 8 16545 32 3
41679 41682 61 186 62 188 1 0 8 5 -16545 32 3
41682 42793 62 188 62 188 0 0 5 5 0 1111 0
42793 42796 62 188 61 186 0 1 5 2 17168 32 3
42796 42797 61 186 61 186 1 1 2 2 0 1 0
42797 42798 61 186 62 186 1 0 2 1 -17168 32 1
42798 43266 62 186 62 186 0 0 1 1 0 468 0
43266 43267 62 186 61 186 0 0 1 0 1000000000 0 1
--------------------------------------
--------------------------------------
EV5
--------------------------------------
Num TPs served = 15
TPs served = 16170 17001 17009 17653 17683 17794 18160 18709 19044 19633 19953 20350 20954 22012 35526
Total energy used = 100
--------------------------------------
Schedule:
0 745 61 186 61 186 0 0 100 100 0 745 0
745 745 61 186 61 186 0 1 100 100 17653 32 0
745 748 61 186 62 188 1 0 100 97 -17653 32 3
748 821 62 188 62 188 0 0 97 97 0 73 0
821 824 62 188 61 186 0 1 97 94 17683 32 3
824 826 61 186 61 186 1 1 94 94 0 2 0
826 832 61 186 67 186 1 0 94 88 -17683 32 6
832 1149 67 186 67 186 0 0 88 88 0 317 0
1149 1155 67 186 61 186 0 1 88 82 35526 32 6
1155 1177 61 186 61 186 1 1 82 82 0 22 0
1177 1177 61 186 61 186 1 2 82 82 17794 32 0
1177 1178 61 186 62 186 2 1 82 81 -35526 11 1
1178 1186 62 186 62 186 1 1 81 81 0 8 0
1186 1189 62 186 62 189 1 0 81 78 -17794 32 3
1189 2317 62 189 62 189 0 0 78 78 0 1128 0
2317 2321 62 189 61 186 0 1 78 74 18160 32 4
2321 2329 61 186 62 193 1 0 74 66 -18160 32 8
2329 4060 62 193 62 193 0 0 66 66 0 1731 0
4060 4068 62 193 61 186 0 1 66 58 18709 32 8
4068 4071 61 186 62 188 1 0 58 55 -18709 32 3
4071 5131 62 188 62 188 0 0 55 55 0 1060 0
5131 5134 62 188 61 186 0 1 55 52 19044 32 3
5134 5136 61 186 62 187 1 0 52 50 -19044 32 2
5136 6953 62 187 62 187 0 0 50 50 0 1817 0
6953 6955 62 187 61 186 0 1 50 48 19633 32 2
6955 6957 61 186 63 186 1 0 48 46 -19633 32 2
6957 7890 63 186 63 186 0 0 46 46 0 933 0
7890 7892 63 186 61 186 0 1 46 44 19953 32 2
7892 7893 61 186 61 187 1 0 44 43 -19953 32 1
7893 9040 61 187 61 187 0 0 43 43 0 1147 0
9040 9041 61 187 61 186 0 1 43 42 20350 32 1
9041 9042 61 186 61 186 1 1 42 42 0 1 0
9042 9043 61 186 62 186 1 0 42 41 -20350 32 1
9043 10635 62 186 62 186 0 0 41 41 0 1592 0
10635 10636 62 186 61 186 0 1 41 40 20954 32 1
10636 10637 61 186 62 186 1 0 40 39 -20954 32 1
10637 13501 62 186 62 186 0 0 39 39 0 2864 0
13501 13502 62 186 61 186 0 1 39 38 22012 32 1
13502 13505 61 186 63 187 1 0 38 35 -22012 32 3
13505 41062 63 187 63 187 0 0 35 35 0 27557 0
41062 41065 63 187 61 186 0 1 35 32 16170 32 3
41065 41066 61 186 61 186 1 1 32 32 0 1 0
41066 41076 61 186 70 187 1 0 32 22 -16170 32 10
41076 42507 70 187 70 187 0 0 22 22 0 1431 0
42507 42517 70 187 61 186 0 1 22 12 17009 32 10
42517 42517 61 186 61 186 1 2 12 12 17001 16 0
42517 42519 61 186 63 186 2 1 12 10 -17009 32 2
42519 42525 63 186 61 190 1 0 10 4 -17001 15 6
42525 43263 61 190 61 190 0 0 4 4 0 738 0
43263 43267 61 190 61 186 0 0 4 0 1000000000 0 4
--------------------------------------
--------------------------------------
EV6
--------------------------------------
Num TPs served = 17
TPs served = 22016 22017 22105 22211 22461 22477 23326 23358 23408 23457 23523 23948 24276 24938 25220 25243 40489
Total energy used = 100
--------------------------------------
Schedule:
0 13508 61 186 61 186 0 0 100 100 0 13508 0
13508 13508 61 186 61 186 0 1 100 100 22017 32 0
13508 13508 61 186 61 186 1 2 100 100 22016 31 0
13508 13510 61 186 61 188 2 1 100 98 -22017 32 2
13510 13516 61 188 61 188 1 1 98 98 0 6 0
13516 13517 61 188 62 188 1 0 98 97 -22016 32 1
13517 13732 62 188 62 188 0 0 97 97 0 215 0
13732 13735 62 188 61 186 0 1 97 94 22105 32 3
13735 13737 61 186 63 186 1 0 94 92 -22105 32 2
13737 14003 63 186 63 186 0 0 92 92 0 266 0
14003 14005 63 186 61 186 0 1 92 90 22211 32 2
14005 14008 61 186 63 187 1 0 90 87 -22211 32 3
14008 14650 63 187 63 187 0 0 87 87 0 642 0
14650 14653 63 187 61 186 0 1 87 84 22461 32 3
14653 14685 61 186 61 186 1 1 84 84 0 32 0
14685 14685 61 186 61 186 1 2 84 84 40489 32 0
14685 14687 61 186 63 186 2 1 84 82 -22461 0 2
14687 14693 63 186 63 186 1 1 82 82 0 6 0
14693 14693 63 186 63 186 1 0 82 82 -40489 32 0
14693 14695 63 186 61 186 0 1 82 80 22477 26 2
14695 14697 61 186 63 186 1 0 80 78 -22477 26 2
14697 16780 63 186 63 186 0 0 78 78 0 2083 0
16780 16782 63 186 61 186 0 1 78 76 23326 32 2
16782 16796 61 186 73 188 1 0 76 62 -23326 32 14
16796 16847 73 188 73 188 0 0 62 62 0 51 0
16847 16861 73 188 61 186 0 1 62 48 23358 32 14
16861 16865 61 186 64 187 1 0 48 44 -23358 32 4
16865 16966 64 187 64 187 0 0 44 44 0 101 0
16966 16970 64 187 61 186 0 1 44 40 23408 32 4
16970 16971 61 186 62 186 1 0 40 39 -23408 32 1
16971 17088 62 186 62 186 0 0 39 39 0 117 0
17088 17089 62 186 61 186 0 1 39 38 23457 32 1
17089 17093 61 186 65 186 1 0 38 34 -23457 32 4
17093 17220 65 186 65 186 0 0 34 34 0 127 0
17220 17224 65 186 61 186 0 1 34 30 23523 32 4
17224 17227 61 186 61 189 1 0 30 27 -23523 32 3
17227 18170 61 189 61 189 0 0 27 27 0 943 0
18170 18173 61 189 61 186 0 1 27 24 23948 32 3
18173 18174 61 186 61 187 1 0 24 23 -23948 32 1
18174 18890 61 187 61 187 0 0 23 23 0 716 0
18890 18891 61 187 61 186 0 1 23 22 24276 32 1
18891 18893 61 186 62 187 1 0 22 20 -24276 32 2
18893 20343 62 187 62 187 0 0 20 20 0 1450 0
20343 20345 62 187 61 186 0 1 20 18 24938 32 2
20345 20348 61 186 61 186 1 1 18 18 0 3 0
20348 20352 61 186 65 186 1 0 18 14 -24938 32 4
20352 20977 65 186 65 186 0 0 14 14 0 625 0
20977 20981 65 186 61 186 0 1 14 10 25220 32 4
20981 20982 61 186 61 186 1 1 10 10 0 1 0
20982 20984 61 186 61 188 1 0 10 8 -25220 32 2
20984 21024 61 188 61 188 0 0 8 8 0 40 0
21024 21026 61 188 61 186 0 1 8 6 25243 32 2
21026 21029 61 186 61 189 1 0 6 3 -25243 32 3
21029 43264 61 189 61 189 0 0 3 3 0 22235 0
43264 43267 61 189 61 186 0 0 3 0 1000000000 0 3
--------------------------------------
--------------------------------------
EV7
--------------------------------------
Num TPs served = 17
TPs served = 26731 26879 26944 26981 27121 27313 27376 27506 27667 28341 28659 28935 29377 29388 29700 29729 31028
Total energy used = 100
--------------------------------------
Schedule:
0 24117 61 186 61 186 0 0 100 100 0 24117 0
24117 24117 61 186 61 186 0 1 100 100 26731 32 0
24117 24119 61 186 63 186 1 0 100 98 -26731 32 2
24119 24418 63 186 63 186 0 0 98 98 0 299 0
24418 24420 63 186 61 186 0 1 98 96 26879 32 2
24420 24421 61 186 62 186 1 0 96 95 -26879 32 1
24421 24540 62 186 62 186 0 0 95 95 0 119 0
24540 24541 62 186 61 186 0 1 95 94 26944 32 1
24541 24542 61 186 61 186 1 1 94 94 0 1 0
24542 24543 61 186 61 187 1 0 94 93 -26944 32 1
24543 24619 61 187 61 187 0 0 93 93 0 76 0
24619 24620 61 187 61 186 0 1 93 92 26981 32 1
24620 24628 61 186 69 186 1 0 92 84 -26981 32 8
24628 24861 69 186 69 186 0 0 84 84 0 233 0
24861 24869 69 186 61 186 0 1 84 76 27121 32 8
24869 24870 61 186 62 186 1 0 76 75 -27121 32 1
24870 25213 62 186 62 186 0 0 75 75 0 343 0
25213 25214 62 186 61 186 0 1 75 74 27313 32 1
25214 25217 61 186 64 186 1 0 74 71 -27313 32 3
25217 25339 64 186 64 186 0 0 71 71 0 122 0
25339 25342 64 186 61 186 0 1 71 68 27376 32 3
25342 25344 61 186 62 187 1 0 68 66 -27376 32 2
25344 25577 62 187 62 187 0 0 66 66 0 233 0
25577 25579 62 187 61 186 0 1 66 64 27506 32 2
25579 25580 61 186 61 186 1 1 64 64 0 1 0
25580 25582 61 186 61 188 1 0 64 62 -27506 32 2
25582 25881 61 188 61 188 0 0 62 62 0 299 0
25881 25883 61 188 61 186 0 1 62 60 27667 32 2
25883 25884 61 186 61 187 1 0 60 59 -27667 32 1
25884 27187 61 187 61 187 0 0 59 59 0 1303 0
27187 27188 61 187 61 186 0 1 59 58 28341 32 1
27188 27189 61 186 61 186 1 1 58 58 0 1 0
27189 27196 61 186 66 188 1 0 58 51 -28341 32 7
27196 27782 66 188 66 188 0 0 51 51 0 586 0
27782 27789 66 188 61 186 0 1 51 44 28659 32 7
27789 27790 61 186 61 186 1 1 44 44 0 1 0
27790 27796 61 186 64 189 1 0 44 38 -28659 32 6
27796 28344 64 189 64 189 0 0 38 38 0 548 0
28344 28350 64 189 61 186 0 1 38 32 28935 32 6
28350 28352 61 186 61 188 1 0 32 30 -28935 32 2
28352 29276 61 188 61 188 0 0 30 30 0 924 0
29276 29278 61 188 61 186 0 1 30 28 29388 32 2
29278 29278 61 186 61 186 1 2 28 28 29377 13 0
29278 29279 61 186 62 186 2 1 28 27 -29388 32 1
29279 29279 62 186 62 186 1 0 27 27 -29377 13 0
29279 29879 62 186 62 186 0 0 27 27 0 600 0
29879 29880 62 186 61 186 0 1 27 26 29700 32 1
29880 29883 61 186 64 186 1 0 26 23 -29700 32 3
29883 29942 64 186 64 186 0 0 23 23 0 59 0
29942 29945 64 186 61 186 0 1 23 20 29729 32 3
29945 29949 61 186 61 186 1 1 20 20 0 4 0
29949 29958 61 186 69 187 1 0 20 11 -29729 32 9
29958 32548 69 187 69 187 0 0 11 11 0 2590 0
32548 32557 69 187 61 186 0 1 11 2 31028 32 9
32557 32558 61 186 62 186 1 0 2 1 -31028 32 1
32558 43266 62 186 62 186 0 0 1 1 0 10708 0
43266 43267 62 186 61 186 0 0 1 0 1000000000 0 1
--------------------------------------
--------------------------------------
EV8
--------------------------------------
Num TPs served = 23
TPs served = 31411 31587 31658 32082 32203 32304 32564 32665 33417 33566 33705 33777 34311 34509 34702 34946 35678 36250 36682 37301 37358 37520 37627
Total energy used = 100
--------------------------------------
Schedule:
0 1577 61 186 61 186 0 0 100 100 0 1577 0
1577 1577 61 186 61 186 0 1 100 100 35678 32 0
1577 1581 61 186 63 188 1 0 100 96 -35678 32 4
1581 3205 63 188 63 188 0 0 96 96 0 1624 0
3205 3209 63 188 61 186 0 1 96 92 36250 32 4
3209 3210 61 186 62 186 1 0 92 91 -36250 32 1
3210 4530 62 186 62 186 0 0 91 91 0 1320 0
4530 4531 62 186 61 186 0 1 91 90 36682 32 1
4531 4534 61 186 62 188 1 0 90 87 -36682 32 3
4534 6326 62 188 62 188 0 0 87 87 0 1792 0
6326 6329 62 188 61 186 0 1 87 84 37301 32 3
6329 6330 61 186 62 186 1 0 84 83 -37301 32 1
6330 6481 62 186 62 186 0 0 83 83 0 151 0
6481 6482 62 186 61 186 0 1 83 82 37358 32 1
6482 6483 61 186 61 186 1 1 82 82 0 1 0
6483 6484 61 186 61 187 1 0 82 81 -37358 32 1
6484 6982 61 187 61 187 0 0 81 81 0 498 0
6982 6983 61 187 61 186 0 1 81 80 37520 32 1
6983 6986 61 186 61 186 1 1 80 80 0 3 0
6986 6987 61 186 61 187 1 0 80 79 -37520 32 1
6987 7267 61 187 61 187 0 0 79 79 0 280 0
7267 7268 61 187 61 186 0 1 79 78 37627 32 1
7268 7269 61 186 61 186 1 1 78 78 0 1 0
7269 7270 61 186 61 187 1 0 78 77 -37627 32 1
7270 33412 61 187 61 187 0 0 77 77 0 26142 0
33412 33413 61 187 61 186 0 1 77 76 31411 32 1
33413 33416 61 186 61 186 1 1 76 76 0 3 0
33416 33417 61 186 62 186 1 0 76 75 -31411 32 1
33417 33802 62 186 62 186 0 0 75 75 0 385 0
33802 33803 62 186 61 186 0 1 75 74 31587 32 1
33803 33804 61 186 62 186 1 0 74 73 -31587 32 1
33804 33966 62 186 62 186 0 0 73 73 0 162 0
33966 33967 62 186 61 186 0 1 73 72 31658 32 1
33967 33968 61 186 62 186 1 0 72 71 -31658 32 1
33968 34896 62 186 62 186 0 0 71 71 0 928 0
34896 34897 62 186 61 186 0 1 71 70 32082 32 1
34897 34898 61 186 62 186 1 0 70 69 -32082 32 1
34898 35223 62 186 62 186 0 0 69 69 0 325 0
35223 35224 62 186 61 186 0 1 69 68 32203 32 1
35224 35227 61 186 63 187 1 0 68 65 -32203 32 3
35227 35460 63 187 63 187 0 0 65 65 0 233 0
35460 35463 63 187 61 186 0 1 65 62 32304 32 3
35463 35466 61 186 64 186 1 0 62 59 -32304 32 3
35466 36065 64 186 64 186 0 0 59 59 0 599 0
36065 36068 64 186 61 186 0 1 59 56 32564 32 3
36068 36071 61 186 62 188 1 0 56 53 -32564 32 3
36071 36303 62 188 62 188 0 0 53 53 0 232 0
36303 36306 62 188 61 186 0 1 53 50 32665 32 3
36306 36307 61 186 61 186 1 1 50 50 0 1 0
36307 36309 61 186 63 186 1 0 50 48 -32665 32 2
36309 38202 63 186 63 186 0 0 48 48 0 1893 0
38202 38204 63 186 61 186 0 1 48 46 33417 32 2
38204 38205 61 186 61 187 1 0 46 45 -33417 32 1
38205 38605 61 187 61 187 0 0 45 45 0 400 0
38605 38606 61 187 61 186 0 1 45 44 33566 32 1
38606 38608 61 186 61 186 1 1 44 44 0 2 0
38608 38609 61 186 61 187 1 0 44 43 -33566 32 1
38609 39012 61 187 61 187 0 0 43 43 0 403 0
39012 39013 61 187 61 186 0 1 43 42 33705 32 1
39013 39016 61 186 62 188 1 0 42 39 -33705 32 3
39016 39199 62 188 62 188 0 0 39 39 0 183 0
39199 39202 62 188 61 186 0 1 39 36 33777 32 3
39202 39206 61 186 61 186 1 1 36 36 0 4 0
39206 39214 61 186 67 188 1 0 36 28 -33777 32 8
39214 40640 67 188 67 188 0 0 28 28 0 1426 0
40640 40648 67 188 61 186 0 1 28 20 34311 32 8
40648 40653 61 186 66 186 1 0 20 15 -34311 32 5
40653 41265 66 186 66 186 0 0 15 15 0 612 0
41265 41270 66 186 61 186 0 1 15 10 34509 32 5
41270 41272 61 186 61 188 1 0 10 8 -34509 32 2
41272 41843 61 188 61 188 0 0 8 8 0 571 0
41843 41845 61 188 61 186 0 1 8 6 34702 32 2
41845 41847 61 186 61 186 1 1 6 6 0 2 0
41847 41849 61 186 63 186 1 0 6 4 -34702 32 2
41849 42609 63 186 63 186 0 0 4 4 0 760 0
42609 42611 63 186 61 186 0 1 4 2 34946 32 2
42611 42612 61 186 62 186 1 0 2 1 -34946 32 1
42612 43266 62 186 62 186 0 0 1 1 0 654 0
43266 43267 62 186 61 186 0 0 1 0 1000000000 0 1
--------------------------------------
--------------------------------------
EV9
--------------------------------------
Num TPs served = 21
TPs served = 37580 38416 38511 38562 38768 38887 39434 39593 39804 39806 40548 40721 40751 40828 41003 41140 41315 41656 41802 42322 43117
Total energy used = 100
--------------------------------------
Schedule:
0 7135 61 186 61 186 0 0 100 100 0 7135 0
7135 7135 61 186 61 186 0 1 100 100 37580 32 0
7135 7138 61 186 63 187 1 0 100 97 -37580 32 3
7138 9416 63 187 63 187 0 0 97 97 0 2278 0
9416 9419 63 187 61 186 0 1 97 94 38416 32 3
9419 9421 61 186 63 186 1 0 94 92 -38416 32 2
9421 9675 63 186 63 186 0 0 92 92 0 254 0
9675 9677 63 186 61 186 0 1 92 90 38511 32 2
9677 9679 61 186 61 186 1 1 90 90 0 2 0
9679 9683 61 186 65 186 1 0 90 86 -38511 32 4
9683 9802 65 186 65 186 0 0 86 86 0 119 0
9802 9806 65 186 61 186 0 1 86 82 38562 32 4
9806 9810 61 186 61 186 1 1 82 82 0 4 0
9810 9817 61 186 66 188 1 0 82 75 -38562 32 7
9817 10333 66 188 66 188 0 0 75 75 0 516 0
10333 10340 66 188 61 186 0 1 75 68 38768 32 7
10340 10342 61 186 63 186 1 0 68 66 -38768 32 2
10342 10616 63 186 63 186 0 0 66 66 0 274 0
10616 10618 63 186 61 186 0 1 66 64 38887 32 2
10618 10619 61 186 61 187 1 0 64 63 -38887 32 1
10619 11914 61 187 61 187 0 0 63 63 0 1295 0
11914 11915 61 187 61 186 0 1 63 62 39434 32 1
11915 11917 61 186 62 187 1 0 62 60 -39434 32 2
11917 12344 62 187 62 187 0 0 60 60 0 427 0
12344 12346 62 187 61 186 0 1 60 58 39593 32 2
12346 12347 61 186 62 186 1 0 58 57 -39593 32 1
12347 12875 62 186 62 186 0 0 57 57 0 528 0
12875 12876 62 186 61 186 0 1 57 56 39806 32 1
12876 12876 61 186 61 186 1 2 56 56 39804 26 0
12876 12878 61 186 62 187 2 1 56 54 -39806 32 2
12878 12880 62 187 61 188 1 0 54 52 -39804 24 2
12880 14805 61 188 61 188 0 0 52 52 0 1925 0
14805 14807 61 188 61 186 0 1 52 50 40548 32 2
14807 14814 61 186 67 187 1 0 50 43 -40548 32 7
14814 15249 67 187 67 187 0 0 43 43 0 435 0
15249 15256 67 187 61 186 0 1 43 36 40721 32 7
15256 15257 61 186 62 186 1 0 36 35 -40721 32 1
15257 15324 62 186 62 186 0 0 35 35 0 67 0
15324 15325 62 186 61 186 0 1 35 34 40751 32 1
15325 15331 61 186 67 186 1 0 34 28 -40751 32 6
15331 15493 67 186 67 186 0 0 28 28 0 162 0
15493 15499 67 186 61 186 0 1 28 22 40828 32 6
15499 15501 61 186 63 186 1 0 22 20 -40828 32 2
15501 15870 63 186 63 186 0 0 20 20 0 369 0
15870 15872 63 186 61 186 0 1 20 18 41003 32 2
15872 15873 61 186 62 186 1 0 18 17 -41003 32 1
15873 16189 62 186 62 186 0 0 17 17 0 316 0
16189 16190 62 186 61 186 0 1 17 16 41140 32 1
16190 16192 61 186 62 187 1 0 16 14 -41140 32 2
16192 16593 62 187 62 187 0 0 14 14 0 401 0
16593 16595 62 187 61 186 0 1 14 12 41315 32 2
16595 16597 61 186 63 186 1 0 12 10 -41315 32 2
16597 17376 63 186 63 186 0 0 10 10 0 779 0
17376 17378 63 186 61 186 0 1 10 8 41656 32 2
17378 17379 61 186 61 186 1 1 8 8 0 1 0
17379 17380 61 186 61 187 1 0 8 7 -41656 32 1
17380 17675 61 187 61 187 0 0 7 7 0 295 0
17675 17676 61 187 61 186 0 1 7 6 41802 32 1
17676 17680 61 186 61 186 1 1 6 6 0 4 0
17680 17681 61 186 61 187 1 0 6 5 -41802 32 1
17681 18757 61 187 61 187 0 0 5 5 0 1076 0
18757 18758 61 187 61 186 0 1 5 4 42322 32 1
18758 18759 61 186 61 186 1 1 4 4 0 1 0
18759 18760 61 186 61 187 1 0 4 3 -42322 32 1
18760 20445 61 187 61 187 0 0 3 3 0 1685 0
20445 20446 61 187 61 186 0 1 3 2 43117 32 1
20446 20447 61 186 61 187 1 0 2 1 -43117 32 1
20447 43266 61 187 61 187 0 0 1 1 0 22819 0
43266 43267 61 187 61 186 0 0 1 0 1000000000 0 1
--------------------------------------
--------------------------------------
EV10
--------------------------------------
Num TPs served = 17
TPs served = 41864 42350 42482 43300 44276 44507 44588 44771 45319 45634 46187 46190 46622 46951 46988 47117 47269
Total energy used = 100
--------------------------------------
Schedule:
0 17817 61 186 61 186 0 0 100 100 0 17817 0
17817 17817 61 186 61 186 0 1 100 100 41864 32 0
17817 17821 61 186 65 186 1 0 100 96 -41864 32 4
17821 18807 65 186 65 186 0 0 96 96 0 986 0
18807 18811 65 186 61 186 0 1 96 92 42350 32 4
18811 18813 61 186 63 186 1 0 92 90 -42350 32 2
18813 19114 63 186 63 186 0 0 90 90 0 301 0
19114 19116 63 186 61 186 0 1 90 88 42482 32 2
19116 19126 61 186 62 195 1 0 88 78 -42482 32 10
19126 20780 62 195 62 195 0 0 78 78 0 1654 0
20780 20790 62 195 61 186 0 1 78 68 43300 32 10
20790 20791 61 186 62 186 1 0 68 67 -43300 32 1
20791 22696 62 186 62 186 0 0 67 67 0 1905 0
22696 22697 62 186 61 186 0 1 67 66 44276 32 1
22697 22698 61 186 61 186 1 1 66 66 0 1 0
22698 22703 61 186 64 188 1 0 66 61 -44276 32 5
22703 23120 64 188 64 188 0 0 61 61 0 417 0
23120 23125 64 188 61 186 0 1 61 56 44507 32 5
23125 23126 61 186 62 186 1 0 56 55 -44507 32 1
23126 23264 62 186 62 186 0 0 55 55 0 138 0
23264 23265 62 186 61 186 0 1 55 54 44588 32 1
23265 23268 61 186 64 186 1 0 54 51 -44588 32 3
23268 23608 64 186 64 186 0 0 51 51 0 340 0
23608 23611 64 186 61 186 0 1 51 48 44771 32 3
23611 23612 61 186 61 186 1 1 48 48 0 1 0
23612 23617 61 186 65 187 1 0 48 43 -44771 32 5
23617 24573 65 187 65 187 0 0 43 43 0 956 0
24573 24578 65 187 61 186 0 1 43 38 45319 32 5
24578 24579 61 186 61 186 1 1 38 38 0 1 0
24579 24583 61 186 65 186 1 0 38 34 -45319 32 4
24583 25122 65 186 65 186 0 0 34 34 0 539 0
25122 25126 65 186 61 186 0 1 34 30 45634 32 4
25126 25127 61 186 62 186 1 0 30 29 -45634 32 1
25127 26138 62 186 62 186 0 0 29 29 0 1011 0
26138 26139 62 186 61 186 0 1 29 28 46190 32 1
26139 26139 61 186 61 186 1 2 28 28 46187 29 0
26139 26140 61 186 62 186 2 1 28 27 -46190 32 1
26140 26141 62 186 62 187 1 0 27 26 -46187 30 1
26141 26934 62 187 62 187 0 0 26 26 0 793 0
26934 26936 62 187 61 186 0 1 26 24 46622 32 2
26936 26937 61 186 61 186 1 1 24 24 0 1 0
26937 26938 61 186 61 187 1 0 24 23 -46622 32 1
26938 27467 61 187 61 187 0 0 23 23 0 529 0
27467 27468 61 187 61 186 0 1 23 22 46951 32 1
27468 27470 61 186 62 187 1 0 22 20 -46951 32 2
27470 27529 62 187 62 187 0 0 20 20 0 59 0
27529 27531 62 187 61 186 0 1 20 18 46988 32 2
27531 27533 61 186 63 186 1 0 18 16 -46988 32 2
27533 27760 63 186 63 186 0 0 16 16 0 227 0
27760 27762 63 186 61 186 0 1 16 14 47117 32 2
27762 27765 61 186 61 186 1 1 14 14 0 3 0
27765 27770 61 186 61 191 1 0 14 9 -47117 32 5
27770 27998 61 191 61 191 0 0 9 9 0 228 0
27998 28003 61 191 61 186 0 1 9 4 47269 32 5
28003 28005 61 186 62 187 1 0 4 2 -47269 32 2
28005 43265 62 187 62 187 0 0 2 2 0 15260 0
43265 43267 62 187 61 186 0 0 2 0 1000000000 0 2
--------------------------------------
--------------------------------------
EV11
--------------------------------------
Num TPs served = 17
TPs served = 47380 47479 47556 47627 47878 47969 48060 48661 48727 48817 48861 49582 49612 49752 49814 49941 49975
Total energy used = 100
--------------------------------------
Schedule:
0 28170 61 186 61 186 0 0 100 100 0 28170 0
28170 28170 61 186 61 186 0 1 100 100 47380 32 0
28170 28172 61 186 63 186 1 0 100 98 -47380 32 2
28172 28331 63 186 63 186 0 0 98 98 0 159 0
28331 28333 63 186 61 186 0 1 98 96 47479 32 2
28333 28334 61 186 61 186 1 1 96 96 0 1 0
28334 28335 61 186 62 186 1 0 96 95 -47479 32 1
28335 28454 62 186 62 186 0 0 95 95 0 119 0
28454 28455 62 186 61 186 0 1 95 94 47556 32 1
28455 28463 61 186 61 186 1 1 94 94 0 8 0
28463 28468 61 186 64 188 1 0 94 89 -47556 32 5
28468 28573 64 188 64 188 0 0 89 89 0 105 0
28573 28578 64 188 61 186 0 1 89 84 47627 32 5
28578 28580 61 186 63 186 1 0 84 82 -47627 32 2
28580 29001 63 186 63 186 0 0 82 82 0 421 0
29001 29003 63 186 61 186 0 1 82 80 47878 32 2
29003 29004 61 186 61 187 1 0 80 79 -47878 32 1
29004 29160 61 187 61 187 0 0 79 79 0 156 0
29160 29161 61 187 61 186 0 1 79 78 47969 32 1
29161 29163 61 186 63 186 1 0 78 76 -47969 32 2
29163 29321 63 186 63 186 0 0 76 76 0 158 0
29321 29323 63 186 61 186 0 1 76 74 48060 32 2
29323 29324 61 186 61 186 1 1 74 74 0 1 0
29324 29325 61 186 62 186 1 0 74 73 -48060 32 1
29325 30417 62 186 62 186 0 0 73 73 0 1092 0
30417 30418 62 186 61 186 0 1 73 72 48661 32 1
30418 30420 61 186 61 186 1 1 72 72 0 2 0
30420 30421 61 186 61 187 1 0 72 71 -48661 32 1
30421 30537 61 187 61 187 0 0 71 71 0 116 0
30537 30538 61 187 61 186 0 1 71 70 48727 32 1
30538 30540 61 186 61 186 1 1 70 70 0 2 0
30540 30543 61 186 62 188 1 0 70 67 -48727 32 3
30543 30699 62 188 62 188 0 0 67 67 0 156 0
30699 30702 62 188 61 186 0 1 67 64 48817 32 3
30702 30706 61 186 62 189 1 0 64 60 -48817 32 4
30706 30773 62 189 62 189 0 0 60 60 0 67 0
30773 30777 62 189 61 186 0 1 60 56 48861 32 4
30777 30790 61 186 73 187 1 0 56 43 -48861 32 13
30790 32019 73 187 73 187 0 0 43 43 0 1229 0
32019 32032 73 187 61 186 0 1 43 30 49582 32 13
32032 32033 61 186 61 187 1 0 30 29 -49582 32 1
32033 32086 61 187 61 187 0 0 29 29 0 53 0
32086 32087 61 187 61 186 0 1 29 28 49612 32 1
32087 32088 61 186 62 186 1 0 28 27 -49612 32 1
32088 32329 62 186 62 186 0 0 27 27 0 241 0
32329 32330 62 186 61 186 0 1 27 26 49752 32 1
32330 32332 61 186 61 188 1 0 26 24 -49752 32 2
32332 32438 61 188 61 188 0 0 24 24 0 106 0
32438 32440 61 188 61 186 0 1 24 22 49814 32 2
32440 32441 61 186 61 186 1 1 22 22 0 1 0
32441 32443 61 186 62 187 1 0 22 20 -49814 32 2
32443 32654 62 187 62 187 0 0 20 20 0 211 0
32654 32656 62 187 61 186 0 1 20 18 49941 32 2
32656 32657 61 186 61 186 1 1 18 18 0 1 0
32657 32664 61 186 68 186 1 0 18 11 -49941 32 7
32664 32710 68 186 68 186 0 0 11 11 0 46 0
32710 32717 68 186 61 186 0 1 11 4 49975 32 7
32717 32719 61 186 63 186 1 0 4 2 -49975 32 2
32719 43265 63 186 63 186 0 0 2 2 0 10546 0
43265 43267 63 186 61 186 0 0 2 0 1000000000 0 2
--------------------------------------
--------------------------------------
EV12
--------------------------------------
Num TPs served = 0
TPs served = 
Total energy used = 0
--------------------------------------
Schedule:
0 43265 61 186 61 186 0 0 100 100 0 43265 0
43265 43266 61 186 61 186 0 0 100 100 0 0 0
43266 43267 61 186 61 186 0 0 100 100 0 0 0
--------------------------------------

-------------------------------------------------------------------------

TPs

-------------------------------------------------------------------------

----------------------
TP24 allocated to 1
----------------------

----------------------
TP221 allocated to 1
----------------------

----------------------
TP549 allocated to 1
----------------------

----------------------
TP1174 allocated to 1
----------------------

----------------------
TP1319 allocated to 1
----------------------

----------------------
TP1540 allocated to 1
----------------------

----------------------
TP1620 allocated to 1
----------------------

----------------------
TP1636 allocated to 1
----------------------

----------------------
TP2362 allocated to 1
----------------------

----------------------
TP2413 allocated to 1
----------------------

----------------------
TP2931 allocated to 1
----------------------

----------------------
TP3592 allocated to 1
----------------------

----------------------
TP3612 allocated to 1
----------------------

----------------------
TP3727 allocated to 1
----------------------

----------------------
TP4411 allocated to 1
----------------------

----------------------
TP4643 allocated to 1
----------------------

----------------------
TP4736 allocated to 1
----------------------

----------------------
TP4915 allocated to 1
----------------------

----------------------
TP4961 allocated to 1
----------------------

----------------------
TP5037 allocated to 1
----------------------

----------------------
TP5456 allocated to 2
----------------------

----------------------
TP6279 allocated to 1
----------------------

----------------------
TP6315 allocated to 2
----------------------

----------------------
TP6758 allocated to 2
----------------------

----------------------
TP6852 allocated to 2
----------------------

----------------------
TP6991 allocated to 2
----------------------

----------------------
TP7048 allocated to 2
----------------------

----------------------
TP7215 allocated to 2
----------------------

----------------------
TP7999 allocated to 2
----------------------

----------------------
TP8043 allocated to 1
----------------------

----------------------
TP8423 allocated to 2
----------------------

----------------------
TP8441 allocated to 2
----------------------

----------------------
TP8623 allocated to 2
----------------------

----------------------
TP8656 allocated to 2
----------------------

----------------------
TP8797 allocated to 2
----------------------

----------------------
TP9260 allocated to 2
----------------------

----------------------
TP9364 allocated to 2
----------------------

----------------------
TP9821 allocated to 3
----------------------

----------------------
TP9864 allocated to 3
----------------------

----------------------
TP9992 allocated to 1
----------------------

----------------------
TP10684 allocated to 1
----------------------

----------------------
TP10687 allocated to 2
----------------------

----------------------
TP11029 allocated to 3
----------------------

----------------------
TP11070 allocated to 3
----------------------

----------------------
TP11195 allocated to 3
----------------------

----------------------
TP11541 allocated to 3
----------------------

----------------------
TP11704 allocated to 3
----------------------

----------------------
TP12033 allocated to 3
----------------------

----------------------
TP12106 allocated to 3
----------------------

----------------------
TP12292 allocated to 3
----------------------

----------------------
TP12314 allocated to 1
----------------------

----------------------
TP12550 allocated to 3
----------------------

----------------------
TP12855 allocated to 3
----------------------

----------------------
TP13614 allocated to 3
----------------------

----------------------
TP13708 allocated to 3
----------------------

----------------------
TP13749 allocated to 3
----------------------

----------------------
TP13900 allocated to 4
----------------------

----------------------
TP14121 allocated to 4
----------------------

----------------------
TP14594 allocated to 4
----------------------

----------------------
TP14807 allocated to 4
----------------------

----------------------
TP14845 allocated to 4
----------------------

----------------------
TP14907 allocated to 4
----------------------

----------------------
TP14954 allocated to 4
----------------------

----------------------
TP15402 allocated to 4
----------------------

----------------------
TP15403 allocated to 4
----------------------

----------------------
TP15538 allocated to 4
----------------------

----------------------
TP15565 allocated to 4
----------------------

----------------------
TP15828 allocated to 4
----------------------

----------------------
TP15830 allocated to 4
----------------------

----------------------
TP15929 allocated to 4
----------------------

----------------------
TP16170 allocated to 5
----------------------

----------------------
TP16491 allocated to 4
----------------------

----------------------
TP16545 allocated to 4
----------------------

----------------------
TP17001 allocated to 5
----------------------

----------------------
TP17009 allocated to 5
----------------------

----------------------
TP17168 allocated to 4
----------------------

----------------------
TP17653 allocated to 5
----------------------

----------------------
TP17683 allocated to 5
----------------------

----------------------
TP17794 allocated to 5
----------------------

----------------------
TP18160 allocated to 5
----------------------

----------------------
TP18709 allocated to 5
----------------------

----------------------
TP19044 allocated to 5
----------------------

----------------------
TP19633 allocated to 5
----------------------

----------------------
TP19953 allocated to 5
----------------------

----------------------
TP20350 allocated to 5
----------------------

----------------------
TP20954 allocated to 5
----------------------

----------------------
TP21306 allocated to 2
----------------------

----------------------
TP22012 allocated to 5
----------------------

----------------------
TP22016 allocated to 6
----------------------

----------------------
TP22017 allocated to 6
----------------------

----------------------
TP22105 allocated to 6
----------------------

----------------------
TP22211 allocated to 6
----------------------

----------------------
TP22461 allocated to 6
----------------------

----------------------
TP22477 allocated to 6
----------------------

----------------------
TP23326 allocated to 6
----------------------

----------------------
TP23358 allocated to 6
----------------------

----------------------
TP23408 allocated to 6
----------------------

----------------------
TP23457 allocated to 6
----------------------

----------------------
TP23523 allocated to 6
----------------------

----------------------
TP23948 allocated to 6
----------------------

----------------------
TP24123 allocated to 1
----------------------

----------------------
TP24276 allocated to 6
----------------------

----------------------
TP24938 allocated to 6
----------------------

----------------------
TP25220 allocated to 6
----------------------

----------------------
TP25243 allocated to 6
----------------------

----------------------
TP25781 allocated to 1
----------------------

----------------------
TP25962 allocated to 1
----------------------

----------------------
TP26098 allocated to 1
----------------------

----------------------
TP26731 allocated to 7
----------------------

----------------------
TP26879 allocated to 7
----------------------

----------------------
TP26944 allocated to 7
----------------------

----------------------
TP26981 allocated to 7
----------------------

----------------------
TP27121 allocated to 7
----------------------

----------------------
TP27313 allocated to 7
----------------------

----------------------
TP27376 allocated to 7
----------------------

----------------------
TP27506 allocated to 7
----------------------

----------------------
TP27667 allocated to 7
----------------------

----------------------
TP28341 allocated to 7
----------------------

----------------------
TP28640 allocated to 1
----------------------

----------------------
TP28659 allocated to 7
----------------------

----------------------
TP28935 allocated to 7
----------------------

----------------------
TP29377 allocated to 7
----------------------

----------------------
TP29388 allocated to 7
----------------------

----------------------
TP29526 allocated to 1
----------------------

----------------------
TP29700 allocated to 7
----------------------

----------------------
TP29729 allocated to 7
----------------------

----------------------
TP30112 allocated to 1
----------------------

----------------------
TP31028 allocated to 7
----------------------

----------------------
TP31411 allocated to 8
----------------------

----------------------
TP31587 allocated to 8
----------------------

----------------------
TP31658 allocated to 8
----------------------

----------------------
TP32082 allocated to 8
----------------------

----------------------
TP32203 allocated to 8
----------------------

----------------------
TP32304 allocated to 8
----------------------

----------------------
TP32564 allocated to 8
----------------------

----------------------
TP32665 allocated to 8
----------------------

----------------------
TP33417 allocated to 8
----------------------

----------------------
TP33566 allocated to 8
----------------------

----------------------
TP33705 allocated to 8
----------------------

----------------------
TP33777 allocated to 8
----------------------

----------------------
TP34311 allocated to 8
----------------------

----------------------
TP34509 allocated to 8
----------------------

----------------------
TP34702 allocated to 8
----------------------

----------------------
TP34946 allocated to 8
----------------------

----------------------
TP35116 allocated to 1
----------------------

----------------------
TP35526 allocated to 5
----------------------

----------------------
TP35678 allocated to 8
----------------------

----------------------
TP36250 allocated to 8
----------------------

----------------------
TP36682 allocated to 8
----------------------

----------------------
TP37301 allocated to 8
----------------------

----------------------
TP37358 allocated to 8
----------------------

----------------------
TP37520 allocated to 8
----------------------

----------------------
TP37580 allocated to 9
----------------------

----------------------
TP37627 allocated to 8
----------------------

----------------------
TP38416 allocated to 9
----------------------

----------------------
TP38511 allocated to 9
----------------------

----------------------
TP38562 allocated to 9
----------------------

----------------------
TP38768 allocated to 9
----------------------

----------------------
TP38887 allocated to 9
----------------------

----------------------
TP39434 allocated to 9
----------------------

----------------------
TP39593 allocated to 9
----------------------

----------------------
TP39804 allocated to 9
----------------------

----------------------
TP39806 allocated to 9
----------------------

----------------------
TP40489 allocated to 6
----------------------

----------------------
TP40548 allocated to 9
----------------------

----------------------
TP40721 allocated to 9
----------------------

----------------------
TP40751 allocated to 9
----------------------

----------------------
TP40828 allocated to 9
----------------------

----------------------
TP41003 allocated to 9
----------------------

----------------------
TP41140 allocated to 9
----------------------

----------------------
TP41315 allocated to 9
----------------------

----------------------
TP41475 allocated to 1
----------------------

----------------------
TP41656 allocated to 9
----------------------

----------------------
TP41802 allocated to 9
----------------------

----------------------
TP41864 allocated to 10
----------------------

----------------------
TP42322 allocated to 9
----------------------

----------------------
TP42350 allocated to 10
----------------------

----------------------
TP42482 allocated to 10
----------------------

----------------------
TP43117 allocated to 9
----------------------

----------------------
TP43300 allocated to 10
----------------------

----------------------
TP44276 allocated to 10
----------------------

----------------------
TP44507 allocated to 10
----------------------

----------------------
TP44588 allocated to 10
----------------------

----------------------
TP44771 allocated to 10
----------------------

----------------------
TP45319 allocated to 10
----------------------

----------------------
TP45634 allocated to 10
----------------------

----------------------
TP46187 allocated to 10
----------------------

----------------------
TP46190 allocated to 10
----------------------

----------------------
TP46318 allocated to 1
----------------------

----------------------
TP46622 allocated to 10
----------------------

----------------------
TP46716 allocated to 1
----------------------

----------------------
TP46951 allocated to 10
----------------------

----------------------
TP46988 allocated to 10
----------------------

----------------------
TP47096 allocated to 1
----------------------

----------------------
TP47117 allocated to 10
----------------------

----------------------
TP47269 allocated to 10
----------------------

----------------------
TP47380 allocated to 11
----------------------

----------------------
TP47479 allocated to 11
----------------------

----------------------
TP47556 allocated to 11
----------------------

----------------------
TP47627 allocated to 11
----------------------

----------------------
TP47878 allocated to 11
----------------------

----------------------
TP47897 allocated to 1
----------------------

----------------------
TP47969 allocated to 11
----------------------

----------------------
TP48060 allocated to 11
----------------------

----------------------
TP48661 allocated to 11
----------------------

----------------------
TP48727 allocated to 11
----------------------

----------------------
TP48817 allocated to 11
----------------------

----------------------
TP48861 allocated to 11
----------------------

----------------------
TP49582 allocated to 11
----------------------

----------------------
TP49612 allocated to 11
----------------------

----------------------
TP49752 allocated to 11
----------------------

----------------------
TP49814 allocated to 11
----------------------

----------------------
TP49941 allocated to 11
----------------------

----------------------
TP49975 allocated to 11
----------------------

-------------------------------------------------------------------------

Ride-sharing vs Individual Mode - Num Vehicles and Distance Comparisson 

-------------------------------------------------------------------------
Individual Mode = 214 vehicles.
Ride-sharing Mode = 12 vehicles. The 12 ride-sharing vehicles + 0 vehicles of the individuals not served by the ride-sharing service.
-------------------------------------------------------------------------
Individual Mode = 563 distance.
Ride-sharing Mode = 1100 distance. 1100 from the EV fleet + 0 from the distance of the trips not covered individuals had to do with their own vehicle.
-------------------------------------------------------------------------
