-------------------------------------------------------------------------
TPs satisfied = 121; Total TPs = 190; Percentage Satisfied + 63.7%
-------------------------------------------------------------------------

-------------------------------------------------------------------------

EVs

-------------------------------------------------------------------------
--------------------------------------
EV1
--------------------------------------
Num TPs served = 39
TPs served = 31 583 955 1300 1401 1643 1783 1821 1828 2410 2589 2652 2756 2955 3107 3320 5969 6504 7378 7930 8066 10481 10770 11463 12427 16340 17757 18964 25920 35525 36235 38258 40294 42731 42812 43508 45259 45480 45970
Total energy used = 100
--------------------------------------
Schedule:
0 81 122 0 122 0 0 0 100 100 0 81 0
81 81 122 0 122 0 0 1 100 100 31 32 0
81 84 122 0 124 1 1 0 100 97 -31 32 3
84 1039 124 1 124 1 0 0 97 97 0 955 0
1039 1042 124 1 122 0 0 1 97 94 17757 32 3
1042 1043 122 0 122 0 1 1 94 94 0 1 0
1043 1043 122 0 122 0 1 0 94 94 -17757 32 0
1043 1049 122 0 122 0 0 0 94 94 0 6 0
1049 1049 122 0 122 0 0 1 94 94 583 32 0
1049 1052 122 0 122 3 1 0 94 91 -583 32 3
1052 1150 122 3 122 3 0 0 91 91 0 98 0
1150 1153 122 3 122 0 0 1 91 88 35525 32 3
1153 1155 122 0 122 0 1 1 88 88 0 2 0
1155 1155 122 0 122 0 1 0 88 88 -35525 32 0
1155 1682 122 0 122 0 0 0 88 88 0 527 0
1682 1682 122 0 122 0 0 1 88 88 955 32 0
1682 1683 122 0 122 0 1 1 88 88 0 1 0
1683 1683 122 0 122 0 1 0 88 88 -955 32 0
1683 2279 122 0 122 0 0 0 88 88 0 596 0
2279 2279 122 0 122 0 0 1 88 88 1300 32 0
2279 2283 122 0 126 0 1 0 88 84 -1300 32 4
2283 2442 126 0 126 0 0 0 84 84 0 159 0
2442 2446 126 0 122 0 0 1 84 80 1401 32 4
2446 2450 122 0 122 0 1 1 80 80 0 4 0
2450 2451 122 0 122 1 1 0 80 79 -1401 32 1
2451 2867 122 1 122 1 0 0 79 79 0 416 0
2867 2868 122 1 122 0 0 1 79 78 1643 32 1
2868 2870 122 0 123 1 1 0 78 76 -1643 32 2
2870 3116 123 1 123 1 0 0 76 76 0 246 0
3116 3118 123 1 122 0 0 1 76 74 1783 32 2
3118 3122 122 0 125 1 1 0 74 70 -1783 32 4
3122 3179 125 1 125 1 0 0 70 70 0 57 0
3179 3183 125 1 122 0 0 1 70 66 36235 32 4
3183 3184 122 0 122 0 1 1 66 66 0 1 0
3184 3184 122 0 122 0 1 0 66 66 -36235 32 0
3184 3193 122 0 122 0 0 0 66 66 0 9 0
3193 3193 122 0 122 0 0 1 66 66 1828 32 0
3193 3193 122 0 122 0 1 2 66 66 1821 14 0
3193 3195 122 0 124 0 2 1 66 64 -1821 14 2
3195 3209 124 0 138 0 1 0 64 50 -1828 32 14
3209 4268 138 0 138 0 0 0 50 50 0 1059 0
4268 4284 138 0 122 0 0 1 50 34 2410 32 16
4284 4286 122 0 124 0 1 0 34 32 -2410 32 2
4286 4599 124 0 124 0 0 0 32 32 0 313 0
4599 4601 124 0 122 0 0 1 32 30 2589 32 2
4601 4606 122 0 124 3 1 0 30 25 -2589 32 5
4606 4729 124 3 124 3 0 0 25 25 0 123 0
4729 4734 124 3 122 0 0 1 25 20 2652 32 5
4734 4739 122 0 127 0 1 0 20 15 -2652 32 5
4739 4874 127 0 127 0 0 0 15 15 0 135 0
4874 4879 127 0 122 0 0 1 15 10 18964 32 5
4879 4884 122 0 122 0 1 1 10 10 0 5 0
4884 4884 122 0 122 0 1 0 10 10 -18964 32 0
4884 4912 122 0 122 0 0 0 10 10 0 28 0
4912 4912 122 0 122 0 0 1 10 10 2756 32 0
4912 4913 122 0 122 0 1 1 10 10 0 1 0
4913 4913 122 0 122 0 1 0 10 10 -2756 32 0
4913 5275 122 0 122 0 0 0 10 10 0 362 0
5275 5275 122 0 122 0 0 1 10 10 2955 32 0
5275 5277 122 0 122 0 1 1 10 10 0 2 0
5277 5277 122 0 122 0 1 0 10 10 -2955 32 0
5277 5538 122 0 122 0 0 0 10 10 0 261 0
5538 5538 122 0 122 0 0 1 10 10 3107 32 0
5538 5541 122 0 125 0 1 0 10 7 -3107 32 3
5541 5918 125 0 125 0 0 0 7 7 0 377 0
5918 5921 125 0 122 0 0 1 7 4 3320 32 3
5921 5923 122 0 124 0 1 0 4 2 -3320 32 2
5923 8992 124 0 124 0 0 0 2 2 0 3069 0
8992 8994 124 0 122 0 0 1 2 0 38258 32 2
8994 8995 122 0 122 0 1 1 0 0 0 1 0
8995 8995 122 0 122 0 1 0 0 0 -38258 32 0
8995 10934 122 0 122 0 0 0 0 0 0 1939 0
10934 10934 122 0 122 0 0 1 0 0 5969 32 0
10934 10935 122 0 122 0 1 1 0 0 0 1 0
10935 10935 122 0 122 0 1 0 0 0 -5969 32 0
10935 11954 122 0 122 0 0 0 0 0 0 1019 0
11954 11954 122 0 122 0 0 1 0 0 6504 32 0
11954 11956 122 0 122 0 1 1 0 0 0 2 0
11956 11956 122 0 122 0 1 0 0 0 -6504 32 0
11956 13829 122 0 122 0 0 0 0 0 0 1873 0
13829 13829 122 0 122 0 0 1 0 0 7378 32 0
13829 13830 122 0 122 0 1 1 0 0 0 1 0
13830 13830 122 0 122 0 1 0 0 0 -7378 32 0
13830 14243 122 0 122 0 0 0 0 0 0 413 0
14243 14243 122 0 122 0 0 1 0 0 40294 32 0
14243 14245 122 0 122 0 1 1 0 0 0 2 0
14245 14245 122 0 122 0 1 0 0 0 -40294 32 0
14245 15048 122 0 122 0 0 0 0 0 0 803 0
15048 15048 122 0 122 0 0 1 0 0 7930 32 0
15048 15050 122 0 122 0 1 1 0 0 0 2 0
15050 15050 122 0 122 0 1 0 0 0 -7930 32 0
15050 15363 122 0 122 0 0 0 0 0 0 313 0
15363 15363 122 0 122 0 0 1 0 0 8066 32 0
15363 15365 122 0 122 0 1 1 0 0 0 2 0
15365 15365 122 0 122 0 1 0 0 0 -8066 32 0
15365 19699 122 0 122 0 0 0 0 0 0 4334 0
19699 19699 122 0 122 0 0 1 0 0 42731 32 0
19699 19701 122 0 122 0 1 1 0 0 0 2 0
19701 19701 122 0 122 0 1 0 0 0 -42731 32 0
19701 19847 122 0 122 0 0 0 0 0 0 146 0
19847 19847 122 0 122 0 0 1 0 0 42812 32 0
19847 19850 122 0 122 0 1 1 0 0 0 3 0
19850 19850 122 0 122 0 1 0 0 0 -42812 32 0
19850 21224 122 0 122 0 0 0 0 0 0 1374 0
21224 21224 122 0 122 0 0 1 0 0 43508 32 0
21224 21225 122 0 122 0 1 1 0 0 0 1 0
21225 21225 122 0 122 0 1 0 0 0 -43508 32 0
21225 21783 122 0 122 0 0 0 0 0 0 558 0
21783 21783 122 0 122 0 0 1 0 0 10481 32 0
21783 21785 122 0 122 0 1 1 0 0 0 2 0
21785 21785 122 0 122 0 1 0 0 0 -10481 32 0
21785 22488 122 0 122 0 0 0 0 0 0 703 0
22488 22488 122 0 122 0 0 1 0 0 25920 32 0
22488 22490 122 0 122 0 1 1 0 0 0 2 0
22490 22490 122 0 122 0 1 0 0 0 -25920 32 0
22490 22639 122 0 122 0 0 0 0 0 0 149 0
22639 22639 122 0 122 0 0 1 0 0 10770 32 0
22639 22640 122 0 122 0 1 1 0 0 0 1 0
22640 22640 122 0 122 0 1 0 0 0 -10770 32 0
22640 24475 122 0 122 0 0 0 0 0 0 1835 0
24475 24475 122 0 122 0 0 1 0 0 45259 32 0
24475 24476 122 0 122 0 1 1 0 0 0 1 0
24476 24476 122 0 122 0 1 0 0 0 -45259 32 0
24476 24863 122 0 122 0 0 0 0 0 0 387 0
24863 24863 122 0 122 0 0 1 0 0 45480 32 0
24863 24863 122 0 122 0 1 2 0 0 11463 28 0
24863 24863 122 0 122 0 2 1 0 0 -11463 29 0
24863 24866 122 0 122 0 1 1 0 0 0 3 0
24866 24866 122 0 122 0 1 0 0 0 -45480 32 0
24866 25738 122 0 122 0 0 0 0 0 0 872 0
25738 25738 122 0 122 0 0 1 0 0 45970 32 0
25738 25740 122 0 122 0 1 1 0 0 0 2 0
25740 25740 122 0 122 0 1 0 0 0 -45970 32 0
25740 28173 122 0 122 0 0 0 0 0 0 2433 0
28173 28173 122 0 122 0 0 1 0 0 12427 32 0
28173 28174 122 0 122 0 1 1 0 0 0 1 0
28174 28174 122 0 122 0 1 0 0 0 -12427 32 0
28174 41333 122 0 122 0 0 0 0 0 0 13159 0
41333 41333 122 0 122 0 0 1 0 0 16340 32 0
41333 41334 122 0 122 0 1 1 0 0 0 1 0
41334 41334 122 0 122 0 1 0 0 0 -16340 32 0
41334 43267 122 0 122 0 0 0 0 0 0 1933 0
43267 43267 122 0 122 0 0 0 0 0 1000000000 0 0
--------------------------------------
--------------------------------------
EV2
--------------------------------------
Num TPs served = 22
TPs served = 3591 3674 4033 4058 4106 4344 4763 5570 5773 6236 6686 6822 7929 9017 9142 9183 9850 9962 10479 10672 10830 14249
Total energy used = 100
--------------------------------------
Schedule:
0 6434 122 0 122 0 0 0 100 100 0 6434 0
6434 6434 122 0 122 0 0 1 100 100 3591 32 0
6434 6435 122 0 122 1 1 0 100 99 -3591 32 1
6435 6588 122 1 122 1 0 0 99 99 0 153 0
6588 6589 122 1 122 0 0 1 99 98 3674 32 1
6589 6593 122 0 126 0 1 0 98 94 -3674 32 4
6593 7246 126 0 126 0 0 0 94 94 0 653 0
7246 7250 126 0 122 0 0 1 94 90 4033 32 4
7250 7251 122 0 122 0 1 1 90 90 0 1 0
7251 7253 122 0 122 2 1 0 90 88 -4033 32 2
7253 7303 122 2 122 2 0 0 88 88 0 50 0
7303 7305 122 2 122 0 0 1 88 86 4058 32 2
7305 7309 122 0 125 1 1 0 86 82 -4058 32 4
7309 7387 125 1 125 1 0 0 82 82 0 78 0
7387 7391 125 1 122 0 0 1 82 78 4106 32 4
7391 7395 122 0 126 0 1 0 78 74 -4106 32 4
7395 7806 126 0 126 0 0 0 74 74 0 411 0
7806 7810 126 0 122 0 0 1 74 70 4344 32 4
7810 7813 122 0 125 0 1 0 70 67 -4344 32 3
7813 8647 125 0 125 0 0 0 67 67 0 834 0
8647 8650 125 0 122 0 0 1 67 64 4763 32 3
8650 8653 122 0 124 1 1 0 64 61 -4763 32 3
8653 10145 124 1 124 1 0 0 61 61 0 1492 0
10145 10148 124 1 122 0 0 1 61 58 5570 32 3
10148 10150 122 0 123 1 1 0 58 56 -5570 32 2
10150 10561 123 1 123 1 0 0 56 56 0 411 0
10561 10563 123 1 122 0 0 1 56 54 5773 32 2
10563 10564 122 0 122 0 1 1 54 54 0 1 0
10564 10565 122 0 122 1 1 0 54 53 -5773 32 1
10565 11442 122 1 122 1 0 0 53 53 0 877 0
11442 11443 122 1 122 0 0 1 53 52 6236 32 1
11443 11444 122 0 123 0 1 0 52 51 -6236 32 1
11444 12342 123 0 123 0 0 0 51 51 0 898 0
12342 12343 123 0 122 0 0 1 51 50 6686 32 1
12343 12345 122 0 123 1 1 0 50 48 -6686 32 2
12345 12613 123 1 123 1 0 0 48 48 0 268 0
12613 12615 123 1 122 0 0 1 48 46 6822 32 2
12615 12616 122 0 123 0 1 0 46 45 -6822 32 1
12616 15045 123 0 123 0 0 0 45 45 0 2429 0
15045 15046 123 0 122 0 0 1 45 44 7929 32 1
15046 15047 122 0 122 0 1 1 44 44 0 1 0
15047 15052 122 0 126 1 1 0 44 39 -7929 32 5
15052 17685 126 1 126 1 0 0 39 39 0 2633 0
17685 17690 126 1 122 0 0 1 39 34 9017 32 5
17690 17691 122 0 123 0 1 0 34 33 -9017 32 1
17691 18003 123 0 123 0 0 0 33 33 0 312 0
18003 18004 123 0 122 0 0 1 33 32 9142 32 1
18004 18005 122 0 122 0 1 1 32 32 0 1 0
18005 18006 122 0 123 0 1 0 32 31 -9142 32 1
18006 18116 123 0 123 0 0 0 31 31 0 110 0
18116 18117 123 0 122 0 0 1 31 30 9183 32 1
18117 18119 122 0 123 1 1 0 30 28 -9183 32 2
18119 20023 123 1 123 1 0 0 28 28 0 1904 0
20023 20025 123 1 122 0 0 1 28 26 9850 32 2
20025 20027 122 0 124 0 1 0 26 24 -9850 32 2
20027 20297 124 0 124 0 0 0 24 24 0 270 0
20297 20299 124 0 122 0 0 1 24 22 9962 32 2
20299 20300 122 0 122 1 1 0 22 21 -9962 32 1
20300 21780 122 1 122 1 0 0 21 21 0 1480 0
21780 21781 122 1 122 0 0 1 21 20 10479 32 1
21781 21784 122 0 122 0 1 1 20 20 0 3 0
21784 21785 122 0 123 0 1 0 20 19 -10479 32 1
21785 22301 123 0 123 0 0 0 19 19 0 516 0
22301 22302 123 0 122 0 0 1 19 18 10672 32 1
22302 22303 122 0 123 0 1 0 18 17 -10672 32 1
22303 22833 123 0 123 0 0 0 17 17 0 530 0
22833 22834 123 0 122 0 0 1 17 16 10830 32 1
22834 22837 122 0 122 0 1 1 16 16 0 3 0
22837 22844 122 0 123 6 1 0 16 9 -10830 32 7
22844 34907 123 6 123 6 0 0 9 9 0 12063 0
34907 34914 123 6 122 0 0 1 9 2 14249 32 7
34914 34915 122 0 122 1 1 0 2 1 -14249 32 1
34915 43266 122 1 122 1 0 0 1 1 0 8351 0
43266 43267 122 1 122 0 0 0 1 0 1000000000 0 1
--------------------------------------
--------------------------------------
EV3
--------------------------------------
Num TPs served = 15
TPs served = 11061 11211 11785 11911 12249 13592 14083 14418 14640 14955 15119 15363 15444 15518 46101
Total energy used = 100
--------------------------------------
Schedule:
0 23558 122 0 122 0 0 0 100 100 0 23558 0
23558 23558 122 0 122 0 0 1 100 100 11061 32 0
23558 23560 122 0 122 2 1 0 100 98 -11061 32 2
23560 23965 122 2 122 2 0 0 98 98 0 405 0
23965 23967 122 2 122 0 0 1 98 96 11211 32 2
23967 23971 122 0 126 0 1 0 96 92 -11211 32 4
23971 25975 126 0 126 0 0 0 92 92 0 2004 0
25975 25979 126 0 122 0 0 1 92 88 46101 32 4
25979 25979 122 0 122 0 1 2 88 88 11785 22 0
25979 25983 122 0 124 2 2 1 88 84 -46101 32 4
25983 25997 124 2 133 7 1 0 84 70 -11785 23 14
25997 26372 133 7 133 7 0 0 70 70 0 375 0
26372 26390 133 7 122 0 0 1 70 52 11911 32 18
26390 26394 122 0 126 0 1 0 52 48 -11911 32 4
26394 27556 126 0 126 0 0 0 48 48 0 1162 0
27556 27560 126 0 122 0 0 1 48 44 12249 32 4
27560 27562 122 0 124 0 1 0 44 42 -12249 32 2
27562 32474 124 0 124 0 0 0 42 42 0 4912 0
32474 32476 124 0 122 0 0 1 42 40 13592 32 2
32476 32479 122 0 124 1 1 0 40 37 -13592 32 3
32479 34306 124 1 124 1 0 0 37 37 0 1827 0
34306 34309 124 1 122 0 0 1 37 34 14083 32 3
34309 34312 122 0 124 1 1 0 34 31 -14083 32 3
34312 35551 124 1 124 1 0 0 31 31 0 1239 0
35551 35554 124 1 122 0 0 1 31 28 14418 32 3
35554 35556 122 0 124 0 1 0 28 26 -14418 32 2
35556 36410 124 0 124 0 0 0 26 26 0 854 0
36410 36412 124 0 122 0 0 1 26 24 14640 32 2
36412 36414 122 0 124 0 1 0 24 22 -14640 32 2
36414 37642 124 0 124 0 0 0 22 22 0 1228 0
37642 37644 124 0 122 0 0 1 22 20 14955 32 2
37644 37648 122 0 126 0 1 0 20 16 -14955 32 4
37648 38286 126 0 126 0 0 0 16 16 0 638 0
38286 38290 126 0 122 0 0 1 16 12 15119 32 4
38290 38291 122 0 123 0 1 0 12 11 -15119 32 1
38291 39232 123 0 123 0 0 0 11 11 0 941 0
39232 39233 123 0 122 0 0 1 11 10 15363 32 1
39233 39234 122 0 122 0 1 1 10 10 0 1 0
39234 39236 122 0 123 1 1 0 10 8 -15363 32 2
39236 39524 123 1 123 1 0 0 8 8 0 288 0
39524 39526 123 1 122 0 0 1 8 6 15444 32 2
39526 39527 122 0 122 0 1 1 6 6 0 1 0
39527 39528 122 0 122 1 1 0 6 5 -15444 32 1
39528 39809 122 1 122 1 0 0 5 5 0 281 0
39809 39810 122 1 122 0 0 1 5 4 15518 32 1
39810 39811 122 0 122 0 1 1 4 4 0 1 0
39811 39813 122 0 123 1 1 0 4 2 -15518 32 2
39813 43265 123 1 123 1 0 0 2 2 0 3452 0
43265 43267 123 1 122 0 0 0 2 0 1000000000 0 2
--------------------------------------
--------------------------------------
EV4
--------------------------------------
Num TPs served = 24
TPs served = 15603 15718 16382 16765 17272 17313 17795 17892 19375 19411 19550 19669 20006 20061 20355 20502 20660 20793 21067 21526 21527 21701 21895 21933
Total energy used = 100
--------------------------------------
Schedule:
0 1183 122 0 122 0 0 0 100 100 0 1183 0
1183 1183 122 0 122 0 0 1 100 100 17795 32 0
1183 1184 122 0 123 0 1 0 100 99 -17795 32 1
1184 1500 123 0 123 0 0 0 99 99 0 316 0
1500 1501 123 0 122 0 0 1 99 98 17892 32 1
1501 1504 122 0 122 0 1 1 98 98 0 3 0
1504 1505 122 0 123 0 1 0 98 97 -17892 32 1
1505 6137 123 0 123 0 0 0 97 97 0 4632 0
6137 6138 123 0 122 0 0 1 97 96 19375 32 1
6138 6139 122 0 123 0 1 0 96 95 -19375 32 1
6139 6231 123 0 123 0 0 0 95 95 0 92 0
6231 6232 123 0 122 0 0 1 95 94 19411 32 1
6232 6233 122 0 123 0 1 0 94 93 -19411 32 1
6233 6738 123 0 123 0 0 0 93 93 0 505 0
6738 6739 123 0 122 0 0 1 93 92 19550 32 1
6739 6740 122 0 123 0 1 0 92 91 -19550 32 1
6740 7078 123 0 123 0 0 0 91 91 0 338 0
7078 7079 123 0 122 0 0 1 91 90 19669 32 1
7079 7081 122 0 122 0 1 1 90 90 0 2 0
7081 7086 122 0 123 4 1 0 90 85 -19669 32 5
7086 8052 123 4 123 4 0 0 85 85 0 966 0
8052 8057 123 4 122 0 0 1 85 80 20006 32 5
8057 8058 122 0 123 0 1 0 80 79 -20006 32 1
8058 8196 123 0 123 0 0 0 79 79 0 138 0
8196 8197 123 0 122 0 0 1 79 78 20061 32 1
8197 8200 122 0 125 0 1 0 78 75 -20061 32 3
8200 9051 125 0 125 0 0 0 75 75 0 851 0
9051 9054 125 0 122 0 0 1 75 72 20355 32 3
9054 9056 122 0 122 0 1 1 72 72 0 2 0
9056 9059 122 0 122 3 1 0 72 69 -20355 32 3
9059 9448 122 3 122 3 0 0 69 69 0 389 0
9448 9451 122 3 122 0 0 1 69 66 20502 32 3
9451 9455 122 0 126 0 1 0 66 62 -20502 32 4
9455 9853 126 0 126 0 0 0 62 62 0 398 0
9853 9857 126 0 122 0 0 1 62 58 20660 32 4
9857 9859 122 0 124 0 1 0 58 56 -20660 32 2
9859 10215 124 0 124 0 0 0 56 56 0 356 0
10215 10217 124 0 122 0 0 1 56 54 20793 32 2
10217 10219 122 0 123 1 1 0 54 52 -20793 32 2
10219 10920 123 1 123 1 0 0 52 52 0 701 0
10920 10922 123 1 122 0 0 1 52 50 21067 32 2
10922 10925 122 0 125 0 1 0 50 47 -21067 32 3
10925 12180 125 0 125 0 0 0 47 47 0 1255 0
12180 12183 125 0 122 0 0 1 47 44 21527 32 3
12183 12183 122 0 122 0 1 2 44 44 21526 31 0
12183 12185 122 0 123 1 2 1 44 42 -21527 32 2
12185 12186 123 1 122 1 1 0 42 41 -21526 30 1
12186 12690 122 1 122 1 0 0 41 41 0 504 0
12690 12691 122 1 122 0 0 1 41 40 21701 32 1
12691 12696 122 0 122 0 1 1 40 40 0 5 0
12696 12699 122 0 122 3 1 0 40 37 -21701 32 3
12699 13162 122 3 122 3 0 0 37 37 0 463 0
13162 13165 122 3 122 0 0 1 37 34 21895 32 3
13165 13167 122 0 124 0 1 0 34 32 -21895 32 2
13167 13272 124 0 124 0 0 0 32 32 0 105 0
13272 13274 124 0 122 0 0 1 32 30 21933 32 2
13274 13275 122 0 122 1 1 0 30 29 -21933 32 1
13275 40016 122 1 122 1 0 0 29 29 0 26741 0
40016 40017 122 1 122 0 0 1 29 28 15603 32 1
40017 40020 122 0 125 0 1 0 28 25 -15603 32 3
40020 40235 125 0 125 0 0 0 25 25 0 215 0
40235 40238 125 0 122 0 0 1 25 22 15718 32 3
40238 40241 122 0 125 0 1 0 22 19 -15718 32 3
40241 41404 125 0 125 0 0 0 19 19 0 1163 0
41404 41407 125 0 122 0 0 1 19 16 16382 32 3
41407 41409 122 0 122 0 1 1 16 16 0 2 0
41409 41411 122 0 124 0 1 0 16 14 -16382 32 2
41411 42067 124 0 124 0 0 0 14 14 0 656 0
42067 42069 124 0 122 0 0 1 14 12 16765 32 2
42069 42071 122 0 123 1 1 0 12 10 -16765 32 2
42071 42960 123 1 123 1 0 0 10 10 0 889 0
42960 42962 123 1 122 0 0 1 10 8 17272 32 2
42962 42964 122 0 123 1 1 0 8 6 -17272 32 2
42964 43022 123 1 123 1 0 0 6 6 0 58 0
43022 43024 123 1 122 0 0 1 6 4 17313 32 2
43024 43026 122 0 123 1 1 0 4 2 -17313 32 2
43026 43265 123 1 123 1 0 0 2 2 0 239 0
43265 43267 123 1 122 0 0 0 2 0 1000000000 0 2
--------------------------------------
--------------------------------------
EV5
--------------------------------------
Num TPs served = 21
TPs served = 22037 22039 22248 22418 23468 23540 23562 23632 23802 24948 25024 25112 25317 25611 25652 25759 26059 26620 26626 27312 27629
Total energy used = 100
--------------------------------------
Schedule:
0 13563 122 0 122 0 0 0 100 100 0 13563 0
13563 13563 122 0 122 0 0 1 100 100 22039 32 0
13563 13563 122 0 122 0 1 2 100 100 22037 27 0
13563 13564 122 0 122 0 2 2 100 100 0 1 0
13564 13566 122 0 122 2 2 1 100 98 -22039 32 2
13566 13569 122 2 123 0 1 0 98 95 -22037 23 3
13569 14091 123 0 123 0 0 0 95 95 0 522 0
14091 14092 123 0 122 0 0 1 95 94 22248 32 1
14092 14093 122 0 123 0 1 0 94 93 -22248 32 1
14093 14549 123 0 123 0 0 0 93 93 0 456 0
14549 14550 123 0 122 0 0 1 93 92 22418 32 1
14550 14555 122 0 126 1 1 0 92 87 -22418 32 5
14555 17106 126 1 126 1 0 0 87 87 0 2551 0
17106 17111 126 1 122 0 0 1 87 82 23468 32 5
17111 17112 122 0 123 0 1 0 82 81 -23468 32 1
17112 17256 123 0 123 0 0 0 81 81 0 144 0
17256 17257 123 0 122 0 0 1 81 80 23540 32 1
17257 17258 122 0 123 0 1 0 80 79 -23540 32 1
17258 17309 123 0 123 0 0 0 79 79 0 51 0
17309 17310 123 0 122 0 0 1 79 78 23562 32 1
17310 17313 122 0 122 0 1 1 78 78 0 3 0
17313 17316 122 0 123 2 1 0 78 75 -23562 32 3
17316 17478 123 2 123 2 0 0 75 75 0 162 0
17478 17481 123 2 122 0 0 1 75 72 23632 32 3
17481 17482 122 0 122 0 1 1 72 72 0 1 0
17482 17486 122 0 125 1 1 0 72 68 -23632 32 4
17486 17845 125 1 125 1 0 0 68 68 0 359 0
17845 17849 125 1 122 0 0 1 68 64 23802 32 4
17849 17851 122 0 122 2 1 0 64 62 -23802 32 2
17851 20375 122 2 122 2 0 0 62 62 0 2524 0
20375 20377 122 2 122 0 0 1 62 60 24948 32 2
20377 20379 122 0 122 2 1 0 60 58 -24948 32 2
20379 20569 122 2 122 2 0 0 58 58 0 190 0
20569 20571 122 2 122 0 0 1 58 56 25024 32 2
20571 20575 122 0 125 1 1 0 56 52 -25024 32 4
20575 20754 125 1 125 1 0 0 52 52 0 179 0
20754 20758 125 1 122 0 0 1 52 48 25112 32 4
20758 20759 122 0 122 1 1 0 48 47 -25112 32 1
20759 21185 122 1 122 1 0 0 47 47 0 426 0
21185 21186 122 1 122 0 0 1 47 46 25317 32 1
21186 21190 122 0 122 0 1 1 46 46 0 4 0
21190 21194 122 0 123 3 1 0 46 42 -25317 32 4
21194 21840 123 3 123 3 0 0 42 42 0 646 0
21840 21844 123 3 122 0 0 1 42 38 25611 32 4
21844 21849 122 0 127 0 1 0 38 33 -25611 32 5
21849 21922 127 0 127 0 0 0 33 33 0 73 0
21922 21927 127 0 122 0 0 1 33 28 25652 32 5
21927 21929 122 0 123 1 1 0 28 26 -25652 32 2
21929 22145 123 1 123 1 0 0 26 26 0 216 0
22145 22147 123 1 122 0 0 1 26 24 25759 32 2
22147 22148 122 0 122 0 1 1 24 24 0 1 0
22148 22150 122 0 124 0 1 0 24 22 -25759 32 2
22150 22770 124 0 124 0 0 0 22 22 0 620 0
22770 22772 124 0 122 0 0 1 22 20 26059 32 2
22772 22776 122 0 125 1 1 0 20 16 -26059 32 4
22776 23903 125 1 125 1 0 0 16 16 0 1127 0
23903 23907 125 1 122 0 0 1 16 12 26626 32 4
23907 23907 122 0 122 0 1 2 12 12 26620 24 0
23907 23908 122 0 122 0 2 2 12 12 0 1 0
23908 23910 122 0 124 0 2 1 12 10 -26626 32 2
23910 23913 124 0 122 1 1 0 10 7 -26620 20 3
23913 25210 122 1 122 1 0 0 7 7 0 1297 0
25210 25211 122 1 122 0 0 1 7 6 27312 32 1
25211 25212 122 0 123 0 1 0 6 5 -27312 32 1
25212 25807 123 0 123 0 0 0 5 5 0 595 0
25807 25808 123 0 122 0 0 1 5 4 27629 32 1
25808 25810 122 0 123 1 1 0 4 2 -27629 32 2
25810 43265 123 1 123 1 0 0 2 2 0 17455 0
43265 43267 123 1 122 0 0 0 2 0 1000000000 0 2
--------------------------------------

-------------------------------------------------------------------------

TPs

-------------------------------------------------------------------------

----------------------
TP31 allocated to 1
----------------------

----------------------
TP583 allocated to 1
----------------------

----------------------
TP955 allocated to 1
----------------------

----------------------
TP1300 allocated to 1
----------------------

----------------------
TP1401 allocated to 1
----------------------

----------------------
TP1643 allocated to 1
----------------------

----------------------
TP1783 allocated to 1
----------------------

----------------------
TP1821 allocated to 1
----------------------

----------------------
TP1828 allocated to 1
----------------------

----------------------
TP2410 allocated to 1
----------------------

----------------------
TP2589 allocated to 1
----------------------

----------------------
TP2652 allocated to 1
----------------------

----------------------
TP2756 allocated to 1
----------------------

----------------------
TP2955 allocated to 1
----------------------

----------------------
TP3107 allocated to 1
----------------------

----------------------
TP3320 allocated to 1
----------------------

----------------------
TP3591 allocated to 2
----------------------

----------------------
TP3674 allocated to 2
----------------------

----------------------
TP4033 allocated to 2
----------------------

----------------------
TP4058 allocated to 2
----------------------

----------------------
TP4106 allocated to 2
----------------------

----------------------
TP4344 allocated to 2
----------------------

----------------------
TP4763 allocated to 2
----------------------

----------------------
TP5570 allocated to 2
----------------------

----------------------
TP5773 allocated to 2
----------------------

----------------------
TP5969 allocated to 1
----------------------

----------------------
TP6236 allocated to 2
----------------------

----------------------
TP6504 allocated to 1
----------------------

----------------------
TP6686 allocated to 2
----------------------

----------------------
TP6822 allocated to 2
----------------------

----------------------
TP7378 allocated to 1
----------------------

----------------------
TP7929 allocated to 2
----------------------

----------------------
TP7930 allocated to 1
----------------------

----------------------
TP8066 allocated to 1
----------------------

----------------------
TP9017 allocated to 2
----------------------

----------------------
TP9142 allocated to 2
----------------------

----------------------
TP9183 allocated to 2
----------------------

----------------------
TP9850 allocated to 2
----------------------

----------------------
TP9962 allocated to 2
----------------------

----------------------
TP10479 allocated to 2
----------------------

----------------------
TP10481 allocated to 1
----------------------

----------------------
TP10672 allocated to 2
----------------------

----------------------
TP10770 allocated to 1
----------------------

----------------------
TP10830 allocated to 2
----------------------

----------------------
TP11061 allocated to 3
----------------------

----------------------
TP11211 allocated to 3
----------------------

----------------------
TP11463 allocated to 1
----------------------

----------------------
TP11785 allocated to 3
----------------------

----------------------
TP11911 allocated to 3
----------------------

----------------------
TP12249 allocated to 3
----------------------

----------------------
TP12427 allocated to 1
----------------------

----------------------
TP13592 allocated to 3
----------------------

----------------------
TP14083 allocated to 3
----------------------

----------------------
TP14249 allocated to 2
----------------------

----------------------
TP14418 allocated to 3
----------------------

----------------------
TP14640 allocated to 3
----------------------

----------------------
TP14955 allocated to 3
----------------------

----------------------
TP15119 allocated to 3
----------------------

----------------------
TP15363 allocated to 3
----------------------

----------------------
TP15444 allocated to 3
----------------------

----------------------
TP15518 allocated to 3
----------------------

----------------------
TP15603 allocated to 4
----------------------

----------------------
TP15718 allocated to 4
----------------------

----------------------
TP16340 allocated to 1
----------------------

----------------------
TP16382 allocated to 4
----------------------

----------------------
TP16765 allocated to 4
----------------------

----------------------
TP17272 allocated to 4
----------------------

----------------------
TP17313 allocated to 4
----------------------

----------------------
TP17757 allocated to 1
----------------------

----------------------
TP17795 allocated to 4
----------------------

----------------------
TP17892 allocated to 4
----------------------

----------------------
TP18964 allocated to 1
----------------------

----------------------
TP19375 allocated to 4
----------------------

----------------------
TP19411 allocated to 4
----------------------

----------------------
TP19550 allocated to 4
----------------------

----------------------
TP19669 allocated to 4
----------------------

----------------------
TP20006 allocated to 4
----------------------

----------------------
TP20061 allocated to 4
----------------------

----------------------
TP20355 allocated to 4
----------------------

----------------------
TP20502 allocated to 4
----------------------

----------------------
TP20660 allocated to 4
----------------------

----------------------
TP20793 allocated to 4
----------------------

----------------------
TP21067 allocated to 4
----------------------

----------------------
TP21526 allocated to 4
----------------------

----------------------
TP21527 allocated to 4
----------------------

----------------------
TP21701 allocated to 4
----------------------

----------------------
TP21895 allocated to 4
----------------------

----------------------
TP21933 allocated to 4
----------------------

----------------------
TP22037 allocated to 5
----------------------

----------------------
TP22039 allocated to 5
----------------------

----------------------
TP22248 allocated to 5
----------------------

----------------------
TP22418 allocated to 5
----------------------

----------------------
TP23468 allocated to 5
----------------------

----------------------
TP23540 allocated to 5
----------------------

----------------------
TP23562 allocated to 5
----------------------

----------------------
TP23632 allocated to 5
----------------------

----------------------
TP23802 allocated to 5
----------------------

----------------------
TP24948 allocated to 5
----------------------

----------------------
TP25024 allocated to 5
----------------------

----------------------
TP25112 allocated to 5
----------------------

----------------------
TP25317 allocated to 5
----------------------

----------------------
TP25611 allocated to 5
----------------------

----------------------
TP25652 allocated to 5
----------------------

----------------------
TP25759 allocated to 5
----------------------

----------------------
TP25920 allocated to 1
----------------------

----------------------
TP26059 allocated to 5
----------------------

----------------------
TP26620 allocated to 5
----------------------

----------------------
TP26626 allocated to 5
----------------------

----------------------
TP27312 allocated to 5
----------------------

----------------------
TP27629 allocated to 5
----------------------

----------------------
TP27894 not allocated
----------------------

----------------------
TP28288 not allocated
----------------------

----------------------
TP28485 not allocated
----------------------

----------------------
TP28663 not allocated
----------------------

----------------------
TP29279 not allocated
----------------------

----------------------
TP30033 not allocated
----------------------

----------------------
TP30325 not allocated
----------------------

----------------------
TP30508 not allocated
----------------------

----------------------
TP30945 not allocated
----------------------

----------------------
TP31119 not allocated
----------------------

----------------------
TP32349 not allocated
----------------------

----------------------
TP32760 not allocated
----------------------

----------------------
TP33051 not allocated
----------------------

----------------------
TP33079 not allocated
----------------------

----------------------
TP33088 not allocated
----------------------

----------------------
TP33191 not allocated
----------------------

----------------------
TP33597 not allocated
----------------------

----------------------
TP34619 not allocated
----------------------

----------------------
TP35245 not allocated
----------------------

----------------------
TP35368 not allocated
----------------------

----------------------
TP35525 allocated to 1
----------------------

----------------------
TP35565 not allocated
----------------------

----------------------
TP35735 not allocated
----------------------

----------------------
TP36008 not allocated
----------------------

----------------------
TP36235 allocated to 1
----------------------

----------------------
TP36867 not allocated
----------------------

----------------------
TP37530 not allocated
----------------------

----------------------
TP37646 not allocated
----------------------

----------------------
TP38258 allocated to 1
----------------------

----------------------
TP38304 not allocated
----------------------

----------------------
TP38591 not allocated
----------------------

----------------------
TP38675 not allocated
----------------------

----------------------
TP38842 not allocated
----------------------

----------------------
TP38934 not allocated
----------------------

----------------------
TP39772 not allocated
----------------------

----------------------
TP40117 not allocated
----------------------

----------------------
TP40294 allocated to 1
----------------------

----------------------
TP40636 not allocated
----------------------

----------------------
TP40809 not allocated
----------------------

----------------------
TP41238 not allocated
----------------------

----------------------
TP42731 allocated to 1
----------------------

----------------------
TP42812 allocated to 1
----------------------

----------------------
TP42894 not allocated
----------------------

----------------------
TP42999 not allocated
----------------------

----------------------
TP43243 not allocated
----------------------

----------------------
TP43508 allocated to 1
----------------------

----------------------
TP43573 not allocated
----------------------

----------------------
TP43765 not allocated
----------------------

----------------------
TP44627 not allocated
----------------------

----------------------
TP44721 not allocated
----------------------

----------------------
TP44953 not allocated
----------------------

----------------------
TP45259 allocated to 1
----------------------

----------------------
TP45468 not allocated
----------------------

----------------------
TP45480 allocated to 1
----------------------

----------------------
TP45626 not allocated
----------------------

----------------------
TP45754 not allocated
----------------------

----------------------
TP45794 not allocated
----------------------

----------------------
TP45904 not allocated
----------------------

----------------------
TP45970 allocated to 1
----------------------

----------------------
TP46101 allocated to 3
----------------------

----------------------
TP46305 not allocated
----------------------

----------------------
TP46461 not allocated
----------------------

----------------------
TP46996 not allocated
----------------------

----------------------
TP47069 not allocated
----------------------

----------------------
TP47109 not allocated
----------------------

----------------------
TP47180 not allocated
----------------------

----------------------
TP47346 not allocated
----------------------

----------------------
TP47509 not allocated
----------------------

----------------------
TP47711 not allocated
----------------------

----------------------
TP47737 not allocated
----------------------

----------------------
TP47877 not allocated
----------------------

----------------------
TP48147 not allocated
----------------------

----------------------
TP48648 not allocated
----------------------

----------------------
TP48712 not allocated
----------------------

----------------------
TP48784 not allocated
----------------------

----------------------
TP49583 not allocated
----------------------

----------------------
TP49855 not allocated
----------------------

----------------------
TP49932 not allocated
----------------------

----------------------
TP49959 not allocated
----------------------

----------------------
TP49970 not allocated
----------------------

-------------------------------------------------------------------------

Ride-sharing vs Individual Mode - Num Vehicles and Distance Comparisson 

-------------------------------------------------------------------------
Individual Mode = 190 vehicles.
Ride-sharing Mode = 74 vehicles. The 5 ride-sharing vehicles + 69 vehicles of the individuals not served by the ride-sharing service.
-------------------------------------------------------------------------
Individual Mode = 464 distance.
Ride-sharing Mode = 707 distance. 500 from the EV fleet + 207 from the distance of the trips not covered individuals had to do with their own vehicle.
-------------------------------------------------------------------------
