-------------------------------------------------------------------------
TPs satisfied = 147; Total TPs = 195; Percentage Satisfied + 75.4%
-------------------------------------------------------------------------

-------------------------------------------------------------------------

EVs

-------------------------------------------------------------------------
--------------------------------------
EV1
--------------------------------------
Num TPs served = 46
TPs served = 217 309 499 754 1226 1378 1549 2033 2635 3143 3165 3312 3445 3509 3748 3818 3890 4065 4662 4684 5182 5254 6054 6127 6563 7626 10475 15463 17536 18334 18782 20310 24840 24851 29452 32166 32412 33938 35141 36066 41110 42580 45647 47145 47741 49179
Total energy used = 100
--------------------------------------
Schedule:
0 390 427 496 427 496 0 0 100 100 0 390 0
390 390 427 496 427 496 0 1 100 100 17536 32 0
390 413 427 496 427 496 1 1 100 100 0 23 0
413 413 427 496 427 496 1 2 100 100 217 32 0
413 415 427 496 429 496 2 1 100 98 -17536 9 2
415 417 429 496 429 496 1 1 98 98 0 2 0
417 418 429 496 430 496 1 0 98 97 -217 32 1
418 595 430 496 430 496 0 0 97 97 0 177 0
595 598 430 496 427 496 0 1 97 94 309 32 3
598 599 427 496 427 496 1 1 94 94 0 1 0
599 602 427 496 428 498 1 0 94 91 -309 32 3
602 903 428 498 428 498 0 0 91 91 0 301 0
903 906 428 498 427 496 0 1 91 88 499 32 3
906 907 427 496 427 496 1 1 88 88 0 1 0
907 911 427 496 430 497 1 0 88 84 -499 32 4
911 1349 430 497 430 497 0 0 84 84 0 438 0
1349 1353 430 497 427 496 0 1 84 80 754 32 4
1353 1354 427 496 427 496 1 1 80 80 0 1 0
1354 1355 427 496 428 496 1 0 80 79 -754 32 1
1355 2135 428 496 428 496 0 0 79 79 0 780 0
2135 2136 428 496 427 496 0 1 79 78 1226 32 1
2136 2138 427 496 429 496 1 0 78 76 -1226 32 2
2138 2408 429 496 429 496 0 0 76 76 0 270 0
2408 2410 429 496 427 496 0 1 76 74 1378 32 2
2410 2412 427 496 427 496 1 1 74 74 0 2 0
2412 2414 427 496 428 497 1 0 74 72 -1378 32 2
2414 2680 428 497 428 497 0 0 72 72 0 266 0
2680 2682 428 497 427 496 0 1 72 70 36066 32 2
2682 2685 427 496 427 496 1 1 70 70 0 3 0
2685 2685 427 496 427 496 1 0 70 70 -36066 32 0
2685 2690 427 496 427 496 0 0 70 70 0 5 0
2690 2690 427 496 427 496 0 1 70 70 1549 32 0
2690 2693 427 496 427 496 1 1 70 70 0 3 0
2693 2695 427 496 427 498 1 0 70 68 -1549 32 2
2695 2865 427 498 427 498 0 0 68 68 0 170 0
2865 2867 427 498 427 496 0 1 68 66 18334 32 2
2867 2869 427 496 427 496 1 1 66 66 0 2 0
2869 2869 427 496 427 496 1 0 66 66 -18334 32 0
2869 3571 427 496 427 496 0 0 66 66 0 702 0
3571 3571 427 496 427 496 0 1 66 66 2033 32 0
3571 3572 427 496 427 496 1 1 66 66 0 1 0
3572 3573 427 496 428 496 1 0 66 65 -2033 32 1
3573 4299 428 496 428 496 0 0 65 65 0 726 0
4299 4300 428 496 427 496 0 1 65 64 18782 32 1
4300 4301 427 496 427 496 1 1 64 64 0 1 0
4301 4301 427 496 427 496 1 0 64 64 -18782 32 0
4301 4688 427 496 427 496 0 0 64 64 0 387 0
4688 4688 427 496 427 496 0 1 64 64 2635 32 0
4688 4689 427 496 428 496 1 0 64 63 -2635 32 1
4689 5600 428 496 428 496 0 0 63 63 0 911 0
5600 5601 428 496 427 496 0 1 63 62 3143 32 1
5601 5602 427 496 428 496 1 0 62 61 -3143 32 1
5602 5643 428 496 428 496 0 0 61 61 0 41 0
5643 5644 428 496 427 496 0 1 61 60 3165 32 1
5644 5647 427 496 429 497 1 0 60 57 -3165 32 3
5647 5905 429 497 429 497 0 0 57 57 0 258 0
5905 5908 429 497 427 496 0 1 57 54 3312 32 3
5908 5909 427 496 428 496 1 0 54 53 -3312 32 1
5909 6141 428 496 428 496 0 0 53 53 0 232 0
6141 6142 428 496 427 496 0 1 53 52 3445 32 1
6142 6143 427 496 427 496 1 1 52 52 0 1 0
6143 6144 427 496 428 496 1 0 52 51 -3445 32 1
6144 6261 428 496 428 496 0 0 51 51 0 117 0
6261 6262 428 496 427 496 0 1 51 50 3509 32 1
6262 6265 427 496 427 496 1 1 50 50 0 3 0
6265 6268 427 496 427 499 1 0 50 47 -3509 32 3
6268 6720 427 499 427 499 0 0 47 47 0 452 0
6720 6723 427 499 427 496 0 1 47 44 3748 32 3
6723 6727 427 496 427 496 1 1 44 44 0 4 0
6727 6727 427 496 427 496 1 0 44 44 -3748 32 0
6727 6847 427 496 427 496 0 0 44 44 0 120 0
6847 6847 427 496 427 496 0 1 44 44 3818 32 0
6847 6849 427 496 428 497 1 0 44 42 -3818 32 2
6849 6966 428 497 428 497 0 0 42 42 0 117 0
6966 6968 428 497 427 496 0 1 42 40 3890 32 2
6968 6970 427 496 427 496 1 1 40 40 0 2 0
6970 6974 427 496 429 498 1 0 40 36 -3890 32 4
6974 7312 429 498 429 498 0 0 36 36 0 338 0
7312 7316 429 498 427 496 0 1 36 32 4065 32 4
7316 7317 427 496 427 496 1 1 32 32 0 1 0
7317 7317 427 496 427 496 1 0 32 32 -4065 32 0
7317 8439 427 496 427 496 0 0 32 32 0 1122 0
8439 8439 427 496 427 496 0 1 32 32 4662 32 0
8439 8444 427 496 427 496 1 1 32 32 0 5 0
8444 8444 427 496 427 496 1 0 32 32 -4662 32 0
8444 8487 427 496 427 496 0 0 32 32 0 43 0
8487 8487 427 496 427 496 0 1 32 32 4684 32 0
8487 8492 427 496 432 496 1 0 32 27 -4684 32 5
8492 8903 432 496 432 496 0 0 27 27 0 411 0
8903 8908 432 496 427 496 0 1 27 22 20310 32 5
8908 8909 427 496 427 496 1 1 22 22 0 1 0
8909 8909 427 496 427 496 1 0 22 22 -20310 32 0
8909 9404 427 496 427 496 0 0 22 22 0 495 0
9404 9404 427 496 427 496 0 1 22 22 5182 32 0
9404 9409 427 496 432 496 1 0 22 17 -5182 32 5
9409 9541 432 496 432 496 0 0 17 17 0 132 0
9541 9546 432 496 427 496 0 1 17 12 5254 32 5
9546 9548 427 496 427 496 1 1 12 12 0 2 0
9548 9553 427 496 431 497 1 0 12 7 -5254 32 5
9553 11086 431 497 431 497 0 0 7 7 0 1533 0
11086 11091 431 497 427 496 0 1 7 2 6054 32 5
11091 11092 427 496 427 496 1 1 2 2 0 1 0
11092 11093 427 496 428 496 1 0 2 1 -6054 32 1
11093 11223 428 496 428 496 0 0 1 1 0 130 0
11223 11224 428 496 427 496 0 1 1 0 6127 32 1
11224 11226 427 496 427 496 1 1 0 0 0 2 0
11226 11226 427 496 427 496 1 0 0 0 -6127 32 0
11226 12078 427 496 427 496 0 0 0 0 0 852 0
12078 12078 427 496 427 496 0 1 0 0 6563 32 0
12078 12081 427 496 427 496 1 1 0 0 0 3 0
12081 12081 427 496 427 496 1 0 0 0 -6563 32 0
12081 14378 427 496 427 496 0 0 0 0 0 2297 0
14378 14378 427 496 427 496 0 1 0 0 7626 32 0
14378 14379 427 496 427 496 1 1 0 0 0 1 0
14379 14379 427 496 427 496 1 0 0 0 -7626 32 0
14379 16109 427 496 427 496 0 0 0 0 0 1730 0
16109 16109 427 496 427 496 0 1 0 0 41110 32 0
16109 16112 427 496 427 496 1 1 0 0 0 3 0
16112 16112 427 496 427 496 1 0 0 0 -41110 32 0
16112 19387 427 496 427 496 0 0 0 0 0 3275 0
19387 19387 427 496 427 496 0 1 0 0 42580 32 0
19387 19390 427 496 427 496 1 1 0 0 0 3 0
19390 19390 427 496 427 496 1 0 0 0 -42580 32 0
19390 20150 427 496 427 496 0 0 0 0 0 760 0
20150 20150 427 496 427 496 0 1 0 0 24851 32 0
20150 20150 427 496 427 496 1 2 0 0 24840 7 0
20150 20150 427 496 427 496 2 1 0 0 -24840 8 0
20150 20151 427 496 427 496 1 1 0 0 0 1 0
20151 20151 427 496 427 496 1 0 0 0 -24851 32 0
20151 21775 427 496 427 496 0 0 0 0 0 1624 0
21775 21775 427 496 427 496 0 1 0 0 10475 32 0
21775 21776 427 496 427 496 1 1 0 0 0 1 0
21776 21776 427 496 427 496 1 0 0 0 -10475 32 0
21776 25146 427 496 427 496 0 0 0 0 0 3370 0
25146 25146 427 496 427 496 0 1 0 0 45647 32 0
25146 25147 427 496 427 496 1 1 0 0 0 1 0
25147 25147 427 496 427 496 1 0 0 0 -45647 32 0
25147 27809 427 496 427 496 0 0 0 0 0 2662 0
27809 27809 427 496 427 496 0 1 0 0 47145 32 0
27809 27810 427 496 427 496 1 1 0 0 0 1 0
27810 27810 427 496 427 496 1 0 0 0 -47145 32 0
27810 28767 427 496 427 496 0 0 0 0 0 957 0
28767 28767 427 496 427 496 0 1 0 0 47741 32 0
28767 28768 427 496 427 496 1 1 0 0 0 1 0
28768 28768 427 496 427 496 1 0 0 0 -47741 32 0
28768 29421 427 496 427 496 0 0 0 0 0 653 0
29421 29421 427 496 427 496 0 1 0 0 29452 32 0
29421 29422 427 496 427 496 1 1 0 0 0 1 0
29422 29422 427 496 427 496 1 0 0 0 -29452 32 0
29422 31313 427 496 427 496 0 0 0 0 0 1891 0
31313 31313 427 496 427 496 0 1 0 0 49179 32 0
31313 31314 427 496 427 496 1 1 0 0 0 1 0
31314 31314 427 496 427 496 1 0 0 0 -49179 32 0
31314 35103 427 496 427 496 0 0 0 0 0 3789 0
35103 35103 427 496 427 496 0 1 0 0 32166 32 0
35103 35104 427 496 427 496 1 1 0 0 0 1 0
35104 35104 427 496 427 496 1 0 0 0 -32166 32 0
35104 35727 427 496 427 496 0 0 0 0 0 623 0
35727 35727 427 496 427 496 0 1 0 0 32412 32 0
35727 35728 427 496 427 496 1 1 0 0 0 1 0
35728 35728 427 496 427 496 1 0 0 0 -32412 32 0
35728 39604 427 496 427 496 0 0 0 0 0 3876 0
39604 39604 427 496 427 496 0 1 0 0 33938 32 0
39604 39604 427 496 427 496 1 2 0 0 15463 20 0
39604 39604 427 496 427 496 2 1 0 0 -15463 23 0
39604 39614 427 496 427 496 1 1 0 0 0 10 0
39614 39614 427 496 427 496 1 0 0 0 -33938 32 0
39614 43189 427 496 427 496 0 0 0 0 0 3575 0
43189 43189 427 496 427 496 0 1 0 0 35141 32 0
43189 43191 427 496 427 496 1 1 0 0 0 2 0
43191 43191 427 496 427 496 1 0 0 0 -35141 32 0
43191 43267 427 496 427 496 0 0 0 0 0 76 0
43267 43267 427 496 427 496 0 0 0 0 1000000000 0 0
--------------------------------------
--------------------------------------
EV2
--------------------------------------
Num TPs served = 14
TPs served = 5287 5676 5848 5915 6678 6905 7733 7971 8755 9731 9929 10072 10428 10820
Total energy used = 100
--------------------------------------
Schedule:
0 9612 427 496 427 496 0 0 100 100 0 9612 0
9612 9612 427 496 427 496 0 1 100 100 5287 32 0
9612 9613 427 496 427 496 1 1 100 100 0 1 0
9613 9615 427 496 428 497 1 0 100 98 -5287 32 2
9615 10370 428 497 428 497 0 0 98 98 0 755 0
10370 10372 428 497 427 496 0 1 98 96 5676 32 2
10372 10374 427 496 428 497 1 0 96 94 -5676 32 2
10374 10698 428 497 428 497 0 0 94 94 0 324 0
10698 10700 428 497 427 496 0 1 94 92 5848 32 2
10700 10702 427 496 429 496 1 0 92 90 -5848 32 2
10702 10823 429 496 429 496 0 0 90 90 0 121 0
10823 10825 429 496 427 496 0 1 90 88 5915 32 2
10825 10831 427 496 433 496 1 0 88 82 -5915 32 6
10831 12319 433 496 433 496 0 0 82 82 0 1488 0
12319 12325 433 496 427 496 0 1 82 76 6678 32 6
12325 12326 427 496 427 497 1 0 76 75 -6678 32 1
12326 12796 427 497 427 497 0 0 75 75 0 470 0
12796 12797 427 497 427 496 0 1 75 74 6905 32 1
12797 12799 427 496 429 496 1 0 74 72 -6905 32 2
12799 14619 429 496 429 496 0 0 72 72 0 1820 0
14619 14621 429 496 427 496 0 1 72 70 7733 32 2
14621 14626 427 496 431 497 1 0 70 65 -7733 32 5
14626 15126 431 497 431 497 0 0 65 65 0 500 0
15126 15131 431 497 427 496 0 1 65 60 7971 32 5
15131 15145 427 496 435 502 1 0 60 46 -7971 32 14
15145 17021 435 502 435 502 0 0 46 46 0 1876 0
17021 17035 435 502 427 496 0 1 46 32 8755 32 14
17035 17036 427 496 428 496 1 0 32 31 -8755 32 1
17036 19640 428 496 428 496 0 0 31 31 0 2604 0
19640 19641 428 496 427 496 0 1 31 30 9731 32 1
19641 19649 427 496 434 497 1 0 30 22 -9731 32 8
19649 20197 434 497 434 497 0 0 22 22 0 548 0
20197 20205 434 497 427 496 0 1 22 14 9929 32 8
20205 20206 427 496 427 496 1 1 14 14 0 1 0
20206 20207 427 496 427 497 1 0 14 13 -9929 32 1
20207 20609 427 497 427 497 0 0 13 13 0 402 0
20609 20610 427 497 427 496 0 1 13 12 10072 32 1
20610 20613 427 496 428 498 1 0 12 9 -10072 32 3
20613 21641 428 498 428 498 0 0 9 9 0 1028 0
21641 21644 428 498 427 496 0 1 9 6 10428 32 3
21644 21646 427 496 429 496 1 0 6 4 -10428 32 2
21646 22804 429 496 429 496 0 0 4 4 0 1158 0
22804 22806 429 496 427 496 0 1 4 2 10820 32 2
22806 22807 427 496 428 496 1 0 2 1 -10820 32 1
22807 43266 428 496 428 496 0 0 1 1 0 20459 0
43266 43267 428 496 427 496 0 0 1 0 1000000000 0 1
--------------------------------------
--------------------------------------
EV3
--------------------------------------
Num TPs served = 18
TPs served = 10562 10676 10733 10811 10926 11214 11309 11671 12063 12100 12164 12556 13146 13241 13965 14039 14220 49058
Total energy used = 100
--------------------------------------
Schedule:
0 21983 427 496 427 496 0 0 100 100 0 21983 0
21983 21983 427 496 427 496 0 1 100 100 10562 32 0
21983 21985 427 496 427 496 1 1 100 100 0 2 0
21985 21991 427 496 433 496 1 0 100 94 -10562 32 6
21991 22309 433 496 433 496 0 0 94 94 0 318 0
22309 22315 433 496 427 496 0 1 94 88 10676 32 6
22315 22317 427 496 427 496 1 1 88 88 0 2 0
22317 22323 427 496 430 499 1 0 88 82 -10676 32 6
22323 22512 430 499 430 499 0 0 82 82 0 189 0
22512 22518 430 499 427 496 0 1 82 76 10733 32 6
22518 22521 427 496 430 496 1 0 76 73 -10733 32 3
22521 22774 430 496 430 496 0 0 73 73 0 253 0
22774 22777 430 496 427 496 0 1 73 70 10811 32 3
22777 22780 427 496 430 496 1 0 70 67 -10811 32 3
22780 23139 430 496 430 496 0 0 67 67 0 359 0
23139 23142 430 496 427 496 0 1 67 64 10926 32 3
23142 23143 427 496 427 497 1 0 64 63 -10926 32 1
23143 23978 427 497 427 497 0 0 63 63 0 835 0
23978 23979 427 497 427 496 0 1 63 62 11214 32 1
23979 23980 427 496 427 497 1 0 62 61 -11214 32 1
23980 24282 427 497 427 497 0 0 61 61 0 302 0
24282 24283 427 497 427 496 0 1 61 60 11309 32 1
24283 24285 427 496 427 496 1 1 60 60 0 2 0
24285 24287 427 496 429 496 1 0 60 58 -11309 32 2
24287 25596 429 496 429 496 0 0 58 58 0 1309 0
25596 25598 429 496 427 496 0 1 58 56 11671 32 2
25598 25599 427 496 428 496 1 0 56 55 -11671 32 1
25599 26946 428 496 428 496 0 0 55 55 0 1347 0
26946 26947 428 496 427 496 0 1 55 54 12063 32 1
26947 26948 427 496 427 496 1 1 54 54 0 1 0
26948 26953 427 496 429 499 1 0 54 49 -12063 32 5
26953 27084 429 499 429 499 0 0 49 49 0 131 0
27084 27089 429 499 427 496 0 1 49 44 12100 32 5
27089 27092 427 496 430 496 1 0 44 41 -12100 32 3
27092 27258 430 496 430 496 0 0 41 41 0 166 0
27258 27261 430 496 427 496 0 1 41 38 12164 32 3
27261 27263 427 496 427 496 1 1 38 38 0 2 0
27263 27267 427 496 430 497 1 0 38 34 -12164 32 4
27267 28655 430 497 430 497 0 0 34 34 0 1388 0
28655 28659 430 497 427 496 0 1 34 30 12556 32 4
28659 28662 427 496 429 497 1 0 30 27 -12556 32 3
28662 30813 429 497 429 497 0 0 27 27 0 2151 0
30813 30816 429 497 427 496 0 1 27 24 13146 32 3
30816 30825 427 496 427 496 1 1 24 24 0 9 0
30825 30828 427 496 427 499 1 0 24 21 -13146 32 3
30828 31120 427 499 427 499 0 0 21 21 0 292 0
31120 31123 427 499 427 496 0 1 21 18 49058 32 3
31123 31123 427 496 427 496 1 2 18 18 13241 24 0
31123 31124 427 496 427 496 2 2 18 18 0 1 0
31124 31126 427 496 427 498 2 1 18 16 -49058 32 2
31126 31128 427 498 429 498 1 0 16 14 -13241 23 2
31128 33844 429 498 429 498 0 0 14 14 0 2716 0
33844 33848 429 498 427 496 0 1 14 10 13965 32 4
33848 33849 427 496 428 496 1 0 10 9 -13965 32 1
33849 34127 428 496 428 496 0 0 9 9 0 278 0
34127 34128 428 496 427 496 0 1 9 8 14039 32 1
34128 34131 427 496 428 498 1 0 8 5 -14039 32 3
34131 34820 428 498 428 498 0 0 5 5 0 689 0
34820 34823 428 498 427 496 0 1 5 2 14220 32 3
34823 34824 427 496 427 497 1 0 2 1 -14220 32 1
34824 43266 427 497 427 497 0 0 1 1 0 8442 0
43266 43267 427 497 427 496 0 0 1 0 1000000000 0 1
--------------------------------------
--------------------------------------
EV4
--------------------------------------
Num TPs served = 7
TPs served = 14151 14162 14213 14324 14379 14462 18011
Total energy used = 100
--------------------------------------
Schedule:
0 1850 427 496 427 496 0 0 100 100 0 1850 0
1850 1850 427 496 427 496 0 1 100 100 18011 32 0
1850 1854 427 496 427 496 1 1 100 100 0 4 0
1854 1855 427 496 428 496 1 0 100 99 -18011 32 1
1855 34553 428 496 428 496 0 0 99 99 0 32698 0
34553 34554 428 496 427 496 0 1 99 98 14151 32 1
34554 34557 427 496 427 496 1 1 98 98 0 3 0
34557 34572 427 496 438 500 1 0 98 83 -14151 32 15
34572 34595 438 500 438 500 0 0 83 83 0 23 0
34595 34610 438 500 427 496 0 1 83 68 14162 32 15
34610 34615 427 496 427 496 1 1 68 68 0 5 0
34615 34637 427 496 447 498 1 0 68 46 -14162 32 22
34637 34786 447 498 447 498 0 0 46 46 0 149 0
34786 34808 447 498 427 496 0 1 46 24 14213 32 22
34808 34811 427 496 427 496 1 1 24 24 0 3 0
34811 34816 427 496 429 499 1 0 24 19 -14213 32 5
34816 35214 429 499 429 499 0 0 19 19 0 398 0
35214 35219 429 499 427 496 0 1 19 14 14324 32 5
35219 35220 427 496 427 496 1 1 14 14 0 1 0
35220 35222 427 496 427 498 1 0 14 12 -14324 32 2
35222 35411 427 498 427 498 0 0 12 12 0 189 0
35411 35413 427 498 427 496 0 1 12 10 14379 32 2
35413 35414 427 496 427 496 1 1 10 10 0 1 0
35414 35417 427 496 427 499 1 0 10 7 -14379 32 3
35417 35712 427 499 427 499 0 0 7 7 0 295 0
35712 35715 427 499 427 496 0 1 7 4 14462 32 3
35715 35717 427 496 429 496 1 0 4 2 -14462 32 2
35717 43265 429 496 429 496 0 0 2 2 0 7548 0
43265 43267 429 496 427 496 0 0 2 0 1000000000 0 2
--------------------------------------
--------------------------------------
EV5
--------------------------------------
Num TPs served = 27
TPs served = 14539 14892 16193 16795 17450 18242 18745 18910 19055 19271 19317 19866 20094 20376 21572 22001 22259 22398 22991 23024 23202 23619 23650 24150 24208 24695 41057
Total energy used = 100
--------------------------------------
Schedule:
0 70 427 496 427 496 0 0 100 100 0 70 0
70 70 427 496 427 496 0 1 100 100 17450 32 0
70 71 427 496 427 496 1 1 100 100 0 1 0
71 74 427 496 429 497 1 0 100 97 -17450 32 3
74 2553 429 497 429 497 0 0 97 97 0 2479 0
2553 2556 429 497 427 496 0 1 97 94 18242 32 3
2556 2559 427 496 429 497 1 0 94 91 -18242 32 3
2559 4161 429 497 429 497 0 0 91 91 0 1602 0
4161 4164 429 497 427 496 0 1 91 88 18745 32 3
4164 4165 427 496 427 497 1 0 88 87 -18745 32 1
4165 4708 427 497 427 497 0 0 87 87 0 543 0
4708 4709 427 497 427 496 0 1 87 86 18910 32 1
4709 4711 427 496 429 496 1 0 86 84 -18910 32 2
4711 5169 429 496 429 496 0 0 84 84 0 458 0
5169 5171 429 496 427 496 0 1 84 82 19055 32 2
5171 5172 427 496 427 497 1 0 82 81 -19055 32 1
5172 5797 427 497 427 497 0 0 81 81 0 625 0
5797 5798 427 497 427 496 0 1 81 80 19271 32 1
5798 5800 427 496 427 498 1 0 80 78 -19271 32 2
5800 5940 427 498 427 498 0 0 78 78 0 140 0
5940 5942 427 498 427 496 0 1 78 76 19317 32 2
5942 5943 427 496 427 496 1 1 76 76 0 1 0
5943 5947 427 496 429 498 1 0 76 72 -19317 32 4
5947 7635 429 498 429 498 0 0 72 72 0 1688 0
7635 7639 429 498 427 496 0 1 72 68 19866 32 4
7639 7641 427 496 427 496 1 1 68 68 0 2 0
7641 7643 427 496 428 497 1 0 68 66 -19866 32 2
7643 8294 428 497 428 497 0 0 66 66 0 651 0
8294 8296 428 497 427 496 0 1 66 64 20094 32 2
8296 8297 427 496 428 496 1 0 64 63 -20094 32 1
8297 9112 428 496 428 496 0 0 63 63 0 815 0
9112 9113 428 496 427 496 0 1 63 62 20376 32 1
9113 9114 427 496 427 496 1 1 62 62 0 1 0
9114 9116 427 496 429 496 1 0 62 60 -20376 32 2
9116 12307 429 496 429 496 0 0 60 60 0 3191 0
12307 12309 429 496 427 496 0 1 60 58 21572 32 2
12309 12311 427 496 428 497 1 0 58 56 -21572 32 2
12311 13467 428 497 428 497 0 0 56 56 0 1156 0
13467 13469 428 497 427 496 0 1 56 54 22001 32 2
13469 13470 427 496 428 496 1 0 54 53 -22001 32 1
13470 14123 428 496 428 496 0 0 53 53 0 653 0
14123 14124 428 496 427 496 0 1 53 52 22259 32 1
14124 14127 427 496 427 496 1 1 52 52 0 3 0
14127 14128 427 496 427 497 1 0 52 51 -22259 32 1
14128 14483 427 497 427 497 0 0 51 51 0 355 0
14483 14484 427 497 427 496 0 1 51 50 22398 32 1
14484 14485 427 496 427 496 1 1 50 50 0 1 0
14485 14487 427 496 429 496 1 0 50 48 -22398 32 2
14487 15959 429 496 429 496 0 0 48 48 0 1472 0
15959 15961 429 496 427 496 0 1 48 46 22991 32 2
15961 15964 427 496 427 496 1 1 46 46 0 3 0
15964 15965 427 496 428 496 1 0 46 45 -22991 32 1
15965 16000 428 496 428 496 0 0 45 45 0 35 0
16000 16001 428 496 427 496 0 1 45 44 41057 32 1
16001 16031 427 496 427 496 1 1 44 44 0 30 0
16031 16031 427 496 427 496 1 2 44 44 23024 32 0
16031 16032 427 496 428 496 2 1 44 43 -41057 3 1
16032 16034 428 496 428 496 1 1 43 43 0 2 0
16034 16035 428 496 428 497 1 0 43 42 -23024 32 1
16035 16462 428 497 428 497 0 0 42 42 0 427 0
16462 16464 428 497 427 496 0 1 42 40 23202 32 2
16464 16466 427 496 429 496 1 0 40 38 -23202 32 2
16466 17450 429 496 429 496 0 0 38 38 0 984 0
17450 17452 429 496 427 496 0 1 38 36 23619 32 2
17452 17453 427 496 427 496 1 1 36 36 0 1 0
17453 17454 427 496 428 496 1 0 36 35 -23619 32 1
17454 17514 428 496 428 496 0 0 35 35 0 60 0
17514 17515 428 496 427 496 0 1 35 34 23650 32 1
17515 17516 427 496 427 496 1 1 34 34 0 1 0
17516 17517 427 496 428 496 1 0 34 33 -23650 32 1
17517 18608 428 496 428 496 0 0 33 33 0 1091 0
18608 18609 428 496 427 496 0 1 33 32 24150 32 1
18609 18610 427 496 427 496 1 1 32 32 0 1 0
18610 18613 427 496 430 496 1 0 32 29 -24150 32 3
18613 18728 430 496 430 496 0 0 29 29 0 115 0
18728 18731 430 496 427 496 0 1 29 26 24208 32 3
18731 18732 427 496 428 496 1 0 26 25 -24208 32 1
18732 19810 428 496 428 496 0 0 25 25 0 1078 0
19810 19811 428 496 427 496 0 1 25 24 24695 32 1
19811 19812 427 496 428 496 1 0 24 23 -24695 32 1
19812 36006 428 496 428 496 0 0 23 23 0 16194 0
36006 36007 428 496 427 496 0 1 23 22 14539 32 1
36007 36010 427 496 427 499 1 0 22 19 -14539 32 3
36010 37398 427 499 427 499 0 0 19 19 0 1388 0
37398 37401 427 499 427 496 0 1 19 16 14892 32 3
37401 37402 427 496 427 496 1 1 16 16 0 1 0
37402 37405 427 496 430 496 1 0 16 13 -14892 32 3
37405 41099 430 496 430 496 0 0 13 13 0 3694 0
41099 41102 430 496 427 496 0 1 13 10 16193 32 3
41102 41105 427 496 429 497 1 0 10 7 -16193 32 3
41105 42121 429 497 429 497 0 0 7 7 0 1016 0
42121 42124 429 497 427 496 0 1 7 4 16795 32 3
42124 42126 427 496 428 497 1 0 4 2 -16795 32 2
42126 43265 428 497 428 497 0 0 2 2 0 1139 0
43265 43267 428 497 427 496 0 0 2 0 1000000000 0 2
--------------------------------------
--------------------------------------
EV6
--------------------------------------
Num TPs served = 22
TPs served = 23878 24438 25184 25558 25645 25816 25870 26038 26039 26330 27234 28410 28523 28976 29131 29460 30118 30132 30722 30766 31035 34049
Total energy used = 100
--------------------------------------
Schedule:
0 18006 427 496 427 496 0 0 100 100 0 18006 0
18006 18006 427 496 427 496 0 1 100 100 23878 32 0
18006 18007 427 496 427 496 1 1 100 100 0 1 0
18007 18015 427 496 434 497 1 0 100 92 -23878 32 8
18015 19250 434 497 434 497 0 0 92 92 0 1235 0
19250 19258 434 497 427 496 0 1 92 84 24438 32 8
19258 19262 427 496 430 497 1 0 84 80 -24438 32 4
19262 20905 430 497 430 497 0 0 80 80 0 1643 0
20905 20909 430 497 427 496 0 1 80 76 25184 32 4
20909 20912 427 496 430 496 1 0 76 73 -25184 32 3
20912 21718 430 496 430 496 0 0 73 73 0 806 0
21718 21721 430 496 427 496 0 1 73 70 25558 32 3
21721 21722 427 496 427 496 1 1 70 70 0 1 0
21722 21723 427 496 428 496 1 0 70 69 -25558 32 1
21723 21910 428 496 428 496 0 0 69 69 0 187 0
21910 21911 428 496 427 496 0 1 69 68 25645 32 1
21911 21913 427 496 429 496 1 0 68 66 -25645 32 2
21913 22263 429 496 429 496 0 0 66 66 0 350 0
22263 22265 429 496 427 496 0 1 66 64 25816 32 2
22265 22266 427 496 427 496 1 1 64 64 0 1 0
22266 22267 427 496 428 496 1 0 64 63 -25816 32 1
22267 22372 428 496 428 496 0 0 63 63 0 105 0
22372 22373 428 496 427 496 0 1 63 62 25870 32 1
22373 22374 427 496 427 496 1 1 62 62 0 1 0
22374 22379 427 496 432 496 1 0 62 57 -25870 32 5
22379 22727 432 496 432 496 0 0 57 57 0 348 0
22727 22732 432 496 427 496 0 1 57 52 26039 32 5
22732 22732 427 496 427 496 1 2 52 52 26038 31 0
22732 22735 427 496 430 496 2 1 52 49 -26039 32 3
22735 22737 430 496 428 496 1 0 49 47 -26038 27 2
22737 23342 428 496 428 496 0 0 47 47 0 605 0
23342 23343 428 496 427 496 0 1 47 46 26330 32 1
23343 23348 427 496 432 496 1 0 46 41 -26330 32 5
23348 25071 432 496 432 496 0 0 41 41 0 1723 0
25071 25076 432 496 427 496 0 1 41 36 27234 32 5
25076 25079 427 496 429 497 1 0 36 33 -27234 32 3
25079 27309 429 497 429 497 0 0 33 33 0 2230 0
27309 27312 429 497 427 496 0 1 33 30 28410 32 3
27312 27313 427 496 428 496 1 0 30 29 -28410 32 1
27313 27532 428 496 428 496 0 0 29 29 0 219 0
27532 27533 428 496 427 496 0 1 29 28 28523 32 1
27533 27534 427 496 427 496 1 1 28 28 0 1 0
27534 27535 427 496 428 496 1 0 28 27 -28523 32 1
27535 28422 428 496 428 496 0 0 27 27 0 887 0
28422 28423 428 496 427 496 0 1 27 26 28976 32 1
28423 28425 427 496 428 497 1 0 26 24 -28976 32 2
28425 28741 428 497 428 497 0 0 24 24 0 316 0
28741 28743 428 497 427 496 0 1 24 22 29131 32 2
28743 28744 427 496 427 496 1 1 22 22 0 1 0
28744 28745 427 496 427 497 1 0 22 21 -29131 32 1
28745 29433 427 497 427 497 0 0 21 21 0 688 0
29433 29434 427 497 427 496 0 1 21 20 29460 32 1
29434 29436 427 496 429 496 1 0 20 18 -29460 32 2
29436 30729 429 496 429 496 0 0 18 18 0 1293 0
30729 30731 429 496 427 496 0 1 18 16 30132 32 2
30731 30731 427 496 427 496 1 2 16 16 30118 9 0
30731 30732 427 496 427 497 2 1 16 15 -30132 32 1
30732 30734 427 497 428 496 1 0 15 13 -30118 7 2
30734 31915 428 496 428 496 0 0 13 13 0 1181 0
31915 31916 428 496 427 496 0 1 13 12 30722 32 1
31916 31918 427 496 428 497 1 0 12 10 -30722 32 2
31918 32006 428 497 428 497 0 0 10 10 0 88 0
32006 32008 428 497 427 496 0 1 10 8 30766 32 2
32008 32009 427 496 427 496 1 1 8 8 0 1 0
32009 32010 427 496 427 497 1 0 8 7 -30766 32 1
32010 32570 427 497 427 497 0 0 7 7 0 560 0
32570 32571 427 497 427 496 0 1 7 6 31035 32 1
32571 32573 427 496 428 497 1 0 6 4 -31035 32 2
32573 39908 428 497 428 497 0 0 4 4 0 7335 0
39908 39910 428 497 427 496 0 1 4 2 34049 32 2
39910 39911 427 496 427 496 1 1 2 2 0 1 0
39911 39912 427 496 427 497 1 0 2 1 -34049 32 1
39912 43266 427 497 427 497 0 0 1 1 0 3354 0
43266 43267 427 497 427 496 0 0 1 0 1000000000 0 1
--------------------------------------
--------------------------------------
EV7
--------------------------------------
Num TPs served = 13
TPs served = 30877 31236 32243 32268 32867 32990 33215 33485 34242 34704 34841 34951 35023
Total energy used = 100
--------------------------------------
Schedule:
0 32248 427 496 427 496 0 0 100 100 0 32248 0
32248 32248 427 496 427 496 0 1 100 100 30877 32 0
32248 32252 427 496 431 496 1 0 100 96 -30877 32 4
32252 33015 431 496 431 496 0 0 96 96 0 763 0
33015 33019 431 496 427 496 0 1 96 92 31236 32 4
33019 33021 427 496 428 497 1 0 92 90 -31236 32 2
33021 35317 428 497 428 497 0 0 90 90 0 2296 0
35317 35319 428 497 427 496 0 1 90 88 32243 32 2
35319 35320 427 496 427 496 1 1 88 88 0 1 0
35320 35324 427 496 430 497 1 0 88 84 -32243 32 4
35324 35376 430 497 430 497 0 0 84 84 0 52 0
35376 35380 430 497 427 496 0 1 84 80 32268 32 4
35380 35381 427 496 427 496 1 1 80 80 0 1 0
35381 35394 427 496 437 499 1 0 80 67 -32268 32 13
35394 36802 437 499 437 499 0 0 67 67 0 1408 0
36802 36815 437 499 427 496 0 1 67 54 32867 32 13
36815 36817 427 496 427 498 1 0 54 52 -32867 32 2
36817 37162 427 498 427 498 0 0 52 52 0 345 0
37162 37164 427 498 427 496 0 1 52 50 32990 32 2
37164 37166 427 496 427 496 1 1 50 50 0 2 0
37166 37168 427 496 427 498 1 0 50 48 -32990 32 2
37168 37712 427 498 427 498 0 0 48 48 0 544 0
37712 37714 427 498 427 496 0 1 48 46 33215 32 2
37714 37718 427 496 427 496 1 1 46 46 0 4 0
37718 37727 427 496 431 501 1 0 46 37 -33215 32 9
37727 38356 431 501 431 501 0 0 37 37 0 629 0
38356 38365 431 501 427 496 0 1 37 28 33485 32 9
38365 38368 427 496 429 497 1 0 28 25 -33485 32 3
38368 40442 429 497 429 497 0 0 25 25 0 2074 0
40442 40445 429 497 427 496 0 1 25 22 34242 32 3
40445 40451 427 496 433 496 1 0 22 16 -34242 32 6
40451 41849 433 496 433 496 0 0 16 16 0 1398 0
41849 41855 433 496 427 496 0 1 16 10 34704 32 6
41855 41857 427 496 429 496 1 0 10 8 -34704 32 2
41857 42258 429 496 429 496 0 0 8 8 0 401 0
42258 42260 429 496 427 496 0 1 8 6 34841 32 2
42260 42261 427 496 427 497 1 0 6 5 -34841 32 1
42261 42630 427 497 427 497 0 0 5 5 0 369 0
42630 42631 427 497 427 496 0 1 5 4 34951 32 1
42631 42632 427 496 427 496 1 1 4 4 0 1 0
42632 42633 427 496 427 497 1 0 4 3 -34951 32 1
42633 42826 427 497 427 497 0 0 3 3 0 193 0
42826 42827 427 497 427 496 0 1 3 2 35023 32 1
42827 42828 427 496 427 496 1 1 2 2 0 1 0
42828 42829 427 496 427 497 1 0 2 1 -35023 32 1
42829 43266 427 497 427 497 0 0 1 1 0 437 0
43266 43267 427 497 427 496 0 0 1 0 1000000000 0 1
--------------------------------------

-------------------------------------------------------------------------

TPs

-------------------------------------------------------------------------

----------------------
TP217 allocated to 1
----------------------

----------------------
TP309 allocated to 1
----------------------

----------------------
TP499 allocated to 1
----------------------

----------------------
TP754 allocated to 1
----------------------

----------------------
TP1226 allocated to 1
----------------------

----------------------
TP1378 allocated to 1
----------------------

----------------------
TP1549 allocated to 1
----------------------

----------------------
TP2033 allocated to 1
----------------------

----------------------
TP2635 allocated to 1
----------------------

----------------------
TP3143 allocated to 1
----------------------

----------------------
TP3165 allocated to 1
----------------------

----------------------
TP3312 allocated to 1
----------------------

----------------------
TP3445 allocated to 1
----------------------

----------------------
TP3509 allocated to 1
----------------------

----------------------
TP3748 allocated to 1
----------------------

----------------------
TP3818 allocated to 1
----------------------

----------------------
TP3890 allocated to 1
----------------------

----------------------
TP4065 allocated to 1
----------------------

----------------------
TP4662 allocated to 1
----------------------

----------------------
TP4684 allocated to 1
----------------------

----------------------
TP5182 allocated to 1
----------------------

----------------------
TP5254 allocated to 1
----------------------

----------------------
TP5287 allocated to 2
----------------------

----------------------
TP5676 allocated to 2
----------------------

----------------------
TP5848 allocated to 2
----------------------

----------------------
TP5915 allocated to 2
----------------------

----------------------
TP6054 allocated to 1
----------------------

----------------------
TP6127 allocated to 1
----------------------

----------------------
TP6563 allocated to 1
----------------------

----------------------
TP6678 allocated to 2
----------------------

----------------------
TP6905 allocated to 2
----------------------

----------------------
TP7626 allocated to 1
----------------------

----------------------
TP7733 allocated to 2
----------------------

----------------------
TP7971 allocated to 2
----------------------

----------------------
TP8755 allocated to 2
----------------------

----------------------
TP9731 allocated to 2
----------------------

----------------------
TP9929 allocated to 2
----------------------

----------------------
TP10072 allocated to 2
----------------------

----------------------
TP10428 allocated to 2
----------------------

----------------------
TP10475 allocated to 1
----------------------

----------------------
TP10562 allocated to 3
----------------------

----------------------
TP10676 allocated to 3
----------------------

----------------------
TP10733 allocated to 3
----------------------

----------------------
TP10811 allocated to 3
----------------------

----------------------
TP10820 allocated to 2
----------------------

----------------------
TP10926 allocated to 3
----------------------

----------------------
TP11214 allocated to 3
----------------------

----------------------
TP11309 allocated to 3
----------------------

----------------------
TP11671 allocated to 3
----------------------

----------------------
TP12063 allocated to 3
----------------------

----------------------
TP12100 allocated to 3
----------------------

----------------------
TP12164 allocated to 3
----------------------

----------------------
TP12556 allocated to 3
----------------------

----------------------
TP13146 allocated to 3
----------------------

----------------------
TP13241 allocated to 3
----------------------

----------------------
TP13965 allocated to 3
----------------------

----------------------
TP14039 allocated to 3
----------------------

----------------------
TP14151 allocated to 4
----------------------

----------------------
TP14162 allocated to 4
----------------------

----------------------
TP14213 allocated to 4
----------------------

----------------------
TP14220 allocated to 3
----------------------

----------------------
TP14324 allocated to 4
----------------------

----------------------
TP14379 allocated to 4
----------------------

----------------------
TP14462 allocated to 4
----------------------

----------------------
TP14539 allocated to 5
----------------------

----------------------
TP14892 allocated to 5
----------------------

----------------------
TP15463 allocated to 1
----------------------

----------------------
TP16193 allocated to 5
----------------------

----------------------
TP16795 allocated to 5
----------------------

----------------------
TP17450 allocated to 5
----------------------

----------------------
TP17536 allocated to 1
----------------------

----------------------
TP18011 allocated to 4
----------------------

----------------------
TP18242 allocated to 5
----------------------

----------------------
TP18334 allocated to 1
----------------------

----------------------
TP18745 allocated to 5
----------------------

----------------------
TP18782 allocated to 1
----------------------

----------------------
TP18910 allocated to 5
----------------------

----------------------
TP19055 allocated to 5
----------------------

----------------------
TP19271 allocated to 5
----------------------

----------------------
TP19317 allocated to 5
----------------------

----------------------
TP19866 allocated to 5
----------------------

----------------------
TP20094 allocated to 5
----------------------

----------------------
TP20310 allocated to 1
----------------------

----------------------
TP20376 allocated to 5
----------------------

----------------------
TP21572 allocated to 5
----------------------

----------------------
TP22001 allocated to 5
----------------------

----------------------
TP22259 allocated to 5
----------------------

----------------------
TP22398 allocated to 5
----------------------

----------------------
TP22991 allocated to 5
----------------------

----------------------
TP23024 allocated to 5
----------------------

----------------------
TP23202 allocated to 5
----------------------

----------------------
TP23619 allocated to 5
----------------------

----------------------
TP23650 allocated to 5
----------------------

----------------------
TP23878 allocated to 6
----------------------

----------------------
TP24150 allocated to 5
----------------------

----------------------
TP24208 allocated to 5
----------------------

----------------------
TP24438 allocated to 6
----------------------

----------------------
TP24695 allocated to 5
----------------------

----------------------
TP24840 allocated to 1
----------------------

----------------------
TP24851 allocated to 1
----------------------

----------------------
TP25184 allocated to 6
----------------------

----------------------
TP25558 allocated to 6
----------------------

----------------------
TP25645 allocated to 6
----------------------

----------------------
TP25816 allocated to 6
----------------------

----------------------
TP25870 allocated to 6
----------------------

----------------------
TP26038 allocated to 6
----------------------

----------------------
TP26039 allocated to 6
----------------------

----------------------
TP26330 allocated to 6
----------------------

----------------------
TP27234 allocated to 6
----------------------

----------------------
TP28410 allocated to 6
----------------------

----------------------
TP28523 allocated to 6
----------------------

----------------------
TP28976 allocated to 6
----------------------

----------------------
TP29131 allocated to 6
----------------------

----------------------
TP29452 allocated to 1
----------------------

----------------------
TP29460 allocated to 6
----------------------

----------------------
TP30118 allocated to 6
----------------------

----------------------
TP30132 allocated to 6
----------------------

----------------------
TP30722 allocated to 6
----------------------

----------------------
TP30766 allocated to 6
----------------------

----------------------
TP30877 allocated to 7
----------------------

----------------------
TP31035 allocated to 6
----------------------

----------------------
TP31236 allocated to 7
----------------------

----------------------
TP32166 allocated to 1
----------------------

----------------------
TP32243 allocated to 7
----------------------

----------------------
TP32268 allocated to 7
----------------------

----------------------
TP32412 allocated to 1
----------------------

----------------------
TP32867 allocated to 7
----------------------

----------------------
TP32990 allocated to 7
----------------------

----------------------
TP33215 allocated to 7
----------------------

----------------------
TP33485 allocated to 7
----------------------

----------------------
TP33938 allocated to 1
----------------------

----------------------
TP34049 allocated to 6
----------------------

----------------------
TP34242 allocated to 7
----------------------

----------------------
TP34704 allocated to 7
----------------------

----------------------
TP34841 allocated to 7
----------------------

----------------------
TP34951 allocated to 7
----------------------

----------------------
TP35023 allocated to 7
----------------------

----------------------
TP35027 not allocated
----------------------

----------------------
TP35036 not allocated
----------------------

----------------------
TP35072 not allocated
----------------------

----------------------
TP35141 allocated to 1
----------------------

----------------------
TP35180 not allocated
----------------------

----------------------
TP35763 not allocated
----------------------

----------------------
TP36006 not allocated
----------------------

----------------------
TP36044 not allocated
----------------------

----------------------
TP36066 allocated to 1
----------------------

----------------------
TP36612 not allocated
----------------------

----------------------
TP36862 not allocated
----------------------

----------------------
TP37025 not allocated
----------------------

----------------------
TP37499 not allocated
----------------------

----------------------
TP37548 not allocated
----------------------

----------------------
TP38228 not allocated
----------------------

----------------------
TP38912 not allocated
----------------------

----------------------
TP38966 not allocated
----------------------

----------------------
TP39637 not allocated
----------------------

----------------------
TP39964 not allocated
----------------------

----------------------
TP40070 not allocated
----------------------

----------------------
TP40698 not allocated
----------------------

----------------------
TP41057 allocated to 5
----------------------

----------------------
TP41110 allocated to 1
----------------------

----------------------
TP42115 not allocated
----------------------

----------------------
TP42580 allocated to 1
----------------------

----------------------
TP42673 not allocated
----------------------

----------------------
TP42804 not allocated
----------------------

----------------------
TP43186 not allocated
----------------------

----------------------
TP43326 not allocated
----------------------

----------------------
TP43856 not allocated
----------------------

----------------------
TP44147 not allocated
----------------------

----------------------
TP44747 not allocated
----------------------

----------------------
TP44800 not allocated
----------------------

----------------------
TP44845 not allocated
----------------------

----------------------
TP45037 not allocated
----------------------

----------------------
TP45045 not allocated
----------------------

----------------------
TP45450 not allocated
----------------------

----------------------
TP45647 allocated to 1
----------------------

----------------------
TP45659 not allocated
----------------------

----------------------
TP45687 not allocated
----------------------

----------------------
TP46033 not allocated
----------------------

----------------------
TP46537 not allocated
----------------------

----------------------
TP46662 not allocated
----------------------

----------------------
TP47145 allocated to 1
----------------------

----------------------
TP47273 not allocated
----------------------

----------------------
TP47382 not allocated
----------------------

----------------------
TP47671 not allocated
----------------------

----------------------
TP47741 allocated to 1
----------------------

----------------------
TP48014 not allocated
----------------------

----------------------
TP48239 not allocated
----------------------

----------------------
TP48560 not allocated
----------------------

----------------------
TP48981 not allocated
----------------------

----------------------
TP49058 allocated to 3
----------------------

----------------------
TP49117 not allocated
----------------------

----------------------
TP49131 not allocated
----------------------

----------------------
TP49179 allocated to 1
----------------------

----------------------
TP49300 not allocated
----------------------

----------------------
TP49811 not allocated
----------------------

-------------------------------------------------------------------------

Ride-sharing vs Individual Mode - Num Vehicles and Distance Comparisson 

-------------------------------------------------------------------------
Individual Mode = 195 vehicles.
Ride-sharing Mode = 55 vehicles. The 7 ride-sharing vehicles + 48 vehicles of the individuals not served by the ride-sharing service.
-------------------------------------------------------------------------
Individual Mode = 488 distance.
Ride-sharing Mode = 832 distance. 700 from the EV fleet + 132 from the distance of the trips not covered individuals had to do with their own vehicle.
-------------------------------------------------------------------------
