-------------------------------------------------------------------------
TPs satisfied = 178; Total TPs = 178; Percentage Satisfied + 100.0%
-------------------------------------------------------------------------

-------------------------------------------------------------------------

EVs

-------------------------------------------------------------------------
--------------------------------------
EV1
--------------------------------------
Num TPs served = 38
TPs served = 274 578 1796 2220 2297 2653 2804 4009 4016 5400 5416 5442 5530 5562 6080 6285 6537 6687 6688 7205 7502 7774 7982 10851 11870 20752 25222 30871 32709 33861 33893 33918 38487 39759 44743 47586 48545 48714
Total energy used = 100
--------------------------------------
Schedule:
0 541 183 434 183 434 0 0 100 100 0 541 0
541 541 183 434 183 434 0 1 100 100 274 32 0
541 542 183 434 183 435 1 0 100 99 -274 32 1
542 1039 183 435 183 435 0 0 99 99 0 497 0
1039 1040 183 435 183 434 0 1 99 98 578 32 1
1040 1041 183 434 184 434 1 0 98 97 -578 32 1
1041 3137 184 434 184 434 0 0 97 97 0 2096 0
3137 3138 184 434 183 434 0 1 97 96 1796 32 1
3138 3139 183 434 184 434 1 0 96 95 -1796 32 1
3139 3928 184 434 184 434 0 0 95 95 0 789 0
3928 3929 184 434 183 434 0 1 95 94 2220 32 1
3929 3930 183 434 183 434 1 1 94 94 0 1 0
3930 3938 183 434 190 435 1 0 94 86 -2220 32 8
3938 4063 190 435 190 435 0 0 86 86 0 125 0
4063 4071 190 435 183 434 0 1 86 78 2297 32 8
4071 4072 183 434 183 434 1 1 78 78 0 1 0
4072 4073 183 434 184 434 1 0 78 77 -2297 32 1
4073 4734 184 434 184 434 0 0 77 77 0 661 0
4734 4735 184 434 183 434 0 1 77 76 2653 32 1
4735 4737 183 434 183 436 1 0 76 74 -2653 32 2
4737 4993 183 436 183 436 0 0 74 74 0 256 0
4993 4995 183 436 183 434 0 1 74 72 2804 32 2
4995 4997 183 434 183 436 1 0 72 70 -2804 32 2
4997 7220 183 436 183 436 0 0 70 70 0 2223 0
7220 7222 183 436 183 434 0 1 70 68 4016 32 2
7222 7222 183 434 183 434 1 2 68 68 4009 23 0
7222 7224 183 434 185 434 2 1 68 66 -4016 32 2
7224 7226 185 434 184 435 1 0 66 64 -4009 21 2
7226 9602 184 435 184 435 0 0 64 64 0 2376 0
9602 9604 184 435 183 434 0 1 64 62 38487 32 2
9604 9606 183 434 183 434 1 1 62 62 0 2 0
9606 9606 183 434 183 434 1 0 62 62 -38487 32 0
9606 9844 183 434 183 434 0 0 62 62 0 238 0
9844 9844 183 434 183 434 0 1 62 62 5416 32 0
9844 9844 183 434 183 434 1 2 62 62 5400 8 0
9844 9844 183 434 183 434 2 1 62 62 -5400 11 0
9844 9846 183 434 184 435 1 0 62 60 -5416 32 2
9846 9891 184 435 184 435 0 0 60 60 0 45 0
9891 9893 184 435 183 434 0 1 60 58 5442 32 2
9893 9895 183 434 184 435 1 0 58 56 -5442 32 2
9895 10053 184 435 184 435 0 0 56 56 0 158 0
10053 10055 184 435 183 434 0 1 56 54 5530 32 2
10055 10061 183 434 186 437 1 0 54 48 -5530 32 6
10061 10096 186 437 186 437 0 0 48 48 0 35 0
10096 10102 186 437 183 434 0 1 48 42 20752 32 6
10102 10127 183 434 183 434 1 1 42 42 0 25 0
10127 10127 183 434 183 434 1 2 42 42 5562 32 0
10127 10128 183 434 183 435 2 1 42 41 -20752 8 1
10128 10131 183 435 183 435 1 1 41 41 0 3 0
10131 10132 183 435 184 435 1 0 41 40 -5562 32 1
10132 11129 184 435 184 435 0 0 40 40 0 997 0
11129 11131 184 435 183 434 0 1 40 38 6080 32 2
11131 11132 183 434 184 434 1 0 38 37 -6080 32 1
11132 11537 184 434 184 434 0 0 37 37 0 405 0
11537 11538 184 434 183 434 0 1 37 36 6285 32 1
11538 11539 183 434 183 435 1 0 36 35 -6285 32 1
11539 12018 183 435 183 435 0 0 35 35 0 479 0
12018 12019 183 435 183 434 0 1 35 34 6537 32 1
12019 12021 183 434 184 435 1 0 34 32 -6537 32 2
12021 12345 184 435 184 435 0 0 32 32 0 324 0
12345 12347 184 435 183 434 0 1 32 30 6688 32 2
12347 12347 183 434 183 434 1 2 30 30 6687 31 0
12347 12350 183 434 185 435 2 1 30 27 -6688 32 3
12350 12354 185 435 189 435 1 0 27 23 -6687 32 4
12354 12749 189 435 189 435 0 0 23 23 0 395 0
12749 12756 189 435 183 434 0 1 23 16 39759 32 7
12756 12765 183 434 183 434 1 1 16 16 0 9 0
12765 12765 183 434 183 434 1 0 16 16 -39759 32 0
12765 13463 183 434 183 434 0 0 16 16 0 698 0
13463 13463 183 434 183 434 0 1 16 16 7205 32 0
13463 13465 183 434 185 434 1 0 16 14 -7205 32 2
13465 14127 185 434 185 434 0 0 14 14 0 662 0
14127 14129 185 434 183 434 0 1 14 12 7502 32 2
14129 14135 183 434 186 437 1 0 12 6 -7502 32 6
14135 14709 186 437 186 437 0 0 6 6 0 574 0
14709 14715 186 437 183 434 0 1 6 0 7774 32 6
14715 14719 183 434 183 434 1 1 0 0 0 4 0
14719 14719 183 434 183 434 1 0 0 0 -7774 32 0
14719 15164 183 434 183 434 0 0 0 0 0 445 0
15164 15164 183 434 183 434 0 1 0 0 7982 32 0
15164 15167 183 434 183 434 1 1 0 0 0 3 0
15167 15167 183 434 183 434 1 0 0 0 -7982 32 0
15167 20984 183 434 183 434 0 0 0 0 0 5817 0
20984 20984 183 434 183 434 0 1 0 0 25222 32 0
20984 20985 183 434 183 434 1 1 0 0 0 1 0
20985 20985 183 434 183 434 1 0 0 0 -25222 32 0
20985 22901 183 434 183 434 0 0 0 0 0 1916 0
22901 22901 183 434 183 434 0 1 0 0 10851 32 0
22901 22903 183 434 183 434 1 1 0 0 0 2 0
22903 22903 183 434 183 434 1 0 0 0 -10851 32 0
22903 23563 183 434 183 434 0 0 0 0 0 660 0
23563 23563 183 434 183 434 0 1 0 0 44743 32 0
23563 23564 183 434 183 434 1 1 0 0 0 1 0
23564 23564 183 434 183 434 1 0 0 0 -44743 32 0
23564 26244 183 434 183 434 0 0 0 0 0 2680 0
26244 26244 183 434 183 434 0 1 0 0 11870 32 0
26244 26246 183 434 183 434 1 1 0 0 0 2 0
26246 26246 183 434 183 434 1 0 0 0 -11870 32 0
26246 28504 183 434 183 434 0 0 0 0 0 2258 0
28504 28504 183 434 183 434 0 1 0 0 47586 32 0
28504 28505 183 434 183 434 1 1 0 0 0 1 0
28505 28505 183 434 183 434 1 0 0 0 -47586 32 0
28505 30219 183 434 183 434 0 0 0 0 0 1714 0
30219 30219 183 434 183 434 0 1 0 0 48545 32 0
30219 30220 183 434 183 434 1 1 0 0 0 1 0
30220 30220 183 434 183 434 1 0 0 0 -48545 32 0
30220 30515 183 434 183 434 0 0 0 0 0 295 0
30515 30515 183 434 183 434 0 1 0 0 48714 32 0
30515 30517 183 434 183 434 1 1 0 0 0 2 0
30517 30517 183 434 183 434 1 0 0 0 -48714 32 0
30517 32232 183 434 183 434 0 0 0 0 0 1715 0
32232 32232 183 434 183 434 0 1 0 0 30871 32 0
32232 32235 183 434 183 434 1 1 0 0 0 3 0
32235 32235 183 434 183 434 1 0 0 0 -30871 32 0
32235 36397 183 434 183 434 0 0 0 0 0 4162 0
36397 36397 183 434 183 434 0 1 0 0 32709 32 0
36397 36398 183 434 183 434 1 1 0 0 0 1 0
36398 36398 183 434 183 434 1 0 0 0 -32709 32 0
36398 39423 183 434 183 434 0 0 0 0 0 3025 0
39423 39423 183 434 183 434 0 1 0 0 33861 32 0
39423 39425 183 434 183 434 1 1 0 0 0 2 0
39425 39425 183 434 183 434 1 0 0 0 -33861 32 0
39425 39493 183 434 183 434 0 0 0 0 0 68 0
39493 39493 183 434 183 434 0 1 0 0 33893 32 0
39493 39495 183 434 183 434 1 1 0 0 0 2 0
39495 39495 183 434 183 434 1 0 0 0 -33893 32 0
39495 39553 183 434 183 434 0 0 0 0 0 58 0
39553 39553 183 434 183 434 0 1 0 0 33918 32 0
39553 39554 183 434 183 434 1 1 0 0 0 1 0
39554 39554 183 434 183 434 1 0 0 0 -33918 32 0
39554 43267 183 434 183 434 0 0 0 0 0 3713 0
43267 43267 183 434 183 434 0 0 0 0 1000000000 0 0
--------------------------------------
--------------------------------------
EV2
--------------------------------------
Num TPs served = 12
TPs served = 7722 7772 7969 8077 8911 9018 9610 9743 10090 12386 41674 43250
Total energy used = 100
--------------------------------------
Schedule:
0 14592 183 434 183 434 0 0 100 100 0 14592 0
14592 14592 183 434 183 434 0 1 100 100 7722 32 0
14592 14593 183 434 183 434 1 1 100 100 0 1 0
14593 14596 183 434 186 434 1 0 100 97 -7722 32 3
14596 14708 186 434 186 434 0 0 97 97 0 112 0
14708 14711 186 434 183 434 0 1 97 94 7772 32 3
14711 14721 183 434 189 438 1 0 94 84 -7772 32 10
14721 15119 189 438 189 438 0 0 84 84 0 398 0
15119 15129 189 438 183 434 0 1 84 74 7969 32 10
15129 15133 183 434 187 434 1 0 74 70 -7969 32 4
15133 15381 187 434 187 434 0 0 70 70 0 248 0
15381 15385 187 434 183 434 0 1 70 66 8077 32 4
15385 15389 183 434 187 434 1 0 66 62 -8077 32 4
15389 17413 187 434 187 434 0 0 62 62 0 2024 0
17413 17417 187 434 183 434 0 1 62 58 41674 32 4
17417 17417 183 434 183 434 1 2 58 58 8911 32 0
17417 17418 183 434 184 434 2 1 58 57 -41674 32 1
17418 17419 184 434 184 434 1 1 57 57 0 1 0
17419 17421 184 434 185 435 1 0 57 55 -8911 32 2
17421 17688 185 435 185 435 0 0 55 55 0 267 0
17688 17691 185 435 183 434 0 1 55 52 9018 32 3
17691 17692 183 434 183 434 1 1 52 52 0 1 0
17692 17694 183 434 184 435 1 0 52 50 -9018 32 2
17694 19309 184 435 184 435 0 0 50 50 0 1615 0
19309 19311 184 435 183 434 0 1 50 48 9610 32 2
19311 19314 183 434 183 434 1 1 48 48 0 3 0
19314 19318 183 434 187 434 1 0 48 44 -9610 32 4
19318 19682 187 434 187 434 0 0 44 44 0 364 0
19682 19686 187 434 183 434 0 1 44 40 9743 32 4
19686 19687 183 434 183 434 1 1 40 40 0 1 0
19687 19704 183 434 200 434 1 0 40 23 -9743 32 17
19704 20656 200 434 200 434 0 0 23 23 0 952 0
20656 20673 200 434 183 434 0 1 23 6 10090 32 17
20673 20696 183 434 183 434 1 1 6 6 0 23 0
20696 20696 183 434 183 434 1 2 6 6 43250 32 0
20696 20698 183 434 185 434 2 1 6 4 -43250 32 2
20698 20698 185 434 185 434 1 0 4 4 -10090 9 0
20698 28030 185 434 185 434 0 0 4 4 0 7332 0
28030 28032 185 434 183 434 0 1 4 2 12386 32 2
28032 28033 183 434 183 434 1 1 2 2 0 1 0
28033 28034 183 434 184 434 1 0 2 1 -12386 32 1
28034 43266 184 434 184 434 0 0 1 1 0 15232 0
43266 43267 184 434 183 434 0 0 1 0 1000000000 0 1
--------------------------------------
--------------------------------------
EV3
--------------------------------------
Num TPs served = 14
TPs served = 10984 11889 11901 12101 12161 12330 12601 12989 13627 13660 14186 14365 16069 16222
Total energy used = 100
--------------------------------------
Schedule:
0 23333 183 434 183 434 0 0 100 100 0 23333 0
23333 23333 183 434 183 434 0 1 100 100 10984 32 0
23333 23337 183 434 184 437 1 0 100 96 -10984 32 4
23337 26312 184 437 184 437 0 0 96 96 0 2975 0
26312 26316 184 437 183 434 0 1 96 92 11889 32 4
26316 26320 183 434 183 434 1 1 92 92 0 4 0
26320 26323 183 434 186 434 1 0 92 89 -11889 32 3
26323 26357 186 434 186 434 0 0 89 89 0 34 0
26357 26360 186 434 183 434 0 1 89 86 11901 32 3
26360 26362 183 434 184 435 1 0 86 84 -11901 32 2
26362 27091 184 435 184 435 0 0 84 84 0 729 0
27091 27093 184 435 183 434 0 1 84 82 12101 32 2
27093 27094 183 434 183 434 1 1 82 82 0 1 0
27094 27096 183 434 184 435 1 0 82 80 -12101 32 2
27096 27253 184 435 184 435 0 0 80 80 0 157 0
27253 27255 184 435 183 434 0 1 80 78 12161 32 2
27255 27257 183 434 183 436 1 0 78 76 -12161 32 2
27257 27850 183 436 183 436 0 0 76 76 0 593 0
27850 27852 183 436 183 434 0 1 76 74 12330 32 2
27852 27864 183 434 183 434 1 1 74 74 0 12 0
27864 27873 183 434 183 443 1 0 74 65 -12330 32 9
27873 28828 183 443 183 443 0 0 65 65 0 955 0
28828 28837 183 443 183 434 0 1 65 56 12601 32 9
28837 28838 183 434 183 434 1 1 56 56 0 1 0
28838 28839 183 434 183 435 1 0 56 55 -12601 32 1
28839 30248 183 435 183 435 0 0 55 55 0 1409 0
30248 30249 183 435 183 434 0 1 55 54 12989 32 1
30249 30250 183 434 183 434 1 1 54 54 0 1 0
30250 30252 183 434 183 436 1 0 54 52 -12989 32 2
30252 32575 183 436 183 436 0 0 52 52 0 2323 0
32575 32577 183 436 183 434 0 1 52 50 13627 32 2
32577 32578 183 434 183 434 1 1 50 50 0 1 0
32578 32588 183 434 185 442 1 0 50 40 -13627 32 10
32588 32674 185 442 185 442 0 0 40 40 0 86 0
32674 32684 185 442 183 434 0 1 40 30 13660 32 10
32684 32685 183 434 183 434 1 1 30 30 0 1 0
32685 32686 183 434 183 435 1 0 30 29 -13660 32 1
32686 34676 183 435 183 435 0 0 29 29 0 1990 0
34676 34677 183 435 183 434 0 1 29 28 14186 32 1
34677 34678 183 434 183 434 1 1 28 28 0 1 0
34678 34683 183 434 186 436 1 0 28 23 -14186 32 5
34683 35348 186 436 186 436 0 0 23 23 0 665 0
35348 35353 186 436 183 434 0 1 23 18 14365 32 5
35353 35355 183 434 185 434 1 0 18 16 -14365 32 2
35355 40879 185 434 185 434 0 0 16 16 0 5524 0
40879 40881 185 434 183 434 0 1 16 14 16069 32 2
40881 40882 183 434 183 434 1 1 14 14 0 1 0
40882 40885 183 434 186 434 1 0 14 11 -16069 32 3
40885 41145 186 434 186 434 0 0 11 11 0 260 0
41145 41148 186 434 183 434 0 1 11 8 16222 32 3
41148 41150 183 434 183 434 1 1 8 8 0 2 0
41150 41154 183 434 185 436 1 0 8 4 -16222 32 4
41154 43263 185 436 185 436 0 0 4 4 0 2109 0
43263 43267 185 436 183 434 0 0 4 0 1000000000 0 4
--------------------------------------
--------------------------------------
EV4
--------------------------------------
Num TPs served = 16
TPs served = 16788 17215 17550 17992 18033 18401 19244 19769 19830 19906 19913 20548 20635 21405 22875 35043
Total energy used = 100
--------------------------------------
Schedule:
0 426 183 434 183 434 0 0 100 100 0 426 0
426 426 183 434 183 434 0 1 100 100 17550 32 0
426 427 183 434 183 434 1 1 100 100 0 1 0
427 435 183 434 188 437 1 0 100 92 -17550 32 8
435 1779 188 437 188 437 0 0 92 92 0 1344 0
1779 1787 188 437 183 434 0 1 92 84 17992 32 8
1787 1788 183 434 183 434 1 1 84 84 0 1 0
1788 1795 183 434 188 436 1 0 84 77 -17992 32 7
1795 1906 188 436 188 436 0 0 77 77 0 111 0
1906 1913 188 436 183 434 0 1 77 70 18033 32 7
1913 1923 183 434 183 434 1 1 70 70 0 10 0
1923 1929 183 434 189 434 1 0 70 64 -18033 32 6
1929 3082 189 434 189 434 0 0 64 64 0 1153 0
3082 3088 189 434 183 434 0 1 64 58 18401 32 6
3088 3095 183 434 190 434 1 0 58 51 -18401 32 7
3095 5725 190 434 190 434 0 0 51 51 0 2630 0
5725 5732 190 434 183 434 0 1 51 44 19244 32 7
5732 5734 183 434 184 435 1 0 44 42 -19244 32 2
5734 7314 184 435 184 435 0 0 42 42 0 1580 0
7314 7316 184 435 183 434 0 1 42 40 19769 32 2
7316 7319 183 434 185 435 1 0 40 37 -19769 32 3
7319 7515 185 435 185 435 0 0 37 37 0 196 0
7515 7518 185 435 183 434 0 1 37 34 19830 32 3
7518 7519 183 434 183 435 1 0 34 33 -19830 32 1
7519 7782 183 435 183 435 0 0 33 33 0 263 0
7782 7783 183 435 183 434 0 1 33 32 19913 32 1
7783 7783 183 434 183 434 1 2 32 32 19906 7 0
7783 7784 183 434 183 434 2 2 32 32 0 1 0
7784 7786 183 434 185 434 2 1 32 30 -19913 32 2
7786 7787 185 434 184 434 1 0 30 29 -19906 5 1
7787 9580 184 434 184 434 0 0 29 29 0 1793 0
9580 9581 184 434 183 434 0 1 29 28 20548 32 1
9581 9582 183 434 184 434 1 0 28 27 -20548 32 1
9582 9789 184 434 184 434 0 0 27 27 0 207 0
9789 9790 184 434 183 434 0 1 27 26 20635 32 1
9790 9791 183 434 183 434 1 1 26 26 0 1 0
9791 9795 183 434 185 436 1 0 26 22 -20635 32 4
9795 11846 185 436 185 436 0 0 22 22 0 2051 0
11846 11850 185 436 183 434 0 1 22 18 21405 32 4
11850 11851 183 434 183 434 1 1 18 18 0 1 0
11851 11856 183 434 185 437 1 0 18 13 -21405 32 5
11856 15681 185 437 185 437 0 0 13 13 0 3825 0
15681 15686 185 437 183 434 0 1 13 8 22875 32 5
15686 15688 183 434 183 436 1 0 8 6 -22875 32 2
15688 42105 183 436 183 436 0 0 6 6 0 26417 0
42105 42107 183 436 183 434 0 1 6 4 16788 32 2
42107 42108 183 434 183 434 1 1 4 4 0 1 0
42108 42109 183 434 183 435 1 0 4 3 -16788 32 1
42109 42869 183 435 183 435 0 0 3 3 0 760 0
42869 42870 183 435 183 434 0 1 3 2 35043 32 1
42870 42870 183 434 183 434 1 2 2 2 17215 25 0
42870 42872 183 434 183 434 2 2 2 2 0 2 0
42872 42873 183 434 183 435 2 1 2 1 -35043 32 1
42873 42873 183 435 183 435 1 0 1 1 -17215 24 0
42873 43266 183 435 183 435 0 0 1 1 0 393 0
43266 43267 183 435 183 434 0 0 1 0 1000000000 0 1
--------------------------------------
--------------------------------------
EV5
--------------------------------------
Num TPs served = 18
TPs served = 22303 23281 23510 23810 24631 24827 24914 25197 25235 25312 25583 25838 25892 25931 27226 27799 43815 46178
Total energy used = 100
--------------------------------------
Schedule:
0 14234 183 434 183 434 0 0 100 100 0 14234 0
14234 14234 183 434 183 434 0 1 100 100 22303 32 0
14234 14239 183 434 188 434 1 0 100 95 -22303 32 5
14239 16662 188 434 188 434 0 0 95 95 0 2423 0
16662 16667 188 434 183 434 0 1 95 90 23281 32 5
16667 16670 183 434 183 434 1 1 90 90 0 3 0
16670 16673 183 434 186 434 1 0 90 87 -23281 32 3
16673 17192 186 434 186 434 0 0 87 87 0 519 0
17192 17195 186 434 183 434 0 1 87 84 23510 32 3
17195 17197 183 434 185 434 1 0 84 82 -23510 32 2
17197 17863 185 434 185 434 0 0 82 82 0 666 0
17863 17865 185 434 183 434 0 1 82 80 23810 32 2
17865 17866 183 434 183 435 1 0 80 79 -23810 32 1
17866 19686 183 435 183 435 0 0 79 79 0 1820 0
19686 19687 183 435 183 434 0 1 79 78 24631 32 1
19687 19689 183 434 184 435 1 0 78 76 -24631 32 2
19689 20102 184 435 184 435 0 0 76 76 0 413 0
20102 20104 184 435 183 434 0 1 76 74 24827 32 2
20104 20106 183 434 183 434 1 1 74 74 0 2 0
20106 20109 183 434 185 435 1 0 74 71 -24827 32 3
20109 20294 185 435 185 435 0 0 71 71 0 185 0
20294 20297 185 435 183 434 0 1 71 68 24914 32 3
20297 20298 183 434 183 434 1 1 68 68 0 1 0
20298 20300 183 434 183 436 1 0 68 66 -24914 32 2
20300 20929 183 436 183 436 0 0 66 66 0 629 0
20929 20931 183 436 183 434 0 1 66 64 25197 32 2
20931 20933 183 434 183 434 1 1 64 64 0 2 0
20933 20934 183 434 183 435 1 0 64 63 -25197 32 1
20934 21009 183 435 183 435 0 0 63 63 0 75 0
21009 21010 183 435 183 434 0 1 63 62 25235 32 1
21010 21011 183 434 183 434 1 1 62 62 0 1 0
21011 21015 183 434 186 435 1 0 62 58 -25235 32 4
21015 21172 186 435 186 435 0 0 58 58 0 157 0
21172 21176 186 435 183 434 0 1 58 54 25312 32 4
21176 21179 183 434 183 434 1 1 54 54 0 3 0
21179 21183 183 434 184 437 1 0 54 50 -25312 32 4
21183 21773 184 437 184 437 0 0 50 50 0 590 0
21773 21777 184 437 183 434 0 1 50 46 25583 32 4
21777 21811 183 434 183 434 1 1 46 46 0 34 0
21811 21811 183 434 183 434 1 2 46 46 43815 32 0
21811 21812 183 434 184 434 2 1 46 45 -43815 32 1
21812 21823 184 434 188 441 1 0 45 34 -25583 6 11
21823 22294 188 441 188 441 0 0 34 34 0 471 0
22294 22306 188 441 183 434 0 1 34 22 25838 32 12
22306 22310 183 434 187 434 1 0 22 18 -25838 32 4
22310 22421 187 434 187 434 0 0 18 18 0 111 0
22421 22425 187 434 183 434 0 1 18 14 25892 32 4
22425 22427 183 434 184 435 1 0 14 12 -25892 32 2
22427 22512 184 435 184 435 0 0 12 12 0 85 0
22512 22514 184 435 183 434 0 1 12 10 25931 32 2
22514 22517 183 434 186 434 1 0 10 7 -25931 32 3
22517 25058 186 434 186 434 0 0 7 7 0 2541 0
25058 25061 186 434 183 434 0 1 7 4 27226 32 3
25061 25062 183 434 183 435 1 0 4 3 -27226 32 1
25062 26123 183 435 183 435 0 0 3 3 0 1061 0
26123 26124 183 435 183 434 0 1 3 2 46178 32 1
26124 26135 183 434 183 434 1 1 2 2 0 11 0
26135 26135 183 434 183 434 1 2 2 2 27799 32 0
26135 26136 183 434 184 434 2 1 2 1 -46178 21 1
26136 26138 184 434 184 434 1 1 1 1 0 2 0
26138 26138 184 434 184 434 1 0 1 1 -27799 32 0
26138 43266 184 434 184 434 0 0 1 1 0 17128 0
43266 43267 184 434 183 434 0 0 1 0 1000000000 0 1
--------------------------------------
--------------------------------------
EV6
--------------------------------------
Num TPs served = 16
TPs served = 26257 26272 27418 27716 27943 28083 28407 28550 28707 28838 29133 29257 29531 29583 29765 46874
Total energy used = 100
--------------------------------------
Schedule:
0 23196 183 434 183 434 0 0 100 100 0 23196 0
23196 23196 183 434 183 434 0 1 100 100 26257 32 0
23196 23230 183 434 183 434 1 1 100 100 0 34 0
23230 23230 183 434 183 434 1 2 100 100 26272 32 0
23230 23233 183 434 186 434 2 1 100 97 -26272 32 3
23233 23233 186 434 186 434 1 0 97 97 -26257 3 0
23233 25418 186 434 186 434 0 0 97 97 0 2185 0
25418 25421 186 434 183 434 0 1 97 94 27418 32 3
25421 25426 183 434 187 435 1 0 94 89 -27418 32 5
25426 25965 187 435 187 435 0 0 89 89 0 539 0
25965 25970 187 435 183 434 0 1 89 84 27716 32 5
25970 25972 183 434 185 434 1 0 84 82 -27716 32 2
25972 26408 185 434 185 434 0 0 82 82 0 436 0
26408 26410 185 434 183 434 0 1 82 80 27943 32 2
26410 26413 183 434 186 434 1 0 80 77 -27943 32 3
26413 26682 186 434 186 434 0 0 77 77 0 269 0
26682 26685 186 434 183 434 0 1 77 74 28083 32 3
26685 26689 183 434 186 435 1 0 74 70 -28083 32 4
26689 27333 186 435 186 435 0 0 70 70 0 644 0
27333 27337 186 435 183 434 0 1 70 66 46874 32 4
27337 27337 183 434 183 434 1 2 66 66 28407 4 0
27337 27338 183 434 183 434 2 2 66 66 0 1 0
27338 27340 183 434 184 435 2 1 66 64 -46874 32 2
27340 27342 184 435 185 436 1 0 64 62 -28407 3 2
27342 27575 185 436 185 436 0 0 62 62 0 233 0
27575 27579 185 436 183 434 0 1 62 58 28550 32 4
27579 27582 183 434 186 434 1 0 58 55 -28550 32 3
27582 27886 186 434 186 434 0 0 55 55 0 304 0
27886 27889 186 434 183 434 0 1 55 52 28707 32 3
27889 27892 183 434 186 434 1 0 52 49 -28707 32 3
27892 28133 186 434 186 434 0 0 49 49 0 241 0
28133 28136 186 434 183 434 0 1 49 46 28838 32 3
28136 28137 183 434 183 434 1 1 46 46 0 1 0
28137 28138 183 434 184 434 1 0 46 45 -28838 32 1
28138 28745 184 434 184 434 0 0 45 45 0 607 0
28745 28746 184 434 183 434 0 1 45 44 29133 32 1
28746 28748 183 434 183 436 1 0 44 42 -29133 32 2
28748 29009 183 436 183 436 0 0 42 42 0 261 0
29009 29011 183 436 183 434 0 1 42 40 29257 32 2
29011 29017 183 434 189 434 1 0 40 34 -29257 32 6
29017 29579 189 434 189 434 0 0 34 34 0 562 0
29579 29585 189 434 183 434 0 1 34 28 29531 32 6
29585 29589 183 434 187 434 1 0 28 24 -29531 32 4
29589 29671 187 434 187 434 0 0 24 24 0 82 0
29671 29675 187 434 183 434 0 1 24 20 29583 32 4
29675 29677 183 434 183 434 1 1 20 20 0 2 0
29677 29683 183 434 185 438 1 0 20 14 -29583 32 6
29683 30020 185 438 185 438 0 0 14 14 0 337 0
30020 30026 185 438 183 434 0 1 14 8 29765 32 6
30026 30030 183 434 187 434 1 0 8 4 -29765 32 4
30030 43263 187 434 187 434 0 0 4 4 0 13233 0
43263 43267 187 434 183 434 0 0 4 0 1000000000 0 4
--------------------------------------
--------------------------------------
EV7
--------------------------------------
Num TPs served = 18
TPs served = 30012 30435 30522 31198 31466 31622 31779 31983 32133 32558 32737 32759 33495 33650 33698 33707 34007 34021
Total energy used = 100
--------------------------------------
Schedule:
0 30494 183 434 183 434 0 0 100 100 0 30494 0
30494 30494 183 434 183 434 0 1 100 100 30012 32 0
30494 30502 183 434 191 434 1 0 100 92 -30012 32 8
30502 31320 191 434 191 434 0 0 92 92 0 818 0
31320 31328 191 434 183 434 0 1 92 84 30435 32 8
31328 31329 183 434 184 434 1 0 84 83 -30435 32 1
31329 31494 184 434 184 434 0 0 83 83 0 165 0
31494 31495 184 434 183 434 0 1 83 82 30522 32 1
31495 31496 183 434 184 434 1 0 82 81 -30522 32 1
31496 32930 184 434 184 434 0 0 81 81 0 1434 0
32930 32931 184 434 183 434 0 1 81 80 31198 32 1
32931 32932 183 434 184 434 1 0 80 79 -31198 32 1
32932 33533 184 434 184 434 0 0 79 79 0 601 0
33533 33534 184 434 183 434 0 1 79 78 31466 32 1
33534 33535 183 434 183 434 1 1 78 78 0 1 0
33535 33536 183 434 183 435 1 0 78 77 -31466 32 1
33536 33866 183 435 183 435 0 0 77 77 0 330 0
33866 33867 183 435 183 434 0 1 77 76 31622 32 1
33867 33868 183 434 184 434 1 0 76 75 -31622 32 1
33868 34243 184 434 184 434 0 0 75 75 0 375 0
34243 34244 184 434 183 434 0 1 75 74 31779 32 1
34244 34250 183 434 189 434 1 0 74 68 -31779 32 6
34250 34652 189 434 189 434 0 0 68 68 0 402 0
34652 34658 189 434 183 434 0 1 68 62 31983 32 6
34658 34665 183 434 186 438 1 0 62 55 -31983 32 7
34665 35019 186 438 186 438 0 0 55 55 0 354 0
35019 35026 186 438 183 434 0 1 55 48 32133 32 7
35026 35028 183 434 183 436 1 0 48 46 -32133 32 2
35028 36049 183 436 183 436 0 0 46 46 0 1021 0
36049 36051 183 436 183 434 0 1 46 44 32558 32 2
36051 36052 183 434 183 434 1 1 44 44 0 1 0
36052 36058 183 434 185 438 1 0 44 38 -32558 32 6
36058 36454 185 438 185 438 0 0 38 38 0 396 0
36454 36460 185 438 183 434 0 1 38 32 32737 32 6
36460 36461 183 434 184 434 1 0 32 31 -32737 32 1
36461 36509 184 434 184 434 0 0 31 31 0 48 0
36509 36510 184 434 183 434 0 1 31 30 32759 32 1
36510 36511 183 434 184 434 1 0 30 29 -32759 32 1
36511 38402 184 434 184 434 0 0 29 29 0 1891 0
38402 38403 184 434 183 434 0 1 29 28 33495 32 1
38403 38405 183 434 185 434 1 0 28 26 -33495 32 2
38405 38850 185 434 185 434 0 0 26 26 0 445 0
38850 38852 185 434 183 434 0 1 26 24 33650 32 2
38852 38855 183 434 186 434 1 0 24 21 -33650 32 3
38855 38981 186 434 186 434 0 0 21 21 0 126 0
38981 38984 186 434 183 434 0 1 21 18 33698 32 3
38984 38985 183 434 184 434 1 0 18 17 -33698 32 1
38985 39021 184 434 184 434 0 0 17 17 0 36 0
39021 39022 184 434 183 434 0 1 17 16 33707 32 1
39022 39028 183 434 189 434 1 0 16 10 -33707 32 6
39028 39787 189 434 189 434 0 0 10 10 0 759 0
39787 39793 189 434 183 434 0 1 10 4 34007 32 6
39793 39823 183 434 183 434 1 1 4 4 0 30 0
39823 39823 183 434 183 434 1 2 4 4 34021 32 0
39823 39824 183 434 183 434 2 2 4 4 0 1 0
39824 39825 183 434 183 435 2 1 4 3 -34021 32 1
39825 39826 183 435 183 436 1 0 3 2 -34007 1 1
39826 43265 183 436 183 436 0 0 2 2 0 3439 0
43265 43267 183 436 183 434 0 0 2 0 1000000000 0 2
--------------------------------------
--------------------------------------
EV8
--------------------------------------
Num TPs served = 20
TPs served = 33766 33855 34153 34750 34751 35582 35722 35742 36440 36719 37004 37276 37744 37989 39373 39435 39845 40328 40628 40904
Total energy used = 100
--------------------------------------
Schedule:
0 1325 183 434 183 434 0 0 100 100 0 1325 0
1325 1325 183 434 183 434 0 1 100 100 35582 32 0
1325 1327 183 434 183 434 1 1 100 100 0 2 0
1327 1328 183 434 184 434 1 0 100 99 -35582 32 1
1328 1688 184 434 184 434 0 0 99 99 0 360 0
1688 1689 184 434 183 434 0 1 99 98 35722 32 1
1689 1690 183 434 183 434 1 1 98 98 0 1 0
1690 1691 183 434 183 435 1 0 98 97 -35722 32 1
1691 1745 183 435 183 435 0 0 97 97 0 54 0
1745 1746 183 435 183 434 0 1 97 96 35742 32 1
1746 1751 183 434 188 434 1 0 96 91 -35742 32 5
1751 3771 188 434 188 434 0 0 91 91 0 2020 0
3771 3776 188 434 183 434 0 1 91 86 36440 32 5
3776 3777 183 434 184 434 1 0 86 85 -36440 32 1
3777 4636 184 434 184 434 0 0 85 85 0 859 0
4636 4637 184 434 183 434 0 1 85 84 36719 32 1
4637 4639 183 434 183 434 1 1 84 84 0 2 0
4639 4641 183 434 183 436 1 0 84 82 -36719 32 2
4641 5442 183 436 183 436 0 0 82 82 0 801 0
5442 5444 183 436 183 434 0 1 82 80 37004 32 2
5444 5447 183 434 183 437 1 0 80 77 -37004 32 3
5447 6252 183 437 183 437 0 0 77 77 0 805 0
6252 6255 183 437 183 434 0 1 77 74 37276 32 3
6255 6256 183 434 183 435 1 0 74 73 -37276 32 1
6256 7567 183 435 183 435 0 0 73 73 0 1311 0
7567 7568 183 435 183 434 0 1 73 72 37744 32 1
7568 7569 183 434 184 434 1 0 72 71 -37744 32 1
7569 8225 184 434 184 434 0 0 71 71 0 656 0
8225 8226 184 434 183 434 0 1 71 70 37989 32 1
8226 8230 183 434 183 434 1 1 70 70 0 4 0
8230 8237 183 434 190 434 1 0 70 63 -37989 32 7
8237 11765 190 434 190 434 0 0 63 63 0 3528 0
11765 11772 190 434 183 434 0 1 63 56 39373 32 7
11772 11773 183 434 183 435 1 0 56 55 -39373 32 1
11773 11918 183 435 183 435 0 0 55 55 0 145 0
11918 11919 183 435 183 434 0 1 55 54 39435 32 1
11919 11920 183 434 183 434 1 1 54 54 0 1 0
11920 11921 183 434 184 434 1 0 54 53 -39435 32 1
11921 12974 184 434 184 434 0 0 53 53 0 1053 0
12974 12975 184 434 183 434 0 1 53 52 39845 32 1
12975 12977 183 434 184 435 1 0 52 50 -39845 32 2
12977 14314 184 435 184 435 0 0 50 50 0 1337 0
14314 14316 184 435 183 434 0 1 50 48 40328 32 2
14316 14321 183 434 183 434 1 1 48 48 0 5 0
14321 14322 183 434 184 434 1 0 48 47 -40328 32 1
14322 15027 184 434 184 434 0 0 47 47 0 705 0
15027 15028 184 434 183 434 0 1 47 46 40628 32 1
15028 15029 183 434 184 434 1 0 46 45 -40628 32 1
15029 15662 184 434 184 434 0 0 45 45 0 633 0
15662 15663 184 434 183 434 0 1 45 44 40904 32 1
15663 15664 183 434 184 434 1 0 44 43 -40904 32 1
15664 39167 184 434 184 434 0 0 43 43 0 23503 0
39167 39168 184 434 183 434 0 1 43 42 33766 32 1
39168 39172 183 434 186 435 1 0 42 38 -33766 32 4
39172 39409 186 435 186 435 0 0 38 38 0 237 0
39409 39413 186 435 183 434 0 1 38 34 33855 32 4
39413 39417 183 434 183 438 1 0 34 30 -33855 32 4
39417 40214 183 438 183 438 0 0 30 30 0 797 0
40214 40218 183 438 183 434 0 1 30 26 34153 32 4
40218 40223 183 434 188 434 1 0 26 21 -34153 32 5
40223 41973 188 434 188 434 0 0 21 21 0 1750 0
41973 41978 188 434 183 434 0 1 21 16 34751 32 5
41978 41978 183 434 183 434 1 2 16 16 34750 31 0
41978 41986 183 434 191 434 2 1 16 8 -34751 32 8
41986 41990 191 434 187 434 1 0 8 4 -34750 23 4
41990 43263 187 434 187 434 0 0 4 4 0 1273 0
43263 43267 187 434 183 434 0 0 4 0 1000000000 0 4
--------------------------------------
--------------------------------------
EV9
--------------------------------------
Num TPs served = 21
TPs served = 40864 42336 42658 43088 43750 43946 44167 44643 44922 45255 45504 45981 46036 46065 46596 46618 47067 47221 47248 47264 49865
Total energy used = 100
--------------------------------------
Schedule:
0 15577 183 434 183 434 0 0 100 100 0 15577 0
15577 15577 183 434 183 434 0 1 100 100 40864 32 0
15577 15579 183 434 185 434 1 0 100 98 -40864 32 2
15579 18779 185 434 185 434 0 0 98 98 0 3200 0
18779 18781 185 434 183 434 0 1 98 96 42336 32 2
18781 18786 183 434 183 434 1 1 96 96 0 5 0
18786 18788 183 434 185 434 1 0 96 94 -42336 32 2
18788 19545 185 434 185 434 0 0 94 94 0 757 0
19545 19547 185 434 183 434 0 1 94 92 42658 32 2
19547 19551 183 434 186 435 1 0 92 88 -42658 32 4
19551 20380 186 435 186 435 0 0 88 88 0 829 0
20380 20384 186 435 183 434 0 1 88 84 43088 32 4
20384 20385 183 434 184 434 1 0 84 83 -43088 32 1
20385 21682 184 434 184 434 0 0 83 83 0 1297 0
21682 21683 184 434 183 434 0 1 83 82 43750 32 1
21683 21684 183 434 183 435 1 0 82 81 -43750 32 1
21684 22070 183 435 183 435 0 0 81 81 0 386 0
22070 22071 183 435 183 434 0 1 81 80 43946 32 1
22071 22072 183 434 183 434 1 1 80 80 0 1 0
22072 22073 183 434 183 435 1 0 80 79 -43946 32 1
22073 22501 183 435 183 435 0 0 79 79 0 428 0
22501 22502 183 435 183 434 0 1 79 78 44167 32 1
22502 22504 183 434 183 434 1 1 78 78 0 2 0
22504 22508 183 434 183 438 1 0 78 74 -44167 32 4
22508 23374 183 438 183 438 0 0 74 74 0 866 0
23374 23378 183 438 183 434 0 1 74 70 44643 32 4
23378 23380 183 434 185 434 1 0 70 68 -44643 32 2
23380 23888 185 434 185 434 0 0 68 68 0 508 0
23888 23890 185 434 183 434 0 1 68 66 44922 32 2
23890 23892 183 434 183 436 1 0 66 64 -44922 32 2
23892 24468 183 436 183 436 0 0 64 64 0 576 0
24468 24470 183 436 183 434 0 1 64 62 45255 32 2
24470 24471 183 434 183 435 1 0 62 61 -45255 32 1
24471 24900 183 435 183 435 0 0 61 61 0 429 0
24900 24901 183 435 183 434 0 1 61 60 45504 32 1
24901 24911 183 434 187 440 1 0 60 50 -45504 32 10
24911 25754 187 440 187 440 0 0 50 50 0 843 0
25754 25764 187 440 183 434 0 1 50 40 45981 32 10
25764 25765 183 434 183 434 1 1 40 40 0 1 0
25765 25767 183 434 185 434 1 0 40 38 -45981 32 2
25767 25878 185 434 185 434 0 0 38 38 0 111 0
25878 25880 185 434 183 434 0 1 38 36 46036 32 2
25880 25883 183 434 186 434 1 0 36 33 -46036 32 3
25883 25927 186 434 186 434 0 0 33 33 0 44 0
25927 25930 186 434 183 434 0 1 33 30 46065 32 3
25930 25933 183 434 184 436 1 0 30 27 -46065 32 3
25933 26883 184 436 184 436 0 0 27 27 0 950 0
26883 26886 184 436 183 434 0 1 27 24 46596 32 3
26886 26888 183 434 185 434 1 0 24 22 -46596 32 2
26888 26919 185 434 185 434 0 0 22 22 0 31 0
26919 26921 185 434 183 434 0 1 22 20 46618 32 2
26921 26922 183 434 183 434 1 1 20 20 0 1 0
26922 26923 183 434 183 435 1 0 20 19 -46618 32 1
26923 27665 183 435 183 435 0 0 19 19 0 742 0
27665 27666 183 435 183 434 0 1 19 18 47067 32 1
27666 27667 183 434 183 434 1 1 18 18 0 1 0
27667 27668 183 434 184 434 1 0 18 17 -47067 32 1
27668 27935 184 434 184 434 0 0 17 17 0 267 0
27935 27936 184 434 183 434 0 1 17 16 47221 32 1
27936 27938 183 434 185 434 1 0 16 14 -47221 32 2
27938 27992 185 434 185 434 0 0 14 14 0 54 0
27992 27994 185 434 183 434 0 1 14 12 47264 32 2
27994 27994 183 434 183 434 1 2 12 12 47248 11 0
27994 27998 183 434 187 434 2 1 12 8 -47264 32 4
27998 28003 187 434 183 435 1 0 8 3 -47248 3 5
28003 32522 183 435 183 435 0 0 3 3 0 4519 0
32522 32523 183 435 183 434 0 1 3 2 49865 32 1
32523 32524 183 434 183 434 1 1 2 2 0 1 0
32524 32525 183 434 183 435 1 0 2 1 -49865 32 1
32525 43266 183 435 183 435 0 0 1 1 0 10741 0
43266 43267 183 435 183 434 0 0 1 0 1000000000 0 1
--------------------------------------
--------------------------------------
EV10
--------------------------------------
Num TPs served = 5
TPs served = 47496 47633 48193 48867 49254
Total energy used = 38
--------------------------------------
Schedule:
0 28355 183 434 183 434 0 0 100 100 0 28355 0
28355 28355 183 434 183 434 0 1 100 100 47496 32 0
28355 28357 183 434 183 436 1 0 100 98 -47496 32 2
28357 28585 183 436 183 436 0 0 98 98 0 228 0
28585 28587 183 436 183 434 0 1 98 96 47633 32 2
28587 28592 183 434 188 434 1 0 96 91 -47633 32 5
28592 29580 188 434 188 434 0 0 91 91 0 988 0
29580 29585 188 434 183 434 0 1 91 86 48193 32 5
29585 29591 183 434 183 434 1 1 86 86 0 6 0
29591 29595 183 434 185 436 1 0 86 82 -48193 32 4
29595 30783 185 436 185 436 0 0 82 82 0 1188 0
30783 30787 185 436 183 434 0 1 82 78 48867 32 4
30787 30788 183 434 183 434 1 1 78 78 0 1 0
30788 30793 183 434 187 435 1 0 78 73 -48867 32 5
30793 31439 187 435 187 435 0 0 73 73 0 646 0
31439 31444 187 435 183 434 0 1 73 68 49254 32 5
31444 31445 183 434 183 434 1 1 68 68 0 1 0
31445 31448 183 434 185 435 1 0 68 65 -49254 32 3
31448 43264 185 435 185 435 0 0 65 65 0 11816 0
43264 43267 185 435 183 434 0 0 65 62 1000000000 0 3
--------------------------------------

-------------------------------------------------------------------------

TPs

-------------------------------------------------------------------------

----------------------
TP274 allocated to 1
----------------------

----------------------
TP578 allocated to 1
----------------------

----------------------
TP1796 allocated to 1
----------------------

----------------------
TP2220 allocated to 1
----------------------

----------------------
TP2297 allocated to 1
----------------------

----------------------
TP2653 allocated to 1
----------------------

----------------------
TP2804 allocated to 1
----------------------

----------------------
TP4009 allocated to 1
----------------------

----------------------
TP4016 allocated to 1
----------------------

----------------------
TP5400 allocated to 1
----------------------

----------------------
TP5416 allocated to 1
----------------------

----------------------
TP5442 allocated to 1
----------------------

----------------------
TP5530 allocated to 1
----------------------

----------------------
TP5562 allocated to 1
----------------------

----------------------
TP6080 allocated to 1
----------------------

----------------------
TP6285 allocated to 1
----------------------

----------------------
TP6537 allocated to 1
----------------------

----------------------
TP6687 allocated to 1
----------------------

----------------------
TP6688 allocated to 1
----------------------

----------------------
TP7205 allocated to 1
----------------------

----------------------
TP7502 allocated to 1
----------------------

----------------------
TP7722 allocated to 2
----------------------

----------------------
TP7772 allocated to 2
----------------------

----------------------
TP7774 allocated to 1
----------------------

----------------------
TP7969 allocated to 2
----------------------

----------------------
TP7982 allocated to 1
----------------------

----------------------
TP8077 allocated to 2
----------------------

----------------------
TP8911 allocated to 2
----------------------

----------------------
TP9018 allocated to 2
----------------------

----------------------
TP9610 allocated to 2
----------------------

----------------------
TP9743 allocated to 2
----------------------

----------------------
TP10090 allocated to 2
----------------------

----------------------
TP10851 allocated to 1
----------------------

----------------------
TP10984 allocated to 3
----------------------

----------------------
TP11870 allocated to 1
----------------------

----------------------
TP11889 allocated to 3
----------------------

----------------------
TP11901 allocated to 3
----------------------

----------------------
TP12101 allocated to 3
----------------------

----------------------
TP12161 allocated to 3
----------------------

----------------------
TP12330 allocated to 3
----------------------

----------------------
TP12386 allocated to 2
----------------------

----------------------
TP12601 allocated to 3
----------------------

----------------------
TP12989 allocated to 3
----------------------

----------------------
TP13627 allocated to 3
----------------------

----------------------
TP13660 allocated to 3
----------------------

----------------------
TP14186 allocated to 3
----------------------

----------------------
TP14365 allocated to 3
----------------------

----------------------
TP16069 allocated to 3
----------------------

----------------------
TP16222 allocated to 3
----------------------

----------------------
TP16788 allocated to 4
----------------------

----------------------
TP17215 allocated to 4
----------------------

----------------------
TP17550 allocated to 4
----------------------

----------------------
TP17992 allocated to 4
----------------------

----------------------
TP18033 allocated to 4
----------------------

----------------------
TP18401 allocated to 4
----------------------

----------------------
TP19244 allocated to 4
----------------------

----------------------
TP19769 allocated to 4
----------------------

----------------------
TP19830 allocated to 4
----------------------

----------------------
TP19906 allocated to 4
----------------------

----------------------
TP19913 allocated to 4
----------------------

----------------------
TP20548 allocated to 4
----------------------

----------------------
TP20635 allocated to 4
----------------------

----------------------
TP20752 allocated to 1
----------------------

----------------------
TP21405 allocated to 4
----------------------

----------------------
TP22303 allocated to 5
----------------------

----------------------
TP22875 allocated to 4
----------------------

----------------------
TP23281 allocated to 5
----------------------

----------------------
TP23510 allocated to 5
----------------------

----------------------
TP23810 allocated to 5
----------------------

----------------------
TP24631 allocated to 5
----------------------

----------------------
TP24827 allocated to 5
----------------------

----------------------
TP24914 allocated to 5
----------------------

----------------------
TP25197 allocated to 5
----------------------

----------------------
TP25222 allocated to 1
----------------------

----------------------
TP25235 allocated to 5
----------------------

----------------------
TP25312 allocated to 5
----------------------

----------------------
TP25583 allocated to 5
----------------------

----------------------
TP25838 allocated to 5
----------------------

----------------------
TP25892 allocated to 5
----------------------

----------------------
TP25931 allocated to 5
----------------------

----------------------
TP26257 allocated to 6
----------------------

----------------------
TP26272 allocated to 6
----------------------

----------------------
TP27226 allocated to 5
----------------------

----------------------
TP27418 allocated to 6
----------------------

----------------------
TP27716 allocated to 6
----------------------

----------------------
TP27799 allocated to 5
----------------------

----------------------
TP27943 allocated to 6
----------------------

----------------------
TP28083 allocated to 6
----------------------

----------------------
TP28407 allocated to 6
----------------------

----------------------
TP28550 allocated to 6
----------------------

----------------------
TP28707 allocated to 6
----------------------

----------------------
TP28838 allocated to 6
----------------------

----------------------
TP29133 allocated to 6
----------------------

----------------------
TP29257 allocated to 6
----------------------

----------------------
TP29531 allocated to 6
----------------------

----------------------
TP29583 allocated to 6
----------------------

----------------------
TP29765 allocated to 6
----------------------

----------------------
TP30012 allocated to 7
----------------------

----------------------
TP30435 allocated to 7
----------------------

----------------------
TP30522 allocated to 7
----------------------

----------------------
TP30871 allocated to 1
----------------------

----------------------
TP31198 allocated to 7
----------------------

----------------------
TP31466 allocated to 7
----------------------

----------------------
TP31622 allocated to 7
----------------------

----------------------
TP31779 allocated to 7
----------------------

----------------------
TP31983 allocated to 7
----------------------

----------------------
TP32133 allocated to 7
----------------------

----------------------
TP32558 allocated to 7
----------------------

----------------------
TP32709 allocated to 1
----------------------

----------------------
TP32737 allocated to 7
----------------------

----------------------
TP32759 allocated to 7
----------------------

----------------------
TP33495 allocated to 7
----------------------

----------------------
TP33650 allocated to 7
----------------------

----------------------
TP33698 allocated to 7
----------------------

----------------------
TP33707 allocated to 7
----------------------

----------------------
TP33766 allocated to 8
----------------------

----------------------
TP33855 allocated to 8
----------------------

----------------------
TP33861 allocated to 1
----------------------

----------------------
TP33893 allocated to 1
----------------------

----------------------
TP33918 allocated to 1
----------------------

----------------------
TP34007 allocated to 7
----------------------

----------------------
TP34021 allocated to 7
----------------------

----------------------
TP34153 allocated to 8
----------------------

----------------------
TP34750 allocated to 8
----------------------

----------------------
TP34751 allocated to 8
----------------------

----------------------
TP35043 allocated to 4
----------------------

----------------------
TP35582 allocated to 8
----------------------

----------------------
TP35722 allocated to 8
----------------------

----------------------
TP35742 allocated to 8
----------------------

----------------------
TP36440 allocated to 8
----------------------

----------------------
TP36719 allocated to 8
----------------------

----------------------
TP37004 allocated to 8
----------------------

----------------------
TP37276 allocated to 8
----------------------

----------------------
TP37744 allocated to 8
----------------------

----------------------
TP37989 allocated to 8
----------------------

----------------------
TP38487 allocated to 1
----------------------

----------------------
TP39373 allocated to 8
----------------------

----------------------
TP39435 allocated to 8
----------------------

----------------------
TP39759 allocated to 1
----------------------

----------------------
TP39845 allocated to 8
----------------------

----------------------
TP40328 allocated to 8
----------------------

----------------------
TP40628 allocated to 8
----------------------

----------------------
TP40864 allocated to 9
----------------------

----------------------
TP40904 allocated to 8
----------------------

----------------------
TP41674 allocated to 2
----------------------

----------------------
TP42336 allocated to 9
----------------------

----------------------
TP42658 allocated to 9
----------------------

----------------------
TP43088 allocated to 9
----------------------

----------------------
TP43250 allocated to 2
----------------------

----------------------
TP43750 allocated to 9
----------------------

----------------------
TP43815 allocated to 5
----------------------

----------------------
TP43946 allocated to 9
----------------------

----------------------
TP44167 allocated to 9
----------------------

----------------------
TP44643 allocated to 9
----------------------

----------------------
TP44743 allocated to 1
----------------------

----------------------
TP44922 allocated to 9
----------------------

----------------------
TP45255 allocated to 9
----------------------

----------------------
TP45504 allocated to 9
----------------------

----------------------
TP45981 allocated to 9
----------------------

----------------------
TP46036 allocated to 9
----------------------

----------------------
TP46065 allocated to 9
----------------------

----------------------
TP46178 allocated to 5
----------------------

----------------------
TP46596 allocated to 9
----------------------

----------------------
TP46618 allocated to 9
----------------------

----------------------
TP46874 allocated to 6
----------------------

----------------------
TP47067 allocated to 9
----------------------

----------------------
TP47221 allocated to 9
----------------------

----------------------
TP47248 allocated to 9
----------------------

----------------------
TP47264 allocated to 9
----------------------

----------------------
TP47496 allocated to 10
----------------------

----------------------
TP47586 allocated to 1
----------------------

----------------------
TP47633 allocated to 10
----------------------

----------------------
TP48193 allocated to 10
----------------------

----------------------
TP48545 allocated to 1
----------------------

----------------------
TP48714 allocated to 1
----------------------

----------------------
TP48867 allocated to 10
----------------------

----------------------
TP49254 allocated to 10
----------------------

----------------------
TP49865 allocated to 9
----------------------

-------------------------------------------------------------------------

Ride-sharing vs Individual Mode - Num Vehicles and Distance Comparisson 

-------------------------------------------------------------------------
Individual Mode = 178 vehicles.
Ride-sharing Mode = 10 vehicles. The 10 ride-sharing vehicles + 0 vehicles of the individuals not served by the ride-sharing service.
-------------------------------------------------------------------------
Individual Mode = 491 distance.
Ride-sharing Mode = 938 distance. 938 from the EV fleet + 0 from the distance of the trips not covered individuals had to do with their own vehicle.
-------------------------------------------------------------------------
