-------------------------------------------------------------------------
TPs satisfied = 90; Total TPs = 200; Percentage Satisfied + 45.0%
-------------------------------------------------------------------------

-------------------------------------------------------------------------

EVs

-------------------------------------------------------------------------
--------------------------------------
EV1
--------------------------------------
Num TPs served = 40
TPs served = 11 105 414 527 569 767 882 1115 1127 1312 1361 1391 1675 1873 2491 2702 2817 2853 2992 3082 3084 8232 8314 9791 11824 16369 19861 21265 26683 28060 31744 34156 38290 42757 43310 43365 44544 45650 47038 48407
Total energy used = 100
--------------------------------------
Schedule:
0 47 0 0 0 0 0 0 100 100 0 47 0
47 47 0 0 0 0 0 1 100 100 11 32 0
47 52 0 0 0 0 1 1 100 100 0 5 0
52 53 0 0 1 0 1 0 100 99 -11 32 1
53 204 1 0 1 0 0 0 99 99 0 151 0
204 205 1 0 0 0 0 1 99 98 105 32 1
205 210 0 0 2 3 1 0 98 93 -105 32 5
210 755 2 3 2 3 0 0 93 93 0 545 0
755 760 2 3 0 0 0 1 93 88 414 32 5
760 765 0 0 5 0 1 0 88 83 -414 32 5
765 947 5 0 5 0 0 0 83 83 0 182 0
947 952 5 0 0 0 0 1 83 78 527 32 5
952 955 0 0 0 3 1 0 78 75 -527 32 3
955 1021 0 3 0 3 0 0 75 75 0 66 0
1021 1024 0 3 0 0 0 1 75 72 569 32 3
1024 1025 0 0 0 0 1 1 72 72 0 1 0
1025 1028 0 0 3 0 1 0 72 69 -569 32 3
1028 1371 3 0 3 0 0 0 69 69 0 343 0
1371 1374 3 0 0 0 0 1 69 66 767 32 3
1374 1377 0 0 3 0 1 0 66 63 -767 32 3
1377 1552 3 0 3 0 0 0 63 63 0 175 0
1552 1555 3 0 0 0 0 1 63 60 882 32 3
1555 1557 0 0 2 0 1 0 60 58 -882 32 2
1557 1966 2 0 2 0 0 0 58 58 0 409 0
1966 1968 2 0 0 0 0 1 58 56 1127 32 2
1968 1968 0 0 0 0 1 2 56 56 1115 14 0
1968 1969 0 0 0 0 2 2 56 56 0 1 0
1969 1970 0 0 1 0 2 1 56 55 -1127 32 1
1970 1970 1 0 1 0 1 0 55 55 -1115 13 0
1970 2304 1 0 1 0 0 0 55 55 0 334 0
2304 2305 1 0 0 0 0 1 55 54 1312 32 1
2305 2307 0 0 0 0 1 1 54 54 0 2 0
2307 2310 0 0 2 1 1 0 54 51 -1312 32 3
2310 2382 2 1 2 1 0 0 51 51 0 72 0
2382 2385 2 1 0 0 0 1 51 48 1361 32 3
2385 2391 0 0 0 0 1 1 48 48 0 6 0
2391 2394 0 0 3 0 1 0 48 45 -1361 32 3
2394 2429 3 0 3 0 0 0 45 45 0 35 0
2429 2432 3 0 0 0 0 1 45 42 1391 32 3
2432 2434 0 0 0 0 1 1 42 42 0 2 0
2434 2434 0 0 0 0 1 0 42 42 -1391 32 0
2434 2926 0 0 0 0 0 0 42 42 0 492 0
2926 2926 0 0 0 0 0 1 42 42 1675 32 0
2926 2927 0 0 1 0 1 0 42 41 -1675 32 1
2927 3286 1 0 1 0 0 0 41 41 0 359 0
3286 3287 1 0 0 0 0 1 41 40 1873 32 1
3287 3289 0 0 2 0 1 0 40 38 -1873 32 2
3289 4427 2 0 2 0 0 0 38 38 0 1138 0
4427 4429 2 0 0 0 0 1 38 36 2491 32 2
4429 4430 0 0 1 0 1 0 36 35 -2491 32 1
4430 4798 1 0 1 0 0 0 35 35 0 368 0
4798 4799 1 0 0 0 0 1 35 34 2702 32 1
4799 4800 0 0 0 0 1 1 34 34 0 1 0
4800 4802 0 0 2 0 1 0 34 32 -2702 32 2
4802 5027 2 0 2 0 0 0 32 32 0 225 0
5027 5029 2 0 0 0 0 1 32 30 2817 32 2
5029 5030 0 0 0 0 1 1 30 30 0 1 0
5030 5032 0 0 0 2 1 0 30 28 -2817 32 2
5032 5087 0 2 0 2 0 0 28 28 0 55 0
5087 5089 0 2 0 0 0 1 28 26 2853 32 2
5089 5090 0 0 1 0 1 0 26 25 -2853 32 1
5090 5335 1 0 1 0 0 0 25 25 0 245 0
5335 5336 1 0 0 0 0 1 25 24 2992 32 1
5336 5342 0 0 0 0 1 1 24 24 0 6 0
5342 5345 0 0 0 3 1 0 24 21 -2992 32 3
5345 5496 0 3 0 3 0 0 21 21 0 151 0
5496 5499 0 3 0 0 0 1 21 18 3084 32 3
5499 5499 0 0 0 0 1 2 18 18 3082 30 0
5499 5502 0 0 0 0 2 2 18 18 0 3 0
5502 5511 0 0 6 3 2 1 18 9 -3084 32 9
5511 5519 6 3 1 0 1 0 9 1 -3082 11 8
5519 7626 1 0 1 0 0 0 1 1 0 2107 0
7626 7627 1 0 0 0 0 1 1 0 19861 32 1
7627 7629 0 0 0 0 1 1 0 0 0 2 0
7629 7629 0 0 0 0 1 0 0 0 -19861 32 0
7629 9079 0 0 0 0 0 0 0 0 0 1450 0
9079 9079 0 0 0 0 0 1 0 0 38290 32 0
9079 9081 0 0 0 0 1 1 0 0 0 2 0
9081 9081 0 0 0 0 1 0 0 0 -38290 32 0
9081 11451 0 0 0 0 0 0 0 0 0 2370 0
11451 11451 0 0 0 0 0 1 0 0 21265 32 0
11451 11452 0 0 0 0 1 1 0 0 0 1 0
11452 11452 0 0 0 0 1 0 0 0 -21265 32 0
11452 15758 0 0 0 0 0 0 0 0 0 4306 0
15758 15758 0 0 0 0 0 1 0 0 8232 32 0
15758 15759 0 0 0 0 1 1 0 0 0 1 0
15759 15759 0 0 0 0 1 0 0 0 -8232 32 0
15759 15969 0 0 0 0 0 0 0 0 0 210 0
15969 15969 0 0 0 0 0 1 0 0 8314 32 0
15969 15972 0 0 0 0 1 1 0 0 0 3 0
15972 15972 0 0 0 0 1 0 0 0 -8314 32 0
15972 19746 0 0 0 0 0 0 0 0 0 3774 0
19746 19746 0 0 0 0 0 1 0 0 42757 32 0
19746 19747 0 0 0 0 1 1 0 0 0 1 0
19747 19747 0 0 0 0 1 0 0 0 -42757 32 0
19747 19888 0 0 0 0 0 0 0 0 0 141 0
19888 19888 0 0 0 0 0 1 0 0 9791 32 0
19888 19889 0 0 0 0 1 1 0 0 0 1 0
19889 19889 0 0 0 0 1 0 0 0 -9791 32 0
19889 20810 0 0 0 0 0 0 0 0 0 921 0
20810 20810 0 0 0 0 0 1 0 0 43310 32 0
20810 20811 0 0 0 0 1 1 0 0 0 1 0
20811 20811 0 0 0 0 1 0 0 0 -43310 32 0
20811 20938 0 0 0 0 0 0 0 0 0 127 0
20938 20938 0 0 0 0 0 1 0 0 43365 32 0
20938 20939 0 0 0 0 1 1 0 0 0 1 0
20939 20939 0 0 0 0 1 0 0 0 -43365 32 0
20939 23198 0 0 0 0 0 0 0 0 0 2259 0
23198 23198 0 0 0 0 0 1 0 0 44544 32 0
23198 23202 0 0 0 0 1 1 0 0 0 4 0
23202 23202 0 0 0 0 1 0 0 0 -44544 32 0
23202 24023 0 0 0 0 0 0 0 0 0 821 0
24023 24023 0 0 0 0 0 1 0 0 26683 32 0
24023 24024 0 0 0 0 1 1 0 0 0 1 0
24024 24024 0 0 0 0 1 0 0 0 -26683 32 0
24024 25153 0 0 0 0 0 0 0 0 0 1129 0
25153 25153 0 0 0 0 0 1 0 0 45650 32 0
25153 25155 0 0 0 0 1 1 0 0 0 2 0
25155 25155 0 0 0 0 1 0 0 0 -45650 32 0
25155 26100 0 0 0 0 0 0 0 0 0 945 0
26100 26100 0 0 0 0 0 1 0 0 11824 32 0
26100 26102 0 0 0 0 1 1 0 0 0 2 0
26102 26102 0 0 0 0 1 0 0 0 -11824 32 0
26102 26633 0 0 0 0 0 0 0 0 0 531 0
26633 26633 0 0 0 0 0 1 0 0 28060 32 0
26633 26634 0 0 0 0 1 1 0 0 0 1 0
26634 26634 0 0 0 0 1 0 0 0 -28060 32 0
26634 27616 0 0 0 0 0 0 0 0 0 982 0
27616 27616 0 0 0 0 0 1 0 0 47038 32 0
27616 27619 0 0 0 0 1 1 0 0 0 3 0
27619 27619 0 0 0 0 1 0 0 0 -47038 32 0
27619 29983 0 0 0 0 0 0 0 0 0 2364 0
29983 29983 0 0 0 0 0 1 0 0 48407 32 0
29983 29984 0 0 0 0 1 1 0 0 0 1 0
29984 29984 0 0 0 0 1 0 0 0 -48407 32 0
29984 34171 0 0 0 0 0 0 0 0 0 4187 0
34171 34171 0 0 0 0 0 1 0 0 31744 32 0
34171 34172 0 0 0 0 1 1 0 0 0 1 0
34172 34172 0 0 0 0 1 0 0 0 -31744 32 0
34172 40234 0 0 0 0 0 0 0 0 0 6062 0
40234 40234 0 0 0 0 0 1 0 0 34156 32 0
40234 40235 0 0 0 0 1 1 0 0 0 1 0
40235 40235 0 0 0 0 1 0 0 0 -34156 32 0
40235 41380 0 0 0 0 0 0 0 0 0 1145 0
41380 41380 0 0 0 0 0 1 0 0 16369 32 0
41380 41381 0 0 0 0 1 1 0 0 0 1 0
41381 41381 0 0 0 0 1 0 0 0 -16369 32 0
41381 43267 0 0 0 0 0 0 0 0 0 1886 0
43267 43267 0 0 0 0 0 0 0 0 1000000000 0 0
--------------------------------------
--------------------------------------
EV2
--------------------------------------
Num TPs served = 12
TPs served = 3247 3533 4017 4143 4574 4898 5300 6265 6277 6775 7212 38509
Total energy used = 100
--------------------------------------
Schedule:
0 5777 0 0 0 0 0 0 100 100 0 5777 0
5777 5777 0 0 0 0 0 1 100 100 3247 32 0
5777 5778 0 0 0 0 1 1 100 100 0 1 0
5778 5782 0 0 3 1 1 0 100 96 -3247 32 4
5782 6312 3 1 3 1 0 0 96 96 0 530 0
6312 6316 3 1 0 0 0 1 96 92 3533 32 4
6316 6319 0 0 2 1 1 0 92 89 -3533 32 3
6319 7220 2 1 2 1 0 0 89 89 0 901 0
7220 7223 2 1 0 0 0 1 89 86 4017 32 3
7223 7224 0 0 1 0 1 0 86 85 -4017 32 1
7224 7455 1 0 1 0 0 0 85 85 0 231 0
7455 7456 1 0 0 0 0 1 85 84 4143 32 1
7456 7458 0 0 2 0 1 0 84 82 -4143 32 2
7458 8269 2 0 2 0 0 0 82 82 0 811 0
8269 8271 2 0 0 0 0 1 82 80 4574 32 2
8271 8272 0 0 0 0 1 1 80 80 0 1 0
8272 8281 0 0 9 0 1 0 80 71 -4574 32 9
8281 8892 9 0 9 0 0 0 71 71 0 611 0
8892 8901 9 0 0 0 0 1 71 62 4898 32 9
8901 8909 0 0 2 6 1 0 62 54 -4898 32 8
8909 9637 2 6 2 6 0 0 54 54 0 728 0
9637 9645 2 6 0 0 0 1 54 46 5300 32 8
9645 9673 0 0 0 0 1 1 46 46 0 28 0
9673 9673 0 0 0 0 1 2 46 46 38509 32 0
9673 9674 0 0 0 1 2 1 46 45 -38509 32 1
9674 9674 0 1 0 1 1 0 45 45 -5300 5 0
9674 11520 0 1 0 1 0 0 45 45 0 1846 0
11520 11521 0 1 0 0 0 1 45 44 6277 32 1
11521 11521 0 0 0 0 1 2 44 44 6265 6 0
11521 11527 0 0 6 0 2 1 44 38 -6277 32 6
11527 11532 6 0 5 4 1 0 38 33 -6265 6 5
11532 12509 5 4 5 4 0 0 33 33 0 977 0
12509 12518 5 4 0 0 0 1 33 24 6775 32 9
12518 12520 0 0 0 0 1 1 24 24 0 2 0
12520 12531 0 0 10 1 1 0 24 13 -6775 32 11
12531 13473 10 1 10 1 0 0 13 13 0 942 0
13473 13484 10 1 0 0 0 1 13 2 7212 32 11
13484 13485 0 0 1 0 1 0 2 1 -7212 32 1
13485 43266 1 0 1 0 0 0 1 1 0 29781 0
43266 43267 1 0 0 0 0 0 1 0 1000000000 0 1
--------------------------------------
--------------------------------------
EV3
--------------------------------------
Num TPs served = 21
TPs served = 7022 7361 7623 7686 8152 8928 9445 9478 9853 9937 10426 10612 10677 11167 11206 11224 11304 12442 12803 25846 44066
Total energy used = 100
--------------------------------------
Schedule:
0 13046 0 0 0 0 0 0 100 100 0 13046 0
13046 13046 0 0 0 0 0 1 100 100 7022 32 0
13046 13048 0 0 0 2 1 0 100 98 -7022 32 2
13048 13793 0 2 0 2 0 0 98 98 0 745 0
13793 13795 0 2 0 0 0 1 98 96 7361 32 2
13795 13798 0 0 0 0 1 1 96 96 0 3 0
13798 13799 0 0 1 0 1 0 96 95 -7361 32 1
13799 14367 1 0 1 0 0 0 95 95 0 568 0
14367 14368 1 0 0 0 0 1 95 94 7623 32 1
14368 14370 0 0 2 0 1 0 94 92 -7623 32 2
14370 14515 2 0 2 0 0 0 92 92 0 145 0
14515 14517 2 0 0 0 0 1 92 90 7686 32 2
14517 14518 0 0 1 0 1 0 90 89 -7686 32 1
14518 15570 1 0 1 0 0 0 89 89 0 1052 0
15570 15571 1 0 0 0 0 1 89 88 8152 32 1
15571 15572 0 0 0 1 1 0 88 87 -8152 32 1
15572 17475 0 1 0 1 0 0 87 87 0 1903 0
17475 17476 0 1 0 0 0 1 87 86 8928 32 1
17476 17477 0 0 0 0 1 1 86 86 0 1 0
17477 17478 0 0 1 0 1 0 86 85 -8928 32 1
17478 18865 1 0 1 0 0 0 85 85 0 1387 0
18865 18866 1 0 0 0 0 1 85 84 9445 32 1
18866 18867 0 0 0 0 1 1 84 84 0 1 0
18867 18870 0 0 2 1 1 0 84 81 -9445 32 3
18870 18965 2 1 2 1 0 0 81 81 0 95 0
18965 18968 2 1 0 0 0 1 81 78 9478 32 3
18968 18969 0 0 0 0 1 1 78 78 0 1 0
18969 18971 0 0 2 0 1 0 78 76 -9478 32 2
18971 20026 2 0 2 0 0 0 76 76 0 1055 0
20026 20028 2 0 0 0 0 1 76 74 9853 32 2
20028 20032 0 0 4 0 1 0 74 70 -9853 32 4
20032 20213 4 0 4 0 0 0 70 70 0 181 0
20213 20217 4 0 0 0 0 1 70 66 9937 32 4
20217 20220 0 0 3 0 1 0 66 63 -9937 32 3
20220 21624 3 0 3 0 0 0 63 63 0 1404 0
21624 21627 3 0 0 0 0 1 63 60 10426 32 3
21627 21628 0 0 0 0 1 1 60 60 0 1 0
21628 21629 0 0 1 0 1 0 60 59 -10426 32 1
21629 22149 1 0 1 0 0 0 59 59 0 520 0
22149 22150 1 0 0 0 0 1 59 58 10612 32 1
22150 22153 0 0 1 2 1 0 58 55 -10612 32 3
22153 22293 1 2 1 2 0 0 55 55 0 140 0
22293 22296 1 2 0 0 0 1 55 52 44066 32 3
22296 22322 0 0 0 0 1 1 52 52 0 26 0
22322 22322 0 0 0 0 1 2 52 52 25846 32 0
22322 22322 0 0 0 0 2 3 52 52 10677 30 0
22322 22323 0 0 1 0 3 2 52 51 -44066 6 1
22323 22323 1 0 1 0 2 1 51 51 -25846 32 0
22323 22329 1 0 7 0 1 0 51 45 -10677 31 6
22329 23858 7 0 7 0 0 0 45 45 0 1529 0
23858 23865 7 0 0 0 0 1 45 38 11167 32 7
23865 23866 0 0 1 0 1 0 38 37 -11167 32 1
23866 23955 1 0 1 0 0 0 37 37 0 89 0
23955 23956 1 0 0 0 0 1 37 36 11206 32 1
23956 23960 0 0 2 2 1 0 36 32 -11206 32 4
23960 24012 2 2 2 2 0 0 32 32 0 52 0
24012 24016 2 2 0 0 0 1 32 28 11224 32 4
24016 24021 0 0 5 0 1 0 28 23 -11224 32 5
24021 24270 5 0 5 0 0 0 23 23 0 249 0
24270 24275 5 0 0 0 0 1 23 18 11304 32 5
24275 24276 0 0 0 0 1 1 18 18 0 1 0
24276 24277 0 0 0 1 1 0 18 17 -11304 32 1
24277 28236 0 1 0 1 0 0 17 17 0 3959 0
28236 28237 0 1 0 0 0 1 17 16 12442 32 1
28237 28240 0 0 0 3 1 0 16 13 -12442 32 3
28240 29569 0 3 0 3 0 0 13 13 0 1329 0
29569 29572 0 3 0 0 0 1 13 10 12803 32 3
29572 29577 0 0 3 2 1 0 10 5 -12803 32 5
29577 43262 3 2 3 2 0 0 5 5 0 13685 0
43262 43267 3 2 0 0 0 0 5 0 1000000000 0 5
--------------------------------------
--------------------------------------
EV4
--------------------------------------
Num TPs served = 17
TPs served = 12994 13007 13028 13192 13860 13869 14180 14741 14811 14983 14999 15115 15194 15424 19122 29926 33248
Total energy used = 100
--------------------------------------
Schedule:
0 5385 0 0 0 0 0 0 100 100 0 5385 0
5385 5385 0 0 0 0 0 1 100 100 19122 32 0
5385 5386 0 0 0 1 1 0 100 99 -19122 32 1
5386 30273 0 1 0 1 0 0 99 99 0 24887 0
30273 30274 0 1 0 0 0 1 99 98 12994 32 1
30274 30275 0 0 1 0 1 0 98 97 -12994 32 1
30275 30329 1 0 1 0 0 0 97 97 0 54 0
30329 30330 1 0 0 0 0 1 97 96 29926 32 1
30330 30330 0 0 0 0 1 2 96 96 13007 20 0
30330 30331 0 0 0 0 2 2 96 96 0 1 0
30331 30333 0 0 1 1 2 1 96 94 -29926 32 2
30333 30333 1 1 1 1 1 0 94 94 -13007 19 0
30333 30389 1 1 1 1 0 0 94 94 0 56 0
30389 30391 1 1 0 0 0 1 94 92 13028 32 2
30391 30392 0 0 0 0 1 1 92 92 0 1 0
30392 30394 0 0 1 1 1 0 92 90 -13028 32 2
30394 30942 1 1 1 1 0 0 90 90 0 548 0
30942 30944 1 1 0 0 0 1 90 88 13192 32 2
30944 30945 0 0 1 0 1 0 88 87 -13192 32 1
30945 33460 1 0 1 0 0 0 87 87 0 2515 0
33460 33461 1 0 0 0 0 1 87 86 13869 32 1
33461 33461 0 0 0 0 1 2 86 86 13860 8 0
33461 33462 0 0 0 1 2 1 86 85 -13869 32 1
33462 33469 0 1 6 0 1 0 85 78 -13860 6 7
33469 34651 6 0 6 0 0 0 78 78 0 1182 0
34651 34657 6 0 0 0 0 1 78 72 14180 32 6
34657 34658 0 0 1 0 1 0 72 71 -14180 32 1
34658 36841 1 0 1 0 0 0 71 71 0 2183 0
36841 36842 1 0 0 0 0 1 71 70 14741 32 1
36842 36843 0 0 0 0 1 1 70 70 0 1 0
36843 36847 0 0 4 0 1 0 70 66 -14741 32 4
36847 37080 4 0 4 0 0 0 66 66 0 233 0
37080 37084 4 0 0 0 0 1 66 62 14811 32 4
37084 37087 0 0 3 0 1 0 62 59 -14811 32 3
37087 37784 3 0 3 0 0 0 59 59 0 697 0
37784 37787 3 0 0 0 0 1 59 56 33248 32 3
37787 37787 0 0 0 0 1 2 56 56 14983 4 0
37787 37789 0 0 1 1 2 1 56 54 -33248 32 2
37789 37797 1 1 5 5 1 0 54 46 -14983 4 8
37797 37803 5 5 5 5 0 0 46 46 0 6 0
37803 37813 5 5 0 0 0 1 46 36 14999 32 10
37813 37814 0 0 0 0 1 1 36 36 0 1 0
37814 37818 0 0 2 2 1 0 36 32 -14999 32 4
37818 38272 2 2 2 2 0 0 32 32 0 454 0
38272 38276 2 2 0 0 0 1 32 28 15115 32 4
38276 38288 0 0 12 0 1 0 28 16 -15115 32 12
38288 38584 12 0 12 0 0 0 16 16 0 296 0
38584 38596 12 0 0 0 0 1 16 4 15194 32 12
38596 38597 0 0 1 0 1 0 4 3 -15194 32 1
38597 39454 1 0 1 0 0 0 3 3 0 857 0
39454 39455 1 0 0 0 0 1 3 2 15424 32 1
39455 39456 0 0 0 1 1 0 2 1 -15424 32 1
39456 43266 0 1 0 1 0 0 1 1 0 3810 0
43266 43267 0 1 0 0 0 0 1 0 1000000000 0 1
--------------------------------------

-------------------------------------------------------------------------

TPs

-------------------------------------------------------------------------

----------------------
TP11 allocated to 1
----------------------

----------------------
TP105 allocated to 1
----------------------

----------------------
TP414 allocated to 1
----------------------

----------------------
TP527 allocated to 1
----------------------

----------------------
TP569 allocated to 1
----------------------

----------------------
TP767 allocated to 1
----------------------

----------------------
TP882 allocated to 1
----------------------

----------------------
TP1115 allocated to 1
----------------------

----------------------
TP1127 allocated to 1
----------------------

----------------------
TP1312 allocated to 1
----------------------

----------------------
TP1361 allocated to 1
----------------------

----------------------
TP1391 allocated to 1
----------------------

----------------------
TP1675 allocated to 1
----------------------

----------------------
TP1873 allocated to 1
----------------------

----------------------
TP2491 allocated to 1
----------------------

----------------------
TP2702 allocated to 1
----------------------

----------------------
TP2817 allocated to 1
----------------------

----------------------
TP2853 allocated to 1
----------------------

----------------------
TP2992 allocated to 1
----------------------

----------------------
TP3082 allocated to 1
----------------------

----------------------
TP3084 allocated to 1
----------------------

----------------------
TP3247 allocated to 2
----------------------

----------------------
TP3533 allocated to 2
----------------------

----------------------
TP4017 allocated to 2
----------------------

----------------------
TP4143 allocated to 2
----------------------

----------------------
TP4574 allocated to 2
----------------------

----------------------
TP4898 allocated to 2
----------------------

----------------------
TP5300 allocated to 2
----------------------

----------------------
TP6265 allocated to 2
----------------------

----------------------
TP6277 allocated to 2
----------------------

----------------------
TP6775 allocated to 2
----------------------

----------------------
TP7022 allocated to 3
----------------------

----------------------
TP7212 allocated to 2
----------------------

----------------------
TP7361 allocated to 3
----------------------

----------------------
TP7623 allocated to 3
----------------------

----------------------
TP7686 allocated to 3
----------------------

----------------------
TP8152 allocated to 3
----------------------

----------------------
TP8232 allocated to 1
----------------------

----------------------
TP8314 allocated to 1
----------------------

----------------------
TP8928 allocated to 3
----------------------

----------------------
TP9445 allocated to 3
----------------------

----------------------
TP9478 allocated to 3
----------------------

----------------------
TP9791 allocated to 1
----------------------

----------------------
TP9853 allocated to 3
----------------------

----------------------
TP9937 allocated to 3
----------------------

----------------------
TP10426 allocated to 3
----------------------

----------------------
TP10612 allocated to 3
----------------------

----------------------
TP10677 allocated to 3
----------------------

----------------------
TP11167 allocated to 3
----------------------

----------------------
TP11206 allocated to 3
----------------------

----------------------
TP11224 allocated to 3
----------------------

----------------------
TP11304 allocated to 3
----------------------

----------------------
TP11824 allocated to 1
----------------------

----------------------
TP12442 allocated to 3
----------------------

----------------------
TP12803 allocated to 3
----------------------

----------------------
TP12994 allocated to 4
----------------------

----------------------
TP13007 allocated to 4
----------------------

----------------------
TP13028 allocated to 4
----------------------

----------------------
TP13192 allocated to 4
----------------------

----------------------
TP13860 allocated to 4
----------------------

----------------------
TP13869 allocated to 4
----------------------

----------------------
TP14180 allocated to 4
----------------------

----------------------
TP14741 allocated to 4
----------------------

----------------------
TP14811 allocated to 4
----------------------

----------------------
TP14983 allocated to 4
----------------------

----------------------
TP14999 allocated to 4
----------------------

----------------------
TP15115 allocated to 4
----------------------

----------------------
TP15194 allocated to 4
----------------------

----------------------
TP15424 allocated to 4
----------------------

----------------------
TP15484 not allocated
----------------------

----------------------
TP15962 not allocated
----------------------

----------------------
TP16369 allocated to 1
----------------------

----------------------
TP16628 not allocated
----------------------

----------------------
TP16636 not allocated
----------------------

----------------------
TP17578 not allocated
----------------------

----------------------
TP17984 not allocated
----------------------

----------------------
TP18416 not allocated
----------------------

----------------------
TP18494 not allocated
----------------------

----------------------
TP18854 not allocated
----------------------

----------------------
TP19122 allocated to 4
----------------------

----------------------
TP19417 not allocated
----------------------

----------------------
TP19861 allocated to 1
----------------------

----------------------
TP19918 not allocated
----------------------

----------------------
TP20131 not allocated
----------------------

----------------------
TP20379 not allocated
----------------------

----------------------
TP20775 not allocated
----------------------

----------------------
TP21265 allocated to 1
----------------------

----------------------
TP21408 not allocated
----------------------

----------------------
TP21434 not allocated
----------------------

----------------------
TP21487 not allocated
----------------------

----------------------
TP21573 not allocated
----------------------

----------------------
TP21580 not allocated
----------------------

----------------------
TP21589 not allocated
----------------------

----------------------
TP21939 not allocated
----------------------

----------------------
TP21999 not allocated
----------------------

----------------------
TP22292 not allocated
----------------------

----------------------
TP22658 not allocated
----------------------

----------------------
TP22756 not allocated
----------------------

----------------------
TP23026 not allocated
----------------------

----------------------
TP23138 not allocated
----------------------

----------------------
TP23493 not allocated
----------------------

----------------------
TP23745 not allocated
----------------------

----------------------
TP24086 not allocated
----------------------

----------------------
TP24180 not allocated
----------------------

----------------------
TP25520 not allocated
----------------------

----------------------
TP25846 allocated to 3
----------------------

----------------------
TP26070 not allocated
----------------------

----------------------
TP26116 not allocated
----------------------

----------------------
TP26210 not allocated
----------------------

----------------------
TP26224 not allocated
----------------------

----------------------
TP26346 not allocated
----------------------

----------------------
TP26446 not allocated
----------------------

----------------------
TP26683 allocated to 1
----------------------

----------------------
TP26796 not allocated
----------------------

----------------------
TP27102 not allocated
----------------------

----------------------
TP27468 not allocated
----------------------

----------------------
TP27497 not allocated
----------------------

----------------------
TP27546 not allocated
----------------------

----------------------
TP28060 allocated to 1
----------------------

----------------------
TP28297 not allocated
----------------------

----------------------
TP28732 not allocated
----------------------

----------------------
TP29491 not allocated
----------------------

----------------------
TP29756 not allocated
----------------------

----------------------
TP29926 allocated to 4
----------------------

----------------------
TP31744 allocated to 1
----------------------

----------------------
TP31808 not allocated
----------------------

----------------------
TP32151 not allocated
----------------------

----------------------
TP32693 not allocated
----------------------

----------------------
TP32853 not allocated
----------------------

----------------------
TP32940 not allocated
----------------------

----------------------
TP33248 allocated to 4
----------------------

----------------------
TP33666 not allocated
----------------------

----------------------
TP34156 allocated to 1
----------------------

----------------------
TP34192 not allocated
----------------------

----------------------
TP34239 not allocated
----------------------

----------------------
TP35011 not allocated
----------------------

----------------------
TP35151 not allocated
----------------------

----------------------
TP35474 not allocated
----------------------

----------------------
TP36199 not allocated
----------------------

----------------------
TP36439 not allocated
----------------------

----------------------
TP36589 not allocated
----------------------

----------------------
TP36602 not allocated
----------------------

----------------------
TP36656 not allocated
----------------------

----------------------
TP36750 not allocated
----------------------

----------------------
TP37080 not allocated
----------------------

----------------------
TP37961 not allocated
----------------------

----------------------
TP38062 not allocated
----------------------

----------------------
TP38290 allocated to 1
----------------------

----------------------
TP38419 not allocated
----------------------

----------------------
TP38509 allocated to 2
----------------------

----------------------
TP38510 not allocated
----------------------

----------------------
TP38564 not allocated
----------------------

----------------------
TP38959 not allocated
----------------------

----------------------
TP39441 not allocated
----------------------

----------------------
TP39799 not allocated
----------------------

----------------------
TP39830 not allocated
----------------------

----------------------
TP39897 not allocated
----------------------

----------------------
TP41020 not allocated
----------------------

----------------------
TP41035 not allocated
----------------------

----------------------
TP41056 not allocated
----------------------

----------------------
TP41115 not allocated
----------------------

----------------------
TP41250 not allocated
----------------------

----------------------
TP41283 not allocated
----------------------

----------------------
TP41658 not allocated
----------------------

----------------------
TP41752 not allocated
----------------------

----------------------
TP41893 not allocated
----------------------

----------------------
TP42026 not allocated
----------------------

----------------------
TP42243 not allocated
----------------------

----------------------
TP42254 not allocated
----------------------

----------------------
TP42757 allocated to 1
----------------------

----------------------
TP42927 not allocated
----------------------

----------------------
TP42955 not allocated
----------------------

----------------------
TP43305 not allocated
----------------------

----------------------
TP43310 allocated to 1
----------------------

----------------------
TP43349 not allocated
----------------------

----------------------
TP43365 allocated to 1
----------------------

----------------------
TP44066 allocated to 3
----------------------

----------------------
TP44480 not allocated
----------------------

----------------------
TP44544 allocated to 1
----------------------

----------------------
TP45134 not allocated
----------------------

----------------------
TP45355 not allocated
----------------------

----------------------
TP45650 allocated to 1
----------------------

----------------------
TP45651 not allocated
----------------------

----------------------
TP45750 not allocated
----------------------

----------------------
TP46180 not allocated
----------------------

----------------------
TP46216 not allocated
----------------------

----------------------
TP46790 not allocated
----------------------

----------------------
TP47038 allocated to 1
----------------------

----------------------
TP47110 not allocated
----------------------

----------------------
TP47210 not allocated
----------------------

----------------------
TP47750 not allocated
----------------------

----------------------
TP48053 not allocated
----------------------

----------------------
TP48151 not allocated
----------------------

----------------------
TP48407 allocated to 1
----------------------

----------------------
TP48487 not allocated
----------------------

----------------------
TP48675 not allocated
----------------------

----------------------
TP48717 not allocated
----------------------

----------------------
TP49169 not allocated
----------------------

----------------------
TP49232 not allocated
----------------------

----------------------
TP49967 not allocated
----------------------

-------------------------------------------------------------------------

Ride-sharing vs Individual Mode - Num Vehicles and Distance Comparisson 

-------------------------------------------------------------------------
Individual Mode = 200 vehicles.
Ride-sharing Mode = 114 vehicles. The 4 ride-sharing vehicles + 110 vehicles of the individuals not served by the ride-sharing service.
-------------------------------------------------------------------------
Individual Mode = 517 distance.
Ride-sharing Mode = 703 distance. 400 from the EV fleet + 303 from the distance of the trips not covered individuals had to do with their own vehicle.
-------------------------------------------------------------------------
