-------------------------------------------------------------------------
TPs satisfied = 196; Total TPs = 196; Percentage Satisfied + 100.0%
-------------------------------------------------------------------------

-------------------------------------------------------------------------

EVs

-------------------------------------------------------------------------
--------------------------------------
EV1
--------------------------------------
Num TPs served = 31
TPs served = 182 360 376 588 654 695 948 1012 1671 1880 2575 4517 7570 11825 20255 21640 22173 22601 28053 30895 32061 34230 34447 41678 42185 42948 43493 43631 44884 45555 49511
Total energy used = 100
--------------------------------------
Schedule:
0 352 610 682 610 682 0 0 100 100 0 352 0
352 352 610 682 610 682 0 1 100 100 182 32 0
352 354 610 682 610 682 1 1 100 100 0 2 0
354 368 610 682 624 682 1 0 100 86 -182 32 14
368 667 624 682 624 682 0 0 86 86 0 299 0
667 681 624 682 610 682 0 1 86 72 360 32 14
681 707 610 682 610 682 1 1 72 72 0 26 0
707 707 610 682 610 682 1 2 72 72 376 32 0
707 709 610 682 610 682 2 2 72 72 0 2 0
709 712 610 682 613 682 2 1 72 69 -376 32 3
712 714 613 682 615 682 1 0 69 67 -360 9 2
714 1049 615 682 615 682 0 0 67 67 0 335 0
1049 1054 615 682 610 682 0 1 67 62 588 32 5
1054 1059 610 682 610 682 1 1 62 62 0 5 0
1059 1068 610 682 615 686 1 0 62 53 -588 32 9
1068 1160 615 686 615 686 0 0 53 53 0 92 0
1160 1169 615 686 610 682 0 1 53 44 654 32 9
1169 1170 610 682 610 682 1 1 44 44 0 1 0
1170 1173 610 682 610 685 1 0 44 41 -654 32 3
1173 1240 610 685 610 685 0 0 41 41 0 67 0
1240 1243 610 685 610 682 0 1 41 38 695 32 3
1243 1244 610 682 610 682 1 1 38 38 0 1 0
1244 1247 610 682 613 682 1 0 38 35 -695 32 3
1247 1667 613 682 613 682 0 0 35 35 0 420 0
1667 1670 613 682 610 682 0 1 35 32 948 32 3
1670 1673 610 682 611 684 1 0 32 29 -948 32 3
1673 1779 611 684 611 684 0 0 29 29 0 106 0
1779 1782 611 684 610 682 0 1 29 26 1012 32 3
1782 1784 610 682 611 683 1 0 26 24 -1012 32 2
1784 2917 611 683 611 683 0 0 24 24 0 1133 0
2917 2919 611 683 610 682 0 1 24 22 1671 32 2
2919 2928 610 682 618 683 1 0 22 13 -1671 32 9
2928 3290 618 683 618 683 0 0 13 13 0 362 0
3290 3299 618 683 610 682 0 1 13 4 1880 32 9
3299 3300 610 682 610 682 1 1 4 4 0 1 0
3300 3300 610 682 610 682 1 0 4 4 -1880 32 0
3300 4571 610 682 610 682 0 0 4 4 0 1271 0
4571 4571 610 682 610 682 0 1 4 4 2575 32 0
4571 4572 610 682 611 682 1 0 4 3 -2575 32 1
4572 8147 611 682 611 682 0 0 3 3 0 3575 0
8147 8148 611 682 610 682 0 1 3 2 4517 32 1
8148 8149 610 682 611 682 1 0 2 1 -4517 32 1
8149 8779 611 682 611 682 0 0 1 1 0 630 0
8779 8780 611 682 610 682 0 1 1 0 20255 32 1
8780 8782 610 682 610 682 1 1 0 0 0 2 0
8782 8782 610 682 610 682 1 0 0 0 -20255 32 0
8782 12493 610 682 610 682 0 0 0 0 0 3711 0
12493 12493 610 682 610 682 0 1 0 0 21640 32 0
12493 12496 610 682 610 682 1 1 0 0 0 3 0
12496 12496 610 682 610 682 1 0 0 0 -21640 32 0
12496 13909 610 682 610 682 0 0 0 0 0 1413 0
13909 13909 610 682 610 682 0 1 0 0 22173 32 0
13909 13910 610 682 610 682 1 1 0 0 0 1 0
13910 13910 610 682 610 682 1 0 0 0 -22173 32 0
13910 14249 610 682 610 682 0 0 0 0 0 339 0
14249 14249 610 682 610 682 0 1 0 0 7570 32 0
14249 14253 610 682 610 682 1 1 0 0 0 4 0
14253 14253 610 682 610 682 1 0 0 0 -7570 32 0
14253 14995 610 682 610 682 0 0 0 0 0 742 0
14995 14995 610 682 610 682 0 1 0 0 22601 32 0
14995 14996 610 682 610 682 1 1 0 0 0 1 0
14996 14996 610 682 610 682 1 0 0 0 -22601 32 0
14996 17428 610 682 610 682 0 0 0 0 0 2432 0
17428 17428 610 682 610 682 0 1 0 0 41678 32 0
17428 17429 610 682 610 682 1 1 0 0 0 1 0
17429 17429 610 682 610 682 1 0 0 0 -41678 32 0
17429 18511 610 682 610 682 0 0 0 0 0 1082 0
18511 18511 610 682 610 682 0 1 0 0 42185 32 0
18511 18514 610 682 610 682 1 1 0 0 0 3 0
18514 18514 610 682 610 682 1 0 0 0 -42185 32 0
18514 20131 610 682 610 682 0 0 0 0 0 1617 0
20131 20131 610 682 610 682 0 1 0 0 42948 32 0
20131 20133 610 682 610 682 1 1 0 0 0 2 0
20133 20133 610 682 610 682 1 0 0 0 -42948 32 0
20133 21185 610 682 610 682 0 0 0 0 0 1052 0
21185 21185 610 682 610 682 0 1 0 0 43493 32 0
21185 21186 610 682 610 682 1 1 0 0 0 1 0
21186 21186 610 682 610 682 1 0 0 0 -43493 32 0
21186 21465 610 682 610 682 0 0 0 0 0 279 0
21465 21465 610 682 610 682 0 1 0 0 43631 32 0
21465 21466 610 682 610 682 1 1 0 0 0 1 0
21466 21466 610 682 610 682 1 0 0 0 -43631 32 0
21466 23818 610 682 610 682 0 0 0 0 0 2352 0
23818 23818 610 682 610 682 0 1 0 0 44884 32 0
23818 23819 610 682 610 682 1 1 0 0 0 1 0
23819 23819 610 682 610 682 1 0 0 0 -44884 32 0
23819 24981 610 682 610 682 0 0 0 0 0 1162 0
24981 24981 610 682 610 682 0 1 0 0 45555 32 0
24981 24983 610 682 610 682 1 1 0 0 0 2 0
24983 24983 610 682 610 682 1 0 0 0 -45555 32 0
24983 26109 610 682 610 682 0 0 0 0 0 1126 0
26109 26109 610 682 610 682 0 1 0 0 11825 32 0
26109 26114 610 682 610 682 1 1 0 0 0 5 0
26114 26114 610 682 610 682 1 0 0 0 -11825 32 0
26114 26611 610 682 610 682 0 0 0 0 0 497 0
26611 26611 610 682 610 682 0 1 0 0 28053 32 0
26611 26612 610 682 610 682 1 1 0 0 0 1 0
26612 26612 610 682 610 682 1 0 0 0 -28053 32 0
26612 31927 610 682 610 682 0 0 0 0 0 5315 0
31927 31927 610 682 610 682 0 1 0 0 49511 32 0
31927 31929 610 682 610 682 1 1 0 0 0 2 0
31929 31929 610 682 610 682 1 0 0 0 -49511 32 0
31929 32287 610 682 610 682 0 0 0 0 0 358 0
32287 32287 610 682 610 682 0 1 0 0 30895 32 0
32287 32288 610 682 610 682 1 1 0 0 0 1 0
32288 32288 610 682 610 682 1 0 0 0 -30895 32 0
32288 34849 610 682 610 682 0 0 0 0 0 2561 0
34849 34849 610 682 610 682 0 1 0 0 32061 32 0
34849 34853 610 682 610 682 1 1 0 0 0 4 0
34853 34853 610 682 610 682 1 0 0 0 -32061 32 0
34853 40419 610 682 610 682 0 0 0 0 0 5566 0
40419 40419 610 682 610 682 0 1 0 0 34230 32 0
40419 40420 610 682 610 682 1 1 0 0 0 1 0
40420 40420 610 682 610 682 1 0 0 0 -34230 32 0
40420 41084 610 682 610 682 0 0 0 0 0 664 0
41084 41084 610 682 610 682 0 1 0 0 34447 32 0
41084 41086 610 682 610 682 1 1 0 0 0 2 0
41086 41086 610 682 610 682 1 0 0 0 -34447 32 0
41086 43267 610 682 610 682 0 0 0 0 0 2181 0
43267 43267 610 682 610 682 0 0 0 0 1000000000 0 0
--------------------------------------
--------------------------------------
EV2
--------------------------------------
Num TPs served = 13
TPs served = 1971 2029 3118 3185 3264 3553 4655 4905 5210 5511 5577 7730 38693
Total energy used = 100
--------------------------------------
Schedule:
0 3468 610 682 610 682 0 0 100 100 0 3468 0
3468 3468 610 682 610 682 0 1 100 100 1971 32 0
3468 3471 610 682 613 682 1 0 100 97 -1971 32 3
3471 3563 613 682 613 682 0 0 97 97 0 92 0
3563 3566 613 682 610 682 0 1 97 94 2029 32 3
3566 3577 610 682 619 684 1 0 94 83 -2029 32 11
3577 5542 619 684 619 684 0 0 83 83 0 1965 0
5542 5553 619 684 610 682 0 1 83 72 3118 32 11
5553 5554 610 682 610 682 1 1 72 72 0 1 0
5554 5557 610 682 611 684 1 0 72 69 -3118 32 3
5557 5680 611 684 611 684 0 0 69 69 0 123 0
5680 5683 611 684 610 682 0 1 69 66 3185 32 3
5683 5690 610 682 617 682 1 0 66 59 -3185 32 7
5690 5813 617 682 617 682 0 0 59 59 0 123 0
5813 5820 617 682 610 682 0 1 59 52 3264 32 7
5820 5822 610 682 610 682 1 1 52 52 0 2 0
5822 5824 610 682 612 682 1 0 52 50 -3264 32 2
5824 6347 612 682 612 682 0 0 50 50 0 523 0
6347 6349 612 682 610 682 0 1 50 48 3553 32 2
6349 6351 610 682 612 682 1 0 48 46 -3553 32 2
6351 8421 612 682 612 682 0 0 46 46 0 2070 0
8421 8423 612 682 610 682 0 1 46 44 4655 32 2
8423 8427 610 682 610 682 1 1 44 44 0 4 0
8427 8431 610 682 614 682 1 0 44 40 -4655 32 4
8431 8911 614 682 614 682 0 0 40 40 0 480 0
8911 8915 614 682 610 682 0 1 40 36 4905 32 4
8915 8916 610 682 611 682 1 0 36 35 -4905 32 1
8916 9455 611 682 611 682 0 0 35 35 0 539 0
9455 9456 611 682 610 682 0 1 35 34 5210 32 1
9456 9458 610 682 611 683 1 0 34 32 -5210 32 2
9458 10011 611 683 611 683 0 0 32 32 0 553 0
10011 10013 611 683 610 682 0 1 32 30 5511 32 2
10013 10015 610 682 610 682 1 1 30 30 0 2 0
10015 10021 610 682 614 684 1 0 30 24 -5511 32 6
10021 10135 614 684 614 684 0 0 24 24 0 114 0
10135 10141 614 684 610 682 0 1 24 18 38693 32 6
10141 10168 610 682 610 682 1 1 18 18 0 27 0
10168 10168 610 682 610 682 1 2 18 18 5577 32 0
10168 10170 610 682 611 683 2 1 18 16 -38693 9 2
10170 10179 611 683 611 683 1 1 16 16 0 9 0
10179 10185 611 683 612 688 1 0 16 10 -5577 32 6
10185 14601 612 688 612 688 0 0 10 10 0 4416 0
14601 14609 612 688 610 682 0 1 10 2 7730 32 8
14609 14610 610 682 610 682 1 1 2 2 0 1 0
14610 14611 610 682 610 683 1 0 2 1 -7730 32 1
14611 43266 610 683 610 683 0 0 1 1 0 28655 0
43266 43267 610 683 610 682 0 0 1 0 1000000000 0 1
--------------------------------------
--------------------------------------
EV3
--------------------------------------
Num TPs served = 22
TPs served = 7104 8550 8630 8866 9096 9128 9720 9803 10442 10503 10685 10994 11038 11042 11220 11527 11742 11792 12155 12686 23824 25876
Total energy used = 100
--------------------------------------
Schedule:
0 13246 610 682 610 682 0 0 100 100 0 13246 0
13246 13246 610 682 610 682 0 1 100 100 7104 32 0
13246 13249 610 682 613 682 1 0 100 97 -7104 32 3
13249 16502 613 682 613 682 0 0 97 97 0 3253 0
16502 16505 613 682 610 682 0 1 97 94 8550 32 3
16505 16507 610 682 611 683 1 0 94 92 -8550 32 2
16507 16685 611 683 611 683 0 0 92 92 0 178 0
16685 16687 611 683 610 682 0 1 92 90 8630 32 2
16687 16689 610 682 610 682 1 1 90 90 0 2 0
16689 16693 610 682 613 683 1 0 90 86 -8630 32 4
16693 17294 613 683 613 683 0 0 86 86 0 601 0
17294 17298 613 683 610 682 0 1 86 82 8866 32 4
17298 17300 610 682 610 682 1 1 82 82 0 2 0
17300 17301 610 682 610 683 1 0 82 81 -8866 32 1
17301 17901 610 683 610 683 0 0 81 81 0 600 0
17901 17902 610 683 610 682 0 1 81 80 23824 32 1
17902 17902 610 682 610 682 1 2 80 80 9096 14 0
17902 17903 610 682 610 682 2 2 80 80 0 1 0
17903 17904 610 682 611 682 2 1 80 79 -23824 32 1
17904 17904 611 682 611 682 1 0 79 79 -9096 13 0
17904 17956 611 682 611 682 0 0 79 79 0 52 0
17956 17957 611 682 610 682 0 1 79 78 9128 32 1
17957 17959 610 682 610 684 1 0 78 76 -9128 32 2
17959 19618 610 684 610 684 0 0 76 76 0 1659 0
19618 19620 610 684 610 682 0 1 76 74 9720 32 2
19620 19623 610 682 611 684 1 0 74 71 -9720 32 3
19623 19914 611 684 611 684 0 0 71 71 0 291 0
19914 19917 611 684 610 682 0 1 71 68 9803 32 3
19917 19918 610 682 610 682 1 1 68 68 0 1 0
19918 19920 610 682 612 682 1 0 68 66 -9803 32 2
19920 21673 612 682 612 682 0 0 66 66 0 1753 0
21673 21675 612 682 610 682 0 1 66 64 10442 32 2
21675 21678 610 682 610 682 1 1 64 64 0 3 0
21678 21682 610 682 613 683 1 0 64 60 -10442 32 4
21682 21841 613 683 613 683 0 0 60 60 0 159 0
21841 21845 613 683 610 682 0 1 60 56 10503 32 4
21845 21848 610 682 610 682 1 1 56 56 0 3 0
21848 21857 610 682 619 682 1 0 56 47 -10503 32 9
21857 22342 619 682 619 682 0 0 47 47 0 485 0
22342 22351 619 682 610 682 0 1 47 38 10685 32 9
22351 22383 610 682 610 682 1 1 38 38 0 32 0
22383 22383 610 682 610 682 1 2 38 38 25876 32 0
22383 22385 610 682 612 682 2 1 38 36 -25876 32 2
22385 22386 612 682 613 682 1 0 36 35 -10685 0 1
22386 23348 613 682 613 682 0 0 35 35 0 962 0
23348 23351 613 682 610 682 0 1 35 32 10994 32 3
23351 23352 610 682 610 682 1 1 32 32 0 1 0
23352 23353 610 682 610 683 1 0 32 31 -10994 32 1
23353 23485 610 683 610 683 0 0 31 31 0 132 0
23485 23486 610 683 610 682 0 1 31 30 11042 32 1
23486 23486 610 682 610 682 1 2 30 30 11038 23 0
23486 23491 610 682 610 682 2 2 30 30 0 5 0
23491 23495 610 682 614 682 2 1 30 26 -11042 32 4
23495 23499 614 682 611 683 1 0 26 22 -11038 12 4
23499 24003 611 683 611 683 0 0 22 22 0 504 0
24003 24005 611 683 610 682 0 1 22 20 11220 32 2
24005 24009 610 682 610 682 1 1 20 20 0 4 0
24009 24010 610 682 611 682 1 0 20 19 -11220 32 1
24010 25073 611 682 611 682 0 0 19 19 0 1063 0
25073 25074 611 682 610 682 0 1 19 18 11527 32 1
25074 25075 610 682 611 682 1 0 18 17 -11527 32 1
25075 25814 611 682 611 682 0 0 17 17 0 739 0
25814 25815 611 682 610 682 0 1 17 16 11742 32 1
25815 25817 610 682 612 682 1 0 16 14 -11742 32 2
25817 25986 612 682 612 682 0 0 14 14 0 169 0
25986 25988 612 682 610 682 0 1 14 12 11792 32 2
25988 25989 610 682 611 682 1 0 12 11 -11792 32 1
25989 27235 611 682 611 682 0 0 11 11 0 1246 0
27235 27236 611 682 610 682 0 1 11 10 12155 32 1
27236 27239 610 682 610 685 1 0 10 7 -12155 32 3
27239 29154 610 685 610 685 0 0 7 7 0 1915 0
29154 29157 610 685 610 682 0 1 7 4 12686 32 3
29157 29159 610 682 612 682 1 0 4 2 -12686 32 2
29159 43265 612 682 612 682 0 0 2 2 0 14106 0
43265 43267 612 682 610 682 0 0 2 0 1000000000 0 2
--------------------------------------
--------------------------------------
EV4
--------------------------------------
Num TPs served = 22
TPs served = 12174 13305 13345 13594 14444 14499 15306 17431 17838 18060 18086 18387 18935 19464 19545 19565 19575 19875 20265 20590 21599 30992
Total energy used = 100
--------------------------------------
Schedule:
0 1338 610 682 610 682 0 0 100 100 0 1338 0
1338 1338 610 682 610 682 0 1 100 100 17838 32 0
1338 1339 610 682 610 682 1 1 100 100 0 1 0
1339 1340 610 682 611 682 1 0 100 99 -17838 32 1
1340 1995 611 682 611 682 0 0 99 99 0 655 0
1995 1996 611 682 610 682 0 1 99 98 18060 32 1
1996 1999 610 682 612 683 1 0 98 95 -18060 32 3
1999 2065 612 683 612 683 0 0 95 95 0 66 0
2065 2068 612 683 610 682 0 1 95 92 18086 32 3
2068 2072 610 682 612 684 1 0 92 88 -18086 32 4
2072 3039 612 684 612 684 0 0 88 88 0 967 0
3039 3043 612 684 610 682 0 1 88 84 18387 32 4
3043 3046 610 682 610 685 1 0 84 81 -18387 32 3
3046 4791 610 685 610 685 0 0 81 81 0 1745 0
4791 4794 610 685 610 682 0 1 81 78 18935 32 3
4794 4795 610 682 610 682 1 1 78 78 0 1 0
4795 4796 610 682 611 682 1 0 78 77 -18935 32 1
4796 6441 611 682 611 682 0 0 77 77 0 1645 0
6441 6442 611 682 610 682 0 1 77 76 19464 32 1
6442 6443 610 682 611 682 1 0 76 75 -19464 32 1
6443 6700 611 682 611 682 0 0 75 75 0 257 0
6700 6701 611 682 610 682 0 1 75 74 19545 32 1
6701 6703 610 682 610 682 1 1 74 74 0 2 0
6703 6710 610 682 613 686 1 0 74 67 -19545 32 7
6710 6764 613 686 613 686 0 0 67 67 0 54 0
6764 6771 613 686 610 682 0 1 67 60 19565 32 7
6771 6798 610 682 610 682 1 1 60 60 0 27 0
6798 6798 610 682 610 682 1 2 60 60 19575 32 0
6798 6799 610 682 610 682 2 2 60 60 0 1 0
6799 6802 610 682 613 682 2 1 60 57 -19575 32 3
6802 6803 613 682 612 682 1 0 57 56 -19565 2 1
6803 7665 612 682 612 682 0 0 56 56 0 862 0
7665 7667 612 682 610 682 0 1 56 54 19875 32 2
7667 7668 610 682 611 682 1 0 54 53 -19875 32 1
7668 8800 611 682 611 682 0 0 53 53 0 1132 0
8800 8801 611 682 610 682 0 1 53 52 20265 32 1
8801 8802 610 682 610 682 1 1 52 52 0 1 0
8802 8803 610 682 611 682 1 0 52 51 -20265 32 1
8803 9678 611 682 611 682 0 0 51 51 0 875 0
9678 9679 611 682 610 682 0 1 51 50 20590 32 1
9679 9680 610 682 610 682 1 1 50 50 0 1 0
9680 9682 610 682 610 684 1 0 50 48 -20590 32 2
9682 12382 610 684 610 684 0 0 48 48 0 2700 0
12382 12384 610 684 610 682 0 1 48 46 21599 32 2
12384 12385 610 682 610 682 1 1 46 46 0 1 0
12385 12386 610 682 611 682 1 0 46 45 -21599 32 1
12386 27285 611 682 611 682 0 0 45 45 0 14899 0
27285 27286 611 682 610 682 0 1 45 44 12174 32 1
27286 27288 610 682 610 682 1 1 44 44 0 2 0
27288 27291 610 682 613 682 1 0 44 41 -12174 32 3
27291 31343 613 682 613 682 0 0 41 41 0 4052 0
31343 31346 613 682 610 682 0 1 41 38 13305 32 3
31346 31347 610 682 611 682 1 0 38 37 -13305 32 1
31347 31468 611 682 611 682 0 0 37 37 0 121 0
31468 31469 611 682 610 682 0 1 37 36 13345 32 1
31469 31471 610 682 612 682 1 0 36 34 -13345 32 2
31471 32475 612 682 612 682 0 0 34 34 0 1004 0
32475 32477 612 682 610 682 0 1 34 32 30992 32 2
32477 32479 610 682 610 682 1 1 32 32 0 2 0
32479 32479 610 682 610 682 1 2 32 32 13594 32 0
32479 32480 610 682 610 683 2 1 32 31 -30992 31 1
32480 32482 610 683 610 683 1 1 31 31 0 2 0
32482 32485 610 683 612 684 1 0 31 28 -13594 32 3
32485 35664 612 684 612 684 0 0 28 28 0 3179 0
35664 35668 612 684 610 682 0 1 28 24 14444 32 4
35668 35671 610 682 613 682 1 0 24 21 -14444 32 3
35671 35837 613 682 613 682 0 0 21 21 0 166 0
35837 35840 613 682 610 682 0 1 21 18 14499 32 3
35840 35841 610 682 611 682 1 0 18 17 -14499 32 1
35841 39024 611 682 611 682 0 0 17 17 0 3183 0
39024 39025 611 682 610 682 0 1 17 16 15306 32 1
39025 39026 610 682 610 682 1 1 16 16 0 1 0
39026 39032 610 682 613 685 1 0 16 10 -15306 32 6
39032 43210 613 685 613 685 0 0 10 10 0 4178 0
43210 43216 613 685 610 682 0 1 10 4 17431 32 6
43216 43218 610 682 610 682 1 1 4 4 0 2 0
43218 43220 610 682 612 682 1 0 4 2 -17431 32 2
43220 43265 612 682 612 682 0 0 2 2 0 45 0
43265 43267 612 682 610 682 0 0 2 0 1000000000 0 2
--------------------------------------
--------------------------------------
EV5
--------------------------------------
Num TPs served = 7
TPs served = 20795 21725 21970 22124 22207 22503 23135
Total energy used = 100
--------------------------------------
Schedule:
0 10223 610 682 610 682 0 0 100 100 0 10223 0
10223 10223 610 682 610 682 0 1 100 100 20795 32 0
10223 10229 610 682 615 683 1 0 100 94 -20795 32 6
10229 12748 615 683 615 683 0 0 94 94 0 2519 0
12748 12754 615 683 610 682 0 1 94 88 21725 32 6
12754 12756 610 682 611 683 1 0 88 86 -21725 32 2
12756 13386 611 683 611 683 0 0 86 86 0 630 0
13386 13388 611 683 610 682 0 1 86 84 21970 32 2
13388 13390 610 682 610 682 1 1 84 84 0 2 0
13390 13395 610 682 615 682 1 0 84 79 -21970 32 5
13395 13783 615 682 615 682 0 0 79 79 0 388 0
13783 13788 615 682 610 682 0 1 79 74 22124 32 5
13788 13789 610 682 610 682 1 1 74 74 0 1 0
13789 13794 610 682 612 685 1 0 74 69 -22124 32 5
13794 13990 612 685 612 685 0 0 69 69 0 196 0
13990 13995 612 685 610 682 0 1 69 64 22207 32 5
13995 13996 610 682 610 682 1 1 64 64 0 1 0
13996 14006 610 682 616 686 1 0 64 54 -22207 32 10
14006 14729 616 686 616 686 0 0 54 54 0 723 0
14729 14739 616 686 610 682 0 1 54 44 22503 32 10
14739 14740 610 682 610 682 1 1 44 44 0 1 0
14740 14761 610 682 631 682 1 0 44 23 -22503 32 21
14761 16293 631 682 631 682 0 0 23 23 0 1532 0
16293 16314 631 682 610 682 0 1 23 2 23135 32 21
16314 16315 610 682 610 682 1 1 2 2 0 1 0
16315 16316 610 682 611 682 1 0 2 1 -23135 32 1
16316 43266 611 682 611 682 0 0 1 1 0 26950 0
43266 43267 611 682 610 682 0 0 1 0 1000000000 0 1
--------------------------------------
--------------------------------------
EV6
--------------------------------------
Num TPs served = 21
TPs served = 22646 22799 23532 23660 23818 23956 24000 24757 25168 25326 25981 26156 26235 27059 27098 27406 27443 27455 27858 40837 44249
Total energy used = 100
--------------------------------------
Schedule:
0 15122 610 682 610 682 0 0 100 100 0 15122 0
15122 15122 610 682 610 682 0 1 100 100 22646 32 0
15122 15126 610 682 614 682 1 0 100 96 -22646 32 4
15126 15517 614 682 614 682 0 0 96 96 0 391 0
15517 15521 614 682 610 682 0 1 96 92 40837 32 4
15521 15521 610 682 610 682 1 2 92 92 22799 5 0
15521 15525 610 682 614 682 2 1 92 88 -40837 32 4
15525 15525 614 682 614 682 1 0 88 88 -22799 5 0
15525 17240 614 682 614 682 0 0 88 88 0 1715 0
17240 17244 614 682 610 682 0 1 88 84 23532 32 4
17244 17245 610 682 610 682 1 1 84 84 0 1 0
17245 17246 610 682 611 682 1 0 84 83 -23532 32 1
17246 17538 611 682 611 682 0 0 83 83 0 292 0
17538 17539 611 682 610 682 0 1 83 82 23660 32 1
17539 17540 610 682 610 682 1 1 82 82 0 1 0
17540 17541 610 682 611 682 1 0 82 81 -23660 32 1
17541 17889 611 682 611 682 0 0 81 81 0 348 0
17889 17890 611 682 610 682 0 1 81 80 23818 32 1
17890 17892 610 682 612 682 1 0 80 78 -23818 32 2
17892 18189 612 682 612 682 0 0 78 78 0 297 0
18189 18191 612 682 610 682 0 1 78 76 23956 32 2
18191 18192 610 682 611 682 1 0 76 75 -23956 32 1
18192 18293 611 682 611 682 0 0 75 75 0 101 0
18293 18294 611 682 610 682 0 1 75 74 24000 32 1
18294 18297 610 682 612 683 1 0 74 71 -24000 32 3
18297 19963 612 683 612 683 0 0 71 71 0 1666 0
19963 19966 612 683 610 682 0 1 71 68 24757 32 3
19966 19971 610 682 610 682 1 1 68 68 0 5 0
19971 19984 610 682 623 682 1 0 68 55 -24757 32 13
19984 20856 623 682 623 682 0 0 55 55 0 872 0
20856 20869 623 682 610 682 0 1 55 42 25168 32 13
20869 20872 610 682 612 683 1 0 42 39 -25168 32 3
20872 21212 612 683 612 683 0 0 39 39 0 340 0
21212 21215 612 683 610 682 0 1 39 36 25326 32 3
21215 21216 610 682 611 682 1 0 36 35 -25326 32 1
21216 22642 611 682 611 682 0 0 35 35 0 1426 0
22642 22643 611 682 610 682 0 1 35 34 44249 32 1
22643 22643 610 682 610 682 1 2 34 34 25981 1 0
22643 22645 610 682 612 682 2 1 34 32 -25981 1 2
22645 22646 612 682 611 682 1 0 32 31 -44249 32 1
22646 22956 611 682 611 682 0 0 31 31 0 310 0
22956 22957 611 682 610 682 0 1 31 30 26156 32 1
22957 22958 610 682 610 682 1 1 30 30 0 1 0
22958 22962 610 682 612 684 1 0 30 26 -26156 32 4
22962 23135 612 684 612 684 0 0 26 26 0 173 0
23135 23139 612 684 610 682 0 1 26 22 26235 32 4
23139 23140 610 682 611 682 1 0 22 21 -26235 32 1
23140 24767 611 682 611 682 0 0 21 21 0 1627 0
24767 24768 611 682 610 682 0 1 21 20 27059 32 1
24768 24769 610 682 611 682 1 0 20 19 -27059 32 1
24769 24828 611 682 611 682 0 0 19 19 0 59 0
24828 24829 611 682 610 682 0 1 19 18 27098 32 1
24829 24831 610 682 612 682 1 0 18 16 -27098 32 2
24831 25396 612 682 612 682 0 0 16 16 0 565 0
25396 25398 612 682 610 682 0 1 16 14 27406 32 2
25398 25399 610 682 610 682 1 1 14 14 0 1 0
25399 25402 610 682 610 685 1 0 14 11 -27406 32 3
25402 25485 610 685 610 685 0 0 11 11 0 83 0
25485 25488 610 685 610 682 0 1 11 8 27455 32 3
25488 25488 610 682 610 682 1 2 8 8 27443 14 0
25488 25489 610 682 610 682 2 2 8 8 0 1 0
25489 25491 610 682 612 682 2 1 8 6 -27455 32 2
25491 25492 612 682 611 682 1 0 6 5 -27443 11 1
25492 26241 611 682 611 682 0 0 5 5 0 749 0
26241 26242 611 682 610 682 0 1 5 4 27858 32 1
26242 26244 610 682 611 683 1 0 4 2 -27858 32 2
26244 43265 611 683 611 683 0 0 2 2 0 17021 0
43265 43267 611 683 610 682 0 0 2 0 1000000000 0 2
--------------------------------------
--------------------------------------
EV7
--------------------------------------
Num TPs served = 18
TPs served = 27561 28170 28238 28331 28429 28481 28503 28774 29204 29596 29881 30960 31012 31451 31532 31585 31631 32813
Total energy used = 100
--------------------------------------
Schedule:
0 25677 610 682 610 682 0 0 100 100 0 25677 0
25677 25677 610 682 610 682 0 1 100 100 27561 32 0
25677 25678 610 682 610 682 1 1 100 100 0 1 0
25678 25682 610 682 614 682 1 0 100 96 -27561 32 4
25682 26840 614 682 614 682 0 0 96 96 0 1158 0
26840 26844 614 682 610 682 0 1 96 92 28170 32 4
26844 26848 610 682 610 686 1 0 92 88 -28170 32 4
26848 26972 610 686 610 686 0 0 88 88 0 124 0
26972 26976 610 686 610 682 0 1 88 84 28238 32 4
26976 26978 610 682 611 683 1 0 84 82 -28238 32 2
26978 27163 611 683 611 683 0 0 82 82 0 185 0
27163 27165 611 683 610 682 0 1 82 80 28331 32 2
27165 27167 610 682 610 682 1 1 80 80 0 2 0
27167 27169 610 682 612 682 1 0 80 78 -28331 32 2
27169 27348 612 682 612 682 0 0 78 78 0 179 0
27348 27350 612 682 610 682 0 1 78 76 28429 32 2
27350 27352 610 682 610 684 1 0 76 74 -28429 32 2
27352 27448 610 684 610 684 0 0 74 74 0 96 0
27448 27450 610 684 610 682 0 1 74 72 28481 32 2
27450 27457 610 682 617 682 1 0 72 65 -28481 32 7
27457 27491 617 682 617 682 0 0 65 65 0 34 0
27491 27498 617 682 610 682 0 1 65 58 28503 32 7
27498 27499 610 682 610 683 1 0 58 57 -28503 32 1
27499 28009 610 683 610 683 0 0 57 57 0 510 0
28009 28010 610 683 610 682 0 1 57 56 28774 32 1
28010 28014 610 682 612 684 1 0 56 52 -28774 32 4
28014 28901 612 684 612 684 0 0 52 52 0 887 0
28901 28905 612 684 610 682 0 1 52 48 29204 32 4
28905 28907 610 682 610 684 1 0 48 46 -29204 32 2
28907 29693 610 684 610 684 0 0 46 46 0 786 0
29693 29695 610 684 610 682 0 1 46 44 29596 32 2
29695 29697 610 682 611 683 1 0 44 42 -29596 32 2
29697 30243 611 683 611 683 0 0 42 42 0 546 0
30243 30245 611 683 610 682 0 1 42 40 29881 32 2
30245 30247 610 682 611 683 1 0 40 38 -29881 32 2
30247 32409 611 683 611 683 0 0 38 38 0 2162 0
32409 32411 611 683 610 682 0 1 38 36 30960 32 2
32411 32417 610 682 614 684 1 0 36 30 -30960 32 6
32417 32511 614 684 614 684 0 0 30 30 0 94 0
32511 32517 614 684 610 682 0 1 30 24 31012 32 6
32517 32519 610 682 610 682 1 1 24 24 0 2 0
32519 32522 610 682 610 685 1 0 24 21 -31012 32 3
32522 33492 610 685 610 685 0 0 21 21 0 970 0
33492 33495 610 685 610 682 0 1 21 18 31451 32 3
33495 33497 610 682 610 682 1 1 18 18 0 2 0
33497 33500 610 682 611 684 1 0 18 15 -31451 32 3
33500 33681 611 684 611 684 0 0 15 15 0 181 0
33681 33684 611 684 610 682 0 1 15 12 31532 32 3
33684 33685 610 682 610 682 1 1 12 12 0 1 0
33685 33686 610 682 610 683 1 0 12 11 -31532 32 1
33686 33800 610 683 610 683 0 0 11 11 0 114 0
33800 33801 610 683 610 682 0 1 11 10 31585 32 1
33801 33804 610 682 613 682 1 0 10 7 -31585 32 3
33804 33889 613 682 613 682 0 0 7 7 0 85 0
33889 33892 613 682 610 682 0 1 7 4 31631 32 3
33892 33893 610 682 611 682 1 0 4 3 -31631 32 1
33893 36666 611 682 611 682 0 0 3 3 0 2773 0
36666 36667 611 682 610 682 0 1 3 2 32813 32 1
36667 36668 610 682 610 682 1 1 2 2 0 1 0
36668 36669 610 682 611 682 1 0 2 1 -32813 32 1
36669 43266 611 682 611 682 0 0 1 1 0 6597 0
43266 43267 611 682 610 682 0 0 1 0 1000000000 0 1
--------------------------------------
--------------------------------------
EV8
--------------------------------------
Num TPs served = 13
TPs served = 32194 32372 32563 32932 32970 33679 33780 34163 34170 34251 34697 35624 36875
Total energy used = 100
--------------------------------------
Schedule:
0 1423 610 682 610 682 0 0 100 100 0 1423 0
1423 1423 610 682 610 682 0 1 100 100 35624 32 0
1423 1429 610 682 615 683 1 0 100 94 -35624 32 6
1429 5078 615 683 615 683 0 0 94 94 0 3649 0
5078 5084 615 683 610 682 0 1 94 88 36875 32 6
5084 5085 610 682 610 683 1 0 88 87 -36875 32 1
5085 35185 610 683 610 683 0 0 87 87 0 30100 0
35185 35186 610 683 610 682 0 1 87 86 32194 32 1
35186 35190 610 682 614 682 1 0 86 82 -32194 32 4
35190 35618 614 682 614 682 0 0 82 82 0 428 0
35618 35622 614 682 610 682 0 1 82 78 32372 32 4
35622 35625 610 682 610 682 1 1 78 78 0 3 0
35625 35630 610 682 614 683 1 0 78 73 -32372 32 5
35630 36062 614 683 614 683 0 0 73 73 0 432 0
36062 36067 614 683 610 682 0 1 73 68 32563 32 5
36067 36074 610 682 616 683 1 0 68 61 -32563 32 7
36074 36990 616 683 616 683 0 0 61 61 0 916 0
36990 36997 616 683 610 682 0 1 61 54 32932 32 7
36997 37002 610 682 615 682 1 0 54 49 -32932 32 5
37002 37104 615 682 615 682 0 0 49 49 0 102 0
37104 37109 615 682 610 682 0 1 49 44 32970 32 5
37109 37111 610 682 611 683 1 0 44 42 -32970 32 2
37111 38933 611 683 611 683 0 0 42 42 0 1822 0
38933 38935 611 683 610 682 0 1 42 40 33679 32 2
38935 38937 610 682 611 683 1 0 40 38 -33679 32 2
38937 39216 611 683 611 683 0 0 38 38 0 279 0
39216 39218 611 683 610 682 0 1 38 36 33780 32 2
39218 39219 610 682 610 682 1 1 36 36 0 1 0
39219 39220 610 682 610 683 1 0 36 35 -33780 32 1
39220 40264 610 683 610 683 0 0 35 35 0 1044 0
40264 40265 610 683 610 682 0 1 35 34 34170 32 1
40265 40265 610 682 610 682 1 2 34 34 34163 16 0
40265 40267 610 682 612 682 2 1 34 32 -34170 32 2
40267 40267 612 682 612 682 1 0 32 32 -34163 16 0
40267 40472 612 682 612 682 0 0 32 32 0 205 0
40472 40474 612 682 610 682 0 1 32 30 34251 32 2
40474 40475 610 682 610 682 1 1 30 30 0 1 0
40475 40489 610 682 621 685 1 0 30 16 -34251 32 14
40489 41813 621 685 621 685 0 0 16 16 0 1324 0
41813 41827 621 685 610 682 0 1 16 2 34697 32 14
41827 41828 610 682 610 683 1 0 2 1 -34697 32 1
41828 43266 610 683 610 683 0 0 1 1 0 1438 0
43266 43267 610 683 610 682 0 0 1 0 1000000000 0 1
--------------------------------------
--------------------------------------
EV9
--------------------------------------
Num TPs served = 14
TPs served = 35638 36636 36932 37068 37247 37819 38420 39035 39141 39396 39639 39711 39811 40149
Total energy used = 100
--------------------------------------
Schedule:
0 1463 610 682 610 682 0 0 100 100 0 1463 0
1463 1463 610 682 610 682 0 1 100 100 35638 32 0
1463 1466 610 682 611 684 1 0 100 97 -35638 32 3
1466 4378 611 684 611 684 0 0 97 97 0 2912 0
4378 4381 611 684 610 682 0 1 97 94 36636 32 3
4381 4383 610 682 612 682 1 0 94 92 -36636 32 2
4383 5252 612 682 612 682 0 0 92 92 0 869 0
5252 5254 612 682 610 682 0 1 92 90 36932 32 2
5254 5255 610 682 610 682 1 1 90 90 0 1 0
5255 5256 610 682 611 682 1 0 90 89 -36932 32 1
5256 5620 611 682 611 682 0 0 89 89 0 364 0
5620 5621 611 682 610 682 0 1 89 88 37068 32 1
5621 5624 610 682 610 685 1 0 88 85 -37068 32 3
5624 6183 610 685 610 685 0 0 85 85 0 559 0
6183 6186 610 685 610 682 0 1 85 82 37247 32 3
6186 6187 610 682 611 682 1 0 82 81 -37247 32 1
6187 7780 611 682 611 682 0 0 81 81 0 1593 0
7780 7781 611 682 610 682 0 1 81 80 37819 32 1
7781 7783 610 682 610 682 1 1 80 80 0 2 0
7783 7785 610 682 612 682 1 0 80 78 -37819 32 2
7785 9424 612 682 612 682 0 0 78 78 0 1639 0
9424 9426 612 682 610 682 0 1 78 76 38420 32 2
9426 9431 610 682 610 687 1 0 76 71 -38420 32 5
9431 10929 610 687 610 687 0 0 71 71 0 1498 0
10929 10934 610 687 610 682 0 1 71 66 39035 32 5
10934 10941 610 682 610 689 1 0 66 59 -39035 32 7
10941 11164 610 689 610 689 0 0 59 59 0 223 0
11164 11171 610 689 610 682 0 1 59 52 39141 32 7
11171 11173 610 682 610 682 1 1 52 52 0 2 0
11173 11191 610 682 626 684 1 0 52 34 -39141 32 18
11191 11796 626 684 626 684 0 0 34 34 0 605 0
11796 11814 626 684 610 682 0 1 34 16 39396 32 18
11814 11815 610 682 611 682 1 0 16 15 -39396 32 1
11815 12460 611 682 611 682 0 0 15 15 0 645 0
12460 12461 611 682 610 682 0 1 15 14 39639 32 1
12461 12465 610 682 614 682 1 0 14 10 -39639 32 4
12465 12626 614 682 614 682 0 0 10 10 0 161 0
12626 12630 614 682 610 682 0 1 10 6 39711 32 4
12630 12631 610 682 611 682 1 0 6 5 -39711 32 1
12631 12886 611 682 611 682 0 0 5 5 0 255 0
12886 12887 611 682 610 682 0 1 5 4 39811 32 1
12887 12888 610 682 611 682 1 0 4 3 -39811 32 1
12888 13862 611 682 611 682 0 0 3 3 0 974 0
13862 13863 611 682 610 682 0 1 3 2 40149 32 1
13863 13864 610 682 610 682 1 1 2 2 0 1 0
13864 13865 610 682 611 682 1 0 2 1 -40149 32 1
13865 43266 611 682 611 682 0 0 1 1 0 29401 0
43266 43267 611 682 610 682 0 0 1 0 1000000000 0 1
--------------------------------------
--------------------------------------
EV10
--------------------------------------
Num TPs served = 17
TPs served = 39306 40539 40682 41114 41426 41542 41597 41646 41726 42302 42557 42635 42852 42992 43527 43704 44385
Total energy used = 100
--------------------------------------
Schedule:
0 11571 610 682 610 682 0 0 100 100 0 11571 0
11571 11571 610 682 610 682 0 1 100 100 39306 32 0
11571 11572 610 682 610 682 1 1 100 100 0 1 0
11572 11588 610 682 626 682 1 0 100 84 -39306 32 16
11588 14775 626 682 626 682 0 0 84 84 0 3187 0
14775 14791 626 682 610 682 0 1 84 68 40539 32 16
14791 14793 610 682 612 682 1 0 68 66 -40539 32 2
14793 15154 612 682 612 682 0 0 66 66 0 361 0
15154 15156 612 682 610 682 0 1 66 64 40682 32 2
15156 15157 610 682 610 682 1 1 64 64 0 1 0
15157 15159 610 682 612 682 1 0 64 62 -40682 32 2
15159 16115 612 682 612 682 0 0 62 62 0 956 0
16115 16117 612 682 610 682 0 1 62 60 41114 32 2
16117 16118 610 682 611 682 1 0 60 59 -41114 32 1
16118 16844 611 682 611 682 0 0 59 59 0 726 0
16844 16845 611 682 610 682 0 1 59 58 41426 32 1
16845 16846 610 682 610 683 1 0 58 57 -41426 32 1
16846 17126 610 683 610 683 0 0 57 57 0 280 0
17126 17127 610 683 610 682 0 1 57 56 41542 32 1
17127 17128 610 682 610 683 1 0 56 55 -41542 32 1
17128 17240 610 683 610 683 0 0 55 55 0 112 0
17240 17241 610 683 610 682 0 1 55 54 41597 32 1
17241 17248 610 682 611 688 1 0 54 47 -41597 32 7
17248 17348 611 688 611 688 0 0 47 47 0 100 0
17348 17355 611 688 610 682 0 1 47 40 41646 32 7
17355 17358 610 682 611 684 1 0 40 37 -41646 32 3
17358 17520 611 684 611 684 0 0 37 37 0 162 0
17520 17523 611 684 610 682 0 1 37 34 41726 32 3
17523 17524 610 682 610 682 1 1 34 34 0 1 0
17524 17527 610 682 613 682 1 0 34 31 -41726 32 3
17527 18727 613 682 613 682 0 0 31 31 0 1200 0
18727 18730 613 682 610 682 0 1 31 28 42302 32 3
18730 18731 610 682 610 682 1 1 28 28 0 1 0
18731 18733 610 682 612 682 1 0 28 26 -42302 32 2
18733 19332 612 682 612 682 0 0 26 26 0 599 0
19332 19334 612 682 610 682 0 1 26 24 42557 32 2
19334 19335 610 682 610 683 1 0 24 23 -42557 32 1
19335 19505 610 683 610 683 0 0 23 23 0 170 0
19505 19506 610 683 610 682 0 1 23 22 42635 32 1
19506 19511 610 682 611 686 1 0 22 17 -42635 32 5
19511 19924 611 686 611 686 0 0 17 17 0 413 0
19924 19929 611 686 610 682 0 1 17 12 42852 32 5
19929 19931 610 682 610 682 1 1 12 12 0 2 0
19931 19932 610 682 610 683 1 0 12 11 -42852 32 1
19932 20206 610 683 610 683 0 0 11 11 0 274 0
20206 20207 610 683 610 682 0 1 11 10 42992 32 1
20207 20209 610 682 612 682 1 0 10 8 -42992 32 2
20209 21253 612 682 612 682 0 0 8 8 0 1044 0
21253 21255 612 682 610 682 0 1 8 6 43527 32 2
21255 21256 610 682 610 682 1 1 6 6 0 1 0
21256 21257 610 682 611 682 1 0 6 5 -43527 32 1
21257 21585 611 682 611 682 0 0 5 5 0 328 0
21585 21586 611 682 610 682 0 1 5 4 43704 32 1
21586 21587 610 682 610 682 1 1 4 4 0 1 0
21587 21588 610 682 611 682 1 0 4 3 -43704 32 1
21588 22908 611 682 611 682 0 0 3 3 0 1320 0
22908 22909 611 682 610 682 0 1 3 2 44385 32 1
22909 22910 610 682 611 682 1 0 2 1 -44385 32 1
22910 43266 611 682 611 682 0 0 1 1 0 20356 0
43266 43267 611 682 610 682 0 0 1 0 1000000000 0 1
--------------------------------------
--------------------------------------
EV11
--------------------------------------
Num TPs served = 17
TPs served = 43959 45570 46082 46100 46629 47348 47394 47871 48363 48403 48864 48929 48964 49182 49417 49435 49983
Total energy used = 98
--------------------------------------
Schedule:
0 22091 610 682 610 682 0 0 100 100 0 22091 0
22091 22091 610 682 610 682 0 1 100 100 43959 32 0
22091 22093 610 682 610 682 1 1 100 100 0 2 0
22093 22095 610 682 611 683 1 0 100 98 -43959 32 2
22095 25010 611 683 611 683 0 0 98 98 0 2915 0
25010 25012 611 683 610 682 0 1 98 96 45570 32 2
25012 25013 610 682 611 682 1 0 96 95 -45570 32 1
25013 25977 611 682 611 682 0 0 95 95 0 964 0
25977 25978 611 682 610 682 0 1 95 94 46100 32 1
25978 25978 610 682 610 682 1 2 94 94 46082 3 0
25978 25979 610 682 610 683 2 1 94 93 -46082 4 1
25979 25980 610 683 610 683 1 1 93 93 0 1 0
25980 25990 610 683 615 688 1 0 93 83 -46100 32 10
25990 26936 615 688 615 688 0 0 83 83 0 946 0
26936 26947 615 688 610 682 0 1 83 72 46629 32 11
26947 26950 610 682 613 682 1 0 72 69 -46629 32 3
26950 28118 613 682 613 682 0 0 69 69 0 1168 0
28118 28121 613 682 610 682 0 1 69 66 47348 32 3
28121 28122 610 682 610 683 1 0 66 65 -47348 32 1
28122 28193 610 683 610 683 0 0 65 65 0 71 0
28193 28194 610 683 610 682 0 1 65 64 47394 32 1
28194 28196 610 682 612 682 1 0 64 62 -47394 32 2
28196 28986 612 682 612 682 0 0 62 62 0 790 0
28986 28988 612 682 610 682 0 1 62 60 47871 32 2
28988 28989 610 682 610 682 1 1 60 60 0 1 0
28989 28991 610 682 611 683 1 0 60 58 -47871 32 2
28991 29893 611 683 611 683 0 0 58 58 0 902 0
29893 29895 611 683 610 682 0 1 58 56 48363 32 2
29895 29897 610 682 610 682 1 1 56 56 0 2 0
29897 29899 610 682 610 684 1 0 56 54 -48363 32 2
29899 29963 610 684 610 684 0 0 54 54 0 64 0
29963 29965 610 684 610 682 0 1 54 52 48403 32 2
29965 29967 610 682 610 684 1 0 52 50 -48403 32 2
29967 30780 610 684 610 684 0 0 50 50 0 813 0
30780 30782 610 684 610 682 0 1 50 48 48864 32 2
30782 30783 610 682 611 682 1 0 48 47 -48864 32 1
30783 30891 611 682 611 682 0 0 47 47 0 108 0
30891 30892 611 682 610 682 0 1 47 46 48929 32 1
30892 30894 610 682 612 682 1 0 46 44 -48929 32 2
30894 30956 612 682 612 682 0 0 44 44 0 62 0
30956 30958 612 682 610 682 0 1 44 42 48964 32 2
30958 30959 610 682 610 682 1 1 42 42 0 1 0
30959 30960 610 682 610 683 1 0 42 41 -48964 32 1
30960 31319 610 683 610 683 0 0 41 41 0 359 0
31319 31320 610 683 610 682 0 1 41 40 49182 32 1
31320 31321 610 682 610 682 1 1 40 40 0 1 0
31321 31327 610 682 616 682 1 0 40 34 -49182 32 6
31327 31744 616 682 616 682 0 0 34 34 0 417 0
31744 31750 616 682 610 682 0 1 34 28 49417 32 6
31750 31782 610 682 610 682 1 1 28 28 0 32 0
31782 31782 610 682 610 682 1 2 28 28 49435 32 0
31782 31784 610 682 612 682 2 1 28 26 -49417 0 2
31784 31791 612 682 610 687 1 0 26 19 -49435 32 7
31791 32722 610 687 610 687 0 0 19 19 0 931 0
32722 32727 610 687 610 682 0 1 19 14 49983 32 5
32727 32731 610 682 610 682 1 1 14 14 0 4 0
32731 32737 610 682 616 682 1 0 14 8 -49983 32 6
32737 43261 616 682 616 682 0 0 8 8 0 10524 0
43261 43267 616 682 610 682 0 0 8 2 1000000000 0 6
--------------------------------------
--------------------------------------
EV12
--------------------------------------
Num TPs served = 1
TPs served = 49538
Total energy used = 18
--------------------------------------
Schedule:
0 31969 610 682 610 682 0 0 100 100 0 31969 0
31969 31969 610 682 610 682 0 1 100 100 49538 32 0
31969 31972 610 682 610 682 1 1 100 100 0 3 0
31972 31981 610 682 613 688 1 0 100 91 -49538 32 9
31981 43258 613 688 613 688 0 0 91 91 0 11277 0
43258 43267 613 688 610 682 0 0 91 82 1000000000 0 9
--------------------------------------
--------------------------------------
EV13
--------------------------------------
Num TPs served = 0
TPs served = 
Total energy used = 0
--------------------------------------
Schedule:
0 43265 610 682 610 682 0 0 100 100 0 43265 0
43265 43266 610 682 610 682 0 0 100 100 0 0 0
43266 43267 610 682 610 682 0 0 100 100 0 0 0
--------------------------------------

-------------------------------------------------------------------------

TPs

-------------------------------------------------------------------------

----------------------
TP182 allocated to 1
----------------------

----------------------
TP360 allocated to 1
----------------------

----------------------
TP376 allocated to 1
----------------------

----------------------
TP588 allocated to 1
----------------------

----------------------
TP654 allocated to 1
----------------------

----------------------
TP695 allocated to 1
----------------------

----------------------
TP948 allocated to 1
----------------------

----------------------
TP1012 allocated to 1
----------------------

----------------------
TP1671 allocated to 1
----------------------

----------------------
TP1880 allocated to 1
----------------------

----------------------
TP1971 allocated to 2
----------------------

----------------------
TP2029 allocated to 2
----------------------

----------------------
TP2575 allocated to 1
----------------------

----------------------
TP3118 allocated to 2
----------------------

----------------------
TP3185 allocated to 2
----------------------

----------------------
TP3264 allocated to 2
----------------------

----------------------
TP3553 allocated to 2
----------------------

----------------------
TP4517 allocated to 1
----------------------

----------------------
TP4655 allocated to 2
----------------------

----------------------
TP4905 allocated to 2
----------------------

----------------------
TP5210 allocated to 2
----------------------

----------------------
TP5511 allocated to 2
----------------------

----------------------
TP5577 allocated to 2
----------------------

----------------------
TP7104 allocated to 3
----------------------

----------------------
TP7570 allocated to 1
----------------------

----------------------
TP7730 allocated to 2
----------------------

----------------------
TP8550 allocated to 3
----------------------

----------------------
TP8630 allocated to 3
----------------------

----------------------
TP8866 allocated to 3
----------------------

----------------------
TP9096 allocated to 3
----------------------

----------------------
TP9128 allocated to 3
----------------------

----------------------
TP9720 allocated to 3
----------------------

----------------------
TP9803 allocated to 3
----------------------

----------------------
TP10442 allocated to 3
----------------------

----------------------
TP10503 allocated to 3
----------------------

----------------------
TP10685 allocated to 3
----------------------

----------------------
TP10994 allocated to 3
----------------------

----------------------
TP11038 allocated to 3
----------------------

----------------------
TP11042 allocated to 3
----------------------

----------------------
TP11220 allocated to 3
----------------------

----------------------
TP11527 allocated to 3
----------------------

----------------------
TP11742 allocated to 3
----------------------

----------------------
TP11792 allocated to 3
----------------------

----------------------
TP11825 allocated to 1
----------------------

----------------------
TP12155 allocated to 3
----------------------

----------------------
TP12174 allocated to 4
----------------------

----------------------
TP12686 allocated to 3
----------------------

----------------------
TP13305 allocated to 4
----------------------

----------------------
TP13345 allocated to 4
----------------------

----------------------
TP13594 allocated to 4
----------------------

----------------------
TP14444 allocated to 4
----------------------

----------------------
TP14499 allocated to 4
----------------------

----------------------
TP15306 allocated to 4
----------------------

----------------------
TP17431 allocated to 4
----------------------

----------------------
TP17838 allocated to 4
----------------------

----------------------
TP18060 allocated to 4
----------------------

----------------------
TP18086 allocated to 4
----------------------

----------------------
TP18387 allocated to 4
----------------------

----------------------
TP18935 allocated to 4
----------------------

----------------------
TP19464 allocated to 4
----------------------

----------------------
TP19545 allocated to 4
----------------------

----------------------
TP19565 allocated to 4
----------------------

----------------------
TP19575 allocated to 4
----------------------

----------------------
TP19875 allocated to 4
----------------------

----------------------
TP20255 allocated to 1
----------------------

----------------------
TP20265 allocated to 4
----------------------

----------------------
TP20590 allocated to 4
----------------------

----------------------
TP20795 allocated to 5
----------------------

----------------------
TP21599 allocated to 4
----------------------

----------------------
TP21640 allocated to 1
----------------------

----------------------
TP21725 allocated to 5
----------------------

----------------------
TP21970 allocated to 5
----------------------

----------------------
TP22124 allocated to 5
----------------------

----------------------
TP22173 allocated to 1
----------------------

----------------------
TP22207 allocated to 5
----------------------

----------------------
TP22503 allocated to 5
----------------------

----------------------
TP22601 allocated to 1
----------------------

----------------------
TP22646 allocated to 6
----------------------

----------------------
TP22799 allocated to 6
----------------------

----------------------
TP23135 allocated to 5
----------------------

----------------------
TP23532 allocated to 6
----------------------

----------------------
TP23660 allocated to 6
----------------------

----------------------
TP23818 allocated to 6
----------------------

----------------------
TP23824 allocated to 3
----------------------

----------------------
TP23956 allocated to 6
----------------------

----------------------
TP24000 allocated to 6
----------------------

----------------------
TP24757 allocated to 6
----------------------

----------------------
TP25168 allocated to 6
----------------------

----------------------
TP25326 allocated to 6
----------------------

----------------------
TP25876 allocated to 3
----------------------

----------------------
TP25981 allocated to 6
----------------------

----------------------
TP26156 allocated to 6
----------------------

----------------------
TP26235 allocated to 6
----------------------

----------------------
TP27059 allocated to 6
----------------------

----------------------
TP27098 allocated to 6
----------------------

----------------------
TP27406 allocated to 6
----------------------

----------------------
TP27443 allocated to 6
----------------------

----------------------
TP27455 allocated to 6
----------------------

----------------------
TP27561 allocated to 7
----------------------

----------------------
TP27858 allocated to 6
----------------------

----------------------
TP28053 allocated to 1
----------------------

----------------------
TP28170 allocated to 7
----------------------

----------------------
TP28238 allocated to 7
----------------------

----------------------
TP28331 allocated to 7
----------------------

----------------------
TP28429 allocated to 7
----------------------

----------------------
TP28481 allocated to 7
----------------------

----------------------
TP28503 allocated to 7
----------------------

----------------------
TP28774 allocated to 7
----------------------

----------------------
TP29204 allocated to 7
----------------------

----------------------
TP29596 allocated to 7
----------------------

----------------------
TP29881 allocated to 7
----------------------

----------------------
TP30895 allocated to 1
----------------------

----------------------
TP30960 allocated to 7
----------------------

----------------------
TP30992 allocated to 4
----------------------

----------------------
TP31012 allocated to 7
----------------------

----------------------
TP31451 allocated to 7
----------------------

----------------------
TP31532 allocated to 7
----------------------

----------------------
TP31585 allocated to 7
----------------------

----------------------
TP31631 allocated to 7
----------------------

----------------------
TP32061 allocated to 1
----------------------

----------------------
TP32194 allocated to 8
----------------------

----------------------
TP32372 allocated to 8
----------------------

----------------------
TP32563 allocated to 8
----------------------

----------------------
TP32813 allocated to 7
----------------------

----------------------
TP32932 allocated to 8
----------------------

----------------------
TP32970 allocated to 8
----------------------

----------------------
TP33679 allocated to 8
----------------------

----------------------
TP33780 allocated to 8
----------------------

----------------------
TP34163 allocated to 8
----------------------

----------------------
TP34170 allocated to 8
----------------------

----------------------
TP34230 allocated to 1
----------------------

----------------------
TP34251 allocated to 8
----------------------

----------------------
TP34447 allocated to 1
----------------------

----------------------
TP34697 allocated to 8
----------------------

----------------------
TP35624 allocated to 8
----------------------

----------------------
TP35638 allocated to 9
----------------------

----------------------
TP36636 allocated to 9
----------------------

----------------------
TP36875 allocated to 8
----------------------

----------------------
TP36932 allocated to 9
----------------------

----------------------
TP37068 allocated to 9
----------------------

----------------------
TP37247 allocated to 9
----------------------

----------------------
TP37819 allocated to 9
----------------------

----------------------
TP38420 allocated to 9
----------------------

----------------------
TP38693 allocated to 2
----------------------

----------------------
TP39035 allocated to 9
----------------------

----------------------
TP39141 allocated to 9
----------------------

----------------------
TP39306 allocated to 10
----------------------

----------------------
TP39396 allocated to 9
----------------------

----------------------
TP39639 allocated to 9
----------------------

----------------------
TP39711 allocated to 9
----------------------

----------------------
TP39811 allocated to 9
----------------------

----------------------
TP40149 allocated to 9
----------------------

----------------------
TP40539 allocated to 10
----------------------

----------------------
TP40682 allocated to 10
----------------------

----------------------
TP40837 allocated to 6
----------------------

----------------------
TP41114 allocated to 10
----------------------

----------------------
TP41426 allocated to 10
----------------------

----------------------
TP41542 allocated to 10
----------------------

----------------------
TP41597 allocated to 10
----------------------

----------------------
TP41646 allocated to 10
----------------------

----------------------
TP41678 allocated to 1
----------------------

----------------------
TP41726 allocated to 10
----------------------

----------------------
TP42185 allocated to 1
----------------------

----------------------
TP42302 allocated to 10
----------------------

----------------------
TP42557 allocated to 10
----------------------

----------------------
TP42635 allocated to 10
----------------------

----------------------
TP42852 allocated to 10
----------------------

----------------------
TP42948 allocated to 1
----------------------

----------------------
TP42992 allocated to 10
----------------------

----------------------
TP43493 allocated to 1
----------------------

----------------------
TP43527 allocated to 10
----------------------

----------------------
TP43631 allocated to 1
----------------------

----------------------
TP43704 allocated to 10
----------------------

----------------------
TP43959 allocated to 11
----------------------

----------------------
TP44249 allocated to 6
----------------------

----------------------
TP44385 allocated to 10
----------------------

----------------------
TP44884 allocated to 1
----------------------

----------------------
TP45555 allocated to 1
----------------------

----------------------
TP45570 allocated to 11
----------------------

----------------------
TP46082 allocated to 11
----------------------

----------------------
TP46100 allocated to 11
----------------------

----------------------
TP46629 allocated to 11
----------------------

----------------------
TP47348 allocated to 11
----------------------

----------------------
TP47394 allocated to 11
----------------------

----------------------
TP47871 allocated to 11
----------------------

----------------------
TP48363 allocated to 11
----------------------

----------------------
TP48403 allocated to 11
----------------------

----------------------
TP48864 allocated to 11
----------------------

----------------------
TP48929 allocated to 11
----------------------

----------------------
TP48964 allocated to 11
----------------------

----------------------
TP49182 allocated to 11
----------------------

----------------------
TP49417 allocated to 11
----------------------

----------------------
TP49435 allocated to 11
----------------------

----------------------
TP49511 allocated to 1
----------------------

----------------------
TP49538 allocated to 12
----------------------

----------------------
TP49983 allocated to 11
----------------------

-------------------------------------------------------------------------

Ride-sharing vs Individual Mode - Num Vehicles and Distance Comparisson 

-------------------------------------------------------------------------
Individual Mode = 196 vehicles.
Ride-sharing Mode = 13 vehicles. The 13 ride-sharing vehicles + 0 vehicles of the individuals not served by the ride-sharing service.
-------------------------------------------------------------------------
Individual Mode = 579 distance.
Ride-sharing Mode = 1116 distance. 1116 from the EV fleet + 0 from the distance of the trips not covered individuals had to do with their own vehicle.
-------------------------------------------------------------------------
