-------------------------------------------------------------------------
TPs satisfied = 106; Total TPs = 188; Percentage Satisfied + 56.39999999999999%
-------------------------------------------------------------------------

-------------------------------------------------------------------------

EVs

-------------------------------------------------------------------------
--------------------------------------
EV1
--------------------------------------
Num TPs served = 39
TPs served = 966 1056 1092 1942 2447 2818 2840 3001 3272 3566 3754 4700 5052 5389 5663 6149 8002 8888 10046 14897 17078 17976 18000 18180 21183 21456 22015 23275 25559 30376 35658 36993 38320 38756 40994 44360 44547 47794 49541
Total energy used = 100
--------------------------------------
Schedule:
0 1519 793 806 793 806 0 0 100 100 0 1519 0
1519 1519 793 806 793 806 0 1 100 100 35658 32 0
1519 1520 793 806 793 806 1 1 100 100 0 1 0
1520 1520 793 806 793 806 1 0 100 100 -35658 32 0
1520 1721 793 806 793 806 0 0 100 100 0 201 0
1721 1721 793 806 793 806 0 1 100 100 17976 32 0
1721 1721 793 806 793 806 1 2 100 100 966 14 0
1721 1723 793 806 793 808 2 1 100 98 -17976 32 2
1723 1729 793 808 794 813 1 0 98 92 -966 14 6
1729 1813 794 813 794 813 0 0 92 92 0 84 0
1813 1821 794 813 793 806 0 1 92 84 18000 32 8
1821 1851 793 806 793 806 1 1 84 84 0 30 0
1851 1851 793 806 793 806 1 2 84 84 1056 32 0
1851 1852 793 806 794 806 2 1 84 83 -18000 2 1
1852 1855 794 806 795 808 1 0 83 80 -1056 32 3
1855 1910 795 808 795 808 0 0 80 80 0 55 0
1910 1914 795 808 793 806 0 1 80 76 1092 32 4
1914 1915 793 806 793 806 1 1 76 76 0 1 0
1915 1916 793 806 794 806 1 0 76 75 -1092 32 1
1916 2379 794 806 794 806 0 0 75 75 0 463 0
2379 2380 794 806 793 806 0 1 75 74 18180 32 1
2380 2381 793 806 793 806 1 1 74 74 0 1 0
2381 2381 793 806 793 806 1 0 74 74 -18180 32 0
2381 3417 793 806 793 806 0 0 74 74 0 1036 0
3417 3417 793 806 793 806 0 1 74 74 1942 32 0
3417 3419 793 806 793 806 1 1 74 74 0 2 0
3419 3421 793 806 795 806 1 0 74 72 -1942 32 2
3421 4342 795 806 795 806 0 0 72 72 0 921 0
4342 4344 795 806 793 806 0 1 72 70 2447 32 2
4344 4349 793 806 793 806 1 1 70 70 0 5 0
4349 4355 793 806 795 810 1 0 70 64 -2447 32 6
4355 5025 795 810 795 810 0 0 64 64 0 670 0
5025 5031 795 810 793 806 0 1 64 58 2818 32 6
5031 5033 793 806 793 808 1 0 58 56 -2818 32 2
5033 5063 793 808 793 808 0 0 56 56 0 30 0
5063 5065 793 808 793 806 0 1 56 54 2840 32 2
5065 5066 793 806 793 806 1 1 54 54 0 1 0
5066 5068 793 806 795 806 1 0 54 52 -2840 32 2
5068 5356 795 806 795 806 0 0 52 52 0 288 0
5356 5358 795 806 793 806 0 1 52 50 3001 32 2
5358 5359 793 806 793 806 1 1 50 50 0 1 0
5359 5362 793 806 795 807 1 0 50 47 -3001 32 3
5362 5412 795 807 795 807 0 0 47 47 0 50 0
5412 5415 795 807 793 806 0 1 47 44 36993 32 3
5415 5416 793 806 793 806 1 1 44 44 0 1 0
5416 5416 793 806 793 806 1 0 44 44 -36993 32 0
5416 5833 793 806 793 806 0 0 44 44 0 417 0
5833 5833 793 806 793 806 0 1 44 44 3272 32 0
5833 5835 793 806 793 806 1 1 44 44 0 2 0
5835 5839 793 806 797 806 1 0 44 40 -3272 32 4
5839 6372 797 806 797 806 0 0 40 40 0 533 0
6372 6376 797 806 793 806 0 1 40 36 3566 32 4
6376 6381 793 806 797 807 1 0 36 31 -3566 32 5
6381 6730 797 807 797 807 0 0 31 31 0 349 0
6730 6735 797 807 793 806 0 1 31 26 3754 32 5
6735 6736 793 806 793 806 1 1 26 26 0 1 0
6736 6737 793 806 794 806 1 0 26 25 -3754 32 1
6737 8525 794 806 794 806 0 0 25 25 0 1788 0
8525 8526 794 806 793 806 0 1 25 24 4700 32 1
8526 8531 793 806 793 806 1 1 24 24 0 5 0
8531 8535 793 806 795 808 1 0 24 20 -4700 32 4
8535 9156 795 808 795 808 0 0 20 20 0 621 0
9156 9160 795 808 793 806 0 1 20 16 38320 32 4
9160 9163 793 806 793 806 1 1 16 16 0 3 0
9163 9163 793 806 793 806 1 2 16 16 5052 32 0
9163 9166 793 806 796 806 2 1 16 13 -38320 29 3
9166 9166 796 806 796 806 1 0 13 13 -5052 32 0
9166 9800 796 806 796 806 0 0 13 13 0 634 0
9800 9803 796 806 793 806 0 1 13 10 5389 32 3
9803 9805 793 806 795 806 1 0 10 8 -5389 32 2
9805 10297 795 806 795 806 0 0 8 8 0 492 0
10297 10299 795 806 793 806 0 1 8 6 38756 32 2
10299 10302 793 806 793 806 1 1 6 6 0 3 0
10302 10302 793 806 793 806 1 0 6 6 -38756 32 0
10302 10350 793 806 793 806 0 0 6 6 0 48 0
10350 10350 793 806 793 806 0 1 6 6 5663 32 0
10350 10351 793 806 794 806 1 0 6 5 -5663 32 1
10351 11254 794 806 794 806 0 0 5 5 0 903 0
11254 11255 794 806 793 806 0 1 5 4 21183 32 1
11255 11260 793 806 793 806 1 1 4 4 0 5 0
11260 11260 793 806 793 806 1 2 4 4 6149 32 0
11260 11262 793 806 795 806 2 1 4 2 -21183 28 2
11262 11262 795 806 795 806 1 0 2 2 -6149 32 0
11262 11979 795 806 795 806 0 0 2 2 0 717 0
11979 11981 795 806 793 806 0 1 2 0 21456 32 2
11981 11982 793 806 793 806 1 1 0 0 0 1 0
11982 11982 793 806 793 806 1 0 0 0 -21456 32 0
11982 13506 793 806 793 806 0 0 0 0 0 1524 0
13506 13506 793 806 793 806 0 1 0 0 22015 32 0
13506 13507 793 806 793 806 1 1 0 0 0 1 0
13507 13507 793 806 793 806 1 0 0 0 -22015 32 0
13507 15206 793 806 793 806 0 0 0 0 0 1699 0
15206 15206 793 806 793 806 0 1 0 0 8002 32 0
15206 15207 793 806 793 806 1 1 0 0 0 1 0
15207 15207 793 806 793 806 1 0 0 0 -8002 32 0
15207 15843 793 806 793 806 0 0 0 0 0 636 0
15843 15843 793 806 793 806 0 1 0 0 40994 32 0
15843 15844 793 806 793 806 1 1 0 0 0 1 0
15844 15844 793 806 793 806 1 0 0 0 -40994 32 0
15844 16653 793 806 793 806 0 0 0 0 0 809 0
16653 16653 793 806 793 806 0 1 0 0 23275 32 0
16653 16654 793 806 793 806 1 1 0 0 0 1 0
16654 16654 793 806 793 806 1 0 0 0 -23275 32 0
16654 17354 793 806 793 806 0 0 0 0 0 700 0
17354 17354 793 806 793 806 0 1 0 0 8888 32 0
17354 17356 793 806 793 806 1 1 0 0 0 2 0
17356 17356 793 806 793 806 1 0 0 0 -8888 32 0
17356 20550 793 806 793 806 0 0 0 0 0 3194 0
20550 20550 793 806 793 806 0 1 0 0 10046 32 0
20550 20552 793 806 793 806 1 1 0 0 0 2 0
20552 20552 793 806 793 806 1 0 0 0 -10046 32 0
20552 21722 793 806 793 806 0 0 0 0 0 1170 0
21722 21722 793 806 793 806 0 1 0 0 25559 32 0
21722 21723 793 806 793 806 1 1 0 0 0 1 0
21723 21723 793 806 793 806 1 0 0 0 -25559 32 0
21723 22860 793 806 793 806 0 0 0 0 0 1137 0
22860 22860 793 806 793 806 0 1 0 0 44360 32 0
22860 22862 793 806 793 806 1 1 0 0 0 2 0
22862 22862 793 806 793 806 1 0 0 0 -44360 32 0
22862 23204 793 806 793 806 0 0 0 0 0 342 0
23204 23204 793 806 793 806 0 1 0 0 44547 32 0
23204 23206 793 806 793 806 1 1 0 0 0 2 0
23206 23206 793 806 793 806 1 0 0 0 -44547 32 0
23206 28857 793 806 793 806 0 0 0 0 0 5651 0
28857 28857 793 806 793 806 0 1 0 0 47794 32 0
28857 28858 793 806 793 806 1 1 0 0 0 1 0
28858 28858 793 806 793 806 1 0 0 0 -47794 32 0
28858 31215 793 806 793 806 0 0 0 0 0 2357 0
31215 31215 793 806 793 806 0 1 0 0 30376 32 0
31215 31217 793 806 793 806 1 1 0 0 0 2 0
31217 31217 793 806 793 806 1 0 0 0 -30376 32 0
31217 31973 793 806 793 806 0 0 0 0 0 756 0
31973 31973 793 806 793 806 0 1 0 0 49541 32 0
31973 31974 793 806 793 806 1 1 0 0 0 1 0
31974 31974 793 806 793 806 1 0 0 0 -49541 32 0
31974 37431 793 806 793 806 0 0 0 0 0 5457 0
37431 37431 793 806 793 806 0 1 0 0 14897 32 0
37431 37432 793 806 793 806 1 1 0 0 0 1 0
37432 37432 793 806 793 806 1 0 0 0 -14897 32 0
37432 42653 793 806 793 806 0 0 0 0 0 5221 0
42653 42653 793 806 793 806 0 1 0 0 17078 32 0
42653 42654 793 806 793 806 1 1 0 0 0 1 0
42654 42654 793 806 793 806 1 0 0 0 -17078 32 0
42654 43267 793 806 793 806 0 0 0 0 0 613 0
43267 43267 793 806 793 806 0 0 0 0 1000000000 0 0
--------------------------------------
--------------------------------------
EV2
--------------------------------------
Num TPs served = 27
TPs served = 6166 6202 6486 6667 6694 7142 7675 8238 8914 9228 9643 10261 10514 10536 10724 10975 11160 11317 11327 12665 12853 14054 25639 43841 43848 45181 45182
Total energy used = 100
--------------------------------------
Schedule:
0 11299 793 806 793 806 0 0 100 100 0 11299 0
11299 11299 793 806 793 806 0 1 100 100 6166 32 0
11299 11301 793 806 794 807 1 0 100 98 -6166 32 2
11301 11377 794 807 794 807 0 0 98 98 0 76 0
11377 11379 794 807 793 806 0 1 98 96 6202 32 2
11379 11383 793 806 793 806 1 1 96 96 0 4 0
11383 11385 793 806 794 807 1 0 96 94 -6202 32 2
11385 11916 794 807 794 807 0 0 94 94 0 531 0
11916 11918 794 807 793 806 0 1 94 92 6486 32 2
11918 11919 793 806 793 806 1 1 92 92 0 1 0
11919 11922 793 806 795 807 1 0 92 89 -6486 32 3
11922 12299 795 807 795 807 0 0 89 89 0 377 0
12299 12302 795 807 793 806 0 1 89 86 6667 32 3
12302 12303 793 806 794 806 1 0 86 85 -6667 32 1
12303 12355 794 806 794 806 0 0 85 85 0 52 0
12355 12356 794 806 793 806 0 1 85 84 6694 32 1
12356 12359 793 806 796 806 1 0 84 81 -6694 32 3
12359 13318 796 806 796 806 0 0 81 81 0 959 0
13318 13321 796 806 793 806 0 1 81 78 7142 32 3
13321 13323 793 806 793 806 1 1 78 78 0 2 0
13323 13326 793 806 793 809 1 0 78 75 -7142 32 3
13326 14493 793 809 793 809 0 0 75 75 0 1167 0
14493 14496 793 809 793 806 0 1 75 72 7675 32 3
14496 14500 793 806 797 806 1 0 72 68 -7675 32 4
14500 15774 797 806 797 806 0 0 68 68 0 1274 0
15774 15778 797 806 793 806 0 1 68 64 8238 32 4
15778 15780 793 806 795 806 1 0 64 62 -8238 32 2
15780 17426 795 806 795 806 0 0 62 62 0 1646 0
17426 17428 795 806 793 806 0 1 62 60 8914 32 2
17428 17429 793 806 793 806 1 1 60 60 0 1 0
17429 17430 793 806 794 806 1 0 60 59 -8914 32 1
17430 18272 794 806 794 806 0 0 59 59 0 842 0
18272 18273 794 806 793 806 0 1 59 58 9228 32 1
18273 18275 793 806 795 806 1 0 58 56 -9228 32 2
18275 19404 795 806 795 806 0 0 56 56 0 1129 0
19404 19406 795 806 793 806 0 1 56 54 9643 32 2
19406 19407 793 806 794 806 1 0 54 53 -9643 32 1
19407 21153 794 806 794 806 0 0 53 53 0 1746 0
21153 21154 794 806 793 806 0 1 53 52 10261 32 1
21154 21160 793 806 799 806 1 0 52 46 -10261 32 6
21160 21863 799 806 799 806 0 0 46 46 0 703 0
21863 21869 799 806 793 806 0 1 46 40 43848 32 6
21869 21869 793 806 793 806 1 2 40 40 43841 18 0
21869 21869 793 806 793 806 2 3 40 40 10514 27 0
21869 21871 793 806 794 807 3 2 40 38 -43841 18 2
21871 21873 794 807 794 809 2 1 38 36 -10514 27 2
21873 21875 794 809 793 808 1 0 36 34 -43848 28 2
21875 21896 793 808 793 808 0 0 34 34 0 21 0
21896 21898 793 808 793 806 0 1 34 32 25639 32 2
21898 21918 793 806 793 806 1 1 32 32 0 20 0
21918 21918 793 806 793 806 1 2 32 32 10536 32 0
21918 21919 793 806 794 806 2 1 32 31 -25639 12 1
21919 21920 794 806 795 806 1 0 31 30 -10536 32 1
21920 22481 795 806 795 806 0 0 30 30 0 561 0
22481 22483 795 806 793 806 0 1 30 28 10724 32 2
22483 22484 793 806 793 807 1 0 28 27 -10724 32 1
22484 23304 793 807 793 807 0 0 27 27 0 820 0
23304 23305 793 807 793 806 0 1 27 26 10975 32 1
23305 23309 793 806 793 810 1 0 26 22 -10975 32 4
23309 23834 793 810 793 810 0 0 22 22 0 525 0
23834 23838 793 810 793 806 0 1 22 18 11160 32 4
23838 23840 793 806 795 806 1 0 18 16 -11160 32 2
23840 24333 795 806 795 806 0 0 16 16 0 493 0
24333 24335 795 806 793 806 0 1 16 14 45182 32 2
24335 24335 793 806 793 806 1 2 14 14 45181 31 0
24335 24335 793 806 793 806 2 3 14 14 11317 4 0
24335 24336 793 806 793 807 3 2 14 13 -45181 32 1
24336 24336 793 807 793 807 2 1 13 13 -11317 4 0
24336 24341 793 807 793 807 1 1 13 13 0 5 0
24341 24342 793 807 793 806 1 2 13 12 11327 32 1
24342 24344 793 806 793 808 2 1 12 10 -45182 31 2
24344 24344 793 808 793 808 1 0 10 10 -11327 32 0
24344 29063 793 808 793 808 0 0 10 10 0 4719 0
29063 29065 793 808 793 806 0 1 10 8 12665 32 2
29065 29066 793 806 793 807 1 0 8 7 -12665 32 1
29066 29766 793 807 793 807 0 0 7 7 0 700 0
29766 29767 793 807 793 806 0 1 7 6 12853 32 1
29767 29769 793 806 795 806 1 0 6 4 -12853 32 2
29769 34200 795 806 795 806 0 0 4 4 0 4431 0
34200 34202 795 806 793 806 0 1 4 2 14054 32 2
34202 34203 793 806 793 807 1 0 2 1 -14054 32 1
34203 43266 793 807 793 807 0 0 1 1 0 9063 0
43266 43267 793 807 793 806 0 0 1 0 1000000000 0 1
--------------------------------------
--------------------------------------
EV3
--------------------------------------
Num TPs served = 21
TPs served = 11917 13147 14598 14943 15365 15903 16512 16841 16954 17539 17617 17632 19924 19943 20284 20555 20560 20658 20694 21133 38496
Total energy used = 100
--------------------------------------
Schedule:
0 393 793 806 793 806 0 0 100 100 0 393 0
393 393 793 806 793 806 0 1 100 100 17539 32 0
393 394 793 806 793 806 1 1 100 100 0 1 0
394 395 793 806 794 806 1 0 100 99 -17539 32 1
395 643 794 806 794 806 0 0 99 99 0 248 0
643 644 794 806 793 806 0 1 99 98 17617 32 1
644 646 793 806 793 806 1 1 98 98 0 2 0
646 647 793 806 794 806 1 0 98 97 -17617 32 1
647 683 794 806 794 806 0 0 97 97 0 36 0
683 684 794 806 793 806 0 1 97 96 17632 32 1
684 685 793 806 794 806 1 0 96 95 -17632 32 1
685 7809 794 806 794 806 0 0 95 95 0 7124 0
7809 7810 794 806 793 806 0 1 95 94 19924 32 1
7810 7812 793 806 795 806 1 0 94 92 -19924 32 2
7812 7866 795 806 795 806 0 0 92 92 0 54 0
7866 7868 795 806 793 806 0 1 92 90 19943 32 2
7868 7869 793 806 793 806 1 1 90 90 0 1 0
7869 7878 793 806 802 806 1 0 90 81 -19943 32 9
7878 8839 802 806 802 806 0 0 81 81 0 961 0
8839 8848 802 806 793 806 0 1 81 72 20284 32 9
8848 8852 793 806 793 806 1 1 72 72 0 4 0
8852 8863 793 806 803 807 1 0 72 61 -20284 32 11
8863 9624 803 807 803 807 0 0 61 61 0 761 0
9624 9635 803 807 793 806 0 1 61 50 38496 32 11
9635 9635 793 806 793 806 1 2 50 50 20560 15 0
9635 9635 793 806 793 806 2 3 50 50 20555 1 0
9635 9636 793 806 793 806 3 3 50 50 0 1 0
9636 9637 793 806 793 807 3 2 50 49 -38496 32 1
9637 9638 793 807 794 807 2 1 49 48 -20560 14 1
9638 9638 794 807 794 807 1 0 48 48 -20555 0 0
9638 9846 794 807 794 807 0 0 48 48 0 208 0
9846 9848 794 807 793 806 0 1 48 46 20658 32 2
9848 9849 793 806 794 806 1 0 46 45 -20658 32 1
9849 9943 794 806 794 806 0 0 45 45 0 94 0
9943 9944 794 806 793 806 0 1 45 44 20694 32 1
9944 9945 793 806 793 806 1 1 44 44 0 1 0
9945 9946 793 806 793 807 1 0 44 43 -20694 32 1
9946 11091 793 807 793 807 0 0 43 43 0 1145 0
11091 11092 793 807 793 806 0 1 43 42 21133 32 1
11092 11093 793 806 793 807 1 0 42 41 -21133 32 1
11093 26401 793 807 793 807 0 0 41 41 0 15308 0
26401 26402 793 807 793 806 0 1 41 40 11917 32 1
26402 26404 793 806 793 806 1 1 40 40 0 2 0
26404 26409 793 806 795 809 1 0 40 35 -11917 32 5
26409 30813 795 809 795 809 0 0 35 35 0 4404 0
30813 30818 795 809 793 806 0 1 35 30 13147 32 5
30818 30820 793 806 793 806 1 1 30 30 0 2 0
30820 30822 793 806 793 808 1 0 30 28 -13147 32 2
30822 36233 793 808 793 808 0 0 28 28 0 5411 0
36233 36235 793 808 793 806 0 1 28 26 14598 32 2
36235 36236 793 806 794 806 1 0 26 25 -14598 32 1
36236 37621 794 806 794 806 0 0 25 25 0 1385 0
37621 37622 794 806 793 806 0 1 25 24 14943 32 1
37622 37623 793 806 793 806 1 1 24 24 0 1 0
37623 37624 793 806 794 806 1 0 24 23 -14943 32 1
37624 39237 794 806 794 806 0 0 23 23 0 1613 0
39237 39238 794 806 793 806 0 1 23 22 15365 32 1
39238 39240 793 806 795 806 1 0 22 20 -15365 32 2
39240 40557 795 806 795 806 0 0 20 20 0 1317 0
40557 40559 795 806 793 806 0 1 20 18 15903 32 2
40559 40560 793 806 793 807 1 0 18 17 -15903 32 1
40560 41625 793 807 793 807 0 0 17 17 0 1065 0
41625 41626 793 807 793 806 0 1 17 16 16512 32 1
41626 41633 793 806 793 806 1 1 16 16 0 7 0
41633 41637 793 806 795 808 1 0 16 12 -16512 32 4
41637 42206 795 808 795 808 0 0 12 12 0 569 0
42206 42210 795 808 793 806 0 1 12 8 16841 32 4
42210 42212 793 806 794 807 1 0 8 6 -16841 32 2
42212 42415 794 807 794 807 0 0 6 6 0 203 0
42415 42417 794 807 793 806 0 1 6 4 16954 32 2
42417 42419 793 806 794 807 1 0 4 2 -16954 32 2
42419 43265 794 807 794 807 0 0 2 2 0 846 0
43265 43267 794 807 793 806 0 0 2 0 1000000000 0 2
--------------------------------------
--------------------------------------
EV4
--------------------------------------
Num TPs served = 19
TPs served = 20956 21416 21811 21981 22267 22594 23149 23163 23290 23373 23875 24543 24899 25034 25093 25404 25460 25497 26424
Total energy used = 100
--------------------------------------
Schedule:
0 10639 793 806 793 806 0 0 100 100 0 10639 0
10639 10639 793 806 793 806 0 1 100 100 20956 32 0
10639 10641 793 806 793 806 1 1 100 100 0 2 0
10641 10647 793 806 793 812 1 0 100 94 -20956 32 6
10647 11877 793 812 793 812 0 0 94 94 0 1230 0
11877 11883 793 812 793 806 0 1 94 88 21416 32 6
11883 11885 793 806 794 807 1 0 88 86 -21416 32 2
11885 12969 794 807 794 807 0 0 86 86 0 1084 0
12969 12971 794 807 793 806 0 1 86 84 21811 32 2
12971 12978 793 806 800 806 1 0 84 77 -21811 32 7
12978 13404 800 806 800 806 0 0 77 77 0 426 0
13404 13411 800 806 793 806 0 1 77 70 21981 32 7
13411 13415 793 806 797 806 1 0 70 66 -21981 32 4
13415 14131 797 806 797 806 0 0 66 66 0 716 0
14131 14135 797 806 793 806 0 1 66 62 22267 32 4
14135 14140 793 806 793 806 1 1 62 62 0 5 0
14140 14141 793 806 794 806 1 0 62 61 -22267 32 1
14141 14977 794 806 794 806 0 0 61 61 0 836 0
14977 14978 794 806 793 806 0 1 61 60 22594 32 1
14978 14979 793 806 793 807 1 0 60 59 -22594 32 1
14979 16340 793 807 793 807 0 0 59 59 0 1361 0
16340 16341 793 807 793 806 0 1 59 58 23149 32 1
16341 16344 793 806 793 806 1 1 58 58 0 3 0
16344 16346 793 806 793 808 1 0 58 56 -23149 32 2
16346 16389 793 808 793 808 0 0 56 56 0 43 0
16389 16391 793 808 793 806 0 1 56 54 23163 32 2
16391 16393 793 806 794 807 1 0 54 52 -23163 32 2
16393 16692 794 807 794 807 0 0 52 52 0 299 0
16692 16694 794 807 793 806 0 1 52 50 23290 32 2
16694 16698 793 806 795 808 1 0 50 46 -23290 32 4
16698 16888 795 808 795 808 0 0 46 46 0 190 0
16888 16892 795 808 793 806 0 1 46 42 23373 32 4
16892 16893 793 806 793 806 1 1 42 42 0 1 0
16893 16895 793 806 795 806 1 0 42 40 -23373 32 2
16895 17999 795 806 795 806 0 0 40 40 0 1104 0
17999 18001 795 806 793 806 0 1 40 38 23875 32 2
18001 18003 793 806 793 808 1 0 38 36 -23875 32 2
18003 19503 793 808 793 808 0 0 36 36 0 1500 0
19503 19505 793 808 793 806 0 1 36 34 24543 32 2
19505 19507 793 806 794 807 1 0 34 32 -24543 32 2
19507 20257 794 807 794 807 0 0 32 32 0 750 0
20257 20259 794 807 793 806 0 1 32 30 24899 32 2
20259 20260 793 806 793 806 1 1 30 30 0 1 0
20260 20262 793 806 795 806 1 0 30 28 -24899 32 2
20262 20587 795 806 795 806 0 0 28 28 0 325 0
20587 20589 795 806 793 806 0 1 28 26 25034 32 2
20589 20591 793 806 793 808 1 0 26 24 -25034 32 2
20591 20714 793 808 793 808 0 0 24 24 0 123 0
20714 20716 793 808 793 806 0 1 24 22 25093 32 2
20716 20720 793 806 797 806 1 0 22 18 -25093 32 4
20720 21374 797 806 797 806 0 0 18 18 0 654 0
21374 21378 797 806 793 806 0 1 18 14 25404 32 4
21378 21379 793 806 793 806 1 1 14 14 0 1 0
21379 21381 793 806 795 806 1 0 14 12 -25404 32 2
21381 21509 795 806 795 806 0 0 12 12 0 128 0
21509 21511 795 806 793 806 0 1 12 10 25460 32 2
21511 21513 793 806 795 806 1 0 10 8 -25460 32 2
21513 21584 795 806 795 806 0 0 8 8 0 71 0
21584 21586 795 806 793 806 0 1 8 6 25497 32 2
21586 21588 793 806 794 807 1 0 6 4 -25497 32 2
21588 23503 794 807 794 807 0 0 4 4 0 1915 0
23503 23505 794 807 793 806 0 1 4 2 26424 32 2
23505 23506 793 806 793 806 1 1 2 2 0 1 0
23506 23507 793 806 793 807 1 0 2 1 -26424 32 1
23507 43266 793 807 793 807 0 0 1 1 0 19759 0
43266 43267 793 807 793 806 0 0 1 0 1000000000 0 1
--------------------------------------

-------------------------------------------------------------------------

TPs

-------------------------------------------------------------------------

----------------------
TP966 allocated to 1
----------------------

----------------------
TP1056 allocated to 1
----------------------

----------------------
TP1092 allocated to 1
----------------------

----------------------
TP1942 allocated to 1
----------------------

----------------------
TP2447 allocated to 1
----------------------

----------------------
TP2818 allocated to 1
----------------------

----------------------
TP2840 allocated to 1
----------------------

----------------------
TP3001 allocated to 1
----------------------

----------------------
TP3272 allocated to 1
----------------------

----------------------
TP3566 allocated to 1
----------------------

----------------------
TP3754 allocated to 1
----------------------

----------------------
TP4700 allocated to 1
----------------------

----------------------
TP5052 allocated to 1
----------------------

----------------------
TP5389 allocated to 1
----------------------

----------------------
TP5663 allocated to 1
----------------------

----------------------
TP6149 allocated to 1
----------------------

----------------------
TP6166 allocated to 2
----------------------

----------------------
TP6202 allocated to 2
----------------------

----------------------
TP6486 allocated to 2
----------------------

----------------------
TP6667 allocated to 2
----------------------

----------------------
TP6694 allocated to 2
----------------------

----------------------
TP7142 allocated to 2
----------------------

----------------------
TP7675 allocated to 2
----------------------

----------------------
TP8002 allocated to 1
----------------------

----------------------
TP8238 allocated to 2
----------------------

----------------------
TP8888 allocated to 1
----------------------

----------------------
TP8914 allocated to 2
----------------------

----------------------
TP9228 allocated to 2
----------------------

----------------------
TP9643 allocated to 2
----------------------

----------------------
TP10046 allocated to 1
----------------------

----------------------
TP10261 allocated to 2
----------------------

----------------------
TP10514 allocated to 2
----------------------

----------------------
TP10536 allocated to 2
----------------------

----------------------
TP10724 allocated to 2
----------------------

----------------------
TP10975 allocated to 2
----------------------

----------------------
TP11160 allocated to 2
----------------------

----------------------
TP11317 allocated to 2
----------------------

----------------------
TP11327 allocated to 2
----------------------

----------------------
TP11917 allocated to 3
----------------------

----------------------
TP12665 allocated to 2
----------------------

----------------------
TP12853 allocated to 2
----------------------

----------------------
TP13147 allocated to 3
----------------------

----------------------
TP14054 allocated to 2
----------------------

----------------------
TP14598 allocated to 3
----------------------

----------------------
TP14897 allocated to 1
----------------------

----------------------
TP14943 allocated to 3
----------------------

----------------------
TP15365 allocated to 3
----------------------

----------------------
TP15903 allocated to 3
----------------------

----------------------
TP16512 allocated to 3
----------------------

----------------------
TP16841 allocated to 3
----------------------

----------------------
TP16954 allocated to 3
----------------------

----------------------
TP17078 allocated to 1
----------------------

----------------------
TP17539 allocated to 3
----------------------

----------------------
TP17617 allocated to 3
----------------------

----------------------
TP17632 allocated to 3
----------------------

----------------------
TP17976 allocated to 1
----------------------

----------------------
TP18000 allocated to 1
----------------------

----------------------
TP18180 allocated to 1
----------------------

----------------------
TP19924 allocated to 3
----------------------

----------------------
TP19943 allocated to 3
----------------------

----------------------
TP20284 allocated to 3
----------------------

----------------------
TP20555 allocated to 3
----------------------

----------------------
TP20560 allocated to 3
----------------------

----------------------
TP20658 allocated to 3
----------------------

----------------------
TP20694 allocated to 3
----------------------

----------------------
TP20956 allocated to 4
----------------------

----------------------
TP21133 allocated to 3
----------------------

----------------------
TP21183 allocated to 1
----------------------

----------------------
TP21416 allocated to 4
----------------------

----------------------
TP21456 allocated to 1
----------------------

----------------------
TP21811 allocated to 4
----------------------

----------------------
TP21981 allocated to 4
----------------------

----------------------
TP22015 allocated to 1
----------------------

----------------------
TP22267 allocated to 4
----------------------

----------------------
TP22594 allocated to 4
----------------------

----------------------
TP23149 allocated to 4
----------------------

----------------------
TP23163 allocated to 4
----------------------

----------------------
TP23275 allocated to 1
----------------------

----------------------
TP23290 allocated to 4
----------------------

----------------------
TP23373 allocated to 4
----------------------

----------------------
TP23875 allocated to 4
----------------------

----------------------
TP24543 allocated to 4
----------------------

----------------------
TP24899 allocated to 4
----------------------

----------------------
TP25034 allocated to 4
----------------------

----------------------
TP25093 allocated to 4
----------------------

----------------------
TP25404 allocated to 4
----------------------

----------------------
TP25460 allocated to 4
----------------------

----------------------
TP25497 allocated to 4
----------------------

----------------------
TP25559 allocated to 1
----------------------

----------------------
TP25570 not allocated
----------------------

----------------------
TP25596 not allocated
----------------------

----------------------
TP25639 allocated to 2
----------------------

----------------------
TP25941 not allocated
----------------------

----------------------
TP26264 not allocated
----------------------

----------------------
TP26424 allocated to 4
----------------------

----------------------
TP26485 not allocated
----------------------

----------------------
TP26529 not allocated
----------------------

----------------------
TP26599 not allocated
----------------------

----------------------
TP26818 not allocated
----------------------

----------------------
TP27195 not allocated
----------------------

----------------------
TP27533 not allocated
----------------------

----------------------
TP27626 not allocated
----------------------

----------------------
TP27665 not allocated
----------------------

----------------------
TP28124 not allocated
----------------------

----------------------
TP28306 not allocated
----------------------

----------------------
TP28394 not allocated
----------------------

----------------------
TP28465 not allocated
----------------------

----------------------
TP28717 not allocated
----------------------

----------------------
TP29173 not allocated
----------------------

----------------------
TP29420 not allocated
----------------------

----------------------
TP29471 not allocated
----------------------

----------------------
TP30376 allocated to 1
----------------------

----------------------
TP30483 not allocated
----------------------

----------------------
TP30621 not allocated
----------------------

----------------------
TP30632 not allocated
----------------------

----------------------
TP31052 not allocated
----------------------

----------------------
TP31218 not allocated
----------------------

----------------------
TP31354 not allocated
----------------------

----------------------
TP31678 not allocated
----------------------

----------------------
TP31775 not allocated
----------------------

----------------------
TP32993 not allocated
----------------------

----------------------
TP33531 not allocated
----------------------

----------------------
TP33574 not allocated
----------------------

----------------------
TP33833 not allocated
----------------------

----------------------
TP34089 not allocated
----------------------

----------------------
TP34220 not allocated
----------------------

----------------------
TP34291 not allocated
----------------------

----------------------
TP34480 not allocated
----------------------

----------------------
TP34754 not allocated
----------------------

----------------------
TP34964 not allocated
----------------------

----------------------
TP35658 allocated to 1
----------------------

----------------------
TP35771 not allocated
----------------------

----------------------
TP36239 not allocated
----------------------

----------------------
TP36361 not allocated
----------------------

----------------------
TP36832 not allocated
----------------------

----------------------
TP36993 allocated to 1
----------------------

----------------------
TP37468 not allocated
----------------------

----------------------
TP38260 not allocated
----------------------

----------------------
TP38320 allocated to 1
----------------------

----------------------
TP38496 allocated to 3
----------------------

----------------------
TP38672 not allocated
----------------------

----------------------
TP38756 allocated to 1
----------------------

----------------------
TP39612 not allocated
----------------------

----------------------
TP39735 not allocated
----------------------

----------------------
TP39834 not allocated
----------------------

----------------------
TP39929 not allocated
----------------------

----------------------
TP40566 not allocated
----------------------

----------------------
TP40617 not allocated
----------------------

----------------------
TP40994 allocated to 1
----------------------

----------------------
TP42294 not allocated
----------------------

----------------------
TP42374 not allocated
----------------------

----------------------
TP42426 not allocated
----------------------

----------------------
TP42711 not allocated
----------------------

----------------------
TP42882 not allocated
----------------------

----------------------
TP42891 not allocated
----------------------

----------------------
TP43228 not allocated
----------------------

----------------------
TP43327 not allocated
----------------------

----------------------
TP43841 allocated to 2
----------------------

----------------------
TP43848 allocated to 2
----------------------

----------------------
TP44014 not allocated
----------------------

----------------------
TP44170 not allocated
----------------------

----------------------
TP44360 allocated to 1
----------------------

----------------------
TP44547 allocated to 1
----------------------

----------------------
TP44732 not allocated
----------------------

----------------------
TP44804 not allocated
----------------------

----------------------
TP45181 allocated to 2
----------------------

----------------------
TP45182 allocated to 2
----------------------

----------------------
TP45404 not allocated
----------------------

----------------------
TP45475 not allocated
----------------------

----------------------
TP45509 not allocated
----------------------

----------------------
TP45577 not allocated
----------------------

----------------------
TP45688 not allocated
----------------------

----------------------
TP45817 not allocated
----------------------

----------------------
TP45943 not allocated
----------------------

----------------------
TP46519 not allocated
----------------------

----------------------
TP46550 not allocated
----------------------

----------------------
TP47174 not allocated
----------------------

----------------------
TP47744 not allocated
----------------------

----------------------
TP47794 allocated to 1
----------------------

----------------------
TP48207 not allocated
----------------------

----------------------
TP48333 not allocated
----------------------

----------------------
TP48376 not allocated
----------------------

----------------------
TP48559 not allocated
----------------------

----------------------
TP48653 not allocated
----------------------

----------------------
TP49268 not allocated
----------------------

----------------------
TP49325 not allocated
----------------------

----------------------
TP49381 not allocated
----------------------

----------------------
TP49541 allocated to 1
----------------------

-------------------------------------------------------------------------

Ride-sharing vs Individual Mode - Num Vehicles and Distance Comparisson 

-------------------------------------------------------------------------
Individual Mode = 188 vehicles.
Ride-sharing Mode = 86 vehicles. The 4 ride-sharing vehicles + 82 vehicles of the individuals not served by the ride-sharing service.
-------------------------------------------------------------------------
Individual Mode = 447 distance.
Ride-sharing Mode = 628 distance. 400 from the EV fleet + 228 from the distance of the trips not covered individuals had to do with their own vehicle.
-------------------------------------------------------------------------
