-------------------------------------------------------------------------
TPs satisfied = 176; Total TPs = 176; Percentage Satisfied + 100.0%
-------------------------------------------------------------------------

-------------------------------------------------------------------------

EVs

-------------------------------------------------------------------------
--------------------------------------
EV1
--------------------------------------
Num TPs served = 1
TPs served = 119
Total energy used = 0
--------------------------------------
Schedule:
0 231 549 496 549 496 0 0 100 100 0 231 0
231 231 549 496 549 496 0 1 100 100 119 32 0
231 232 549 496 549 496 1 1 100 100 0 1 0
232 232 549 496 549 496 1 0 100 100 -119 32 0
232 43267 549 496 549 496 0 0 100 100 1000000000 43035 0
--------------------------------------
--------------------------------------
EV2
--------------------------------------
Num TPs served = 46
TPs served = 452 879 1585 1667 1970 2137 2320 2449 2503 2647 2879 3189 3338 3407 3517 3862 4048 4261 4715 4920 5803 6177 6695 6866 7042 7100 7744 8509 9733 10184 10827 11272 12840 17122 19427 21270 23088 25283 26106 37505 39886 46741 47659 47879 48831 49624
Total energy used = 100
--------------------------------------
Schedule:
0 822 549 496 549 496 0 0 100 100 0 822 0
822 822 549 496 549 496 0 1 100 100 452 32 0
822 823 549 496 549 496 1 1 100 100 0 1 0
823 824 549 496 549 497 1 0 100 99 -452 32 1
824 1550 549 497 549 497 0 0 99 99 0 726 0
1550 1551 549 497 549 496 0 1 99 98 879 32 1
1551 1555 549 496 550 499 1 0 98 94 -879 32 4
1555 2751 550 499 550 499 0 0 94 94 0 1196 0
2751 2755 550 499 549 496 0 1 94 90 1585 32 4
2755 2757 549 496 549 496 1 1 90 90 0 2 0
2757 2757 549 496 549 496 1 0 90 90 -1585 32 0
2757 2910 549 496 549 496 0 0 90 90 0 153 0
2910 2910 549 496 549 496 0 1 90 90 1667 32 0
2910 2923 549 496 549 496 1 1 90 90 0 13 0
2923 2925 549 496 549 498 1 0 90 88 -1667 32 2
2925 3460 549 498 549 498 0 0 88 88 0 535 0
3460 3462 549 498 549 496 0 1 88 86 1970 32 2
3462 3464 549 496 551 496 1 0 86 84 -1970 32 2
3464 3767 551 496 551 496 0 0 84 84 0 303 0
3767 3769 551 496 549 496 0 1 84 82 2137 32 2
3769 3771 549 496 550 497 1 0 82 80 -2137 32 2
3771 4111 550 497 550 497 0 0 80 80 0 340 0
4111 4113 550 497 549 496 0 1 80 78 2320 32 2
4113 4116 549 496 549 496 1 1 78 78 0 3 0
4116 4117 549 496 549 497 1 0 78 77 -2320 32 1
4117 4354 549 497 549 497 0 0 77 77 0 237 0
4354 4355 549 497 549 496 0 1 77 76 2449 32 1
4355 4360 549 496 549 496 1 1 76 76 0 5 0
4360 4366 549 496 550 501 1 0 76 70 -2449 32 6
4366 4442 550 501 550 501 0 0 70 70 0 76 0
4442 4448 550 501 549 496 0 1 70 64 2503 32 6
4448 4449 549 496 549 496 1 1 64 64 0 1 0
4449 4450 549 496 550 496 1 0 64 63 -2503 32 1
4450 4724 550 496 550 496 0 0 63 63 0 274 0
4724 4725 550 496 549 496 0 1 63 62 2647 32 1
4725 4739 549 496 549 496 1 1 62 62 0 14 0
4739 4740 549 496 550 496 1 0 62 61 -2647 32 1
4740 5134 550 496 550 496 0 0 61 61 0 394 0
5134 5135 550 496 549 496 0 1 61 60 2879 32 1
5135 5136 549 496 549 496 1 1 60 60 0 1 0
5136 5136 549 496 549 496 1 0 60 60 -2879 32 0
5136 5689 549 496 549 496 0 0 60 60 0 553 0
5689 5689 549 496 549 496 0 1 60 60 3189 32 0
5689 5691 549 496 549 498 1 0 60 58 -3189 32 2
5691 5944 549 498 549 498 0 0 58 58 0 253 0
5944 5946 549 498 549 496 0 1 58 56 3338 32 2
5946 5947 549 496 549 496 1 1 56 56 0 1 0
5947 5947 549 496 549 496 1 0 56 56 -3338 32 0
5947 6061 549 496 549 496 0 0 56 56 0 114 0
6061 6061 549 496 549 496 0 1 56 56 3407 32 0
6061 6063 549 496 549 496 1 1 56 56 0 2 0
6063 6068 549 496 554 496 1 0 56 51 -3407 32 5
6068 6286 554 496 554 496 0 0 51 51 0 218 0
6286 6291 554 496 549 496 0 1 51 46 19427 32 5
6291 6291 549 496 549 496 1 2 46 46 3517 20 0
6291 6292 549 496 550 496 2 1 46 45 -19427 32 1
6292 6292 550 496 550 496 1 0 45 45 -3517 20 0
6292 6947 550 496 550 496 0 0 45 45 0 655 0
6947 6948 550 496 549 496 0 1 45 44 37505 32 1
6948 6948 549 496 549 496 1 2 44 44 3862 9 0
6948 6950 549 496 549 498 2 1 44 42 -37505 32 2
6950 6951 549 498 550 498 1 0 42 41 -3862 10 1
6951 7282 550 498 550 498 0 0 41 41 0 331 0
7282 7285 550 498 549 496 0 1 41 38 4048 32 3
7285 7286 549 496 549 496 1 1 38 38 0 1 0
7286 7287 549 496 550 496 1 0 38 37 -4048 32 1
7287 7647 550 496 550 496 0 0 37 37 0 360 0
7647 7648 550 496 549 496 0 1 37 36 4261 32 1
7648 7649 549 496 549 496 1 1 36 36 0 1 0
7649 7651 549 496 549 498 1 0 36 34 -4261 32 2
7651 8562 549 498 549 498 0 0 34 34 0 911 0
8562 8564 549 498 549 496 0 1 34 32 4715 32 2
8564 8566 549 496 549 496 1 1 32 32 0 2 0
8566 8570 549 496 552 497 1 0 32 28 -4715 32 4
8570 8933 552 497 552 497 0 0 28 28 0 363 0
8933 8937 552 497 549 496 0 1 28 24 4920 32 4
8937 8941 549 496 549 500 1 0 24 20 -4920 32 4
8941 10609 549 500 549 500 0 0 20 20 0 1668 0
10609 10613 549 500 549 496 0 1 20 16 5803 32 4
10613 10614 549 496 549 496 1 1 16 16 0 1 0
10614 10614 549 496 549 496 1 0 16 16 -5803 32 0
10614 11326 549 496 549 496 0 0 16 16 0 712 0
11326 11326 549 496 549 496 0 1 16 16 6177 32 0
11326 11327 549 496 549 496 1 1 16 16 0 1 0
11327 11328 549 496 549 497 1 0 16 15 -6177 32 1
11328 11462 549 497 549 497 0 0 15 15 0 134 0
11462 11463 549 497 549 496 0 1 15 14 21270 32 1
11463 11464 549 496 549 496 1 1 14 14 0 1 0
11464 11464 549 496 549 496 1 0 14 14 -21270 32 0
11464 12360 549 496 549 496 0 0 14 14 0 896 0
12360 12360 549 496 549 496 0 1 14 14 6695 32 0
12360 12362 549 496 551 496 1 0 14 12 -6695 32 2
12362 12702 551 496 551 496 0 0 12 12 0 340 0
12702 12704 551 496 549 496 0 1 12 10 6866 32 2
12704 12705 549 496 549 496 1 1 10 10 0 1 0
12705 12706 549 496 549 497 1 0 10 9 -6866 32 1
12706 13080 549 497 549 497 0 0 9 9 0 374 0
13080 13081 549 497 549 496 0 1 9 8 39886 32 1
13081 13082 549 496 549 496 1 1 8 8 0 1 0
13082 13082 549 496 549 496 1 2 8 8 7042 32 0
13082 13083 549 496 549 497 2 1 8 7 -39886 31 1
13083 13084 549 497 549 497 1 1 7 7 0 1 0
13084 13084 549 497 549 497 1 0 7 7 -7042 32 0
13084 13237 549 497 549 497 0 0 7 7 0 153 0
13237 13238 549 497 549 496 0 1 7 6 7100 32 1
13238 13239 549 496 549 496 1 1 6 6 0 1 0
13239 13239 549 496 549 496 1 0 6 6 -7100 32 0
13239 14643 549 496 549 496 0 0 6 6 0 1404 0
14643 14643 549 496 549 496 0 1 6 6 7744 32 0
14643 14645 549 496 549 498 1 0 6 4 -7744 32 2
14645 16187 549 498 549 498 0 0 4 4 0 1542 0
16187 16189 549 498 549 496 0 1 4 2 23088 32 2
16189 16190 549 496 549 496 1 1 2 2 0 1 0
16190 16190 549 496 549 496 1 0 2 2 -23088 32 0
16190 16380 549 496 549 496 0 0 2 2 0 190 0
16380 16380 549 496 549 496 0 1 2 2 8509 32 0
16380 16381 549 496 550 496 1 0 2 1 -8509 32 1
16381 19650 550 496 550 496 0 0 1 1 0 3269 0
19650 19651 550 496 549 496 0 1 1 0 9733 32 1
19651 19653 549 496 549 496 1 1 0 0 0 2 0
19653 19653 549 496 549 496 1 0 0 0 -9733 32 0
19653 20919 549 496 549 496 0 0 0 0 0 1266 0
20919 20919 549 496 549 496 0 1 0 0 10184 32 0
20919 20920 549 496 549 496 1 1 0 0 0 1 0
20920 20920 549 496 549 496 1 0 0 0 -10184 32 0
20920 21116 549 496 549 496 0 0 0 0 0 196 0
21116 21116 549 496 549 496 0 1 0 0 25283 32 0
21116 21117 549 496 549 496 1 1 0 0 0 1 0
21117 21117 549 496 549 496 1 0 0 0 -25283 32 0
21117 22826 549 496 549 496 0 0 0 0 0 1709 0
22826 22826 549 496 549 496 0 1 0 0 10827 32 0
22826 22827 549 496 549 496 1 1 0 0 0 1 0
22827 22827 549 496 549 496 1 0 0 0 -10827 32 0
22827 22864 549 496 549 496 0 0 0 0 0 37 0
22864 22864 549 496 549 496 0 1 0 0 26106 32 0
22864 22865 549 496 549 496 1 1 0 0 0 1 0
22865 22865 549 496 549 496 1 0 0 0 -26106 32 0
22865 24176 549 496 549 496 0 0 0 0 0 1311 0
24176 24176 549 496 549 496 0 1 0 0 11272 32 0
24176 24177 549 496 549 496 1 1 0 0 0 1 0
24177 24177 549 496 549 496 1 0 0 0 -11272 32 0
24177 27126 549 496 549 496 0 0 0 0 0 2949 0
27126 27126 549 496 549 496 0 1 0 0 46741 32 0
27126 27127 549 496 549 496 1 1 0 0 0 1 0
27127 27127 549 496 549 496 1 0 0 0 -46741 32 0
27127 28634 549 496 549 496 0 0 0 0 0 1507 0
28634 28634 549 496 549 496 0 1 0 0 47659 32 0
28634 28636 549 496 549 496 1 1 0 0 0 2 0
28636 28636 549 496 549 496 1 0 0 0 -47659 32 0
28636 29004 549 496 549 496 0 0 0 0 0 368 0
29004 29004 549 496 549 496 0 1 0 0 47879 32 0
29004 29005 549 496 549 496 1 1 0 0 0 1 0
29005 29005 549 496 549 496 1 0 0 0 -47879 32 0
29005 29711 549 496 549 496 0 0 0 0 0 706 0
29711 29711 549 496 549 496 0 1 0 0 12840 32 0
29711 29712 549 496 549 496 1 1 0 0 0 1 0
29712 29712 549 496 549 496 1 0 0 0 -12840 32 0
29712 30726 549 496 549 496 0 0 0 0 0 1014 0
30726 30726 549 496 549 496 0 1 0 0 48831 32 0
30726 30728 549 496 549 496 1 1 0 0 0 2 0
30728 30728 549 496 549 496 1 0 0 0 -48831 32 0
30728 32102 549 496 549 496 0 0 0 0 0 1374 0
32102 32102 549 496 549 496 0 1 0 0 49624 32 0
32102 32104 549 496 549 496 1 1 0 0 0 2 0
32104 32104 549 496 549 496 1 0 0 0 -49624 32 0
32104 42724 549 496 549 496 0 0 0 0 0 10620 0
42724 42724 549 496 549 496 0 1 0 0 17122 32 0
42724 42725 549 496 549 496 1 1 0 0 0 1 0
42725 42725 549 496 549 496 1 0 0 0 -17122 32 0
42725 43267 549 496 549 496 0 0 0 0 0 542 0
43267 43267 549 496 549 496 0 0 0 0 1000000000 0 0
--------------------------------------
--------------------------------------
EV3
--------------------------------------
Num TPs served = 22
TPs served = 6539 8438 8616 8766 9035 9602 9775 12284 12487 12884 14071 14135 14152 14545 14793 15005 15048 15324 15345 15620 15734 16168
Total energy used = 100
--------------------------------------
Schedule:
0 12025 549 496 549 496 0 0 100 100 0 12025 0
12025 12025 549 496 549 496 0 1 100 100 6539 32 0
12025 12026 549 496 549 496 1 1 100 100 0 1 0
12026 12036 549 496 557 498 1 0 100 90 -6539 32 10
12036 16224 557 498 557 498 0 0 90 90 0 4188 0
16224 16234 557 498 549 496 0 1 90 80 8438 32 10
16234 16236 549 496 550 497 1 0 80 78 -8438 32 2
16236 16653 550 497 550 497 0 0 78 78 0 417 0
16653 16655 550 497 549 496 0 1 78 76 8616 32 2
16655 16656 549 496 550 496 1 0 76 75 -8616 32 1
16656 17053 550 496 550 496 0 0 75 75 0 397 0
17053 17054 550 496 549 496 0 1 75 74 8766 32 1
17054 17055 549 496 549 497 1 0 74 73 -8766 32 1
17055 17724 549 497 549 497 0 0 73 73 0 669 0
17724 17725 549 497 549 496 0 1 73 72 9035 32 1
17725 17727 549 496 551 496 1 0 72 70 -9035 32 2
17727 19294 551 496 551 496 0 0 70 70 0 1567 0
19294 19296 551 496 549 496 0 1 70 68 9602 32 2
19296 19297 549 496 549 496 1 1 68 68 0 1 0
19297 19298 549 496 549 497 1 0 68 67 -9602 32 1
19298 19808 549 497 549 497 0 0 67 67 0 510 0
19808 19809 549 497 549 496 0 1 67 66 9775 32 1
19809 19813 549 496 549 496 1 1 66 66 0 4 0
19813 19819 549 496 553 498 1 0 66 60 -9775 32 6
19819 27708 553 498 553 498 0 0 60 60 0 7889 0
27708 27714 553 498 549 496 0 1 60 54 12284 32 6
27714 27719 549 496 554 496 1 0 54 49 -12284 32 5
27719 28383 554 496 554 496 0 0 49 49 0 664 0
28383 28388 554 496 549 496 0 1 49 44 12487 32 5
28388 28389 549 496 549 496 1 1 44 44 0 1 0
28389 28390 549 496 550 496 1 0 44 43 -12487 32 1
28390 29876 550 496 550 496 0 0 43 43 0 1486 0
29876 29877 550 496 549 496 0 1 43 42 12884 32 1
29877 29878 549 496 549 496 1 1 42 42 0 1 0
29878 29880 549 496 551 496 1 0 42 40 -12884 32 2
29880 34253 551 496 551 496 0 0 40 40 0 4373 0
34253 34255 551 496 549 496 0 1 40 38 14071 32 2
34255 34256 549 496 550 496 1 0 38 37 -14071 32 1
34256 34479 550 496 550 496 0 0 37 37 0 223 0
34479 34480 550 496 549 496 0 1 37 36 14135 32 1
34480 34481 549 496 549 496 1 1 36 36 0 1 0
34481 34482 549 496 550 496 1 0 36 35 -14135 32 1
34482 34554 550 496 550 496 0 0 35 35 0 72 0
34554 34555 550 496 549 496 0 1 35 34 14152 32 1
34555 34556 549 496 550 496 1 0 34 33 -14152 32 1
34556 36024 550 496 550 496 0 0 33 33 0 1468 0
36024 36025 550 496 549 496 0 1 33 32 14545 32 1
36025 36028 549 496 549 496 1 1 32 32 0 3 0
36028 36030 549 496 549 498 1 0 32 30 -14545 32 2
36030 37030 549 498 549 498 0 0 30 30 0 1000 0
37030 37032 549 498 549 496 0 1 30 28 14793 32 2
37032 37033 549 496 549 496 1 1 28 28 0 1 0
37033 37034 549 496 550 496 1 0 28 27 -14793 32 1
37034 37822 550 496 550 496 0 0 27 27 0 788 0
37822 37823 550 496 549 496 0 1 27 26 15005 32 1
37823 37824 549 496 550 496 1 0 26 25 -15005 32 1
37824 37968 550 496 550 496 0 0 25 25 0 144 0
37968 37969 550 496 549 496 0 1 25 24 15048 32 1
37969 37970 549 496 549 496 1 1 24 24 0 1 0
37970 37972 549 496 551 496 1 0 24 22 -15048 32 2
37972 39105 551 496 551 496 0 0 22 22 0 1133 0
39105 39107 551 496 549 496 0 1 22 20 15324 32 2
39107 39108 549 496 549 496 1 1 20 20 0 1 0
39108 39111 549 496 550 498 1 0 20 17 -15324 32 3
39111 39182 550 498 550 498 0 0 17 17 0 71 0
39182 39185 550 498 549 496 0 1 17 14 15345 32 3
39185 39186 549 496 549 496 1 1 14 14 0 1 0
39186 39187 549 496 549 497 1 0 14 13 -15345 32 1
39187 40060 549 497 549 497 0 0 13 13 0 873 0
40060 40061 549 497 549 496 0 1 13 12 15620 32 1
40061 40068 549 496 549 496 1 1 12 12 0 7 0
40068 40071 549 496 550 498 1 0 12 9 -15620 32 3
40071 40275 550 498 550 498 0 0 9 9 0 204 0
40275 40278 550 498 549 496 0 1 9 6 15734 32 3
40278 40279 549 496 550 496 1 0 6 5 -15734 32 1
40279 41062 550 496 550 496 0 0 5 5 0 783 0
41062 41063 550 496 549 496 0 1 5 4 16168 32 1
41063 41065 549 496 551 496 1 0 4 2 -16168 32 2
41065 43265 551 496 551 496 0 0 2 2 0 2200 0
43265 43267 551 496 549 496 0 0 2 0 1000000000 0 2
--------------------------------------
--------------------------------------
EV4
--------------------------------------
Num TPs served = 21
TPs served = 16111 17687 17696 18345 18770 18859 18981 20968 21336 21341 21427 21508 22228 23429 23470 24200 24494 24978 24990 25075 26062
Total energy used = 100
--------------------------------------
Schedule:
0 832 549 496 549 496 0 0 100 100 0 832 0
832 832 549 496 549 496 0 1 100 100 17687 32 0
832 864 549 496 549 496 1 1 100 100 0 32 0
864 864 549 496 549 496 1 2 100 100 17696 32 0
864 866 549 496 551 496 2 1 100 98 -17687 1 2
866 868 551 496 553 496 1 0 98 96 -17696 32 2
868 2899 553 496 553 496 0 0 96 96 0 2031 0
2899 2903 553 496 549 496 0 1 96 92 18345 32 4
2903 2905 549 496 551 496 1 0 92 90 -18345 32 2
2905 4261 551 496 551 496 0 0 90 90 0 1356 0
4261 4263 551 496 549 496 0 1 90 88 18770 32 2
4263 4265 549 496 549 496 1 1 88 88 0 2 0
4265 4266 549 496 549 497 1 0 88 87 -18770 32 1
4266 4546 549 497 549 497 0 0 87 87 0 280 0
4546 4547 549 497 549 496 0 1 87 86 18859 32 1
4547 4548 549 496 549 496 1 1 86 86 0 1 0
4548 4566 549 496 564 499 1 0 86 68 -18859 32 18
4566 4910 564 499 564 499 0 0 68 68 0 344 0
4910 4928 564 499 549 496 0 1 68 50 18981 32 18
4928 4929 549 496 550 496 1 0 50 49 -18981 32 1
4929 10668 550 496 550 496 0 0 49 49 0 5739 0
10668 10669 550 496 549 496 0 1 49 48 20968 32 1
10669 10671 549 496 551 496 1 0 48 46 -20968 32 2
10671 11669 551 496 551 496 0 0 46 46 0 998 0
11669 11671 551 496 549 496 0 1 46 44 21341 32 2
11671 11671 549 496 549 496 1 2 44 44 21336 25 0
11671 11673 549 496 550 497 2 1 44 42 -21341 32 2
11673 11675 550 497 549 498 1 0 42 40 -21336 23 2
11675 11899 549 498 549 498 0 0 40 40 0 224 0
11899 11901 549 498 549 496 0 1 40 38 21427 32 2
11901 11903 549 496 550 497 1 0 38 36 -21427 32 2
11903 12137 550 497 550 497 0 0 36 36 0 234 0
12137 12139 550 497 549 496 0 1 36 34 21508 32 2
12139 12141 549 496 549 496 1 1 34 34 0 2 0
12141 12142 549 496 550 496 1 0 34 33 -21508 32 1
12142 14043 550 496 550 496 0 0 33 33 0 1901 0
14043 14044 550 496 549 496 0 1 33 32 22228 32 1
14044 14045 549 496 550 496 1 0 32 31 -22228 32 1
14045 17020 550 496 550 496 0 0 31 31 0 2975 0
17020 17021 550 496 549 496 0 1 31 30 23429 32 1
17021 17022 549 496 550 496 1 0 30 29 -23429 32 1
17022 17112 550 496 550 496 0 0 29 29 0 90 0
17112 17113 550 496 549 496 0 1 29 28 23470 32 1
17113 17114 549 496 549 496 1 1 28 28 0 1 0
17114 17115 549 496 550 496 1 0 28 27 -23470 32 1
17115 18717 550 496 550 496 0 0 27 27 0 1602 0
18717 18718 550 496 549 496 0 1 27 26 24200 32 1
18718 18721 549 496 550 498 1 0 26 23 -24200 32 3
18721 19381 550 498 550 498 0 0 23 23 0 660 0
19381 19384 550 498 549 496 0 1 23 20 24494 32 3
19384 19386 549 496 551 496 1 0 20 18 -24494 32 2
19386 20490 551 496 551 496 0 0 18 18 0 1104 0
20490 20492 551 496 549 496 0 1 18 16 24990 32 2
20492 20492 549 496 549 496 1 2 16 16 24978 2 0
20492 20493 549 496 549 497 2 1 16 15 -24978 2 1
20493 20497 549 497 549 497 1 1 15 15 0 4 0
20497 20498 549 497 550 497 1 0 15 14 -24990 32 1
20498 20679 550 497 550 497 0 0 14 14 0 181 0
20679 20681 550 497 549 496 0 1 14 12 25075 32 2
20681 20682 549 496 549 497 1 0 12 11 -25075 32 1
20682 22777 549 497 549 497 0 0 11 11 0 2095 0
22777 22778 549 497 549 496 0 1 11 10 26062 32 1
22778 22779 549 496 549 496 1 1 10 10 0 1 0
22779 22780 549 496 549 497 1 0 10 9 -26062 32 1
22780 40968 549 497 549 497 0 0 9 9 0 18188 0
40968 40969 549 497 549 496 0 1 9 8 16111 32 1
40969 40973 549 496 553 496 1 0 8 4 -16111 32 4
40973 43263 553 496 553 496 0 0 4 4 0 2290 0
43263 43267 553 496 549 496 0 0 4 0 1000000000 0 4
--------------------------------------
--------------------------------------
EV5
--------------------------------------
Num TPs served = 19
TPs served = 25041 25095 25546 25749 26850 27211 28003 28572 28713 29037 29262 30148 30195 30313 30946 31067 31220 33100 43759
Total energy used = 100
--------------------------------------
Schedule:
0 20605 549 496 549 496 0 0 100 100 0 20605 0
20605 20605 549 496 549 496 0 1 100 100 25041 32 0
20605 20610 549 496 554 496 1 0 100 95 -25041 32 5
20610 20717 554 496 554 496 0 0 95 95 0 107 0
20717 20722 554 496 549 496 0 1 95 90 25095 32 5
20722 20725 549 496 549 496 1 1 90 90 0 3 0
20725 20728 549 496 549 499 1 0 90 87 -25095 32 3
20728 21699 549 499 549 499 0 0 87 87 0 971 0
21699 21702 549 499 549 496 0 1 87 84 43759 32 3
21702 21702 549 496 549 496 1 2 84 84 25546 25 0
21702 21706 549 496 549 496 2 2 84 84 0 4 0
21706 21707 549 496 549 497 2 1 84 83 -43759 32 1
21707 21710 549 497 550 499 1 0 83 80 -25546 22 3
21710 22127 550 499 550 499 0 0 80 80 0 417 0
22127 22131 550 499 549 496 0 1 80 76 25749 32 4
22131 22133 549 496 551 496 1 0 76 74 -25749 32 2
22133 24352 551 496 551 496 0 0 74 74 0 2219 0
24352 24354 551 496 549 496 0 1 74 72 26850 32 2
24354 24355 549 496 549 497 1 0 72 71 -26850 32 1
24355 25036 549 497 549 497 0 0 71 71 0 681 0
25036 25037 549 497 549 496 0 1 71 70 27211 32 1
25037 25039 549 496 551 496 1 0 70 68 -27211 32 2
25039 26523 551 496 551 496 0 0 68 68 0 1484 0
26523 26525 551 496 549 496 0 1 68 66 28003 32 2
26525 26527 549 496 551 496 1 0 66 64 -28003 32 2
26527 27619 551 496 551 496 0 0 64 64 0 1092 0
27619 27621 551 496 549 496 0 1 64 62 28572 32 2
27621 27622 549 496 549 496 1 1 62 62 0 1 0
27622 27629 549 496 551 501 1 0 62 55 -28572 32 7
27629 27893 551 501 551 501 0 0 55 55 0 264 0
27893 27900 551 501 549 496 0 1 55 48 28713 32 7
27900 27902 549 496 549 496 1 1 48 48 0 2 0
27902 27903 549 496 549 497 1 0 48 47 -28713 32 1
27903 28552 549 497 549 497 0 0 47 47 0 649 0
28552 28553 549 497 549 496 0 1 47 46 29037 32 1
28553 28555 549 496 551 496 1 0 46 44 -29037 32 2
28555 29015 551 496 551 496 0 0 44 44 0 460 0
29015 29017 551 496 549 496 0 1 44 42 29262 32 2
29017 29019 549 496 549 496 1 1 42 42 0 2 0
29019 29021 549 496 551 496 1 0 42 40 -29262 32 2
29021 30754 551 496 551 496 0 0 40 40 0 1733 0
30754 30756 551 496 549 496 0 1 40 38 30148 32 2
30756 30760 549 496 552 497 1 0 38 34 -30148 32 4
30760 30834 552 497 552 497 0 0 34 34 0 74 0
30834 30838 552 497 549 496 0 1 34 30 30195 32 4
30838 30839 549 496 549 496 1 1 30 30 0 1 0
30839 30841 549 496 551 496 1 0 30 28 -30195 32 2
30841 31090 551 496 551 496 0 0 28 28 0 249 0
31090 31092 551 496 549 496 0 1 28 26 30313 32 2
31092 31094 549 496 551 496 1 0 26 24 -30313 32 2
31094 32391 551 496 551 496 0 0 24 24 0 1297 0
32391 32393 551 496 549 496 0 1 24 22 30946 32 2
32393 32394 549 496 549 496 1 1 22 22 0 1 0
32394 32399 549 496 554 496 1 0 22 17 -30946 32 5
32399 32635 554 496 554 496 0 0 17 17 0 236 0
32635 32640 554 496 549 496 0 1 17 12 31067 32 5
32640 32644 549 496 553 496 1 0 12 8 -31067 32 4
32644 32970 553 496 553 496 0 0 8 8 0 326 0
32970 32974 553 496 549 496 0 1 8 4 31220 32 4
32974 32975 549 496 549 497 1 0 4 3 -31220 32 1
32975 37454 549 497 549 497 0 0 3 3 0 4479 0
37454 37455 549 497 549 496 0 1 3 2 33100 32 1
37455 37456 549 496 550 496 1 0 2 1 -33100 32 1
37456 43266 550 496 550 496 0 0 1 1 0 5810 0
43266 43267 550 496 549 496 0 0 1 0 1000000000 0 1
--------------------------------------
--------------------------------------
EV6
--------------------------------------
Num TPs served = 18
TPs served = 31857 32595 32690 33214 33460 34364 35372 35497 35620 36189 36622 36662 36826 36851 37187 37593 37701 39006
Total energy used = 100
--------------------------------------
Schedule:
0 675 549 496 549 496 0 0 100 100 0 675 0
675 675 549 496 549 496 0 1 100 100 35372 32 0
675 678 549 496 551 497 1 0 100 97 -35372 32 3
678 1036 551 497 551 497 0 0 97 97 0 358 0
1036 1039 551 497 549 496 0 1 97 94 35497 32 3
1039 1040 549 496 549 496 1 1 94 94 0 1 0
1040 1041 549 496 550 496 1 0 94 93 -35497 32 1
1041 1417 550 496 550 496 0 0 93 93 0 376 0
1417 1418 550 496 549 496 0 1 93 92 35620 32 1
1418 1419 549 496 550 496 1 0 92 91 -35620 32 1
1419 3045 550 496 550 496 0 0 91 91 0 1626 0
3045 3046 550 496 549 496 0 1 91 90 36189 32 1
3046 3047 549 496 550 496 1 0 90 89 -36189 32 1
3047 4312 550 496 550 496 0 0 89 89 0 1265 0
4312 4313 550 496 549 496 0 1 89 88 36622 32 1
4313 4314 549 496 549 496 1 1 88 88 0 1 0
4314 4315 549 496 550 496 1 0 88 87 -36622 32 1
4315 4469 550 496 550 496 0 0 87 87 0 154 0
4469 4470 550 496 549 496 0 1 87 86 36662 32 1
4470 4472 549 496 551 496 1 0 86 84 -36662 32 2
4472 4940 551 496 551 496 0 0 84 84 0 468 0
4940 4942 551 496 549 496 0 1 84 82 36826 32 2
4942 4945 549 496 552 496 1 0 82 79 -36826 32 3
4945 5003 552 496 552 496 0 0 79 79 0 58 0
5003 5006 552 496 549 496 0 1 79 76 36851 32 3
5006 5008 549 496 549 496 1 1 76 76 0 2 0
5008 5010 549 496 550 497 1 0 76 74 -36851 32 2
5010 6005 550 497 550 497 0 0 74 74 0 995 0
6005 6007 550 497 549 496 0 1 74 72 37187 32 2
6007 6010 549 496 549 499 1 0 72 69 -37187 32 3
6010 7170 549 499 549 499 0 0 69 69 0 1160 0
7170 7173 549 499 549 496 0 1 69 66 37593 32 3
7173 7174 549 496 550 496 1 0 66 65 -37593 32 1
7174 7446 550 496 550 496 0 0 65 65 0 272 0
7446 7447 550 496 549 496 0 1 65 64 37701 32 1
7447 7449 549 496 549 496 1 1 64 64 0 2 0
7449 7451 549 496 550 497 1 0 64 62 -37701 32 2
7451 10868 550 497 550 497 0 0 62 62 0 3417 0
10868 10870 550 497 549 496 0 1 62 60 39006 32 2
10870 10872 549 496 551 496 1 0 60 58 -39006 32 2
10872 34393 551 496 551 496 0 0 58 58 0 23521 0
34393 34395 551 496 549 496 0 1 58 56 31857 32 2
34395 34398 549 496 549 496 1 1 56 56 0 3 0
34398 34405 549 496 551 501 1 0 56 49 -31857 32 7
34405 36139 551 501 551 501 0 0 49 49 0 1734 0
36139 36146 551 501 549 496 0 1 49 42 32595 32 7
36146 36151 549 496 554 496 1 0 42 37 -32595 32 5
36151 36352 554 496 554 496 0 0 37 37 0 201 0
36352 36357 554 496 549 496 0 1 37 32 32690 32 5
36357 36359 549 496 549 496 1 1 32 32 0 2 0
36359 36364 549 496 550 500 1 0 32 27 -32690 32 5
36364 37706 550 500 550 500 0 0 27 27 0 1342 0
37706 37711 550 500 549 496 0 1 27 22 33214 32 5
37711 37712 549 496 549 496 1 1 22 22 0 1 0
37712 37717 549 496 553 497 1 0 22 17 -33214 32 5
37717 38301 553 497 553 497 0 0 17 17 0 584 0
38301 38306 553 497 549 496 0 1 17 12 33460 32 5
38306 38307 549 496 549 496 1 1 12 12 0 1 0
38307 38310 549 496 550 498 1 0 12 9 -33460 32 3
38310 40823 550 498 550 498 0 0 9 9 0 2513 0
40823 40826 550 498 549 496 0 1 9 6 34364 32 3
40826 40829 549 496 550 498 1 0 6 3 -34364 32 3
40829 43264 550 498 550 498 0 0 3 3 0 2435 0
43264 43267 550 498 549 496 0 0 3 0 1000000000 0 3
--------------------------------------
--------------------------------------
EV7
--------------------------------------
Num TPs served = 11
TPs served = 37000 38325 38370 39053 39576 39939 40488 41286 41633 42218 42377
Total energy used = 100
--------------------------------------
Schedule:
0 5434 549 496 549 496 0 0 100 100 0 5434 0
5434 5434 549 496 549 496 0 1 100 100 37000 32 0
5434 5437 549 496 549 496 1 1 100 100 0 3 0
5437 5448 549 496 559 497 1 0 100 89 -37000 32 11
5448 9159 559 497 559 497 0 0 89 89 0 3711 0
9159 9170 559 497 549 496 0 1 89 78 38325 32 11
9170 9178 549 496 556 497 1 0 78 70 -38325 32 8
9178 9271 556 497 556 497 0 0 70 70 0 93 0
9271 9279 556 497 549 496 0 1 70 62 38370 32 8
9279 9291 549 496 561 496 1 0 62 50 -38370 32 12
9291 10958 561 496 561 496 0 0 50 50 0 1667 0
10958 10970 561 496 549 496 0 1 50 38 39053 32 12
10970 10973 549 496 549 496 1 1 38 38 0 3 0
10973 10976 549 496 550 498 1 0 38 35 -39053 32 3
10976 12292 550 498 550 498 0 0 35 35 0 1316 0
12292 12295 550 498 549 496 0 1 35 32 39576 32 3
12295 12298 549 496 552 496 1 0 32 29 -39576 32 3
12298 13239 552 496 552 496 0 0 29 29 0 941 0
13239 13242 552 496 549 496 0 1 29 26 39939 32 3
13242 13244 549 496 550 497 1 0 26 24 -39939 32 2
13244 14682 550 497 550 497 0 0 24 24 0 1438 0
14682 14684 550 497 549 496 0 1 24 22 40488 32 2
14684 14686 549 496 549 496 1 1 22 22 0 2 0
14686 14689 549 496 550 498 1 0 22 19 -40488 32 3
14689 16521 550 498 550 498 0 0 19 19 0 1832 0
16521 16524 550 498 549 496 0 1 19 16 41286 32 3
16524 16526 549 496 551 496 1 0 16 14 -41286 32 2
16526 17331 551 496 551 496 0 0 14 14 0 805 0
17331 17333 551 496 549 496 0 1 14 12 41633 32 2
17333 17335 549 496 551 496 1 0 12 10 -41633 32 2
17335 18566 551 496 551 496 0 0 10 10 0 1231 0
18566 18568 551 496 549 496 0 1 10 8 42218 32 2
18568 18569 549 496 549 496 1 1 8 8 0 1 0
18569 18570 549 496 550 496 1 0 8 7 -42218 32 1
18570 18885 550 496 550 496 0 0 7 7 0 315 0
18885 18886 550 496 549 496 0 1 7 6 42377 32 1
18886 18889 549 496 552 496 1 0 6 3 -42377 32 3
18889 43264 552 496 552 496 0 0 3 3 0 24375 0
43264 43267 552 496 549 496 0 0 3 0 1000000000 0 3
--------------------------------------
--------------------------------------
EV8
--------------------------------------
Num TPs served = 10
TPs served = 40878 41807 42494 42682 42916 43018 43391 43468 43773 44681
Total energy used = 100
--------------------------------------
Schedule:
0 15610 549 496 549 496 0 0 100 100 0 15610 0
15610 15610 549 496 549 496 0 1 100 100 40878 32 0
15610 15629 549 496 567 497 1 0 100 81 -40878 32 19
15629 17670 567 497 567 497 0 0 81 81 0 2041 0
17670 17689 567 497 549 496 0 1 81 62 41807 32 19
17689 17700 549 496 559 497 1 0 62 51 -41807 32 11
17700 19146 559 497 559 497 0 0 51 51 0 1446 0
19146 19157 559 497 549 496 0 1 51 40 42494 32 11
19157 19163 549 496 549 496 1 1 40 40 0 6 0
19163 19172 549 496 554 500 1 0 40 31 -42494 32 9
19172 19584 554 500 554 500 0 0 31 31 0 412 0
19584 19593 554 500 549 496 0 1 31 22 42682 32 9
19593 19594 549 496 549 497 1 0 22 21 -42682 32 1
19594 20062 549 497 549 497 0 0 21 21 0 468 0
20062 20063 549 497 549 496 0 1 21 20 42916 32 1
20063 20067 549 496 553 496 1 0 20 16 -42916 32 4
20067 20248 553 496 553 496 0 0 16 16 0 181 0
20248 20252 553 496 549 496 0 1 16 12 43018 32 4
20252 20253 549 496 549 497 1 0 12 11 -43018 32 1
20253 20994 549 497 549 497 0 0 11 11 0 741 0
20994 20995 549 497 549 496 0 1 11 10 43391 32 1
20995 20996 549 496 549 496 1 1 10 10 0 1 0
20996 20998 549 496 551 496 1 0 10 8 -43391 32 2
20998 21140 551 496 551 496 0 0 8 8 0 142 0
21140 21142 551 496 549 496 0 1 8 6 43468 32 2
21142 21143 549 496 550 496 1 0 6 5 -43468 32 1
21143 21731 550 496 550 496 0 0 5 5 0 588 0
21731 21732 550 496 549 496 0 1 5 4 43773 32 1
21732 21733 549 496 549 496 1 1 4 4 0 1 0
21733 21734 549 496 549 497 1 0 4 3 -43773 32 1
21734 23449 549 497 549 497 0 0 3 3 0 1715 0
23449 23450 549 497 549 496 0 1 3 2 44681 32 1
23450 23451 549 496 550 496 1 0 2 1 -44681 32 1
23451 43266 550 496 550 496 0 0 1 1 0 19815 0
43266 43267 550 496 549 496 0 0 1 0 1000000000 0 1
--------------------------------------
--------------------------------------
EV9
--------------------------------------
Num TPs served = 20
TPs served = 43287 43574 43627 44617 44719 44868 45284 45328 45869 46011 46450 46562 46590 46897 47074 47146 47274 47456 48117 49838
Total energy used = 100
--------------------------------------
Schedule:
0 20763 549 496 549 496 0 0 100 100 0 20763 0
20763 20763 549 496 549 496 0 1 100 100 43287 32 0
20763 20771 549 496 552 501 1 0 100 92 -43287 32 8
20771 21345 552 501 552 501 0 0 92 92 0 574 0
21345 21353 552 501 549 496 0 1 92 84 43574 32 8
21353 21356 549 496 551 497 1 0 84 81 -43574 32 3
21356 21454 551 497 551 497 0 0 81 81 0 98 0
21454 21457 551 497 549 496 0 1 81 78 43627 32 3
21457 21460 549 496 550 498 1 0 78 75 -43627 32 3
21460 23327 550 498 550 498 0 0 75 75 0 1867 0
23327 23330 550 498 549 496 0 1 75 72 44617 32 3
23330 23334 549 496 553 496 1 0 72 68 -44617 32 4
23334 23513 553 496 553 496 0 0 68 68 0 179 0
23513 23517 553 496 549 496 0 1 68 64 44719 32 4
23517 23518 549 496 549 496 1 1 64 64 0 1 0
23518 23521 549 496 551 497 1 0 64 61 -44719 32 3
23521 23785 551 497 551 497 0 0 61 61 0 264 0
23785 23788 551 497 549 496 0 1 61 58 44868 32 3
23788 23791 549 496 551 497 1 0 58 55 -44868 32 3
23791 24508 551 497 551 497 0 0 55 55 0 717 0
24508 24511 551 497 549 496 0 1 55 52 45284 32 3
24511 24512 549 496 550 496 1 0 52 51 -45284 32 1
24512 24596 550 496 550 496 0 0 51 51 0 84 0
24596 24597 550 496 549 496 0 1 51 50 45328 32 1
24597 24599 549 496 549 498 1 0 50 48 -45328 32 2
24599 25542 549 498 549 498 0 0 48 48 0 943 0
25542 25544 549 498 549 496 0 1 48 46 45869 32 2
25544 25545 549 496 549 496 1 1 46 46 0 1 0
25545 25546 549 496 549 497 1 0 46 45 -45869 32 1
25546 25831 549 497 549 497 0 0 45 45 0 285 0
25831 25832 549 497 549 496 0 1 45 44 46011 32 1
25832 25833 549 496 549 497 1 0 44 43 -46011 32 1
25833 26592 549 497 549 497 0 0 43 43 0 759 0
26592 26593 549 497 549 496 0 1 43 42 46450 32 1
26593 26595 549 496 550 497 1 0 42 40 -46450 32 2
26595 26820 550 497 550 497 0 0 40 40 0 225 0
26820 26822 550 497 549 496 0 1 40 38 46562 32 2
26822 26836 549 496 549 496 1 1 38 38 0 14 0
26836 26837 549 496 550 496 1 0 38 37 -46562 32 1
26837 26872 550 496 550 496 0 0 37 37 0 35 0
26872 26873 550 496 549 496 0 1 37 36 46590 32 1
26873 26876 549 496 550 498 1 0 36 33 -46590 32 3
26876 27371 550 498 550 498 0 0 33 33 0 495 0
27371 27374 550 498 549 496 0 1 33 30 46897 32 3
27374 27375 549 496 549 496 1 1 30 30 0 1 0
27375 27378 549 496 551 497 1 0 30 27 -46897 32 3
27378 27676 551 497 551 497 0 0 27 27 0 298 0
27676 27679 551 497 549 496 0 1 27 24 47074 32 3
27679 27683 549 496 553 496 1 0 24 20 -47074 32 4
27683 27806 553 496 553 496 0 0 20 20 0 123 0
27806 27810 553 496 549 496 0 1 20 16 47146 32 4
27810 27812 549 496 549 498 1 0 16 14 -47146 32 2
27812 28007 549 498 549 498 0 0 14 14 0 195 0
28007 28009 549 498 549 496 0 1 14 12 47274 32 2
28009 28010 549 496 549 496 1 1 12 12 0 1 0
28010 28011 549 496 550 496 1 0 12 11 -47274 32 1
28011 28293 550 496 550 496 0 0 11 11 0 282 0
28293 28294 550 496 549 496 0 1 11 10 47456 32 1
28294 28296 549 496 550 497 1 0 10 8 -47456 32 2
28296 29433 550 497 550 497 0 0 8 8 0 1137 0
29433 29435 550 497 549 496 0 1 8 6 48117 32 2
29435 29437 549 496 549 498 1 0 6 4 -48117 32 2
29437 32475 549 498 549 498 0 0 4 4 0 3038 0
32475 32477 549 498 549 496 0 1 4 2 49838 32 2
32477 32478 549 496 549 496 1 1 2 2 0 1 0
32478 32479 549 496 550 496 1 0 2 1 -49838 32 1
32479 43266 550 496 550 496 0 0 1 1 0 10787 0
43266 43267 550 496 549 496 0 0 1 0 1000000000 0 1
--------------------------------------
--------------------------------------
EV10
--------------------------------------
Num TPs served = 8
TPs served = 48484 48805 49055 49137 49165 49552 49621 49950
Total energy used = 66
--------------------------------------
Schedule:
0 30118 549 496 549 496 0 0 100 100 0 30118 0
30118 30118 549 496 549 496 0 1 100 100 48484 32 0
30118 30119 549 496 549 496 1 1 100 100 0 1 0
30119 30123 549 496 553 496 1 0 100 96 -48484 32 4
30123 30680 553 496 553 496 0 0 96 96 0 557 0
30680 30684 553 496 549 496 0 1 96 92 48805 32 4
30684 30685 549 496 549 496 1 1 92 92 0 1 0
30685 30688 549 496 552 496 1 0 92 89 -48805 32 3
30688 31115 552 496 552 496 0 0 89 89 0 427 0
31115 31118 552 496 549 496 0 1 89 86 49055 32 3
31118 31121 549 496 549 496 1 1 86 86 0 3 0
31121 31125 549 496 552 497 1 0 86 82 -49055 32 4
31125 31240 552 497 552 497 0 0 82 82 0 115 0
31240 31244 552 497 549 496 0 1 82 78 49137 32 4
31244 31245 549 496 549 496 1 1 78 78 0 1 0
31245 31249 549 496 551 498 1 0 78 74 -49137 32 4
31249 31289 551 498 551 498 0 0 74 74 0 40 0
31289 31293 551 498 549 496 0 1 74 70 49165 32 4
31293 31294 549 496 549 496 1 1 70 70 0 1 0
31294 31296 549 496 551 496 1 0 70 68 -49165 32 2
31296 31983 551 496 551 496 0 0 68 68 0 687 0
31983 31985 551 496 549 496 0 1 68 66 49552 32 2
31985 31997 549 496 550 507 1 0 66 54 -49552 32 12
31997 32087 550 507 550 507 0 0 54 54 0 90 0
32087 32099 550 507 549 496 0 1 54 42 49621 32 12
32099 32101 549 496 550 497 1 0 42 40 -49621 32 2
32101 32668 550 497 550 497 0 0 40 40 0 567 0
32668 32670 550 497 549 496 0 1 40 38 49950 32 2
32670 32671 549 496 549 496 1 1 38 38 0 1 0
32671 32673 549 496 550 497 1 0 38 36 -49950 32 2
32673 43265 550 497 550 497 0 0 36 36 0 10592 0
43265 43267 550 497 549 496 0 0 36 34 1000000000 0 2
--------------------------------------

-------------------------------------------------------------------------

TPs

-------------------------------------------------------------------------

----------------------
TP119 allocated to 1
----------------------

----------------------
TP452 allocated to 2
----------------------

----------------------
TP879 allocated to 2
----------------------

----------------------
TP1585 allocated to 2
----------------------

----------------------
TP1667 allocated to 2
----------------------

----------------------
TP1970 allocated to 2
----------------------

----------------------
TP2137 allocated to 2
----------------------

----------------------
TP2320 allocated to 2
----------------------

----------------------
TP2449 allocated to 2
----------------------

----------------------
TP2503 allocated to 2
----------------------

----------------------
TP2647 allocated to 2
----------------------

----------------------
TP2879 allocated to 2
----------------------

----------------------
TP3189 allocated to 2
----------------------

----------------------
TP3338 allocated to 2
----------------------

----------------------
TP3407 allocated to 2
----------------------

----------------------
TP3517 allocated to 2
----------------------

----------------------
TP3862 allocated to 2
----------------------

----------------------
TP4048 allocated to 2
----------------------

----------------------
TP4261 allocated to 2
----------------------

----------------------
TP4715 allocated to 2
----------------------

----------------------
TP4920 allocated to 2
----------------------

----------------------
TP5803 allocated to 2
----------------------

----------------------
TP6177 allocated to 2
----------------------

----------------------
TP6539 allocated to 3
----------------------

----------------------
TP6695 allocated to 2
----------------------

----------------------
TP6866 allocated to 2
----------------------

----------------------
TP7042 allocated to 2
----------------------

----------------------
TP7100 allocated to 2
----------------------

----------------------
TP7744 allocated to 2
----------------------

----------------------
TP8438 allocated to 3
----------------------

----------------------
TP8509 allocated to 2
----------------------

----------------------
TP8616 allocated to 3
----------------------

----------------------
TP8766 allocated to 3
----------------------

----------------------
TP9035 allocated to 3
----------------------

----------------------
TP9602 allocated to 3
----------------------

----------------------
TP9733 allocated to 2
----------------------

----------------------
TP9775 allocated to 3
----------------------

----------------------
TP10184 allocated to 2
----------------------

----------------------
TP10827 allocated to 2
----------------------

----------------------
TP11272 allocated to 2
----------------------

----------------------
TP12284 allocated to 3
----------------------

----------------------
TP12487 allocated to 3
----------------------

----------------------
TP12840 allocated to 2
----------------------

----------------------
TP12884 allocated to 3
----------------------

----------------------
TP14071 allocated to 3
----------------------

----------------------
TP14135 allocated to 3
----------------------

----------------------
TP14152 allocated to 3
----------------------

----------------------
TP14545 allocated to 3
----------------------

----------------------
TP14793 allocated to 3
----------------------

----------------------
TP15005 allocated to 3
----------------------

----------------------
TP15048 allocated to 3
----------------------

----------------------
TP15324 allocated to 3
----------------------

----------------------
TP15345 allocated to 3
----------------------

----------------------
TP15620 allocated to 3
----------------------

----------------------
TP15734 allocated to 3
----------------------

----------------------
TP16111 allocated to 4
----------------------

----------------------
TP16168 allocated to 3
----------------------

----------------------
TP17122 allocated to 2
----------------------

----------------------
TP17687 allocated to 4
----------------------

----------------------
TP17696 allocated to 4
----------------------

----------------------
TP18345 allocated to 4
----------------------

----------------------
TP18770 allocated to 4
----------------------

----------------------
TP18859 allocated to 4
----------------------

----------------------
TP18981 allocated to 4
----------------------

----------------------
TP19427 allocated to 2
----------------------

----------------------
TP20968 allocated to 4
----------------------

----------------------
TP21270 allocated to 2
----------------------

----------------------
TP21336 allocated to 4
----------------------

----------------------
TP21341 allocated to 4
----------------------

----------------------
TP21427 allocated to 4
----------------------

----------------------
TP21508 allocated to 4
----------------------

----------------------
TP22228 allocated to 4
----------------------

----------------------
TP23088 allocated to 2
----------------------

----------------------
TP23429 allocated to 4
----------------------

----------------------
TP23470 allocated to 4
----------------------

----------------------
TP24200 allocated to 4
----------------------

----------------------
TP24494 allocated to 4
----------------------

----------------------
TP24978 allocated to 4
----------------------

----------------------
TP24990 allocated to 4
----------------------

----------------------
TP25041 allocated to 5
----------------------

----------------------
TP25075 allocated to 4
----------------------

----------------------
TP25095 allocated to 5
----------------------

----------------------
TP25283 allocated to 2
----------------------

----------------------
TP25546 allocated to 5
----------------------

----------------------
TP25749 allocated to 5
----------------------

----------------------
TP26062 allocated to 4
----------------------

----------------------
TP26106 allocated to 2
----------------------

----------------------
TP26850 allocated to 5
----------------------

----------------------
TP27211 allocated to 5
----------------------

----------------------
TP28003 allocated to 5
----------------------

----------------------
TP28572 allocated to 5
----------------------

----------------------
TP28713 allocated to 5
----------------------

----------------------
TP29037 allocated to 5
----------------------

----------------------
TP29262 allocated to 5
----------------------

----------------------
TP30148 allocated to 5
----------------------

----------------------
TP30195 allocated to 5
----------------------

----------------------
TP30313 allocated to 5
----------------------

----------------------
TP30946 allocated to 5
----------------------

----------------------
TP31067 allocated to 5
----------------------

----------------------
TP31220 allocated to 5
----------------------

----------------------
TP31857 allocated to 6
----------------------

----------------------
TP32595 allocated to 6
----------------------

----------------------
TP32690 allocated to 6
----------------------

----------------------
TP33100 allocated to 5
----------------------

----------------------
TP33214 allocated to 6
----------------------

----------------------
TP33460 allocated to 6
----------------------

----------------------
TP34364 allocated to 6
----------------------

----------------------
TP35372 allocated to 6
----------------------

----------------------
TP35497 allocated to 6
----------------------

----------------------
TP35620 allocated to 6
----------------------

----------------------
TP36189 allocated to 6
----------------------

----------------------
TP36622 allocated to 6
----------------------

----------------------
TP36662 allocated to 6
----------------------

----------------------
TP36826 allocated to 6
----------------------

----------------------
TP36851 allocated to 6
----------------------

----------------------
TP37000 allocated to 7
----------------------

----------------------
TP37187 allocated to 6
----------------------

----------------------
TP37505 allocated to 2
----------------------

----------------------
TP37593 allocated to 6
----------------------

----------------------
TP37701 allocated to 6
----------------------

----------------------
TP38325 allocated to 7
----------------------

----------------------
TP38370 allocated to 7
----------------------

----------------------
TP39006 allocated to 6
----------------------

----------------------
TP39053 allocated to 7
----------------------

----------------------
TP39576 allocated to 7
----------------------

----------------------
TP39886 allocated to 2
----------------------

----------------------
TP39939 allocated to 7
----------------------

----------------------
TP40488 allocated to 7
----------------------

----------------------
TP40878 allocated to 8
----------------------

----------------------
TP41286 allocated to 7
----------------------

----------------------
TP41633 allocated to 7
----------------------

----------------------
TP41807 allocated to 8
----------------------

----------------------
TP42218 allocated to 7
----------------------

----------------------
TP42377 allocated to 7
----------------------

----------------------
TP42494 allocated to 8
----------------------

----------------------
TP42682 allocated to 8
----------------------

----------------------
TP42916 allocated to 8
----------------------

----------------------
TP43018 allocated to 8
----------------------

----------------------
TP43287 allocated to 9
----------------------

----------------------
TP43391 allocated to 8
----------------------

----------------------
TP43468 allocated to 8
----------------------

----------------------
TP43574 allocated to 9
----------------------

----------------------
TP43627 allocated to 9
----------------------

----------------------
TP43759 allocated to 5
----------------------

----------------------
TP43773 allocated to 8
----------------------

----------------------
TP44617 allocated to 9
----------------------

----------------------
TP44681 allocated to 8
----------------------

----------------------
TP44719 allocated to 9
----------------------

----------------------
TP44868 allocated to 9
----------------------

----------------------
TP45284 allocated to 9
----------------------

----------------------
TP45328 allocated to 9
----------------------

----------------------
TP45869 allocated to 9
----------------------

----------------------
TP46011 allocated to 9
----------------------

----------------------
TP46450 allocated to 9
----------------------

----------------------
TP46562 allocated to 9
----------------------

----------------------
TP46590 allocated to 9
----------------------

----------------------
TP46741 allocated to 2
----------------------

----------------------
TP46897 allocated to 9
----------------------

----------------------
TP47074 allocated to 9
----------------------

----------------------
TP47146 allocated to 9
----------------------

----------------------
TP47274 allocated to 9
----------------------

----------------------
TP47456 allocated to 9
----------------------

----------------------
TP47659 allocated to 2
----------------------

----------------------
TP47879 allocated to 2
----------------------

----------------------
TP48117 allocated to 9
----------------------

----------------------
TP48484 allocated to 10
----------------------

----------------------
TP48805 allocated to 10
----------------------

----------------------
TP48831 allocated to 2
----------------------

----------------------
TP49055 allocated to 10
----------------------

----------------------
TP49137 allocated to 10
----------------------

----------------------
TP49165 allocated to 10
----------------------

----------------------
TP49552 allocated to 10
----------------------

----------------------
TP49621 allocated to 10
----------------------

----------------------
TP49624 allocated to 2
----------------------

----------------------
TP49838 allocated to 9
----------------------

----------------------
TP49950 allocated to 10
----------------------

-------------------------------------------------------------------------

Ride-sharing vs Individual Mode - Num Vehicles and Distance Comparisson 

-------------------------------------------------------------------------
Individual Mode = 176 vehicles.
Ride-sharing Mode = 10 vehicles. The 10 ride-sharing vehicles + 0 vehicles of the individuals not served by the ride-sharing service.
-------------------------------------------------------------------------
Individual Mode = 442 distance.
Ride-sharing Mode = 866 distance. 866 from the EV fleet + 0 from the distance of the trips not covered individuals had to do with their own vehicle.
-------------------------------------------------------------------------
