-------------------------------------------------------------------------
TPs satisfied = 214; Total TPs = 214; Percentage Satisfied + 100.0%
-------------------------------------------------------------------------

-------------------------------------------------------------------------

EVs

-------------------------------------------------------------------------
--------------------------------------
EV1
--------------------------------------
Num TPs served = 40
TPs served = 43 505 601 970 1001 1231 1448 1590 1685 1715 1842 2442 2473 2630 2636 2770 3231 3402 3626 5409 6970 7264 8704 13411 15602 20797 23179 29836 30059 34319 35750 36085 36241 36724 41908 42251 42640 45408 47500 48662
Total energy used = 100
--------------------------------------
Schedule:
0 105 305 248 305 248 0 0 100 100 0 105 0
105 105 305 248 305 248 0 1 100 100 43 32 0
105 107 305 248 305 248 1 1 100 100 0 2 0
107 110 305 248 307 249 1 0 100 97 -43 32 3
110 910 307 249 307 249 0 0 97 97 0 800 0
910 913 307 249 305 248 0 1 97 94 505 32 3
913 919 305 248 311 248 1 0 94 88 -505 32 6
919 1070 311 248 311 248 0 0 88 88 0 151 0
1070 1076 311 248 305 248 0 1 88 82 601 32 6
1076 1080 305 248 307 250 1 0 82 78 -601 32 4
1080 1704 307 250 307 250 0 0 78 78 0 624 0
1704 1708 307 250 305 248 0 1 78 74 970 32 4
1708 1709 305 248 305 248 1 1 74 74 0 1 0
1709 1711 305 248 305 250 1 0 74 72 -970 32 2
1711 1772 305 250 305 250 0 0 72 72 0 61 0
1772 1774 305 250 305 248 0 1 72 70 35750 32 2
1774 1774 305 248 305 248 1 2 70 70 1001 18 0
1774 1775 305 248 306 248 2 1 70 69 -35750 32 1
1775 1777 306 248 308 248 1 0 69 67 -1001 18 2
1777 2140 308 248 308 248 0 0 67 67 0 363 0
2140 2143 308 248 305 248 0 1 67 64 1231 32 3
2143 2149 305 248 311 248 1 0 64 58 -1231 32 6
2149 2521 311 248 311 248 0 0 58 58 0 372 0
2521 2527 311 248 305 248 0 1 58 52 1448 32 6
2527 2528 305 248 306 248 1 0 52 51 -1448 32 1
2528 2737 306 248 306 248 0 0 51 51 0 209 0
2737 2738 306 248 305 248 0 1 51 50 36085 32 1
2738 2762 305 248 305 248 1 1 50 50 0 24 0
2762 2762 305 248 305 248 1 2 50 50 1590 32 0
2762 2763 305 248 306 248 2 1 50 49 -36085 9 1
2763 2766 306 248 309 248 1 0 49 46 -1590 32 3
2766 2936 309 248 309 248 0 0 46 46 0 170 0
2936 2940 309 248 305 248 0 1 46 42 1685 32 4
2940 2941 305 248 305 249 1 0 42 41 -1685 32 1
2941 2998 305 249 305 249 0 0 41 41 0 57 0
2998 2999 305 249 305 248 0 1 41 40 1715 32 1
2999 3000 305 248 305 248 1 1 40 40 0 1 0
3000 3003 305 248 308 248 1 0 40 37 -1715 32 3
3003 3191 308 248 308 248 0 0 37 37 0 188 0
3191 3194 308 248 305 248 0 1 37 34 36241 32 3
3194 3223 305 248 305 248 1 1 34 34 0 29 0
3223 3223 305 248 305 248 1 2 34 34 1842 32 0
3223 3224 305 248 306 248 2 1 34 33 -36241 8 1
3224 3228 306 248 307 251 1 0 33 29 -1842 32 4
3228 4328 307 251 307 251 0 0 29 29 0 1100 0
4328 4333 307 251 305 248 0 1 29 24 2442 32 5
4333 4334 305 248 305 248 1 1 24 24 0 1 0
4334 4335 305 248 306 248 1 0 24 23 -2442 32 1
4335 4401 306 248 306 248 0 0 23 23 0 66 0
4401 4402 306 248 305 248 0 1 23 22 2473 32 1
4402 4403 305 248 305 248 1 1 22 22 0 1 0
4403 4406 305 248 308 248 1 0 22 19 -2473 32 3
4406 4654 308 248 308 248 0 0 19 19 0 248 0
4654 4657 308 248 305 248 0 1 19 16 36724 32 3
4657 4658 305 248 305 248 1 1 16 16 0 1 0
4658 4658 305 248 305 248 1 0 16 16 -36724 32 0
4658 4690 305 248 305 248 0 0 16 16 0 32 0
4690 4690 305 248 305 248 0 1 16 16 2636 32 0
4690 4690 305 248 305 248 1 2 16 16 2630 19 0
4690 4691 305 248 305 248 2 2 16 16 0 1 0
4691 4691 305 248 305 248 2 1 16 16 -2636 32 0
4691 4693 305 248 306 249 1 0 16 14 -2630 22 2
4693 4937 306 249 306 249 0 0 14 14 0 244 0
4937 4939 306 249 305 248 0 1 14 12 2770 32 2
4939 4941 305 248 306 249 1 0 12 10 -2770 32 2
4941 5753 306 249 306 249 0 0 10 10 0 812 0
5753 5755 306 249 305 248 0 1 10 8 3231 32 2
5755 5759 305 248 307 250 1 0 8 4 -3231 32 4
5759 6050 307 250 307 250 0 0 4 4 0 291 0
6050 6054 307 250 305 248 0 1 4 0 3402 32 4
6054 6055 305 248 305 248 1 1 0 0 0 1 0
6055 6055 305 248 305 248 1 0 0 0 -3402 32 0
6055 6493 305 248 305 248 0 0 0 0 0 438 0
6493 6493 305 248 305 248 0 1 0 0 3626 32 0
6493 6494 305 248 305 248 1 1 0 0 0 1 0
6494 6494 305 248 305 248 1 0 0 0 -3626 32 0
6494 9837 305 248 305 248 0 0 0 0 0 3343 0
9837 9837 305 248 305 248 0 1 0 0 5409 32 0
9837 9839 305 248 305 248 1 1 0 0 0 2 0
9839 9839 305 248 305 248 1 0 0 0 -5409 32 0
9839 10231 305 248 305 248 0 0 0 0 0 392 0
10231 10231 305 248 305 248 0 1 0 0 20797 32 0
10231 10234 305 248 305 248 1 1 0 0 0 3 0
10234 10234 305 248 305 248 1 0 0 0 -20797 32 0
10234 12946 305 248 305 248 0 0 0 0 0 2712 0
12946 12946 305 248 305 248 0 1 0 0 6970 32 0
12946 12950 305 248 305 248 1 1 0 0 0 4 0
12950 12950 305 248 305 248 1 0 0 0 -6970 32 0
12950 13607 305 248 305 248 0 0 0 0 0 657 0
13607 13607 305 248 305 248 0 1 0 0 7264 32 0
13607 13608 305 248 305 248 1 1 0 0 0 1 0
13608 13608 305 248 305 248 1 0 0 0 -7264 32 0
13608 16423 305 248 305 248 0 0 0 0 0 2815 0
16423 16423 305 248 305 248 0 1 0 0 23179 32 0
16423 16424 305 248 305 248 1 1 0 0 0 1 0
16424 16424 305 248 305 248 1 0 0 0 -23179 32 0
16424 16885 305 248 305 248 0 0 0 0 0 461 0
16885 16885 305 248 305 248 0 1 0 0 8704 32 0
16885 16888 305 248 305 248 1 1 0 0 0 3 0
16888 16888 305 248 305 248 1 0 0 0 -8704 32 0
16888 17918 305 248 305 248 0 0 0 0 0 1030 0
17918 17918 305 248 305 248 0 1 0 0 41908 32 0
17918 17919 305 248 305 248 1 1 0 0 0 1 0
17919 17919 305 248 305 248 1 0 0 0 -41908 32 0
17919 18633 305 248 305 248 0 0 0 0 0 714 0
18633 18633 305 248 305 248 0 1 0 0 42251 32 0
18633 18634 305 248 305 248 1 1 0 0 0 1 0
18634 18634 305 248 305 248 1 0 0 0 -42251 32 0
18634 19512 305 248 305 248 0 0 0 0 0 878 0
19512 19512 305 248 305 248 0 1 0 0 42640 32 0
19512 19514 305 248 305 248 1 1 0 0 0 2 0
19514 19514 305 248 305 248 1 0 0 0 -42640 32 0
19514 24741 305 248 305 248 0 0 0 0 0 5227 0
24741 24741 305 248 305 248 0 1 0 0 45408 32 0
24741 24742 305 248 305 248 1 1 0 0 0 1 0
24742 24742 305 248 305 248 1 0 0 0 -45408 32 0
24742 28362 305 248 305 248 0 0 0 0 0 3620 0
28362 28362 305 248 305 248 0 1 0 0 47500 32 0
28362 28363 305 248 305 248 1 1 0 0 0 1 0
28363 28363 305 248 305 248 1 0 0 0 -47500 32 0
28363 30165 305 248 305 248 0 0 0 0 0 1802 0
30165 30165 305 248 305 248 0 1 0 0 29836 32 0
30165 30166 305 248 305 248 1 1 0 0 0 1 0
30166 30166 305 248 305 248 1 0 0 0 -29836 32 0
30166 30420 305 248 305 248 0 0 0 0 0 254 0
30420 30420 305 248 305 248 0 1 0 0 48662 32 0
30420 30421 305 248 305 248 1 1 0 0 0 1 0
30421 30421 305 248 305 248 1 0 0 0 -48662 32 0
30421 30588 305 248 305 248 0 0 0 0 0 167 0
30588 30588 305 248 305 248 0 1 0 0 30059 32 0
30588 30589 305 248 305 248 1 1 0 0 0 1 0
30589 30589 305 248 305 248 1 0 0 0 -30059 32 0
30589 31764 305 248 305 248 0 0 0 0 0 1175 0
31764 31764 305 248 305 248 0 1 0 0 13411 32 0
31764 31766 305 248 305 248 1 1 0 0 0 2 0
31766 31766 305 248 305 248 1 0 0 0 -13411 32 0
31766 40014 305 248 305 248 0 0 0 0 0 8248 0
40014 40014 305 248 305 248 0 1 0 0 15602 32 0
40014 40015 305 248 305 248 1 1 0 0 0 1 0
40015 40015 305 248 305 248 1 0 0 0 -15602 32 0
40015 40681 305 248 305 248 0 0 0 0 0 666 0
40681 40681 305 248 305 248 0 1 0 0 34319 32 0
40681 40682 305 248 305 248 1 1 0 0 0 1 0
40682 40682 305 248 305 248 1 0 0 0 -34319 32 0
40682 43267 305 248 305 248 0 0 0 0 0 2585 0
43267 43267 305 248 305 248 0 0 0 0 1000000000 0 0
--------------------------------------
--------------------------------------
EV2
--------------------------------------
Num TPs served = 19
TPs served = 3298 3374 3710 3741 4092 4248 4458 4856 5186 5281 6636 6846 6940 7394 7771 7854 19541 20012 22145
Total energy used = 100
--------------------------------------
Schedule:
0 5879 305 248 305 248 0 0 100 100 0 5879 0
5879 5879 305 248 305 248 0 1 100 100 3298 32 0
5879 5880 305 248 306 248 1 0 100 99 -3298 32 1
5880 6004 306 248 306 248 0 0 99 99 0 124 0
6004 6005 306 248 305 248 0 1 99 98 3374 32 1
6005 6011 305 248 310 249 1 0 98 92 -3374 32 6
6011 6648 310 249 310 249 0 0 92 92 0 637 0
6648 6654 310 249 305 248 0 1 92 86 3710 32 6
6654 6655 305 248 305 248 1 1 86 86 0 1 0
6655 6661 305 248 310 249 1 0 86 80 -3710 32 6
6661 6686 310 249 310 249 0 0 80 80 0 25 0
6686 6692 310 249 305 248 0 1 80 74 19541 32 6
6692 6712 305 248 305 248 1 1 74 74 0 20 0
6712 6712 305 248 305 248 1 2 74 74 3741 32 0
6712 6713 305 248 306 248 2 1 74 73 -19541 12 1
6713 6714 306 248 307 248 1 0 73 72 -3741 32 1
6714 7359 307 248 307 248 0 0 72 72 0 645 0
7359 7361 307 248 305 248 0 1 72 70 4092 32 2
7361 7363 305 248 307 248 1 0 70 68 -4092 32 2
7363 7630 307 248 307 248 0 0 68 68 0 267 0
7630 7632 307 248 305 248 0 1 68 66 4248 32 2
7632 7635 305 248 307 249 1 0 66 63 -4248 32 3
7635 8034 307 249 307 249 0 0 63 63 0 399 0
8034 8037 307 249 305 248 0 1 63 60 4458 32 3
8037 8068 305 248 305 248 1 1 60 60 0 31 0
8068 8068 305 248 305 248 1 2 60 60 20012 32 0
8068 8069 305 248 306 248 2 1 60 59 -20012 32 1
8069 8070 306 248 307 248 1 0 59 58 -4458 1 1
8070 8818 307 248 307 248 0 0 58 58 0 748 0
8818 8820 307 248 305 248 0 1 58 56 4856 32 2
8820 8824 305 248 305 248 1 1 56 56 0 4 0
8824 8825 305 248 306 248 1 0 56 55 -4856 32 1
8825 9414 306 248 306 248 0 0 55 55 0 589 0
9414 9415 306 248 305 248 0 1 55 54 5186 32 1
9415 9416 305 248 306 248 1 0 54 53 -5186 32 1
9416 9597 306 248 306 248 0 0 53 53 0 181 0
9597 9598 306 248 305 248 0 1 53 52 5281 32 1
9598 9603 305 248 310 248 1 0 52 47 -5281 32 5
9603 12229 310 248 310 248 0 0 47 47 0 2626 0
12229 12234 310 248 305 248 0 1 47 42 6636 32 5
12234 12235 305 248 305 248 1 1 42 42 0 1 0
12235 12237 305 248 306 249 1 0 42 40 -6636 32 2
12237 12672 306 249 306 249 0 0 40 40 0 435 0
12672 12674 306 249 305 248 0 1 40 38 6846 32 2
12674 12676 305 248 305 248 1 1 38 38 0 2 0
12676 12685 305 248 313 249 1 0 38 29 -6846 32 9
12685 12878 313 249 313 249 0 0 29 29 0 193 0
12878 12887 313 249 305 248 0 1 29 20 6940 32 9
12887 12889 305 248 307 248 1 0 20 18 -6940 32 2
12889 13834 307 248 307 248 0 0 18 18 0 945 0
13834 13836 307 248 305 248 0 1 18 16 22145 32 2
13836 13863 305 248 305 248 1 1 16 16 0 27 0
13863 13863 305 248 305 248 1 2 16 16 7394 32 0
13863 13864 305 248 306 248 2 1 16 15 -22145 5 1
13864 13865 306 248 306 248 1 1 15 15 0 1 0
13865 13866 306 248 307 248 1 0 15 14 -7394 32 1
13866 14706 307 248 307 248 0 0 14 14 0 840 0
14706 14708 307 248 305 248 0 1 14 12 7771 32 2
14708 14709 305 248 305 248 1 1 12 12 0 1 0
14709 14711 305 248 306 249 1 0 12 10 -7771 32 2
14711 14891 306 249 306 249 0 0 10 10 0 180 0
14891 14893 306 249 305 248 0 1 10 8 7854 32 2
14893 14897 305 248 306 251 1 0 8 4 -7854 32 4
14897 43263 306 251 306 251 0 0 4 4 0 28366 0
43263 43267 306 251 305 248 0 0 4 0 1000000000 0 4
--------------------------------------
--------------------------------------
EV3
--------------------------------------
Num TPs served = 17
TPs served = 8194 8723 9025 9681 10126 10172 10701 10819 11114 12018 12189 12326 12668 13285 13336 13376 14020
Total energy used = 100
--------------------------------------
Schedule:
0 15672 305 248 305 248 0 0 100 100 0 15672 0
15672 15672 305 248 305 248 0 1 100 100 8194 32 0
15672 15674 305 248 307 248 1 0 100 98 -8194 32 2
15674 16951 307 248 307 248 0 0 98 98 0 1277 0
16951 16953 307 248 305 248 0 1 98 96 8723 32 2
16953 16954 305 248 305 248 1 1 96 96 0 1 0
16954 16955 305 248 306 248 1 0 96 95 -8723 32 1
16955 17701 306 248 306 248 0 0 95 95 0 746 0
17701 17702 306 248 305 248 0 1 95 94 9025 32 1
17702 17704 305 248 307 248 1 0 94 92 -9025 32 2
17704 19499 307 248 307 248 0 0 92 92 0 1795 0
19499 19501 307 248 305 248 0 1 92 90 9681 32 2
19501 19502 305 248 306 248 1 0 90 89 -9681 32 1
19502 20766 306 248 306 248 0 0 89 89 0 1264 0
20766 20767 306 248 305 248 0 1 89 88 10126 32 1
20767 20768 305 248 305 249 1 0 88 87 -10126 32 1
20768 20888 305 249 305 249 0 0 87 87 0 120 0
20888 20889 305 249 305 248 0 1 87 86 10172 32 1
20889 20891 305 248 305 248 1 1 86 86 0 2 0
20891 20893 305 248 305 250 1 0 86 84 -10172 32 2
20893 22412 305 250 305 250 0 0 84 84 0 1519 0
22412 22414 305 250 305 248 0 1 84 82 10701 32 2
22414 22419 305 248 310 248 1 0 82 77 -10701 32 5
22419 22800 310 248 310 248 0 0 77 77 0 381 0
22800 22805 310 248 305 248 0 1 77 72 10819 32 5
22805 22806 305 248 305 248 1 1 72 72 0 1 0
22806 22808 305 248 306 249 1 0 72 70 -10819 32 2
22808 23722 306 249 306 249 0 0 70 70 0 914 0
23722 23724 306 249 305 248 0 1 70 68 11114 32 2
23724 23725 305 248 305 249 1 0 68 67 -11114 32 1
23725 26803 305 249 305 249 0 0 67 67 0 3078 0
26803 26804 305 249 305 248 0 1 67 66 12018 32 1
26804 26805 305 248 305 248 1 1 66 66 0 1 0
26805 26817 305 248 317 248 1 0 66 54 -12018 32 12
26817 27330 317 248 317 248 0 0 54 54 0 513 0
27330 27342 317 248 305 248 0 1 54 42 12189 32 12
27342 27345 305 248 308 248 1 0 42 39 -12189 32 3
27345 27836 308 248 308 248 0 0 39 39 0 491 0
27836 27839 308 248 305 248 0 1 39 36 12326 32 3
27839 27841 305 248 306 249 1 0 36 34 -12326 32 2
27841 29079 306 249 306 249 0 0 34 34 0 1238 0
29079 29081 306 249 305 248 0 1 34 32 12668 32 2
29081 29082 305 248 305 248 1 1 32 32 0 1 0
29082 29090 305 248 313 248 1 0 32 24 -12668 32 8
29090 31258 313 248 313 248 0 0 24 24 0 2168 0
31258 31266 313 248 305 248 0 1 24 16 13285 32 8
31266 31268 305 248 307 248 1 0 16 14 -13285 32 2
31268 31430 307 248 307 248 0 0 14 14 0 162 0
31430 31432 307 248 305 248 0 1 14 12 13336 32 2
31432 31433 305 248 306 248 1 0 12 11 -13336 32 1
31433 31608 306 248 306 248 0 0 11 11 0 175 0
31608 31609 306 248 305 248 0 1 11 10 13376 32 1
31609 31613 305 248 308 249 1 0 10 6 -13376 32 4
31613 34047 308 249 308 249 0 0 6 6 0 2434 0
34047 34051 308 249 305 248 0 1 6 2 14020 32 4
34051 34052 305 248 305 248 1 1 2 2 0 1 0
34052 34053 305 248 305 249 1 0 2 1 -14020 32 1
34053 43266 305 249 305 249 0 0 1 1 0 9213 0
43266 43267 305 249 305 248 0 0 1 0 1000000000 0 1
--------------------------------------
--------------------------------------
EV4
--------------------------------------
Num TPs served = 16
TPs served = 13435 13590 13955 14119 14438 14623 14712 14788 14972 14994 15107 15116 15185 15748 15994 16202
Total energy used = 100
--------------------------------------
Schedule:
0 31864 305 248 305 248 0 0 100 100 0 31864 0
31864 31864 305 248 305 248 0 1 100 100 13435 32 0
31864 31866 305 248 307 248 1 0 100 98 -13435 32 2
31866 32464 307 248 307 248 0 0 98 98 0 598 0
32464 32466 307 248 305 248 0 1 98 96 13590 32 2
32466 32469 305 248 306 250 1 0 96 93 -13590 32 3
32469 33794 306 250 306 250 0 0 93 93 0 1325 0
33794 33797 306 250 305 248 0 1 93 90 13955 32 3
33797 33799 305 248 305 248 1 1 90 90 0 2 0
33799 33803 305 248 309 248 1 0 90 86 -13955 32 4
33803 34426 309 248 309 248 0 0 86 86 0 623 0
34426 34430 309 248 305 248 0 1 86 82 14119 32 4
34430 34432 305 248 305 250 1 0 82 80 -14119 32 2
34432 35633 305 250 305 250 0 0 80 80 0 1201 0
35633 35635 305 250 305 248 0 1 80 78 14438 32 2
35635 35638 305 248 308 248 1 0 78 75 -14438 32 3
35638 36334 308 248 308 248 0 0 75 75 0 696 0
36334 36337 308 248 305 248 0 1 75 72 14623 32 3
36337 36339 305 248 306 249 1 0 72 70 -14623 32 2
36339 36706 306 249 306 249 0 0 70 70 0 367 0
36706 36708 306 249 305 248 0 1 70 68 14712 32 2
36708 36710 305 248 305 248 1 1 68 68 0 2 0
36710 36716 305 248 310 249 1 0 68 62 -14712 32 6
36716 37017 310 249 310 249 0 0 62 62 0 301 0
37017 37023 310 249 305 248 0 1 62 56 14788 32 6
37023 37024 305 248 305 249 1 0 56 55 -14788 32 1
37024 37713 305 249 305 249 0 0 55 55 0 689 0
37713 37714 305 249 305 248 0 1 55 54 14972 32 1
37714 37715 305 248 306 248 1 0 54 53 -14972 32 1
37715 37799 306 248 306 248 0 0 53 53 0 84 0
37799 37800 306 248 305 248 0 1 53 52 14994 32 1
37800 37801 305 248 305 248 1 1 52 52 0 1 0
37801 37802 305 248 305 249 1 0 52 51 -14994 32 1
37802 38229 305 249 305 249 0 0 51 51 0 427 0
38229 38230 305 249 305 248 0 1 51 50 15107 32 1
38230 38232 305 248 305 248 1 1 50 50 0 2 0
38232 38238 305 248 310 249 1 0 50 44 -15107 32 6
38238 38272 310 249 310 249 0 0 44 44 0 34 0
38272 38278 310 249 305 248 0 1 44 38 15116 32 6
38278 38285 305 248 307 253 1 0 38 31 -15116 32 7
38285 38546 307 253 307 253 0 0 31 31 0 261 0
38546 38553 307 253 305 248 0 1 31 24 15185 32 7
38553 38557 305 248 305 248 1 1 24 24 0 4 0
38557 38561 305 248 306 251 1 0 24 20 -15185 32 4
38561 40295 306 251 306 251 0 0 20 20 0 1734 0
40295 40299 306 251 305 248 0 1 20 16 15748 32 4
40299 40300 305 248 306 248 1 0 16 15 -15748 32 1
40300 40727 306 248 306 248 0 0 15 15 0 427 0
40727 40728 306 248 305 248 0 1 15 14 15994 32 1
40728 40732 305 248 308 249 1 0 14 10 -15994 32 4
40732 41115 308 249 308 249 0 0 10 10 0 383 0
41115 41119 308 249 305 248 0 1 10 6 16202 32 4
41119 41122 305 248 308 248 1 0 6 3 -16202 32 3
41122 43264 308 248 308 248 0 0 3 3 0 2142 0
43264 43267 308 248 305 248 0 0 3 0 1000000000 0 3
--------------------------------------
--------------------------------------
EV5
--------------------------------------
Num TPs served = 21
TPs served = 16578 16661 16769 17501 17647 18101 18194 18288 18721 18839 18925 19018 19399 19618 19703 19884 20425 20683 20987 21846 23383
Total energy used = 100
--------------------------------------
Schedule:
0 275 305 248 305 248 0 0 100 100 0 275 0
275 275 305 248 305 248 0 1 100 100 17501 32 0
275 278 305 248 305 248 1 1 100 100 0 3 0
278 284 305 248 305 254 1 0 100 94 -17501 32 6
284 712 305 254 305 254 0 0 94 94 0 428 0
712 718 305 254 305 248 0 1 94 88 17647 32 6
718 719 305 248 305 248 1 1 88 88 0 1 0
719 722 305 248 306 250 1 0 88 85 -17647 32 3
722 2117 306 250 306 250 0 0 85 85 0 1395 0
2117 2120 306 250 305 248 0 1 85 82 18101 32 3
2120 2123 305 248 306 250 1 0 82 79 -18101 32 3
2123 2418 306 250 306 250 0 0 79 79 0 295 0
2418 2421 306 250 305 248 0 1 79 76 18194 32 3
2421 2422 305 248 306 248 1 0 76 75 -18194 32 1
2422 2715 306 248 306 248 0 0 75 75 0 293 0
2715 2716 306 248 305 248 0 1 75 74 18288 32 1
2716 2719 305 248 307 249 1 0 74 71 -18288 32 3
2719 4096 307 249 307 249 0 0 71 71 0 1377 0
4096 4099 307 249 305 248 0 1 71 68 18721 32 3
4099 4100 305 248 305 249 1 0 68 67 -18721 32 1
4100 4496 305 249 305 249 0 0 67 67 0 396 0
4496 4497 305 249 305 248 0 1 67 66 18839 32 1
4497 4498 305 248 306 248 1 0 66 65 -18839 32 1
4498 4756 306 248 306 248 0 0 65 65 0 258 0
4756 4757 306 248 305 248 0 1 65 64 18925 32 1
4757 4765 305 248 312 249 1 0 64 56 -18925 32 8
4765 5038 312 249 312 249 0 0 56 56 0 273 0
5038 5046 312 249 305 248 0 1 56 48 19018 32 8
5046 5047 305 248 305 248 1 1 48 48 0 1 0
5047 5049 305 248 306 249 1 0 48 46 -19018 32 2
5049 6205 306 249 306 249 0 0 46 46 0 1156 0
6205 6207 306 249 305 248 0 1 46 44 19399 32 2
6207 6208 305 248 306 248 1 0 44 43 -19399 32 1
6208 6925 306 248 306 248 0 0 43 43 0 717 0
6925 6926 306 248 305 248 0 1 43 42 19618 32 1
6926 6927 305 248 306 248 1 0 42 41 -19618 32 1
6927 7167 306 248 306 248 0 0 41 41 0 240 0
7167 7168 306 248 305 248 0 1 41 40 19703 32 1
7168 7172 305 248 305 248 1 1 40 40 0 4 0
7172 7173 305 248 306 248 1 0 40 39 -19703 32 1
7173 7705 306 248 306 248 0 0 39 39 0 532 0
7705 7706 306 248 305 248 0 1 39 38 19884 32 1
7706 7708 305 248 307 248 1 0 38 36 -19884 32 2
7708 9233 307 248 307 248 0 0 36 36 0 1525 0
9233 9235 307 248 305 248 0 1 36 34 20425 32 2
9235 9237 305 248 306 249 1 0 34 32 -20425 32 2
9237 9914 306 249 306 249 0 0 32 32 0 677 0
9914 9916 306 249 305 248 0 1 32 30 20683 32 2
9916 9917 305 248 305 248 1 1 30 30 0 1 0
9917 9919 305 248 307 248 1 0 30 28 -20683 32 2
9919 10709 307 248 307 248 0 0 28 28 0 790 0
10709 10711 307 248 305 248 0 1 28 26 20987 32 2
10711 10715 305 248 308 249 1 0 26 22 -20987 32 4
10715 13038 308 249 308 249 0 0 22 22 0 2323 0
13038 13042 308 249 305 248 0 1 22 18 21846 32 4
13042 13043 305 248 305 248 1 1 18 18 0 1 0
13043 13044 305 248 305 249 1 0 18 17 -21846 32 1
13044 16911 305 249 305 249 0 0 17 17 0 3867 0
16911 16912 305 249 305 248 0 1 17 16 23383 32 1
16912 16913 305 248 306 248 1 0 16 15 -23383 32 1
16913 41745 306 248 306 248 0 0 15 15 0 24832 0
41745 41746 306 248 305 248 0 1 15 14 16578 32 1
41746 41750 305 248 308 249 1 0 14 10 -16578 32 4
41750 41884 308 249 308 249 0 0 10 10 0 134 0
41884 41888 308 249 305 248 0 1 10 6 16661 32 4
41888 41889 305 248 306 248 1 0 6 5 -16661 32 1
41889 42074 306 248 306 248 0 0 5 5 0 185 0
42074 42075 306 248 305 248 0 1 5 4 16769 32 1
42075 42077 305 248 305 250 1 0 4 2 -16769 32 2
42077 43265 305 250 305 250 0 0 2 2 0 1188 0
43265 43267 305 250 305 248 0 0 2 0 1000000000 0 2
--------------------------------------
--------------------------------------
EV6
--------------------------------------
Num TPs served = 19
TPs served = 23242 23476 23615 23929 24072 24529 24575 25021 25035 25132 25187 25419 25509 25518 25727 25940 26466 26583 44773
Total energy used = 100
--------------------------------------
Schedule:
0 16563 305 248 305 248 0 0 100 100 0 16563 0
16563 16563 305 248 305 248 0 1 100 100 23242 32 0
16563 16565 305 248 307 248 1 0 100 98 -23242 32 2
16565 17126 307 248 307 248 0 0 98 98 0 561 0
17126 17128 307 248 305 248 0 1 98 96 23476 32 2
17128 17130 305 248 307 248 1 0 96 94 -23476 32 2
17130 17440 307 248 307 248 0 0 94 94 0 310 0
17440 17442 307 248 305 248 0 1 94 92 23615 32 2
17442 17443 305 248 306 248 1 0 92 91 -23615 32 1
17443 18130 306 248 306 248 0 0 91 91 0 687 0
18130 18131 306 248 305 248 0 1 91 90 23929 32 1
18131 18132 305 248 306 248 1 0 90 89 -23929 32 1
18132 18439 306 248 306 248 0 0 89 89 0 307 0
18439 18440 306 248 305 248 0 1 89 88 24072 32 1
18440 18443 305 248 305 248 1 1 88 88 0 3 0
18443 18444 305 248 305 249 1 0 88 87 -24072 32 1
18444 19474 305 249 305 249 0 0 87 87 0 1030 0
19474 19475 305 249 305 248 0 1 87 86 24529 32 1
19475 19477 305 248 307 248 1 0 86 84 -24529 32 2
19477 19567 307 248 307 248 0 0 84 84 0 90 0
19567 19569 307 248 305 248 0 1 84 82 24575 32 2
19569 19571 305 248 307 248 1 0 82 80 -24575 32 2
19571 20588 307 248 307 248 0 0 80 80 0 1017 0
20588 20590 307 248 305 248 0 1 80 78 25035 32 2
20590 20590 305 248 305 248 1 2 78 78 25021 7 0
20590 20592 305 248 307 248 2 1 78 76 -25035 32 2
20592 20598 307 248 309 252 1 0 76 70 -25021 7 6
20598 20800 309 252 309 252 0 0 70 70 0 202 0
20800 20808 309 252 305 248 0 1 70 62 25132 32 8
20808 20811 305 248 305 251 1 0 62 59 -25132 32 3
20811 20909 305 251 305 251 0 0 59 59 0 98 0
20909 20912 305 251 305 248 0 1 59 56 25187 32 3
20912 20919 305 248 311 249 1 0 56 49 -25187 32 7
20919 21395 311 249 311 249 0 0 49 49 0 476 0
21395 21402 311 249 305 248 0 1 49 42 25419 32 7
21402 21407 305 248 307 251 1 0 42 37 -25419 32 5
21407 21619 307 251 307 251 0 0 37 37 0 212 0
21619 21624 307 251 305 248 0 1 37 32 25518 32 5
21624 21624 305 248 305 248 1 2 32 32 25509 18 0
21624 21627 305 248 305 248 2 2 32 32 0 3 0
21627 21629 305 248 305 250 2 1 32 30 -25518 32 2
21629 21632 305 250 306 248 1 0 30 27 -25509 12 3
21632 22091 306 248 306 248 0 0 27 27 0 459 0
22091 22092 306 248 305 248 0 1 27 26 25727 32 1
22092 22095 305 248 308 248 1 0 26 23 -25727 32 3
22095 22525 308 248 308 248 0 0 23 23 0 430 0
22525 22528 308 248 305 248 0 1 23 20 25940 32 3
22528 22536 305 248 309 252 1 0 20 12 -25940 32 8
22536 23579 309 252 309 252 0 0 12 12 0 1043 0
23579 23587 309 252 305 248 0 1 12 4 26466 32 8
23587 23619 305 248 305 248 1 1 4 4 0 32 0
23619 23619 305 248 305 248 1 2 4 4 44773 32 0
23619 23620 305 248 306 248 2 1 4 3 -44773 32 1
23620 23620 306 248 306 248 1 0 3 3 -26466 0 0
23620 23815 306 248 306 248 0 0 3 3 0 195 0
23815 23816 306 248 305 248 0 1 3 2 26583 32 1
23816 23817 305 248 306 248 1 0 2 1 -26583 32 1
23817 43266 306 248 306 248 0 0 1 1 0 19449 0
43266 43267 306 248 305 248 0 0 1 0 1000000000 0 1
--------------------------------------
--------------------------------------
EV7
--------------------------------------
Num TPs served = 22
TPs served = 26301 26742 26987 27144 27395 28171 28385 28896 29680 29991 30094 30824 31608 31777 31778 31888 32296 32362 33630 33984 34233 34244
Total energy used = 100
--------------------------------------
Schedule:
0 23286 305 248 305 248 0 0 100 100 0 23286 0
23286 23286 305 248 305 248 0 1 100 100 26301 32 0
23286 23290 305 248 309 248 1 0 100 96 -26301 32 4
23290 24131 309 248 309 248 0 0 96 96 0 841 0
24131 24135 309 248 305 248 0 1 96 92 26742 32 4
24135 24138 305 248 308 248 1 0 92 89 -26742 32 3
24138 24628 308 248 308 248 0 0 89 89 0 490 0
24628 24631 308 248 305 248 0 1 89 86 26987 32 3
24631 24632 305 248 305 248 1 1 86 86 0 1 0
24632 24634 305 248 306 249 1 0 86 84 -26987 32 2
24634 24910 306 249 306 249 0 0 84 84 0 276 0
24910 24912 306 249 305 248 0 1 84 82 27144 32 2
24912 24915 305 248 306 250 1 0 82 79 -27144 32 3
24915 25377 306 250 306 250 0 0 79 79 0 462 0
25377 25380 306 250 305 248 0 1 79 76 27395 32 3
25380 25381 305 248 306 248 1 0 76 75 -27395 32 1
25381 26844 306 248 306 248 0 0 75 75 0 1463 0
26844 26845 306 248 305 248 0 1 75 74 28171 32 1
26845 26846 305 248 306 248 1 0 74 73 -28171 32 1
26846 27275 306 248 306 248 0 0 73 73 0 429 0
27275 27276 306 248 305 248 0 1 73 72 28385 32 1
27276 27277 305 248 305 248 1 1 72 72 0 1 0
27277 27278 305 248 306 248 1 0 72 71 -28385 32 1
27278 28251 306 248 306 248 0 0 71 71 0 973 0
28251 28252 306 248 305 248 0 1 71 70 28896 32 1
28252 28253 305 248 306 248 1 0 70 69 -28896 32 1
28253 29843 306 248 306 248 0 0 69 69 0 1590 0
29843 29844 306 248 305 248 0 1 69 68 29680 32 1
29844 29846 305 248 307 248 1 0 68 66 -29680 32 2
29846 30459 307 248 307 248 0 0 66 66 0 613 0
30459 30461 307 248 305 248 0 1 66 64 29991 32 2
30461 30463 305 248 305 248 1 1 64 64 0 2 0
30463 30464 305 248 305 249 1 0 64 63 -29991 32 1
30464 30663 305 249 305 249 0 0 63 63 0 199 0
30663 30664 305 249 305 248 0 1 63 62 30094 32 1
30664 30666 305 248 305 248 1 1 62 62 0 2 0
30666 30670 305 248 307 250 1 0 62 58 -30094 32 4
30670 32137 307 250 307 250 0 0 58 58 0 1467 0
32137 32141 307 250 305 248 0 1 58 54 30824 32 4
32141 32142 305 248 305 249 1 0 54 53 -30824 32 1
32142 33848 305 249 305 249 0 0 53 53 0 1706 0
33848 33849 305 249 305 248 0 1 53 52 31608 32 1
33849 33851 305 248 306 249 1 0 52 50 -31608 32 2
33851 34241 306 249 306 249 0 0 50 50 0 390 0
34241 34243 306 249 305 248 0 1 50 48 31778 32 2
34243 34243 305 248 305 248 1 2 48 48 31777 31 0
34243 34245 305 248 305 248 2 2 48 48 0 2 0
34245 34247 305 248 305 250 2 1 48 46 -31778 32 2
34247 34248 305 250 306 250 1 0 46 45 -31777 30 1
34248 34460 306 250 306 250 0 0 45 45 0 212 0
34460 34463 306 250 305 248 0 1 45 42 31888 32 3
34463 34465 305 248 305 250 1 0 42 40 -31888 32 2
34465 35427 305 250 305 250 0 0 40 40 0 962 0
35427 35429 305 250 305 248 0 1 40 38 32296 32 2
35429 35430 305 248 305 248 1 1 38 38 0 1 0
35430 35437 305 248 312 248 1 0 38 31 -32296 32 7
35437 35585 312 248 312 248 0 0 31 31 0 148 0
35585 35592 312 248 305 248 0 1 31 24 32362 32 7
35592 35595 305 248 305 248 1 1 24 24 0 3 0
35595 35603 305 248 312 249 1 0 24 16 -32362 32 8
35603 38793 312 249 312 249 0 0 16 16 0 3190 0
38793 38801 312 249 305 248 0 1 16 8 33630 32 8
38801 38802 305 248 306 248 1 0 8 7 -33630 32 1
38802 39721 306 248 306 248 0 0 7 7 0 919 0
39721 39722 306 248 305 248 0 1 7 6 33984 32 1
39722 39723 305 248 305 248 1 1 6 6 0 1 0
39723 39724 305 248 306 248 1 0 6 5 -33984 32 1
39724 40446 306 248 306 248 0 0 5 5 0 722 0
40446 40447 306 248 305 248 0 1 5 4 34244 32 1
40447 40447 305 248 305 248 1 2 4 4 34233 10 0
40447 40448 305 248 306 248 2 1 4 3 -34244 32 1
40448 40449 306 248 307 248 1 0 3 2 -34233 10 1
40449 43265 307 248 307 248 0 0 2 2 0 2816 0
43265 43267 307 248 305 248 0 0 2 0 1000000000 0 2
--------------------------------------
--------------------------------------
EV8
--------------------------------------
Num TPs served = 21
TPs served = 34502 34710 35114 35134 35259 35425 35649 35780 35906 36228 36352 36450 36487 36525 36558 36876 37333 37344 37640 37698 38751
Total energy used = 100
--------------------------------------
Schedule:
0 346 305 248 305 248 0 0 100 100 0 346 0
346 346 305 248 305 248 0 1 100 100 35259 32 0
346 347 305 248 305 249 1 0 100 99 -35259 32 1
347 823 305 249 305 249 0 0 99 99 0 476 0
823 824 305 249 305 248 0 1 99 98 35425 32 1
824 827 305 248 308 248 1 0 98 95 -35425 32 3
827 1490 308 248 308 248 0 0 95 95 0 663 0
1490 1493 308 248 305 248 0 1 95 92 35649 32 3
1493 1498 305 248 309 249 1 0 92 87 -35649 32 5
1498 1827 309 249 309 249 0 0 87 87 0 329 0
1827 1832 309 249 305 248 0 1 87 82 35780 32 5
1832 1834 305 248 306 249 1 0 82 80 -35780 32 2
1834 2228 306 249 306 249 0 0 80 80 0 394 0
2228 2230 306 249 305 248 0 1 80 78 35906 32 2
2230 2234 305 248 305 248 1 1 78 78 0 4 0
2234 2238 305 248 307 250 1 0 78 74 -35906 32 4
2238 3155 307 250 307 250 0 0 74 74 0 917 0
3155 3159 307 250 305 248 0 1 74 70 36228 32 4
3159 3160 305 248 305 249 1 0 70 69 -36228 32 1
3160 3513 305 249 305 249 0 0 69 69 0 353 0
3513 3514 305 249 305 248 0 1 69 68 36352 32 1
3514 3515 305 248 305 248 1 1 68 68 0 1 0
3515 3516 305 248 306 248 1 0 68 67 -36352 32 1
3516 3798 306 248 306 248 0 0 67 67 0 282 0
3798 3799 306 248 305 248 0 1 67 66 36450 32 1
3799 3804 305 248 310 248 1 0 66 61 -36450 32 5
3804 3903 310 248 310 248 0 0 61 61 0 99 0
3903 3908 310 248 305 248 0 1 61 56 36487 32 5
3908 3909 305 248 305 249 1 0 56 55 -36487 32 1
3909 4006 305 249 305 249 0 0 55 55 0 97 0
4006 4007 305 249 305 248 0 1 55 54 36525 32 1
4007 4009 305 248 307 248 1 0 54 52 -36525 32 2
4009 4108 307 248 307 248 0 0 52 52 0 99 0
4108 4110 307 248 305 248 0 1 52 50 36558 32 2
4110 4117 305 248 306 254 1 0 50 43 -36558 32 7
4117 5079 306 254 306 254 0 0 43 43 0 962 0
5079 5086 306 254 305 248 0 1 43 36 36876 32 7
5086 5088 305 248 305 248 1 1 36 36 0 2 0
5088 5093 305 248 309 249 1 0 36 31 -36876 32 5
5093 6437 309 249 309 249 0 0 31 31 0 1344 0
6437 6442 309 249 305 248 0 1 31 26 37344 32 5
6442 6442 305 248 305 248 1 2 26 26 37333 6 0
6442 6443 305 248 305 248 2 2 26 26 0 1 0
6443 6444 305 248 306 248 2 1 26 25 -37344 32 1
6444 6445 306 248 306 249 1 0 25 24 -37333 6 1
6445 7293 306 249 306 249 0 0 24 24 0 848 0
7293 7295 306 249 305 248 0 1 24 22 37640 32 2
7295 7298 305 248 307 249 1 0 22 19 -37640 32 3
7298 7439 307 249 307 249 0 0 19 19 0 141 0
7439 7442 307 249 305 248 0 1 19 16 37698 32 3
7442 7443 305 248 306 248 1 0 16 15 -37698 32 1
7443 10290 306 248 306 248 0 0 15 15 0 2847 0
10290 10291 306 248 305 248 0 1 15 14 38751 32 1
10291 10292 305 248 306 248 1 0 14 13 -38751 32 1
10292 41255 306 248 306 248 0 0 13 13 0 30963 0
41255 41256 306 248 305 248 0 1 13 12 34502 32 1
41256 41257 305 248 306 248 1 0 12 11 -34502 32 1
41257 41876 306 248 306 248 0 0 11 11 0 619 0
41876 41877 306 248 305 248 0 1 11 10 34710 32 1
41877 41880 305 248 307 249 1 0 10 7 -34710 32 3
41880 43092 307 249 307 249 0 0 7 7 0 1212 0
43092 43095 307 249 305 248 0 1 7 4 35114 32 3
43095 43096 305 248 305 249 1 0 4 3 -35114 32 1
43096 43156 305 249 305 249 0 0 3 3 0 60 0
43156 43157 305 249 305 248 0 1 3 2 35134 32 1
43157 43158 305 248 306 248 1 0 2 1 -35134 32 1
43158 43266 306 248 306 248 0 0 1 1 0 108 0
43266 43267 306 248 305 248 0 0 1 0 1000000000 0 1
--------------------------------------
--------------------------------------
EV9
--------------------------------------
Num TPs served = 22
TPs served = 37774 37898 39029 39313 39503 39522 39558 39943 40167 40405 40436 40478 40651 41079 41417 41444 41493 41501 42144 42683 43002 43103
Total energy used = 100
--------------------------------------
Schedule:
0 7668 305 248 305 248 0 0 100 100 0 7668 0
7668 7668 305 248 305 248 0 1 100 100 37774 32 0
7668 7673 305 248 305 248 1 1 100 100 0 5 0
7673 7677 305 248 309 248 1 0 100 96 -37774 32 4
7677 7983 309 248 309 248 0 0 96 96 0 306 0
7983 7987 309 248 305 248 0 1 96 92 37898 32 4
7987 7990 305 248 305 251 1 0 92 89 -37898 32 3
7990 10917 305 251 305 251 0 0 89 89 0 2927 0
10917 10920 305 251 305 248 0 1 89 86 39029 32 3
10920 10921 305 248 305 248 1 1 86 86 0 1 0
10921 10922 305 248 306 248 1 0 86 85 -39029 32 1
10922 11584 306 248 306 248 0 0 85 85 0 662 0
11584 11585 306 248 305 248 0 1 85 84 39313 32 1
11585 11586 305 248 306 248 1 0 84 83 -39313 32 1
11586 12106 306 248 306 248 0 0 83 83 0 520 0
12106 12107 306 248 305 248 0 1 83 82 39503 32 1
12107 12108 305 248 305 248 1 1 82 82 0 1 0
12108 12110 305 248 306 249 1 0 82 80 -39503 32 2
12110 12151 306 249 306 249 0 0 80 80 0 41 0
12151 12153 306 249 305 248 0 1 80 78 39522 32 2
12153 12155 305 248 305 248 1 1 78 78 0 2 0
12155 12156 305 248 306 248 1 0 78 77 -39522 32 1
12156 12247 306 248 306 248 0 0 77 77 0 91 0
12247 12248 306 248 305 248 0 1 77 76 39558 32 1
12248 12249 305 248 305 248 1 1 76 76 0 1 0
12249 12252 305 248 305 251 1 0 76 73 -39558 32 3
12252 13249 305 251 305 251 0 0 73 73 0 997 0
13249 13252 305 251 305 248 0 1 73 70 39943 32 3
13252 13253 305 248 305 248 1 1 70 70 0 1 0
13253 13255 305 248 307 248 1 0 70 68 -39943 32 2
13255 13897 307 248 307 248 0 0 68 68 0 642 0
13897 13899 307 248 305 248 0 1 68 66 40167 32 2
13899 13901 305 248 306 249 1 0 66 64 -40167 32 2
13901 14479 306 249 306 249 0 0 64 64 0 578 0
14479 14481 306 249 305 248 0 1 64 62 40405 32 2
14481 14483 305 248 305 248 1 1 62 62 0 2 0
14483 14484 305 248 305 249 1 0 62 61 -40405 32 1
14484 14548 305 249 305 249 0 0 61 61 0 64 0
14548 14549 305 249 305 248 0 1 61 60 40436 32 1
14549 14550 305 248 305 248 1 1 60 60 0 1 0
14550 14551 305 248 306 248 1 0 60 59 -40436 32 1
14551 14665 306 248 306 248 0 0 59 59 0 114 0
14665 14666 306 248 305 248 0 1 59 58 40478 32 1
14666 14667 305 248 305 248 1 1 58 58 0 1 0
14667 14668 305 248 306 248 1 0 58 57 -40478 32 1
14668 15079 306 248 306 248 0 0 57 57 0 411 0
15079 15080 306 248 305 248 0 1 57 56 40651 32 1
15080 15084 305 248 305 248 1 1 56 56 0 4 0
15084 15091 305 248 312 248 1 0 56 49 -40651 32 7
15091 16036 312 248 312 248 0 0 49 49 0 945 0
16036 16043 312 248 305 248 0 1 49 42 41079 32 7
16043 16047 305 248 309 248 1 0 42 38 -41079 32 4
16047 16815 309 248 309 248 0 0 38 38 0 768 0
16815 16819 309 248 305 248 0 1 38 34 41417 32 4
16819 16822 305 248 308 248 1 0 34 31 -41417 32 3
16822 16872 308 248 308 248 0 0 31 31 0 50 0
16872 16875 308 248 305 248 0 1 31 28 41444 32 3
16875 16876 305 248 305 249 1 0 28 27 -41444 32 1
16876 17010 305 249 305 249 0 0 27 27 0 134 0
17010 17011 305 249 305 248 0 1 27 26 41501 32 1
17011 17011 305 248 305 248 1 2 26 26 41493 20 0
17011 17014 305 248 308 248 2 1 26 23 -41501 32 3
17014 17016 308 248 308 250 1 0 23 21 -41493 20 2
17016 18421 308 250 308 250 0 0 21 21 0 1405 0
18421 18426 308 250 305 248 0 1 21 16 42144 32 5
18426 18427 305 248 305 248 1 1 16 16 0 1 0
18427 18428 305 248 306 248 1 0 16 15 -42144 32 1
18428 19597 306 248 306 248 0 0 15 15 0 1169 0
19597 19598 306 248 305 248 0 1 15 14 42683 32 1
19598 19603 305 248 305 248 1 1 14 14 0 5 0
19603 19605 305 248 306 249 1 0 14 12 -42683 32 2
19605 20226 306 249 306 249 0 0 12 12 0 621 0
20226 20228 306 249 305 248 0 1 12 10 43002 32 2
20228 20230 305 248 305 250 1 0 10 8 -43002 32 2
20230 20417 305 250 305 250 0 0 8 8 0 187 0
20417 20419 305 250 305 248 0 1 8 6 43103 32 2
20419 20422 305 248 305 251 1 0 6 3 -43103 32 3
20422 43264 305 251 305 251 0 0 3 3 0 22842 0
43264 43267 305 251 305 248 0 0 3 0 1000000000 0 3
--------------------------------------
--------------------------------------
EV10
--------------------------------------
Num TPs served = 17
TPs served = 45112 45231 45455 46020 46130 46958 47530 48585 49004 49043 49076 49085 49447 49554 49734 49927 49997
Total energy used = 92
--------------------------------------
Schedule:
0 24229 305 248 305 248 0 0 100 100 0 24229 0
24229 24229 305 248 305 248 0 1 100 100 45112 32 0
24229 24230 305 248 305 248 1 1 100 100 0 1 0
24230 24232 305 248 305 250 1 0 100 98 -45112 32 2
24232 24420 305 250 305 250 0 0 98 98 0 188 0
24420 24422 305 250 305 248 0 1 98 96 45231 32 2
24422 24424 305 248 307 248 1 0 96 94 -45231 32 2
24424 24821 307 248 307 248 0 0 94 94 0 397 0
24821 24823 307 248 305 248 0 1 94 92 45455 32 2
24823 24825 305 248 305 248 1 1 92 92 0 2 0
24825 24826 305 248 306 248 1 0 92 91 -45455 32 1
24826 25847 306 248 306 248 0 0 91 91 0 1021 0
25847 25848 306 248 305 248 0 1 91 90 46020 32 1
25848 25852 305 248 308 249 1 0 90 86 -46020 32 4
25852 26032 308 249 308 249 0 0 86 86 0 180 0
26032 26036 308 249 305 248 0 1 86 82 46130 32 4
26036 26039 305 248 305 251 1 0 82 79 -46130 32 3
26039 27482 305 251 305 251 0 0 79 79 0 1443 0
27482 27485 305 251 305 248 0 1 79 76 46958 32 3
27485 27489 305 248 307 250 1 0 76 72 -46958 32 4
27489 28404 307 250 307 250 0 0 72 72 0 915 0
28404 28408 307 250 305 248 0 1 72 68 47530 32 4
28408 28409 305 248 305 248 1 1 68 68 0 1 0
28409 28411 305 248 307 248 1 0 68 66 -47530 32 2
28411 30292 307 248 307 248 0 0 66 66 0 1881 0
30292 30294 307 248 305 248 0 1 66 64 48585 32 2
30294 30298 305 248 308 249 1 0 64 60 -48585 32 4
30298 31024 308 249 308 249 0 0 60 60 0 726 0
31024 31028 308 249 305 248 0 1 60 56 49004 32 4
31028 31029 305 248 305 248 1 1 56 56 0 1 0
31029 31032 305 248 308 248 1 0 56 53 -49004 32 3
31032 31098 308 248 308 248 0 0 53 53 0 66 0
31098 31101 308 248 305 248 0 1 53 50 49043 32 3
31101 31104 305 248 308 248 1 0 50 47 -49043 32 3
31104 31163 308 248 308 248 0 0 47 47 0 59 0
31163 31166 308 248 305 248 0 1 47 44 49085 32 3
31166 31166 305 248 305 248 1 2 44 44 49076 15 0
31166 31168 305 248 307 248 2 1 44 42 -49085 32 2
31168 31171 307 248 309 249 1 0 42 39 -49076 16 3
31171 31796 309 249 309 249 0 0 39 39 0 625 0
31796 31801 309 249 305 248 0 1 39 34 49447 32 5
31801 31802 305 248 305 248 1 1 34 34 0 1 0
31802 31804 305 248 306 249 1 0 34 32 -49447 32 2
31804 31986 306 249 306 249 0 0 32 32 0 182 0
31986 31988 306 249 305 248 0 1 32 30 49554 32 2
31988 31989 305 248 306 248 1 0 30 29 -49554 32 1
31989 32300 306 248 306 248 0 0 29 29 0 311 0
32300 32301 306 248 305 248 0 1 29 28 49734 32 1
32301 32303 305 248 307 248 1 0 28 26 -49734 32 2
32303 32627 307 248 307 248 0 0 26 26 0 324 0
32627 32629 307 248 305 248 0 1 26 24 49927 32 2
32629 32631 305 248 305 248 1 1 24 24 0 2 0
32631 32634 305 248 305 251 1 0 24 21 -49927 32 3
32634 32753 305 251 305 251 0 0 21 21 0 119 0
32753 32756 305 251 305 248 0 1 21 18 49997 32 3
32756 32757 305 248 305 248 1 1 18 18 0 1 0
32757 32762 305 248 310 248 1 0 18 13 -49997 32 5
32762 43262 310 248 310 248 0 0 13 13 0 10500 0
43262 43267 310 248 305 248 0 0 13 8 1000000000 0 5
--------------------------------------
--------------------------------------
EV11
--------------------------------------
Num TPs served = 0
TPs served = 
Total energy used = 0
--------------------------------------
Schedule:
0 43265 305 248 305 248 0 0 100 100 0 43265 0
43265 43266 305 248 305 248 0 0 100 100 0 0 0
43266 43267 305 248 305 248 0 0 100 100 0 0 0
--------------------------------------

-------------------------------------------------------------------------

TPs

-------------------------------------------------------------------------

----------------------
TP43 allocated to 1
----------------------

----------------------
TP505 allocated to 1
----------------------

----------------------
TP601 allocated to 1
----------------------

----------------------
TP970 allocated to 1
----------------------

----------------------
TP1001 allocated to 1
----------------------

----------------------
TP1231 allocated to 1
----------------------

----------------------
TP1448 allocated to 1
----------------------

----------------------
TP1590 allocated to 1
----------------------

----------------------
TP1685 allocated to 1
----------------------

----------------------
TP1715 allocated to 1
----------------------

----------------------
TP1842 allocated to 1
----------------------

----------------------
TP2442 allocated to 1
----------------------

----------------------
TP2473 allocated to 1
----------------------

----------------------
TP2630 allocated to 1
----------------------

----------------------
TP2636 allocated to 1
----------------------

----------------------
TP2770 allocated to 1
----------------------

----------------------
TP3231 allocated to 1
----------------------

----------------------
TP3298 allocated to 2
----------------------

----------------------
TP3374 allocated to 2
----------------------

----------------------
TP3402 allocated to 1
----------------------

----------------------
TP3626 allocated to 1
----------------------

----------------------
TP3710 allocated to 2
----------------------

----------------------
TP3741 allocated to 2
----------------------

----------------------
TP4092 allocated to 2
----------------------

----------------------
TP4248 allocated to 2
----------------------

----------------------
TP4458 allocated to 2
----------------------

----------------------
TP4856 allocated to 2
----------------------

----------------------
TP5186 allocated to 2
----------------------

----------------------
TP5281 allocated to 2
----------------------

----------------------
TP5409 allocated to 1
----------------------

----------------------
TP6636 allocated to 2
----------------------

----------------------
TP6846 allocated to 2
----------------------

----------------------
TP6940 allocated to 2
----------------------

----------------------
TP6970 allocated to 1
----------------------

----------------------
TP7264 allocated to 1
----------------------

----------------------
TP7394 allocated to 2
----------------------

----------------------
TP7771 allocated to 2
----------------------

----------------------
TP7854 allocated to 2
----------------------

----------------------
TP8194 allocated to 3
----------------------

----------------------
TP8704 allocated to 1
----------------------

----------------------
TP8723 allocated to 3
----------------------

----------------------
TP9025 allocated to 3
----------------------

----------------------
TP9681 allocated to 3
----------------------

----------------------
TP10126 allocated to 3
----------------------

----------------------
TP10172 allocated to 3
----------------------

----------------------
TP10701 allocated to 3
----------------------

----------------------
TP10819 allocated to 3
----------------------

----------------------
TP11114 allocated to 3
----------------------

----------------------
TP12018 allocated to 3
----------------------

----------------------
TP12189 allocated to 3
----------------------

----------------------
TP12326 allocated to 3
----------------------

----------------------
TP12668 allocated to 3
----------------------

----------------------
TP13285 allocated to 3
----------------------

----------------------
TP13336 allocated to 3
----------------------

----------------------
TP13376 allocated to 3
----------------------

----------------------
TP13411 allocated to 1
----------------------

----------------------
TP13435 allocated to 4
----------------------

----------------------
TP13590 allocated to 4
----------------------

----------------------
TP13955 allocated to 4
----------------------

----------------------
TP14020 allocated to 3
----------------------

----------------------
TP14119 allocated to 4
----------------------

----------------------
TP14438 allocated to 4
----------------------

----------------------
TP14623 allocated to 4
----------------------

----------------------
TP14712 allocated to 4
----------------------

----------------------
TP14788 allocated to 4
----------------------

----------------------
TP14972 allocated to 4
----------------------

----------------------
TP14994 allocated to 4
----------------------

----------------------
TP15107 allocated to 4
----------------------

----------------------
TP15116 allocated to 4
----------------------

----------------------
TP15185 allocated to 4
----------------------

----------------------
TP15602 allocated to 1
----------------------

----------------------
TP15748 allocated to 4
----------------------

----------------------
TP15994 allocated to 4
----------------------

----------------------
TP16202 allocated to 4
----------------------

----------------------
TP16578 allocated to 5
----------------------

----------------------
TP16661 allocated to 5
----------------------

----------------------
TP16769 allocated to 5
----------------------

----------------------
TP17501 allocated to 5
----------------------

----------------------
TP17647 allocated to 5
----------------------

----------------------
TP18101 allocated to 5
----------------------

----------------------
TP18194 allocated to 5
----------------------

----------------------
TP18288 allocated to 5
----------------------

----------------------
TP18721 allocated to 5
----------------------

----------------------
TP18839 allocated to 5
----------------------

----------------------
TP18925 allocated to 5
----------------------

----------------------
TP19018 allocated to 5
----------------------

----------------------
TP19399 allocated to 5
----------------------

----------------------
TP19541 allocated to 2
----------------------

----------------------
TP19618 allocated to 5
----------------------

----------------------
TP19703 allocated to 5
----------------------

----------------------
TP19884 allocated to 5
----------------------

----------------------
TP20012 allocated to 2
----------------------

----------------------
TP20425 allocated to 5
----------------------

----------------------
TP20683 allocated to 5
----------------------

----------------------
TP20797 allocated to 1
----------------------

----------------------
TP20987 allocated to 5
----------------------

----------------------
TP21846 allocated to 5
----------------------

----------------------
TP22145 allocated to 2
----------------------

----------------------
TP23179 allocated to 1
----------------------

----------------------
TP23242 allocated to 6
----------------------

----------------------
TP23383 allocated to 5
----------------------

----------------------
TP23476 allocated to 6
----------------------

----------------------
TP23615 allocated to 6
----------------------

----------------------
TP23929 allocated to 6
----------------------

----------------------
TP24072 allocated to 6
----------------------

----------------------
TP24529 allocated to 6
----------------------

----------------------
TP24575 allocated to 6
----------------------

----------------------
TP25021 allocated to 6
----------------------

----------------------
TP25035 allocated to 6
----------------------

----------------------
TP25132 allocated to 6
----------------------

----------------------
TP25187 allocated to 6
----------------------

----------------------
TP25419 allocated to 6
----------------------

----------------------
TP25509 allocated to 6
----------------------

----------------------
TP25518 allocated to 6
----------------------

----------------------
TP25727 allocated to 6
----------------------

----------------------
TP25940 allocated to 6
----------------------

----------------------
TP26301 allocated to 7
----------------------

----------------------
TP26466 allocated to 6
----------------------

----------------------
TP26583 allocated to 6
----------------------

----------------------
TP26742 allocated to 7
----------------------

----------------------
TP26987 allocated to 7
----------------------

----------------------
TP27144 allocated to 7
----------------------

----------------------
TP27395 allocated to 7
----------------------

----------------------
TP28171 allocated to 7
----------------------

----------------------
TP28385 allocated to 7
----------------------

----------------------
TP28896 allocated to 7
----------------------

----------------------
TP29680 allocated to 7
----------------------

----------------------
TP29836 allocated to 1
----------------------

----------------------
TP29991 allocated to 7
----------------------

----------------------
TP30059 allocated to 1
----------------------

----------------------
TP30094 allocated to 7
----------------------

----------------------
TP30824 allocated to 7
----------------------

----------------------
TP31608 allocated to 7
----------------------

----------------------
TP31777 allocated to 7
----------------------

----------------------
TP31778 allocated to 7
----------------------

----------------------
TP31888 allocated to 7
----------------------

----------------------
TP32296 allocated to 7
----------------------

----------------------
TP32362 allocated to 7
----------------------

----------------------
TP33630 allocated to 7
----------------------

----------------------
TP33984 allocated to 7
----------------------

----------------------
TP34233 allocated to 7
----------------------

----------------------
TP34244 allocated to 7
----------------------

----------------------
TP34319 allocated to 1
----------------------

----------------------
TP34502 allocated to 8
----------------------

----------------------
TP34710 allocated to 8
----------------------

----------------------
TP35114 allocated to 8
----------------------

----------------------
TP35134 allocated to 8
----------------------

----------------------
TP35259 allocated to 8
----------------------

----------------------
TP35425 allocated to 8
----------------------

----------------------
TP35649 allocated to 8
----------------------

----------------------
TP35750 allocated to 1
----------------------

----------------------
TP35780 allocated to 8
----------------------

----------------------
TP35906 allocated to 8
----------------------

----------------------
TP36085 allocated to 1
----------------------

----------------------
TP36228 allocated to 8
----------------------

----------------------
TP36241 allocated to 1
----------------------

----------------------
TP36352 allocated to 8
----------------------

----------------------
TP36450 allocated to 8
----------------------

----------------------
TP36487 allocated to 8
----------------------

----------------------
TP36525 allocated to 8
----------------------

----------------------
TP36558 allocated to 8
----------------------

----------------------
TP36724 allocated to 1
----------------------

----------------------
TP36876 allocated to 8
----------------------

----------------------
TP37333 allocated to 8
----------------------

----------------------
TP37344 allocated to 8
----------------------

----------------------
TP37640 allocated to 8
----------------------

----------------------
TP37698 allocated to 8
----------------------

----------------------
TP37774 allocated to 9
----------------------

----------------------
TP37898 allocated to 9
----------------------

----------------------
TP38751 allocated to 8
----------------------

----------------------
TP39029 allocated to 9
----------------------

----------------------
TP39313 allocated to 9
----------------------

----------------------
TP39503 allocated to 9
----------------------

----------------------
TP39522 allocated to 9
----------------------

----------------------
TP39558 allocated to 9
----------------------

----------------------
TP39943 allocated to 9
----------------------

----------------------
TP40167 allocated to 9
----------------------

----------------------
TP40405 allocated to 9
----------------------

----------------------
TP40436 allocated to 9
----------------------

----------------------
TP40478 allocated to 9
----------------------

----------------------
TP40651 allocated to 9
----------------------

----------------------
TP41079 allocated to 9
----------------------

----------------------
TP41417 allocated to 9
----------------------

----------------------
TP41444 allocated to 9
----------------------

----------------------
TP41493 allocated to 9
----------------------

----------------------
TP41501 allocated to 9
----------------------

----------------------
TP41908 allocated to 1
----------------------

----------------------
TP42144 allocated to 9
----------------------

----------------------
TP42251 allocated to 1
----------------------

----------------------
TP42640 allocated to 1
----------------------

----------------------
TP42683 allocated to 9
----------------------

----------------------
TP43002 allocated to 9
----------------------

----------------------
TP43103 allocated to 9
----------------------

----------------------
TP44773 allocated to 6
----------------------

----------------------
TP45112 allocated to 10
----------------------

----------------------
TP45231 allocated to 10
----------------------

----------------------
TP45408 allocated to 1
----------------------

----------------------
TP45455 allocated to 10
----------------------

----------------------
TP46020 allocated to 10
----------------------

----------------------
TP46130 allocated to 10
----------------------

----------------------
TP46958 allocated to 10
----------------------

----------------------
TP47500 allocated to 1
----------------------

----------------------
TP47530 allocated to 10
----------------------

----------------------
TP48585 allocated to 10
----------------------

----------------------
TP48662 allocated to 1
----------------------

----------------------
TP49004 allocated to 10
----------------------

----------------------
TP49043 allocated to 10
----------------------

----------------------
TP49076 allocated to 10
----------------------

----------------------
TP49085 allocated to 10
----------------------

----------------------
TP49447 allocated to 10
----------------------

----------------------
TP49554 allocated to 10
----------------------

----------------------
TP49734 allocated to 10
----------------------

----------------------
TP49927 allocated to 10
----------------------

----------------------
TP49997 allocated to 10
----------------------

-------------------------------------------------------------------------

Ride-sharing vs Individual Mode - Num Vehicles and Distance Comparisson 

-------------------------------------------------------------------------
Individual Mode = 214 vehicles.
Ride-sharing Mode = 11 vehicles. The 11 ride-sharing vehicles + 0 vehicles of the individuals not served by the ride-sharing service.
-------------------------------------------------------------------------
Individual Mode = 514 distance.
Ride-sharing Mode = 992 distance. 992 from the EV fleet + 0 from the distance of the trips not covered individuals had to do with their own vehicle.
-------------------------------------------------------------------------
