-------------------------------------------------------------------------
TPs satisfied = 94; Total TPs = 188; Percentage Satisfied + 50.0%
-------------------------------------------------------------------------

-------------------------------------------------------------------------

EVs

-------------------------------------------------------------------------
--------------------------------------
EV1
--------------------------------------
Num TPs served = 38
TPs served = 87 214 676 689 1124 1779 2206 2792 2902 2972 3187 3309 3513 4314 4596 5094 5261 5508 5635 5832 6026 8345 9007 9772 11386 16199 17808 27947 28334 28704 30915 32841 36841 39634 40247 42868 47832 49593
Total energy used = 100
--------------------------------------
Schedule:
0 179 183 744 183 744 0 0 100 100 0 179 0
179 179 183 744 183 744 0 1 100 100 87 32 0
179 180 183 744 184 744 1 0 100 99 -87 32 1
180 408 184 744 184 744 0 0 99 99 0 228 0
408 409 184 744 183 744 0 1 99 98 214 32 1
409 410 183 744 183 744 1 1 98 98 0 1 0
410 410 183 744 183 744 1 0 98 98 -214 32 0
410 1221 183 744 183 744 0 0 98 98 0 811 0
1221 1221 183 744 183 744 0 1 98 98 17808 32 0
1221 1234 183 744 183 744 1 1 98 98 0 13 0
1234 1234 183 744 183 744 1 2 98 98 689 32 0
1234 1234 183 744 183 744 2 3 98 98 676 6 0
1234 1235 183 744 184 744 3 2 98 97 -17808 19 1
1235 1235 184 744 184 744 2 1 97 97 -689 32 0
1235 1236 184 744 184 745 1 0 97 96 -676 6 1
1236 1962 184 745 184 745 0 0 96 96 0 726 0
1962 1964 184 745 183 744 0 1 96 94 1124 32 2
1964 1965 183 744 183 744 1 1 94 94 0 1 0
1965 1966 183 744 183 745 1 0 94 93 -1124 32 1
1966 3113 183 745 183 745 0 0 93 93 0 1147 0
3113 3114 183 745 183 744 0 1 93 92 1779 32 1
3114 3121 183 744 190 744 1 0 92 85 -1779 32 7
3121 3893 190 744 190 744 0 0 85 85 0 772 0
3893 3900 190 744 183 744 0 1 85 78 2206 32 7
3900 3901 183 744 184 744 1 0 78 77 -2206 32 1
3901 4984 184 744 184 744 0 0 77 77 0 1083 0
4984 4985 184 744 183 744 0 1 77 76 36841 32 1
4985 4985 183 744 183 744 1 2 76 76 2792 18 0
4985 4986 183 744 184 744 2 1 76 75 -36841 32 1
4986 4987 184 744 185 744 1 0 75 74 -2792 18 1
4987 5173 185 744 185 744 0 0 74 74 0 186 0
5173 5175 185 744 183 744 0 1 74 72 2902 32 2
5175 5178 183 744 183 744 1 1 72 72 0 3 0
5178 5180 183 744 184 745 1 0 72 70 -2902 32 2
5180 5302 184 745 184 745 0 0 70 70 0 122 0
5302 5304 184 745 183 744 0 1 70 68 2972 32 2
5304 5308 183 744 187 744 1 0 68 64 -2972 32 4
5308 5682 187 744 187 744 0 0 64 64 0 374 0
5682 5686 187 744 183 744 0 1 64 60 3187 32 4
5686 5687 183 744 183 744 1 1 60 60 0 1 0
5687 5688 183 744 184 744 1 0 60 59 -3187 32 1
5688 5899 184 744 184 744 0 0 59 59 0 211 0
5899 5900 184 744 183 744 0 1 59 58 3309 32 1
5900 5901 183 744 184 744 1 0 58 57 -3309 32 1
5901 6269 184 744 184 744 0 0 57 57 0 368 0
6269 6270 184 744 183 744 0 1 57 56 3513 32 1
6270 6272 183 744 185 744 1 0 56 54 -3513 32 2
6272 7746 185 744 185 744 0 0 54 54 0 1474 0
7746 7748 185 744 183 744 0 1 54 52 4314 32 2
7748 7749 183 744 184 744 1 0 52 51 -4314 32 1
7749 8307 184 744 184 744 0 0 51 51 0 558 0
8307 8308 184 744 183 744 0 1 51 50 4596 32 1
8308 8310 183 744 183 744 1 1 50 50 0 2 0
8310 8311 183 744 184 744 1 0 50 49 -4596 32 1
8311 9240 184 744 184 744 0 0 49 49 0 929 0
9240 9241 184 744 183 744 0 1 49 48 5094 32 1
9241 9243 183 744 185 744 1 0 48 46 -5094 32 2
9243 9560 185 744 185 744 0 0 46 46 0 317 0
9560 9562 185 744 183 744 0 1 46 44 5261 32 2
9562 9572 183 744 193 744 1 0 44 34 -5261 32 10
9572 10000 193 744 193 744 0 0 34 34 0 428 0
10000 10010 193 744 183 744 0 1 34 24 5508 32 10
10010 10015 183 744 183 744 1 1 24 24 0 5 0
10015 10025 183 744 183 754 1 0 24 14 -5508 32 10
10025 10281 183 754 183 754 0 0 14 14 0 256 0
10281 10291 183 754 183 744 0 1 14 4 5635 32 10
10291 10292 183 744 183 745 1 0 4 3 -5635 32 1
10292 10671 183 745 183 745 0 0 3 3 0 379 0
10671 10672 183 745 183 744 0 1 3 2 5832 32 1
10672 10673 183 744 184 744 1 0 2 1 -5832 32 1
10673 11034 184 744 184 744 0 0 1 1 0 361 0
11034 11035 184 744 183 744 0 1 1 0 6026 32 1
11035 11037 183 744 183 744 1 1 0 0 0 2 0
11037 11037 183 744 183 744 1 0 0 0 -6026 32 0
11037 12454 183 744 183 744 0 0 0 0 0 1417 0
12454 12454 183 744 183 744 0 1 0 0 39634 32 0
12454 12455 183 744 183 744 1 1 0 0 0 1 0
12455 12455 183 744 183 744 1 0 0 0 -39634 32 0
12455 14119 183 744 183 744 0 0 0 0 0 1664 0
14119 14119 183 744 183 744 0 1 0 0 40247 32 0
14119 14120 183 744 183 744 1 1 0 0 0 1 0
14120 14120 183 744 183 744 1 0 0 0 -40247 32 0
14120 16043 183 744 183 744 0 0 0 0 0 1923 0
16043 16043 183 744 183 744 0 1 0 0 8345 32 0
16043 16044 183 744 183 744 1 1 0 0 0 1 0
16044 16044 183 744 183 744 1 0 0 0 -8345 32 0
16044 17670 183 744 183 744 0 0 0 0 0 1626 0
17670 17670 183 744 183 744 0 1 0 0 9007 32 0
17670 17671 183 744 183 744 1 1 0 0 0 1 0
17671 17671 183 744 183 744 1 0 0 0 -9007 32 0
17671 19792 183 744 183 744 0 0 0 0 0 2121 0
19792 19792 183 744 183 744 0 1 0 0 9772 32 0
19792 19793 183 744 183 744 1 1 0 0 0 1 0
19793 19793 183 744 183 744 1 0 0 0 -9772 32 0
19793 19968 183 744 183 744 0 0 0 0 0 175 0
19968 19968 183 744 183 744 0 1 0 0 42868 32 0
19968 19969 183 744 183 744 1 1 0 0 0 1 0
19969 19969 183 744 183 744 1 0 0 0 -42868 32 0
19969 24606 183 744 183 744 0 0 0 0 0 4637 0
24606 24606 183 744 183 744 0 1 0 0 11386 32 0
24606 24607 183 744 183 744 1 1 0 0 0 1 0
24607 24607 183 744 183 744 1 0 0 0 -11386 32 0
24607 26417 183 744 183 744 0 0 0 0 0 1810 0
26417 26417 183 744 183 744 0 1 0 0 27947 32 0
26417 26419 183 744 183 744 1 1 0 0 0 2 0
26419 26419 183 744 183 744 1 0 0 0 -27947 32 0
26419 27173 183 744 183 744 0 0 0 0 0 754 0
27173 27173 183 744 183 744 0 1 0 0 28334 32 0
27173 27174 183 744 183 744 1 1 0 0 0 1 0
27174 27174 183 744 183 744 1 0 0 0 -28334 32 0
27174 27881 183 744 183 744 0 0 0 0 0 707 0
27881 27881 183 744 183 744 0 1 0 0 28704 32 0
27881 27882 183 744 183 744 1 1 0 0 0 1 0
27882 27882 183 744 183 744 1 0 0 0 -28704 32 0
27882 28922 183 744 183 744 0 0 0 0 0 1040 0
28922 28922 183 744 183 744 0 1 0 0 47832 32 0
28922 28923 183 744 183 744 1 1 0 0 0 1 0
28923 28923 183 744 183 744 1 0 0 0 -47832 32 0
28923 32047 183 744 183 744 0 0 0 0 0 3124 0
32047 32047 183 744 183 744 0 1 0 0 49593 32 0
32047 32048 183 744 183 744 1 1 0 0 0 1 0
32048 32048 183 744 183 744 1 0 0 0 -49593 32 0
32048 32330 183 744 183 744 0 0 0 0 0 282 0
32330 32330 183 744 183 744 0 1 0 0 30915 32 0
32330 32331 183 744 183 744 1 1 0 0 0 1 0
32331 32331 183 744 183 744 1 0 0 0 -30915 32 0
32331 36734 183 744 183 744 0 0 0 0 0 4403 0
36734 36734 183 744 183 744 0 1 0 0 32841 32 0
36734 36735 183 744 183 744 1 1 0 0 0 1 0
36735 36735 183 744 183 744 1 0 0 0 -32841 32 0
36735 41115 183 744 183 744 0 0 0 0 0 4380 0
41115 41115 183 744 183 744 0 1 0 0 16199 32 0
41115 41116 183 744 183 744 1 1 0 0 0 1 0
41116 41116 183 744 183 744 1 0 0 0 -16199 32 0
41116 43267 183 744 183 744 0 0 0 0 0 2151 0
43267 43267 183 744 183 744 0 0 0 0 1000000000 0 0
--------------------------------------
--------------------------------------
EV2
--------------------------------------
Num TPs served = 19
TPs served = 6151 6497 6634 7636 9476 9857 9963 9975 10835 11063 11176 11519 12323 12452 12538 12654 13161 15372 27224
Total energy used = 100
--------------------------------------
Schedule:
0 11262 183 744 183 744 0 0 100 100 0 11262 0
11262 11262 183 744 183 744 0 1 100 100 6151 32 0
11262 11263 183 744 183 744 1 1 100 100 0 1 0
11263 11264 183 744 183 745 1 0 100 99 -6151 32 1
11264 11938 183 745 183 745 0 0 99 99 0 674 0
11938 11939 183 745 183 744 0 1 99 98 6497 32 1
11939 11941 183 744 185 744 1 0 98 96 -6497 32 2
11941 12229 185 744 185 744 0 0 96 96 0 288 0
12229 12231 185 744 183 744 0 1 96 94 6634 32 2
12231 12235 183 744 187 744 1 0 94 90 -6634 32 4
12235 14393 187 744 187 744 0 0 90 90 0 2158 0
14393 14397 187 744 183 744 0 1 90 86 7636 32 4
14397 14398 183 744 183 745 1 0 86 85 -7636 32 1
14398 18951 183 745 183 745 0 0 85 85 0 4553 0
18951 18952 183 745 183 744 0 1 85 84 9476 32 1
18952 18953 183 744 183 744 1 1 84 84 0 1 0
18953 18956 183 744 185 745 1 0 84 81 -9476 32 3
18956 20036 185 745 185 745 0 0 81 81 0 1080 0
20036 20039 185 745 183 744 0 1 81 78 9857 32 3
20039 20044 183 744 183 744 1 1 78 78 0 5 0
20044 20047 183 744 186 744 1 0 78 75 -9857 32 3
20047 20298 186 744 186 744 0 0 75 75 0 251 0
20298 20301 186 744 183 744 0 1 75 72 9963 32 3
20301 20307 183 744 187 746 1 0 72 66 -9963 32 6
20307 20331 187 746 187 746 0 0 66 66 0 24 0
20331 20337 187 746 183 744 0 1 66 60 9975 32 6
20337 20341 183 744 184 747 1 0 60 56 -9975 32 4
20341 22847 184 747 184 747 0 0 56 56 0 2506 0
22847 22851 184 747 183 744 0 1 56 52 10835 32 4
22851 22855 183 744 185 746 1 0 52 48 -10835 32 4
22855 23569 185 746 185 746 0 0 48 48 0 714 0
23569 23573 185 746 183 744 0 1 48 44 11063 32 4
23573 23574 183 744 183 744 1 1 44 44 0 1 0
23574 23579 183 744 187 745 1 0 44 39 -11063 32 5
23579 23884 187 745 187 745 0 0 39 39 0 305 0
23884 23889 187 745 183 744 0 1 39 34 11176 32 5
23889 23890 183 744 183 745 1 0 34 33 -11176 32 1
23890 25058 183 745 183 745 0 0 33 33 0 1168 0
25058 25059 183 745 183 744 0 1 33 32 27224 32 1
25059 25059 183 744 183 744 1 2 32 32 11519 20 0
25059 25060 183 744 184 744 2 1 32 31 -27224 32 1
25060 25062 184 744 184 746 1 0 31 29 -11519 22 2
25062 27830 184 746 184 746 0 0 29 29 0 2768 0
27830 27833 184 746 183 744 0 1 29 26 12323 32 3
27833 27834 183 744 184 744 1 0 26 25 -12323 32 1
27834 28279 184 744 184 744 0 0 25 25 0 445 0
28279 28280 184 744 183 744 0 1 25 24 12452 32 1
28280 28281 183 744 183 744 1 1 24 24 0 1 0
28281 28286 183 744 187 745 1 0 24 19 -12452 32 5
28286 28582 187 745 187 745 0 0 19 19 0 296 0
28582 28587 187 745 183 744 0 1 19 14 12538 32 5
28587 28588 183 744 183 744 1 1 14 14 0 1 0
28588 28590 183 744 183 746 1 0 14 12 -12538 32 2
28590 29019 183 746 183 746 0 0 12 12 0 429 0
29019 29021 183 746 183 744 0 1 12 10 12654 32 2
29021 29022 183 744 183 744 1 1 10 10 0 1 0
29022 29024 183 744 185 744 1 0 10 8 -12654 32 2
29024 30863 185 744 185 744 0 0 8 8 0 1839 0
30863 30865 185 744 183 744 0 1 8 6 13161 32 2
30865 30867 183 744 185 744 1 0 6 4 -13161 32 2
30867 39263 185 744 185 744 0 0 4 4 0 8396 0
39263 39265 185 744 183 744 0 1 4 2 15372 32 2
39265 39266 183 744 183 745 1 0 2 1 -15372 32 1
39266 43266 183 745 183 745 0 0 1 1 0 4000 0
43266 43267 183 745 183 744 0 0 1 0 1000000000 0 1
--------------------------------------
--------------------------------------
EV3
--------------------------------------
Num TPs served = 18
TPs served = 12792 13430 14620 14711 15200 15241 16048 16213 16473 17221 17499 17827 18248 19527 19702 32835 35047 49471
Total energy used = 100
--------------------------------------
Schedule:
0 261 183 744 183 744 0 0 100 100 0 261 0
261 261 183 744 183 744 0 1 100 100 17499 32 0
261 264 183 744 186 744 1 0 100 97 -17499 32 3
264 1289 186 744 186 744 0 0 97 97 0 1025 0
1289 1292 186 744 183 744 0 1 97 94 17827 32 3
1292 1293 183 744 183 745 1 0 94 93 -17827 32 1
1293 2569 183 745 183 745 0 0 93 93 0 1276 0
2569 2570 183 745 183 744 0 1 93 92 18248 32 1
2570 2576 183 744 186 747 1 0 92 86 -18248 32 6
2576 6654 186 747 186 747 0 0 86 86 0 4078 0
6654 6660 186 747 183 744 0 1 86 80 19527 32 6
6660 6662 183 744 185 744 1 0 80 78 -19527 32 2
6662 7162 185 744 185 744 0 0 78 78 0 500 0
7162 7164 185 744 183 744 0 1 78 76 19702 32 2
7164 7168 183 744 183 744 1 1 76 76 0 4 0
7168 7171 183 744 186 744 1 0 76 73 -19702 32 3
7171 29519 186 744 186 744 0 0 73 73 0 22348 0
29519 29522 186 744 183 744 0 1 73 70 12792 32 3
29522 29526 183 744 187 744 1 0 70 66 -12792 32 4
29526 31849 187 744 187 744 0 0 66 66 0 2323 0
31849 31853 187 744 183 744 0 1 66 62 49471 32 4
31853 31853 183 744 183 744 1 2 62 62 13430 24 0
31853 31854 183 744 183 744 2 2 62 62 0 1 0
31854 31855 183 744 184 744 2 1 62 61 -49471 32 1
31855 31857 184 744 186 744 1 0 61 59 -13430 24 2
31857 36311 186 744 186 744 0 0 59 59 0 4454 0
36311 36314 186 744 183 744 0 1 59 56 14620 32 3
36314 36318 183 744 187 744 1 0 56 52 -14620 32 4
36318 36705 187 744 187 744 0 0 52 52 0 387 0
36705 36709 187 744 183 744 0 1 52 48 32835 32 4
36709 36709 183 744 183 744 1 2 48 48 14711 25 0
36709 36711 183 744 183 744 2 2 48 48 0 2 0
36711 36712 183 744 183 745 2 1 48 47 -32835 32 1
36712 36713 183 745 183 746 1 0 47 46 -14711 27 1
36713 38615 183 746 183 746 0 0 46 46 0 1902 0
38615 38617 183 746 183 744 0 1 46 44 15200 32 2
38617 38621 183 744 187 744 1 0 44 40 -15200 32 4
38621 38741 187 744 187 744 0 0 40 40 0 120 0
38741 38745 187 744 183 744 0 1 40 36 15241 32 4
38745 38750 183 744 187 745 1 0 36 31 -15241 32 5
38750 40826 187 745 187 745 0 0 31 31 0 2076 0
40826 40831 187 745 183 744 0 1 31 26 16048 32 5
40831 40832 183 744 184 744 1 0 26 25 -16048 32 1
40832 41135 184 744 184 744 0 0 25 25 0 303 0
41135 41136 184 744 183 744 0 1 25 24 16213 32 1
41136 41138 183 744 183 744 1 1 24 24 0 2 0
41138 41141 183 744 185 745 1 0 24 21 -16213 32 3
41141 41553 185 745 185 745 0 0 21 21 0 412 0
41553 41556 185 745 183 744 0 1 21 18 16473 32 3
41556 41557 183 744 183 744 1 1 18 18 0 1 0
41557 41558 183 744 184 744 1 0 18 17 -16473 32 1
41558 42881 184 744 184 744 0 0 17 17 0 1323 0
42881 42882 184 744 183 744 0 1 17 16 35047 32 1
42882 42882 183 744 183 744 1 2 16 16 17221 20 0
42882 42883 183 744 184 744 2 1 16 15 -35047 32 1
42883 42890 184 744 191 744 1 0 15 8 -17221 21 7
42890 43259 191 744 191 744 0 0 8 8 0 369 0
43259 43267 191 744 183 744 0 0 8 0 1000000000 0 8
--------------------------------------
--------------------------------------
EV4
--------------------------------------
Num TPs served = 19
TPs served = 19165 19749 19857 20024 20245 20291 20521 20639 20644 21233 21237 23033 23517 23573 23606 24731 24874 24950 25394
Total energy used = 100
--------------------------------------
Schedule:
0 5505 183 744 183 744 0 0 100 100 0 5505 0
5505 5505 183 744 183 744 0 1 100 100 19165 32 0
5505 5514 183 744 186 750 1 0 100 91 -19165 32 9
5514 7263 186 750 186 750 0 0 91 91 0 1749 0
7263 7272 186 750 183 744 0 1 91 82 19749 32 9
7272 7276 183 744 187 744 1 0 82 78 -19749 32 4
7276 7602 187 744 187 744 0 0 78 78 0 326 0
7602 7606 187 744 183 744 0 1 78 74 19857 32 4
7606 7607 183 744 183 744 1 1 74 74 0 1 0
7607 7609 183 744 184 745 1 0 74 72 -19857 32 2
7609 8094 184 745 184 745 0 0 72 72 0 485 0
8094 8096 184 745 183 744 0 1 72 70 20024 32 2
8096 8098 183 744 184 745 1 0 70 68 -20024 32 2
8098 8753 184 745 184 745 0 0 68 68 0 655 0
8753 8755 184 745 183 744 0 1 68 66 20245 32 2
8755 8756 183 744 184 744 1 0 66 65 -20245 32 1
8756 8868 184 744 184 744 0 0 65 65 0 112 0
8868 8869 184 744 183 744 0 1 65 64 20291 32 1
8869 8872 183 744 183 744 1 1 64 64 0 3 0
8872 8875 183 744 184 746 1 0 64 61 -20291 32 3
8875 9500 184 746 184 746 0 0 61 61 0 625 0
9500 9503 184 746 183 744 0 1 61 58 20521 32 3
9503 9504 183 744 183 745 1 0 58 57 -20521 32 1
9504 9813 183 745 183 745 0 0 57 57 0 309 0
9813 9814 183 745 183 744 0 1 57 56 20644 32 1
9814 9814 183 744 183 744 1 2 56 56 20639 23 0
9814 9815 183 744 183 744 2 2 56 56 0 1 0
9815 9816 183 744 184 744 2 1 56 55 -20644 32 1
9816 9817 184 744 185 744 1 0 55 54 -20639 23 1
9817 11389 185 744 185 744 0 0 54 54 0 1572 0
11389 11391 185 744 183 744 0 1 54 52 21237 32 2
11391 11391 183 744 183 744 1 2 52 52 21233 19 0
11391 11394 183 744 186 744 2 1 52 49 -21237 32 3
11394 11397 186 744 184 745 1 0 49 46 -21233 16 3
11397 16055 184 745 184 745 0 0 46 46 0 4658 0
16055 16057 184 745 183 744 0 1 46 44 23033 32 2
16057 16060 183 744 183 744 1 1 44 44 0 3 0
16060 16062 183 744 183 746 1 0 44 42 -23033 32 2
16062 17208 183 746 183 746 0 0 42 42 0 1146 0
17208 17210 183 746 183 744 0 1 42 40 23517 32 2
17210 17211 183 744 183 744 1 1 40 40 0 1 0
17211 17212 183 744 184 744 1 0 40 39 -23517 32 1
17212 17328 184 744 184 744 0 0 39 39 0 116 0
17328 17329 184 744 183 744 0 1 39 38 23573 32 1
17329 17330 183 744 184 744 1 0 38 37 -23573 32 1
17330 17420 184 744 184 744 0 0 37 37 0 90 0
17420 17421 184 744 183 744 0 1 37 36 23606 32 1
17421 17424 183 744 186 744 1 0 36 33 -23606 32 3
17424 19906 186 744 186 744 0 0 33 33 0 2482 0
19906 19909 186 744 183 744 0 1 33 30 24731 32 3
19909 19913 183 744 183 744 1 1 30 30 0 4 0
19913 19916 183 744 183 747 1 0 30 27 -24731 32 3
19916 20202 183 747 183 747 0 0 27 27 0 286 0
20202 20205 183 747 183 744 0 1 27 24 24874 32 3
20205 20213 183 744 191 744 1 0 24 16 -24874 32 8
20213 20376 191 744 191 744 0 0 16 16 0 163 0
20376 20384 191 744 183 744 0 1 16 8 24950 32 8
20384 20392 183 744 183 744 1 1 8 8 0 8 0
20392 20393 183 744 184 744 1 0 8 7 -24950 32 1
20393 21356 184 744 184 744 0 0 7 7 0 963 0
21356 21357 184 744 183 744 0 1 7 6 25394 32 1
21357 21359 183 744 183 744 1 1 6 6 0 2 0
21359 21362 183 744 186 744 1 0 6 3 -25394 32 3
21362 43264 186 744 186 744 0 0 3 3 0 21902 0
43264 43267 186 744 183 744 0 0 3 0 1000000000 0 3
--------------------------------------

-------------------------------------------------------------------------

TPs

-------------------------------------------------------------------------

----------------------
TP87 allocated to 1
----------------------

----------------------
TP214 allocated to 1
----------------------

----------------------
TP676 allocated to 1
----------------------

----------------------
TP689 allocated to 1
----------------------

----------------------
TP1124 allocated to 1
----------------------

----------------------
TP1779 allocated to 1
----------------------

----------------------
TP2206 allocated to 1
----------------------

----------------------
TP2792 allocated to 1
----------------------

----------------------
TP2902 allocated to 1
----------------------

----------------------
TP2972 allocated to 1
----------------------

----------------------
TP3187 allocated to 1
----------------------

----------------------
TP3309 allocated to 1
----------------------

----------------------
TP3513 allocated to 1
----------------------

----------------------
TP4314 allocated to 1
----------------------

----------------------
TP4596 allocated to 1
----------------------

----------------------
TP5094 allocated to 1
----------------------

----------------------
TP5261 allocated to 1
----------------------

----------------------
TP5508 allocated to 1
----------------------

----------------------
TP5635 allocated to 1
----------------------

----------------------
TP5832 allocated to 1
----------------------

----------------------
TP6026 allocated to 1
----------------------

----------------------
TP6151 allocated to 2
----------------------

----------------------
TP6497 allocated to 2
----------------------

----------------------
TP6634 allocated to 2
----------------------

----------------------
TP7636 allocated to 2
----------------------

----------------------
TP8345 allocated to 1
----------------------

----------------------
TP9007 allocated to 1
----------------------

----------------------
TP9476 allocated to 2
----------------------

----------------------
TP9772 allocated to 1
----------------------

----------------------
TP9857 allocated to 2
----------------------

----------------------
TP9963 allocated to 2
----------------------

----------------------
TP9975 allocated to 2
----------------------

----------------------
TP10835 allocated to 2
----------------------

----------------------
TP11063 allocated to 2
----------------------

----------------------
TP11176 allocated to 2
----------------------

----------------------
TP11386 allocated to 1
----------------------

----------------------
TP11519 allocated to 2
----------------------

----------------------
TP12323 allocated to 2
----------------------

----------------------
TP12452 allocated to 2
----------------------

----------------------
TP12538 allocated to 2
----------------------

----------------------
TP12654 allocated to 2
----------------------

----------------------
TP12792 allocated to 3
----------------------

----------------------
TP13161 allocated to 2
----------------------

----------------------
TP13430 allocated to 3
----------------------

----------------------
TP14620 allocated to 3
----------------------

----------------------
TP14711 allocated to 3
----------------------

----------------------
TP15200 allocated to 3
----------------------

----------------------
TP15241 allocated to 3
----------------------

----------------------
TP15372 allocated to 2
----------------------

----------------------
TP16048 allocated to 3
----------------------

----------------------
TP16199 allocated to 1
----------------------

----------------------
TP16213 allocated to 3
----------------------

----------------------
TP16473 allocated to 3
----------------------

----------------------
TP17221 allocated to 3
----------------------

----------------------
TP17499 allocated to 3
----------------------

----------------------
TP17808 allocated to 1
----------------------

----------------------
TP17827 allocated to 3
----------------------

----------------------
TP18248 allocated to 3
----------------------

----------------------
TP19165 allocated to 4
----------------------

----------------------
TP19527 allocated to 3
----------------------

----------------------
TP19702 allocated to 3
----------------------

----------------------
TP19749 allocated to 4
----------------------

----------------------
TP19857 allocated to 4
----------------------

----------------------
TP20024 allocated to 4
----------------------

----------------------
TP20245 allocated to 4
----------------------

----------------------
TP20291 allocated to 4
----------------------

----------------------
TP20521 allocated to 4
----------------------

----------------------
TP20639 allocated to 4
----------------------

----------------------
TP20644 allocated to 4
----------------------

----------------------
TP21233 allocated to 4
----------------------

----------------------
TP21237 allocated to 4
----------------------

----------------------
TP23033 allocated to 4
----------------------

----------------------
TP23517 allocated to 4
----------------------

----------------------
TP23573 allocated to 4
----------------------

----------------------
TP23606 allocated to 4
----------------------

----------------------
TP24731 allocated to 4
----------------------

----------------------
TP24874 allocated to 4
----------------------

----------------------
TP24950 allocated to 4
----------------------

----------------------
TP25394 allocated to 4
----------------------

----------------------
TP25395 not allocated
----------------------

----------------------
TP25451 not allocated
----------------------

----------------------
TP26014 not allocated
----------------------

----------------------
TP26050 not allocated
----------------------

----------------------
TP26315 not allocated
----------------------

----------------------
TP26690 not allocated
----------------------

----------------------
TP26939 not allocated
----------------------

----------------------
TP27125 not allocated
----------------------

----------------------
TP27180 not allocated
----------------------

----------------------
TP27188 not allocated
----------------------

----------------------
TP27224 allocated to 2
----------------------

----------------------
TP27397 not allocated
----------------------

----------------------
TP27436 not allocated
----------------------

----------------------
TP27556 not allocated
----------------------

----------------------
TP27737 not allocated
----------------------

----------------------
TP27896 not allocated
----------------------

----------------------
TP27947 allocated to 1
----------------------

----------------------
TP27954 not allocated
----------------------

----------------------
TP28032 not allocated
----------------------

----------------------
TP28255 not allocated
----------------------

----------------------
TP28334 allocated to 1
----------------------

----------------------
TP28344 not allocated
----------------------

----------------------
TP28423 not allocated
----------------------

----------------------
TP28637 not allocated
----------------------

----------------------
TP28704 allocated to 1
----------------------

----------------------
TP28829 not allocated
----------------------

----------------------
TP28941 not allocated
----------------------

----------------------
TP29020 not allocated
----------------------

----------------------
TP29183 not allocated
----------------------

----------------------
TP29298 not allocated
----------------------

----------------------
TP29785 not allocated
----------------------

----------------------
TP30064 not allocated
----------------------

----------------------
TP30517 not allocated
----------------------

----------------------
TP30555 not allocated
----------------------

----------------------
TP30849 not allocated
----------------------

----------------------
TP30915 allocated to 1
----------------------

----------------------
TP31008 not allocated
----------------------

----------------------
TP31239 not allocated
----------------------

----------------------
TP31333 not allocated
----------------------

----------------------
TP31628 not allocated
----------------------

----------------------
TP31865 not allocated
----------------------

----------------------
TP31896 not allocated
----------------------

----------------------
TP32099 not allocated
----------------------

----------------------
TP32835 allocated to 3
----------------------

----------------------
TP32841 allocated to 1
----------------------

----------------------
TP33076 not allocated
----------------------

----------------------
TP33172 not allocated
----------------------

----------------------
TP33447 not allocated
----------------------

----------------------
TP33536 not allocated
----------------------

----------------------
TP33802 not allocated
----------------------

----------------------
TP33847 not allocated
----------------------

----------------------
TP34338 not allocated
----------------------

----------------------
TP34343 not allocated
----------------------

----------------------
TP34388 not allocated
----------------------

----------------------
TP34539 not allocated
----------------------

----------------------
TP34863 not allocated
----------------------

----------------------
TP34947 not allocated
----------------------

----------------------
TP35047 allocated to 3
----------------------

----------------------
TP35102 not allocated
----------------------

----------------------
TP35132 not allocated
----------------------

----------------------
TP35217 not allocated
----------------------

----------------------
TP35313 not allocated
----------------------

----------------------
TP35916 not allocated
----------------------

----------------------
TP36841 allocated to 1
----------------------

----------------------
TP37236 not allocated
----------------------

----------------------
TP37267 not allocated
----------------------

----------------------
TP37679 not allocated
----------------------

----------------------
TP37979 not allocated
----------------------

----------------------
TP38080 not allocated
----------------------

----------------------
TP38781 not allocated
----------------------

----------------------
TP38853 not allocated
----------------------

----------------------
TP39488 not allocated
----------------------

----------------------
TP39546 not allocated
----------------------

----------------------
TP39632 not allocated
----------------------

----------------------
TP39634 allocated to 1
----------------------

----------------------
TP39703 not allocated
----------------------

----------------------
TP39861 not allocated
----------------------

----------------------
TP39967 not allocated
----------------------

----------------------
TP40247 allocated to 1
----------------------

----------------------
TP40462 not allocated
----------------------

----------------------
TP40710 not allocated
----------------------

----------------------
TP41100 not allocated
----------------------

----------------------
TP41300 not allocated
----------------------

----------------------
TP41408 not allocated
----------------------

----------------------
TP42153 not allocated
----------------------

----------------------
TP42551 not allocated
----------------------

----------------------
TP42826 not allocated
----------------------

----------------------
TP42868 allocated to 1
----------------------

----------------------
TP43173 not allocated
----------------------

----------------------
TP43446 not allocated
----------------------

----------------------
TP43723 not allocated
----------------------

----------------------
TP43938 not allocated
----------------------

----------------------
TP44326 not allocated
----------------------

----------------------
TP44629 not allocated
----------------------

----------------------
TP45565 not allocated
----------------------

----------------------
TP45708 not allocated
----------------------

----------------------
TP47582 not allocated
----------------------

----------------------
TP47729 not allocated
----------------------

----------------------
TP47832 allocated to 1
----------------------

----------------------
TP48062 not allocated
----------------------

----------------------
TP48301 not allocated
----------------------

----------------------
TP48473 not allocated
----------------------

----------------------
TP48551 not allocated
----------------------

----------------------
TP48819 not allocated
----------------------

----------------------
TP49471 allocated to 3
----------------------

----------------------
TP49532 not allocated
----------------------

----------------------
TP49558 not allocated
----------------------

----------------------
TP49567 not allocated
----------------------

----------------------
TP49593 allocated to 1
----------------------

-------------------------------------------------------------------------

Ride-sharing vs Individual Mode - Num Vehicles and Distance Comparisson 

-------------------------------------------------------------------------
Individual Mode = 188 vehicles.
Ride-sharing Mode = 98 vehicles. The 4 ride-sharing vehicles + 94 vehicles of the individuals not served by the ride-sharing service.
-------------------------------------------------------------------------
Individual Mode = 465 distance.
Ride-sharing Mode = 656 distance. 400 from the EV fleet + 256 from the distance of the trips not covered individuals had to do with their own vehicle.
-------------------------------------------------------------------------
