-------------------------------------------------------------------------
TPs satisfied = 78; Total TPs = 193; Percentage Satisfied + 40.400000000000006%
-------------------------------------------------------------------------

-------------------------------------------------------------------------

EVs

-------------------------------------------------------------------------
--------------------------------------
EV1
--------------------------------------
Num TPs served = 40
TPs served = 298 1107 1607 1812 2131 2215 2290 2394 2711 3475 3726 3746 4327 4598 4722 4762 4778 4868 4916 5727 7273 9056 10649 11316 11772 12786 19082 19916 20463 25599 26951 30119 30584 36787 37280 40080 41695 43192 45925 47254
Total energy used = 100
--------------------------------------
Schedule:
0 579 427 0 427 0 0 0 100 100 0 579 0
579 579 427 0 427 0 0 1 100 100 298 32 0
579 581 427 0 428 1 1 0 100 98 -298 32 2
581 1937 428 1 428 1 0 0 98 98 0 1356 0
1937 1939 428 1 427 0 0 1 98 96 1107 32 2
1939 1940 427 0 428 0 1 0 96 95 -1107 32 1
1940 2804 428 0 428 0 0 0 95 95 0 864 0
2804 2805 428 0 427 0 0 1 95 94 1607 32 1
2805 2806 427 0 427 1 1 0 94 93 -1607 32 1
2806 3163 427 1 427 1 0 0 93 93 0 357 0
3163 3164 427 1 427 0 0 1 93 92 1812 32 1
3164 3165 427 0 427 0 1 1 92 92 0 1 0
3165 3169 427 0 431 0 1 0 92 88 -1812 32 4
3169 3754 431 0 431 0 0 0 88 88 0 585 0
3754 3758 431 0 427 0 0 1 88 84 2131 32 4
3758 3762 427 0 427 0 1 1 84 84 0 4 0
3762 3763 427 0 427 1 1 0 84 83 -2131 32 1
3763 3917 427 1 427 1 0 0 83 83 0 154 0
3917 3918 427 1 427 0 0 1 83 82 2215 32 1
3918 3920 427 0 427 0 1 1 82 82 0 2 0
3920 3920 427 0 427 0 1 0 82 82 -2215 32 0
3920 4059 427 0 427 0 0 0 82 82 0 139 0
4059 4059 427 0 427 0 0 1 82 82 2290 32 0
4059 4060 427 0 427 1 1 0 82 81 -2290 32 1
4060 4250 427 1 427 1 0 0 81 81 0 190 0
4250 4251 427 1 427 0 0 1 81 80 2394 32 1
4251 4253 427 0 427 0 1 1 80 80 0 2 0
4253 4258 427 0 430 2 1 0 80 75 -2394 32 5
4258 4840 430 2 430 2 0 0 75 75 0 582 0
4840 4845 430 2 427 0 0 1 75 70 36787 32 5
4845 4845 427 0 427 0 1 2 70 70 2711 7 0
4845 4846 427 0 427 0 2 2 70 70 0 1 0
4846 4846 427 0 427 0 2 1 70 70 -36787 32 0
4846 4848 427 0 429 0 1 0 70 68 -2711 6 2
4848 5233 429 0 429 0 0 0 68 68 0 385 0
5233 5235 429 0 427 0 0 1 68 66 19082 32 2
5235 5237 427 0 427 0 1 1 66 66 0 2 0
5237 5237 427 0 427 0 1 0 66 66 -19082 32 0
5237 6193 427 0 427 0 0 0 66 66 0 956 0
6193 6193 427 0 427 0 0 1 66 66 3475 32 0
6193 6197 427 0 427 0 1 1 66 66 0 4 0
6197 6201 427 0 428 3 1 0 66 62 -3475 32 4
6201 6266 428 3 428 3 0 0 62 62 0 65 0
6266 6270 428 3 427 0 0 1 62 58 37280 32 4
6270 6271 427 0 427 0 1 1 58 58 0 1 0
6271 6271 427 0 427 0 1 0 58 58 -37280 32 0
6271 6688 427 0 427 0 0 0 58 58 0 417 0
6688 6688 427 0 427 0 0 1 58 58 3726 32 0
6688 6721 427 0 427 0 1 1 58 58 0 33 0
6721 6721 427 0 427 0 1 2 58 58 3746 32 0
6721 6731 427 0 433 4 2 1 58 48 -3726 0 10
6731 6739 433 4 428 1 1 0 48 40 -3746 18 8
6739 7786 428 1 428 1 0 0 40 40 0 1047 0
7786 7788 428 1 427 0 0 1 40 38 19916 32 2
7788 7788 427 0 427 0 1 2 38 38 4327 20 0
7788 7790 427 0 429 0 2 1 38 36 -19916 32 2
7790 7792 429 0 431 0 1 0 36 34 -4327 21 2
7792 8306 431 0 431 0 0 0 34 34 0 514 0
8306 8310 431 0 427 0 0 1 34 30 4598 32 4
8310 8314 427 0 431 0 1 0 30 26 -4598 32 4
8314 8578 431 0 431 0 0 0 26 26 0 264 0
8578 8582 431 0 427 0 0 1 26 22 4722 32 4
8582 8583 427 0 428 0 1 0 22 21 -4722 32 1
8583 8673 428 0 428 0 0 0 21 21 0 90 0
8673 8674 428 0 427 0 0 1 21 20 4778 32 1
8674 8674 427 0 427 0 1 2 20 20 4762 7 0
8674 8676 427 0 427 0 2 2 20 20 0 2 0
8676 8678 427 0 428 1 2 1 20 18 -4778 32 2
8678 8680 428 1 429 0 1 0 18 16 -4762 3 2
8680 8842 429 0 429 0 0 0 16 16 0 162 0
8842 8844 429 0 427 0 0 1 16 14 4868 32 2
8844 8847 427 0 430 0 1 0 14 11 -4868 32 3
8847 8928 430 0 430 0 0 0 11 11 0 81 0
8928 8931 430 0 427 0 0 1 11 8 4916 32 3
8931 8934 427 0 430 0 1 0 8 5 -4916 32 3
8934 9339 430 0 430 0 0 0 5 5 0 405 0
9339 9342 430 0 427 0 0 1 5 2 20463 32 3
9342 9343 427 0 427 0 1 1 2 2 0 1 0
9343 9343 427 0 427 0 1 0 2 2 -20463 32 0
9343 10471 427 0 427 0 0 0 2 2 0 1128 0
10471 10471 427 0 427 0 0 1 2 2 5727 32 0
10471 10472 427 0 428 0 1 0 2 1 -5727 32 1
10472 13618 428 0 428 0 0 0 1 1 0 3146 0
13618 13619 428 0 427 0 0 1 1 0 7273 32 1
13619 13620 427 0 427 0 1 1 0 0 0 1 0
13620 13620 427 0 427 0 1 0 0 0 -7273 32 0
13620 13680 427 0 427 0 0 0 0 0 0 60 0
13680 13680 427 0 427 0 0 1 0 0 40080 32 0
13680 13682 427 0 427 0 1 1 0 0 0 2 0
13682 13682 427 0 427 0 1 0 0 0 -40080 32 0
13682 17457 427 0 427 0 0 0 0 0 0 3775 0
17457 17457 427 0 427 0 0 1 0 0 41695 32 0
17457 17459 427 0 427 0 1 1 0 0 0 2 0
17459 17459 427 0 427 0 1 0 0 0 -41695 32 0
17459 17779 427 0 427 0 0 0 0 0 0 320 0
17779 17779 427 0 427 0 0 1 0 0 9056 32 0
17779 17782 427 0 427 0 1 1 0 0 0 3 0
17782 17782 427 0 427 0 1 0 0 0 -9056 32 0
17782 20589 427 0 427 0 0 0 0 0 0 2807 0
20589 20589 427 0 427 0 0 1 0 0 43192 32 0
20589 20590 427 0 427 0 1 1 0 0 0 1 0
20590 20590 427 0 427 0 1 0 0 0 -43192 32 0
20590 21810 427 0 427 0 0 0 0 0 0 1220 0
21810 21810 427 0 427 0 0 1 0 0 25599 32 0
21810 21811 427 0 427 0 1 1 0 0 0 1 0
21811 21811 427 0 427 0 1 0 0 0 -25599 32 0
21811 22241 427 0 427 0 0 0 0 0 0 430 0
22241 22241 427 0 427 0 0 1 0 0 10649 32 0
22241 22243 427 0 427 0 1 1 0 0 0 2 0
22243 22243 427 0 427 0 1 0 0 0 -10649 32 0
22243 24306 427 0 427 0 0 0 0 0 0 2063 0
24306 24306 427 0 427 0 0 1 0 0 11316 32 0
24306 24307 427 0 427 0 1 1 0 0 0 1 0
24307 24307 427 0 427 0 1 0 0 0 -11316 32 0
24307 24555 427 0 427 0 0 0 0 0 0 248 0
24555 24555 427 0 427 0 0 1 0 0 26951 32 0
24555 24556 427 0 427 0 1 1 0 0 0 1 0
24556 24556 427 0 427 0 1 0 0 0 -26951 32 0
24556 25653 427 0 427 0 0 0 0 0 0 1097 0
25653 25653 427 0 427 0 0 1 0 0 45925 32 0
25653 25654 427 0 427 0 1 1 0 0 0 1 0
25654 25654 427 0 427 0 1 0 0 0 -45925 32 0
25654 25920 427 0 427 0 0 0 0 0 0 266 0
25920 25920 427 0 427 0 0 1 0 0 11772 32 0
25920 25922 427 0 427 0 1 1 0 0 0 2 0
25922 25922 427 0 427 0 1 0 0 0 -11772 32 0
25922 27980 427 0 427 0 0 0 0 0 0 2058 0
27980 27980 427 0 427 0 0 1 0 0 47254 32 0
27980 27982 427 0 427 0 1 1 0 0 0 2 0
27982 27982 427 0 427 0 1 0 0 0 -47254 32 0
27982 29488 427 0 427 0 0 0 0 0 0 1506 0
29488 29488 427 0 427 0 0 1 0 0 12786 32 0
29488 29490 427 0 427 0 1 1 0 0 0 2 0
29490 29490 427 0 427 0 1 0 0 0 -12786 32 0
29490 30709 427 0 427 0 0 0 0 0 0 1219 0
30709 30709 427 0 427 0 0 1 0 0 30119 32 0
30709 30710 427 0 427 0 1 1 0 0 0 1 0
30710 30710 427 0 427 0 1 0 0 0 -30119 32 0
30710 31604 427 0 427 0 0 0 0 0 0 894 0
31604 31604 427 0 427 0 0 1 0 0 30584 32 0
31604 31606 427 0 427 0 1 1 0 0 0 2 0
31606 31606 427 0 427 0 1 0 0 0 -30584 32 0
31606 43267 427 0 427 0 0 0 0 0 0 11661 0
43267 43267 427 0 427 0 0 0 0 0 1000000000 0 0
--------------------------------------
--------------------------------------
EV2
--------------------------------------
Num TPs served = 21
TPs served = 4869 4950 5890 6126 7110 7144 7179 7794 8231 9054 9524 10022 10452 10619 10848 10857 11903 12920 13476 13526 39990
Total energy used = 100
--------------------------------------
Schedule:
0 8845 427 0 427 0 0 0 100 100 0 8845 0
8845 8845 427 0 427 0 0 1 100 100 4869 32 0
8845 8846 427 0 427 0 1 1 100 100 0 1 0
8846 8855 427 0 436 0 1 0 100 91 -4869 32 9
8855 8978 436 0 436 0 0 0 91 91 0 123 0
8978 8987 436 0 427 0 0 1 91 82 4950 32 9
8987 8989 427 0 428 1 1 0 82 80 -4950 32 2
8989 10773 428 1 428 1 0 0 80 80 0 1784 0
10773 10775 428 1 427 0 0 1 80 78 5890 32 2
10775 10779 427 0 431 0 1 0 78 74 -5890 32 4
10779 11219 431 0 431 0 0 0 74 74 0 440 0
11219 11223 431 0 427 0 0 1 74 70 6126 32 4
11223 11227 427 0 430 1 1 0 70 66 -6126 32 4
11227 13250 430 1 430 1 0 0 66 66 0 2023 0
13250 13254 430 1 427 0 0 1 66 62 7110 32 4
13254 13257 427 0 429 1 1 0 62 59 -7110 32 3
13257 13322 429 1 429 1 0 0 59 59 0 65 0
13322 13325 429 1 427 0 0 1 59 56 7144 32 3
13325 13327 427 0 429 0 1 0 56 54 -7144 32 2
13327 13400 429 0 429 0 0 0 54 54 0 73 0
13400 13402 429 0 427 0 0 1 54 52 39990 32 2
13402 13411 427 0 427 0 1 1 52 52 0 9 0
13411 13411 427 0 427 0 1 2 52 52 7179 32 0
13411 13412 427 0 428 0 2 1 52 51 -39990 23 1
13412 13414 428 0 430 0 1 0 51 49 -7179 32 2
13414 14753 430 0 430 0 0 0 49 49 0 1339 0
14753 14756 430 0 427 0 0 1 49 46 7794 32 3
14756 14758 427 0 429 0 1 0 46 44 -7794 32 2
14758 15755 429 0 429 0 0 0 44 44 0 997 0
15755 15757 429 0 427 0 0 1 44 42 8231 32 2
15757 15758 427 0 428 0 1 0 42 41 -8231 32 1
15758 17774 428 0 428 0 0 0 41 41 0 2016 0
17774 17775 428 0 427 0 0 1 41 40 9054 32 1
17775 17777 427 0 429 0 1 0 40 38 -9054 32 2
17777 19076 429 0 429 0 0 0 38 38 0 1299 0
19076 19078 429 0 427 0 0 1 38 36 9524 32 2
19078 19080 427 0 428 1 1 0 36 34 -9524 32 2
19080 20482 428 1 428 1 0 0 34 34 0 1402 0
20482 20484 428 1 427 0 0 1 34 32 10022 32 2
20484 20486 427 0 429 0 1 0 32 30 -10022 32 2
20486 21709 429 0 429 0 0 0 30 30 0 1223 0
21709 21711 429 0 427 0 0 1 30 28 10452 32 2
21711 21712 427 0 427 1 1 0 28 27 -10452 32 1
21712 22159 427 1 427 1 0 0 27 27 0 447 0
22159 22160 427 1 427 0 0 1 27 26 10619 32 1
22160 22162 427 0 429 0 1 0 26 24 -10619 32 2
22162 22887 429 0 429 0 0 0 24 24 0 725 0
22887 22889 429 0 427 0 0 1 24 22 10848 32 2
22889 22893 427 0 431 0 1 0 22 18 -10848 32 4
22893 22919 431 0 431 0 0 0 18 18 0 26 0
22919 22923 431 0 427 0 0 1 18 14 10857 32 4
22923 22924 427 0 427 0 1 1 14 14 0 1 0
22924 22926 427 0 427 2 1 0 14 12 -10857 32 2
22926 26363 427 2 427 2 0 0 12 12 0 3437 0
26363 26365 427 2 427 0 0 1 12 10 11903 32 2
26365 26366 427 0 428 0 1 0 10 9 -11903 32 1
26366 29982 428 0 428 0 0 0 9 9 0 3616 0
29982 29983 428 0 427 0 0 1 9 8 12920 32 1
29983 29984 427 0 427 1 1 0 8 7 -12920 32 1
29984 32018 427 1 427 1 0 0 7 7 0 2034 0
32018 32019 427 1 427 0 0 1 7 6 13476 32 1
32019 32020 427 0 427 1 1 0 6 5 -13476 32 1
32020 32220 427 1 427 1 0 0 5 5 0 200 0
32220 32221 427 1 427 0 0 1 5 4 13526 32 1
32221 32222 427 0 427 0 1 1 4 4 0 1 0
32222 32224 427 0 429 0 1 0 4 2 -13526 32 2
32224 43265 429 0 429 0 0 0 2 2 0 11041 0
43265 43267 429 0 427 0 0 0 2 0 1000000000 0 2
--------------------------------------
--------------------------------------
EV3
--------------------------------------
Num TPs served = 17
TPs served = 10891 11716 11835 13395 13635 13787 13898 13915 14185 14779 15069 15126 15173 15705 16533 16880 33522
Total energy used = 100
--------------------------------------
Schedule:
0 23036 427 0 427 0 0 0 100 100 0 23036 0
23036 23036 427 0 427 0 0 1 100 100 10891 32 0
23036 23037 427 0 427 0 1 1 100 100 0 1 0
23037 23045 427 0 429 6 1 0 100 92 -10891 32 8
23045 25738 429 6 429 6 0 0 92 92 0 2693 0
25738 25746 429 6 427 0 0 1 92 84 11716 32 8
25746 25755 427 0 436 0 1 0 84 75 -11716 32 9
25755 26120 436 0 436 0 0 0 75 75 0 365 0
26120 26129 436 0 427 0 0 1 75 66 11835 32 9
26129 26136 427 0 434 0 1 0 66 59 -11835 32 7
26136 31680 434 0 434 0 0 0 59 59 0 5544 0
31680 31687 434 0 427 0 0 1 59 52 13395 32 7
31687 31692 427 0 430 2 1 0 52 47 -13395 32 5
31692 32603 430 2 430 2 0 0 47 47 0 911 0
32603 32608 430 2 427 0 0 1 47 42 13635 32 5
32608 32609 427 0 427 1 1 0 42 41 -13635 32 1
32609 33162 427 1 427 1 0 0 41 41 0 553 0
33162 33163 427 1 427 0 0 1 41 40 13787 32 1
33163 33164 427 0 428 0 1 0 40 39 -13787 32 1
33164 33563 428 0 428 0 0 0 39 39 0 399 0
33563 33564 428 0 427 0 0 1 39 38 13898 32 1
33564 33566 427 0 428 1 1 0 38 36 -13898 32 2
33566 33634 428 1 428 1 0 0 36 36 0 68 0
33634 33636 428 1 427 0 0 1 36 34 13915 32 2
33636 33638 427 0 427 0 1 1 34 34 0 2 0
33638 33639 427 0 428 0 1 0 34 33 -13915 32 1
33639 34675 428 0 428 0 0 0 33 33 0 1036 0
34675 34676 428 0 427 0 0 1 33 32 14185 32 1
34676 34677 427 0 427 0 1 1 32 32 0 1 0
34677 34678 427 0 428 0 1 0 32 31 -14185 32 1
34678 36994 428 0 428 0 0 0 31 31 0 2316 0
36994 36995 428 0 427 0 0 1 31 30 14779 32 1
36995 36996 427 0 427 0 1 1 30 30 0 1 0
36996 36997 427 0 427 1 1 0 30 29 -14779 32 1
36997 38034 427 1 427 1 0 0 29 29 0 1037 0
38034 38035 427 1 427 0 0 1 29 28 15069 32 1
38035 38036 427 0 428 0 1 0 28 27 -15069 32 1
38036 38313 428 0 428 0 0 0 27 27 0 277 0
38313 38314 428 0 427 0 0 1 27 26 15126 32 1
38314 38315 427 0 427 0 1 1 26 26 0 1 0
38315 38319 427 0 427 4 1 0 26 22 -15126 32 4
38319 38487 427 4 427 4 0 0 22 22 0 168 0
38487 38491 427 4 427 0 0 1 22 18 33522 32 4
38491 38510 427 0 427 0 1 1 18 18 0 19 0
38510 38510 427 0 427 0 1 2 18 18 15173 32 0
38510 38511 427 0 427 1 2 1 18 17 -33522 13 1
38511 38514 427 1 429 2 1 0 17 14 -15173 32 3
38514 40216 429 2 429 2 0 0 14 14 0 1702 0
40216 40220 429 2 427 0 0 1 14 10 15705 32 4
40220 40221 427 0 427 0 1 1 10 10 0 1 0
40221 40223 427 0 429 0 1 0 10 8 -15705 32 2
40223 41655 429 0 429 0 0 0 8 8 0 1432 0
41655 41657 429 0 427 0 0 1 8 6 16533 32 2
41657 41658 427 0 428 0 1 0 6 5 -16533 32 1
41658 42283 428 0 428 0 0 0 5 5 0 625 0
42283 42284 428 0 427 0 0 1 5 4 16880 32 1
42284 42286 427 0 428 1 1 0 4 2 -16880 32 2
42286 43265 428 1 428 1 0 0 2 2 0 979 0
43265 43267 428 1 427 0 0 0 2 0 1000000000 0 2
--------------------------------------

-------------------------------------------------------------------------

TPs

-------------------------------------------------------------------------

----------------------
TP298 allocated to 1
----------------------

----------------------
TP1107 allocated to 1
----------------------

----------------------
TP1607 allocated to 1
----------------------

----------------------
TP1812 allocated to 1
----------------------

----------------------
TP2131 allocated to 1
----------------------

----------------------
TP2215 allocated to 1
----------------------

----------------------
TP2290 allocated to 1
----------------------

----------------------
TP2394 allocated to 1
----------------------

----------------------
TP2711 allocated to 1
----------------------

----------------------
TP3475 allocated to 1
----------------------

----------------------
TP3726 allocated to 1
----------------------

----------------------
TP3746 allocated to 1
----------------------

----------------------
TP4327 allocated to 1
----------------------

----------------------
TP4598 allocated to 1
----------------------

----------------------
TP4722 allocated to 1
----------------------

----------------------
TP4762 allocated to 1
----------------------

----------------------
TP4778 allocated to 1
----------------------

----------------------
TP4868 allocated to 1
----------------------

----------------------
TP4869 allocated to 2
----------------------

----------------------
TP4916 allocated to 1
----------------------

----------------------
TP4950 allocated to 2
----------------------

----------------------
TP5727 allocated to 1
----------------------

----------------------
TP5890 allocated to 2
----------------------

----------------------
TP6126 allocated to 2
----------------------

----------------------
TP7110 allocated to 2
----------------------

----------------------
TP7144 allocated to 2
----------------------

----------------------
TP7179 allocated to 2
----------------------

----------------------
TP7273 allocated to 1
----------------------

----------------------
TP7794 allocated to 2
----------------------

----------------------
TP8231 allocated to 2
----------------------

----------------------
TP9054 allocated to 2
----------------------

----------------------
TP9056 allocated to 1
----------------------

----------------------
TP9524 allocated to 2
----------------------

----------------------
TP10022 allocated to 2
----------------------

----------------------
TP10452 allocated to 2
----------------------

----------------------
TP10619 allocated to 2
----------------------

----------------------
TP10649 allocated to 1
----------------------

----------------------
TP10848 allocated to 2
----------------------

----------------------
TP10857 allocated to 2
----------------------

----------------------
TP10891 allocated to 3
----------------------

----------------------
TP11316 allocated to 1
----------------------

----------------------
TP11716 allocated to 3
----------------------

----------------------
TP11772 allocated to 1
----------------------

----------------------
TP11835 allocated to 3
----------------------

----------------------
TP11903 allocated to 2
----------------------

----------------------
TP12786 allocated to 1
----------------------

----------------------
TP12920 allocated to 2
----------------------

----------------------
TP13395 allocated to 3
----------------------

----------------------
TP13476 allocated to 2
----------------------

----------------------
TP13526 allocated to 2
----------------------

----------------------
TP13635 allocated to 3
----------------------

----------------------
TP13787 allocated to 3
----------------------

----------------------
TP13898 allocated to 3
----------------------

----------------------
TP13915 allocated to 3
----------------------

----------------------
TP14185 allocated to 3
----------------------

----------------------
TP14779 allocated to 3
----------------------

----------------------
TP15069 allocated to 3
----------------------

----------------------
TP15126 allocated to 3
----------------------

----------------------
TP15173 allocated to 3
----------------------

----------------------
TP15346 not allocated
----------------------

----------------------
TP15450 not allocated
----------------------

----------------------
TP15705 allocated to 3
----------------------

----------------------
TP16533 allocated to 3
----------------------

----------------------
TP16880 allocated to 3
----------------------

----------------------
TP17036 not allocated
----------------------

----------------------
TP17523 not allocated
----------------------

----------------------
TP17684 not allocated
----------------------

----------------------
TP19082 allocated to 1
----------------------

----------------------
TP19613 not allocated
----------------------

----------------------
TP19792 not allocated
----------------------

----------------------
TP19916 allocated to 1
----------------------

----------------------
TP19980 not allocated
----------------------

----------------------
TP20463 allocated to 1
----------------------

----------------------
TP20534 not allocated
----------------------

----------------------
TP20559 not allocated
----------------------

----------------------
TP21006 not allocated
----------------------

----------------------
TP21429 not allocated
----------------------

----------------------
TP21433 not allocated
----------------------

----------------------
TP22330 not allocated
----------------------

----------------------
TP22372 not allocated
----------------------

----------------------
TP22488 not allocated
----------------------

----------------------
TP22541 not allocated
----------------------

----------------------
TP22716 not allocated
----------------------

----------------------
TP22765 not allocated
----------------------

----------------------
TP22771 not allocated
----------------------

----------------------
TP22837 not allocated
----------------------

----------------------
TP22978 not allocated
----------------------

----------------------
TP23060 not allocated
----------------------

----------------------
TP23374 not allocated
----------------------

----------------------
TP23559 not allocated
----------------------

----------------------
TP23566 not allocated
----------------------

----------------------
TP23870 not allocated
----------------------

----------------------
TP23901 not allocated
----------------------

----------------------
TP24940 not allocated
----------------------

----------------------
TP24965 not allocated
----------------------

----------------------
TP25011 not allocated
----------------------

----------------------
TP25203 not allocated
----------------------

----------------------
TP25599 allocated to 1
----------------------

----------------------
TP25989 not allocated
----------------------

----------------------
TP26491 not allocated
----------------------

----------------------
TP26545 not allocated
----------------------

----------------------
TP26727 not allocated
----------------------

----------------------
TP26951 allocated to 1
----------------------

----------------------
TP27060 not allocated
----------------------

----------------------
TP27069 not allocated
----------------------

----------------------
TP27555 not allocated
----------------------

----------------------
TP27978 not allocated
----------------------

----------------------
TP28549 not allocated
----------------------

----------------------
TP28564 not allocated
----------------------

----------------------
TP28873 not allocated
----------------------

----------------------
TP29280 not allocated
----------------------

----------------------
TP29290 not allocated
----------------------

----------------------
TP29421 not allocated
----------------------

----------------------
TP29626 not allocated
----------------------

----------------------
TP29673 not allocated
----------------------

----------------------
TP29835 not allocated
----------------------

----------------------
TP30082 not allocated
----------------------

----------------------
TP30119 allocated to 1
----------------------

----------------------
TP30356 not allocated
----------------------

----------------------
TP30584 allocated to 1
----------------------

----------------------
TP31942 not allocated
----------------------

----------------------
TP32360 not allocated
----------------------

----------------------
TP32818 not allocated
----------------------

----------------------
TP32865 not allocated
----------------------

----------------------
TP32911 not allocated
----------------------

----------------------
TP33488 not allocated
----------------------

----------------------
TP33522 allocated to 3
----------------------

----------------------
TP34259 not allocated
----------------------

----------------------
TP34438 not allocated
----------------------

----------------------
TP34621 not allocated
----------------------

----------------------
TP35004 not allocated
----------------------

----------------------
TP35063 not allocated
----------------------

----------------------
TP35400 not allocated
----------------------

----------------------
TP35607 not allocated
----------------------

----------------------
TP35769 not allocated
----------------------

----------------------
TP35955 not allocated
----------------------

----------------------
TP36338 not allocated
----------------------

----------------------
TP36787 allocated to 1
----------------------

----------------------
TP36984 not allocated
----------------------

----------------------
TP37045 not allocated
----------------------

----------------------
TP37175 not allocated
----------------------

----------------------
TP37280 allocated to 1
----------------------

----------------------
TP37711 not allocated
----------------------

----------------------
TP37777 not allocated
----------------------

----------------------
TP38163 not allocated
----------------------

----------------------
TP38236 not allocated
----------------------

----------------------
TP38402 not allocated
----------------------

----------------------
TP39071 not allocated
----------------------

----------------------
TP39445 not allocated
----------------------

----------------------
TP39729 not allocated
----------------------

----------------------
TP39734 not allocated
----------------------

----------------------
TP39865 not allocated
----------------------

----------------------
TP39990 allocated to 2
----------------------

----------------------
TP40080 allocated to 1
----------------------

----------------------
TP40274 not allocated
----------------------

----------------------
TP40498 not allocated
----------------------

----------------------
TP40597 not allocated
----------------------

----------------------
TP40607 not allocated
----------------------

----------------------
TP40725 not allocated
----------------------

----------------------
TP40886 not allocated
----------------------

----------------------
TP41608 not allocated
----------------------

----------------------
TP41695 allocated to 1
----------------------

----------------------
TP41794 not allocated
----------------------

----------------------
TP42071 not allocated
----------------------

----------------------
TP42214 not allocated
----------------------

----------------------
TP42388 not allocated
----------------------

----------------------
TP42553 not allocated
----------------------

----------------------
TP42586 not allocated
----------------------

----------------------
TP42716 not allocated
----------------------

----------------------
TP42800 not allocated
----------------------

----------------------
TP42887 not allocated
----------------------

----------------------
TP43192 allocated to 1
----------------------

----------------------
TP43951 not allocated
----------------------

----------------------
TP45925 allocated to 1
----------------------

----------------------
TP46140 not allocated
----------------------

----------------------
TP46586 not allocated
----------------------

----------------------
TP46670 not allocated
----------------------

----------------------
TP46847 not allocated
----------------------

----------------------
TP47254 allocated to 1
----------------------

----------------------
TP47341 not allocated
----------------------

----------------------
TP47883 not allocated
----------------------

----------------------
TP47896 not allocated
----------------------

----------------------
TP47974 not allocated
----------------------

----------------------
TP48024 not allocated
----------------------

----------------------
TP48189 not allocated
----------------------

----------------------
TP48278 not allocated
----------------------

----------------------
TP48735 not allocated
----------------------

----------------------
TP48855 not allocated
----------------------

----------------------
TP49083 not allocated
----------------------

----------------------
TP49243 not allocated
----------------------

----------------------
TP49405 not allocated
----------------------

----------------------
TP49429 not allocated
----------------------

----------------------
TP49650 not allocated
----------------------

-------------------------------------------------------------------------

Ride-sharing vs Individual Mode - Num Vehicles and Distance Comparisson 

-------------------------------------------------------------------------
Individual Mode = 193 vehicles.
Ride-sharing Mode = 118 vehicles. The 3 ride-sharing vehicles + 115 vehicles of the individuals not served by the ride-sharing service.
-------------------------------------------------------------------------
Individual Mode = 440 distance.
Ride-sharing Mode = 583 distance. 300 from the EV fleet + 283 from the distance of the trips not covered individuals had to do with their own vehicle.
-------------------------------------------------------------------------
