-------------------------------------------------------------------------
TPs satisfied = 193; Total TPs = 193; Percentage Satisfied + 100.0%
-------------------------------------------------------------------------

-------------------------------------------------------------------------

EVs

-------------------------------------------------------------------------
--------------------------------------
EV1
--------------------------------------
Num TPs served = 40
TPs served = 298 1107 1607 1812 2131 2215 2290 2394 2711 3475 3726 3746 4327 4598 4722 4762 4778 4868 4916 5727 7273 9056 10649 11316 11772 12786 19082 19916 20463 25599 26951 30119 30584 36787 37280 40080 41695 43192 45925 47254
Total energy used = 100
--------------------------------------
Schedule:
0 579 427 0 427 0 0 0 100 100 0 579 0
579 579 427 0 427 0 0 1 100 100 298 32 0
579 581 427 0 428 1 1 0 100 98 -298 32 2
581 1937 428 1 428 1 0 0 98 98 0 1356 0
1937 1939 428 1 427 0 0 1 98 96 1107 32 2
1939 1940 427 0 428 0 1 0 96 95 -1107 32 1
1940 2804 428 0 428 0 0 0 95 95 0 864 0
2804 2805 428 0 427 0 0 1 95 94 1607 32 1
2805 2806 427 0 427 1 1 0 94 93 -1607 32 1
2806 3163 427 1 427 1 0 0 93 93 0 357 0
3163 3164 427 1 427 0 0 1 93 92 1812 32 1
3164 3165 427 0 427 0 1 1 92 92 0 1 0
3165 3169 427 0 431 0 1 0 92 88 -1812 32 4
3169 3754 431 0 431 0 0 0 88 88 0 585 0
3754 3758 431 0 427 0 0 1 88 84 2131 32 4
3758 3762 427 0 427 0 1 1 84 84 0 4 0
3762 3763 427 0 427 1 1 0 84 83 -2131 32 1
3763 3917 427 1 427 1 0 0 83 83 0 154 0
3917 3918 427 1 427 0 0 1 83 82 2215 32 1
3918 3920 427 0 427 0 1 1 82 82 0 2 0
3920 3920 427 0 427 0 1 0 82 82 -2215 32 0
3920 4059 427 0 427 0 0 0 82 82 0 139 0
4059 4059 427 0 427 0 0 1 82 82 2290 32 0
4059 4060 427 0 427 1 1 0 82 81 -2290 32 1
4060 4250 427 1 427 1 0 0 81 81 0 190 0
4250 4251 427 1 427 0 0 1 81 80 2394 32 1
4251 4253 427 0 427 0 1 1 80 80 0 2 0
4253 4258 427 0 430 2 1 0 80 75 -2394 32 5
4258 4840 430 2 430 2 0 0 75 75 0 582 0
4840 4845 430 2 427 0 0 1 75 70 36787 32 5
4845 4845 427 0 427 0 1 2 70 70 2711 7 0
4845 4846 427 0 427 0 2 2 70 70 0 1 0
4846 4846 427 0 427 0 2 1 70 70 -36787 32 0
4846 4848 427 0 429 0 1 0 70 68 -2711 6 2
4848 5233 429 0 429 0 0 0 68 68 0 385 0
5233 5235 429 0 427 0 0 1 68 66 19082 32 2
5235 5237 427 0 427 0 1 1 66 66 0 2 0
5237 5237 427 0 427 0 1 0 66 66 -19082 32 0
5237 6193 427 0 427 0 0 0 66 66 0 956 0
6193 6193 427 0 427 0 0 1 66 66 3475 32 0
6193 6197 427 0 427 0 1 1 66 66 0 4 0
6197 6201 427 0 428 3 1 0 66 62 -3475 32 4
6201 6266 428 3 428 3 0 0 62 62 0 65 0
6266 6270 428 3 427 0 0 1 62 58 37280 32 4
6270 6271 427 0 427 0 1 1 58 58 0 1 0
6271 6271 427 0 427 0 1 0 58 58 -37280 32 0
6271 6688 427 0 427 0 0 0 58 58 0 417 0
6688 6688 427 0 427 0 0 1 58 58 3726 32 0
6688 6721 427 0 427 0 1 1 58 58 0 33 0
6721 6721 427 0 427 0 1 2 58 58 3746 32 0
6721 6731 427 0 433 4 2 1 58 48 -3726 0 10
6731 6739 433 4 428 1 1 0 48 40 -3746 18 8
6739 7786 428 1 428 1 0 0 40 40 0 1047 0
7786 7788 428 1 427 0 0 1 40 38 19916 32 2
7788 7788 427 0 427 0 1 2 38 38 4327 20 0
7788 7790 427 0 429 0 2 1 38 36 -19916 32 2
7790 7792 429 0 431 0 1 0 36 34 -4327 21 2
7792 8306 431 0 431 0 0 0 34 34 0 514 0
8306 8310 431 0 427 0 0 1 34 30 4598 32 4
8310 8314 427 0 431 0 1 0 30 26 -4598 32 4
8314 8578 431 0 431 0 0 0 26 26 0 264 0
8578 8582 431 0 427 0 0 1 26 22 4722 32 4
8582 8583 427 0 428 0 1 0 22 21 -4722 32 1
8583 8673 428 0 428 0 0 0 21 21 0 90 0
8673 8674 428 0 427 0 0 1 21 20 4778 32 1
8674 8674 427 0 427 0 1 2 20 20 4762 7 0
8674 8676 427 0 427 0 2 2 20 20 0 2 0
8676 8678 427 0 428 1 2 1 20 18 -4778 32 2
8678 8680 428 1 429 0 1 0 18 16 -4762 3 2
8680 8842 429 0 429 0 0 0 16 16 0 162 0
8842 8844 429 0 427 0 0 1 16 14 4868 32 2
8844 8847 427 0 430 0 1 0 14 11 -4868 32 3
8847 8928 430 0 430 0 0 0 11 11 0 81 0
8928 8931 430 0 427 0 0 1 11 8 4916 32 3
8931 8934 427 0 430 0 1 0 8 5 -4916 32 3
8934 9339 430 0 430 0 0 0 5 5 0 405 0
9339 9342 430 0 427 0 0 1 5 2 20463 32 3
9342 9343 427 0 427 0 1 1 2 2 0 1 0
9343 9343 427 0 427 0 1 0 2 2 -20463 32 0
9343 10471 427 0 427 0 0 0 2 2 0 1128 0
10471 10471 427 0 427 0 0 1 2 2 5727 32 0
10471 10472 427 0 428 0 1 0 2 1 -5727 32 1
10472 13618 428 0 428 0 0 0 1 1 0 3146 0
13618 13619 428 0 427 0 0 1 1 0 7273 32 1
13619 13620 427 0 427 0 1 1 0 0 0 1 0
13620 13620 427 0 427 0 1 0 0 0 -7273 32 0
13620 13680 427 0 427 0 0 0 0 0 0 60 0
13680 13680 427 0 427 0 0 1 0 0 40080 32 0
13680 13682 427 0 427 0 1 1 0 0 0 2 0
13682 13682 427 0 427 0 1 0 0 0 -40080 32 0
13682 17457 427 0 427 0 0 0 0 0 0 3775 0
17457 17457 427 0 427 0 0 1 0 0 41695 32 0
17457 17459 427 0 427 0 1 1 0 0 0 2 0
17459 17459 427 0 427 0 1 0 0 0 -41695 32 0
17459 17779 427 0 427 0 0 0 0 0 0 320 0
17779 17779 427 0 427 0 0 1 0 0 9056 32 0
17779 17782 427 0 427 0 1 1 0 0 0 3 0
17782 17782 427 0 427 0 1 0 0 0 -9056 32 0
17782 20589 427 0 427 0 0 0 0 0 0 2807 0
20589 20589 427 0 427 0 0 1 0 0 43192 32 0
20589 20590 427 0 427 0 1 1 0 0 0 1 0
20590 20590 427 0 427 0 1 0 0 0 -43192 32 0
20590 21810 427 0 427 0 0 0 0 0 0 1220 0
21810 21810 427 0 427 0 0 1 0 0 25599 32 0
21810 21811 427 0 427 0 1 1 0 0 0 1 0
21811 21811 427 0 427 0 1 0 0 0 -25599 32 0
21811 22241 427 0 427 0 0 0 0 0 0 430 0
22241 22241 427 0 427 0 0 1 0 0 10649 32 0
22241 22243 427 0 427 0 1 1 0 0 0 2 0
22243 22243 427 0 427 0 1 0 0 0 -10649 32 0
22243 24306 427 0 427 0 0 0 0 0 0 2063 0
24306 24306 427 0 427 0 0 1 0 0 11316 32 0
24306 24307 427 0 427 0 1 1 0 0 0 1 0
24307 24307 427 0 427 0 1 0 0 0 -11316 32 0
24307 24555 427 0 427 0 0 0 0 0 0 248 0
24555 24555 427 0 427 0 0 1 0 0 26951 32 0
24555 24556 427 0 427 0 1 1 0 0 0 1 0
24556 24556 427 0 427 0 1 0 0 0 -26951 32 0
24556 25653 427 0 427 0 0 0 0 0 0 1097 0
25653 25653 427 0 427 0 0 1 0 0 45925 32 0
25653 25654 427 0 427 0 1 1 0 0 0 1 0
25654 25654 427 0 427 0 1 0 0 0 -45925 32 0
25654 25920 427 0 427 0 0 0 0 0 0 266 0
25920 25920 427 0 427 0 0 1 0 0 11772 32 0
25920 25922 427 0 427 0 1 1 0 0 0 2 0
25922 25922 427 0 427 0 1 0 0 0 -11772 32 0
25922 27980 427 0 427 0 0 0 0 0 0 2058 0
27980 27980 427 0 427 0 0 1 0 0 47254 32 0
27980 27982 427 0 427 0 1 1 0 0 0 2 0
27982 27982 427 0 427 0 1 0 0 0 -47254 32 0
27982 29488 427 0 427 0 0 0 0 0 0 1506 0
29488 29488 427 0 427 0 0 1 0 0 12786 32 0
29488 29490 427 0 427 0 1 1 0 0 0 2 0
29490 29490 427 0 427 0 1 0 0 0 -12786 32 0
29490 30709 427 0 427 0 0 0 0 0 0 1219 0
30709 30709 427 0 427 0 0 1 0 0 30119 32 0
30709 30710 427 0 427 0 1 1 0 0 0 1 0
30710 30710 427 0 427 0 1 0 0 0 -30119 32 0
30710 31604 427 0 427 0 0 0 0 0 0 894 0
31604 31604 427 0 427 0 0 1 0 0 30584 32 0
31604 31606 427 0 427 0 1 1 0 0 0 2 0
31606 31606 427 0 427 0 1 0 0 0 -30584 32 0
31606 43267 427 0 427 0 0 0 0 0 0 11661 0
43267 43267 427 0 427 0 0 0 0 0 1000000000 0 0
--------------------------------------
--------------------------------------
EV2
--------------------------------------
Num TPs served = 21
TPs served = 4869 4950 5890 6126 7110 7144 7179 7794 8231 9054 9524 10022 10452 10619 10848 10857 11903 12920 13476 13526 39990
Total energy used = 100
--------------------------------------
Schedule:
0 8845 427 0 427 0 0 0 100 100 0 8845 0
8845 8845 427 0 427 0 0 1 100 100 4869 32 0
8845 8846 427 0 427 0 1 1 100 100 0 1 0
8846 8855 427 0 436 0 1 0 100 91 -4869 32 9
8855 8978 436 0 436 0 0 0 91 91 0 123 0
8978 8987 436 0 427 0 0 1 91 82 4950 32 9
8987 8989 427 0 428 1 1 0 82 80 -4950 32 2
8989 10773 428 1 428 1 0 0 80 80 0 1784 0
10773 10775 428 1 427 0 0 1 80 78 5890 32 2
10775 10779 427 0 431 0 1 0 78 74 -5890 32 4
10779 11219 431 0 431 0 0 0 74 74 0 440 0
11219 11223 431 0 427 0 0 1 74 70 6126 32 4
11223 11227 427 0 430 1 1 0 70 66 -6126 32 4
11227 13250 430 1 430 1 0 0 66 66 0 2023 0
13250 13254 430 1 427 0 0 1 66 62 7110 32 4
13254 13257 427 0 429 1 1 0 62 59 -7110 32 3
13257 13322 429 1 429 1 0 0 59 59 0 65 0
13322 13325 429 1 427 0 0 1 59 56 7144 32 3
13325 13327 427 0 429 0 1 0 56 54 -7144 32 2
13327 13400 429 0 429 0 0 0 54 54 0 73 0
13400 13402 429 0 427 0 0 1 54 52 39990 32 2
13402 13411 427 0 427 0 1 1 52 52 0 9 0
13411 13411 427 0 427 0 1 2 52 52 7179 32 0
13411 13412 427 0 428 0 2 1 52 51 -39990 23 1
13412 13414 428 0 430 0 1 0 51 49 -7179 32 2
13414 14753 430 0 430 0 0 0 49 49 0 1339 0
14753 14756 430 0 427 0 0 1 49 46 7794 32 3
14756 14758 427 0 429 0 1 0 46 44 -7794 32 2
14758 15755 429 0 429 0 0 0 44 44 0 997 0
15755 15757 429 0 427 0 0 1 44 42 8231 32 2
15757 15758 427 0 428 0 1 0 42 41 -8231 32 1
15758 17774 428 0 428 0 0 0 41 41 0 2016 0
17774 17775 428 0 427 0 0 1 41 40 9054 32 1
17775 17777 427 0 429 0 1 0 40 38 -9054 32 2
17777 19076 429 0 429 0 0 0 38 38 0 1299 0
19076 19078 429 0 427 0 0 1 38 36 9524 32 2
19078 19080 427 0 428 1 1 0 36 34 -9524 32 2
19080 20482 428 1 428 1 0 0 34 34 0 1402 0
20482 20484 428 1 427 0 0 1 34 32 10022 32 2
20484 20486 427 0 429 0 1 0 32 30 -10022 32 2
20486 21709 429 0 429 0 0 0 30 30 0 1223 0
21709 21711 429 0 427 0 0 1 30 28 10452 32 2
21711 21712 427 0 427 1 1 0 28 27 -10452 32 1
21712 22159 427 1 427 1 0 0 27 27 0 447 0
22159 22160 427 1 427 0 0 1 27 26 10619 32 1
22160 22162 427 0 429 0 1 0 26 24 -10619 32 2
22162 22887 429 0 429 0 0 0 24 24 0 725 0
22887 22889 429 0 427 0 0 1 24 22 10848 32 2
22889 22893 427 0 431 0 1 0 22 18 -10848 32 4
22893 22919 431 0 431 0 0 0 18 18 0 26 0
22919 22923 431 0 427 0 0 1 18 14 10857 32 4
22923 22924 427 0 427 0 1 1 14 14 0 1 0
22924 22926 427 0 427 2 1 0 14 12 -10857 32 2
22926 26363 427 2 427 2 0 0 12 12 0 3437 0
26363 26365 427 2 427 0 0 1 12 10 11903 32 2
26365 26366 427 0 428 0 1 0 10 9 -11903 32 1
26366 29982 428 0 428 0 0 0 9 9 0 3616 0
29982 29983 428 0 427 0 0 1 9 8 12920 32 1
29983 29984 427 0 427 1 1 0 8 7 -12920 32 1
29984 32018 427 1 427 1 0 0 7 7 0 2034 0
32018 32019 427 1 427 0 0 1 7 6 13476 32 1
32019 32020 427 0 427 1 1 0 6 5 -13476 32 1
32020 32220 427 1 427 1 0 0 5 5 0 200 0
32220 32221 427 1 427 0 0 1 5 4 13526 32 1
32221 32222 427 0 427 0 1 1 4 4 0 1 0
32222 32224 427 0 429 0 1 0 4 2 -13526 32 2
32224 43265 429 0 429 0 0 0 2 2 0 11041 0
43265 43267 429 0 427 0 0 0 2 0 1000000000 0 2
--------------------------------------
--------------------------------------
EV3
--------------------------------------
Num TPs served = 17
TPs served = 10891 11716 11835 13395 13635 13787 13898 13915 14185 14779 15069 15126 15173 15705 16533 16880 33522
Total energy used = 100
--------------------------------------
Schedule:
0 23036 427 0 427 0 0 0 100 100 0 23036 0
23036 23036 427 0 427 0 0 1 100 100 10891 32 0
23036 23037 427 0 427 0 1 1 100 100 0 1 0
23037 23045 427 0 429 6 1 0 100 92 -10891 32 8
23045 25738 429 6 429 6 0 0 92 92 0 2693 0
25738 25746 429 6 427 0 0 1 92 84 11716 32 8
25746 25755 427 0 436 0 1 0 84 75 -11716 32 9
25755 26120 436 0 436 0 0 0 75 75 0 365 0
26120 26129 436 0 427 0 0 1 75 66 11835 32 9
26129 26136 427 0 434 0 1 0 66 59 -11835 32 7
26136 31680 434 0 434 0 0 0 59 59 0 5544 0
31680 31687 434 0 427 0 0 1 59 52 13395 32 7
31687 31692 427 0 430 2 1 0 52 47 -13395 32 5
31692 32603 430 2 430 2 0 0 47 47 0 911 0
32603 32608 430 2 427 0 0 1 47 42 13635 32 5
32608 32609 427 0 427 1 1 0 42 41 -13635 32 1
32609 33162 427 1 427 1 0 0 41 41 0 553 0
33162 33163 427 1 427 0 0 1 41 40 13787 32 1
33163 33164 427 0 428 0 1 0 40 39 -13787 32 1
33164 33563 428 0 428 0 0 0 39 39 0 399 0
33563 33564 428 0 427 0 0 1 39 38 13898 32 1
33564 33566 427 0 428 1 1 0 38 36 -13898 32 2
33566 33634 428 1 428 1 0 0 36 36 0 68 0
33634 33636 428 1 427 0 0 1 36 34 13915 32 2
33636 33638 427 0 427 0 1 1 34 34 0 2 0
33638 33639 427 0 428 0 1 0 34 33 -13915 32 1
33639 34675 428 0 428 0 0 0 33 33 0 1036 0
34675 34676 428 0 427 0 0 1 33 32 14185 32 1
34676 34677 427 0 427 0 1 1 32 32 0 1 0
34677 34678 427 0 428 0 1 0 32 31 -14185 32 1
34678 36994 428 0 428 0 0 0 31 31 0 2316 0
36994 36995 428 0 427 0 0 1 31 30 14779 32 1
36995 36996 427 0 427 0 1 1 30 30 0 1 0
36996 36997 427 0 427 1 1 0 30 29 -14779 32 1
36997 38034 427 1 427 1 0 0 29 29 0 1037 0
38034 38035 427 1 427 0 0 1 29 28 15069 32 1
38035 38036 427 0 428 0 1 0 28 27 -15069 32 1
38036 38313 428 0 428 0 0 0 27 27 0 277 0
38313 38314 428 0 427 0 0 1 27 26 15126 32 1
38314 38315 427 0 427 0 1 1 26 26 0 1 0
38315 38319 427 0 427 4 1 0 26 22 -15126 32 4
38319 38487 427 4 427 4 0 0 22 22 0 168 0
38487 38491 427 4 427 0 0 1 22 18 33522 32 4
38491 38510 427 0 427 0 1 1 18 18 0 19 0
38510 38510 427 0 427 0 1 2 18 18 15173 32 0
38510 38511 427 0 427 1 2 1 18 17 -33522 13 1
38511 38514 427 1 429 2 1 0 17 14 -15173 32 3
38514 40216 429 2 429 2 0 0 14 14 0 1702 0
40216 40220 429 2 427 0 0 1 14 10 15705 32 4
40220 40221 427 0 427 0 1 1 10 10 0 1 0
40221 40223 427 0 429 0 1 0 10 8 -15705 32 2
40223 41655 429 0 429 0 0 0 8 8 0 1432 0
41655 41657 429 0 427 0 0 1 8 6 16533 32 2
41657 41658 427 0 428 0 1 0 6 5 -16533 32 1
41658 42283 428 0 428 0 0 0 5 5 0 625 0
42283 42284 428 0 427 0 0 1 5 4 16880 32 1
42284 42286 427 0 428 1 1 0 4 2 -16880 32 2
42286 43265 428 1 428 1 0 0 2 2 0 979 0
43265 43267 428 1 427 0 0 0 2 0 1000000000 0 2
--------------------------------------
--------------------------------------
EV4
--------------------------------------
Num TPs served = 19
TPs served = 15346 15450 17036 17523 17684 19613 19792 19980 20534 20559 21006 21429 21433 22330 22372 22488 22541 22771 40498
Total energy used = 100
--------------------------------------
Schedule:
0 345 427 0 427 0 0 0 100 100 0 345 0
345 345 427 0 427 0 0 1 100 100 17523 32 0
345 346 427 0 428 0 1 0 100 99 -17523 32 1
346 824 428 0 428 0 0 0 99 99 0 478 0
824 825 428 0 427 0 0 1 99 98 17684 32 1
825 826 427 0 427 0 1 1 98 98 0 1 0
826 827 427 0 428 0 1 0 98 97 -17684 32 1
827 6905 428 0 428 0 0 0 97 97 0 6078 0
6905 6906 428 0 427 0 0 1 97 96 19613 32 1
6906 6909 427 0 427 0 1 1 96 96 0 3 0
6909 6916 427 0 429 5 1 0 96 89 -19613 32 7
6916 7386 429 5 429 5 0 0 89 89 0 470 0
7386 7393 429 5 427 0 0 1 89 82 19792 32 7
7393 7395 427 0 429 0 1 0 82 80 -19792 32 2
7395 7988 429 0 429 0 0 0 80 80 0 593 0
7988 7990 429 0 427 0 0 1 80 78 19980 32 2
7990 7992 427 0 427 0 1 1 78 78 0 2 0
7992 7993 427 0 428 0 1 0 78 77 -19980 32 1
7993 9532 428 0 428 0 0 0 77 77 0 1539 0
9532 9533 428 0 427 0 0 1 77 76 20534 32 1
9533 9534 427 0 427 0 1 1 76 76 0 1 0
9534 9535 427 0 428 0 1 0 76 75 -20534 32 1
9535 9611 428 0 428 0 0 0 75 75 0 76 0
9611 9612 428 0 427 0 0 1 75 74 20559 32 1
9612 9613 427 0 428 0 1 0 74 73 -20559 32 1
9613 10753 428 0 428 0 0 0 73 73 0 1140 0
10753 10754 428 0 427 0 0 1 73 72 21006 32 1
10754 10763 427 0 435 1 1 0 72 63 -21006 32 9
10763 11911 435 1 435 1 0 0 63 63 0 1148 0
11911 11920 435 1 427 0 0 1 63 54 21433 32 9
11920 11920 427 0 427 0 1 2 54 54 21429 16 0
11920 11921 427 0 428 0 2 1 54 53 -21433 32 1
11921 11923 428 0 427 1 1 0 53 51 -21429 14 2
11923 14303 427 1 427 1 0 0 51 51 0 2380 0
14303 14304 427 1 427 0 0 1 51 50 22330 32 1
14304 14305 427 0 427 0 1 1 50 50 0 1 0
14305 14306 427 0 427 1 1 0 50 49 -22330 32 1
14306 14412 427 1 427 1 0 0 49 49 0 106 0
14412 14413 427 1 427 0 0 1 49 48 22372 32 1
14413 14415 427 0 429 0 1 0 48 46 -22372 32 2
14415 14702 429 0 429 0 0 0 46 46 0 287 0
14702 14704 429 0 427 0 0 1 46 44 40498 32 2
14704 14709 427 0 427 0 1 1 44 44 0 5 0
14709 14709 427 0 427 0 1 2 44 44 22488 32 0
14709 14710 427 0 428 0 2 1 44 43 -40498 28 1
14710 14711 428 0 428 0 1 1 43 43 0 1 0
14711 14712 428 0 428 1 1 0 43 42 -22488 32 1
14712 14830 428 1 428 1 0 0 42 42 0 118 0
14830 14832 428 1 427 0 0 1 42 40 22541 32 2
14832 14834 427 0 429 0 1 0 40 38 -22541 32 2
14834 15423 429 0 429 0 0 0 38 38 0 589 0
15423 15425 429 0 427 0 0 1 38 36 22771 32 2
15425 15426 427 0 428 0 1 0 36 35 -22771 32 1
15426 39186 428 0 428 0 0 0 35 35 0 23760 0
39186 39187 428 0 427 0 0 1 35 34 15346 32 1
39187 39188 427 0 427 0 1 1 34 34 0 1 0
39188 39195 427 0 432 2 1 0 34 27 -15346 32 7
39195 39535 432 2 432 2 0 0 27 27 0 340 0
39535 39542 432 2 427 0 0 1 27 20 15450 32 7
39542 39545 427 0 427 0 1 1 20 20 0 3 0
39545 39551 427 0 431 2 1 0 20 14 -15450 32 6
39551 42573 431 2 431 2 0 0 14 14 0 3022 0
42573 42579 431 2 427 0 0 1 14 8 17036 32 6
42579 42583 427 0 429 2 1 0 8 4 -17036 32 4
42583 43263 429 2 429 2 0 0 4 4 0 680 0
43263 43267 429 2 427 0 0 0 4 0 1000000000 0 4
--------------------------------------
--------------------------------------
EV5
--------------------------------------
Num TPs served = 32
TPs served = 22716 22765 22837 22978 23060 23374 23559 23566 23870 23901 24940 24965 25011 25203 25989 26491 26545 26727 27060 27069 27555 27978 28549 28564 28873 29280 29290 29421 29626 30082 40725 40886
Total energy used = 100
--------------------------------------
Schedule:
0 15261 427 0 427 0 0 0 100 100 0 15261 0
15261 15261 427 0 427 0 0 1 100 100 40725 32 0
15261 15292 427 0 427 0 1 1 100 100 0 31 0
15292 15292 427 0 427 0 1 2 100 100 22716 32 0
15292 15293 427 0 428 0 2 1 100 99 -40725 1 1
15293 15294 428 0 429 0 1 0 99 98 -22716 32 1
15294 15414 429 0 429 0 0 0 98 98 0 120 0
15414 15416 429 0 427 0 0 1 98 96 22765 32 2
15416 15419 427 0 429 1 1 0 96 93 -22765 32 3
15419 15621 429 1 429 1 0 0 93 93 0 202 0
15621 15624 429 1 427 0 0 1 93 90 40886 32 3
15624 15624 427 0 427 0 1 2 90 90 22837 3 0
15624 15625 427 0 428 0 2 1 90 89 -40886 32 1
15625 15627 428 0 430 0 1 0 89 87 -22837 3 2
15627 15905 430 0 430 0 0 0 87 87 0 278 0
15905 15908 430 0 427 0 0 1 87 84 22978 32 3
15908 15909 427 0 427 0 1 1 84 84 0 1 0
15909 15913 427 0 430 1 1 0 84 80 -22978 32 4
15913 16113 430 1 430 1 0 0 80 80 0 200 0
16113 16117 430 1 427 0 0 1 80 76 23060 32 4
16117 16118 427 0 428 0 1 0 76 75 -23060 32 1
16118 16893 428 0 428 0 0 0 75 75 0 775 0
16893 16894 428 0 427 0 0 1 75 74 23374 32 1
16894 16895 427 0 428 0 1 0 74 73 -23374 32 1
16895 17318 428 0 428 0 0 0 73 73 0 423 0
17318 17319 428 0 427 0 0 1 73 72 23566 32 1
17319 17319 427 0 427 0 1 2 72 72 23559 17 0
17319 17323 427 0 430 1 2 1 72 68 -23566 32 4
17323 17324 430 1 430 0 1 0 68 67 -23559 15 1
17324 17987 430 0 430 0 0 0 67 67 0 663 0
17987 17990 430 0 427 0 0 1 67 64 23870 32 3
17990 17992 427 0 428 1 1 0 64 62 -23870 32 2
17992 18062 428 1 428 1 0 0 62 62 0 70 0
18062 18064 428 1 427 0 0 1 62 60 23901 32 2
18064 18065 427 0 428 0 1 0 60 59 -23901 32 1
18065 20350 428 0 428 0 0 0 59 59 0 2285 0
20350 20351 428 0 427 0 0 1 59 58 24940 32 1
20351 20354 427 0 430 0 1 0 58 55 -24940 32 3
20354 20423 430 0 430 0 0 0 55 55 0 69 0
20423 20426 430 0 427 0 0 1 55 52 24965 32 3
20426 20427 427 0 427 0 1 1 52 52 0 1 0
20427 20428 427 0 427 1 1 0 52 51 -24965 32 1
20428 20533 427 1 427 1 0 0 51 51 0 105 0
20533 20534 427 1 427 0 0 1 51 50 25011 32 1
20534 20536 427 0 427 0 1 1 50 50 0 2 0
20536 20538 427 0 428 1 1 0 50 48 -25011 32 2
20538 20944 428 1 428 1 0 0 48 48 0 406 0
20944 20946 428 1 427 0 0 1 48 46 25203 32 2
20946 20947 427 0 428 0 1 0 46 45 -25203 32 1
20947 22633 428 0 428 0 0 0 45 45 0 1686 0
22633 22634 428 0 427 0 0 1 45 44 25989 32 1
22634 22635 427 0 427 1 1 0 44 43 -25989 32 1
22635 23634 427 1 427 1 0 0 43 43 0 999 0
23634 23635 427 1 427 0 0 1 43 42 26491 32 1
23635 23636 427 0 427 0 1 1 42 42 0 1 0
23636 23637 427 0 428 0 1 0 42 41 -26491 32 1
23637 23729 428 0 428 0 0 0 41 41 0 92 0
23729 23730 428 0 427 0 0 1 41 40 26545 32 1
23730 23731 427 0 428 0 1 0 40 39 -26545 32 1
23731 24106 428 0 428 0 0 0 39 39 0 375 0
24106 24107 428 0 427 0 0 1 39 38 26727 32 1
24107 24108 427 0 427 0 1 1 38 38 0 1 0
24108 24110 427 0 429 0 1 0 38 36 -26727 32 2
24110 24785 429 0 429 0 0 0 36 36 0 675 0
24785 24787 429 0 427 0 0 1 36 34 27069 32 2
24787 24787 427 0 427 0 1 2 34 34 27060 14 0
24787 24788 427 0 427 0 2 2 34 34 0 1 0
24788 24789 427 0 428 0 2 1 34 33 -27069 32 1
24789 24791 428 0 428 2 1 0 33 31 -27060 13 2
24791 25661 428 2 428 2 0 0 31 31 0 870 0
25661 25664 428 2 427 0 0 1 31 28 27555 32 3
25664 25665 427 0 427 1 1 0 28 27 -27555 32 1
25665 26471 427 1 427 1 0 0 27 27 0 806 0
26471 26472 427 1 427 0 0 1 27 26 27978 32 1
26472 26474 427 0 429 0 1 0 26 24 -27978 32 2
26474 27601 429 0 429 0 0 0 24 24 0 1127 0
27601 27603 429 0 427 0 0 1 24 22 28564 32 2
27603 27603 427 0 427 0 1 2 22 22 28549 7 0
27603 27604 427 0 428 0 2 1 22 21 -28564 32 1
27604 27604 428 0 428 0 1 0 21 21 -28549 7 0
27604 28207 428 0 428 0 0 0 21 21 0 603 0
28207 28208 428 0 427 0 0 1 21 20 28873 32 1
28208 28210 427 0 429 0 1 0 20 18 -28873 32 2
28210 29075 429 0 429 0 0 0 18 18 0 865 0
29075 29077 429 0 427 0 0 1 18 16 29290 32 2
29077 29077 427 0 427 0 1 2 16 16 29280 15 0
29077 29080 427 0 427 3 2 1 16 13 -29290 32 3
29080 29084 427 3 428 0 1 0 13 9 -29280 9 4
29084 29363 428 0 428 0 0 0 9 9 0 279 0
29363 29364 428 0 427 0 0 1 9 8 29421 32 1
29364 29366 427 0 429 0 1 0 8 6 -29421 32 2
29366 29745 429 0 429 0 0 0 6 6 0 379 0
29745 29747 429 0 427 0 0 1 6 4 29626 32 2
29747 29748 427 0 428 0 1 0 4 3 -29626 32 1
29748 30638 428 0 428 0 0 0 3 3 0 890 0
30638 30639 428 0 427 0 0 1 3 2 30082 32 1
30639 30640 427 0 427 0 1 1 2 2 0 1 0
30640 30641 427 0 428 0 1 0 2 1 -30082 32 1
30641 43266 428 0 428 0 0 0 1 1 0 12625 0
43266 43267 428 0 427 0 0 0 1 0 1000000000 0 1
--------------------------------------
--------------------------------------
EV6
--------------------------------------
Num TPs served = 17
TPs served = 29673 29835 30356 31942 32360 32818 32865 32911 33488 34259 34438 34621 35063 35400 35607 35769 36338
Total energy used = 100
--------------------------------------
Schedule:
0 756 427 0 427 0 0 0 100 100 0 756 0
756 756 427 0 427 0 0 1 100 100 35400 32 0
756 758 427 0 429 0 1 0 100 98 -35400 32 2
758 1388 429 0 429 0 0 0 98 98 0 630 0
1388 1390 429 0 427 0 0 1 98 96 35607 32 2
1390 1391 427 0 428 0 1 0 96 95 -35607 32 1
1391 1807 428 0 428 0 0 0 95 95 0 416 0
1807 1808 428 0 427 0 0 1 95 94 35769 32 1
1808 1811 427 0 427 0 1 1 94 94 0 3 0
1811 1813 427 0 427 2 1 0 94 92 -35769 32 2
1813 3477 427 2 427 2 0 0 92 92 0 1664 0
3477 3479 427 2 427 0 0 1 92 90 36338 32 2
3479 3480 427 0 428 0 1 0 90 89 -36338 32 1
3480 29834 428 0 428 0 0 0 89 89 0 26354 0
29834 29835 428 0 427 0 0 1 89 88 29673 32 1
29835 29837 427 0 429 0 1 0 88 86 -29673 32 2
29837 30160 429 0 429 0 0 0 86 86 0 323 0
30160 30162 429 0 427 0 0 1 86 84 29835 32 2
30162 30167 427 0 430 2 1 0 84 79 -29835 32 5
30167 31172 430 2 430 2 0 0 79 79 0 1005 0
31172 31177 430 2 427 0 0 1 79 74 30356 32 5
31177 31179 427 0 427 0 1 1 74 74 0 2 0
31179 31182 427 0 427 3 1 0 74 71 -30356 32 3
31182 34565 427 3 427 3 0 0 71 71 0 3383 0
34565 34568 427 3 427 0 0 1 71 68 31942 32 3
34568 34569 427 0 427 0 1 1 68 68 0 1 0
34569 34572 427 0 429 1 1 0 68 65 -31942 32 3
34572 35586 429 1 429 1 0 0 65 65 0 1014 0
35586 35589 429 1 427 0 0 1 65 62 32360 32 3
35589 35590 427 0 427 1 1 0 62 61 -32360 32 1
35590 36677 427 1 427 1 0 0 61 61 0 1087 0
36677 36678 427 1 427 0 0 1 61 60 32818 32 1
36678 36682 427 0 430 1 1 0 60 56 -32818 32 4
36682 36808 430 1 430 1 0 0 56 56 0 126 0
36808 36812 430 1 427 0 0 1 56 52 32865 32 4
36812 36813 427 0 427 0 1 1 52 52 0 1 0
36813 36823 427 0 430 7 1 0 52 42 -32865 32 10
36823 36921 430 7 430 7 0 0 42 42 0 98 0
36921 36931 430 7 427 0 0 1 42 32 32911 32 10
36931 36933 427 0 427 2 1 0 32 30 -32911 32 2
36933 38370 427 2 427 2 0 0 30 30 0 1437 0
38370 38372 427 2 427 0 0 1 30 28 33488 32 2
38372 38375 427 0 430 0 1 0 28 25 -33488 32 3
38375 40497 430 0 430 0 0 0 25 25 0 2122 0
40497 40500 430 0 427 0 0 1 25 22 34259 32 3
40500 40503 427 0 429 1 1 0 22 19 -34259 32 3
40503 41050 429 1 429 1 0 0 19 19 0 547 0
41050 41053 429 1 427 0 0 1 19 16 34438 32 3
41053 41055 427 0 428 1 1 0 16 14 -34438 32 2
41055 41594 428 1 428 1 0 0 14 14 0 539 0
41594 41596 428 1 427 0 0 1 14 12 34621 32 2
41596 41599 427 0 430 0 1 0 12 9 -34621 32 3
41599 42939 430 0 430 0 0 0 9 9 0 1340 0
42939 42942 430 0 427 0 0 1 9 6 35063 32 3
42942 42943 427 0 427 0 1 1 6 6 0 1 0
42943 42946 427 0 430 0 1 0 6 3 -35063 32 3
42946 43264 430 0 430 0 0 0 3 3 0 318 0
43264 43267 430 0 427 0 0 0 3 0 1000000000 0 3
--------------------------------------
--------------------------------------
EV7
--------------------------------------
Num TPs served = 13
TPs served = 35004 35955 36984 37045 37175 37711 37777 38163 38236 38402 39071 39445 39729
Total energy used = 100
--------------------------------------
Schedule:
0 2345 427 0 427 0 0 0 100 100 0 2345 0
2345 2345 427 0 427 0 0 1 100 100 35955 32 0
2345 2349 427 0 427 0 1 1 100 100 0 4 0
2349 2354 427 0 427 5 1 0 100 95 -35955 32 5
2354 5386 427 5 427 5 0 0 95 95 0 3032 0
5386 5391 427 5 427 0 0 1 95 90 36984 32 5
5391 5395 427 0 427 0 1 1 90 90 0 4 0
5395 5397 427 0 428 1 1 0 90 88 -36984 32 2
5397 5549 428 1 428 1 0 0 88 88 0 152 0
5549 5551 428 1 427 0 0 1 88 86 37045 32 2
5551 5552 427 0 427 1 1 0 86 85 -37045 32 1
5552 5970 427 1 427 1 0 0 85 85 0 418 0
5970 5971 427 1 427 0 0 1 85 84 37175 32 1
5971 5973 427 0 429 0 1 0 84 82 -37175 32 2
5973 7468 429 0 429 0 0 0 82 82 0 1495 0
7468 7470 429 0 427 0 0 1 82 80 37711 32 2
7470 7473 427 0 429 1 1 0 80 77 -37711 32 3
7473 7676 429 1 429 1 0 0 77 77 0 203 0
7676 7679 429 1 427 0 0 1 77 74 37777 32 3
7679 7681 427 0 427 2 1 0 74 72 -37777 32 2
7681 8758 427 2 427 2 0 0 72 72 0 1077 0
8758 8760 427 2 427 0 0 1 72 70 38163 32 2
8760 8761 427 0 427 1 1 0 70 69 -38163 32 1
8761 8952 427 1 427 1 0 0 69 69 0 191 0
8952 8953 427 1 427 0 0 1 69 68 38236 32 1
8953 8954 427 0 427 0 1 1 68 68 0 1 0
8954 8955 427 0 427 1 1 0 68 67 -38236 32 1
8955 9378 427 1 427 1 0 0 67 67 0 423 0
9378 9379 427 1 427 0 0 1 67 66 38402 32 1
9379 9380 427 0 427 0 1 1 66 66 0 1 0
9380 9388 427 0 433 2 1 0 66 58 -38402 32 8
9388 11018 433 2 433 2 0 0 58 58 0 1630 0
11018 11026 433 2 427 0 0 1 58 50 39071 32 8
11026 11027 427 0 427 0 1 1 50 50 0 1 0
11027 11030 427 0 430 0 1 0 50 47 -39071 32 3
11030 11945 430 0 430 0 0 0 47 47 0 915 0
11945 11948 430 0 427 0 0 1 47 44 39445 32 3
11948 11949 427 0 427 0 1 1 44 44 0 1 0
11949 11950 427 0 428 0 1 0 44 43 -39445 32 1
11950 12667 428 0 428 0 0 0 43 43 0 717 0
12667 12668 428 0 427 0 0 1 43 42 39729 32 1
12668 12670 427 0 429 0 1 0 42 40 -39729 32 2
12670 42768 429 0 429 0 0 0 40 40 0 30098 0
42768 42770 429 0 427 0 0 1 40 38 35004 32 2
42770 42789 427 0 444 2 1 0 38 19 -35004 32 19
42789 43248 444 2 444 2 0 0 19 19 0 459 0
43248 43267 444 2 427 0 0 0 19 0 1000000000 0 19
--------------------------------------
--------------------------------------
EV8
--------------------------------------
Num TPs served = 27
TPs served = 39734 39865 40274 40597 40607 41608 41794 42071 42214 42388 42553 42586 42716 42800 42887 43951 46140 46586 46670 46847 47341 47883 47896 47974 48024 48189 49429
Total energy used = 100
--------------------------------------
Schedule:
0 12676 427 0 427 0 0 0 100 100 0 12676 0
12676 12676 427 0 427 0 0 1 100 100 39734 32 0
12676 12678 427 0 427 0 1 1 100 100 0 2 0
12678 12679 427 0 427 1 1 0 100 99 -39734 32 1
12679 13028 427 1 427 1 0 0 99 99 0 349 0
13028 13029 427 1 427 0 0 1 99 98 39865 32 1
13029 13030 427 0 427 0 1 1 98 98 0 1 0
13030 13031 427 0 428 0 1 0 98 97 -39865 32 1
13031 14172 428 0 428 0 0 0 97 97 0 1141 0
14172 14173 428 0 427 0 0 1 97 96 40274 32 1
14173 14174 427 0 427 1 1 0 96 95 -40274 32 1
14174 14971 427 1 427 1 0 0 95 95 0 797 0
14971 14972 427 1 427 0 0 1 95 94 40607 32 1
14972 14972 427 0 427 0 1 2 94 94 40597 2 0
14972 14974 427 0 429 0 2 1 94 92 -40597 2 2
14974 14978 429 0 427 2 1 0 92 88 -40607 28 4
14978 17263 427 2 427 2 0 0 88 88 0 2285 0
17263 17265 427 2 427 0 0 1 88 86 41608 32 2
17265 17267 427 0 428 1 1 0 86 84 -41608 32 2
17267 17661 428 1 428 1 0 0 84 84 0 394 0
17661 17663 428 1 427 0 0 1 84 82 41794 32 2
17663 17666 427 0 430 0 1 0 82 79 -41794 32 3
17666 18255 430 0 430 0 0 0 79 79 0 589 0
18255 18258 430 0 427 0 0 1 79 76 42071 32 3
18258 18259 427 0 427 1 1 0 76 75 -42071 32 1
18259 18558 427 1 427 1 0 0 75 75 0 299 0
18558 18559 427 1 427 0 0 1 75 74 42214 32 1
18559 18562 427 0 430 0 1 0 74 71 -42214 32 3
18562 18904 430 0 430 0 0 0 71 71 0 342 0
18904 18907 430 0 427 0 0 1 71 68 42388 32 3
18907 18912 427 0 427 0 1 1 68 68 0 5 0
18912 18916 427 0 429 2 1 0 68 64 -42388 32 4
18916 19313 429 2 429 2 0 0 64 64 0 397 0
19313 19317 429 2 427 0 0 1 64 60 42553 32 4
19317 19319 427 0 429 0 1 0 60 58 -42553 32 2
19319 19398 429 0 429 0 0 0 58 58 0 79 0
19398 19400 429 0 427 0 0 1 58 56 42586 32 2
19400 19401 427 0 428 0 1 0 56 55 -42586 32 1
19401 19663 428 0 428 0 0 0 55 55 0 262 0
19663 19664 428 0 427 0 0 1 55 54 42716 32 1
19664 19666 427 0 427 0 1 1 54 54 0 2 0
19666 19667 427 0 428 0 1 0 54 53 -42716 32 1
19667 19829 428 0 428 0 0 0 53 53 0 162 0
19829 19830 428 0 427 0 0 1 53 52 42800 32 1
19830 19832 427 0 429 0 1 0 52 50 -42800 32 2
19832 20001 429 0 429 0 0 0 50 50 0 169 0
20001 20003 429 0 427 0 0 1 50 48 42887 32 2
20003 20005 427 0 428 1 1 0 48 46 -42887 32 2
20005 22078 428 1 428 1 0 0 46 46 0 2073 0
22078 22080 428 1 427 0 0 1 46 44 43951 32 2
22080 22081 427 0 427 1 1 0 44 43 -43951 32 1
22081 26049 427 1 427 1 0 0 43 43 0 3968 0
26049 26050 427 1 427 0 0 1 43 42 46140 32 1
26050 26052 427 0 428 1 1 0 42 40 -46140 32 2
26052 26861 428 1 428 1 0 0 40 40 0 809 0
26861 26863 428 1 427 0 0 1 40 38 46586 32 2
26863 26864 427 0 427 0 1 1 38 38 0 1 0
26864 26869 427 0 428 4 1 0 38 33 -46586 32 5
26869 27019 428 4 428 4 0 0 33 33 0 150 0
27019 27024 428 4 427 0 0 1 33 28 46670 32 5
27024 27026 427 0 429 0 1 0 28 26 -46670 32 2
27026 27293 429 0 429 0 0 0 26 26 0 267 0
27293 27295 429 0 427 0 0 1 26 24 46847 32 2
27295 27296 427 0 427 0 1 1 24 24 0 1 0
27296 27298 427 0 427 2 1 0 24 22 -46847 32 2
27298 28108 427 2 427 2 0 0 22 22 0 810 0
28108 28110 427 2 427 0 0 1 22 20 47341 32 2
28110 28111 427 0 427 1 1 0 20 19 -47341 32 1
28111 29031 427 1 427 1 0 0 19 19 0 920 0
29031 29032 427 1 427 0 0 1 19 18 47896 32 1
29032 29032 427 0 427 0 1 2 18 18 47883 12 0
29032 29034 427 0 427 2 2 1 18 16 -47896 32 2
29034 29036 427 2 428 1 1 0 16 14 -47883 10 2
29036 29166 428 1 428 1 0 0 14 14 0 130 0
29166 29168 428 1 427 0 0 1 14 12 47974 32 2
29168 29169 427 0 427 1 1 0 12 11 -47974 32 1
29169 29253 427 1 427 1 0 0 11 11 0 84 0
29253 29254 427 1 427 0 0 1 11 10 48024 32 1
29254 29255 427 0 428 0 1 0 10 9 -48024 32 1
29255 29577 428 0 428 0 0 0 9 9 0 322 0
29577 29578 428 0 427 0 0 1 9 8 48189 32 1
29578 29580 427 0 428 1 1 0 8 6 -48189 32 2
29580 31769 428 1 428 1 0 0 6 6 0 2189 0
31769 31771 428 1 427 0 0 1 6 4 49429 32 2
31771 31773 427 0 429 0 1 0 4 2 -49429 32 2
31773 43265 429 0 429 0 0 0 2 2 0 11492 0
43265 43267 429 0 427 0 0 0 2 0 1000000000 0 2
--------------------------------------
--------------------------------------
EV9
--------------------------------------
Num TPs served = 7
TPs served = 48278 48735 48855 49083 49243 49405 49650
Total energy used = 48
--------------------------------------
Schedule:
0 29748 427 0 427 0 0 0 100 100 0 29748 0
29748 29748 427 0 427 0 0 1 100 100 48278 32 0
29748 29752 427 0 431 0 1 0 100 96 -48278 32 4
29752 30545 431 0 431 0 0 0 96 96 0 793 0
30545 30549 431 0 427 0 0 1 96 92 48735 32 4
30549 30552 427 0 430 0 1 0 92 89 -48735 32 3
30552 30767 430 0 430 0 0 0 89 89 0 215 0
30767 30770 430 0 427 0 0 1 89 86 48855 32 3
30770 30773 427 0 429 1 1 0 86 83 -48855 32 3
30773 31161 429 1 429 1 0 0 83 83 0 388 0
31161 31164 429 1 427 0 0 1 83 80 49083 32 3
31164 31168 427 0 431 0 1 0 80 76 -49083 32 4
31168 31422 431 0 431 0 0 0 76 76 0 254 0
31422 31426 431 0 427 0 0 1 76 72 49243 32 4
31426 31427 427 0 427 0 1 1 72 72 0 1 0
31427 31431 427 0 430 1 1 0 72 68 -49243 32 4
31431 31727 430 1 430 1 0 0 68 68 0 296 0
31727 31731 430 1 427 0 0 1 68 64 49405 32 4
31731 31735 427 0 430 1 1 0 64 60 -49405 32 4
31735 32151 430 1 430 1 0 0 60 60 0 416 0
32151 32155 430 1 427 0 0 1 60 56 49650 32 4
32155 32157 427 0 428 1 1 0 56 54 -49650 32 2
32157 43265 428 1 428 1 0 0 54 54 0 11108 0
43265 43267 428 1 427 0 0 0 54 52 1000000000 0 2
--------------------------------------
--------------------------------------
EV10
--------------------------------------
Num TPs served = 0
TPs served = 
Total energy used = 0
--------------------------------------
Schedule:
0 43265 427 0 427 0 0 0 100 100 0 43265 0
43265 43266 427 0 427 0 0 0 100 100 0 0 0
43266 43267 427 0 427 0 0 0 100 100 0 0 0
--------------------------------------

-------------------------------------------------------------------------

TPs

-------------------------------------------------------------------------

----------------------
TP298 allocated to 1
----------------------

----------------------
TP1107 allocated to 1
----------------------

----------------------
TP1607 allocated to 1
----------------------

----------------------
TP1812 allocated to 1
----------------------

----------------------
TP2131 allocated to 1
----------------------

----------------------
TP2215 allocated to 1
----------------------

----------------------
TP2290 allocated to 1
----------------------

----------------------
TP2394 allocated to 1
----------------------

----------------------
TP2711 allocated to 1
----------------------

----------------------
TP3475 allocated to 1
----------------------

----------------------
TP3726 allocated to 1
----------------------

----------------------
TP3746 allocated to 1
----------------------

----------------------
TP4327 allocated to 1
----------------------

----------------------
TP4598 allocated to 1
----------------------

----------------------
TP4722 allocated to 1
----------------------

----------------------
TP4762 allocated to 1
----------------------

----------------------
TP4778 allocated to 1
----------------------

----------------------
TP4868 allocated to 1
----------------------

----------------------
TP4869 allocated to 2
----------------------

----------------------
TP4916 allocated to 1
----------------------

----------------------
TP4950 allocated to 2
----------------------

----------------------
TP5727 allocated to 1
----------------------

----------------------
TP5890 allocated to 2
----------------------

----------------------
TP6126 allocated to 2
----------------------

----------------------
TP7110 allocated to 2
----------------------

----------------------
TP7144 allocated to 2
----------------------

----------------------
TP7179 allocated to 2
----------------------

----------------------
TP7273 allocated to 1
----------------------

----------------------
TP7794 allocated to 2
----------------------

----------------------
TP8231 allocated to 2
----------------------

----------------------
TP9054 allocated to 2
----------------------

----------------------
TP9056 allocated to 1
----------------------

----------------------
TP9524 allocated to 2
----------------------

----------------------
TP10022 allocated to 2
----------------------

----------------------
TP10452 allocated to 2
----------------------

----------------------
TP10619 allocated to 2
----------------------

----------------------
TP10649 allocated to 1
----------------------

----------------------
TP10848 allocated to 2
----------------------

----------------------
TP10857 allocated to 2
----------------------

----------------------
TP10891 allocated to 3
----------------------

----------------------
TP11316 allocated to 1
----------------------

----------------------
TP11716 allocated to 3
----------------------

----------------------
TP11772 allocated to 1
----------------------

----------------------
TP11835 allocated to 3
----------------------

----------------------
TP11903 allocated to 2
----------------------

----------------------
TP12786 allocated to 1
----------------------

----------------------
TP12920 allocated to 2
----------------------

----------------------
TP13395 allocated to 3
----------------------

----------------------
TP13476 allocated to 2
----------------------

----------------------
TP13526 allocated to 2
----------------------

----------------------
TP13635 allocated to 3
----------------------

----------------------
TP13787 allocated to 3
----------------------

----------------------
TP13898 allocated to 3
----------------------

----------------------
TP13915 allocated to 3
----------------------

----------------------
TP14185 allocated to 3
----------------------

----------------------
TP14779 allocated to 3
----------------------

----------------------
TP15069 allocated to 3
----------------------

----------------------
TP15126 allocated to 3
----------------------

----------------------
TP15173 allocated to 3
----------------------

----------------------
TP15346 allocated to 4
----------------------

----------------------
TP15450 allocated to 4
----------------------

----------------------
TP15705 allocated to 3
----------------------

----------------------
TP16533 allocated to 3
----------------------

----------------------
TP16880 allocated to 3
----------------------

----------------------
TP17036 allocated to 4
----------------------

----------------------
TP17523 allocated to 4
----------------------

----------------------
TP17684 allocated to 4
----------------------

----------------------
TP19082 allocated to 1
----------------------

----------------------
TP19613 allocated to 4
----------------------

----------------------
TP19792 allocated to 4
----------------------

----------------------
TP19916 allocated to 1
----------------------

----------------------
TP19980 allocated to 4
----------------------

----------------------
TP20463 allocated to 1
----------------------

----------------------
TP20534 allocated to 4
----------------------

----------------------
TP20559 allocated to 4
----------------------

----------------------
TP21006 allocated to 4
----------------------

----------------------
TP21429 allocated to 4
----------------------

----------------------
TP21433 allocated to 4
----------------------

----------------------
TP22330 allocated to 4
----------------------

----------------------
TP22372 allocated to 4
----------------------

----------------------
TP22488 allocated to 4
----------------------

----------------------
TP22541 allocated to 4
----------------------

----------------------
TP22716 allocated to 5
----------------------

----------------------
TP22765 allocated to 5
----------------------

----------------------
TP22771 allocated to 4
----------------------

----------------------
TP22837 allocated to 5
----------------------

----------------------
TP22978 allocated to 5
----------------------

----------------------
TP23060 allocated to 5
----------------------

----------------------
TP23374 allocated to 5
----------------------

----------------------
TP23559 allocated to 5
----------------------

----------------------
TP23566 allocated to 5
----------------------

----------------------
TP23870 allocated to 5
----------------------

----------------------
TP23901 allocated to 5
----------------------

----------------------
TP24940 allocated to 5
----------------------

----------------------
TP24965 allocated to 5
----------------------

----------------------
TP25011 allocated to 5
----------------------

----------------------
TP25203 allocated to 5
----------------------

----------------------
TP25599 allocated to 1
----------------------

----------------------
TP25989 allocated to 5
----------------------

----------------------
TP26491 allocated to 5
----------------------

----------------------
TP26545 allocated to 5
----------------------

----------------------
TP26727 allocated to 5
----------------------

----------------------
TP26951 allocated to 1
----------------------

----------------------
TP27060 allocated to 5
----------------------

----------------------
TP27069 allocated to 5
----------------------

----------------------
TP27555 allocated to 5
----------------------

----------------------
TP27978 allocated to 5
----------------------

----------------------
TP28549 allocated to 5
----------------------

----------------------
TP28564 allocated to 5
----------------------

----------------------
TP28873 allocated to 5
----------------------

----------------------
TP29280 allocated to 5
----------------------

----------------------
TP29290 allocated to 5
----------------------

----------------------
TP29421 allocated to 5
----------------------

----------------------
TP29626 allocated to 5
----------------------

----------------------
TP29673 allocated to 6
----------------------

----------------------
TP29835 allocated to 6
----------------------

----------------------
TP30082 allocated to 5
----------------------

----------------------
TP30119 allocated to 1
----------------------

----------------------
TP30356 allocated to 6
----------------------

----------------------
TP30584 allocated to 1
----------------------

----------------------
TP31942 allocated to 6
----------------------

----------------------
TP32360 allocated to 6
----------------------

----------------------
TP32818 allocated to 6
----------------------

----------------------
TP32865 allocated to 6
----------------------

----------------------
TP32911 allocated to 6
----------------------

----------------------
TP33488 allocated to 6
----------------------

----------------------
TP33522 allocated to 3
----------------------

----------------------
TP34259 allocated to 6
----------------------

----------------------
TP34438 allocated to 6
----------------------

----------------------
TP34621 allocated to 6
----------------------

----------------------
TP35004 allocated to 7
----------------------

----------------------
TP35063 allocated to 6
----------------------

----------------------
TP35400 allocated to 6
----------------------

----------------------
TP35607 allocated to 6
----------------------

----------------------
TP35769 allocated to 6
----------------------

----------------------
TP35955 allocated to 7
----------------------

----------------------
TP36338 allocated to 6
----------------------

----------------------
TP36787 allocated to 1
----------------------

----------------------
TP36984 allocated to 7
----------------------

----------------------
TP37045 allocated to 7
----------------------

----------------------
TP37175 allocated to 7
----------------------

----------------------
TP37280 allocated to 1
----------------------

----------------------
TP37711 allocated to 7
----------------------

----------------------
TP37777 allocated to 7
----------------------

----------------------
TP38163 allocated to 7
----------------------

----------------------
TP38236 allocated to 7
----------------------

----------------------
TP38402 allocated to 7
----------------------

----------------------
TP39071 allocated to 7
----------------------

----------------------
TP39445 allocated to 7
----------------------

----------------------
TP39729 allocated to 7
----------------------

----------------------
TP39734 allocated to 8
----------------------

----------------------
TP39865 allocated to 8
----------------------

----------------------
TP39990 allocated to 2
----------------------

----------------------
TP40080 allocated to 1
----------------------

----------------------
TP40274 allocated to 8
----------------------

----------------------
TP40498 allocated to 4
----------------------

----------------------
TP40597 allocated to 8
----------------------

----------------------
TP40607 allocated to 8
----------------------

----------------------
TP40725 allocated to 5
----------------------

----------------------
TP40886 allocated to 5
----------------------

----------------------
TP41608 allocated to 8
----------------------

----------------------
TP41695 allocated to 1
----------------------

----------------------
TP41794 allocated to 8
----------------------

----------------------
TP42071 allocated to 8
----------------------

----------------------
TP42214 allocated to 8
----------------------

----------------------
TP42388 allocated to 8
----------------------

----------------------
TP42553 allocated to 8
----------------------

----------------------
TP42586 allocated to 8
----------------------

----------------------
TP42716 allocated to 8
----------------------

----------------------
TP42800 allocated to 8
----------------------

----------------------
TP42887 allocated to 8
----------------------

----------------------
TP43192 allocated to 1
----------------------

----------------------
TP43951 allocated to 8
----------------------

----------------------
TP45925 allocated to 1
----------------------

----------------------
TP46140 allocated to 8
----------------------

----------------------
TP46586 allocated to 8
----------------------

----------------------
TP46670 allocated to 8
----------------------

----------------------
TP46847 allocated to 8
----------------------

----------------------
TP47254 allocated to 1
----------------------

----------------------
TP47341 allocated to 8
----------------------

----------------------
TP47883 allocated to 8
----------------------

----------------------
TP47896 allocated to 8
----------------------

----------------------
TP47974 allocated to 8
----------------------

----------------------
TP48024 allocated to 8
----------------------

----------------------
TP48189 allocated to 8
----------------------

----------------------
TP48278 allocated to 9
----------------------

----------------------
TP48735 allocated to 9
----------------------

----------------------
TP48855 allocated to 9
----------------------

----------------------
TP49083 allocated to 9
----------------------

----------------------
TP49243 allocated to 9
----------------------

----------------------
TP49405 allocated to 9
----------------------

----------------------
TP49429 allocated to 8
----------------------

----------------------
TP49650 allocated to 9
----------------------

-------------------------------------------------------------------------

Ride-sharing vs Individual Mode - Num Vehicles and Distance Comparisson 

-------------------------------------------------------------------------
Individual Mode = 193 vehicles.
Ride-sharing Mode = 10 vehicles. The 10 ride-sharing vehicles + 0 vehicles of the individuals not served by the ride-sharing service.
-------------------------------------------------------------------------
Individual Mode = 440 distance.
Ride-sharing Mode = 848 distance. 848 from the EV fleet + 0 from the distance of the trips not covered individuals had to do with their own vehicle.
-------------------------------------------------------------------------
